7.918401278976719 561.7634532374102 -1 0 0
59.48674660271777 560.1263629096723 -1 0 0
108.59945643485207 547.8481854516386 -1 0 0
166.7161630695443 557.6707274180656 -1 0 0
196.18378896882493 551.9409112709833 -1 0 0
195.36524380495604 520.8361950439648 -1 0 0
167.5347082334132 526.5660111910471 -1 0 0
183.90561151079135 503.6467466027178 -1 0 0
142.97835331734606 506.1023820943246 -1 0 0
131.51872102318143 488.09438848920865 -1 0 0
119.24054356514786 502.00965627498 -1 0 0
105.32527577937645 506.92092725819344 -1 0 0
103.68818545163862 528.2031015187849 -1 0 0
57.031111111111045 531.4772821742606 -1 0 0
66.85365307753793 509.3765627498002 -1 0 0
3.007130295763329 503.6467466027178 -1 0 0
51.301294964028706 470.90494004796165 -1 0 0
4.644220623501137 442.25585931254994 -1 0 0
43.93438848920859 450.44131095123896 -1 0 0
54.57547561950435 427.5220463629097 -1 0 0
39.02311750599513 421.7922302158273 -1 0 0
43.93438848920859 398.05442046362907 -1 0 0
13.648217426059094 395.5987849720223 -1 0 0
21.833669064748133 360.40134292565943 -1 0 0
41.47875299760186 385.7762430055955 -1 0 0
41.47875299760186 365.3126139088729 -1 0 0
79.95037569944039 367.7682494004796 -1 0 0
72.58346922462023 398.87296562749805 -1 0 0
88.13582733812946 402.9656914468425 -1 0 0
106.14382094324534 403.7842366107114 -1 0 0
116.78490807354113 418.5180495603517 -1 0 0
129.8816306954436 396.4173301358913 -1 0 0
133.1558113509192 378.40933653077536 -1 0 0
118.42199840127891 375.1351558752997 -1 0 0
147.07107913669063 369.4053397282174 -1 0 0
80.7689208633093 461.90094324540365 -1 0 0
125.7889048760991 460.2638529176659 -1 0 0
150.34525979216625 440.6187689848121 -1 0 0
151.16380495603514 468.4493045563549 -1 0 0
142.15980815347717 538.8441886490807 -1 0 0
116.78490807354113 529.0216466826539 -1 0 0
172.44597921662665 470.0863948840927 -1 0 0
174.0830695443645 442.25585931254994 -1 0 0
169.17179856115104 402.9656914468425 -1 0 0
174.0830695443645 380.8649720223821 -1 0 0
198.63942446043166 357.94570743405274 -1 0 0
206.00633093525178 411.15114308553154 -1 0 0
210.91760191846524 389.86896882494005 -1 0 0
203.55069544364505 440.6187689848121 -1 0 0
235.47395683453237 393.1431494804156 -1 0 0
246.93358912869707 384.1391526778577 -1 0 0
290.316482813749 529.8401918465228 -1 0 0
296.04629896083134 566.6747242206236 -1 0 0
344.34046362909675 542.9369144684252 -1 0 0
317.3284732214229 524.1103756994405 -1 0 0
328.7881055155876 544.5740047961631 -1 0 0
318.14701838529174 475.8162110311751 -1 0 0
306.6873860911271 489.73147881694644 -1 0 0
291.1350279776179 446.3485851318945 -1 0 0
293.59066346922464 461.0823980815348 -1 0 0
345.9775539568345 469.2678497202238 -1 0 0
371.3524540367706 543.7554596322942 -1 0 0
363.98554756195045 524.1103756994405 -1 0 0
401.63862509992015 516.7434692246203 -1 0 0
395.0902637889689 538.0256434852118 -1 0 0
424.5578896882495 549.4852757793765 -1 0 0
440.9287929656275 560.9449080735412 -1 0 0
418.0095283772981 521.6547402078338 -1 0 0
440.1102478017587 515.9249240607514 -1 0 0
440.1102478017587 502.00965627498 -1 0 0
418.0095283772981 479.9089368505196 -1 0 0
414.73534772182256 466.8122142286171 -1 0 0
469.57787370103915 550.3038209432455 -1 0 0
484.3116866506795 528.2031015187849 -1 0 0
516.2349480415669 548.6667306155076 -1 0 0
477.7633253397283 511.8321982414069 -1 0 0
474.4891446842526 498.73547561950437 -1 0 0
521.1462190247802 509.3765627498002 -1 0 0
529.3316706634694 538.0256434852118 -1 0 0
553.8880255795365 542.1183693045564 -1 0 0
592.359648281375 546.2110951239009 -1 0 0
578.4443804956036 539.6627338129497 -1 0 0
612.0047322142287 559.3078177458034 -1 0 0
645.5650839328538 551.1223661071143 -1 0 0
657.8432613908873 574.0416306954437 -1 0 0
686.4923421262991 564.2190887290168 -1 0 0
711.0486970423663 590.4125339728217 -1 0 0
770.8024940047962 552.7594564348522 -1 0 0
821.5522941646684 558.4892725819345 -1 0 0
876.394820143885 570.767450039968 -1 0 0
880.4875459632295 545.392549960032 -1 0 0
875.5762749800161 506.92092725819344 -1 0 0
854.2941007194246 515.9249240607514 -1 0 0
878.8504556354918 486.4572981614708 -1 0 0
854.2941007194246 482.3645723421263 -1 0 0
828.1006554756195 500.3725659472422 -1 0 0
809.2741167066348 486.4572981614708 -1 0 0
805.9999360511591 464.3565787370104 -1 0 0
752.7945003996804 470.0863948840927 -1 0 0
773.2581294964031 440.6187689848121 -1 0 0
775.7137649880098 498.73547561950437 -1 0 0
792.9032134292567 511.8321982414069 -1 0 0
783.08067146283 529.8401918465228 -1 0 0
723.3268745003998 545.392549960032 -1 0 0
702.8632454036771 521.6547402078338 -1 0 0
727.4196003197443 509.3765627498002 -1 0 0
752.7945003996804 501.1911111111111 -1 0 0
703.681790567546 491.3685691446843 -1 0 0
694.6777937649881 504.46529176658674 -1 0 0
685.6737969624302 484.00166266986406 -1 0 0
654.5690807354118 483.1831175059952 -1 0 0
630.0127258193446 525.7474660271782 -1 0 0
660.2988968824941 548.6667306155076 -1 0 0
573.5331095123902 513.4692885691447 -1 0 0
553.8880255795365 496.27984012789767 -1 0 0
583.3556514788171 507.73947242206236 -1 0 0
623.4643645083934 499.5540207833733 -1 0 0
607.9120063948842 465.9936690647482 -1 0 0
643.1094484412471 459.44530775379695 -1 0 0
669.302893685052 462.71948840927257 -1 0 0
689.7665227817747 460.2638529176659 -1 0 0
713.504332533973 466.8122142286171 -1 0 0
510.50513189448446 463.5380335731415 -1 0 0
493.31568345323745 441.437314148681 -1 0 0
512.9607673860912 422.61077537969624 -1 0 0
529.3316706634694 459.44530775379695 -1 0 0
552.2509352517986 472.5420303756995 -1 0 0
555.5251159072742 431.61477218225417 -1 0 0
591.541103117506 453.7154916067146 -1 0 0
576.8072901678659 430.7962270183853 -1 0 0
612.8232773780977 442.25585931254994 -1 0 0
617.734548361311 423.4293205435651 -1 0 0
635.7425419664269 432.43331734612303 -1 0 0
660.2988968824941 425.06641087130293 -1 0 0
689.7665227817747 421.7922302158273 -1 0 0
694.6777937649881 440.6187689848121 -1 0 0
447.47715427657874 435.70749800159865 -1 0 0
438.47315747402075 397.23587529976015 -1 0 0
449.11424460431664 389.86896882494005 -1 0 0
452.3884252597922 369.4053397282174 -1 0 0
505.593860911271 371.0424300559552 -1 0 0
542.4283932853717 397.23587529976015 -1 0 0
560.4363868904877 407.8769624300559 -1 0 0
574.3516546762592 395.5987849720223 -1 0 0
576.8072901678659 378.40933653077536 -1 0 0
554.7065707434053 381.6835171862509 -1 0 0
574.3516546762592 357.12716227018376 -1 0 0
598.0894644284573 384.9576978417266 -1 0 0
613.6418225419665 389.05042366107114 -1 0 0
638.1981774580337 375.95370103916866 -1 0 0
647.2021742605916 405.42132693844917 -1 0 0
622.6458193445244 405.42132693844917 -1 0 0
589.9040127897683 412.7882334132694 -1 0 0
688.9479776179058 404.6027817745803 -1 0 0
706.1374260591527 388.2318784972022 -1 0 0
720.0526938449242 386.5947881694644 -1 0 0
709.4116067146283 353.85298161470826 -1 0 0
670.9399840127899 356.30861710631495 -1 0 0
692.2221582733814 378.40933653077536 -1 0 0
644.7465387689849 346.48607513988804 -1 0 0
610.3676418864909 347.304620303757 -1 0 0
599.7265547561951 367.7682494004796 -1 0 0
589.0854676258994 338.300623501199 -1 0 0
565.3476578737011 338.300623501199 -1 0 0
530.1502158273381 329.2966266986411 -1 0 0
523.6018545163869 357.94570743405274 -1 0 0
535.8800319744205 358.7642525979216 -1 0 0
526.8760351718626 373.4980655475619 -1 0 0
457.29969624300566 347.304620303757 -1 0 0
488.404412470024 344.84898481215026 -1 0 0
495.7713189448442 318.65553956834526 -1 0 0
464.6666027178258 325.2039008792965 -1 0 0
457.29969624300566 313.7442685851319 -1 0 0
441.7473381294965 311.28863309352516 -1 0 0
427.0135251798561 324.38535571542764 -1 0 0
419.646618705036 352.21589128697036 -1 0 0
418.8280735411671 339.9377138289368 -1 0 0
390.17899280575546 325.2039008792965 -1 0 0
410.6426219024781 325.2039008792965 -1 0 0
409.8240767386091 309.6515427657873 -1 0 0
432.7433413269385 296.5548201438848 -1 0 0
399.1829896083134 371.8609752198241 -1 0 0
409.8240767386091 403.7842366107114 -1 0 0
438.47315747402075 428.34059152677855 -1 0 0
343.5219184652278 402.14714628297355 -1 0 0
354.9815507593925 383.32060751398876 -1 0 0
307.505931254996 363.675523581135 -1 0 0
326.3324700239808 330.1151718625099 -1 0 0
328.7881055155876 428.34059152677855 -1 0 0
337.7921023181455 408.69550759392484 -1 0 0
350.888824940048 418.5180495603517 -1 0 0
384.449176658673 425.88495603517185 -1 0 0
297.6833892885691 402.9656914468425 -1 0 0
296.86484412470026 382.5020623501199 -1 0 0
366.44118305355715 331.75226219024773 -1 0 0
359.07427657873706 348.1231654676258 -1 0 0
378.71936051159076 349.76025579536366 -1 0 0
333.699376498801 413.60677857713824 -1 0 0
271.48994404476423 437.3445883293365 -1 0 0
270.67139888089525 465.17512390087927 -1 0 0
289.4979376498801 339.1191686650679 -1 0 0
293.59066346922464 321.11117505995196 -1 0 0
287.86084732214226 300.6475459632294 -1 0 0
314.8728377298162 290.82500399680254 -1 0 0
320.6026538768985 307.19590727418057 -1 0 0
318.14701838529174 357.94570743405274 -1 0 0
213.37323741007197 335.8449880095923 -1 0 0
225.65141486810552 344.84898481215026 -1 0 0
247.75213429256596 348.1231654676258 -1 0 0
253.4819504396483 335.02644284572335 -1 0 0
264.941582733813 337.4820783373301 -1 0 0
255.11904076738605 295.736274980016 -1 0 0
237.11104716227015 322.74826538768986 -1 0 0
257.5746762589928 319.4740847322142 -1 0 0
257.5746762589928 371.0424300559552 -1 0 0
167.5347082334132 345.6675299760192 -1 0 0
124.15181454836126 352.21589128697036 -1 0 0
137.24853717026372 339.9377138289368 -1 0 0
167.5347082334132 366.94970423661067 -1 0 0
178.9943405275779 393.9616946442846 -1 0 0
189.6354276578737 387.41333333333336 -1 0 0
13.648217426059094 303.1031814548361 -1 0 0
14.466762589927983 323.56681055155866 -1 0 0
24.28930455635486 280.1839168665067 -1 0 0
3.007130295763329 265.4501039168664 -1 0 0
34.111846522781704 267.08719424460423 -1 0 0
53.756930455635434 289.1879136690647 -1 0 0
50.482749800159816 271.1799200639488 -1 0 0
62.76092725819339 273.63555555555547 -1 0 0
77.49474020783369 290.82500399680254 -1 0 0
75.03910471622696 323.56681055155866 -1 0 0
45.571478816946396 325.2039008792965 -1 0 0
58.668201438848854 322.74826538768986 -1 0 0
54.57547561950435 354.6715267785771 -1 0 0
111.0550919264588 318.65553956834526 -1 0 0
94.68418864908065 317.8369944044764 -1 0 0
115.96636290967218 328.4780815347721 -1 0 0
104.50673061550756 344.84898481215026 -1 0 0
121.69617905675453 308.0144524380495 -1 0 0
114.32927258193442 294.09918465227815 -1 0 0
140.5227178257394 310.4700879296562 -1 0 0
139.70417266187044 283.4580975219823 -1 0 0
124.97035971223015 271.1799200639488 -1 0 0
197.00233413269382 330.1151718625099 -1 0 0
189.6354276578737 302.2846362909672 -1 0 0
178.9943405275779 290.82500399680254 -1 0 0
169.99034372501993 294.09918465227815 -1 0 0
167.5347082334132 279.36537170263784 -1 0 0
207.64342126298962 281.82100719424454 -1 0 0
206.00633093525178 309.6515427657873 -1 0 0
282.13103117505995 282.63955235811346 -1 0 0
261.6674020783373 278.54682653876887 -1 0 0
877.213365307754 451.25985611510794 -1 0 0
882.9431814548362 470.0863948840927 -1 0 0
850.2013749000802 441.437314148681 -1 0 0
812.5482973621104 420.97368505195846 -1 0 0
794.5403037569945 447.98567545963226 -1 0 0
760.9799520383693 434.8889528377298 -1 0 0
748.7017745803358 423.4293205435651 -1 0 0
785.5363069544366 399.6915107913669 -1 0 0
761.7984972022383 388.2318784972022 -1 0 0
755.2501358912871 371.8609752198241 -1 0 0
788.8104876099122 375.1351558752997 -1 0 0
773.2581294964031 357.94570743405274 -1 0 0
730.69378097522 360.40134292565943 -1 0 0
739.6977777777779 335.02644284572335 -1 0 0
760.9799520383693 336.6635331734612 -1 0 0
773.2581294964031 325.2039008792965 -1 0 0
841.1973780975221 399.6915107913669 -1 0 0
823.1893844924062 367.7682494004796 -1 0 0
842.83446842526 379.2278816946443 -1 0 0
869.0279136690649 380.04642685851314 -1 0 0
883.7617266187052 400.51005595523577 -1 0 0
878.0319104716228 323.56681055155866 -1 0 0
882.9431814548362 339.1191686650679 -1 0 0
861.6610071942448 326.84099120703434 -1 0 0
844.4715587529977 350.5788009592325 -1 0 0
865.7537330135893 357.12716227018376 -1 0 0
830.5562909672263 314.5628137490007 -1 0 0
850.2013749000802 318.65553956834526 -1 0 0
868.209368505196 308.0144524380495 -1 0 0
854.2941007194246 303.1031814548361 -1 0 0
831.3748361310953 288.3693685051958 -1 0 0
838.7417426059154 267.90573940847315 -1 0 0
860.023916866507 270.36137490007985 -1 0 0
885.398816946443 274.4541007194244 -1 0 0
874.7577298161473 254.80901678657068 -1 0 0
836.2861071143087 242.53083932853713 -1 0 0
805.9999360511591 248.26065547561944 -1 0 0
799.4515747402079 268.7242845723421 -1 0 0
826.4635651478818 276.0911910471622 -1 0 0
806.8184812150281 292.4620943245403 -1 0 0
787.9919424460433 303.1031814548361 -1 0 0
810.0926618705038 343.2118944844124 -1 0 0
762.6170423661073 281.0024620303756 -1 0 0
783.08067146283 281.0024620303756 -1 0 0
750.3388649080737 285.9137330135891 -1 0 0
757.7057713828938 260.53883293365305 -1 0 0
724.9639648281377 277.72828137490006 -1 0 0
724.9639648281377 299.01045563549155 -1 0 0
704.500335731415 318.65553956834526 -1 0 0
729.0566906474821 326.0224460431654 -1 0 0
755.2501358912871 310.4700879296562 -1 0 0
684.0367066346923 318.65553956834526 -1 0 0
657.8432613908873 312.10717825739397 -1 0 0
638.1981774580337 303.1031814548361 -1 0 0
616.9160031974421 308.0144524380495 -1 0 0
599.7265547561951 313.7442685851319 -1 0 0
621.0087290167867 330.9337170263789 -1 0 0
683.2181614708235 340.7562589928057 -1 0 0
589.9040127897683 285.9137330135891 -1 0 0
609.549096722622 285.09518784972016 -1 0 0
628.3756354916069 283.4580975219823 -1 0 0
616.0974580335732 265.4501039168664 -1 0 0
621.8272741806556 256.44610711430846 -1 0 0
866.5722781774582 231.88975219824133 -1 0 0
834.649016786571 226.97848121502793 -1 0 0
847.7457394084734 219.61157474020774 -1 0 0
867.3908233413271 203.24067146282965 -1 0 0
887.0359072741808 211.42612310151867 -1 0 0
859.2053717026381 199.14794564348517 -1 0 0
887.8544524380497 191.781039168665 -1 0 0
885.398816946443 172.95450039968017 -1 0 0
873.9391846522783 169.68031974420455 -1 0 0
886.2173621103119 133.66433253397273 -1 0 0
885.398816946443 159.03923261390875 -1 0 0
878.8504556354918 147.57960031974415 -1 0 0
862.4795523581137 133.66433253397273 -1 0 0
824.0079296562751 127.93451638689038 -1 0 0
839.5602877697843 118.93051958433243 -1 0 0
845.2901039168667 134.48287769784162 -1 0 0
843.6530135891289 154.12796163069538 -1 0 0
853.4755555555557 153.3094164668264 -1 0 0
838.7417426059154 166.40613908872893 -1 0 0
856.7497362110314 182.77704236610703 -1 0 0
864.1166426858514 179.5028617106314 -1 0 0
830.5562909672263 204.87776179056743 -1 0 0
828.1006554756195 191.781039168665 -1 0 0
826.4635651478818 174.591590727418 -1 0 0
816.641023181455 175.4101358912869 -1 0 0
821.5522941646684 159.03923261390875 -1 0 0
805.1813908872904 135.3014228617105 -1 0 0
796.1773940847323 119.7490647482013 -1 0 0
806.8184812150281 111.5636131095123 -1 0 0
779.8064908073543 119.7490647482013 -1 0 0
774.8952198241408 109.10797761790558 -1 0 0
789.6290327737812 148.39814548361304 -1 0 0
772.4395843325341 145.12396482813742 -1 0 0
792.9032134292567 173.77304556354906 -1 0 0
773.2581294964031 166.40613908872893 -1 0 0
788.8104876099122 192.59958433253394 -1 0 0
783.08067146283 177.86577138289357 -1 0 0
805.1813908872904 203.24067146282965 -1 0 0
789.6290327737812 208.1519424460431 -1 0 0
803.5443005595524 216.33739408473213 -1 0 0
784.7177617905677 239.2566586730615 -1 0 0
774.8952198241408 237.61956834532367 -1 0 0
774.8952198241408 208.1519424460431 -1 0 0
765.072677857714 207.33339728217416 -1 0 0
750.3388649080737 195.0552198241406 -1 0 0
760.1614068745006 175.4101358912869 -1 0 0
743.7905035971224 136.93851318944834 -1 0 0
761.7984972022383 123.84179056754589 -1 0 0
765.072677857714 143.48687450039958 -1 0 0
730.69378097522 128.75306155075927 -1 0 0
720.0526938449242 114.01924860111903 -1 0 0
734.7865067945645 110.74506794564336 -1 0 0
747.0646842525981 116.4748840927257 -1 0 0
720.871239008793 135.3014228617105 -1 0 0
699.5890647482016 112.3821582733812 -1 0 0
698.7705195843326 134.48287769784162 -1 0 0
714.3228776978418 154.12796163069538 -1 0 0
722.5083293365309 159.03923261390875 -1 0 0
724.1454196642687 186.86976818545153 -1 0 0
707.7745163868906 177.04722621902468 -1 0 0
717.5970583533175 177.04722621902468 -1 0 0
749.5203197442048 154.12796163069538 -1 0 0
769.1654036770585 156.5835971223021 -1 0 0
710.2301518784973 201.60358113509182 -1 0 0
731.5123261390889 199.14794564348517 -1 0 0
740.5163229416469 208.970487609912 -1 0 0
747.8832294164669 232.70829736211027 -1 0 0
732.3308713029577 259.72028776978414 -1 0 0
749.5203197442048 260.53883293365305 -1 0 0
704.500335731415 251.53483613109506 -1 0 0
693.8592486011191 263.8130135891287 -1 0 0
686.4923421262991 285.9137330135891 -1 0 0
706.9559712230217 274.4541007194244 -1 0 0
673.3956195043967 279.36537170263784 -1 0 0
658.6618065547563 240.89374900079926 -1 0 0
680.7625259792167 248.26065547561944 -1 0 0
672.5770743405277 220.43011990407663 -1 0 0
657.0247162270185 210.60757793764978 -1 0 0
652.931990407674 199.14794564348517 -1 0 0
677.4883453237411 186.86976818545153 -1 0 0
667.6658033573142 181.95849720223814 -1 0 0
658.6618065547563 173.77304556354906 -1 0 0
666.0287130295765 160.6763229416466 -1 0 0
676.6698001598722 150.03523581135082 -1 0 0
685.6737969624302 146.7610551558752 -1 0 0
684.0367066346923 158.22068745003986 -1 0 0
687.3108872901679 176.2286810551558 -1 0 0
667.6658033573142 131.208697042366 -1 0 0
645.5650839328538 113.20070343725008 -1 0 0
660.2988968824941 116.4748840927257 -1 0 0
670.121438848921 116.4748840927257 -1 0 0
648.8392645883293 144.30541966426847 -1 0 0
634.1054516386891 136.93851318944834 -1 0 0
625.9200000000001 117.29342925659465 -1 0 0
613.6418225419665 117.29342925659465 -1 0 0
603.8192805755397 129.57160671462822 -1 0 0
603.0007354116708 150.03523581135082 -1 0 0
600.545099920064 140.21269384492396 -1 0 0
614.4603677058354 168.86177458033566 -1 0 0
610.3676418864909 160.6763229416466 -1 0 0
613.6418225419665 180.3214068745003 -1 0 0
637.3796322941648 159.03923261390875 -1 0 0
647.2021742605916 190.9624940047961 -1 0 0
632.4683613109513 190.9624940047961 -1 0 0
630.0127258193446 179.5028617106314 -1 0 0
623.4643645083934 194.23667466027172 -1 0 0
628.3756354916069 202.4221262989608 -1 0 0
624.2829096722622 213.0632134292565 -1 0 0
604.6378257394085 230.25266187050354 -1 0 0
557.162206235012 285.09518784972016 -1 0 0
570.2589288569146 112.3821582733812 -1 0 0
586.6298321342927 127.11597122302149 -1 0 0
592.359648281375 118.93051958433243 -1 0 0
586.6298321342927 137.75705835331723 -1 0 0
593.9967386091128 164.7690487609911 -1 0 0
598.9080095923263 186.05122302158264 -1 0 0
598.0894644284573 223.7043005595523 -1 0 0
599.7265547561951 245.80501998401272 -1 0 0
585.8112869704238 245.80501998401272 -1 0 0
584.1741966426858 268.7242845723421 -1 0 0
621.8272741806556 265.4501039168664 -1 0 0
578.4443804956036 317.8369944044764 -1 0 0
576.8072901678659 333.38935251798557 -1 0 0
531.7873061550761 312.92572342126294 -1 0 0
514.597857713829 285.9137330135891 -1 0 0
501.50113509192647 295.736274980016 -1 0 0
485.9487769784173 292.4620943245403 -1 0 0
548.1582094324541 258.0831974420463 -1 0 0
524.4203996802559 239.2566586730615 -1 0 0
516.2349480415669 258.9017426059152 -1 0 0
515.4164028776979 243.349384492406 -1 0 0
516.2349480415669 231.07120703437243 -1 0 0
516.2349480415669 215.51884892086323 -1 0 0
535.0614868105516 204.05921662669854 -1 0 0
556.3436610711432 202.4221262989608 -1 0 0
578.4443804956036 206.51485211830527 -1 0 0
615.2789128697043 204.87776179056743 -1 0 0
565.3476578737011 230.25266187050354 -1 0 0
551.4323900879298 231.07120703437243 -1 0 0
536.6985771382895 231.88975219824133 -1 0 0
497.408409272582 202.4221262989608 -1 0 0
506.4124060751399 183.59558752997597 -1 0 0
514.597857713829 168.86177458033566 -1 0 0
529.3316706634694 173.77304556354906 -1 0 0
537.5171223021583 182.77704236610703 -1 0 0
548.976754596323 195.0552198241406 -1 0 0
559.6178417266187 190.1439488409272 -1 0 0
571.0774740207834 186.86976818545153 -1 0 0
562.0734772182254 171.31741007194233 -1 0 0
588.2669224620305 187.68831334932048 -1 0 0
552.2509352517986 146.7610551558752 -1 0 0
571.8960191846523 149.21669064748193 -1 0 0
548.976754596323 120.56760991207027 -1 0 0
526.8760351718626 130.3901518784971 -1 0 0
530.1502158273381 109.10797761790558 -1 0 0
513.7793125499601 143.48687450039958 -1 0 0
506.4124060751399 132.84578737010384 -1 0 0
496.589864108713 149.21669064748193 -1 0 0
500.68258992805767 163.9505035971222 -1 0 0
481.8560511590728 146.7610551558752 -1 0 0
490.86004796163076 156.5835971223021 -1 0 0
483.49314148681054 159.85777777777773 -1 0 0
483.49314148681054 186.86976818545153 -1 0 0
484.3116866506795 204.87776179056743 -1 0 0
472.0335091926459 202.4221262989608 -1 0 0
484.3116866506795 229.4341167066346 -1 0 0
465.4851478816947 226.97848121502793 -1 0 0
474.4891446842526 240.0752038369304 -1 0 0
471.21496402877705 270.36137490007985 -1 0 0
456.4811510791367 258.9017426059152 -1 0 0
456.4811510791367 277.72828137490006 -1 0 0
495.7713189448442 262.1759232613909 -1 0 0
508.0494964028777 269.54282973621093 -1 0 0
463.0295123900879 109.92652278177447 -1 0 0
474.4891446842526 136.93851318944834 -1 0 0
450.7513349320544 116.4748840927257 -1 0 0
461.39242206235014 140.21269384492396 -1 0 0
444.2029736211032 136.11996802557945 -1 0 0
431.9247961630696 126.29742605915261 -1 0 0
421.2837090327738 113.20070343725008 -1 0 0
419.646618705036 132.0272422062349 -1 0 0
420.4651638689049 154.12796163069538 -1 0 0
430.2877058353318 153.3094164668264 -1 0 0
413.91680255795364 141.8497841726618 -1 0 0
449.11424460431664 145.9425099920063 -1 0 0
463.0295123900879 153.3094164668264 -1 0 0
457.29969624300566 163.13195843325332 -1 0 0
457.29969624300566 178.68431654676252 -1 0 0
443.3844284572342 177.86577138289357 -1 0 0
447.47715427657874 178.68431654676252 -1 0 0
438.47315747402075 173.77304556354906 -1 0 0
445.021518784972 194.23667466027172 -1 0 0
452.3884252597922 218.79302957633885 -1 0 0
455.6626059152679 205.69630695443638 -1 0 0
425.37643485211834 176.2286810551558 -1 0 0
415.55389288569154 174.591590727418 -1 0 0
404.91280575539565 172.13595523581128 -1 0 0
404.09426059152685 190.9624940047961 -1 0 0
416.37243804956034 191.781039168665 -1 0 0
422.1022541966428 217.15593924860107 -1 0 0
427.83207034372504 199.96649080735406 -1 0 0
436.836067146283 232.70829736211027 -1 0 0
448.29569944044766 236.80102318145478 -1 0 0
428.650615507594 253.99047162270173 -1 0 0
408.1869864108713 230.25266187050354 -1 0 0
406.5498960831336 254.80901678657068 -1 0 0
424.5578896882495 273.63555555555547 -1 0 0
404.09426059152685 272.8170103916866 -1 0 0
386.0862669864109 303.921726618705 -1 0 0
404.09426059152685 291.6435491606714 -1 0 0
381.99354116706644 284.2766426858513 -1 0 0
368.07827338129493 277.72828137490006 -1 0 0
384.449176658673 235.163932853717 -1 0 0
360.71136690647484 235.163932853717 -1 0 0
364.8040927258193 242.53083932853713 -1 0 0
377.90081534772185 219.61157474020774 -1 0 0
394.27171862509994 206.51485211830527 -1 0 0
381.99354116706644 208.1519424460431 -1 0 0
400.8200799360512 220.43011990407663 -1 0 0
400.8200799360512 204.05921662669854 -1 0 0
388.5419024780177 177.04722621902468 -1 0 0
367.2597282174261 181.95849720223814 -1 0 0
377.0822701838529 162.31341326938437 -1 0 0
383.6306314948042 151.67232613908865 -1 0 0
403.2757154276579 134.48287769784162 -1 0 0
346.79609912070345 136.11996802557945 -1 0 0
331.2437410071942 117.29342925659465 -1 0 0
359.892821742606 171.31741007194233 -1 0 0
337.7921023181455 177.86577138289357 -1 0 0
327.15101518784974 193.41812949640283 -1 0 0
348.4331894484413 195.0552198241406 -1 0 0
368.07827338129493 203.24067146282965 -1 0 0
352.52591526778576 219.61157474020774 -1 0 0
339.4291926458833 222.06721023181447 -1 0 0
343.5219184652278 235.163932853717 -1 0 0
329.60665067945644 236.80102318145478 -1 0 0
324.695379696243 218.79302957633885 -1 0 0
309.1430215827338 230.25266187050354 -1 0 0
314.05429256594726 253.99047162270173 -1 0 0
296.04629896083134 250.71629096722617 -1 0 0
347.61464428457236 253.99047162270173 -1 0 0
344.34046362909675 295.736274980016 -1 0 0
355.8000959232614 301.46609112709825 -1 0 0
307.505931254996 117.29342925659465 -1 0 0
272.3084892086331 117.29342925659465 -1 0 0
245.29649880095923 121.38615507593916 -1 0 0
249.3892246203037 141.03123900879285 -1 0 0
268.2157633892886 136.11996802557945 -1 0 0
278.8568505195843 141.8497841726618 -1 0 0
310.78011191047165 136.93851318944834 -1 0 0
307.505931254996 157.402142286171 -1 0 0
320.6026538768985 162.31341326938437 -1 0 0
336.9735571542766 144.30541966426847 -1 0 0
287.0423021582734 163.9505035971222 -1 0 0
274.76412470023985 161.49486810551548 -1 0 0
263.30449240607516 177.86577138289357 -1 0 0
300.1390247801759 187.68831334932048 -1 0 0
295.2277537969625 177.04722621902468 -1 0 0
295.2277537969625 195.87376498800947 -1 0 0
314.8728377298162 195.87376498800947 -1 0 0
292.7721183053557 219.61157474020774 -1 0 0
279.6753956834532 212.24466826538762 -1 0 0
264.123037569944 212.24466826538762 -1 0 0
250.20776978417268 203.24067146282965 -1 0 0
244.47795363709034 177.86577138289357 -1 0 0
245.29649880095923 150.85378097521976 -1 0 0
232.19977617905676 144.30541966426847 -1 0 0
215.8288729016786 132.84578737010384 -1 0 0
206.00633093525178 131.208697042366 -1 0 0
242.8408633093525 108.28943245403669 -1 0 0
234.65541167066348 160.6763229416466 -1 0 0
224.01432454036768 166.40613908872893 -1 0 0
224.83286970423657 186.05122302158264 -1 0 0
233.01832134292565 195.87376498800947 -1 0 0
233.01832134292565 222.88575539568336 -1 0 0
236.29250199840126 210.60757793764978 -1 0 0
220.74014388489206 216.33739408473213 -1 0 0
210.09905675459626 217.15593924860107 -1 0 0
261.6674020783373 247.4421103117505 -1 0 0
242.0223181454836 246.6235651478816 -1 0 0
233.83686650679454 273.63555555555547 -1 0 0
215.8288729016786 267.08719424460423 -1 0 0
184.72415667466024 253.17192645883284 -1 0 0
159.3492565947242 304.7402717825739 -1 0 0
148.7081694644284 262.9944684252597 -1 0 0
157.71216626698637 249.07920063948833 -1 0 0
149.52671462829736 238.43811350919253 -1 0 0
164.26052757793758 225.3413908872901 -1 0 0
181.44997601918462 208.1519424460431 -1 0 0
195.36524380495604 188.50685851318937 -1 0 0
212.554692246203 177.04722621902468 -1 0 0
210.09905675459626 159.03923261390875 -1 0 0
198.63942446043166 151.67232613908865 -1 0 0
189.6354276578737 145.9425099920063 -1 0 0
186.36124700239807 134.48287769784162 -1 0 0
177.3572501998401 147.57960031974415 -1 0 0
153.61944044764186 146.7610551558752 -1 0 0
167.5347082334132 131.208697042366 -1 0 0
151.16380495603514 125.47888089528365 -1 0 0
235.47395683453237 124.66033573141476 -1 0 0
130.70017585931248 128.75306155075927 -1 0 0
135.61144684252594 117.29342925659465 -1 0 0
133.9743565147881 145.12396482813742 -1 0 0
134.79290167865705 163.9505035971222 -1 0 0
127.42599520383688 177.86577138289357 -1 0 0
128.24454036770584 169.68031974420455 -1 0 0
119.24054356514786 168.86177458033566 -1 0 0
156.0750759392486 171.31741007194233 -1 0 0
166.7161630695443 163.13195843325332 -1 0 0
163.44198241406872 175.4101358912869 -1 0 0
156.0750759392486 204.87776179056743 -1 0 0
170.8088888888889 204.87776179056743 -1 0 0
151.98235011990403 215.51884892086323 -1 0 0
138.88562749800155 206.51485211830527 -1 0 0
178.175795363709 172.95450039968017 -1 0 0
130.70017585931248 217.15593924860107 -1 0 0
127.42599520383688 249.07920063948833 -1 0 0
107.78091127098318 242.53083932853713 -1 0 0
88.13582733812946 237.61956834532367 -1 0 0
108.59945643485207 259.72028776978414 -1 0 0
69.30928856914463 252.35338129496395 -1 0 0
80.7689208633093 252.35338129496395 -1 0 0
97.13982414068738 281.0024620303756 -1 0 0
115.96636290967218 213.0632134292565 -1 0 0
110.23654676258991 199.14794564348517 -1 0 0
108.59945643485207 177.04722621902468 -1 0 0
106.96236610711429 160.6763229416466 -1 0 0
115.96636290967218 146.7610551558752 -1 0 0
102.86964028776973 133.66433253397273 -1 0 0
98.77691446842522 112.3821582733812 -1 0 0
90.59146282973616 121.38615507593916 -1 0 0
78.31328537170258 112.3821582733812 -1 0 0
75.85764988009588 129.57160671462822 -1 0 0
77.49474020783369 119.7490647482013 -1 0 0
68.49074340527574 162.31341326938437 -1 0 0
59.48674660271777 154.12796163069538 -1 0 0
60.30529176658666 139.39414868105507 -1 0 0
50.482749800159816 123.84179056754589 -1 0 0
30.01912070343717 128.75306155075927 -1 0 0
16.92239808153471 136.93851318944834 -1 0 0
7.918401278976752 149.21669064748193 -1 0 0
2.188585131894409 126.29742605915261 -1 0 0
2.188585131894409 113.20070343725008 -1 0 0
14.466762589927983 114.83779376498792 -1 0 0
34.111846522781704 143.48687450039958 -1 0 0
33.29330135891282 165.58759392486004 -1 0 0
21.015123900879214 163.9505035971222 -1 0 0
11.192581934452367 173.77304556354906 -1 0 0
25.92639488409267 177.04722621902468 -1 0 0
11.192581934452367 188.50685851318937 -1 0 0
2.188585131894409 192.59958433253394 -1 0 0
3.8256754596322167 212.24466826538762 -1 0 0
24.28930455635486 214.70030375699434 -1 0 0
42.29729816147074 204.87776179056743 -1 0 0
49.6642046362909 181.95849720223814 -1 0 0
61.12383693045558 178.68431654676252 -1 0 0
50.482749800159816 157.402142286171 -1 0 0
76.67619504396477 176.2286810551558 -1 0 0
57.031111111111045 195.87376498800947 -1 0 0
49.6642046362909 225.3413908872901 -1 0 0
26.744940047961556 238.43811350919253 -1 0 0
44.75293365307747 252.35338129496395 -1 0 0
67.67219824140682 232.70829736211027 -1 0 0
78.31328537170258 216.33739408473213 -1 0 0
79.95037569944039 202.4221262989608 -1 0 0
84.04310151878492 137.75705835331723 -1 0 0
915.1951692751696 604.6822866022866 -1 0 0
929.5168475968478 579.107861027861 -1 0 0
956.1142501942505 576.0389299589299 -1 0 0
1006.2401243201248 563.7632056832056 -1 0 0
1003.1711932511936 540.2347341547342 -1 0 0
1020.561802641803 552.5104584304584 -1 0 0
1018.515848595849 523.8671017871017 -1 0 0
1014.4239405039408 501.3616072816072 -1 0 0
974.5278366078369 488.06290598290593 -1 0 0
978.6197446997451 503.40756132756127 -1 0 0
954.0682961482963 533.0738949938949 -1 0 0
936.677686757687 517.7292396492396 -1 0 0
913.1492152292154 496.2467221667221 -1 0 0
922.3560084360088 551.4874814074814 -1 0 0
918.2641003441006 527.9590098790098 -1 0 0
907.0113530913534 433.8451237651237 -1 0 0
939.7466178266181 412.3626062826062 -1 0 0
925.4249395049397 401.10985902985897 -1 0 0
954.0682961482963 434.8681007881007 -1 0 0
947.9304340104342 473.7412276612276 -1 0 0
994.9873770673775 465.5574114774114 -1 0 0
1000.1022621822624 437.9370318570318 -1 0 0
975.5508136308139 414.4085603285602 -1 0 0
1005.2171472971474 394.9719968919968 -1 0 0
999.0792851592854 378.6043645243644 -1 0 0
949.9763880563885 372.4665023865023 -1 0 0
965.3210434010437 368.3745942945942 -1 0 0
947.9304340104342 357.12184704184693 -1 0 0
920.3100543900546 348.93803085803074 -1 0 0
927.470893550894 341.7771916971916 -1 0 0
928.4938705738709 323.3636052836052 -1 0 0
939.7466178266181 317.225743145743 -1 0 0
958.1602042402045 328.4784903984903 -1 0 0
962.2521123321127 320.2946742146741 -1 0 0
1019.538825618826 308.0189499389498 -1 0 0
1021.58477966478 332.5703984903984 -1 0 0
1023.6307337107341 363.25970917970903 -1 0 0
1022.6077566877569 273.23773115773105 -1 0 0
988.8495149295154 270.16880008879997 -1 0 0
998.0563081363084 253.80116772116756 -1 0 0
970.4359285159287 258.9160528360527 -1 0 0
965.3210434010437 273.23773115773105 -1 0 0
977.5967676767681 280.3985703185702 -1 0 0
960.2061582861585 296.7662026862025 -1 0 0
955.0912731712735 281.42154734154724 -1 0 0
945.8844799644803 296.7662026862025 -1 0 0
929.5168475968478 294.7202486402485 -1 0 0
908.0343301143304 284.4904784104783 -1 0 0
893.7126517926519 304.9500188700187 -1 0 0
933.608755688756 271.19177711177696 -1 0 0
911.1032611832615 261.9849839049838 -1 0 0
893.7126517926519 259.9390298590297 -1 0 0
902.9194449994452 237.43353535353518 -1 0 0
932.585778665779 237.43353535353518 -1 0 0
923.3789854589858 250.7322366522365 -1 0 0
955.0912731712735 237.43353535353518 -1 0 0
992.9414230214232 243.57139749139736 -1 0 0
1010.3320324120326 211.8591097791096 -1 0 0
1019.538825618826 193.44552336552323 -1 0 0
994.9873770673775 201.62933954933942 -1 0 0
982.711652791653 193.44552336552323 -1 0 0
976.5737906537909 182.19277611277596 -1 0 0
973.5048595848599 205.72124764124746 -1 0 0
989.8724919524923 209.81315573315555 -1 0 0
980.665698745699 316.202766122766 -1 0 0
986.8035608835612 295.74322566322553 -1 0 0
949.9763880563885 220.04292596292578 -1 0 0
939.7466178266181 221.06590298590282 -1 0 0
903.9424220224222 220.04292596292578 -1 0 0
905.9883760683764 193.44552336552323 -1 0 0
932.585778665779 192.42254634254618 -1 0 0
942.8155488955491 189.35361527361505 -1 0 0
957.1372272172275 193.44552336552323 -1 0 0
960.2061582861585 181.16979908979891 -1 0 0
1010.3320324120326 181.16979908979891 -1 0 0
989.8724919524923 177.07789099789082 -1 0 0
1001.1252392052396 161.73323565323545 -1 0 0
1009.3090553890556 128.99797091797072 -1 0 0
1023.6307337107341 133.0898790098788 -1 0 0
1022.6077566877569 116.72224664224647 -1 0 0
1014.4239405039408 114.6762925962924 -1 0 0
996.0103540903544 121.83713175713156 -1 0 0
989.8724919524923 108.53843045843028 -1 0 0
1005.2171472971474 104.44652236652217 -1 0 0
984.7576068376072 96.26270618270597 -1 0 0
992.9414230214232 89.10186702186681 -1 0 0
1018.515848595849 80.91805083805062 -1 0 0
1022.6077566877569 61.48148740148715 -1 0 0
1008.2860783660786 71.71125763125744 -1 0 0
989.8724919524923 67.61934953934927 -1 0 0
967.3669974469979 93.19377511377492 -1 0 0
967.3669974469979 80.91805083805062 -1 0 0
966.3440204240209 60.45851037851018 -1 0 0
996.0103540903544 50.22874014873989 -1 0 0
1009.3090553890556 41.02194694194671 -1 0 0
991.9184459984463 33.86110778110761 -1 0 0
998.0563081363084 27.723245643245367 -1 0 0
1007.2631013431018 16.470498390498104 -1 0 0
996.0103540903544 21.58538350538325 -1 0 0
997.0333311133314 10.332636252635986 -1 0 0
1009.3090553890556 9.30965922965901 -1 0 0
1019.538825618826 10.332636252635986 -1 0 0
985.7805838605842 23.63133755133733 -1 0 0
981.688675768676 13.401567321567047 -1 0 0
972.4818825618829 22.608360528360354 -1 0 0
960.2061582861585 21.58538350538325 -1 0 0
957.1372272172275 13.401567321567047 -1 0 0
969.4129514929517 9.30965922965901 -1 0 0
979.6427217227221 41.02194694194671 -1 0 0
950.9993650793654 45.11385503385475 -1 0 0
949.9763880563885 61.48148740148715 -1 0 0
953.0453191253193 80.91805083805062 -1 0 0
939.7466178266181 76.82614274614258 -1 0 0
945.8844799644803 88.07888999888978 -1 0 0
930.5398246198248 92.17079809079787 -1 0 0
915.1951692751696 85.00995892995871 -1 0 0
907.0113530913534 113.65331557331535 -1 0 0
905.9883760683764 100.35461427461408 -1 0 0
905.9883760683764 78.8720967920966 -1 0 0
897.80455988456 64.55041847041821 -1 0 0
920.3100543900546 15.447521367521128 -1 0 0
898.827536907537 10.332636252635986 -1 0 0
909.0573071373072 11.355613275613093 -1 0 0
903.9424220224222 21.58538350538325 -1 0 0
924.4019624819628 27.723245643245367 -1 0 0
936.677686757687 58.41255633255609 -1 0 0
883.4828815628819 11.355613275613093 -1 0 0
866.0922721722725 18.516452436452187 -1 0 0
888.597766677767 37.95301587301565 -1 0 0
895.7586058386061 24.654314574314306 -1 0 0
886.5518126318128 24.654314574314306 -1 0 0
872.2301343101345 41.02194694194671 -1 0 0
867.1152491952495 56.36660228660201 -1 0 0
882.4599045399049 51.251717171717 -1 0 0
857.9084559884561 14.424544344544152 -1 0 0
872.2301343101345 8.286682206682032 -1 0 0
841.5408236208237 30.792176712176428 -1 0 0
854.8395249195252 30.792176712176428 -1 0 0
855.8625019425021 36.93003885003868 -1 0 0
839.4948695748698 47.15980907980883 -1 0 0
846.6557087357089 53.297671217670946 -1 0 0
847.6786857586859 58.41255633255609 -1 0 0
855.8625019425021 62.50446442446426 -1 0 0
851.770593850594 81.94102786102765 -1 0 0
840.5178465978468 94.21675213675196 -1 0 0
836.4259385059386 70.68828060828046 -1 0 0
828.2421223221226 39.998969918969735 -1 0 0
823.1272372072374 22.608360528360354 -1 0 0
823.1272372072374 13.401567321567047 -1 0 0
836.4259385059386 8.286682206682032 -1 0 0
774.0243401043401 32.83813075813051 -1 0 0
784.2541103341105 32.83813075813051 -1 0 0
789.3689954489956 20.56240648240627 -1 0 0
801.6447197247198 13.401567321567047 -1 0 0
768.9094549894553 16.470498390498104 -1 0 0
777.0932711732713 10.332636252635986 -1 0 0
764.8175468975471 20.56240648240627 -1 0 0
760.7256388056389 32.83813075813051 -1 0 0
782.2081562881565 58.41255633255609 -1 0 0
787.3230414030417 98.30866022865999 -1 0 0
787.3230414030417 86.03293595293576 -1 0 0
799.5987656787659 94.21675213675196 -1 0 0
827.2191452991456 92.17079809079787 -1 0 0
889.620743700744 112.63033855033831 -1 0 0
899.8505139305142 134.11285603285586 -1 0 0
927.470893550894 153.54941946941932 -1 0 0
932.585778665779 170.9400288600287 -1 0 0
954.0682961482963 160.7102586302584 -1 0 0
969.4129514929517 164.8021667221666 -1 0 0
972.4818825618829 143.31964923964904 -1 0 0
946.9074569874573 113.65331557331535 -1 0 0
956.1142501942505 113.65331557331535 -1 0 0
880.4139504939507 123.88308580308558 -1 0 0
725.9444200244202 11.355613275613093 -1 0 0
739.2431213231214 9.30965922965901 -1 0 0
752.5418226218229 19.539429459429293 -1 0 0
745.3809834609835 31.815153735153533 -1 0 0
732.0822821622824 22.608360528360354 -1 0 0
720.829534909535 21.58538350538325 -1 0 0
704.4619025419026 14.424544344544152 -1 0 0
691.1632012432015 31.815153735153533 -1 0 0
709.5767876567878 27.723245643245367 -1 0 0
698.3240404040405 41.02194694194671 -1 0 0
713.668695748696 45.11385503385475 -1 0 0
727.9903740703742 49.205763125762914 -1 0 0
748.4499145299147 52.27469419469397 -1 0 0
765.8405239205241 54.320648240648055 -1 0 0
776.0702941502943 83.98698190698167 -1 0 0
752.5418226218229 75.80316572316548 -1 0 0
775.0473171273173 93.19377511377492 -1 0 0
731.0593051393054 88.07888999888978 -1 0 0
716.7376268176268 95.23972915972894 -1 0 0
725.9444200244202 77.84911976911955 -1 0 0
721.852511932512 68.64232656232637 -1 0 0
731.0593051393054 60.45851037851018 -1 0 0
714.6916727716729 63.527441447441234 -1 0 0
703.4389255189257 56.36660228660201 -1 0 0
706.5078565878568 86.03293595293576 -1 0 0
689.1172471972473 80.91805083805062 -1 0 0
678.8874769674771 80.91805083805062 -1 0 0
675.818545898546 93.19377511377492 -1 0 0
703.4389255189257 105.46949938949922 -1 0 0
655.3590054390057 95.23972915972894 -1 0 0
650.2441203241206 77.84911976911955 -1 0 0
666.6117526917527 68.64232656232637 -1 0 0
684.0023620823623 57.38957930957911 -1 0 0
666.6117526917527 51.251717171717 -1 0 0
655.3590054390057 58.41255633255609 -1 0 0
676.8415229215229 38.975992895992626 -1 0 0
684.0023620823623 37.95301587301565 -1 0 0
685.0253391053393 26.70026862026839 -1 0 0
694.2321323121323 10.332636252635986 -1 0 0
666.6117526917527 12.378590298590069 -1 0 0
662.5198445998448 24.654314574314306 -1 0 0
655.3590054390057 17.49347541347521 -1 0 0
644.1062581862584 10.332636252635986 -1 0 0
632.8535109335112 27.723245643245367 -1 0 0
641.0373271173272 35.90706182706157 -1 0 0
651.2670973470975 38.975992895992626 -1 0 0
634.8994649794652 72.73423465423441 -1 0 0
636.945419025419 87.05591297591273 -1 0 0
627.738625818626 91.1478210678209 -1 0 0
627.738625818626 102.40056832056815 -1 0 0
637.968396048396 108.53843045843028 -1 0 0
628.761602841603 65.57339549339531 -1 0 0
633.8764879564882 56.36660228660201 -1 0 0
622.6237407037409 48.18278610278593 -1 0 0
620.5777866577866 39.998969918969735 -1 0 0
622.6237407037409 21.58538350538325 -1 0 0
612.3939704739706 8.286682206682032 -1 0 0
597.0493151293151 8.286682206682032 -1 0 0
598.0722921522921 17.49347541347521 -1 0 0
601.1412232212233 27.723245643245367 -1 0 0
587.8425219225221 24.654314574314306 -1 0 0
577.6127516927518 20.56240648240627 -1 0 0
564.3140503940505 24.654314574314306 -1 0 0
580.6816827616829 10.332636252635986 -1 0 0
604.2101542901545 44.09087801087777 -1 0 0
583.7506138306139 48.18278610278593 -1 0 0
581.70465978466 59.435533355533195 -1 0 0
602.1642002442003 73.75721167721152 -1 0 0
620.5777866577866 61.48148740148715 -1 0 0
583.7506138306139 90.12484404484385 -1 0 0
560.2221423021424 91.1478210678209 -1 0 0
565.3370274170276 72.73423465423441 -1 0 0
555.1072571872572 65.57339549339531 -1 0 0
556.1302342102343 56.36660228660201 -1 0 0
570.4519125319126 46.13683205683185 -1 0 0
561.2451193251194 35.90706182706157 -1 0 0
579.6587057387059 31.815153735153533 -1 0 0
586.8195448995449 34.884084804084594 -1 0 0
534.6477167277168 81.94102786102765 -1 0 0
541.808555888556 98.30866022865999 -1 0 0
503.9584060384061 102.40056832056815 -1 0 0
484.52184260184265 101.37759129759112 -1 0 0
479.4069574869576 60.45851037851018 -1 0 0
501.912451992452 46.13683205683185 -1 0 0
449.74062382062385 99.33163725163703 -1 0 0
459.97039405039413 95.23972915972894 -1 0 0
462.0163480963481 45.11385503385475 -1 0 0
475.31504939504947 42.04492396492369 -1 0 0
451.78657786657794 44.09087801087777 -1 0 0
454.855508935509 33.86110778110761 -1 0 0
455.87848595848595 15.447521367521128 -1 0 0
474.2920723720725 10.332636252635986 -1 0 0
481.45291153291157 28.746222666222472 -1 0 0
500.88947496947503 29.76919968919945 -1 0 0
509.0732911532912 14.424544344544152 -1 0 0
501.912451992452 8.286682206682032 -1 0 0
529.5328316128316 18.516452436452187 -1 0 0
526.4639005439006 36.93003885003868 -1 0 0
538.7396248196249 36.93003885003868 -1 0 0
542.831532911533 25.677291597291415 -1 0 0
548.9693950493951 42.04492396492369 -1 0 0
533.6247397047398 50.22874014873989 -1 0 0
534.6477167277168 68.64232656232637 -1 0 0
523.3949694749696 55.34362526362503 -1 0 0
502.9354290154291 80.91805083805062 -1 0 0
504.9813830613832 57.38957930957911 -1 0 0
440.5338306138307 10.332636252635986 -1 0 0
440.5338306138307 21.58538350538325 -1 0 0
429.2810833610834 33.86110778110761 -1 0 0
437.4648995448996 42.04492396492369 -1 0 0
426.2121522921524 52.27469419469397 -1 0 0
401.66070374070375 12.378590298590069 -1 0 0
418.02833610833613 25.677291597291415 -1 0 0
400.63772671772676 32.83813075813051 -1 0 0
402.68368076368085 53.297671217670946 -1 0 0
391.4309335109336 59.435533355533195 -1 0 0
413.936428016428 63.527441447441234 -1 0 0
426.2121522921524 73.75721167721152 -1 0 0
438.4878765678766 62.50446442446426 -1 0 0
415.9823820623821 85.00995892995871 -1 0 0
399.61474969474966 83.98698190698167 -1 0 0
411.89047397047403 75.80316572316548 -1 0 0
407.79856587856585 102.40056832056815 -1 0 0
397.56879564879574 100.35461427461408 -1 0 0
388.3620024420024 104.44652236652217 -1 0 0
387.33902541902546 16.470498390498104 -1 0 0
358.6956687756688 17.49347541347521 -1 0 0
371.9943700743701 29.76919968919945 -1 0 0
384.2700943500944 38.975992895992626 -1 0 0
381.2011632811633 55.34362526362503 -1 0 0
371.9943700743701 45.11385503385475 -1 0 0
396.54581862581864 44.09087801087777 -1 0 0
387.33902541902546 74.78018870018849 -1 0 0
377.1092551892553 91.1478210678209 -1 0 0
362.78757686757683 79.89507381507363 -1 0 0
370.971393051393 74.78018870018849 -1 0 0
357.67269175269183 72.73423465423441 -1 0 0
353.58078366078365 62.50446442446426 -1 0 0
343.3510134310135 63.527441447441234 -1 0 0
350.5118525918526 51.251717171717 -1 0 0
359.71864579864575 44.09087801087777 -1 0 0
360.74162282162285 33.86110778110761 -1 0 0
343.3510134310135 26.70026862026839 -1 0 0
332.0982661782662 14.424544344544152 -1 0 0
351.5348296148297 11.355613275613093 -1 0 0
333.1212432012432 39.998969918969735 -1 0 0
319.82254190254196 51.251717171717 -1 0 0
320.8455189255189 37.95301587301565 -1 0 0
313.68467976467974 23.63133755133733 -1 0 0
302.4319325119325 20.56240648240627 -1 0 0
281.972392052392 22.608360528360354 -1 0 0
299.36300144300145 45.11385503385475 -1 0 0
305.5008635808636 72.73423465423441 -1 0 0
277.88048396048396 73.75721167721152 -1 0 0
273.78857586857583 67.61934953934927 -1 0 0
295.2710933510933 102.40056832056815 -1 0 0
336.1901742701743 78.8720967920966 -1 0 0
318.7995648795649 69.66530358530335 -1 0 0
251.28308136308132 90.12484404484385 -1 0 0
224.68567876567877 82.9640048840047 -1 0 0
235.93842601842601 82.9640048840047 -1 0 0
252.30605838605837 66.5963725163723 -1 0 0
269.69666777666777 37.95301587301565 -1 0 0
262.53582861582856 29.76919968919945 -1 0 0
261.51285159285163 15.447521367521128 -1 0 0
235.93842601842601 12.378590298590069 -1 0 0
245.1452192252192 47.15980907980883 -1 0 0
233.89247197247195 27.723245643245367 -1 0 0
219.57079365079363 26.70026862026839 -1 0 0
219.57079365079363 16.470498390498104 -1 0 0
223.66270174270173 38.975992895992626 -1 0 0
213.4329315129315 44.09087801087777 -1 0 0
209.3410234210234 65.57339549339531 -1 0 0
221.61674769674764 58.41255633255609 -1 0 0
232.8694949494949 62.50446442446426 -1 0 0
244.12224220224218 59.435533355533195 -1 0 0
224.68567876567877 109.56140748140726 -1 0 0
205.2491153291153 108.53843045843028 -1 0 0
195.0193450993451 110.5843845043843 -1 0 0
182.74362082362077 122.8601087801086 -1 0 0
170.4678965478965 97.28568320568301 -1 0 0
177.62873570873563 85.00995892995871 -1 0 0
187.8585059385059 91.1478210678209 -1 0 0
196.04232212232205 74.78018870018849 -1 0 0
211.3869774669774 83.98698190698167 -1 0 0
218.5478166278166 75.80316572316548 -1 0 0
202.18018426018423 54.320648240648055 -1 0 0
188.8814829614829 53.297671217670946 -1 0 0
183.76659784659782 39.998969918969735 -1 0 0
186.83552891552887 34.884084804084594 -1 0 0
181.72064380064373 31.815153735153533 -1 0 0
187.8585059385059 10.332636252635986 -1 0 0
165.3530114330114 21.58538350538325 -1 0 0
138.75560883560877 10.332636252635986 -1 0 0
127.50286158286151 29.76919968919945 -1 0 0
142.84751692751686 39.998969918969735 -1 0 0
162.28408036408035 58.41255633255609 -1 0 0
174.55980463980458 53.297671217670946 -1 0 0
183.76659784659782 71.71125763125744 -1 0 0
173.5368276168276 75.80316572316548 -1 0 0
162.28408036408035 81.94102786102765 -1 0 0
152.05431013431004 70.68828060828046 -1 0 0
144.8934709734709 81.94102786102765 -1 0 0
126.47988455988447 93.19377511377492 -1 0 0
138.75560883560877 93.19377511377492 -1 0 0
145.91644799644794 95.23972915972894 -1 0 0
112.15820623820615 26.70026862026839 -1 0 0
111.13522921522917 41.02194694194671 -1 0 0
118.29606837606833 52.27469419469397 -1 0 0
116.25011433011426 75.80316572316548 -1 0 0
131.59476967476962 75.80316572316548 -1 0 0
88.62973470973465 80.91805083805062 -1 0 0
103.97439005439001 77.84911976911955 -1 0 0
84.53782661782655 103.42354534354513 -1 0 0
88.62973470973465 87.05591297591273 -1 0 0
7.814549894549806 26.70026862026839 -1 0 0
13.952412032411925 36.93003885003868 -1 0 0
23.159205239205136 35.90706182706157 -1 0 0
31.343021423021337 13.401567321567047 -1 0 0
52.82553890553885 9.30965922965901 -1 0 0
69.19317127317119 12.378590298590069 -1 0 0
81.46889554889549 27.723245643245367 -1 0 0
96.81355089355085 28.746222666222472 -1 0 0
73.2850793650793 32.83813075813051 -1 0 0
73.2850793650793 44.09087801087777 -1 0 0
82.49187257187246 42.04492396492369 -1 0 0
88.62973470973465 51.251717171717 -1 0 0
57.940424020423926 83.98698190698167 -1 0 0
73.2850793650793 103.42354534354513 -1 0 0
65.10126318126309 101.37759129759112 -1 0 0
55.894469974469914 106.4924764124762 -1 0 0
19.06729714729707 85.00995892995871 -1 0 0
19.06729714729707 97.28568320568301 -1 0 0
3.7226418026417054 66.5963725163723 -1 0 0
23.159205239205136 52.27469419469397 -1 0 0
32.36599844599834 68.64232656232637 -1 0 0
45.66469974469969 78.8720967920966 -1 0 0
46.68767676767667 64.55041847041821 -1 0 0
47.92888888888888 53.427532467532444 -1 0 0
38.70845598845598 41.37004329004326 -1 0 0
44.027936507936495 34.4547186147186 -1 0 0
47.396940836940836 24.170389610389588 -1 0 0
35.33945165945165 9.985108225108204 -1 0 0
20.090274170274157 8.56658008658007 -1 0 0
3.599884559884546 8.56658008658007 -1 0 0
0.7628282828282681 15.481904761904751 -1 0 0
23.99122655122654 101.48017316017314 -1 0 0
43.14135642135641 107.68623376623376 -1 0 0
66.01512265512265 91.01852813852813 -1 0 0
75.59018759018758 93.14632034632032 -1 0 0
78.24992784992786 68.67670995670994 -1 0 0
81.7962481962482 54.49142857142855 -1 0 0
102.89685425685428 14.0633766233766 -1 0 0
108.03901875901877 18.673593073593057 -1 0 0
116.7275036075036 14.949956709956686 -1 0 0
152.19070707070708 28.07134199134197 -1 0 0
159.10603174603176 44.207099567099554 -1 0 0
105.02464646464647 91.55047619047616 -1 0 0
106.08854256854256 63.35722943722942 -1 0 0
18.84906204906204 19.737489177489156 -1 0 0
25.232438672438665 26.47549783549781 -1 0 0
155.2050793650794 80.20225108225105 -1 0 0
77.36334776334776 65.66233766233765 -1 0 0
56.661702741702804 171.9630058830057 -1 0 0
122.64372072372075 122.8601087801086 -1 0 0
119.57478965478968 134.11285603285586 -1 0 0
106.27608835608841 153.5494194694193 -1 0 0
92.46589854589857 156.61835053835037 -1 0 0
91.44292152292157 183.21575313575295 -1 0 0
131.33902541902543 261.47349539349517 -1 0 0
185.55680763680763 119.27968919968905 -1 0 0
178.39596847596846 107.00396492396474 -1 0 0
321.1012631812632 207.7672016872015 -1 0 0
494.49586857586854 267.09986901986883 -1 0 0
504.7256388056387 305.9729958929957 -1 0 0
434.1402242202242 310.06490398490376 -1 0 0
442.83552891552887 380.1388300588298 -1 0 0
464.8295349095348 369.39757131757113 -1 0 0
495.51884559884553 379.62734154734136 -1 0 0
481.7086557886557 387.8111577311575 -1 0 0
401.916447996448 389.3456232656231 -1 0 0
352.3020623820623 369.39757131757113 -1 0 0
310.87149295149294 331.5474214674213 -1 0 0
281.2051592851593 240.50246642246623 -1 0 0
213.68867576867578 226.69227661227643 -1 0 0
141.56879564879569 349.9610078810077 -1 0 0
157.42493950493954 358.65631257631236 -1 0 0
222.89546897546896 365.305663225663 -1 0 0
29.041323121323174 339.2197491397489 -1 0 0
66.3799844599845 201.62933954933936 -1 0 0
28.018346098346164 106.49247641247626 -1 0 0
803.8247974247975 100.13201384294713 -1 0 0
821.7746342546343 117.22709653802985 -1 0 0
831.6043068043067 113.80807999901332 -1 0 0
823.0567654567654 111.2438175947509 -1 0 0
847.8446353646353 111.2438175947509 -1 0 0
759.8049594849593 233.47365886459218 -1 0 0
713.6482362082363 236.89267540360873 -1 0 0
688.4329892329893 114.66283413376743 -1 0 0
701.6816783216783 27.905289456222768 -1 0 0
722.6231546231545 8.245944356877654 -1 0 0
673.0474148074148 8.245944356877654 -1 0 0
607.2313464313463 13.374469165402472 -1 0 0
575.6054434454435 88.16545595638927 -1 0 0
590.1362637362637 74.91676686770018 -1 0 0
532.8677367077366 226.20824871918202 -1 0 0
522.6106870906871 192.87283746377076 -1 0 0
537.5688844488844 8.673321424254747 -1 0 0
469.61593073593076 23.631518782452105 -1 0 0
440.1269130869131 30.46955186048516 -1 0 0
440.5542901542902 66.36922552015885 -1 0 0
434.99838827838823 81.75479994573327 -1 0 0
440.1269130869131 203.1298870808204 -1 0 0
429.86986346986345 202.27513294606624 -1 0 0
469.1885536685537 250.9961186270519 -1 0 0
498.2501942501943 245.44021675115005 -1 0 0
509.5756865356865 197.57398520491853 -1 0 0
557.4419180819181 220.65234684328018 -1 0 0
548.0396225996226 221.07972391065724 -1 0 0
341.6164990564989 46.282503353436674 -1 0 0
230.49846153846144 247.14972502065837 -1 0 0
827.3305361305361 416.47394020300686 -1 0 0
815.3639782439783 395.5324639015306 -1 0 0
815.3639782439783 383.5659060149727 -1 0 0
772.1988944388944 316.0403293693961 -1 0 0
801.6879120879121 310.0570504261171 -1 0 0
650.8238073038073 445.9629578520245 -1 0 0
643.5583971583972 508.78738675645343 -1 0 0
504.6608502608503 545.1144374835042 -1 0 0
461.9231435231435 484.8542709833377 -1 0 0
502.09658785658786 354.50426543333214 -1 0 0
569.1947874347875 413.05492366399034 -1 0 0
602.1028216228216 415.61918606825276 -1 0 0
529.0213431013431 407.49902178808844 -1 0 0
620.0526584526584 484.4268939159606 -1 0 0
751.2574181374181 543.832306281373 -1 0 0
245.45665889665892 410.5071034052367 -1 0 0
434.78469974469976 282.2939831921165 -1 0 0
446.32388056388055 284.0034914616248 -1 0 0
469.82961926961923 286.99513093326425 -1 0 0
458.2904384504385 301.9533282914616 -1 0 0
91.60091464091464 358.7944782526116 -1 0 0
106.98648906648906 358.7944782526116 -1 0 0
140.32190032190033 416.91775941589276 -1 0 0
109.97812853812854 449.39841653654986 -1 0 0
136.90288378288378 457.9459578840912 -1 0 0
182.8459185259185 314.3472632453965 -1 0 0
168.31509823509822 310.0734925716258 -1 0 0
883.4828815628819 78.87209679209673 -1 0 0
760.7256388056389 5.217751137751103 -1 0 0
282.99536907536907 9.30965922965914 -1 0 0
