40.135804270635695 520.5513886862201 -1 0 0
87.78948392431535 465.1401332749647 -1 0 0
7.99727613210757 160.10117223600372 -1 0 0
17.417189552020993 161.20939734422882 -1 0 0
31.270003404834856 161.20939734422882 -1 0 0
28.499440634272073 168.96697310180457 -1 0 0
14.092514227345669 166.1964103312418 -1 0 0
4.672600807432247 177.27866141349293 -1 0 0
19.079527214358652 180.60333673816822 -1 0 0
14.092514227345669 187.25268738751885 -1 0 0
9.659613794445232 197.2267133615448 -1 0 0
22.404202539033975 193.34792548275695 -1 0 0
29.053553188384647 192.79381292864434 -1 0 0
36.25701639184784 202.7678389026704 -1 0 0
29.053553188384647 224.37822851305998 -1 0 0
20.18775232258377 223.82411595894746 -1 0 0
10.213726348557802 223.27000340483488 -1 0 0
17.971302106133564 233.79814193297344 -1 0 0
29.053553188384647 232.13580427063576 -1 0 0
39.58169171652316 233.79814193297344 -1 0 0
57.86740600223746 239.89338002821145 -1 0 0
42.90636704119848 246.5427306775622 -1 0 0
32.37822851305997 255.408531543363 -1 0 0
54.54273067756213 254.3003064351379 -1 0 0
18.52541466024611 246.5427306775622 -1 0 0
29.60766574249719 247.65095578578726 -1 0 0
49.55571769054912 192.79381292864434 -1 0 0
62.30030643513788 196.11848825331973 -1 0 0
56.205068339899796 184.4821246169561 -1 0 0
45.12281725764871 183.373899508731 -1 0 0
38.47346660829805 179.4951116299431 -1 0 0
45.12281725764871 175.61632375115522 -1 0 0
57.86740600223746 172.84576098059244 -1 0 0
44.56870470353614 154.56004669487814 -1 0 0
47.89338002821147 149.01892115375261 -1 0 0
38.47346660829805 150.12714626197774 -1 0 0
27.39121552604696 150.12714626197774 -1 0 0
4.118488253319702 150.6812588160903 -1 0 0
85.01892115375261 196.11848825331973 -1 0 0
72.82844496327641 192.23970037453185 -1 0 0
80.58602072085218 180.60333673816822 -1 0 0
69.50376963860109 177.27866141349293 -1 0 0
71.7202198550513 168.96697310180457 -1 0 0
61.746193881025334 167.85874799357947 -1 0 0
67.28731942215089 157.33060946544094 -1 0 0
59.52974366457512 158.43883457366604 -1 0 0
62.30030643513788 149.01892115375261 -1 0 0
62.30030643513788 141.26134539617686 -1 0 0
76.70723284206429 155.11415924899072 -1 0 0
87.78948392431536 167.85874799357947 -1 0 0
80.03190816673963 162.8717350065665 -1 0 0
97.76350989834133 191.13147526630672 -1 0 0
94.438834573666 183.373899508731 -1 0 0
91.11415924899069 179.4951116299431 -1 0 0
91.11415924899069 192.79381292864434 -1 0 0
77.8154579502894 183.373899508731 -1 0 0
124.91502504985648 191.13147526630672 -1 0 0
115.49511162994308 196.11848825331973 -1 0 0
107.18342331825477 196.11848825331973 -1 0 0
111.06221119704261 181.15744929228072 -1 0 0
97.2093973442288 175.61632375115522 -1 0 0
106.07519821002963 186.14446227929375 -1 0 0
92.77649691132834 142.9236830585145 -1 0 0
89.45182158665303 136.82844496327644 -1 0 0
-65.14558101074957 250.9756311104626 -1 0 0
99.42584756067899 145.14013327496477 -1 0 0
94.99294712777858 156.22238435721582 -1 0 0
103.85874799357946 157.8847220195535 -1 0 0
97.76350989834133 165.0881852230167 -1 0 0
97.76350989834133 161.20939734422882 -1 0 0
107.18342331825477 146.80247093730242 -1 0 0
113.27866141349284 156.22238435721582 -1 0 0
121.03623717106863 155.11415924899072 -1 0 0
134.88905102388244 155.11415924899072 -1 0 0
121.59034972518116 145.14013327496477 -1 0 0
116.60333673816817 148.4648085996401 -1 0 0
131.01026314509463 163.97996011479157 -1 0 0
129.34792548275695 157.8847220195535 -1 0 0
123.8067999416314 167.85874799357947 -1 0 0
114.9409990758305 172.84576098059244 -1 0 0
107.18342331825477 173.95398608881754 -1 0 0
120.48212461695606 162.8717350065665 -1 0 0
116.04922418405565 163.97996011479157 -1 0 0
133.2267133615448 191.13147526630672 -1 0 0
126.57736271219414 185.03623717106865 -1 0 0
129.34792548275695 184.4821246169561 -1 0 0
144.30896444379587 186.14446227929375 -1 0 0
153.17476530959678 187.25268738751885 -1 0 0
149.29597743080888 178.38688652171797 -1 0 0
140.430176565008 181.7115618463933 -1 0 0
139.8760640108955 171.73753587236735 -1 0 0
148.1877523225838 162.31762245245392 -1 0 0
140.430176565008 162.8717350065665 -1 0 0
146.52541466024613 152.8977090325405 -1 0 0
153.17476530959678 150.6812588160903 -1 0 0
159.27000340483485 142.369570504402 -1 0 0
155.9453280801595 139.04489517972667 -1 0 0
162.59467872951018 150.6812588160903 -1 0 0
158.71589085072227 160.10117223600372 -1 0 0
172.56870470353613 150.6812588160903 -1 0 0
181.434505569337 167.85874799357947 -1 0 0
172.56870470353613 163.97996011479157 -1 0 0
179.21805535288678 160.10117223600372 -1 0 0
169.2440293788608 166.75052288535434 -1 0 0
160.37822851305995 167.85874799357947 -1 0 0
160.37822851305995 173.399873534705 -1 0 0
169.2440293788608 175.61632375115522 -1 0 0
174.78515491998638 190.02325015808165 -1 0 0
162.59467872951018 186.14446227929375 -1 0 0
182.5427306775621 196.11848825331973 -1 0 0
196.39554453037596 188.91502504985655 -1 0 0
188.08385621868766 184.4821246169561 -1 0 0
189.1920813269128 166.75052288535434 -1 0 0
205.26134539617684 196.11848825331973 -1 0 0
208.58602072085216 207.75485188968335 -1 0 0
204.70723284206426 204.98428911912058 -1 0 0
192.5167566515881 195.01026314509463 -1 0 0
199.72021985505125 177.27866141349293 -1 0 0
210.8024709373024 176.72454885938032 -1 0 0
220.77649691132837 189.46913760396907 -1 0 0
226.87173500656644 183.373899508731 -1 0 0
227.97996011479157 199.9972761321076 -1 0 0
221.33060946544094 201.1055012403327 -1 0 0
214.68125881609024 201.1055012403327 -1 0 0
219.66827180310327 210.52541466024613 -1 0 0
230.75052288535431 208.86307699790848 -1 0 0
237.399873534705 203.87606401089548 -1 0 0
247.37389950873097 212.74186487669635 -1 0 0
257.3479254827569 218.28299041782188 -1 0 0
252.36091249574395 198.88905102388247 -1 0 0
244.6033367381682 180.60333673816822 -1 0 0
238.50809864293007 168.96697310180457 -1 0 0
224.1011722360037 166.1964103312418 -1 0 0
212.46480859964007 147.91069604552752 -1 0 0
199.72021985505125 136.82844496327644 -1 0 0
191.96264409747556 144.5860207208522 -1 0 0
181.434505569337 142.369570504402 -1 0 0
216.34359647842794 138.4907826256141 -1 0 0
216.34359647842794 133.5037696386011 -1 0 0
206.9236830585145 132.94965708448856 -1 0 0
211.35658349141488 140.70723284206431 -1 0 0
205.8154579502894 137.382557517389 -1 0 0
221.33060946544094 132.94965708448856 -1 0 0
228.5340726689041 132.94965708448856 -1 0 0
234.62931076414222 132.94965708448856 -1 0 0
229.64229777712924 138.4907826256141 -1 0 0
224.65528479011624 140.70723284206431 -1 0 0
220.77649691132837 149.01892115375261 -1 0 0
227.97996011479157 152.34359647842794 -1 0 0
227.97996011479157 147.91069604552752 -1 0 0
235.73753587236732 154.00593414076562 -1 0 0
236.29164842647987 150.12714626197774 -1 0 0
240.7245488593803 146.24835838318984 -1 0 0
236.8457609805924 138.4907826256141 -1 0 0
237.95398608881754 161.20939734422882 -1 0 0
247.37389950873097 163.97996011479157 -1 0 0
247.37389950873097 156.22238435721582 -1 0 0
249.5903497251812 149.01892115375261 -1 0 0
246.26567440050587 144.03190816673964 -1 0 0
251.25268738751885 131.2873194221509 -1 0 0
244.04922418405562 135.16610730093876 -1 0 0
257.3479254827569 130.73320686803837 -1 0 0
255.13147526630675 147.91069604552752 -1 0 0
255.68558782041927 157.33060946544094 -1 0 0
261.7808259156574 163.97996011479157 -1 0 0
262.8890510238825 174.50809864293012 -1 0 0
255.13147526630675 176.72454885938032 -1 0 0
247.37389950873097 172.84576098059244 -1 0 0
252.91502504985652 170.07519821002967 -1 0 0
275.0795272143587 177.83277396760542 -1 0 0
276.74186487669635 169.52108565591712 -1 0 0
271.2007393355708 163.97996011479157 -1 0 0
266.2137263485578 166.1964103312418 -1 0 0
268.430176565008 161.20939734422882 -1 0 0
272.30896444379596 149.01892115375261 -1 0 0
263.44316357799505 146.80247093730242 -1 0 0
261.7808259156574 140.70723284206431 -1 0 0
266.76783890267035 140.15312028795174 -1 0 0
263.44316357799505 131.2873194221509 -1 0 0
262.8890510238825 136.2743324091639 -1 0 0
265.65961379444525 131.2873194221509 -1 0 0
267.87606401089545 136.2743324091639 -1 0 0
282.8371029719344 146.80247093730242 -1 0 0
274.5254146602461 144.03190816673964 -1 0 0
286.7158908507223 129.07086920570066 -1 0 0
297.7981419329734 134.6119947468262 -1 0 0
295.5816917165232 142.369570504402 -1 0 0
289.4864536212851 142.9236830585145 -1 0 0
298.9063670411985 150.12714626197774 -1 0 0
286.1617782966097 160.10117223600372 -1 0 0
280.06654020137165 154.56004669487814 -1 0 0
275.63363976847126 157.8847220195535 -1 0 0
280.62065275548423 161.20939734422882 -1 0 0
297.24402937886083 157.33060946544094 -1 0 0
308.88039301522446 150.12714626197774 -1 0 0
305.55571769054916 145.14013327496477 -1 0 0
314.42151855635 137.382557517389 -1 0 0
316.0838562186877 152.34359647842794 -1 0 0
315.5297436645751 146.24835838318984 -1 0 0
320.5167566515881 157.33060946544094 -1 0 0
329.93667007150157 156.22238435721582 -1 0 0
312.7591808940124 156.22238435721582 -1 0 0
305.55571769054916 160.10117223600372 -1 0 0
291.7029038377353 165.0881852230167 -1 0 0
285.0535531883846 167.85874799357947 -1 0 0
289.4864536212851 177.27866141349293 -1 0 0
281.72887786370933 177.27866141349293 -1 0 0
292.25701639184786 172.84576098059244 -1 0 0
298.35225448708593 163.97996011479157 -1 0 0
310.54273067756213 162.31762245245392 -1 0 0
318.30030643513794 167.85874799357947 -1 0 0
328.8284449632764 170.62931076414225 -1 0 0
316.0838562186877 175.61632375115522 -1 0 0
309.98861812344956 171.73753587236735 -1 0 0
300.5687047035362 176.72454885938032 -1 0 0
305.0016051364366 184.4821246169561 -1 0 0
295.02757916241063 178.38688652171797 -1 0 0
292.25701639184786 186.14446227929375 -1 0 0
286.7158908507223 185.59034972518117 -1 0 0
280.06654020137165 186.14446227929375 -1 0 0
270.0925142273457 183.373899508731 -1 0 0
260.11848825331975 185.03623717106865 -1 0 0
265.65961379444525 195.01026314509463 -1 0 0
265.65961379444525 199.9972761321076 -1 0 0
270.64662678145834 195.01026314509463 -1 0 0
275.0795272143587 202.7678389026704 -1 0 0
280.06654020137165 200.55138868622018 -1 0 0
280.62065275548423 193.34792548275695 -1 0 0
288.3782285130599 193.34792548275695 -1 0 0
282.8371029719344 210.52541466024613 -1 0 0
272.8630769979084 210.52541466024613 -1 0 0
249.03623717106862 202.7678389026704 -1 0 0
264.55138868622015 223.27000340483488 -1 0 0
291.7029038377353 208.86307699790848 -1 0 0
286.7158908507223 202.7678389026704 -1 0 0
301.12281725764876 207.75485188968335 -1 0 0
308.3262804611119 199.9972761321076 -1 0 0
302.2310423658738 201.1055012403327 -1 0 0
300.01459214942355 191.13147526630672 -1 0 0
307.77216790699936 190.02325015808165 -1 0 0
311.6509557857872 190.02325015808165 -1 0 0
318.30030643513794 199.9972761321076 -1 0 0
312.2050683398998 205.53840167323312 -1 0 0
320.5167566515881 214.40420253903403 -1 0 0
328.8284449632764 211.63363976847123 -1 0 0
337.14013327496474 209.41718955202103 -1 0 0
339.35658349141494 206.64662678145825 -1 0 0
331.5990077338392 196.11848825331973 -1 0 0
333.2613453961768 188.91502504985655 -1 0 0
327.16610730093873 188.91502504985655 -1 0 0
322.73320686803834 197.7808259156574 -1 0 0
317.1920813269128 188.36091249574397 -1 0 0
321.07086920570066 180.60333673816822 -1 0 0
329.382557517389 180.60333673816822 -1 0 0
324.94965708448854 173.95398608881754 -1 0 0
336.58602072085216 181.7115618463933 -1 0 0
341.57303370786514 173.399873534705 -1 0 0
332.7072328420643 172.84576098059244 -1 0 0
336.03190816673964 163.97996011479157 -1 0 0
342.68125881609024 180.60333673816822 -1 0 0
342.68125881609024 195.01026314509463 -1 0 0
351.5470596818911 170.62931076414225 -1 0 0
348.77649691132837 184.4821246169561 -1 0 0
349.8847220195534 193.9020380368695 -1 0 0
349.3306094654409 211.63363976847123 -1 0 0
349.3306094654409 204.98428911912058 -1 0 0
358.75052288535437 210.52541466024613 -1 0 0
369.8327739676055 204.98428911912058 -1 0 0
354.8717350065664 176.72454885938032 -1 0 0
360.9669731018045 184.4821246169561 -1 0 0
367.61632375115516 188.91502504985655 -1 0 0
358.75052288535437 196.11848825331973 -1 0 0
357.0881852230167 201.1055012403327 -1 0 0
366.5080986429301 177.83277396760542 -1 0 0
378.69857483340627 176.72454885938032 -1 0 0
374.81978695461845 165.64229777712924 -1 0 0
382.57736271219414 170.62931076414225 -1 0 0
389.7808259156574 168.96697310180457 -1 0 0
375.9280120628435 187.25268738751885 -1 0 0
378.69857483340627 202.7678389026704 -1 0 0
388.11848825331975 205.53840167323312 -1 0 0
394.21372634855777 193.9020380368695 -1 0 0
398.6466267814582 207.75485188968335 -1 0 0
409.1747653095968 207.75485188968335 -1 0 0
405.8500899849214 201.65961379444528 -1 0 0
403.0795272143587 187.25268738751885 -1 0 0
405.2959774308089 176.72454885938032 -1 0 0
395.32195145678287 177.27866141349293 -1 0 0
399.7548518896834 170.62931076414225 -1 0 0
413.60766574249715 188.36091249574397 -1 0 0
416.3782285130599 196.11848825331973 -1 0 0
420.81112894596043 208.3089644437959 -1 0 0
428.5687047035361 206.64662678145825 -1 0 0
427.4604795953111 197.7808259156574 -1 0 0
423.02757916241063 188.91502504985655 -1 0 0
420.2570163918478 179.4951116299431 -1 0 0
416.3782285130599 177.27866141349293 -1 0 0
416.3782285130599 172.84576098059244 -1 0 0
409.1747653095968 169.52108565591712 -1 0 0
443.52974366457505 201.1055012403327 -1 0 0
428.5687047035361 182.26567440050587 -1 0 0
434.10983024466174 188.36091249574397 -1 0 0
440.7591808940124 187.25268738751885 -1 0 0
430.23104236587375 182.26567440050587 -1 0 0
430.7851549199864 173.399873534705 -1 0 0
426.35225448708593 167.85874799357947 -1 0 0
447.9626440974755 198.88905102388247 -1 0 0
455.7202198550513 188.36091249574397 -1 0 0
443.52974366457505 189.46913760396907 -1 0 0
454.05788219271363 180.60333673816822 -1 0 0
445.74619388102536 177.27866141349293 -1 0 0
450.1790943139257 175.61632375115522 -1 0 0
466.2483583831898 205.53840167323312 -1 0 0
455.7202198550513 206.64662678145825 -1 0 0
462.36957050440196 198.88905102388247 -1 0 0
465.69424582907726 188.91502504985655 -1 0 0
471.23537137020276 189.46913760396907 -1 0 0
476.77649691132825 189.46913760396905 -1 0 0
473.4518215866529 179.49511162994307 -1 0 0
464.03190816673947 181.7115618463933 -1 0 0
461.26134539617675 173.95398608881752 -1 0 0
461.8154579502893 170.6293107641422 -1 0 0
458.490782625614 157.33060946544092 -1 0 0
477.88472201955335 170.6293107641422 -1 0 0
474.0059341407654 162.3176224524539 -1 0 0
467.35658349141477 165.08818522301667 -1 0 0
462.3695705044018 162.87173500656644 -1 0 0
451.8414319762633 158.438834573666 -1 0 0
442.42151855634984 165.08818522301667 -1 0 0
436.88039301522434 170.07519821002964 -1 0 0
435.77216790699924 161.20939734422876 -1 0 0
433.0016051364365 156.2223843572158 -1 0 0
430.23104236587375 134.61199474682618 -1 0 0
426.9063670411984 130.7332068680383 -1 0 0
425.2440293788607 126.30030643513786 -1 0 0
418.0405661753975 126.85441898925043 -1 0 0
408.6206527554841 131.8414319762634 -1 0 0
401.97130210613346 130.17909431392576 -1 0 0
394.2137263485577 129.6249817598132 -1 0 0
393.10550124033256 122.42151855635001 -1 0 0
375.9280120628434 132.39554453037596 -1 0 0
326.6119947468261 145.1401332749647 -1 0 0
366.50809864292995 158.438834573666 -1 0 0
368.17043630526763 149.57303370786514 -1 0 0
361.521085655917 149.0189211537526 -1 0 0
358.7505228853542 160.1011722360037 -1 0 0
362.6293107641421 172.84576098059242 -1 0 0
364.84576098059233 163.97996011479154 -1 0 0
400.86307699790837 137.38255751738893 -1 0 0
410.8371029719343 137.38255751738893 -1 0 0
418.0405661753975 137.9366700715015 -1 0 0
423.0275791624106 137.38255751738893 -1 0 0
419.7029038377351 133.50376963860109 -1 0 0
406.95831509314644 144.0319081667396 -1 0 0
424.6899168247482 147.35658349141494 -1 0 0
433.0016051364365 145.1401332749647 -1 0 0
419.7029038377351 156.2223843572158 -1 0 0
413.6076657424971 159.5470596818911 -1 0 0
410.2829904178218 159.5470596818911 -1 0 0
407.51242764725896 163.425847560679 -1 0 0
405.2959774308088 165.08818522301667 -1 0 0
417.48645362128497 165.08818522301667 -1 0 0
442.42151855634984 146.2483583831898 -1 0 0
438.542730677562 150.12714626197769 -1 0 0
487.30463543946684 189.46913760396905 -1 0 0
481.2093973442287 203.87606401089545 -1 0 0
486.7505228853542 206.09251422734567 -1 0 0
476.22238435721573 202.76783890267032 -1 0 0
497.8327739676053 196.11848825331967 -1 0 0
493.9539860888175 207.75485188968332 -1 0 0
503.92801206284344 206.09251422734567 -1 0 0
513.9020380368694 206.09251422734567 -1 0 0
504.48212461695596 179.49511162994307 -1 0 0
499.495111629943 178.9409990758305 -1 0 0
489.521085655917 178.3868865217179 -1 0 0
487.30463543946684 178.9409990758305 -1 0 0
478.9929471277785 180.6033367381682 -1 0 0
483.42584756067885 172.84576098059242 -1 0 0
491.7375358723672 161.20939734422876 -1 0 0
479.547059681891 160.1011722360037 -1 0 0
475.1141592489906 145.1401332749647 -1 0 0
460.1531202879516 151.2353713702028 -1 0 0
452.9496570844885 150.12714626197769 -1 0 0
447.40853154336287 150.12714626197769 -1 0 0
446.3003064351378 141.81545795028939 -1 0 0
446.85441898925035 132.39554453037596 -1 0 0
447.96264409747545 120.2050683398998 -1 0 0
287.8241159589473 102.47346660829807 -1 0 0
277.2959774308088 98.59467872951016 -1 0 0
282.8371029719343 112.44749258232403 -1 0 0
288.93234106717244 115.77216790699936 -1 0 0
292.25701639184774 104.13580427063573 -1 0 0
295.0275791624105 114.66394279877423 -1 0 0
295.5816917165231 127.96264409747555 -1 0 0
306.66394279877414 128.51675665158808 -1 0 0
301.12281725764865 127.96264409747555 -1 0 0
311.6509557857871 120.2050683398998 -1 0 0
308.88039301522434 112.44749258232403 -1 0 0
306.1098302446616 116.88039301522447 -1 0 0
300.0145921494235 115.77216790699936 -1 0 0
322.7332068680382 133.50376963860109 -1 0 0
319.9626440974754 137.38255751738893 -1 0 0
322.17909431392565 146.2483583831898 -1 0 0
385.9020380368694 100.8111289459604 -1 0 0
311.0968432316746 90.83710297193434 -1 0 0
304.44749258232395 94.71589085072223 -1 0 0
396.9842891191205 100.8111289459604 -1 0 0
404.18775232258366 102.47346660829807 -1 0 0
411.39121552604684 100.8111289459604 -1 0 0
398.64662678145817 109.12281725764869 -1 0 0
389.22671336154474 109.12281725764869 -1 0 0
405.2959774308088 109.12281725764869 -1 0 0
411.94532808015947 108.56870470353614 -1 0 0
411.39121552604684 105.2440293788608 -1 0 0
416.3782285130598 102.47346660829807 -1 0 0
421.9193540541854 104.13580427063573 -1 0 0
425.79814193297324 104.13580427063573 -1 0 0
436.88039301522434 105.2440293788608 -1 0 0
450.73320686803817 100.25701639184783 -1 0 0
475.6682718031032 99.14879128362276 -1 0 0
483.42584756067885 102.47346660829807 -1 0 0
487.30463543946684 95.27000340483482 -1 0 0
495.6163237511551 96.93234106717252 -1 0 0
502.26567440050576 93.60766574249716 -1 0 0
508.9150250498564 95.27000340483482 -1 0 0
517.7808259156573 95.27000340483482 -1 0 0
522.2137263485577 95.27000340483482 -1 0 0
531.0795272143586 99.14879128362276 -1 0 0
520.55138868622 108.56870470353614 -1 0 0
502.8197869546183 111.89338002821145 -1 0 0
498.3868865217178 112.44749258232403 -1 0 0
488.4128605476919 116.88039301522447 -1 0 0
472.8977090325404 124.08385621868766 -1 0 0
457.93667007150145 126.85441898925043 -1 0 0
457.93667007150145 118.54273067756213 -1 0 0
465.1401332749646 125.74619388102532 -1 0 0
472.34359647842774 139.5990077338392 -1 0 0
461.8154579502893 134.05788219271363 -1 0 0
455.1661073009386 133.50376963860109 -1 0 0
464.5860207208521 141.81545795028939 -1 0 0
456.2743324091638 137.9366700715015 -1 0 0
479.547059681891 127.96264409747555 -1 0 0
477.33060946544083 134.05788219271363 -1 0 0
466.80247093730225 151.2353713702028 -1 0 0
474.56004669487805 151.78948392431533 -1 0 0
481.7635098983412 139.5990077338392 -1 0 0
483.42584756067885 145.1401332749647 -1 0 0
488.4128605476919 139.5990077338392 -1 0 0
494.50809864292995 139.5990077338392 -1 0 0
490.62931076414213 154.56004669487814 -1 0 0
496.72454885938015 153.451821586653 -1 0 0
498.94099907583046 145.1401332749647 -1 0 0
491.18342331825465 147.35658349141494 -1 0 0
494.50809864292995 147.35658349141494 -1 0 0
486.7505228853542 156.2223843572158 -1 0 0
503.3738995087308 140.1531202879517 -1 0 0
505.0362371710685 129.6249817598132 -1 0 0
491.7375358723672 120.2050683398998 -1 0 0
484.534072668904 122.97563111046254 -1 0 0
486.7505228853542 120.2050683398998 -1 0 0
487.85874799357936 124.6379687728002 -1 0 0
477.88472201955335 120.75918089401232 -1 0 0
509.46913760396905 115.77216790699936 -1 0 0
513.9020380368694 116.32628046111189 -1 0 0
519.9972761321076 124.08385621868766 -1 0 0
516.6726008074322 127.96264409747555 -1 0 0
515.0102631450944 130.17909431392576 -1 0 0
516.1184882533197 135.72021985505128 -1 0 0
520.55138868622 140.1531202879517 -1 0 0
519.9972761321076 154.56004669487814 -1 0 0
512.7938129286443 147.9106960455275 -1 0 0
513.3479254827569 155.1141592489907 -1 0 0
511.68558782041913 142.36957050440196 -1 0 0
508.9150250498564 153.451821586653 -1 0 0
503.3738995087308 153.451821586653 -1 0 0
507.80679994163125 154.56004669487814 -1 0 0
528.3089644437958 124.6379687728002 -1 0 0
523.8760640108953 120.2050683398998 -1 0 0
527.2007393355707 137.9366700715015 -1 0 0
533.2959774308088 139.5990077338392 -1 0 0
523.3219514567828 131.8414319762634 -1 0 0
527.2007393355707 145.1401332749647 -1 0 0
537.7288778637092 145.6942458290773 -1 0 0
543.2700034048348 147.9106960455275 -1 0 0
537.7288778637092 154.56004669487814 -1 0 0
529.417189552021 153.451821586653 -1 0 0
526.6466267814582 161.20939734422876 -1 0 0
518.8890510238824 163.97996011479154 -1 0 0
512.2397003745317 163.97996011479154 -1 0 0
503.92801206284344 166.75052288535431 -1 0 0
496.72454885938015 161.20939734422876 -1 0 0
512.2397003745317 171.73753587236732 -1 0 0
478.9929471277785 151.78948392431533 -1 0 0
481.2093973442287 149.57303370786514 -1 0 0
442.42151855634984 158.99294712777856 -1 0 0
456.8284449632763 166.75052288535431 -1 0 0
450.17909431392565 188.36091249574392 -1 0 0
517.2267133615447 184.48212461695604 -1 0 0
518.3349384697698 170.07519821002964 -1 0 0
529.417189552021 176.7245488593803 -1 0 0
526.6466267814582 170.6293107641422 -1 0 0
531.6336397684712 171.18342331825474 -1 0 0
548.8111289459603 167.30463543946686 -1 0 0
542.7158908507223 158.438834573666 -1 0 0
553.2440293788608 163.425847560679 -1 0 0
553.7981419329733 168.96697310180454 -1 0 0
561.555717690549 155.1141592489907 -1 0 0
557.1228172576485 135.72021985505128 -1 0 0
546.0405661753975 139.5990077338392 -1 0 0
552.1358042706357 130.17909431392576 -1 0 0
526.6466267814582 193.34792548275692 -1 0 0
538.2829904178218 196.11848825331967 -1 0 0
538.2829904178218 186.14446227929375 -1 0 0
531.6336397684712 186.69857483340627 -1 0 0
538.8371029719343 191.1314752663067 -1 0 0
546.5946787295101 194.456150590982 -1 0 0
552.1358042706357 199.9972761321076 -1 0 0
563.7721679069992 197.78082591565737 -1 0 0
564.8803930152244 189.46913760396905 -1 0 0
546.5946787295101 170.07519821002964 -1 0 0
539.391215526047 177.83277396760542 -1 0 0
545.4864536212849 178.9409990758305 -1 0 0
561.555717690549 180.6033367381682 -1 0 0
556.0145921494235 183.37389950873094 -1 0 0
556.0145921494235 187.25268738751885 -1 0 0
549.3652415000729 185.59034972518117 -1 0 0
566.5427306775621 163.97996011479154 -1 0 0
572.0838562186876 150.12714626197769 -1 0 0
574.8544189892503 159.5470596818911 -1 0 0
581.5037696386009 150.12714626197769 -1 0 0
582.6119947468261 154.56004669487814 -1 0 0
582.0578821927136 143.47779561262703 -1 0 0
591.477795612627 144.0319081667396 -1 0 0
598.6812588160902 144.0319081667396 -1 0 0
599.2353713702028 153.451821586653 -1 0 0
590.3695705044018 161.20939734422876 -1 0 0
584.2743324091638 158.99294712777856 -1 0 0
586.490782625614 170.07519821002964 -1 0 0
581.5037696386009 170.6293107641422 -1 0 0
572.6379687728001 174.50809864293012 -1 0 0
580.3955445303758 178.9409990758305 -1 0 0
582.6119947468261 185.59034972518117 -1 0 0
572.6379687728001 185.59034972518117 -1 0 0
570.4215185563498 180.6033367381682 -1 0 0
580.9496570844884 197.78082591565737 -1 0 0
571.529743664575 198.3349384697699 -1 0 0
544.3782285130598 124.08385621868766 -1 0 0
533.2959774308088 124.08385621868766 -1 0 0
538.2829904178218 117.98861812344956 -1 0 0
554.9063670411985 122.42151855635001 -1 0 0
559.8933800282114 126.30030643513786 -1 0 0
568.7591808940123 120.2050683398998 -1 0 0
572.0838562186876 124.6379687728002 -1 0 0
576.516756651588 115.21805535288681 -1 0 0
536.6206527554841 98.59467872951016 -1 0 0
546.0405661753975 97.48645362128508 -1 0 0
553.2440293788608 95.27000340483482 -1 0 0
535.512427647259 104.13580427063573 -1 0 0
528.8630769979084 108.01459214942358 -1 0 0
540.499440634272 107.46047959531104 -1 0 0
559.8933800282114 108.01459214942358 -1 0 0
555.460479595311 110.2310423658738 -1 0 0
563.7721679069992 119.09684323167467 -1 0 0
565.9886181234496 110.2310423658738 -1 0 0
580.9496570844884 124.08385621868766 -1 0 0
593.1401332749646 126.85441898925043 -1 0 0
587.0448951797265 133.50376963860109 -1 0 0
160.37822851305987 247.65095578578723 -1 0 0
599.7894839243153 126.85441898925043 -1 0 0
592.0319081667395 116.88039301522447 -1 0 0
583.7202198550511 111.89338002821145 -1 0 0
583.1661073009386 120.2050683398998 -1 0 0
601.4518215866531 114.66394279877423 -1 0 0
575.9626440974755 88.62065275548419 -1 0 0
587.5990077338391 90.83710297193434 -1 0 0
597.0189211537524 89.1747653095967 -1 0 0
607.5470596818909 86.95831509314651 -1 0 0
615.8587479935793 87.51242764725903 -1 0 0
626.3868865217178 83.6336397684712 -1 0 0
630.8197869546184 114.1098302446617 -1 0 0
626.9409990758303 117.98861812344956 -1 0 0
630.8197869546184 124.08385621868766 -1 0 0
640.2397003745316 118.54273067756213 -1 0 0
625.8327739676052 134.05788219271363 -1 0 0
618.6293107641421 135.72021985505128 -1 0 0
617.5210856559171 143.47779561262703 -1 0 0
608.6552847901162 145.6942458290773 -1 0 0
615.8587479935793 151.2353713702028 -1 0 0
608.1011722360037 149.57303370786514 -1 0 0
590.9236830585144 147.9106960455275 -1 0 0
598.6812588160902 163.425847560679 -1 0 0
590.3695705044018 173.95398608881752 -1 0 0
597.0189211537524 180.6033367381682 -1 0 0
595.3565834914149 185.59034972518117 -1 0 0
591.477795612627 199.9972761321076 -1 0 0
598.1271462619777 196.11848825331967 -1 0 0
606.9929471277784 198.3349384697699 -1 0 0
617.5210856559171 198.3349384697699 -1 0 0
615.8587479935793 188.36091249574392 -1 0 0
611.9799601147915 184.48212461695604 -1 0 0
606.9929471277784 185.59034972518117 -1 0 0
606.9929471277784 173.95398608881752 -1 0 0
608.1011722360037 162.3176224524539 -1 0 0
613.6422977771291 158.438834573666 -1 0 0
624.7245488593803 160.1011722360037 -1 0 0
630.2656744005056 161.20939734422876 -1 0 0
628.0492241840556 166.19641033124176 -1 0 0
625.8327739676052 177.83277396760542 -1 0 0
630.8197869546184 176.7245488593803 -1 0 0
623.616323751155 183.37389950873094 -1 0 0
621.399873534705 177.83277396760542 -1 0 0
622.50809864293 188.36091249574392 -1 0 0
604.7764969113283 168.96697310180454 -1 0 0
608.6552847901162 171.73753587236732 -1 0 0
616.9669731018043 167.85874799357944 -1 0 0
614.7505228853543 180.6033367381682 -1 0 0
631.3738995087309 141.26134539617684 -1 0 0
639.6855878204191 128.51675665158808 -1 0 0
637.469137603969 111.89338002821145 -1 0 0
637.469137603969 108.01459214942358 -1 0 0
651.3219514567828 103.58169171652315 -1 0 0
657.9713021061335 114.1098302446617 -1 0 0
657.9713021061335 119.09684323167467 -1 0 0
661.8500899849213 104.68991682474827 -1 0 0
654.0925142273456 122.42151855635001 -1 0 0
654.6466267814582 132.39554453037596 -1 0 0
645.7808259156573 130.17909431392576 -1 0 0
635.5297436645749 198.1964103312418 -1 0 0
626.9409990758303 195.97996011479157 -1 0 0
633.3132934481247 187.1141592489907 -1 0 0
633.3132934481247 183.23537137020284 -1 0 0
638.8544189892502 178.80247093730236 -1 0 0
638.3003064351377 166.61199474682618 -1 0 0
642.1790943139256 156.6379687728002 -1 0 0
635.8067999416312 148.3262804611119 -1 0 0
640.2397003745316 141.67692981176125 -1 0 0
645.7808259156571 151.65095578578723 -1 0 0
654.3695705044018 139.18342331825477 -1 0 0
663.7894839243152 142.78515491998638 -1 0 0
666.8371029719342 136.41286054769202 -1 0 0
671.2700034048347 140.0145921494236 -1 0 0
665.7288778637092 129.48645362128505 -1 0 0
662.9583150931463 125.60766574249719 -1 0 0
666.8371029719342 118.95831509314654 -1 0 0
669.607665742497 117.0189211537526 -1 0 0
670.7158908507221 121.45182158665304 -1 0 0
679.8587479935792 116.46480859964005 -1 0 0
690.9409990758303 119.23537137020281 -1 0 0
686.2310423658736 128.1011722360037 -1 0 0
677.3652415000727 131.14879128362273 -1 0 0
677.3652415000727 127.27000340483485 -1 0 0
691.2180553528866 137.79814193297335 -1 0 0
680.9669731018043 145.83277396760542 -1 0 0
671.5470596818909 147.2180553528868 -1 0 0
662.9583150931463 149.7115618463933 -1 0 0
658.8024709373021 163.8414319762634 -1 0 0
652.9842891191204 158.85441898925043 -1 0 0
659.6336397684711 158.0232501580816 -1 0 0
656.0319081667393 150.8197869546184 -1 0 0
649.3825575173887 168.27433240916383 -1 0 0
648.2743324091637 177.6942458290773 -1 0 0
649.9366700715012 189.05355318838465 -1 0 0
641.9020380368693 185.17476530959675 -1 0 0
650.2137263485575 195.70290383773528 -1 0 0
646.8890510238823 212.32628046111193 -1 0 0
642.4561505909818 199.3046354394669 -1 0 0
639.9626440974754 207.89338002821148 -1 0 0
667.3912155260467 207.6163237511552 -1 0 0
660.1877523225836 197.36524150007295 -1 0 0
662.68125881609 183.78948392431536 -1 0 0
666.0059341407654 177.41718955202103 -1 0 0
655.2007393355706 177.41718955202103 -1 0 0
675.1487912836225 169.65961379444522 -1 0 0
676.8111289459601 179.35658349141494 -1 0 0
673.2093973442286 186.0059341407656 -1 0 0
672.1011722360034 198.75052288535431 -1 0 0
675.1487912836225 207.06221119704264 -1 0 0
683.1834233182545 198.75052288535431 -1 0 0
689.0016051364364 201.79814193297338 -1 0 0
688.4474925823239 176.86307699790845 -1 0 0
682.3522544870858 165.78082591565737 -1 0 0
691.7721679069992 165.22671336154482 -1 0 0
699.2526873875187 177.41718955202103 -1 0 0
699.5297436645749 184.3435964784279 -1 0 0
702.0232501580813 200.68991682474828 -1 0 0
711.9972761321075 195.14879128362276 -1 0 0
708.1184882533195 182.404202539034 -1 0 0
715.0448951797265 178.24835838318984 -1 0 0
721.1401332749646 177.41718955202103 -1 0 0
727.7894839243153 184.06654020137165 -1 0 0
719.7548518896832 208.72454885938032 -1 0 0
707.2873194221507 208.44749258232403 -1 0 0
738.8717350065663 207.06221119704264 -1 0 0
756.3262804611118 207.89338002821148 -1 0 0
765.7461938810252 209.55571769054916 -1 0 0
762.1444622792935 194.87173500656647 -1 0 0
750.7851549199861 185.72887786370933 -1 0 0
748.8457609805922 190.99294712777856 -1 0 0
736.6552847901161 179.35658349141494 -1 0 0
736.9323410671723 169.65961379444522 -1 0 0
728.620652755484 164.11848825331973 -1 0 0
719.4777956126268 189.33060946544092 -1 0 0
713.3825575173887 164.395544530376 -1 0 0
719.2007393355706 163.8414319762634 -1 0 0
716.4301765650079 159.408531543363 -1 0 0
703.9626440974754 166.3349384697699 -1 0 0
697.0362371710685 158.0232501580816 -1 0 0
686.2310423658736 158.0232501580816 -1 0 0
676.534072668904 158.85441898925043 -1 0 0
669.3306094654406 158.0232501580816 -1 0 0
682.6293107641419 150.26567440050584 -1 0 0
693.1574492922806 146.38688652171797 -1 0 0
699.8067999416313 138.9063670411985 -1 0 0
696.482124616956 128.37822851305995 -1 0 0
699.2526873875187 118.40420253903399 -1 0 0
707.2873194221507 121.72887786370931 -1 0 0
705.3479254827566 129.2093973442288 -1 0 0
703.4085315433628 134.1964103312418 -1 0 0
717.8154579502893 138.07519821002967 -1 0 0
707.564375699207 139.73753587236735 -1 0 0
725.8500899849213 138.9063670411985 -1 0 0
705.6249817598131 153.03623717106862 -1 0 0
707.2873194221507 145.27866141349287 -1 0 0
728.8977090325403 147.77216790699936 -1 0 0
717.5384016732329 150.26567440050584 -1 0 0
733.0535531883845 141.95398608881754 -1 0 0
741.9193540541853 147.77216790699936 -1 0 0
748.2916484264797 157.46913760396905 -1 0 0
732.7764969113281 158.0232501580816 -1 0 0
724.1877523225836 158.30030643513786 -1 0 0
753.8327739676052 153.59034972518117 -1 0 0
748.2916484264797 151.65095578578723 -1 0 0
770.4561505909819 154.42151855635004 -1 0 0
762.6985748334062 168.27433240916383 -1 0 0
757.9886181234494 172.98428911912055 -1 0 0
770.7332068680381 181.29597743080888 -1 0 0
769.9020380368693 177.97130210613355 -1 0 0
772.6726008074321 171.5990077338392 -1 0 0
752.7245488593801 167.16610730093873 -1 0 0
773.5037696386008 194.04056617539763 -1 0 0
773.5037696386008 190.99294712777856 -1 0 0
767.4085315433628 122.28299041782186 -1 0 0
751.0622111970425 124.49944063427208 -1 0 0
746.9063670411983 132.53407266890412 -1 0 0
737.7635098983412 130.3176224524539 -1 0 0
724.1877523225836 129.2093973442288 -1 0 0
713.1055012403325 129.2093973442288 -1 0 0
725.8500899849213 116.46480859964005 -1 0 0
736.3782285130598 119.23537137020281 -1 0 0
747.7375358723672 117.29597743080889 -1 0 0
741.3652415000728 109.26134539617684 -1 0 0
749.1228172576485 109.53840167323312 -1 0 0
753.8327739676052 100.94965708448854 -1 0 0
751.8933800282113 93.46913760396906 -1 0 0
746.629310764142 102.33493846976991 -1 0 0
734.7158908507221 104.27433240916386 -1 0 0
726.1271462619775 103.16610730093873 -1 0 0
721.6942458290771 105.65961379444524 -1 0 0
718.9236830585144 102.33493846976991 -1 0 0
710.0578821927134 101.2267133615448 -1 0 0
713.1055012403325 111.20073933557079 -1 0 0
706.1790943139256 110.9236830585145 -1 0 0
702.8544189892502 103.44316357799502 -1 0 0
694.2656744005056 111.20073933557079 -1 0 0
693.1574492922806 105.10550124033269 -1 0 0
685.3998735347047 104.8284449632764 -1 0 0
687.8933800282113 114.52541466024611 -1 0 0
770.4561505909819 106.76783890267035 -1 0 0
772.1184882533195 100.1184882533197 -1 0 0
765.7461938810252 99.28731942215087 -1 0 0
762.9756311104624 99.28731942215087 -1 0 0
773.7808259156573 154.14446227929372 -1 0 0
353.62498175981295 163.91069604552743 -1 0 0
344.7591808940121 164.32628046111185 -1 0 0
779.8760640108954 208.86307699790842 -1 0 0
782.6466267814584 194.456150590982 -1 0 0
780.4301765650081 185.59034972518117 -1 0 0
791.5124276472591 182.81978695461837 -1 0 0
804.2570163918479 204.98428911912055 -1 0 0
797.6076657424973 197.78082591565737 -1 0 0
792.0665402013716 209.97130210613355 -1 0 0
808.1358042706357 196.11848825331967 -1 0 0
802.5946787295102 184.48212461695604 -1 0 0
805.3652415000729 177.83277396760542 -1 0 0
797.6076657424973 172.84576098059242 -1 0 0
801.486453621285 168.96697310180454 -1 0 0
788.7418648766962 166.75052288535431 -1 0 0
789.2959774308089 177.83277396760542 -1 0 0
803.1487912836227 151.78948392431533 -1 0 0
788.1877523225837 157.33060946544092 -1 0 0
790.9583150931466 137.9366700715015 -1 0 0
780.4301765650081 150.12714626197769 -1 0 0
801.486453621285 142.36957050440196 -1 0 0
794.8371029719344 145.1401332749647 -1 0 0
802.5946787295102 135.72021985505128 -1 0 0
809.7981419329735 124.08385621868766 -1 0 0
808.1358042706357 109.12281725764869 -1 0 0
797.0535531883847 114.66394279877423 -1 0 0
783.2007393355708 106.9063670411985 -1 0 0
777.1055012403327 101.36524150007295 -1 0 0
817.0016051364366 110.78515491998638 -1 0 0
823.6509557857872 106.35225448708593 -1 0 0
814.2310423658738 95.27000340483482 -1 0 0
841.9366700715016 83.07952721435862 -1 0 0
841.3825575173889 93.60766574249716 -1 0 0
835.8414319762634 104.13580427063573 -1 0 0
829.7461938810254 104.68991682474827 -1 0 0
841.9366700715016 118.54273067756213 -1 0 0
829.1920813269128 113.00160513643658 -1 0 0
819.2180553528868 122.42151855635001 -1 0 0
826.9756311104626 125.74619388102532 -1 0 0
835.2873194221509 132.39554453037596 -1 0 0
820.8803930152245 130.17909431392576 -1 0 0
830.3003064351379 138.49078262561406 -1 0 0
825.8674060022374 141.81545795028939 -1 0 0
818.6639427987742 140.1531202879517 -1 0 0
824.7591808940123 151.78948392431533 -1 0 0
812.0145921494235 151.78948392431533 -1 0 0
813.6769298117613 165.08818522301667 -1 0 0
823.0968432316747 168.96697310180454 -1 0 0
817.0016051364366 173.95398608881752 -1 0 0
825.8674060022374 185.59034972518117 -1 0 0
815.8933800282115 185.59034972518117 -1 0 0
819.7721679069995 195.0102631450946 -1 0 0
812.0145921494235 185.59034972518117 -1 0 0
830.8544189892505 198.3349384697699 -1 0 0
827.5297436645751 212.7418648766963 -1 0 0
815.3392674740988 209.417189552021 -1 0 0
841.9366700715016 212.7418648766963 -1 0 0
851.9106960455274 209.97130210613355 -1 0 0
864.1011722360037 223.27000340483485 -1 0 0
877.399873534705 216.62065275548417 -1 0 0
853.0189211537527 199.9972761321076 -1 0 0
872.9669731018046 198.88905102388247 -1 0 0
862.9929471277786 191.1314752663067 -1 0 0
881.2786614134928 199.9972761321076 -1 0 0
875.7375358723674 208.86307699790842 -1 0 0
896.2397003745318 215.51242764725907 -1 0 0
895.6855878204193 202.21372634855777 -1 0 0
917.2959774308088 215.51242764725907 -1 0 0
909.5384016732331 199.9972761321076 -1 0 0
905.1055012403327 193.34792548275692 -1 0 0
894.0232501580815 193.34792548275692 -1 0 0
899.5643756992072 190.02325015808154 -1 0 0
888.4821246169562 186.69857483340627 -1 0 0
876.8457609805924 187.25268738751885 -1 0 0
921.1747653095969 201.10550124033267 -1 0 0
936.6899168247483 197.78082591565737 -1 0 0
943.3392674740988 207.75485188968332 -1 0 0
956.6379687728001 208.86307699790842 -1 0 0
954.9756311104626 199.9972761321076 -1 0 0
949.434505569337 186.14446227929375 -1 0 0
936.1358042706357 185.59034972518117 -1 0 0
973.8154579502896 212.7418648766963 -1 0 0
990.4388345736661 214.40420253903397 -1 0 0
1005.399873534705 217.7288778637093 -1 0 0
1022.577362712194 213.29597743080885 -1 0 0
1022.577362712194 201.10550124033267 -1 0 0
1006.50809864293 202.21372634855777 -1 0 0
991.5470596818911 198.88905102388247 -1 0 0
979.9106960455274 199.9972761321076 -1 0 0
964.9496570844885 198.88905102388247 -1 0 0
966.6119947468261 188.36091249574392 -1 0 0
979.9106960455274 186.69857483340627 -1 0 0
994.317622452454 188.36091249574392 -1 0 0
1012.0492241840556 185.59034972518117 -1 0 0
1022.0232501580817 174.50809864293012 -1 0 0
1007.6163237511553 176.7245488593803 -1 0 0
1000.412860547692 176.7245488593803 -1 0 0
990.9929471277786 180.6033367381682 -1 0 0
982.6812588160902 175.06221119704261 -1 0 0
968.8284449632764 175.06221119704261 -1 0 0
954.4215185563501 174.50809864293012 -1 0 0
945.0016051364366 172.84576098059242 -1 0 0
930.0405661753975 176.7245488593803 -1 0 0
936.6899168247483 176.7245488593803 -1 0 0
896.7938129286443 176.7245488593803 -1 0 0
915.0795272143588 172.84576098059242 -1 0 0
920.6206527554841 162.3176224524539 -1 0 0
908.4301765650081 161.20939734422876 -1 0 0
895.6855878204193 162.3176224524539 -1 0 0
884.6033367381681 163.425847560679 -1 0 0
882.9409990758305 176.7245488593803 -1 0 0
867.425847560679 161.20939734422876 -1 0 0
864.6552847901162 167.30463543946686 -1 0 0
859.1141592489907 166.19641033124176 -1 0 0
849.6942458290773 163.97996011479154 -1 0 0
841.3825575173889 174.50809864293012 -1 0 0
854.6812588160902 174.50809864293012 -1 0 0
852.4648085996402 185.59034972518117 -1 0 0
839.1661073009387 186.14446227929375 -1 0 0
843.5990077338392 198.3349384697699 -1 0 0
831.408531543363 176.7245488593803 -1 0 0
836.395544530376 166.19641033124176 -1 0 0
838.0578821927136 149.57303370786514 -1 0 0
848.0319081667395 151.78948392431533 -1 0 0
859.1141592489907 154.56004669487814 -1 0 0
841.9366700715016 139.5990077338392 -1 0 0
847.477795612627 133.50376963860109 -1 0 0
850.2483583831898 122.42151855635001 -1 0 0
850.8024709373024 113.00160513643658 -1 0 0
857.4518215866531 108.56870470353614 -1 0 0
846.9236830585145 102.47346660829807 -1 0 0
851.3565834914149 103.58169171652315 -1 0 0
861.8847220195534 93.05355318838458 -1 0 0
852.4648085996402 93.05355318838458 -1 0 0
850.2483583831898 93.05355318838458 -1 0 0
853.5730337078652 83.07952721435862 -1 0 0
848.0319081667395 76.43017656500798 -1 0 0
862.4388345736661 83.07952721435862 -1 0 0
871.8587479935795 81.41718955202096 -1 0 0
869.6422977771292 93.05355318838458 -1 0 0
866.8717350065665 100.8111289459604 -1 0 0
857.4518215866531 101.36524150007295 -1 0 0
868.5340726689041 134.05788219271363 -1 0 0
860.7764969113283 120.2050683398998 -1 0 0
857.4518215866531 114.1098302446617 -1 0 0
862.4388345736661 110.2310423658738 -1 0 0
867.9799601147915 104.68991682474827 -1 0 0
880.7245488593803 110.78515491998638 -1 0 0
886.8197869546184 122.42151855635001 -1 0 0
879.0622111970428 131.8414319762634 -1 0 0
874.0751982100296 141.81545795028939 -1 0 0
864.1011722360037 140.1531202879517 -1 0 0
860.2223843572158 135.72021985505128 -1 0 0
868.5340726689041 151.78948392431533 -1 0 0
885.1574492922808 152.3435964784279 -1 0 0
896.2397003745318 147.35658349141494 -1 0 0
886.8197869546184 141.26134539617684 -1 0 0
891.2526873875188 131.8414319762634 -1 0 0
901.7808259156575 128.51675665158808 -1 0 0
904.5513886862201 108.56870470353614 -1 0 0
898.4561505909821 104.68991682474827 -1 0 0
892.9150250498565 92.49944063427206 -1 0 0
888.4821246169562 98.59467872951016 -1 0 0
879.6163237511553 93.05355318838458 -1 0 0
903.443163577995 89.72887786370927 -1 0 0
894.0232501580815 88.06654020137161 -1 0 0
863.5470596818911 63.685587820419265 -1 0 0
874.0751982100296 64.23970037453178 -1 0 0
882.386886521718 67.5643756992071 -1 0 0
854.6812588160902 64.23970037453178 -1 0 0
840.8284449632764 67.5643756992071 -1 0 0
857.4518215866531 73.10550124033266 -1 0 0
865.7635098983415 71.99727613210757 -1 0 0
874.6293107641421 71.443163577995 -1 0 0
890.1444622792937 73.10550124033266 -1 0 0
892.3609124957441 63.685587820419265 -1 0 0
900.6726008074322 60.36091249574394 -1 0 0
908.4301765650081 83.07952721435862 -1 0 0
911.7548518896834 70.33493846976991 -1 0 0
912.308964443796 59.80679994163137 -1 0 0
833.0708692057008 67.5643756992071 -1 0 0
925.0535531883847 60.91502504985646 -1 0 0
941.6769298117613 55.92801206284348 -1 0 0
933.9193540541854 67.5643756992071 -1 0 0
922.8371029719344 68.11848825331967 -1 0 0
902.33493846977 69.22671336154477 -1 0 0
897.9020380368694 81.97130210613354 -1 0 0
884.0492241840556 81.97130210613354 -1 0 0
877.399873534705 80.8630769979084 -1 0 0
911.2007393355707 94.71589085072223 -1 0 0
923.9453280801595 86.95831509314651 -1 0 0
915.6336397684713 86.95831509314651 -1 0 0
935.0275791624107 76.43017656500798 -1 0 0
949.434505569337 73.10550124033266 -1 0 0
952.7591808940123 60.91502504985646 -1 0 0
986.0059341407656 67.5643756992071 -1 0 0
968.8284449632764 65.34792548275692 -1 0 0
970.490782625614 54.81978695461839 -1 0 0
959.9626440974755 63.685587820419265 -1 0 0
1001.5210856559171 59.80679994163137 -1 0 0
1009.2786614134928 75.8760640108954 -1 0 0
1020.9150250498566 69.22671336154477 -1 0 0
1011.495111629943 87.51242764725903 -1 0 0
1001.5210856559171 84.18775232258372 -1 0 0
990.9929471277786 76.43017656500798 -1 0 0
944.4474925823241 93.05355318838458 -1 0 0
935.0275791624107 88.06654020137161 -1 0 0
929.486453621285 78.09251422734565 -1 0 0
920.0665402013716 77.53840167323307 -1 0 0
979.3565834914149 70.33493846976991 -1 0 0
961.6249817598133 78.09251422734565 -1 0 0
963.2873194221507 84.74186487669628 -1 0 0
969.9366700715015 86.95831509314651 -1 0 0
959.408531543363 93.60766574249716 -1 0 0
953.3132934481248 107.46047959531104 -1 0 0
943.8933800282114 106.35225448708593 -1 0 0
933.3652415000729 100.8111289459604 -1 0 0
925.6076657424973 101.36524150007295 -1 0 0
918.9583150931466 99.14879128362276 -1 0 0
928.37822851306 110.2310423658738 -1 0 0
916.1877523225837 122.42151855635001 -1 0 0
918.9583150931466 109.12281725764869 -1 0 0
907.3219514567828 116.88039301522447 -1 0 0
921.1747653095969 121.86740600223744 -1 0 0
932.2570163918479 120.2050683398998 -1 0 0
924.4994406342722 126.85441898925043 -1 0 0
915.0795272143588 128.51675665158808 -1 0 0
915.6336397684713 134.05788219271363 -1 0 0
910.6466267814582 134.61199474682618 -1 0 0
912.308964443796 143.47779561262703 -1 0 0
902.33493846977 135.72021985505128 -1 0 0
920.0665402013716 150.12714626197769 -1 0 0
911.2007393355707 152.3435964784279 -1 0 0
932.2570163918479 149.57303370786514 -1 0 0
934.4734666082982 143.47779561262703 -1 0 0
937.2440293788608 128.51675665158808 -1 0 0
923.9453280801595 137.38255751738893 -1 0 0
953.8674060022373 158.99294712777856 -1 0 0
945.5557176905492 158.99294712777856 -1 0 0
939.4604795953111 162.3176224524539 -1 0 0
962.7332068680383 138.49078262561406 -1 0 0
949.9886181234496 129.6249817598132 -1 0 0
948.326280461112 136.27433240916386 -1 0 0
962.7332068680383 126.85441898925043 -1 0 0
956.0838562186876 120.2050683398998 -1 0 0
945.0016051364366 118.54273067756213 -1 0 0
987.6682718031033 151.2353713702028 -1 0 0
975.477795612627 149.57303370786514 -1 0 0
967.7202198550514 129.6249817598132 -1 0 0
975.477795612627 138.49078262561406 -1 0 0
987.1141592489907 134.61199474682618 -1 0 0
975.477795612627 127.96264409747555 -1 0 0
991.5470596818911 124.08385621868766 -1 0 0
981.5730337078652 116.88039301522447 -1 0 0
970.490782625614 110.78515491998638 -1 0 0
980.4648085996402 105.2440293788608 -1 0 0
967.1661073009386 103.58169171652315 -1 0 0
966.0578821927136 94.71589085072223 -1 0 0
984.8977090325405 96.93234106717252 -1 0 0
973.8154579502896 95.27000340483482 -1 0 0
991.5470596818911 103.58169171652315 -1 0 0
1007.0622111970428 95.82411595894739 -1 0 0
1000.9669731018046 90.83710297193434 -1 0 0
1021.469137603969 79.75485188968331 -1 0 0
1019.8067999416313 99.70290383773529 -1 0 0
1001.5210856559171 124.08385621868766 -1 0 0
1005.399873534705 115.21805535288681 -1 0 0
1020.3609124957441 126.30030643513786 -1 0 0
1015.9280120628434 141.26134539617684 -1 0 0
1006.50809864293 141.81545795028939 -1 0 0
998.7505228853543 137.38255751738893 -1 0 0
997.0881852230168 145.6942458290773 -1 0 0
1011.495111629943 145.6942458290773 -1 0 0
1016.4821246169562 162.87173500656644 -1 0 0
1002.6293107641421 160.1011722360037 -1 0 0
974.9236830585145 165.08818522301667 -1 0 0
958.8544189892505 153.451821586653 -1 0 0
960.516756651588 159.5470596818911 -1 0 0
947.2180553528867 149.57303370786514 -1 0 0
937.7981419329735 147.9106960455275 -1 0 0
108.01459214942352 268.84576098059244 -1 0 0
121.31329344812482 270.23104236587375 -1 0 0
129.34792548275686 264.9669731018045 -1 0 0
135.72021985505123 269.9539860888175 -1 0 0
140.9842891191205 263.8587479935794 -1 0 0
148.46480859964 261.9193540541855 -1 0 0
153.1747653095967 266.90636704119845 -1 0 0
144.30896444379582 268.84576098059244 -1 0 0
130.73320686803825 279.65095578578723 -1 0 0
128.79381292864431 289.34792548275686 -1 0 0
139.32195145678284 293.7808259156573 -1 0 0
145.69424582907723 288.79381292864434 -1 0 0
155.66827180310318 291.84143197626344 -1 0 0
147.91069604552743 280.2050683398998 -1 0 0
165.6422977771292 290.17909431392576 -1 0 0
161.48645362128502 289.34792548275686 -1 0 0
157.0535531883846 285.46913760396905 -1 0 0
158.71589085072225 276.60333673816814 -1 0 0
153.72887786370927 273.27866141349284 -1 0 0
163.1487912836227 260.2570163918478 -1 0 0
159.82411595894735 266.3522544870859 -1 0 0
165.91935405418545 271.61632375115516 -1 0 0
170.35225448708587 276.3262804611119 -1 0 0
170.90636704119845 286.85441898925046 -1 0 0
180.60333673816814 289.90203803686944 -1 0 0
180.0492241840556 284.91502504985647 -1 0 0
193.34792548275686 284.91502504985647 -1 0 0
187.2526873875188 279.65095578578723 -1 0 0
180.88039301522443 272.72454885938026 -1 0 0
178.6639427987742 263.8587479935794 -1 0 0
172.5687047035361 260.2570163918478 -1 0 0
169.24402937886077 264.9669731018045 -1 0 0
185.8674060022374 259.1487912836227 -1 0 0
188.63796877280018 263.0275791624106 -1 0 0
189.19208132691273 267.7375358723673 -1 0 0
191.13147526630667 271.0622111970426 -1 0 0
198.3349384697699 278.8197869546184 -1 0 0
200.5513886862201 266.90636704119845 -1 0 0
196.94965708448848 259.1487912836227 -1 0 0
197.22671336154477 254.71589085072225 -1 0 0
204.43017656500797 254.16177829660973 -1 0 0
205.2613453961768 259.42584756067896 -1 0 0
228.2570163918478 263.3046354394669 -1 0 0
216.62065275548414 266.0751982100296 -1 0 0
215.51242764725907 261.9193540541855 -1 0 0
213.01892115375256 251.11415924899066 -1 0 0
213.29597743080882 258.31762245245386 -1 0 0
223.27000340483482 254.43883457366599 -1 0 0
232.9669731018045 274.9409990758305 -1 0 0
233.79814193297332 271.8933800282114 -1 0 0
222.43883457366599 275.7721679069993 -1 0 0
221.3306094654409 282.1444622792937 -1 0 0
209.41718955202097 281.0362371710686 -1 0 0
211.35658349141485 275.7721679069993 -1 0 0
210.52541466024604 268.01459214942355 -1 0 0
200.82844496327638 287.4085315433629 -1 0 0
229.08818522301664 281.5903497251811 -1 0 0
237.39987353470497 281.0362371710686 -1 0 0
249.31329344812488 279.65095578578723 -1 0 0
245.43450556933698 273.27866141349284 -1 0 0
245.71156184639324 268.01459214942355 -1 0 0
244.0492241840556 261.9193540541855 -1 0 0
242.3868865217179 258.31762245245386 -1 0 0
234.90636704119845 262.1964103312418 -1 0 0
233.79814193297332 252.22238435721576 -1 0 0
230.19641033124176 248.89770903254043 -1 0 0
242.10983024466165 250.28299041782185 -1 0 0
252.3609124957439 261.3652415000729 -1 0 0
252.6379687728002 256.3782285130599 -1 0 0
251.52974366457505 249.451821586653 -1 0 0
246.26567440050582 243.6336397684712 -1 0 0
257.34792548275686 244.7418648766963 -1 0 0
269.538401673233 254.16177829660973 -1 0 0
267.04489517972655 256.3782285130599 -1 0 0
265.10550124033267 258.31762245245386 -1 0 0
265.10550124033267 264.9669731018045 -1 0 0
266.4907826256141 273.0016051364366 -1 0 0
256.79381292864434 272.72454885938026 -1 0 0
277.85008998492145 262.1964103312418 -1 0 0
276.46480859964004 254.43883457366599 -1 0 0
286.1617782966097 268.01459214942355 -1 0 0
275.91069604552746 270.7851549199863 -1 0 0
274.5254146602461 266.90636704119845 -1 0 0
264.5513886862201 269.6769298117612 -1 0 0
295.5816917165232 266.0751982100296 -1 0 0
292.2570163918478 257.2093973442288 -1 0 0
293.6422977771292 263.0275791624106 -1 0 0
305.0016051364366 262.1964103312418 -1 0 0
320.5167566515881 259.1487912836227 -1 0 0
286.71589085072225 268.01459214942355 -1 0 0
342.9583150931466 285.19208132691267 -1 0 0
357.08818522301675 299.04489517972655 -1 0 0
369.27866141349296 291.0102631450945 -1 0 0
364.56870470353624 279.92801206284344 -1 0 0
378.6985748334063 264.4128605476919 -1 0 0
401.97130210613363 289.0708692057005 -1 0 0
406.1271462619778 287.68558782041913 -1 0 0
417.2093973442289 292.9496570844884 -1 0 0
419.70290383773533 291.0102631450945 -1 0 0
422.47346660829817 285.46913760396893 -1 0 0
427.1834233182548 282.1444622792936 -1 0 0
432.4474925823241 275.77216790699924 -1 0 0
436.326280461112 279.92801206284344 -1 0 0
439.09684323167477 293.50376963860094 -1 0 0
434.66394279877437 293.50376963860094 -1 0 0
428.8457609805925 291.28731942215074 -1 0 0
447.1314752663068 291.28731942215074 -1 0 0
441.31329344812497 289.9020380368694 -1 0 0
449.6249817598133 283.529743664575 -1 0 0
456.82844496327647 280.7591808940122 -1 0 0
459.3219514567829 280.7591808940122 -1 0 0
460.9842891191206 274.9409990758304 -1 0 0
463.4777956126271 271.0622111970425 -1 0 0
471.23537137020287 274.9409990758304 -1 0 0
473.1747653095968 273.00160513643647 -1 0 0
470.40420253903403 289.0708692057005 -1 0 0
459.3219514567829 290.4561505909819 -1 0 0
457.38255751738905 287.68558782041913 -1 0 0
451.287319422151 292.9496570844884 -1 0 0
468.7418648766964 295.1661073009386 -1 0 0
478.1617782966098 276.603336738168 -1 0 0
482.04056617539766 273.8327739676053 -1 0 0
490.9063670411985 277.7115618463932 -1 0 0
489.79814193297346 289.0708692057005 -1 0 0
491.1834233182549 294.3349384697698 -1 0 0
488.9669731018046 292.3955445303759 -1 0 0
484.5340726689042 292.3955445303759 -1 0 0
480.9323410671726 290.4561505909819 -1 0 0
482.8717350065665 285.19208132691267 -1 0 0
499.4951116299431 296.2743324091638 -1 0 0
504.4821246169562 292.9496570844884 -1 0 0
504.75918089401245 286.5773627121941 -1 0 0
503.92801206284366 281.5903497251811 -1 0 0
498.6639427987743 284.6379687728001 -1 0 0
505.31329344812497 269.95398608881743 -1 0 0
506.42151855635007 266.0751982100295 -1 0 0
509.7461938810254 263.5816917165231 -1 0 0
523.3219514567829 261.36524150007284 -1 0 0
526.369570504402 275.77216790699924 -1 0 0
529.6942458290773 282.1444622792936 -1 0 0
516.6726008074323 289.62498175981307 -1 0 0
520.5513886862202 298.76783890267023 -1 0 0
531.356583491415 300.1531202879516 -1 0 0
539.3912155260471 278.8197869546183 -1 0 0
538.0059341407656 267.18342331825465 -1 0 0
536.343596478428 275.2180553528867 -1 0 0
533.8500899849215 267.4604795953109 -1 0 0
473.7288778637094 307.9106960455274 -1 0 0
508.63796877280026 306.80247093730225 -1 0 0
480.37822851306004 332.84576098059233 -1 0 0
439.65095578578735 350.5773627121941 -1 0 0
332.1531202879518 356.6726008074322 -1 0 0
331.8760640108955 369.97130210613346 -1 0 0
302.23104236587386 350.85441898925035 -1 0 0
297.79814193297346 327.30463543946684 -1 0 0
490.0751982100297 349.46913760396893 -1 0 0
487.58169171652327 354.4561505909819 -1 0 0
508.63796877280026 340.0492241840555 -1 0 0
538.5600466948782 332.84576098059233 -1 0 0
536.343596478428 336.17043630526763 -1 0 0
535.7894839243155 346.69857483340616 -1 0 0
523.8760640108956 343.6509557857872 -1 0 0
526.369570504402 335.6163237511551 -1 0 0
521.9366700715017 336.7245488593802 -1 0 0
511.9626440974757 349.74619388102525 -1 0 0
500.32628046111193 352.79381292864423 -1 0 0
491.7375358723674 360.8284449632763 -1 0 0
477.33060946544094 364.1531202879516 -1 0 0
464.8630769979085 372.18775232258366 -1 0 0
492.2916484264799 372.4648085996399 -1 0 0
505.86740600223754 373.01892115375256 -1 0 0
526.9236830585145 352.2397003745317 -1 0 0
535.5124276472591 367.2007393355707 -1 0 0
529.4171895520211 366.36957050440185 -1 0 0
503.92801206284366 358.88905102388236 -1 0 0
540.4994406342722 354.4561505909819 -1 0 0
544.9323410671725 286.3003064351378 -1 0 0
544.9323410671725 279.6509557857872 -1 0 0
547.1487912836228 271.8933800282114 -1 0 0
547.9799601147917 261.08818522301664 -1 0 0
542.1617782966099 266.0751982100296 -1 0 0
558.2310423658738 263.8587479935794 -1 0 0
556.0145921494236 261.08818522301664 -1 0 0
564.8803930152246 259.14879128362264 -1 0 0
567.373899508731 254.16177829660967 -1 0 0
568.7591808940124 264.41286054769193 -1 0 0
574.5773627121941 261.9193540541855 -1 0 0
576.7938129286445 256.6552847901162 -1 0 0
578.7332068680383 269.6769298117612 -1 0 0
586.4907826256142 266.90636704119845 -1 0 0
590.369570504402 259.14879128362264 -1 0 0
583.4431635779952 258.0405661753976 -1 0 0
585.1055012403327 262.19641033124174 -1 0 0
610.8717350065665 256.3782285130599 -1 0 0
600.343596478428 255.54705968189108 -1 0 0
596.7418648766964 265.7981419329733 -1 0 0
601.4518215866531 270.7851549199863 -1 0 0
611.7029038377353 265.7981419329733 -1 0 0
606.7158908507224 262.19641033124174 -1 0 0
629.4345055693371 258.0405661753976 -1 0 0
616.412860547692 270.7851549199863 -1 0 0
625.2786614134928 261.9193540541855 -1 0 0
625.8327739676055 270.7851549199863 -1 0 0
633.0362371710687 264.96697310180446 -1 0 0
642.4561505909821 257.20939734422876 -1 0 0
642.7332068680383 263.0275791624106 -1 0 0
647.9972761321077 269.6769298117612 -1 0 0
638.0232501580816 269.9539860888175 -1 0 0
641.0708692057008 284.63796877280015 -1 0 0
629.7115618463934 286.02325015808157 -1 0 0
610.8717350065665 284.08385621868763 -1 0 0
597.5730337078652 286.8544189892504 -1 0 0
572.6379687728003 288.23970037453176 -1 0 0
559.0622111970428 284.91502504985647 -1 0 0
551.8587479935795 293.7808259156573 -1 0 0
544.1011722360038 298.21372634855777 -1 0 0
554.9063670411986 298.21372634855777 -1 0 0
556.0145921494236 301.53840167323307 -1 0 0
559.8933800282115 304.0319081667396 -1 0 0
567.6509557857872 303.477795612627 -1 0 0
569.3132934481249 293.22671336154474 -1 0 0
574.5773627121941 292.39554453037596 -1 0 0
515.5643756992072 281.0362371710686 -1 0 0
593.6942458290773 294.6119947468261 -1 0 0
589.2613453961769 291.8414319762634 -1 0 0
593.4171895520211 288.79381292864434 -1 0 0
606.4388345736661 290.7332068680383 -1 0 0
608.37822851306 292.39554453037596 -1 0 0
606.9929471277786 298.21372634855777 -1 0 0
597.2959774308089 309.2959774308088 -1 0 0
581.7808259156575 306.2483583831898 -1 0 0
584.2743324091639 297.6596137944452 -1 0 0
611.9799601147917 311.23537137020276 -1 0 0
603.3912155260471 302.9236830585145 -1 0 0
620.5687047035362 295.9972761321075 -1 0 0
616.6899168247484 303.7548518896833 -1 0 0
628.6033367381683 301.81545795028933 -1 0 0
625.0016051364366 317.05355318838457 -1 0 0
614.1964103312417 320.93234106717244 -1 0 0
605.6076657424973 321.4864536212851 -1 0 0
598.404202539034 329.2440293788607 -1 0 0
590.369570504402 324.8111289459604 -1 0 0
593.4171895520211 317.6076657424971 -1 0 0
586.2137263485578 317.6076657424971 -1 0 0
584.5513886862201 315.1141592489907 -1 0 0
578.4561505909821 322.8717350065664 -1 0 0
569.0362371710687 322.31762245245386 -1 0 0
575.4085315433631 326.7505228853543 -1 0 0
563.7721679069995 331.7375358723673 -1 0 0
556.8457609805926 332.5687047035361 -1 0 0
550.1964103312419 331.7375358723673 -1 0 0
545.7635098983415 338.38688652171794 -1 0 0
559.339267474099 343.92801206284344 -1 0 0
549.365241500073 348.3609124957439 -1 0 0
543.2700034048349 346.6985748334062 -1 0 0
543.5470596818913 357.22671336154474 -1 0 0
615.8587479935795 333.1228172576487 -1 0 0
613.9193540541855 326.7505228853543 -1 0 0
609.7635098983415 340.6033367381681 -1 0 0
593.9713021061336 338.38688652171794 -1 0 0
585.6596137944452 333.9539860888175 -1 0 0
577.347925482757 337.5557176905491 -1 0 0
569.8674060022375 334.50809864293 -1 0 0
568.2050683398999 339.7721679069993 -1 0 0
586.4907826256142 345.31329344812485 -1 0 0
592.5860207208522 351.4085315433629 -1 0 0
579.0102631450947 351.96264409747545 -1 0 0
577.6249817598133 345.5903497251811 -1 0 0
577.347925482757 356.39554453037596 -1 0 0
567.373899508731 362.21372634855777 -1 0 0
562.1098302446618 351.96264409747545 -1 0 0
565.4345055693371 365.26134539617675 -1 0 0
590.6466267814583 364.1531202879517 -1 0 0
600.8977090325405 363.8760640108954 -1 0 0
596.7418648766964 357.503769638601 -1 0 0
605.8847220195535 354.7332068680383 -1 0 0
622.2310423658738 342.8197869546184 -1 0 0
623.8933800282116 353.6249817598131 -1 0 0
627.218055352887 359.72021985505125 -1 0 0
631.6509557857872 353.34792548275686 -1 0 0
640.2397003745318 341.9886181234495 -1 0 0
638.5773627121943 335.8933800282114 -1 0 0
638.3003064351379 327.30463543946684 -1 0 0
626.386886521718 331.7375358723673 -1 0 0
622.5080986429302 327.8587479935794 -1 0 0
629.7115618463934 321.20939734422876 -1 0 0
633.3132934481249 309.8500899849214 -1 0 0
628.0492241840557 307.91069604552746 -1 0 0
638.5773627121943 309.57303370786514 -1 0 0
646.0578821927137 299.8760640108954 -1 0 0
641.347925482757 294.33493846976984 -1 0 0
628.326280461112 296.5513886862201 -1 0 0
650.2137263485578 307.91069604552746 -1 0 0
653.2613453961769 315.94532808015947 -1 0 0
654.369570504402 310.6812588160902 -1 0 0
659.0795272143588 317.6076657424971 -1 0 0
655.2007393355709 329.2440293788607 -1 0 0
646.33493846977 325.08818522301664 -1 0 0
637.469137603969 319.82411595894735 -1 0 0
656.8630769979085 333.6769298117612 -1 0 0
658.5254146602463 338.1098302446617 -1 0 0
651.5990077338392 333.1228172576487 -1 0 0
662.1271462619777 325.9193540541854 -1 0 0
671.8241159589475 317.33060946544083 -1 0 0
667.6682718031033 315.39121552604695 -1 0 0
668.7764969113283 305.41718955202094 -1 0 0
672.37822851306 300.43017656500797 -1 0 0
665.7288778637094 290.456150590982 -1 0 0
661.2959774308089 297.10550124033267 -1 0 0
660.1877523225837 271.0622111970426 -1 0 0
652.7072328420644 264.1358042706356 -1 0 0
657.4171895520211 263.0275791624106 -1 0 0
667.1141592489907 259.42584756067896 -1 0 0
676.8111289459604 263.30463543946684 -1 0 0
671.8241159589475 274.38688652171794 -1 0 0
680.1358042706357 271.6163237511551 -1 0 0
685.399873534705 268.8457609805924 -1 0 0
683.7375358723674 261.9193540541855 -1 0 0
698.4215185563501 261.9193540541855 -1 0 0
694.2656744005059 268.8457609805924 -1 0 0
701.1920813269129 271.0622111970426 -1 0 0
703.6855878204193 271.0622111970426 -1 0 0
709.503769638601 261.08818522301664 -1 0 0
712.2743324091639 266.90636704119845 -1 0 0
720.308964443796 264.96697310180446 -1 0 0
730.5600466948781 261.9193540541855 -1 0 0
739.1487912836228 263.0275791624106 -1 0 0
739.425847560679 270.23104236587375 -1 0 0
728.8977090325405 268.01459214942355 -1 0 0
726.6812588160903 277.71156184639324 -1 0 0
737.7635098983415 279.6509557857872 -1 0 0
736.9323410671725 287.96264409747545 -1 0 0
748.0145921494235 275.2180553528868 -1 0 0
746.0751982100296 308.7418648766963 -1 0 0
711.9972761321077 289.90203803686944 -1 0 0
750.7851549199863 295.1661073009387 -1 0 0
741.3652415000729 303.477795612627 -1 0 0
730.2829904178219 299.8760640108954 -1 0 0
733.8847220195535 297.93667007150145 -1 0 0
721.417189552021 296.2743324091638 -1 0 0
720.308964443796 304.30896444379584 -1 0 0
703.1314752663068 297.6596137944452 -1 0 0
695.3738995087309 297.93667007150145 -1 0 0
687.6163237511553 288.23970037453176 -1 0 0
682.352254487086 297.10550124033267 -1 0 0
691.2180553528868 304.0319081667396 -1 0 0
695.6509557857872 315.6682718031032 -1 0 0
696.2050683398998 309.2959774308088 -1 0 0
686.7851549199863 305.97130210613346 -1 0 0
707.0102631450947 313.451821586653 -1 0 0
708.1184882533197 297.6596137944452 -1 0 0
745.2440293788609 335.8933800282114 -1 0 0
749.399873534705 348.08385621868763 -1 0 0
715.3219514567829 336.72454885938026 -1 0 0
719.477795612627 320.93234106717244 -1 0 0
723.3565834914149 324.8111289459604 -1 0 0
676.2570163918479 336.72454885938026 -1 0 0
667.6682718031033 329.2440293788607 -1 0 0
674.0405661753977 325.64229777712916 -1 0 0
688.4474925823241 328.1358042706357 -1 0 0
688.1704363052678 322.31762245245386 -1 0 0
695.0968432316747 323.42584756067896 -1 0 0
682.0751982100296 340.6033367381681 -1 0 0
667.1141592489907 345.5903497251811 -1 0 0
647.7202198550514 344.48212461695607 -1 0 0
668.4994406342722 362.4907826256141 -1 0 0
665.1747653095969 359.1661073009387 -1 0 0
687.0622111970428 363.04489517972655 -1 0 0
683.7375358723674 355.5643756992071 -1 0 0
689.2786614134928 348.08385621868763 -1 0 0
708.395544530376 363.8760640108954 -1 0 0
706.7332068680382 357.503769638601 -1 0 0
719.2007393355708 355.5643756992071 -1 0 0
724.7418648766962 351.4085315433629 -1 0 0
748.8457609805924 315.94532808015947 -1 0 0
742.1964103312417 321.76350989834134 -1 0 0
746.352254487086 324.8111289459604 -1 0 0
730.8371029719344 319.5470596818911 -1 0 0
713.1055012403327 319.82411595894735 -1 0 0
713.1055012403327 331.7375358723673 -1 0 0
704.5167566515883 342.26567440050576 -1 0 0
712.2743324091639 349.1920813269127 -1 0 0
697.8674060022374 343.6509557857872 -1 0 0
757.4345055693371 269.1228172576486 -1 0 0
763.8067999416315 266.0751982100295 -1 0 0
754.386886521718 266.9063670411984 -1 0 0
758.5427306775622 278.542730677562 -1 0 0
767.6855878204193 268.84576098059233 -1 0 0
779.0448951797267 273.8327739676053 -1 0 0
776.5513886862202 270.7851549199862 -1 0 0
770.7332068680383 278.8197869546183 -1 0 0
784.8630769979086 290.7332068680382 -1 0 0
785.9713021061336 277.98861812344944 -1 0 0
792.0665402013717 275.495111629943 -1 0 0
849.9713021061336 268.84576098059233 -1 0 0
834.1790943139258 279.09684323167454 -1 0 0
829.7461938810254 278.542730677562 -1 0 0
824.7591808940124 280.7591808940122 -1 0 0
818.6639427987743 270.7851549199862 -1 0 0
801.2093973442289 265.2440293788607 -1 0 0
803.7029038377353 271.89338002821137 -1 0 0
807.8587479935795 281.03623717106854 -1 0 0
800.6552847901163 272.17043630526763 -1 0 0
787.9106960455275 270.7851549199862 -1 0 0
813.9539860888176 272.7245488593802 -1 0 0
827.8067999416315 269.67692981176117 -1 0 0
863.8241159589475 272.17043630526763 -1 0 0
853.0189211537527 276.0492241840555 -1 0 0
860.2223843572158 280.48212461695596 -1 0 0
847.2007393355709 280.2050683398997 -1 0 0
872.412860547692 273.8327739676053 -1 0 0
877.1228172576488 270.7851549199862 -1 0 0
888.2050683398998 275.77216790699924 -1 0 0
894.0232501580816 272.7245488593802 -1 0 0
879.339267474099 282.42151855634984 -1 0 0
870.7505228853543 289.3479254827568 -1 0 0
907.8760640108956 282.1444622792936 -1 0 0
912.5860207208522 276.6033367381681 -1 0 0
914.5254146602463 271.06221119704253 -1 0 0
923.391215526047 281.5903497251811 -1 0 0
928.9323410671725 276.88039301522434 -1 0 0
935.0275791624107 277.7115618463932 -1 0 0
948.8803930152245 276.6033367381681 -1 0 0
953.8674060022374 286.0232501580815 -1 0 0
943.8933800282115 289.9020380368694 -1 0 0
946.1098302446617 310.1271462619776 -1 0 0
942.5080986429302 307.9106960455274 -1 0 0
940.8457609805924 303.7548518896832 -1 0 0
930.0405661753977 307.9106960455274 -1 0 0
941.399873534705 314.56004669487805 -1 0 0
944.7245488593803 349.7461938810252 -1 0 0
934.1964103312417 318.4388345736659 -1 0 0
923.1141592489907 312.06654020137154 -1 0 0
913.1401332749648 307.3565834914148 -1 0 0
924.7764969113283 326.1964103312417 -1 0 0
917.0189211537527 320.10117223600355 -1 0 0
928.1011722360037 340.32628046111176 -1 0 0
933.0881852230168 363.5990077338391 -1 0 0
924.7764969113283 349.46913760396893 -1 0 0
952.4821246169562 358.88905102388236 -1 0 0
954.4215185563501 365.8154579502893 -1 0 0
947.2180553528868 361.10550124033256 -1 0 0
940.2916484264799 371.0795272143585 -1 0 0
919.2353713702029 368.86307699790837 -1 0 0
910.6466267814583 353.3479254827568 -1 0 0
902.33493846977 359.1661073009386 -1 0 0
895.408531543363 364.98428911912043 -1 0 0
905.382557517389 341.7115618463932 -1 0 0
892.0838562186876 346.1444622792936 -1 0 0
887.6509557857872 336.4474925823239 -1 0 0
874.6293107641422 328.1358042706356 -1 0 0
885.9886181234497 319.8241159589473 -1 0 0
885.434505569337 311.2353713702027 -1 0 0
881.0016051364366 310.6812588160902 -1 0 0
886.2656744005059 301.538401673233 -1 0 0
877.9539860888176 299.04489517972655 -1 0 0
876.2916484264799 306.2483583831897 -1 0 0
862.9929471277786 309.5730337078651 -1 0 0
852.1877523225837 305.41718955202083 -1 0 0
856.8977090325405 297.65961379444514 -1 0 0
847.477795612627 309.5730337078651 -1 0 0
844.4301765650081 303.47779561262695 -1 0 0
840.8284449632764 299.04489517972655 -1 0 0
835.287319422151 305.9713021061334 -1 0 0
837.7808259156575 293.22671336154474 -1 0 0
815.339267474099 295.1661073009386 -1 0 0
815.339267474099 307.3565834914148 -1 0 0
819.2180553528868 311.51242764725896 -1 0 0
822.8197869546184 321.2093973442287 -1 0 0
816.7245488593804 322.3176224524538 -1 0 0
814.5080986429302 317.88472201955335 -1 0 0
802.0405661753977 311.2353713702027 -1 0 0
801.2093973442289 318.99294712777845 -1 0 0
794.5600466948782 318.99294712777845 -1 0 0
791.2353713702029 330.62931076414213 -1 0 0
800.1011722360038 324.81112894596026 -1 0 0
785.4171895520211 325.6422977771291 -1 0 0
776.5513886862202 328.96697310180446 -1 0 0
769.0708692057008 337.55571769054905 -1 0 0
762.6985748334064 332.56870470353607 -1 0 0
754.9409990758305 328.1358042706356 -1 0 0
765.7461938810254 320.93234106717244 -1 0 0
757.7115618463934 308.74186487669624 -1 0 0
764.6379687728003 309.85008998492134 -1 0 0
775.9972761321077 303.47779561262695 -1 0 0
771.0102631450947 309.85008998492134 -1 0 0
780.7072328420644 314.56004669487805 -1 0 0
774.8890510238826 294.0578821927135 -1 0 0
758.5427306775622 294.6119947468261 -1 0 0
768.7938129286445 302.9236830585144 -1 0 0
762.1444622792939 303.47779561262695 -1 0 0
781.8154579502894 298.2137263485577 -1 0 0
787.356583491415 306.80247093730225 -1 0 0
800.6552847901163 302.09251422734553 -1 0 0
802.8717350065666 295.7202198550512 -1 0 0
794.8371029719345 299.04489517972655 -1 0 0
813.6769298117613 304.0319081667395 -1 0 0
810.0751982100297 330.62931076414213 -1 0 0
807.3046354394669 335.89338002821137 -1 0 0
791.2353713702029 348.63796877280015 -1 0 0
773.5037696386012 349.19208132691267 -1 0 0
802.5946787295102 344.7591808940122 -1 0 0
802.5946787295102 359.7202198550512 -1 0 0
808.412860547692 370.2483583831897 -1 0 0
772.1184882533198 361.10550124033256 -1 0 0
779.0448951797267 357.22671336154474 -1 0 0
782.9236830585145 357.22671336154474 -1 0 0
780.4301765650081 363.3219514567828 -1 0 0
761.8674060022375 365.538401673233 -1 0 0
749.6769298117613 366.36957050440185 -1 0 0
859.3912155260471 357.503769638601 -1 0 0
823.9280120628437 364.98428911912043 -1 0 0
833.9020380368696 360.55138868622004 -1 0 0
827.8067999416315 342.542730677562 -1 0 0
815.0622111970428 345.3132934481248 -1 0 0
835.5643756992072 328.68991682474814 -1 0 0
838.33493846977 324.81112894596026 -1 0 0
830.3003064351379 311.2353713702027 -1 0 0
853.0189211537527 332.0145921494235 -1 0 0
865.2093973442289 335.0622111970425 -1 0 0
846.9236830585145 322.04056617539754 -1 0 0
854.1271462619777 323.9799601147914 -1 0 0
846.0925142273458 343.6509557857871 -1 0 0
962.1790943139259 345.72887786370904 -1 0 0
962.1790943139259 335.7548518896831 -1 0 0
974.369570504402 330.2137263485576 -1 0 0
982.6812588160902 327.44316357799477 -1 0 0
988.2223843572158 336.86307699790825 -1 0 0
987.1141592489907 348.4994406342719 -1 0 0
992.1011722360037 355.70290383773505 -1 0 0
980.4648085996402 367.3392674740987 -1 0 0
991.5470596818911 390.6119947468259 -1 0 0
970.4907826256142 396.70723284206406 -1 0 0
974.9236830585145 410.56004669487794 -1 0 0
957.1920813269128 413.88472201955324 -1 0 0
962.1790943139259 421.642297777129 -1 0 0
943.339267474099 427.18342331825454 -1 0 0
940.5687047035361 412.2223843572156 -1 0 0
913.9713021061336 412.2223843572156 -1 0 0
924.4994406342722 410.56004669487794 -1 0 0
900.6726008074323 414.99294712777834 -1 0 0
904.5513886862201 392.2743324091636 -1 0 0
923.3912155260471 391.1661073009385 -1 0 0
920.0665402013717 379.5297436645749 -1 0 0
900.6726008074323 382.85441898925023 -1 0 0
891.8067999416315 378.9756311104623 -1 0 0
869.6422977771292 376.7591808940121 -1 0 0
911.7548518896834 331.32195145678264 -1 0 0
908.9842891191206 325.2267133615446 -1 0 0
906.2137263485578 317.4691376039688 -1 0 0
897.347925482757 306.94099907583035 -1 0 0
953.3132934481249 323.0102631450943 -1 0 0
953.3132934481249 317.4691376039688 -1 0 0
965.5037696386012 310.81978695461817 -1 0 0
957.1920813269128 295.3046354394667 -1 0 0
981.5730337078652 306.94099907583035 -1 0 0
978.8024709373025 313.590349725181 -1 0 0
982.6812588160902 314.6985748334061 -1 0 0
994.8717350065665 317.4691376039688 -1 0 0
1006.5080986429302 321.3479254827567 -1 0 0
1013.1574492922808 323.56437569920695 -1 0 0
1014.2656744005059 327.44316357799477 -1 0 0
1012.6033367381683 337.97130210613335 -1 0 0
1019.252687387519 339.633639768471 -1 0 0
1021.469137603969 351.8241159589472 -1 0 0
1003.1834233182549 340.74186487669607 -1 0 0
1016.4821246169562 365.1228172576485 -1 0 0
1005.9539860888177 354.59467872951 -1 0 0
994.8717350065665 408.89770903254026 -1 0 0
1020.9150250498566 447.1314752663065 -1 0 0
955.5297436645751 443.80679994163114 -1 0 0
948.8803930152245 454.33493846976967 -1 0 0
927.8241159589475 430.5080986429299 -1 0 0
913.9713021061336 441.59034972518094 -1 0 0
922.8371029719345 451.01026314509437 -1 0 0
884.0492241840557 418.87173500656627 -1 0 0
884.6033367381682 408.3435964784277 -1 0 0
897.347925482757 402.80247093730213 -1 0 0
880.1704363052679 434.38688652171777 -1 0 0
861.8847220195535 446.0232501580814 -1 0 0
840.8284449632764 435.49511162994287 -1 0 0
856.8977090325405 423.30463543946667 -1 0 0
854.6812588160903 418.3176224524537 -1 0 0
857.4518215866532 410.00593414076536 -1 0 0
829.1920813269128 407.7894839243151 -1 0 0
825.3132934481249 394.49078262561386 -1 0 0
812.5687047035361 386.7332068680381 -1 0 0
799.2700034048349 410.56004669487794 -1 0 0
799.2700034048349 401.1401332749645 -1 0 0
797.0535531883847 424.41286054769176 -1 0 0
807.0275791624107 414.99294712777834 -1 0 0
814.7851549199863 425.52108565591686 -1 0 0
818.6639427987743 441.59034972518094 -1 0 0
793.7288778637094 450.4561505909818 -1 0 0
793.1747653095968 442.69857483340604 -1 0 0
783.7548518896833 431.61632375115494 -1 0 0
783.7548518896833 425.52108565591686 -1 0 0
770.456150590982 434.38688652171777 -1 0 0
771.0102631450947 450.4561505909818 -1 0 0
762.1444622792937 451.01026314509437 -1 0 0
751.0622111970428 438.2656744005056 -1 0 0
738.317622452454 424.41286054769176 -1 0 0
723.356583491415 423.30463543946667 -1 0 0
732.7764969113283 456.55138868621987 -1 0 0
994.8717350065665 322.4561505909818 -1 0 0
1014.8197869546184 293.0881852230164 -1 0 0
1022.577362712194 288.10117223600344 -1 0 0
1023.1314752663068 264.8284449632762 -1 0 0
1010.9409990758305 267.59900773383896 -1 0 0
1004.8457609805927 288.10117223600344 -1 0 0
998.1964103312417 277.57303370786497 -1 0 0
992.6552847901164 292.5340726689039 -1 0 0
977.1401332749648 277.0189211537524 -1 0 0
966.6119947468262 277.57303370786497 -1 0 0
975.4777956126271 289.2093973442286 -1 0 0
966.0578821927137 295.85874799357924 -1 0 0
1005.399873534705 306.94099907583035 -1 0 0
1008.1704363052678 398.36957050440174 -1 0 0
999.8587479935793 371.77216790699913 -1 0 0
1005.9539860888177 361.7981419329731 -1 0 0
958.8544189892505 390.6119947468259 -1 0 0
932.2570163918479 397.2613453961766 -1 0 0
916.7418648766964 418.3176224524537 -1 0 0
911.2007393355708 432.7245488593801 -1 0 0
908.4301765650081 427.18342331825454 -1 0 0
434.66394279877426 449.3479254827567 -1 0 0
841.9366700715016 380.6379687728 -1 0 0
848.5860207208522 384.51675665158785 -1 0 0
868.5340726689042 365.1228172576485 -1 0 0
779.8760640108954 389.5037696386009 -1 0 0
784.8630769979085 407.7894839243151 -1 0 0
753.8327739676054 395.04489517972644 -1 0 0
739.9799601147917 386.7332068680381 -1 0 0
749.9539860888176 379.5297436645749 -1 0 0
743.3046354394669 410.56004669487794 -1 0 0
718.9236830585145 455.44316357799477 -1 0 0
701.7461938810253 455.44316357799477 -1 0 0
680.1358042706357 427.73753587236706 -1 0 0
687.339267474099 417.7635098983411 -1 0 0
681.7981419329734 454.33493846976967 -1 0 0
664.0665402013716 427.73753587236706 -1 0 0
655.2007393355708 429.9539860888173 -1 0 0
649.6596137944452 434.38688652171777 -1 0 0
641.9020380368695 449.9020380368692 -1 0 0
639.6855878204193 427.73753587236706 -1 0 0
645.7808259156574 405.0189211537524 -1 0 0
629.1574492922807 407.7894839243151 -1 0 0
622.5080986429301 417.7635098983411 -1 0 0
619.1834233182548 432.7245488593801 -1 0 0
622.5080986429301 447.1314752663065 -1 0 0
618.6293107641422 454.33493846976967 -1 0 0
649.6596137944452 456.55138868621987 -1 0 0
602.0059341407656 437.71156184639307 -1 0 0
581.503769638601 445.4691376039688 -1 0 0
583.7202198550514 426.62931076414196 -1 0 0
556.5687047035361 442.69857483340604 -1 0 0
556.0145921494235 405.0189211537524 -1 0 0
547.7029038377353 392.2743324091636 -1 0 0
556.5687047035361 385.62498175981295 -1 0 0
572.6379687728003 380.6379687728 -1 0 0
528.8630769979085 382.85441898925023 -1 0 0
524.430176565008 375.650955785787 -1 0 0
518.8890510238825 396.1531202879515 -1 0 0
527.7548518896833 426.0751982100294 -1 0 0
711.1661073009387 375.650955785787 -1 0 0
711.7202198550514 385.62498175981295 -1 0 0
701.1920813269128 389.5037696386009 -1 0 0
687.339267474099 394.49078262561386 -1 0 0
677.9193540541855 381.74619388102514 -1 0 0
654.0925142273456 381.74619388102514 -1 0 0
641.347925482757 371.77216790699913 -1 0 0
641.347925482757 361.2440293788606 -1 0 0
627.495111629943 374.5427306775619 -1 0 0
606.9929471277786 380.6379687728 -1 0 0
592.0319081667395 375.0968432316744 -1 0 0
598.6812588160903 386.7332068680381 -1 0 0
618.6293107641422 392.2743324091636 -1 0 0
588.1531202879518 390.6119947468259 -1 0 0
590.9236830585145 398.36957050440174 -1 0 0
598.1271462619777 414.43883457366576 -1 0 0
592.5860207208522 421.642297777129 -1 0 0
577.6249817598133 413.88472201955324 -1 0 0
569.8674060022374 414.99294712777834 -1 0 0
467.35658349141494 437.71156184639307 -1 0 0
436.88039301522446 342.9583150931464 -1 0 0
578.1790943139258 413.88472201955324 -1 0 0
780.430176565008 376.7591808940121 -1 0 0
768.7938129286443 374.5427306775619 -1 0 0
780.430176565008 420.5340726689039 -1 0 0
740.5340726689042 357.3652415000727 -1 0 0
733.330609465441 357.3652415000727 -1 0 0
741.0881852230167 365.1228172576485 -1 0 0
733.330609465441 363.4604795953108 -1 0 0
692.8803930152245 369.00160513643635 -1 0 0
665.1747653095968 410.56004669487794 -1 0 0
674.5946787295102 406.1271462619775 -1 0 0
684.5687047035361 402.80247093730213 -1 0 0
708.9496570844885 445.4691376039688 -1 0 0
660.1877523225837 500.32628046111193 -1 0 0
639.6855878204192 488.6899168247483 -1 0 0
613.0881852230167 479.8241159589475 -1 0 0
613.0881852230167 504.75918089401245 -1 0 0
602.0059341407655 475.39121552604706 -1 0 0
578.7332068680382 473.7288778637094 -1 0 0
558.7851549199863 467.63363976847126 -1 0 0
567.6509557857871 496.4474925823241 -1 0 0
543.2700034048348 493.6769298117613 -1 0 0
580.3955445303759 518.0578821927137 -1 0 0
665.7288778637093 526.9236830585145 -1 0 0
681.7981419329734 475.39121552604706 -1 0 0
711.7202198550513 501.4345055693371 -1 0 0
703.9626440974755 485.365241500073 -1 0 0
734.438834573666 518.0578821927137 -1 0 0
744.4128605476919 520.8284449632765 -1 0 0
747.7375358723673 506.42151855635007 -1 0 0
757.7115618463934 492.5687047035363 -1 0 0
777.6596137944452 493.6769298117613 -1 0 0
788.1877523225837 500.88039301522446 -1 0 0
789.2959774308088 518.0578821927137 -1 0 0
821.9886181234496 511.40853154336304 -1 0 0
837.503769638601 498.6639427987743 -1 0 0
831.408531543363 477.60766574249726 -1 0 0
800.9323410671725 479.8241159589475 -1 0 0
795.391215526047 463.2007393355709 -1 0 0
779.8760640108954 471.5124276472592 -1 0 0
756.0492241840556 473.17476530959686 -1 0 0
862.9929471277786 518.0578821927137 -1 0 0
885.7115618463934 508.08385621868774 -1 0 0
890.1444622792937 494.78515491998644 -1 0 0
867.9799601147915 482.59467872951024 -1 0 0
859.1141592489907 473.7288778637094 -1 0 0
858.560046694878 458.2137263485579 -1 0 0
906.2137263485578 475.39121552604706 -1 0 0
910.0925142273456 459.8760640108955 -1 0 0
975.477795612627 502.54273067756225 -1 0 0
982.1271462619777 525.8154579502894 -1 0 0
958.8544189892505 554.0751982100297 -1 0 0
937.2440293788608 566.8197869546185 -1 0 0
913.417189552021 578.4561505909821 -1 0 0
952.7591808940123 608.37822851306 -1 0 0
998.1964103312417 608.37822851306 -1 0 0
1021.469137603969 620.5687047035362 -1 0 0
909.5384016732331 654.369570504402 -1 0 0
874.6293107641421 659.9106960455276 -1 0 0
900.6726008074322 632.2050683398999 -1 0 0
834.7332068680383 632.7591808940124 -1 0 0
790.9583150931466 675.4258475606791 -1 0 0
770.456150590982 617.244029378861 -1 0 0
754.9409990758304 609.4864536212851 -1 0 0
690.6639427987742 598.9583150931466 -1 0 0
675.1487912836227 601.7288778637094 -1 0 0
677.9193540541854 588.9842891191206 -1 0 0
595.3565834914149 614.4734666082982 -1 0 0
552.1358042706357 571.8067999416315 -1 0 0
519.9972761321076 585.6596137944452 -1 0 0
137.1055012403327 436.6033367381681 -1 0 0
215.78948392431536 499.77216790699924 -1 0 0
217.45182158665304 571.2526873875188 -1 0 0
153.17476530959678 544.6552847901162 -1 0 0
173.67692981176128 500.3262804611118 -1 0 0
196.94965708448854 473.7288778637093 -1 0 0
186.97563111046256 446.5773627121941 -1 0 0
203.04489517972667 453.22671336154474 -1 0 0
239.6163237511552 446.02325015808157 -1 0 0
252.91502504985652 463.7548518896833 -1 0 0
333.8154579502894 494.2310423658738 -1 0 0
320.5167566515881 526.9236830585144 -1 0 0
374.8197869546185 561.8327739676052 -1 0 0
334.369570504402 570.1444622792937 -1 0 0
321.0708692057007 589.538401673233 -1 0 0
483.9799601147916 577.9020380368694 -1 0 0
445.7461938810254 565.1574492922806 -1 0 0
454.0578821927137 547.425847560679 -1 0 0
425.24402937886083 558.50809864293 -1 0 0
436.88039301522457 523.0448951797266 -1 0 0
408.62065275548423 523.0448951797266 -1 0 0
419.1487912836228 529.6942458290772 -1 0 0
383.1314752663068 512.516756651588 -1 0 0
387.01026314509465 502.542730677562 -1 0 0
387.01026314509465 478.71589085072225 -1 0 0
366.5080986429302 493.6769298117612 -1 0 0
405.85008998492157 494.7851549199863 -1 0 0
434.1098302446618 504.75918089401233 -1 0 0
442.42151855635007 493.1228172576486 -1 0 0
432.4474925823241 475.39121552604695 -1 0 0
475.6682718031033 492.01459214942355 -1 0 0
492.2916484264799 480.3782285130599 -1 0 0
521.1055012403327 486.473466608298 -1 0 0
528.308964443796 478.16177829660967 -1 0 0
507.8067999416315 480.93234106717244 -1 0 0
504.4821246169562 484.25701639184774 -1 0 0
505.0362371710687 469.8500899849214 -1 0 0
480.1011722360038 457.6596137944452 -1 0 0
483.4258475606791 434.94099907583046 -1 0 0
467.356583491415 443.25268738751873 -1 0 0
408.0665402013717 395.5990077338391 -1 0 0
423.5816917165232 390.0578821927136 -1 0 0
442.42151855635007 399.47779561262706 -1 0 0
451.8414319762636 392.2743324091638 -1 0 0
467.356583491415 385.6249817598131 -1 0 0
479.54705968189126 388.39554453037596 -1 0 0
476.2223843572159 403.3565834914149 -1 0 0
465.6942458290773 401.6942458290772 -1 0 0
483.9799601147916 402.2483583831897 -1 0 0
501.15744929228083 398.3695705044019 -1 0 0
493.95398608881754 386.7332068680383 -1 0 0
481.20939734422893 380.08385621868763 -1 0 0
531.6336397684712 393.38255751738893 -1 0 0
513.9020380368696 391.72021985505125 -1 0 0
504.4821246169562 418.31762245245386 -1 0 0
509.46913760396916 441.5903497251811 -1 0 0
497.2786614134929 433.83277396760536 -1 0 0
496.7245488593804 426.0751982100296 -1 0 0
492.2916484264799 448.2397003745317 -1 0 0
527.2007393355709 444.3609124957439 -1 0 0
527.2007393355709 460.9842891191205 -1 0 0
293.91935405418553 474.2829904178218 -1 0 0
373.71156184639335 482.0405661753976 -1 0 0
390.33493846976995 467.63363976847114 -1 0 0
375.92801206284355 460.9842891191205 -1 0 0
371.49511162994315 436.6033367381681 -1 0 0
367.6163237511552 421.08818522301664 -1 0 0
377.0362371710687 405.5730337078651 -1 0 0
363.1834233182549 394.4907826256141 -1 0 0
358.1964103312419 403.3565834914149 -1 0 0
349.33060946544094 410.5600466948781 -1 0 0
338.80247093730236 419.42584756067896 -1 0 0
337.1401332749647 439.3738995087309 -1 0 0
359.8587479935795 473.1747653095967 -1 0 0
297.79814193297335 447.1314752663067 -1 0 0
291.70290383773533 417.20939734422876 -1 0 0
307.7721679069994 418.31762245245386 -1 0 0
323.84143197626344 414.438834573666 -1 0 0
319.40853154336304 429.9539860888175 -1 0 0
330.4907826256141 421.08818522301664 -1 0 0
309.9886181234496 399.47779561262706 -1 0 0
301.1228172576488 401.6942458290772 -1 0 0
282.2829904178219 400.0319081667396 -1 0 0
284.49944063427205 407.78948392431533 -1 0 0
268.4301765650081 422.7505228853543 -1 0 0
257.347925482757 407.23537137020276 -1 0 0
262.33493846976995 387.8414319762634 -1 0 0
260.1184882533197 397.8154579502894 -1 0 0
259.01026314509465 398.3695705044019 -1 0 0
249.03623717106868 393.93667007150145 -1 0 0
241.2786614134929 402.2483583831897 -1 0 0
235.73753587236737 394.4907826256141 -1 0 0
231.85874799357947 409.451821586653 -1 0 0
244.60333673816825 427.18342331825477 -1 0 0
518.8890510238826 513.6249817598132 -1 0 0
500.6033367381682 531.3565834914149 -1 0 0
489.5210856559172 541.3306094654408 -1 0 0
462.92368305851454 531.9106960455274 -1 0 0
202.4907826256141 431.6163237511551 -1 0 0
199.16610730093876 403.3565834914149 -1 0 0
214.1271462619777 397.8154579502894 -1 0 0
200.27433240916392 383.96264409747545 -1 0 0
196.94965708448854 390.0578821927136 -1 0 0
219.66827180310327 382.3003064351378 -1 0 0
233.52108565591712 382.3003064351378 -1 0 0
190.85441898925046 360.6899168247482 -1 0 0
260.1184882533197 330.21372634855777 -1 0 0
193.0708692057007 376.75918089401233 -1 0 0
137.65961379444525 401.1401332749647 -1 0 0
127.68558782041929 383.96264409747545 -1 0 0
128.23970037453185 374.5427306775621 -1 0 0
118.81978695461842 366.23104236587375 -1 0 0
116.04922418405566 391.72021985505125 -1 0 0
97.76350989834137 393.93667007150145 -1 0 0
84.46480859964008 386.7332068680383 -1 0 0
73.93667007150154 391.72021985505125 -1 0 0
48.44749258232406 385.6249817598131 -1 0 0
30.16177829660976 388.39554453037596 -1 0 0
34.04056617539765 433.83277396760536 -1 0 0
72.82844496327643 431.0622111970426 -1 0 0
49.555717690549145 426.0751982100296 -1 0 0
99.97996011479157 424.96697310180446 -1 0 0
58.42151855635002 469.8500899849214 -1 0 0
111.06221119704269 413.33060946544083 -1 0 0
164.8111289459604 417.20939734422876 -1 0 0
155.94532808015953 411.6682718031032 -1 0 0
152.06654020137168 390.0578821927136 -1 0 0
170.90636704119854 395.5990077338391 -1 0 0
166.47346660829805 376.20506833989975 -1 0 0
177.0016051364366 373.9886181234495 -1 0 0
183.65095578578726 404.46480859964004 -1 0 0
189.74619388102536 423.8587479935794 -1 0 0
157.60766574249718 428.8457609805924 -1 0 0
401.41718955202106 445.46913760396905 -1 0 0
413.0535531883847 440.482124616956 -1 0 0
418.5946787295102 448.2397003745317 -1 0 0
418.5946787295102 428.8457609805924 -1 0 0
439.09684323167477 413.33060946544083 -1 0 0
463.4777956126272 421.08818522301664 -1 0 0
17.97130210613359 365.399873534705 -1 0 0
51.218055352886864 372.0492241840556 -1 0 0
58.975631110462594 363.18342331825477 -1 0 0
5.78082591565739 388.6726008074323 -1 0 0
226.31762245245395 457.38255751738893 -1 0 0
769.3479254827571 558.2310423658738 -1 0 0
725.0189211537527 546.0405661753975 -1 0 0
630.8197869546185 387.5643756992072 -1 0 0
758.2656744005059 413.05355318838457 -1 0 0
711.7202198550514 410.83710297193437 -1 0 0
707.287319422151 434.10983024466174 -1 0 0
