42.728842382534054 614.6646115103229 -1 0 0
64.64665060171214 614.0801366244781 -1 0 0
79.8429976336756 607.0664379943411 -1 0 0
75.02107982545644 592.0162096838388 -1 0 0
62.01651361541077 581.6417804600944 -1 0 0
50.1808971770546 590.4089037477657 -1 0 0
27.240257907648207 585.4408672180854 -1 0 0
15.989116355136796 569.6600453002771 -1 0 0
2.253956537785194 582.9568489532452 -1 0 0
69.03021224554774 562.2079905057566 -1 0 0
31.623819551483823 535.7605019212817 -1 0 0
60.84756384372126 532.2536526062132 -1 0 0
59.970851514954155 541.0207758938844 -1 0 0
50.03477845559341 519.6874425605512 -1 0 0
65.96171909486281 520.418036167857 -1 0 0
7.806467953310309 523.9248854829256 -1 0 0
33.52336293047926 517.0573055742498 -1 0 0
171.89779215422354 545.2582188162589 -1 0 0
161.23112548755688 538.390638907583 -1 0 0
183.29505242819616 535.0299083139757 -1 0 0
195.4229063094747 569.0755704144325 -1 0 0
205.79733553321896 578.5732873094096 -1 0 0
202.43660493961167 524.8015978116927 -1 0 0
181.83386521358426 505.2216891358936 -1 0 0
151.0028149852738 522.3175795468525 -1 0 0
168.68318028207742 505.36780785735476 -1 0 0
113.15806612682628 493.2399539760762 -1 0 0
97.08500676609569 509.459132058268 -1 0 0
69.03021224554774 500.10753388475206 -1 0 0
59.824732793492956 496.7468032911447 -1 0 0
51.64208439166647 500.6920087705968 -1 0 0
26.071308135958716 503.176027035437 -1 0 0
11.60555471130118 498.6463466701402 -1 0 0
21.979983935045468 487.10296767470635 -1 0 0
55.29505242819616 488.71027361077944 -1 0 0
80.42747251952036 482.5732873094095 -1 0 0
84.37267799897242 503.3221457568981 -1 0 0
123.09413918618701 486.22625534593925 -1 0 0
134.9297556245432 496.3084471267612 -1 0 0
141.35897936883543 485.4956617386333 -1 0 0
175.84299763367562 492.2171229258479 -1 0 0
185.19459580719158 492.2171229258479 -1 0 0
200.68318028207742 506.0984014646607 -1 0 0
206.82016658344727 496.01620968383884 -1 0 0
214.12610265650665 530.7924653916014 -1 0 0
96.50053188025095 491.6326480400032 -1 0 0
164.88409352408655 486.22625534593925 -1 0 0
182.27222137796784 483.59611835963784 -1 0 0
34.10783781632401 484.03447452402145 -1 0 0
22.418340099429027 522.9020544326972 -1 0 0
10.874961103995243 455.05734899304576 -1 0 0
25.48683325011397 455.2034677145069 -1 0 0
41.70601133230574 453.0116868925892 -1 0 0
49.011947405365106 458.41807958665305 -1 0 0
62.454869779794336 443.3678512761508 -1 0 0
50.91149078436054 441.3221891756942 -1 0 0
37.32244968847013 443.66008871907314 -1 0 0
30.308751058333133 433.57789693825123 -1 0 0
22.418340099429027 437.81533986062567 -1 0 0
6.929755624543191 443.513969997612 -1 0 0
1.523362930479258 393.8336047008083 -1 0 0
7.952586674771499 380.2445636049179 -1 0 0
22.71057754235141 354.3815499062878 -1 0 0
12.190029597145925 362.5641983081142 -1 0 0
12.043910875684743 355.84273712089964 -1 0 0
4.0073811953194465 358.7651115501233 -1 0 0
52.22655927751123 354.3815499062878 -1 0 0
43.897792154223545 354.52766862774894 -1 0 0
42.728842382534054 358.7651115501233 -1 0 0
46.82016658344729 347.95232616199553 -1 0 0
37.03021224554775 365.0482165729544 -1 0 0
30.600988501255515 361.1030110935024 -1 0 0
53.39550904920072 341.5231024177032 -1 0 0
62.30875105833314 338.60072798847955 -1 0 0
46.96628530490849 337.43177821679 -1 0 0
15.25852274783086 333.486572737338 -1 0 0
4.299618638241819 351.7514129199864 -1 0 0
26.65578302180346 349.2673946551462 -1 0 0
67.56902503093588 344.15323940400464 -1 0 0
81.30418484828748 338.74684670994077 -1 0 0
66.69231270216875 370.4546092670183 -1 0 0
62.16263233687195 370.8929654314019 -1 0 0
70.49139946015963 373.81533986062567 -1 0 0
76.77450448299068 372.79250881039735 -1 0 0
68.15349991678062 386.8199060706713 -1 0 0
93.57815745102721 379.3678512761508 -1 0 0
87.14893370673497 373.81533986062567 -1 0 0
92.84756384372126 355.84273712089964 -1 0 0
108.62838576152947 355.98885584236086 -1 0 0
112.13523507659798 374.2536960250092 -1 0 0
105.99824877522813 385.6509562989818 -1 0 0
119.29505242819614 375.7148832396211 -1 0 0
130.4000752592464 378.783376390306 -1 0 0
120.61012092134685 408.5915955683882 -1 0 0
114.91149078436054 423.2034677145069 -1 0 0
82.76537206289935 437.08474625331974 -1 0 0
91.3863766291094 459.29479191542015 -1 0 0
106.29048621815049 453.1578056140503 -1 0 0
116.22655927751121 451.40438095651604 -1 0 0
114.61925334143818 441.3221891756942 -1 0 0
128.93888804463452 427.8792668012649 -1 0 0
136.2448241176939 440.0071206825435 -1 0 0
140.48226704006828 462.21716634464394 -1 0 0
152.61012092134683 458.1258421437307 -1 0 0
155.97085151495412 445.55963209806856 -1 0 0
173.2128606473742 444.53680104784024 -1 0 0
179.64208439166643 438.69205218939277 -1 0 0
185.77907069303635 444.2445636049179 -1 0 0
185.9251894144975 427.5870293583426 -1 0 0
178.32701589851578 412.39068232637914 -1 0 0
160.50053188025095 431.5322348377946 -1 0 0
142.23569169760253 424.22629876473525 -1 0 0
146.76537206289936 388.5733307282056 -1 0 0
161.08500676609566 382.2902257053745 -1 0 0
129.96171909486281 407.56876451815987 -1 0 0
127.47770083002264 391.6418238788905 -1 0 0
139.02107982545647 368.99342205240646 -1 0 0
148.51879672043358 373.5231024177032 -1 0 0
155.67861407203176 371.03908415286304 -1 0 0
146.91149078436055 364.60986040857085 -1 0 0
136.39094283915503 368.2628284451006 -1 0 0
104.53706156061624 344.0071206825434 -1 0 0
117.39550904920071 335.5322348377946 -1 0 0
134.19916201723726 340.3541526460138 -1 0 0
137.26765516792216 345.3221891756941 -1 0 0
148.6649154418948 344.7377142898494 -1 0 0
138.72884238253403 354.6737873492101 -1 0 0
153.9251894144975 358.472874107201 -1 0 0
160.7927693231733 349.121275933685 -1 0 0
153.34071452865277 343.8610019610823 -1 0 0
174.5279291405249 351.7514129199864 -1 0 0
171.02107982545647 368.2628284451006 -1 0 0
179.64208439166643 465.13954077386774 -1 0 0
215.44117114965732 432.4089471665617 -1 0 0
218.3635455788811 407.1304083537764 -1 0 0
174.23569169760253 339.03908415286304 -1 0 0
190.01651361541076 340.3541526460138 -1 0 0
192.93888804463452 336.11670972363936 -1 0 0
198.19916201723728 333.3404540158768 -1 0 0
204.48226704006828 334.21716634464394 -1 0 0
210.0347784555934 340.9386275318585 -1 0 0
212.08044055605004 350.5824631482969 -1 0 0
198.34528073869842 353.797075020443 -1 0 0
189.8703948939496 354.3815499062878 -1 0 0
217.9251894144975 360.3724174861964 -1 0 0
215.14893370673494 371.9157964816302 -1 0 0
200.09870539623267 371.76967776016903 -1 0 0
193.81560037340162 372.3541526460138 -1 0 0
40.82929900353862 401.28565949532884 -1 0 0
71.36811178892675 408.7377142898494 -1 0 0
91.82473279349296 404.2080339245526 -1 0 0
159.76993827294498 332.4637416871097 -1 0 0
137.7060113323057 333.0482165729544 -1 0 0
28.116970236415334 303.67835355925575 -1 0 0
22.85669626381259 305.1395407738676 -1 0 0
26.2174268574199 314.1989015044612 -1 0 0
25.48683325011397 326.472874107201 -1 0 0
20.226559277511228 327.2034677145069 -1 0 0
19.057609505821723 320.6281252487535 -1 0 0
12.336148318607115 320.33588780583113 -1 0 0
1.6694816519404483 302.65552250902743 -1 0 0
1.6694816519404483 307.3313215957855 -1 0 0
60.26308895787652 319.6052941985252 -1 0 0
63.62381955148383 311.8610019610823 -1 0 0
65.66948165194044 302.0710476231827 -1 0 0
86.56445882089021 323.2582622350548 -1 0 0
60.84756384372126 329.10301109350235 -1 0 0
70.19916201723726 327.78794260035164 -1 0 0
131.4229063094747 327.2034677145069 -1 0 0
161.23112548755688 317.85186954099095 -1 0 0
173.5050980902966 324.8655681711279 -1 0 0
184.61012092134683 326.1806366642786 -1 0 0
192.06217571586737 322.81990607067127 -1 0 0
179.93432183458887 319.3130567556028 -1 0 0
134.9297556245432 313.9066640615389 -1 0 0
109.5050980902966 303.97059100217814 -1 0 0
112.71970996244275 297.10301109350235 -1 0 0
102.05304329577608 300.755979130032 -1 0 0
114.47313461997696 288.92036269167585 -1 0 0
101.90692457431486 308.9386275318585 -1 0 0
112.42747251952035 315.6600887190731 -1 0 0
104.97541772499982 322.9660247921325 -1 0 0
128.35441315878978 293.74228049989506 -1 0 0
136.97541772499983 292.5733307282056 -1 0 0
139.75167343276235 284.0984448834567 -1 0 0
145.59642229120982 285.85186954099095 -1 0 0
149.10327160627833 282.05278278300005 -1 0 0
145.88865973413226 277.3769836962421 -1 0 0
136.82929900353858 268.17150424418725 -1 0 0
123.67861407203178 271.67835355925575 -1 0 0
117.39550904920071 274.8929654314019 -1 0 0
110.23569169760255 281.9066640615389 -1 0 0
109.5050980902966 273.1395407738676 -1 0 0
118.71057754235142 264.9568923720411 -1 0 0
109.65121681175779 263.2034677145069 -1 0 0
101.76080585285368 263.0573489930457 -1 0 0
115.49596567020528 255.89753164144756 -1 0 0
104.53706156061624 251.22173255468954 -1 0 0
103.36811178892675 254.58246314829688 -1 0 0
101.03021224554777 249.17607045423293 -1 0 0
202.87496110399525 322.81990607067127 -1 0 0
15.696878912214423 249.17607045423293 -1 0 0
23.441171149657336 243.47744031724662 -1 0 0
30.308751058333133 249.02995173277174 -1 0 0
3.422906309474693 293.30392433551145 -1 0 0
25.048477085730408 297.24912981496357 -1 0 0
70.783636903082 254.29022570537447 -1 0 0
58.94802046472583 303.67835355925575 -1 0 0
50.91149078436054 319.02081931268043 -1 0 0
53.97998393504547 331.73314807980375 -1 0 0
139.60555471130118 254.29022570537447 -1 0 0
126.89322594417789 253.12127593368498 -1 0 0
146.47313461997697 255.60529419852517 -1 0 0
166.92975562454316 278.25369602500916 -1 0 0
188.99368256518244 280.1532394040046 -1 0 0
191.62381955148385 289.94319374190417 -1 0 0
195.71514375239707 285.85186954099095 -1 0 0
206.96628530490847 272.11670972363936 -1 0 0
203.45943598983996 264.81077365057996 -1 0 0
211.34984694874407 265.5413672578859 -1 0 0
191.03934466563905 269.48657273733795 -1 0 0
199.36811178892674 258.3815499062877 -1 0 0
204.6283857615295 247.2765270752375 -1 0 0
192.35441315878978 249.7605453400777 -1 0 0
184.17176475696326 248.445476846927 -1 0 0
218.3635455788811 254.43634442683566 -1 0 0
98.54619398070757 319.89753164144753 -1 0 0
129.81560037340165 263.0573489930457 -1 0 0
145.1580661268263 262.91123027158454 -1 0 0
152.4640021998856 263.0573489930457 -1 0 0
49.45030356974867 246.39981474647038 -1 0 0
173.5050980902966 314.49113894738366 -1 0 0
158.01651361541073 307.3313215957855 -1 0 0
154.5096643003423 299.29479191542015 -1 0 0
139.60555471130118 307.9157964816302 -1 0 0
140.77450448299064 313.6144266186165 -1 0 0
132.00738119531943 305.5778969382512 -1 0 0
120.46400219988567 355.6966183994384 -1 0 0
126.89322594417789 361.9797234222695 -1 0 0
192.35441315878978 351.75141291998636 -1 0 0
213.39550904920068 339.03908415286304 -1 0 0
219.82473279349298 341.2308649747809 -1 0 0
224.2082944373286 333.3404540158768 -1 0 0
212.08044055605004 317.55963209806856 -1 0 0
219.3863766291094 312.445476846927 -1 0 0
173.35897936883543 278.107577303548 -1 0 0
175.40464146929205 272.7011846094841 -1 0 0
213.10327160627833 257.797075020443 -1 0 0
226.54619398070756 293.1578056140503 -1 0 0
225.52336293047924 303.23999739487226 -1 0 0
228.44573735970297 303.97059100217814 -1 0 0
225.66948165194046 308.2080339245526 -1 0 0
226.98455014509113 370.74684670994077 -1 0 0
228.2996186382418 347.2217325546896 -1 0 0
26.801901743264644 235.29479191542015 -1 0 0
21.6877464921231 233.24912981496354 -1 0 0
33.23112548755688 232.37241748619638 -1 0 0
44.19002959714592 235.58702935834253 -1 0 0
47.25852274783085 226.08931246336533 -1 0 0
52.22655927751123 222.43634442683566 -1 0 0
60.70144512226008 219.36785127615073 -1 0 0
53.83386521358428 216.00712068254344 -1 0 0
78.82016658344729 217.7605453400777 -1 0 0
64.64665060171214 238.50940378756627 -1 0 0
67.71514375239705 224.1897690843699 -1 0 0
74.14436749668931 205.9249289017215 -1 0 0
51.49596567020529 195.69661839943842 -1 0 0
4.884093524086565 215.42264579669867 -1 0 0
4.884093524086565 209.5778969382512 -1 0 0
20.66491544189479 210.74684670994068 -1 0 0
29.724276172488388 207.67835355925575 -1 0 0
14.527929140524924 235.29479191542015 -1 0 0
8.683180282077435 227.69661839943842 -1 0 0
2.8384314236299475 232.37241748619638 -1 0 0
21.833865213584282 216.00712068254344 -1 0 0
14.820166583447296 198.32675538573977 -1 0 0
45.797335533218984 178.74684670994068 -1 0 0
96.64665060171214 241.13954077386765 -1 0 0
115.20372822728291 233.3952485364247 -1 0 0
132.15349991678065 248.73771428984938 -1 0 0
134.05304329577606 238.80164123048866 -1 0 0
129.0850067660957 243.18520287432426 -1 0 0
126.45486977979434 245.8153398606256 -1 0 0
139.02107982545647 212.35415264601374 -1 0 0
122.50966430034228 219.07561383322837 -1 0 0
121.77907069303635 227.11214351359365 -1 0 0
96.79276932317332 212.50027136747494 -1 0 0
95.47770083002264 212.93862753185851 -1 0 0
115.49596567020528 239.53223483779456 -1 0 0
192.7927693231733 206.5094037875663 -1 0 0
187.24025790764819 216.00712068254344 -1 0 0
207.40464146929205 174.0710476231827 -1 0 0
205.6512168117578 179.9157964816302 -1 0 0
213.97998393504548 219.07561383322837 -1 0 0
211.78820311312765 212.35415264601374 -1 0 0
192.06217571586737 227.98885584236078 -1 0 0
181.24939032773955 228.7194494496667 -1 0 0
227.86126247385823 250.49113894738363 -1 0 0
222.7471072227167 251.07561383322837 -1 0 0
224.64665060171217 236.90209785149318 -1 0 0
227.86126247385823 229.0116868925891 -1 0 0
201.26765516792221 207.093878673411 -1 0 0
209.74254101267104 199.64182387889048 -1 0 0
225.96171909486284 203.8792668012649 -1 0 0
226.98455014509113 211.47744031724662 -1 0 0
203.89779215422354 201.83360470080828 -1 0 0
205.79733553321896 196.57333072820552 -1 0 0
193.81560037340162 173.48657273733792 -1 0 0
180.08044055605 173.48657273733792 -1 0 0
201.26765516792221 158.43634442683566 -1 0 0
192.06217571586737 158.1441069839133 -1 0 0
198.783636903082 155.07561383322837 -1 0 0
207.40464146929205 156.39068232637905 -1 0 0
226.69231270216872 152.59159556838816 -1 0 0
226.10783781632398 161.79707502044295 -1 0 0
192.06217571586737 187.3678512761507 -1 0 0
211.64208439166646 148.64639008893607 -1 0 0
201.26765516792221 149.37698369624204 -1 0 0
215.44117114965732 149.37698369624204 -1 0 0
120.17176475696327 218.05278278300003 -1 0 0
196.88409352408655 205.48657273733792 -1 0 0
194.40007525924642 218.3450202259224 -1 0 0
203.45943598983996 220.6829197693014 -1 0 0
210.61925334143814 229.8883992213562 -1 0 0
216.4640021998856 211.4774403172466 -1 0 0
225.23112548755688 191.8975316414475 -1 0 0
223.769938272945 191.31305675560276 -1 0 0
220.99368256518244 181.5231024177032 -1 0 0
209.88865973413226 243.91579648163017 -1 0 0
58.36354557888108 186.4911389473836 -1 0 0
62.16263233687195 181.23086497478087 -1 0 0
45.06674192591305 193.066481413137 -1 0 0
68.00738119531944 178.45460926701833 -1 0 0
72.68318028207744 196.28109328528313 -1 0 0
72.09870539623269 207.67835355925575 -1 0 0
343.6603492318491 454.60081482607154 -1 0 0
352.7197099624427 446.1259289813227 -1 0 0
367.03934466563913 449.9250157393136 -1 0 0
377.852130053767 444.95697920963323 -1 0 0
365.8703948939496 424.7925956479894 -1 0 0
357.1032716062784 432.39076916397113 -1 0 0
344.2448241176939 427.7149700772131 -1 0 0
335.76993827294507 430.34510706351443 -1 0 0
331.3863766291094 432.39076916397113 -1 0 0
327.2950524281962 447.29487875301226 -1 0 0
287.8429976336756 450.80172806808076 -1 0 0
292.2265592775112 432.97524404981584 -1 0 0
269.72427617248843 449.04830341054645 -1 0 0
263.2950524281962 453.1396276114597 -1 0 0
291.0576095058218 422.74693354753276 -1 0 0
321.1580661268263 425.3770705338341 -1 0 0
320.57359124098156 416.3177098032406 -1 0 0
319.98911635513684 395.8610887986743 -1 0 0
342.19916201723726 412.81086048817207 -1 0 0
355.9343218345889 413.3953353740168 -1 0 0
382.23569169760253 402.29031254296655 -1 0 0
366.4548697797943 379.78802943794375 -1 0 0
394.8019017432647 384.4638285247017 -1 0 0
417.5964222912099 353.1944221320077 -1 0 0
418.18089717705465 362.838257748446 -1 0 0
426.07130813595876 366.05286962059216 -1 0 0
423.4411711496574 378.03460478040944 -1 0 0
433.0850067660957 358.162458661688 -1 0 0
443.6055547113012 365.46839473474733 -1 0 0
447.9891163551368 374.2355180224186 -1 0 0
455.0028149852738 376.86565500871995 -1 0 0
463.76993827294507 395.27661391282953 -1 0 0
456.17176475696334 400.2446504425099 -1 0 0
438.63751818162086 396.4455636845191 -1 0 0
435.42290630947474 404.9204495292679 -1 0 0
427.24025790764824 402.87478742881126 -1 0 0
433.3772442090181 419.24008423246426 -1 0 0
439.51423051038796 418.0711344607748 -1 0 0
449.74254101267104 412.2263856023273 -1 0 0
446.527929140525 446.4181664242451 -1 0 0
402.10783781632404 448.7560659676241 -1 0 0
412.6283857615295 451.67844039684786 -1 0 0
394.5096643003423 431.51405683520403 -1 0 0
413.50509809029666 416.02547236031813 -1 0 0
407.6603492318491 414.27204770278394 -1 0 0
363.5324953505706 408.135061401414 -1 0 0
270.3087510583332 403.1670248717337 -1 0 0
288.135235076598 401.70583765712183 -1 0 0
292.51879672043367 408.135061401414 -1 0 0
459.9708515149542 360.2081207621446 -1 0 0
456.75623964280805 353.7788970178524 -1 0 0
457.04847708573044 349.10309793109434 -1 0 0
466.10783781632404 342.0893993009574 -1 0 0
474.87496110399525 343.2583490726469 -1 0 0
483.6420843916665 343.2583490726469 -1 0 0
443.31331726837885 352.3177098032406 -1 0 0
435.71514375239707 337.99807510004416 -1 0 0
442.7288423825341 336.5368878854323 -1 0 0
447.9891163551368 339.1670248717337 -1 0 0
452.66491544189483 337.12136277127706 -1 0 0
464.93888804463455 331.568851355752 -1 0 0
436.5918560811642 322.5094906251583 -1 0 0
431.91605699440623 320.17159108177935 -1 0 0
452.66491544189483 325.1396276114597 -1 0 0
458.8019017432647 323.9706778397702 -1 0 0
461.43203872956605 315.78802943794375 -1 0 0
452.66491544189483 318.4181664242451 -1 0 0
445.9434542546802 316.080266880866 -1 0 0
470.783636903082 314.03460478040944 -1 0 0
473.121536446461 321.04830341054645 -1 0 0
469.9069245743149 304.3907691639711 -1 0 0
473.7060113323058 306.1441938215054 -1 0 0
468.1534999167807 323.9706778397702 -1 0 0
483.6420843916665 320.4638285247017 -1 0 0
480.7197099624427 329.52318925529534 -1 0 0
493.2859200081049 313.45012989456467 -1 0 0
502.92975562454325 320.4638285247017 -1 0 0
496.20829443732856 339.459262314656 -1 0 0
496.50053188025095 332.7378011274414 -1 0 0
492.4092076793377 328.93871436945057 -1 0 0
504.97541772499983 329.8154266982177 -1 0 0
504.39094283915506 342.0893993009574 -1 0 0
508.19002959714595 344.135061401414 -1 0 0
511.1124040263697 340.04373720050074 -1 0 0
484.811034163356 347.6419107164825 -1 0 0
490.07130813595876 343.84282395849164 -1 0 0
515.4959656702054 335.0757006708205 -1 0 0
535.0758743460044 348.5186230452496 -1 0 0
523.9708515149541 343.2583490726469 -1 0 0
519.0028149852739 347.9341481594049 -1 0 0
508.19002959714595 351.148760031551 -1 0 0
483.6420843916665 359.03917099045515 -1 0 0
480.4274725195204 366.92958194935926 -1 0 0
496.50053188025095 370.1441938215054 -1 0 0
550.8566962638126 355.82455911830897 -1 0 0
554.9480204647258 350.56428514570626 -1 0 0
559.9160569944062 352.3177098032406 -1 0 0
556.9936825651826 343.84282395849164 -1 0 0
565.7608058528537 343.2583490726469 -1 0 0
550.5644588208902 374.52775546534104 -1 0 0
566.0530432957761 379.4957919950213 -1 0 0
554.9480204647258 401.12136277127706 -1 0 0
531.2767875880135 389.1396276114597 -1 0 0
518.7105775423514 399.6601755566652 -1 0 0
512.8658286839039 389.7241024973044 -1 0 0
485.39550904920077 413.9798102598615 -1 0 0
495.91605699440623 413.3953353740168 -1 0 0
504.6831802820775 411.9341481594049 -1 0 0
478.38181041906375 452.55515272561496 -1 0 0
485.39550904920077 460.1533262415967 -1 0 0
501.4685684099313 447.5871161959345 -1 0 0
439.51423051038796 444.08026688086613 -1 0 0
471.07587434600435 413.9798102598615 -1 0 0
485.9799839350455 402.29031254296655 -1 0 0
470.783636903082 375.4044677941081 -1 0 0
483.6420843916665 379.78802943794375 -1 0 0
482.76537206289936 337.4136002141994 -1 0 0
511.1124040263697 332.4455636845191 -1 0 0
542.6740478619861 307.0209061502725 -1 0 0
550.2722213779679 299.13049519136837 -1 0 0
561.9617190948628 307.31314359319487 -1 0 0
568.0987053962327 304.0985317210487 -1 0 0
564.8840935240867 295.03917099045515 -1 0 0
552.3178834784245 285.68757281693917 -1 0 0
542.6740478619861 283.34967327356014 -1 0 0
537.7060113323058 292.40903400415374 -1 0 0
538.2904862181505 296.500358205067 -1 0 0
540.0439108756848 300.00720752013547 -1 0 0
527.4777008300226 282.472960944793 -1 0 0
523.3863766291095 290.9478467895419 -1 0 0
525.432038729566 302.92958194935926 -1 0 0
532.1534999167807 310.52775546534093 -1 0 0
538.5827236610729 317.24921665255556 -1 0 0
546.1808971770546 317.83369153840033 -1 0 0
544.1352350765981 328.06200204068347 -1 0 0
554.9480204647258 324.2629152826926 -1 0 0
592.6466506017123 303.514056835204 -1 0 0
213.32244968847016 378.6190796662542 -1 0 0
590.0165136154108 430.34510706351443 -1 0 0
577.4503035697487 429.176157291825 -1 0 0
568.6831802820774 423.62364587629986 -1 0 0
550.8566962638126 432.97524404981584 -1 0 0
545.0119474053652 449.9250157393136 -1 0 0
539.7516734327625 458.6921390269848 -1 0 0
561.0850067660958 458.6921390269848 -1 0 0
561.6694816519404 417.1944221320077 -1 0 0
541.5050980902967 417.48665957493 -1 0 0
533.0302122455478 428.59168240598024 -1 0 0
530.107837816324 420.11679656123135 -1 0 0
532.7379748026254 412.81086048817207 -1 0 0
525.1398012866437 416.9021846890853 -1 0 0
512.2813537980592 439.9889426799528 -1 0 0
503.51423051038796 430.6373445064369 -1 0 0
541.5050980902967 385.9250157393136 -1 0 0
562.2539565377853 391.1852897119163 -1 0 0
576.2813537980592 387.6784403968478 -1 0 0
583.879527314041 387.6784403968478 -1 0 0
587.6786140720318 390.3085773831492 -1 0 0
597.3224496884701 402.29031254296655 -1 0 0
586.5096643003424 405.5049244151127 -1 0 0
579.2037282272829 408.4272988443364 -1 0 0
613.9799839350455 397.61451345620856 -1 0 0
597.0302122455478 379.20355455209904 -1 0 0
604.9206232044519 371.31314359319487 -1 0 0
523.3863766291095 364.29944496305785 -1 0 0
535.6603492318492 370.7286687073501 -1 0 0
565.7608058528537 362.838257748446 -1 0 0
573.9434542546801 354.36337190369716 -1 0 0
589.7242761724884 353.1944221320077 -1 0 0
583.0028149852737 359.03917099045515 -1 0 0
580.3726779989726 338.29031254296655 -1 0 0
572.7745044829907 335.36793811374275 -1 0 0
512.8658286839039 376.5734175657976 -1 0 0
505.8521300537669 371.31314359319487 -1 0 0
540.0439108756848 347.9341481594049 -1 0 0
544.4274725195204 344.135061401414 -1 0 0
534.4913994601596 333.90675089913094 -1 0 0
522.2174268574199 325.1396276114597 -1 0 0
514.9114907843606 328.3542394836058 -1 0 0
521.9251894144975 336.5368878854323 -1 0 0
559.3315821085615 321.04830341054645 -1 0 0
567.2219930674656 326.3085773831492 -1 0 0
577.4503035697487 328.3542394836058 -1 0 0
582.7105775423514 318.4181664242451 -1 0 0
587.094139186187 311.9889426799528 -1 0 0
584.1717647569632 297.9615454196788 -1 0 0
579.2037282272829 292.9935088899985 -1 0 0
635.6055547113012 378.6190796662542 -1 0 0
656.9388880446345 408.135061401414 -1 0 0
590.3087510583332 423.33140843337753 -1 0 0
686.1626323368721 412.81086048817207 -1 0 0
675.3498469487441 422.45469610461043 -1 0 0
706.0347784555934 400.2446504425099 -1 0 0
706.9114907843605 382.4181664242451 -1 0 0
694.3452807386985 376.5734175657976 -1 0 0
680.3178834784245 391.7697645977611 -1 0 0
688.2082944373286 387.6784403968478 -1 0 0
670.3818104190638 387.09396551100303 -1 0 0
664.5370615606163 383.29487875301226 -1 0 0
652.555326400799 390.0163399402268 -1 0 0
655.7699382729451 375.9889426799528 -1 0 0
660.7379748026254 373.9432805794962 -1 0 0
676.5187967204336 372.77433080780673 -1 0 0
682.0713081359588 371.31314359319487 -1 0 0
686.4548697797943 352.3177098032406 -1 0 0
689.6694816519404 335.6601755566652 -1 0 0
628.0073811953195 371.8976184790396 -1 0 0
646.4183400994292 370.1441938215054 -1 0 0
638.527929140525 369.2674814927382 -1 0 0
635.6055547113012 364.8839198489026 -1 0 0
646.1261026565066 362.838257748446 -1 0 0
682.9480204647258 363.42273263429075 -1 0 0
660.445737359703 364.8839198489026 -1 0 0
619.5324953505706 335.6601755566652 -1 0 0
608.4274725195203 327.1852897119163 -1 0 0
624.500531880251 324.55515272561496 -1 0 0
627.1306688665525 327.1852897119163 -1 0 0
632.9754177249998 332.7378011274414 -1 0 0
658.6923127021688 328.93871436945057 -1 0 0
678.5644588208902 336.8291253283546 -1 0 0
517.8338652135843 307.0209061502725 -1 0 0
514.3270158985158 287.73323491739575 -1 0 0
503.80646795331035 283.6419107164825 -1 0 0
494.4548697797943 286.85652258862865 -1 0 0
492.70144512226005 282.18072350187066 -1 0 0
479.5507601907533 282.472960944793 -1 0 0
488.9023583642692 292.9935088899985 -1 0 0
473.41377388938344 295.03917099045515 -1 0 0
455.2950524281962 307.8976184790396 -1 0 0
439.80646795331035 304.3907691639711 -1 0 0
463.4777008300226 302.92958194935926 -1 0 0
491.824732793493 300.00720752013547 -1 0 0
512.5735912409816 247.4044677941081 -1 0 0
526.3087510583332 247.69670523703044 -1 0 0
537.9982487752281 243.6053810361172 -1 0 0
557.8703948939497 240.9752440498158 -1 0 0
488.9023583642692 247.9889426799528 -1 0 0
504.39094283915506 246.52775546534096 -1 0 0
499.42290630947474 239.80629427812633 -1 0 0
488.61012092134683 240.9752440498158 -1 0 0
481.88865973413226 239.80629427812633 -1 0 0
473.7060113323058 240.0985317210487 -1 0 0
501.7608058528537 236.00720752013547 -1 0 0
514.9114907843606 236.29944496305782 -1 0 0
529.5233629304793 233.66930797675647 -1 0 0
545.8886597341323 229.57798377584325 -1 0 0
551.7334085925797 225.7788970178524 -1 0 0
559.9160569944062 225.48665957492997 -1 0 0
540.3361483186071 226.65560934661946 -1 0 0
570.1443674966894 233.08483309091173 -1 0 0
575.9891163551367 239.80629427812633 -1 0 0
577.742541012671 250.91131710917657 -1 0 0
559.9160569944062 248.86565500871995 -1 0 0
580.6649154418948 237.46839473474736 -1 0 0
591.7699382729451 243.6053810361172 -1 0 0
602.2904862181505 238.9295819493592 -1 0 0
606.9662853049085 243.02090615027248 -1 0 0
522.5096643003424 221.9798102598615 -1 0 0
528.6466506017122 210.87478742881126 -1 0 0
531.8612624738583 217.88848605894825 -1 0 0
520.1717647569633 214.67387418680212 -1 0 0
507.89779215422357 214.96611162972448 -1 0 0
505.2676551679222 212.33597464342316 -1 0 0
497.9617190948628 213.50492441511264 -1 0 0
488.61012092134683 226.65560934661946 -1 0 0
483.34984694874413 224.3177098032405 -1 0 0
502.92975562454325 225.7788970178524 -1 0 0
510.23569169760253 228.11679656123135 -1 0 0
515.2037282272829 226.94784678954187 -1 0 0
498.2539565377852 233.66930797675647 -1 0 0
561.6694816519404 217.59624861602586 -1 0 0
551.4411711496574 218.472960944793 -1 0 0
573.6512168117578 216.42729884433638 -1 0 0
584.4640021998857 219.05743583063776 -1 0 0
587.9708515149541 209.70583765712178 -1 0 0
623.0393446656392 226.3633719036971 -1 0 0
613.9799839350455 222.56428514570624 -1 0 0
628.2996186382419 240.3907691639711 -1 0 0
646.4183400994292 313.74236733748705 -1 0 0
644.6649154418948 305.5597189356606 -1 0 0
460.8475638437213 220.51862304524963 -1 0 0
465.8156003734017 228.11679656123135 -1 0 0
472.5370615606163 222.56428514570624 -1 0 0
476.9206232044519 226.94784678954187 -1 0 0
492.4092076793377 215.2583490726469 -1 0 0
687.3315821085615 297.6693079767565 -1 0 0
699.8977921542235 301.7606321776697 -1 0 0
686.4548697797943 316.37250432378846 -1 0 0
675.3498469487441 314.9113171091766 -1 0 0
417.3041848482875 271.9524129995875 -1 0 0
424.3178834784245 270.19898834205327 -1 0 0
432.50053188025095 271.3679381137428 -1 0 0
429.2859200081049 265.81542669821766 -1 0 0
428.11697023641534 253.24921665255556 -1 0 0
417.5964222912099 262.60081482607154 -1 0 0
415.5507601907533 247.69670523703044 -1 0 0
426.07130813595876 234.83825774844598 -1 0 0
434.83843142362997 232.2081207621446 -1 0 0
443.31331726837885 242.4364312644277 -1 0 0
459.6786140720318 233.66930797675647 -1 0 0
448.28135379805923 233.66930797675647 -1 0 0
446.2356916976026 234.2537828626012 -1 0 0
446.527929140525 222.56428514570624 -1 0 0
443.02107982545647 224.02547236031813 -1 0 0
454.7105775423514 225.19442213200762 -1 0 0
458.2174268574199 209.99807510004413 -1 0 0
464.64665060171217 210.5825499858889 -1 0 0
470.49139946015964 209.70583765712178 -1 0 0
469.32244968847016 215.2583490726469 -1 0 0
478.96628530490847 209.70583765712178 -1 0 0
476.6283857615295 213.50492441511264 -1 0 0
483.34984694874413 212.33597464342316 -1 0 0
489.7790706930364 205.61451345620853 -1 0 0
495.03934466563913 208.24465044250988 -1 0 0
500.59185608116417 205.61451345620853 -1 0 0
505.5598926108446 204.15332624159663 -1 0 0
512.5735912409816 198.89305226899393 -1 0 0
520.1717647569633 200.35423948360577 -1 0 0
527.1854633871003 203.27661391282953 -1 0 0
531.5690250309359 199.18528971191628 -1 0 0
539.45943598984 199.18528971191628 -1 0 0
560.2082944373286 196.26291528269255 -1 0 0
558.7471072227166 205.32227601328614 -1 0 0
566.9297556245432 204.15332624159663 -1 0 0
566.6375181816209 209.4136002141994 -1 0 0
573.3589793688355 204.44556368451904 -1 0 0
544.4274725195204 209.4136002141994 -1 0 0
535.0758743460044 214.0893993009574 -1 0 0
488.61012092134683 196.26291528269255 -1 0 0
465.52336293047927 204.44556368451904 -1 0 0
469.61468713139254 201.81542669821766 -1 0 0
461.43203872956605 204.44556368451904 -1 0 0
460.26308895787656 200.64647692652818 -1 0 0
464.93888804463455 193.92501573931355 -1 0 0
457.04847708573044 193.92501573931355 -1 0 0
481.0119474053651 203.27661391282953 -1 0 0
452.0804405560501 215.2583490726469 -1 0 0
444.48226704006834 216.13506140141402 -1 0 0
434.83843142362997 210.5825499858889 -1 0 0
441.8521300537669 208.24465044250988 -1 0 0
431.33158210856146 221.10309793109437 -1 0 0
435.42290630947474 216.71953628725873 -1 0 0
437.176330967009 227.24008423246423 -1 0 0
440.6831802820775 231.62364587629986 -1 0 0
411.7516734327624 224.02547236031813 -1 0 0
417.88865973413226 228.99350888999848 -1 0 0
421.3955090492007 221.9798102598615 -1 0 0
410.58272366107286 230.74693354753273 -1 0 0
400.93888804463455 228.4090340041537 -1 0 0
396.8475638437213 228.4090340041537 -1 0 0
400.06217571586745 214.96611162972448 -1 0 0
406.49139946015964 216.42729884433638 -1 0 0
394.2174268574199 216.13506140141402 -1 0 0
411.16719854691763 200.93871436945054 -1 0 0
416.7197099624427 209.99807510004413 -1 0 0
414.67404786198614 208.53688788543226 -1 0 0
417.5964222912099 207.0757006708204 -1 0 0
422.8566962638126 202.98437646990715 -1 0 0
433.3772442090181 198.89305226899393 -1 0 0
440.6831802820775 201.81542669821766 -1 0 0
447.1124040263697 199.18528971191628 -1 0 0
432.20829443732856 205.61451345620853 -1 0 0
423.73340859257974 193.92501573931355 -1 0 0
429.2859200081049 194.2172531822359 -1 0 0
435.71514375239707 192.75606596762404 -1 0 0
450.32701589851587 194.5094906251583 -1 0 0
469.61468713139254 194.2172531822359 -1 0 0
522.2174268574199 226.94784678954187 -1 0 0
407.07587434600435 271.07570067082037 -1 0 0
396.26308895787656 271.3679381137428 -1 0 0
393.34071452865277 264.93871436945057 -1 0 0
404.1534999167807 258.8017280680807 -1 0 0
391.58728987111857 247.69670523703044 -1 0 0
398.8932259441779 238.34510706351443 -1 0 0
399.4777008300226 251.78802943794366 -1 0 0
392.46400219988567 203.27661391282953 -1 0 0
388.08044055605006 202.6921390269848 -1 0 0
391.8795273140409 200.0620020406834 -1 0 0
388.95715288481716 212.33597464342316 -1 0 0
385.1580661268263 205.90675089913088 -1 0 0
381.35897936883543 210.5825499858889 -1 0 0
383.4046414692921 200.35423948360577 -1 0 0
388.08044055605006 230.45469610461035 -1 0 0
379.6055547113012 225.48665957492997 -1 0 0
380.19002959714595 218.76519838771537 -1 0 0
382.23569169760253 233.37707053383411 -1 0 0
381.35897936883543 262.3085773831492 -1 0 0
374.92975562454325 268.7378011274414 -1 0 0
371.71514375239707 263.47752715483864 -1 0 0
364.7014451222601 262.01633994022677 -1 0 0
362.0713081359587 266.69213902698476 -1 0 0
360.0256460355021 271.66017555666514 -1 0 0
360.9023583642692 276.3359746434231 -1 0 0
369.3772442090181 253.54145409547792 -1 0 0
358.5644588208903 252.9569792096332 -1 0 0
365.2859200081049 247.4044677941081 -1 0 0
371.71514375239707 242.4364312644277 -1 0 0
353.88865973413226 256.1715910817793 -1 0 0
623.3315821085615 360.2081207621446 -1 0 0
369.3772442090181 259.3862029539254 -1 0 0
367.33158210856146 231.0391709904551 -1 0 0
362.3635455788811 216.71953628725873 -1 0 0
354.47313461997703 222.8565225886286 -1 0 0
336.93888804463455 233.66930797675647 -1 0 0
345.121536446461 229.57798377584325 -1 0 0
335.18546338710036 258.5094906251583 -1 0 0
338.10783781632404 272.5368878854323 -1 0 0
348.92062320445194 271.9524129995875 -1 0 0
343.07587434600435 266.10766414114005 -1 0 0
330.2174268574199 260.8473901685373 -1 0 0
330.5096643003423 249.15789245164234 -1 0 0
319.1124040263697 255.58711619593456 -1 0 0
328.17176475696334 273.99807510004416 -1 0 0
323.7882031131277 271.66017555666514 -1 0 0
316.48226704006834 281.0117737301811 -1 0 0
312.97541772499983 288.9021846890853 -1 0 0
307.71514375239707 295.62364587629986 -1 0 0
291.9343218345889 302.92958194935926 -1 0 0
301.2859200081049 300.8839198489026 -1 0 0
267.67861407203185 371.60538103611725 -1 0 0
267.9708515149542 353.7788970178524 -1 0 0
269.72427617248843 339.1670248717337 -1 0 0
265.63295197157515 330.10766414114005 -1 0 0
271.4777008300227 322.8017280680807 -1 0 0
264.46400219988567 321.04830341054645 -1 0 0
275.2767875880135 312.28118012287524 -1 0 0
279.9525866747715 310.52775546534093 -1 0 0
284.6283857615295 297.6693079767565 -1 0 0
272.64665060171217 302.6373445064369 -1 0 0
262.7105775423514 309.35880569365145 -1 0 0
257.7425410126711 309.35880569365145 -1 0 0
264.75623964280805 299.42273263429075 -1 0 0
293.39550904920077 283.34967327356014 -1 0 0
299.82473279349296 287.73323491739575 -1 0 0
307.71514375239707 282.18072350187066 -1 0 0
299.82473279349296 273.99807510004416 -1 0 0
300.1169702364154 279.5505865155693 -1 0 0
287.8429976336756 274.5825499858889 -1 0 0
286.9662853049085 282.18072350187066 -1 0 0
294.27222137796787 267.86108879867425 -1 0 0
275.2767875880135 272.8291253283546 -1 0 0
264.46400219988567 274.29031254296655 -1 0 0
259.2037282272829 268.445563684519 -1 0 0
277.61468713139254 267.27661391282953 -1 0 0
258.3270158985158 263.47752715483864 -1 0 0
257.7425410126711 256.1715910817793 -1 0 0
271.76993827294507 238.34510706351443 -1 0 0
264.17176475696334 247.69670523703044 -1 0 0
260.66491544189483 235.7149700772131 -1 0 0
260.08044055605006 226.65560934661946 -1 0 0
273.23112548755694 224.02547236031813 -1 0 0
285.79733553321904 224.60994724616285 -1 0 0
296.0256460355021 225.19442213200762 -1 0 0
313.5598926108446 230.74693354753273 -1 0 0
316.7745044829907 244.7743308078067 -1 0 0
317.35897936883543 237.17615729182498 -1 0 0
326.1261026565067 241.26748149273823 -1 0 0
310.3452807386985 245.35880569365145 -1 0 0
304.2082944373286 254.71040386716746 -1 0 0
310.6375181816208 260.55515272561496 -1 0 0
305.6694816519405 264.93871436945057 -1 0 0
312.3909428391551 276.9204495292679 -1 0 0
315.8977921542236 273.7058376571218 -1 0 0
385.45030356974866 248.86565500871995 -1 0 0
351.25852274783085 229.28574633292084 -1 0 0
340.7379748026254 239.80629427812633 -1 0 0
376.3909428391551 209.99807510004413 -1 0 0
378.43660493961175 202.6921390269848 -1 0 0
374.92975562454325 197.13962761145967 -1 0 0
351.8429976336756 198.30857738314916 -1 0 0
356.811034163356 212.6282120863455 -1 0 0
267.094139186187 211.45926231465603 -1 0 0
259.2037282272829 205.32227601328614 -1 0 0
263.87952731404096 201.52318925529528 -1 0 0
275.2767875880135 199.18528971191628 -1 0 0
272.06217571586745 205.32227601328614 -1 0 0
276.1534999167807 211.45926231465603 -1 0 0
284.6283857615295 200.35423948360577 -1 0 0
287.8429976336756 213.50492441511264 -1 0 0
297.486833250114 213.50492441511264 -1 0 0
305.6694816519405 208.53688788543226 -1 0 0
310.0530432957761 212.33597464342316 -1 0 0
315.8977921542236 219.34967327356011 -1 0 0
307.42290630947474 223.148760031551 -1 0 0
331.67861407203185 207.95241299958752 -1 0 0
328.75623964280805 221.9798102598615 -1 0 0
323.2037282272829 216.13506140141402 -1 0 0
319.4046414692921 212.04373720050074 -1 0 0
326.7105775423514 208.24465044250988 -1 0 0
318.527929140525 195.38620295392542 -1 0 0
312.6831802820775 198.89305226899393 -1 0 0
335.4777008300226 193.04830341054642 -1 0 0
335.18546338710036 228.4090340041537 -1 0 0
350.9662853049085 209.70583765712178 -1 0 0
341.6146871313925 221.10309793109437 -1 0 0
342.49139946015964 209.99807510004413 -1 0 0
341.6146871313925 194.2172531822359 -1 0 0
363.5324953505706 201.81542669821766 -1 0 0
275.5690250309359 423.9158833192223 -1 0 0
335.4777008300226 206.19898834205327 -1 0 0
301.5781574510272 197.7241024973044 -1 0 0
292.81103416335594 205.90675089913088 -1 0 0
556.70144512226 285.10309793109434 -1 0 0
641.4503035697487 380.66474176671085 -1 0 0
288.135235076598 236.00720752013547 -1 0 0
291.9343218345889 238.63734450643688 -1 0 0
358.8566962638126 219.34967327356011 -1 0 0
420.811034163356 282.472960944793 -1 0 0
484.5187967204336 286.85652258862865 -1 0 0
310.92975562454325 202.98437646990715 -1 0 0
330.5096643003423 202.6921390269848 -1 0 0
342.49139946015964 201.52318925529528 -1 0 0
267.67861407203185 208.82912532835465 -1 0 0
557.8703948939497 214.96611162972448 -1 0 0
602.2904862181505 204.44556368451904 -1 0 0
324.95715288481716 231.91588331922222 -1 0 0
321.4503035697487 230.74693354753273 -1 0 0
284.3361483186071 243.6053810361172 -1 0 0
275.13066886655236 553.5231892552954 -1 0 0
314.8749611039952 501.50492441511267 -1 0 0
339.42290630947474 499.16702487173376 -1 0 0
289.1580661268263 486.893052268994 -1 0 0
296.17176475696334 479.29487875301226 -1 0 0
235.38637662910938 499.16702487173376 -1 0 0
344.53706156061634 494.72858186975816 -1 0 0
319.6968789122145 482.162371824096 -1 0 0
332.55532640079895 471.9340613218129 -1 0 0
315.02107982545647 467.25826223505493 -1 0 0
275.8612624738583 471.34958643596815 -1 0 0
282.58272366107286 461.12127593368507 -1 0 0
294.85669626381264 461.99798826245217 -1 0 0
242.5461939807076 475.14867319395904 -1 0 0
208.93888804463458 472.5185362076577 -1 0 0
227.34984694874416 460.8290384907627 -1 0 0
225.30418484828752 444.4637416871097 -1 0 0
249.5598926108446 449.13954077386774 -1 0 0
254.2356916976026 436.2810932852832 -1 0 0
257.1580661268263 420.500271367475 -1 0 0
375.8064679533104 464.6281252487535 -1 0 0
390.1261026565067 464.9203626916759 -1 0 0
380.48226704006834 477.77881018026034 -1 0 0
373.76080585285376 475.14867319395904 -1 0 0
367.03934466563913 485.96145858208683 -1 0 0
357.1032716062784 485.3769836962421 -1 0 0
376.3909428391551 502.6189928286622 -1 0 0
388.08044055605006 497.3587188560595 -1 0 0
404.1534999167807 492.09844488345675 -1 0 0
419.93432183458896 487.4226457966987 -1 0 0
405.3224496884702 474.56419830811427 -1 0 0
411.45943598984 469.88839922135634 -1 0 0
436.2996186382419 484.20803392455264 -1 0 0
404.44573735970306 523.0756138332284 -1 0 0
431.33158210856146 543.2399973948723 -1 0 0
407.07587434600447 576.2628284451006 -1 0 0
359.148933706735 573.9249289017216 -1 0 0
433.9617190948629 570.4180795866531 -1 0 0
350.6740478619862 561.0664814131371 -1 0 0
469.61468713139254 547.9157964816303 -1 0 0
473.99824877522815 597.8883992213563 -1 0 0
504.3909428391551 552.5915955683882 -1 0 0
550.8566962638126 580.0619152030915 -1 0 0
566.3452807386985 568.3724174861965 -1 0 0
544.1352350765981 565.4500430569727 -1 0 0
310.63751818162086 493.55963209806856 -1 0 0
297.1945958071916 501.7422804998951 -1 0 0
295.44117114965746 492.6829197693014 -1 0 0
442.7288423825341 470.76511155012344 -1 0 0
450.0347784555935 467.25826223505493 -1 0 0
492.70144512226017 478.6555225090275 -1 0 0
528.9388880446345 487.4226457966987 -1 0 0
538.5827236610729 485.3769836962421 -1 0 0
546.473134619977 479.824472280717 -1 0 0
547.3498469487441 499.1121435135937 -1 0 0
523.6786140720318 505.24912981496357 -1 0 0
521.9251894144976 525.4135133766074 -1 0 0
552.0256460355021 523.6600887190732 -1 0 0
558.7471072227167 520.1532394040047 -1 0 0
549.6877464921231 514.3084905455572 -1 0 0
571.8977921542237 526.8747005912193 -1 0 0
601.121536446461 515.7696777601691 -1 0 0
600.2448241176938 554.3450202259224 -1 0 0
607.2585227478309 555.8062074405344 -1 0 0
557.8703948939497 559.6052941985251 -1 0 0
608.7197099624428 524.244563604918 -1 0 0
592.0621757158674 502.6189928286622 -1 0 0
571.8977921542237 490.0527827830001 -1 0 0
547.6420843916666 470.1806366642786 -1 0 0
507.6055547113012 478.36328506610516 -1 0 0
467.56902503093596 475.73314807980375 -1 0 0
453.2493903277396 497.9431937419042 -1 0 0
439.2219930674656 511.0938786734111 -1 0 0
428.70144512226017 515.7696777601691 -1 0 0
431.62381955148385 532.7194494496667 -1 0 0
451.49596567020535 533.3039243355116 -1 0 0
445.0667419259131 530.9660247921325 -1 0 0
470.1991620172373 521.6144266186166 -1 0 0
479.2585227478309 513.7240156597124 -1 0 0
416.42747251952045 514.3084905455572 -1 0 0
412.33614831860706 397.7057508195298 -1 0 0
572.190029597146 436.2810932852832 -1 0 0
537.4137738893834 585.9066640615389 -1 0 0
419.0576095058218 476.6098604085709 -1 0 0
487.148933706735 357.3769836962421 -1 0 0
483.34984694874413 535.9340613218129 -1 0 0
483.6420843916665 523.6600887190732 -1 0 0
494.16263233687204 522.7833763903061 -1 0 0
602.5827236610729 481.8701343811736 -1 0 0
608.4274725195203 461.99798826245217 -1 0 0
578.3270158985159 383.38611611633337 -1 0 0
479.5507601907533 490.0527827830001 -1 0 0
487.148933706735 493.2673946551463 -1 0 0
549.9799839350455 543.824472280717 -1 0 0
495.3315821085615 584.7377142898495 -1 0 0
293.39550904920077 544.7011846094841 -1 0 0
231.4411711496574 545.2856594953289 -1 0 0
261.2493903277396 511.6783535592558 -1 0 0
159.55076019075327 466.67378734921016 -1 0 0
224.7197099624428 407.05734899304576 -1 0 0
240.20829443732865 375.49570515742937 -1 0 0
246.05304329577612 358.5459334679316 -1 0 0
236.1169702364154 351.824472280717 -1 0 0
223.2585227478309 354.162371824096 -1 0 0
256.865828683904 372.86556817112796 -1 0 0
220.9206232044519 397.99798826245217 -1 0 0
165.10327160627838 474.56419830811427 -1 0 0
362.0713081359588 417.57789693825123 -1 0 0
519.2950524281962 359.4226457966987 -1 0 0
620.9936825651826 580.3541526460137 -1 0 0
617.7790706930364 566.32675538574 -1 0 0
630.9297556245432 550.5459334679316 -1 0 0
622.7471072227167 544.1167097236394 -1 0 0
637.3589793688355 530.0893124633653 -1 0 0
660.1534999167806 594.9660247921325 -1 0 0
723.2767875880136 606.6555225090275 -1 0 0
716.2630889578766 601.6874859793471 -1 0 0
753.6694816519404 602.5641983081143 -1 0 0
739.6420843916666 609.5778969382513 -1 0 0
728.8292990035387 588.5368010478404 -1 0 0
726.1991620172372 577.7240156597124 -1 0 0
801.3041848482875 588.5368010478404 -1 0 0
638.8201665834473 480.40894716656175 -1 0 0
609.5964222912099 490.6372576688449 -1 0 0
703.1124040263697 503.7879426003517 -1 0 0
733.5050980902967 467.55049967797726 -1 0 0
782.6009885012556 493.2673946551463 -1 0 0
799.2585227478309 491.80620744053437 -1 0 0
805.1032716062784 499.98885584236086 -1 0 0
791.6603492318493 521.6144266186166 -1 0 0
815.6238195514838 530.0893124633653 -1 0 0
806.2722213779679 542.0710476231828 -1 0 0
831.6968789122144 477.1943352944156 -1 0 0
850.4000752592465 465.2126001345983 -1 0 0
854.7836369030821 477.77881018026034 -1 0 0
868.8110341633561 483.3313215957855 -1 0 0
836.9571528848171 531.2582622350549 -1 0 0
842.2174268574199 466.0893124633654 -1 0 0
847.4777008300227 412.02538552272614 -1 0 0
860.3361483186071 405.8883992213563 -1 0 0
777.3407145286528 392.445476846927 -1 0 0
765.3589793688355 386.30849054555716 -1 0 0
755.1306688665525 385.72401565971245 -1 0 0
763.6055547113012 357.3769836962421 -1 0 0
743.1489337067351 367.3130567556028 -1 0 0
799.2585227478309 382.5094037875663 -1 0 0
791.9525866747715 370.8199060706713 -1 0 0
782.3087510583332 360.29935812546586 -1 0 0
779.094139186187 358.838170910854 -1 0 0
830.2356916976026 375.78794260035164 -1 0 0
848.9388880446345 399.45917547706404 -1 0 0
847.7699382729451 392.73771428984946 -1 0 0
858.2904862181505 386.0162531026348 -1 0 0
870.2722213779679 371.4043809565161 -1 0 0
886.0530432957761 530.0893124633653 -1 0 0
817.6694816519404 488.00712068254353 -1 0 0
775.2950524281962 517.8153398606257 -1 0 0
705.742541012671 540.0253855227262 -1 0 0
592.3544131587898 511.6783535592558 -1 0 0
918.4913994601596 588.244563604918 -1 0 0
899.4959656702054 595.8427371208998 -1 0 0
891.8977921542236 562.527668627749 -1 0 0
832.2813537980592 299.42273263429075 -1 0 0
869.6877464921231 287.7332349173957 -1 0 0
868.811034163356 281.8884860589483 -1 0 0
880.2082944373286 272.8291253283546 -1 0 0
900.9571528848171 283.9341481594049 -1 0 0
908.555326400799 276.62821208634546 -1 0 0
929.3041848482875 286.2720477027839 -1 0 0
934.8566962638126 274.8747874288112 -1 0 0
947.1306688665525 278.38163674387977 -1 0 0
967.2950524281961 283.34967327356014 -1 0 0
926.9662853049085 248.57341756579757 -1 0 0
924.920623204452 238.05286962059208 -1 0 0
906.5096643003424 237.17615729182495 -1 0 0
931.0576095058218 228.99350888999845 -1 0 0
939.2402579076482 226.65560934661946 -1 0 0
944.7927693231733 228.99350888999845 -1 0 0
853.0302122455478 393.2309518123729 -1 0 0
746.0713081359588 338.29031254296655 -1 0 0
755.1306688665525 336.8291253283546 -1 0 0
767.6968789122144 324.2629152826925 -1 0 0
859.4594359898399 334.1989883420533 -1 0 0
867.3498469487441 328.93871436945057 -1 0 0
864.4274725195203 342.08939930095744 -1 0 0
876.9936825651824 349.3953353740168 -1 0 0
850.107837816324 354.3633719036971 -1 0 0
851.2767875880135 348.5186230452496 -1 0 0
836.3726779989726 369.5597189356606 -1 0 0
802.4731346199769 289.48665957493 -1 0 0
808.3178834784245 274.5825499858889 -1 0 0
797.5050980902967 270.78346322789804 -1 0 0
822.6375181816209 276.62821208634546 -1 0 0
810.0713081359588 263.1852897119163 -1 0 0
842.5096643003424 269.0300385703638 -1 0 0
833.742541012671 268.7378011274414 -1 0 0
852.7379748026254 308.4820933648843 -1 0 0
867.3498469487441 271.07570067082037 -1 0 0
853.6146871313925 268.7378011274414 -1 0 0
867.6420843916666 248.57341756579757 -1 0 0
873.4868332501139 252.37250432378843 -1 0 0
882.2539565377853 260.55515272561496 -1 0 0
854.7836369030821 261.1396276114597 -1 0 0
865.3041848482875 261.1396276114597 -1 0 0
846.6009885012556 228.99350888999845 -1 0 0
838.7105775423514 246.527755465341 -1 0 0
807.1489337067351 242.43643126442768 -1 0 0
896.2813537980592 187.4957919950213 -1 0 0
900.08044055605 171.13049519136834 -1 0 0
935.4411711496573 184.28118012287516 -1 0 0
936.3178834784245 180.18985592196194 -1 0 0
940.4092076793378 197.43186505438203 -1 0 0
927.2585227478309 201.2309518123729 -1 0 0
938.6557830218035 155.3496732735601 -1 0 0
929.5964222912099 162.3633719036971 -1 0 0
758.3452807386985 270.19898834205327 -1 0 0
752.500531880251 270.49122578497565 -1 0 0
749.8703948939497 272.2446504425099 -1 0 0
756.0073811953195 269.0300385703638 -1 0 0
678.5644588208903 323.09396551100303 -1 0 0
656.3544131587898 323.6784403968478 -1 0 0
684.1169702364155 338.29031254296655 -1 0 0
703.6968789122144 372.4820933648843 -1 0 0
752.500531880251 371.0209061502725 -1 0 0
754.83843142363 391.769764597761 -1 0 0
764.4822670400683 394.10766414114005 -1 0 0
748.70144512226 239.22181939228156 -1 0 0
731.1671985469176 259.09396551100303 -1 0 0
765.9434542546801 304.6830066068935 -1 0 0
552.610120921347 165.57798377584322 -1 0 0
534.1991620172373 180.18985592196194 -1 0 0
532.445737359703 177.55971893566056 -1 0 0
525.7242761724884 183.9889426799528 -1 0 0
523.6786140720318 177.55971893566056 -1 0 0
517.541627770662 174.34510706351443 -1 0 0
514.0347784555935 173.76063217766972 -1 0 0
516.6649154418948 185.4501298945647 -1 0 0
570.728842382534 190.71040386716746 -1 0 0
560.7927693231734 189.24921665255556 -1 0 0
548.5187967204337 192.46382852470168 -1 0 0
543.8429976336756 191.29487875301217 -1 0 0
540.6283857615296 189.8336915384003 -1 0 0
534.4913994601596 188.08026688086605 -1 0 0
590.0165136154108 235.42273263429072 -1 0 0
629.4685684099313 248.86565500871993 -1 0 0
857.9982487752281 224.90218468908523 -1 0 0
907.094139186187 219.6419107164825 -1 0 0
943.9160569944063 316.080266880866 -1 0 0
944.2082944373286 366.9295819493592 -1 0 0
964.08044055605 359.3314084333775 -1 0 0
944.500531880251 384.4638285247017 -1 0 0
878.7471072227166 396.1533262415967 -1 0 0
573.3589793688355 164.4090340041537 -1 0 0
547.3498469487441 305.2674814927382 -1 0 0
528.6466506017122 240.0985317210487 -1 0 0
582.4183400994291 186.91131710917654 -1 0 0
516.6649154418948 164.4090340041537 -1 0 0
524.2630889578766 158.56428514570624 -1 0 0
531.8612624738583 159.73323491739572 -1 0 0
527.7699382729451 164.4090340041537 -1 0 0
531.2767875880136 167.33140843337748 -1 0 0
518.4183400994291 169.66930797675644 -1 0 0
546.1808971770546 163.53232167538658 -1 0 0
542.6740478619861 161.1944221320076 -1 0 0
812.1169702364155 214.96611162972448 -1 0 0
731.7516734327625 275.45926231465603 -1 0 0
695.514230510388 279.84282395849164 -1 0 0
555.5324953505706 311.11223035118576 -1 0 0
806.2722213779679 217.01177373018112 -1 0 0
366.74710722271675 207.5689381933439 -1 0 0
369.66948165194054 202.89313910658592 -1 0 0
230.56445882089028 198.21734001982796 -1 0 0
235.53249535057068 194.41825326183707 -1 0 0
251.31331726837888 198.80181490567267 -1 0 0
248.09870539623273 201.43195189197405 -1 0 0
238.4548697797944 202.30866422074118 -1 0 0
235.82473279349304 197.6328651339832 -1 0 0
248.97541772499986 185.06665508832106 -1 0 0
253.65121681175788 187.98902951754482 -1 0 0
265.0484770857305 186.52784230293292 -1 0 0
270.6009885012556 189.45021673215672 -1 0 0
258.61925334143825 195.0027281476818 -1 0 0
267.38637662910946 196.4639153622937 -1 0 0
264.4640021998857 195.58720303352658 -1 0 0
289.30418484828755 190.32692906092382 -1 0 0
288.13523507659806 180.0986185586407 -1 0 0
294.2722213779679 180.68309344448545 -1 0 0
304.7927693231734 178.0529564581841 -1 0 0
300.1169702364154 204.06208887827543 -1 0 0
240.7927693231734 176.88400668649462 -1 0 0
252.190029597146 159.93423499699688 -1 0 0
250.1443674966894 152.62829892393754 -1 0 0
264.17176475696334 157.3040980106955 -1 0 0
266.21742685742 164.61003408375487 -1 0 0
262.4183400994291 163.73332175498774 -1 0 0
272.6466506017122 156.71962312485078 -1 0 0
282.8749611039953 156.42738568192837 -1 0 0
289.8886597341323 156.42738568192837 -1 0 0
296.0256460355022 156.42738568192837 -1 0 0
299.824732793493 158.473047782385 -1 0 0
272.9388880446346 173.66939481434846 -1 0 0
280.82929900353867 170.45478294220237 -1 0 0
284.62838576152956 166.36345874128912 -1 0 0
275.5690250309359 167.24017107005622 -1 0 0
263.00281498527386 169.87030805635763 -1 0 0
267.0941391861871 151.75158659517038 -1 0 0
337.8156003734017 176.5917692435722 -1 0 0
339.56902503093596 180.97533088740784 -1 0 0
330.80190174326475 185.65112997416585 -1 0 0
320.865828683904 188.57350440338962 -1 0 0
310.9297556245433 183.8977053166316 -1 0 0
310.05304329577615 185.65112997416585 -1 0 0
364.99368256518255 190.03469161800143 -1 0 0
374.05304329577615 192.37259116138046 -1 0 0
386.0347784555935 187.98902951754482 -1 0 0
379.60555471130124 179.51414367279597 -1 0 0
376.09870539623273 180.0986185586407 -1 0 0
386.0347784555935 183.8977053166316 -1 0 0
392.17176475696334 178.0529564581841 -1 0 0
387.49596567020535 173.66939481434846 -1 0 0
392.4640021998857 170.16254549928 -1 0 0
388.08044055605006 165.77898385544435 -1 0 0
393.0484770857305 164.61003408375487 -1 0 0
383.40464146929213 166.07122129836677 -1 0 0
388.6649154418949 158.473047782385 -1 0 0
381.06674192591316 158.473047782385 -1 0 0
237.87039489394965 241.76071901526174 -1 0 0
241.08500676609577 239.71505691480513 -1 0 0
252.48226704006836 244.0986185586407 -1 0 0
248.39094283915514 252.5735044033896 -1 0 0
240.7927693231734 265.72418933489644 -1 0 0
232.6101209213469 282.67396102439415 -1 0 0
241.37724420901816 280.0438240380928 -1 0 0
253.06674192591313 276.82921216594667 -1 0 0
254.527929140525 260.4639153622937 -1 0 0
264.17176475696334 268.6465637641202 -1 0 0
249.26765516792227 237.6693948143485 -1 0 0
243.42290630947477 230.36345874128912 -1 0 0
239.33158210856152 230.36345874128912 -1 0 0
231.4411711496574 232.9935957275905 -1 0 0
427.5324953505707 280.0438240380928 -1 0 0
449.7425410126711 300.2082075997366 -1 0 0
442.14436749668937 299.0392578280471 -1 0 0
508.190029597146 295.5324085129786 -1 0 0
541.797335533219 292.3177966408325 -1 0 0
241.66948165194052 208.15341307918868 -1 0 0
236.70144512226017 218.67396102439417 -1 0 0
232.6101209213469 215.45934915224805 -1 0 0
238.162632336872 213.41368705179138 -1 0 0
246.34528073869853 213.41368705179138 -1 0 0
229.97998393504554 216.04382403809274 -1 0 0
295.44117114965746 117.85204321617496 -1 0 0
308.8840935240866 113.17624412941693 -1 0 0
410.2904862181506 159.3497601111521 -1 0 0
405.61468713139254 171.03925782804708 -1 0 0
407.3681117889268 175.71505691480513 -1 0 0
396.84756384372133 181.26756833033022 -1 0 0
398.0165136154108 164.90227152667723 -1 0 0
398.89322594417797 192.6648286043028 -1 0 0
406.4913994601597 186.2356048600106 -1 0 0
412.3361483186072 189.1579792892343 -1 0 0
420.2265592775113 185.65112997416585 -1 0 0
407.07587434600447 194.41825326183707 -1 0 0
426.36354557888114 181.85204321617496 -1 0 0
424.9023583642693 167.824645955901 -1 0 0
421.97998393504554 166.94793362713386 -1 0 0
426.36354557888114 162.56437198329826 -1 0 0
436.2996186382419 165.1945089695996 -1 0 0
436.0073811953195 171.3314952709695 -1 0 0
441.55989261084466 160.51870988284165 -1 0 0
443.3133172683789 164.90227152667723 -1 0 0
454.1261026565067 169.57807061343524 -1 0 0
442.43660493961175 182.4365181020197 -1 0 0
458.5096643003423 173.66939481434846 -1 0 0
462.0165136154108 166.36345874128912 -1 0 0
464.35441315878984 159.93423499699688 -1 0 0
461.4320387295661 154.67396102439412 -1 0 0
457.3407145286528 157.01186056777314 -1 0 0
453.2493903277396 161.68765965453113 -1 0 0
476.33614831860723 171.62373271389185 -1 0 0
473.99824877522815 176.88400668649462 -1 0 0
479.2585227478309 168.99359572759047 -1 0 0
458.80190174326475 187.11231718877772 -1 0 0
451.49596567020535 187.11231718877772 -1 0 0
457.3407145286528 181.85204321617496 -1 0 0
452.9571528848173 183.8977053166316 -1 0 0
446.2356916976026 176.0072943577275 -1 0 0
486.5644588208903 186.82007974585537 -1 0 0
485.97998393504554 177.17624412941697 -1 0 0
471.95258667477157 183.02099298786447 -1 0 0
487.148933706735 171.3314952709695 -1 0 0
485.39550904920077 159.05752266822975 -1 0 0
491.24025790764824 159.05752266822975 -1 0 0
480.42747251952045 153.21277380978225 -1 0 0
436.0073811953195 154.08948613854938 -1 0 0
191.11240402636975 213.41368705179138 -1 0 0
239.91605699440626 305.4684815723394 -1 0 0
444.48226704006834 122.52784230293294 -1 0 0
418.7653720628994 121.06665508832104 -1 0 0
429.5781574510273 119.89770531663159 -1 0 0
427.82473279349307 115.80638111571835 -1 0 0
418.47313461997703 114.9296687869512 -1 0 0
405.3224496884702 110.54610714311559 -1 0 0
394.50966430034237 119.60546787370919 -1 0 0
391.879527314041 107.91597015681421 -1 0 0
343.3681117889268 124.86574184631192 -1 0 0
334.6009885012556 121.06665508832104 -1 0 0
332.555326400799 112.00729435772749 -1 0 0
344.24482411769395 114.63743134402881 -1 0 0
325.2493903277396 109.37715737142607 -1 0 0
368.2082944373286 105.28583317051283 -1 0 0
427.5324953505707 97.68765965453112 -1 0 0
473.9982487752282 124.86574184631192 -1 0 0
477.79733553321904 117.2675683303302 -1 0 0
467.8612624738583 115.80638111571835 -1 0 0
488.31788347842456 109.96163225727084 -1 0 0
502.3452807386985 113.76071901526169 -1 0 0
488.6101209213469 115.22190622987355 -1 0 0
478.9662853049085 106.45478294220236 -1 0 0
470.4913994601597 105.8703080563576 -1 0 0
457.6329519715752 101.48674641252197 -1 0 0
449.7425410126711 101.48674641252197 -1 0 0
444.190029597146 102.07122129836672 -1 0 0
439.22199306746563 96.5187098828416 -1 0 0
448.865828683904 96.5187098828416 -1 0 0
457.6329519715752 96.810947325764 -1 0 0
471.3681117889268 96.810947325764 -1 0 0
479.2585227478309 96.810947325764 -1 0 0
500.8840935240866 106.74702038512473 -1 0 0
295.44117114965746 126.3269290609238 -1 0 0
327.879527314041 123.1123171887777 -1 0 0
461.1398012866437 129.24930349014755 -1 0 0
464.9388880446346 133.04839024813842 -1 0 0
469.03021224554783 135.6785272344398 -1 0 0
478.6740478619862 135.6785272344398 -1 0 0
425.19459580719166 130.7104907047594 -1 0 0
541.2128606473743 119.89770531663159 -1 0 0
547.0576095058218 124.28126696046719 -1 0 0
311.514230510388 148.53697472302426 -1 0 0
357.97998393504554 163.44108431206536 -1 0 0
354.7653720628994 171.62373271389185 -1 0 0
339.2767875880136 169.57807061343524 -1 0 0
346.8749611039953 167.824645955901 -1 0 0
334.3087510583332 161.9798970974535 -1 0 0
339.2767875880136 156.42738568192837 -1 0 0
373.4685684099314 159.05752266822975 -1 0 0
370.5461939807077 168.40912084174573 -1 0 0
369.3772442090181 176.29953180064985 -1 0 0
375.22199306746563 171.3314952709695 -1 0 0
372.2996186382419 165.1945089695996 -1 0 0
378.14436749668937 166.36345874128912 -1 0 0
364.99368256518255 173.08491992850372 -1 0 0
362.65578302180353 156.42738568192837 -1 0 0
366.16263233687204 195.0027281476818 -1 0 0
337.23112548755694 216.04382403809274 -1 0 0
330.2174268574199 145.03012540795578 -1 0 0
303.3315821085615 164.90227152667723 -1 0 0
291.3498469487442 173.66939481434846 -1 0 0
393.3407145286528 151.16711170932564 -1 0 0
401.23112548755694 149.99816193763613 -1 0 0
424.6101209213469 152.62829892393754 -1 0 0
502.92975562454325 132.1716779193713 -1 0 0
105.77907069303636 241.99807510004416 -1 0 0
285.2128606473742 175.07570067082042 -1 0 0
248.39094283915506 306.87478742881126 -1 0 0
244.59185608116417 301.3222760132863 -1 0 0
248.68318028207747 301.3222760132863 -1 0 0
239.62381955148385 310.38163674387977 -1 0 0
27.167198546917632 196.70127144707612 -1 0 0
231.44117114965738 237.61451345620856 -1 0 0
220.6283857615295 231.47752715483867 -1 0 0
292.2265592775112 231.47752715483867 -1 0 0
305.0850067660957 229.1396276114597 -1 0 0
302.7471072227167 224.17159108177933 -1 0 0
333.43203872956605 220.9569792096332 -1 0 0
390.7105775423514 259.824559118309 -1 0 0
792.3909428391552 404.48209336488435 -1 0 0
818.6923127021687 460.59168240598024 -1 0 0
814.6009885012555 469.9432805794963 -1 0 0
777.7790706930364 455.33140843337753 -1 0 0
769.5964222912099 474.0346047804095 -1 0 0
470.92975562454325 445.3953353740168 -1 0 0
421.83386521358426 433.12136277127706 -1 0 0
705.3041848482875 434.87478742881126 -1 0 0
837.3955090492008 278.8199929082634 -1 0 0
127.25852274783087 469.9432805794963 -1 0 0
95.69687891221444 468.77433080780673 -1 0 0
107.38637662910942 464.6830066068935 -1 0 0
76.40920767933773 467.0209061502725 -1 0 0
5.103271606278354 476.95697920963323 -1 0 0
13.285920008104824 476.95697920963323 -1 0 0
496.0621757158674 463.514056835204 -1 0 0
511.84299763367557 468.77433080780673 -1 0 0
565.6146871313925 123.93414815940488 -1 0 0
554.3635455788811 279.55058651556925 -1 0 0
649.6329519715753 328.6464769265282 -1 0 0
735.8429976336757 346.18072350187066 -1 0 0
427.24025790764824 173.46839473474728 -1 0 0
580.6649154418948 178.14419382150533 -1 0 0
763.0210798254565 325.7241024973044 -1 0 0
626.5461939807076 349.9798102598615 -1 0 0
654.0165136154108 348.81086048817207 -1 0 0
654.893225944178 342.9661116297245 -1 0 0
642.9114907843607 352.02547236031813 -1 0 0
677.3955090492008 349.3953353740168 -1 0 0
582.1261026565068 247.11223035118567 -1 0 0
469.9069245743149 247.11223035118567 -1 0 0
584.4640021998857 125.83369153840029 -1 0 0
766.8201665834473 344.135061401414 -1 0 0
529.8156003734017 121.74236733748705 -1 0 0
528.6466506017123 111.22181939228157 -1 0 0
321.3041848482875 452.9935088899985 -1 0 0
304.9388880446345 450.07113446077483 -1 0 0
79.91605699440618 426.6921390269848 -1 0 0
541.8015687429316 108.71312733753308 -1 0 0
541.8015687429316 102.06377668818241 -1 0 0
543.8475227888856 96.9488915732973 -1 0 0
534.6407295820925 95.41442603883178 -1 0 0
524.4109593523223 94.90293752734327 -1 0 0
512.135235076598 106.15568478009052 -1 0 0
508.0433269846898 102.06377668818241 -1 0 0
498.3250452664081 95.92591455032029 -1 0 0
490.65271759408046 97.97186859627433 -1 0 0
518.2730972144601 130.19564482005057 -1 0 0
510.0892810306439 135.82201844642415 -1 0 0
526.4569133982764 133.26457588898162 -1 0 0
538.7326376740006 133.77606440047015 -1 0 0
505.4858844272473 146.5632771876829 -1 0 0
580.6746956160584 113.31652394092968 -1 0 0
559.7036666450296 117.40843203283777 -1 0 0
552.0313389727019 116.38545500986073 -1 0 0
564.8185517599146 103.59824222264797 -1 0 0
565.330040271403 99.50633413073986 -1 0 0
559.7036666450296 96.9488915732973 -1 0 0
552.0313389727019 95.92591455032029 -1 0 0
585.2780922194551 12.553287177692942 -1 0 0
599.0882820296448 20.737103361509096 -1 0 0
555.6117585531214 16.133706758112492 -1 0 0
545.3819883233513 22.271568895974656 -1 0 0
532.0832870246498 22.783057407463154 -1 0 0
536.175195116558 15.622218246623992 -1 0 0
524.4109593523223 16.64519526960099 -1 0 0
510.0892810306439 17.15668378108955 -1 0 0
499.8595108008737 16.133706758112492 -1 0 0
484.51485545621836 13.06477568918144 -1 0 0
478.3769933183562 12.553287177692942 -1 0 0
476.33103927240217 22.783057407463154 -1 0 0
452.2910792324421 19.714126338532104 -1 0 0
447.176194117557 19.714126338532104 -1 0 0
446.15321709458 16.133706758112492 -1 0 0
452.2910792324421 14.087752712158437 -1 0 0
434.3889813303442 15.622218246623992 -1 0 0
423.13623407759695 17.15668378108955 -1 0 0
416.48688342824636 17.15668378108955 -1 0 0
409.8375327788957 13.576264200669938 -1 0 0
404.7226476640106 17.66817229257805 -1 0 0
397.05031999168284 23.294545918951655 -1 0 0
396.02734296870585 13.576264200669938 -1 0 0
392.95841189977483 18.691149315555045 -1 0 0
377.61375655511944 19.714126338532104 -1 0 0
382.2171531585161 14.087752712158437 -1 0 0
362.2691012104641 18.691149315555045 -1 0 0
353.5737965151594 16.133706758112492 -1 0 0
341.2980722394351 15.110729735135495 -1 0 0
323.9074628488258 20.2256148500206 -1 0 0
300.89047983184275 14.599241223646997 -1 0 0
294.7526176939806 17.15668378108955 -1 0 0
286.0573129986759 22.271568895974656 -1 0 0
267.132238073601 19.714126338532104 -1 0 0
136.95841189977477 22.271568895974656 -1 0 0
105.24612418748707 21.2485918729976 -1 0 0
179.9234468648097 20.2256148500206 -1 0 0
191.68768262904547 19.202637827043542 -1 0 0
214.19317713453995 20.737103361509096 -1 0 0
236.69867164003452 19.202637827043542 -1 0 0
122.63673357809644 201.80403642844215 -1 0 0
125.70566464702752 203.84999047439618 -1 0 0
127.24013018149304 210.49934112374683 -1 0 0
132.35501529637813 216.12571475012044 -1 0 0
131.33203827340114 220.72911135351708 -1 0 0
139.0043659457288 201.80403642844215 -1 0 0
133.37799231935517 195.1546857790915 -1 0 0
107.29207823344109 195.1546857790915 -1 0 0
110.87249781386066 190.55128917569488 -1 0 0
63.81555475691764 192.59724322164894 -1 0 0
57.67769261905551 200.2695708939766 -1 0 0
54.60876155012443 206.40743303183874 -1 0 0
48.47089941226229 203.84999047439618 -1 0 0
46.936433877796766 206.91892154332726 -1 0 0
763.2760942174571 575.4753054657967 -1 0 0
764.8105597519226 593.3774033678947 -1 0 0
780.6667036080664 593.8888918793831 -1 0 0
749.4659044072672 583.6591216496129 -1 0 0
749.4659044072672 563.711069701561 -1 0 0
729.5178524592153 538.6481326386239 -1 0 0
719.2880822294451 563.1995811900724 -1 0 0
704.4549153962784 560.1306501211413 -1 0 0
665.5817885231514 463.9708099613013 -1 0 0
657.9094608508238 490.56821255870386 -1 0 0
690.1332370746 445.04573503622635 -1 0 0
696.2710992124621 440.9538269443183 -1 0 0
697.2940762354391 424.58619457668584 -1 0 0
660.4669034082664 431.7470337375251 -1 0 0
671.208162149525 434.8159648064561 -1 0 0
666.0932770346399 439.93084992134123 -1 0 0
677.8575127988756 439.41936140985274 -1 0 0
688.5987715401344 465.50527549576685 -1 0 0
684.5068634482263 481.8729078633992 -1 0 0
668.6507195920825 490.56821255870386 -1 0 0
666.0932770346399 507.44733343782474 -1 0 0
689.1102600516228 528.4183624088537 -1 0 0
750.4888814302443 535.0677130582044 -1 0 0
750.4888814302443 515.1196611101524 -1 0 0
714.6846856260486 499.2635172540086 -1 0 0
706.5008694422323 493.63714362763494 -1 0 0
797.5458244871874 467.03974103023234 -1 0 0
790.3849853263482 452.2065741970655 -1 0 0
746.3969733383362 378.04074003123134 -1 0 0
732.5867835281464 363.2075731980645 -1 0 0
698.8285417699046 363.719061709553 -1 0 0
692.6906796320425 366.7879927784841 -1 0 0
690.6447255860885 346.8399408304321 -1 0 0
700.8744958158586 344.2824982729896 -1 0 0
687.5757945171573 401.05772304821437 -1 0 0
663.5358344771973 400.0347460252373 -1 0 0
647.6796906210535 407.70707369756497 -1 0 0
639.4958744372374 402.59218858267985 -1 0 0
636.4269433683063 342.2365442270356 -1 0 0
645.1222480636109 333.0297510202424 -1 0 0
855.8555147968779 604.99931130676 -1 0 0
789.3620083033713 607.0452653527141 -1 0 0
886.5448254861884 609.091219398668 -1 0 0
870.177193118556 601.930380237829 -1 0 0
897.7975727389357 570.2180925255412 -1 0 0
871.2001701415331 423.93237823982685 -1 0 0
832.0712990126618 263.1826578070635 -1 0 0
839.7436266849895 260.11372673813247 -1 0 0
805.4738964152592 256.53330715771284 -1 0 0
872.4788914202543 231.9818586062643 -1 0 0
881.6856846270475 247.3265139509197 -1 0 0
898.5648055061682 259.09074971515537 -1 0 0
972.7306396720024 211.52231814672388 -1 0 0
1002.9084618498247 211.01082963523535 -1 0 0
994.7246456660085 218.68315730756302 -1 0 0
988.5867835281463 230.9588815832873 -1 0 0
990.1212490626119 239.14269776710347 -1 0 0
978.357013298376 227.88995051435626 -1 0 0
1015.6956746370374 236.07376669817242 -1 0 0
1007.5118584532213 187.48235810676383 -1 0 0
1009.5578124991753 179.81003043443613 -1 0 0
1013.1382320795949 169.58026020466593 -1 0 0
987.5638065051693 161.90793253233826 -1 0 0
987.0523179936807 158.3275129519187 -1 0 0
977.3340362753991 160.88495550936125 -1 0 0
981.9374328787957 158.3275129519187 -1 0 0
980.4029673443302 153.72411634852207 -1 0 0
975.2880822294451 148.60923123363696 -1 0 0
972.219151160514 141.44839207279782 -1 0 0
968.6387315800945 145.0288116532174 -1 0 0
966.5927775341403 139.91392653833228 -1 0 0
961.4778924192552 142.98285760726333 -1 0 0
961.4778924192552 136.8449954694012 -1 0 0
944.5987715401343 134.79904142344714 -1 0 0
936.4149553563183 135.82201844642415 -1 0 0
935.9034668448297 129.68415630856205 -1 0 0
941.5298404712033 127.12671375111948 -1 0 0
932.8345357758985 123.03480565921141 -1 0 0
939.9953749367378 118.4314090558148 -1 0 0
936.9264438678067 146.0517886761944 -1 0 0
945.110260051623 149.632208256614 -1 0 0
946.1332370746 161.90793253233826 -1 0 0
945.6217485631114 170.09174871615443 -1 0 0
931.3000702414331 179.81003043443613 -1 0 0
934.3690013103642 173.1606797850855 -1 0 0
928.7426276839906 173.672168296574 -1 0 0
907.7715987129616 163.95388657829233 -1 0 0
905.7256446670075 167.02281764722338 -1 0 0
904.191179132542 177.76407638848212 -1 0 0
901.1222480636108 165.99984062424633 -1 0 0
967.1042660456288 170.60323722764295 -1 0 0
969.6617086030715 164.46537508978082 -1 0 0
964.0353349766978 156.79304741745315 -1 0 0
963.5238464652093 148.60923123363696 -1 0 0
969.6617086030715 154.7470933714991 -1 0 0
963.0123579537208 174.18365680806252 -1 0 0
973.242128183491 171.62621425061997 -1 0 0
975.7995707409335 182.3674729918787 -1 0 0
984.4948754362382 190.55128917569488 -1 0 0
980.4029673443302 172.64919127359698 -1 0 0
995.236134177497 159.3504899748957 -1 0 0
1006.4888814302442 161.39644402084974 -1 0 0
1004.9544158957788 158.8390014634072 -1 0 0
835.140230081593 14.087752712158437 -1 0 0
782.9684019097648 2.3235169479226654 -1 0 0
836.6746956160584 227.88995051435626 -1 0 0
853.0423279836908 175.71812234252806 -1 0 0
857.6457245870874 175.71812234252806 -1 0 0
839.232138173501 172.1377027621085 -1 0 0
845.8814888228518 175.71812234252806 -1 0 0
813.1462240875869 156.79304741745315 -1 0 0
794.7326376740006 113.82801245241818 -1 0 0
691.4119583533212 126.10373672814245 -1 0 0
562.0053649467278 132.24159886600458 -1 0 0
556.8904798318428 123.03480565921141 -1 0 0
552.7985717399347 126.10373672814245 -1 0 0
572.7466236879866 108.71312733753308 -1 0 0
567.1202500616129 112.80503542944115 -1 0 0
587.0683020096649 108.71312733753308 -1 0 0
586.0453249866879 113.31652394092968 -1 0 0
596.7865837279467 113.82801245241818 -1 0 0
601.3899803313433 108.71312733753308 -1 0 0
997.0263439677068 570.2180925255411 -1 0 0
1018.5088614502243 576.3559546634032 -1 0 0
855.8555147968779 518.0462643537129 -1 0 0
265.5977725391355 492.4718387792873 -1 0 0
258.4369333782963 476.10420641165496 -1 0 0
254.34502528638822 466.8974132048618 -1 0 0
65.09427603563896 476.10420641165496 -1 0 0
46.68068962205252 480.196114503563 -1 0 0
29.29008023144314 474.0582523657008 -1 0 0
