31.21428571428575 260.0 -1 0 0
52.214285714285744 254.8571428571429 -1 0 0
77.50000000000003 210.71428571428572 -1 0 0
29.92857142857147 131.8571428571429 -1 0 0
71.07142857142861 119.00000000000003 -1 0 0
31.642857142857196 83.42857142857147 -1 0 0
54.785714285714334 55.57142857142861 -1 0 0
101.92857142857144 102.28571428571433 -1 0 0
133.64285714285717 172.14285714285717 -1 0 0
173.5 156.71428571428578 -1 0 0
209.07142857142856 118.14285714285715 -1 0 0
245.50000000000003 108.71428571428575 -1 0 0
242.07142857142856 64.57142857142861 -1 0 0
278.92857142857144 99.71428571428575 -1 0 0
317.92857142857144 141.71428571428575 -1 0 0
259.2142857142857 192.71428571428572 -1 0 0
261.7857142857143 264.7142857142857 -1 0 0
211.64285714285717 272.42857142857144 -1 0 0
337.6428571428571 202.57142857142856 -1 0 0
341.5 131.00000000000003 -1 0 0
343.6428571428571 88.57142857142861 -1 0 0
326.5 57.71428571428575 -1 0 0
326.07142857142856 40.57142857142861 -1 0 0
280.2142857142857 47.00000000000006 -1 0 0
297.35714285714283 19.571428571428612 -1 0 0
357.35714285714283 7.571428571428612 -1 0 0
394.64285714285717 57.71428571428575 -1 0 0
386.0714285714285 108.28571428571433 -1 0 0
396.35714285714283 140.85714285714292 -1 0 0
185.92857142857144 29.000000000000057 -1 0 0
172.64285714285717 47.85714285714289 -1 0 0
152.92857142857144 61.57142857142861 -1 0 0
78.35714285714289 27.285714285714334 -1 0 0
92.92857142857147 26.00000000000006 -1 0 0
38.07142857142861 10.571428571428612 -1 0 0
64.64285714285717 20.857142857142886 -1 0 0
19.21428571428575 4.571428571428612 -1 0 0
8.500000000000057 31.571428571428612 -1 0 0
