118.36510263929617 452.75366568914956 -1 0 0
129.37585532746823 378.68132942326486 -1 0 0
273.5166177908113 390.19257086999016 -1 0 0
304.5469208211144 484.7849462365591 -1 0 0
384.6251221896383 342.6461388074291 -1 0 0
332.07380254154447 360.663734115347 -1 0 0
215.45992179863146 324.12805474095796 -1 0 0
163.40909090909088 326.63049853372434 -1 0 0
97.34457478005865 442.2434017595308 -1 0 0
45.04349951124152 308.0083088954058 -1 0 0
97.0943304007821 283.9848484848486 -1 0 0
139.13538611925713 292.99364613880755 -1 0 0
219.21358748778107 271.97311827957 -1 0 0
266.2595307917889 305.00537634408613 -1 0 0
489.4775171065493 470.16666666666674 -1 0 0
549.5361681329423 508.2038123167156 -1 0 0
558.5449657869012 394.092375366569 -1 0 0
609.5948191593352 375.0738025415446 -1 0 0
662.6466275659823 436.1334310850441 -1 0 0
753.7355816226784 461.1578690127078 -1 0 0
815.7961876832844 504.1999022482894 -1 0 0
950.9281524926685 392.0904203323559 -1 0 0
930.9086021505375 581.2751710654937 -1 0 0
1018.994623655914 399.09726295210174 -1 0 0
980.9574780058651 326.0259042033237 -1 0 0
919.8978494623655 323.022971652004 -1 0 0
947.9252199413488 271.97311827957 -1 0 0
972.9496578690128 265.9672531769307 -1 0 0
999.9760508308896 285.9868035190617 -1 0 0
987.964320625611 269.9711632453569 -1 0 0
949.9271749755619 323.022971652004 -1 0 0
845.8255131964809 338.03763440860223 -1 0 0
806.7873900293255 342.0415444770284 -1 0 0
772.7541544477028 310.0102639296189 -1 0 0
802.7834799608993 283.9848484848486 -1 0 0
736.7189638318671 274.9760508308896 -1 0 0
547.0337243401759 216.79423264907132 -1 0 0
530.5175953079179 208.5361681329423 -1 0 0
557.293743890518 197.52541544477026 -1 0 0
565.5518084066471 197.024926686217 -1 0 0
569.3054740957966 214.0415444770283 -1 0 0
620.6055718475073 189.01710654936457 -1 0 0
634.1187683284458 192.77077223851413 -1 0 0
648.1324535679374 206.28396871945256 -1 0 0
671.154936461388 194.27223851417395 -1 0 0
685.669110459433 198.77663734115345 -1 0 0
522.5097751710655 197.7756598240469 -1 0 0
503.74144672531764 207.53519061583575 -1 0 0
480.2184750733137 211.03861192570866 -1 0 0
495.9838709677419 179.50782013685233 -1 0 0
473.4618768328445 188.26637341153466 -1 0 0
487.9760508308895 186.5146627565982 -1 0 0
461.1999022482893 182.76099706744864 -1 0 0
455.19403714565 197.52541544477026 -1 0 0
444.4335288367546 206.5342130987292 -1 0 0
448.18719452590415 217.2947214076246 -1 0 0
457.946725317693 237.3142717497556 -1 0 0
500.98875855327464 243.57038123167152 -1 0 0
488.4765395894428 237.06402737047895 -1 0 0
586.5723362658846 194.27223851417395 -1 0 0
574.0601173020527 186.01417399804492 -1 0 0
379.3699902248289 300.0004887585532 -1 0 0
413.4032258064516 268.4696969696969 -1 0 0
469.9584555229716 278.4794721407624 -1 0 0
499.4872922776148 284.4853372434017 -1 0 0
315.807917888563 273.97507331378296 -1 0 0
350.8421309872922 241.4433040078201 -1 0 0
324.81671554252193 204.40713587487775 -1 0 0
330.32209188660795 235.43743890518078 -1 0 0
367.3582600195503 208.91153470185725 -1 0 0
382.3729227761485 192.39540566959917 -1 0 0
399.3895405669599 185.38856304985333 -1 0 0
413.4032258064516 186.38954056695988 -1 0 0
432.9222873900293 195.8988269794721 -1 0 0
493.4814271749755 200.40322580645156 -1 0 0
543.0298142717497 184.38758553274678 -1 0 0
506.49413489736065 189.39247311827953 -1 0 0
716.1989247311827 200.40322580645156 -1 0 0
701.6847507331378 220.92326490713583 -1 0 0
678.6622678396872 219.421798631476 -1 0 0
653.6378299120233 235.43743890518078 -1 0 0
680.163734115347 249.95161290322577 -1 0 0
737.2194525904202 233.4354838709677 -1 0 0
720.2028347996089 225.4276637341153 -1 0 0
751.2331378299119 212.41495601173017 -1 0 0
800.7815249266862 226.42864125122185 -1 0 0
786.7678396871945 218.42082111436946 -1 0 0
802.7834799608993 212.41495601173017 -1 0 0
772.7541544477028 195.8988269794721 -1 0 0
637.1217008797653 225.4276637341153 -1 0 0
615.1001955034212 248.45014662756594 -1 0 0
594.580156402737 263.9652981427174 -1 0 0
550.5371456500488 305.50586510263923 -1 0 0
668.1520039100683 316.016129032258 -1 0 0
619.1041055718474 292.9936461388074 -1 0 0
805.7864125122189 244.94672531769302 -1 0 0
714.1969696969696 187.8910068426197 -1 0 0
691.6749755620723 187.8910068426197 -1 0 0
368.35923753665685 179.88318670576732 -1 0 0
371.3621700879765 194.89784946236554 -1 0 0
440.93010752688167 185.8890518084066 -1 0 0
521.5087976539589 185.38856304985333 -1 0 0
510.9985337243401 221.92424242424238 -1 0 0
725.2077223851417 192.39540566959917 -1 0 0
701.9349951124144 196.27419354838707 -1 0 0
736.7189638318671 188.01612903225805 -1 0 0
848.0777126099707 182.76099706744864 -1 0 0
854.5840664711633 217.79521016617787 -1 0 0
852.0816226783969 231.05816226783966 -1 0 0
853.0826001955035 249.07575757575756 -1 0 0
891.3699902248289 230.5576735092864 -1 0 0
902.6309872922776 219.54692082111433 -1 0 0
884.8636363636364 207.78543499511238 -1 0 0
922.6505376344086 134.21358748778098 -1 0 0
825.05522971652 222.29960899315734 -1 0 0
810.541055718475 188.76686217008796 -1 0 0
850.5801564027371 202.78054740957964 -1 0 0
933.9115347018571 205.90860215053772 -1 0 0
1015.9916911045943 235.93792766373423 -1 0 0
884.8636363636363 267.9692082111438 -1 0 0
835.8157380254154 278.97996089931587 -1 0 0
853.8333333333333 283.9848484848486 -1 0 0
847.827468230694 310.0102639296189 -1 0 0
513.5009775171065 351.05034213098736 -1 0 0
66.0640273704791 196.89980449657878 -1 0 0
85.08260019550352 201.90469208211152 -1 0 0
117.11388074291307 223.92619745845568 -1 0 0
168.1637341153471 224.92717497556217 -1 0 0
180.17546432062568 251.95356793743903 -1 0 0
142.13831867057678 238.94086021505385 -1 0 0
79.07673509286423 262.96432062561104 -1 0 0
18.017106549364712 266.96823069403723 -1 0 0
43.041544477028424 233.93597262952113 -1 0 0
22.021016617790906 210.91348973607046 -1 0 0
247.24095796676448 223.92619745845568 -1 0 0
207.2018572825025 216.9193548387098 -1 0 0
213.20772238514178 202.90566959921807 -1 0 0
228.22238514174 191.89491691104604 -1 0 0
302.29472140762465 237.93988269794735 -1 0 0
264.2575757575758 266.96823069403723 -1 0 0
282.2751710654937 240.94281524926697 -1 0 0
217.21163245356797 237.93988269794735 -1 0 0
102.09921798631484 212.91544477028356 -1 0 0
60.058162267839805 244.94672531769316 -1 0 0
252.24584555229723 199.9027370478984 -1 0 0
150.39638318670575 204.65738025415453 -1 0 0
201.94672531769305 195.64858260019557 -1 0 0
346.5879765395894 200.15298142717504 -1 0 0
309.5518084066471 200.15298142717504 -1 0 0
298.0405669599218 193.1461388074292 -1 0 0
408.6485826001955 221.17350928641258 -1 0 0
386.12658846529814 238.69061583577718 -1 0 0
119.86656891495599 201.15395894428158 -1 0 0
138.38465298142717 192.14516129032265 -1 0 0
51.80009775171064 207.15982404692087 -1 0 0
522.0092864125122 229.68181818181816 -1 0 0
590.0757575757575 181.6348973607038 -1 0 0
631.1158357771261 175.6290322580645 -1 0 0
607.0923753665688 203.65640273704787 -1 0 0
492.48044965786903 218.6710654936461 -1 0 0
481.9701857282502 228.6808406647116 -1 0 0
368.3592375366569 223.67595307917884 -1 0 0
879.1080156402737 198.40127077223858 -1 0 0
897.6260997067449 184.3875855327469 -1 0 0
901.6300097751711 183.38660801564035 -1 0 0
908.6368523949169 192.39540566959928 -1 0 0
914.6427174975562 189.39247311827964 -1 0 0
984.7111436950147 192.39540566959928 -1 0 0
984.7111436950147 192.39540566959928 -1 0 0
989.2155425219942 209.41202346041064 -1 0 0
1020.2458455522972 196.39931573802548 -1 0 0
1018.7443792766373 177.38074291300106 -1 0 0
964.1911045943303 184.3875855327469 -1 0 0
952.679863147605 192.39540566959928 -1 0 0
743.9760508308896 191.894916911046 -1 0 0
745.4775171065494 182.3856304985338 -1 0 0
866.5957966764418 188.3914956011731 -1 0 0
855.0845552297164 169.37292277614864 -1 0 0
756.4882697947214 258.9604105571848 -1 0 0
866.0953079178885 234.43646138807435 -1 0 0
878.1070381231672 219.42179863147612 -1 0 0
1007.233137829912 188.3914956011731 -1 0 0
986.2126099706745 175.37878787878796 -1 0 0
288.28103616813297 184.88807429130023 -1 0 0
537.5244379276637 175.87927663734126 -1 0 0
548.5351906158357 172.87634408602162 -1 0 0
558.5449657869012 172.87634408602162 -1 0 0
400.3905180840665 415.1129032258065 -1 0 0
164.1598240469209 192.8958944281526 -1 0 0
16.015151515151615 537.2321603128055 -1 0 0
234.83132989912005 200.42566611533726 -1 0 0
189.86135452457356 204.87324609743527 -1 0 0
354.42181386219966 216.2392838294635 -1 0 0
281.2838319343658 207.3441238652675 -1 0 0
276.83625195226784 194.4955594725399 -1 0 0
277.8246030594007 187.57710172260968 -1 0 0
205.67497223869978 186.5887506154768 -1 0 0
223.95946772065824 215.74510827589705 -1 0 0
236.31385655981936 238.47718373995355 -1 0 0
99.4272282219141 198.94313945463793 -1 0 0
94.9796482398161 238.47718373995355 -1 0 0
88.06119048988589 224.64026824009306 -1 0 0
390.0024537189837 205.3674216510017 -1 0 0
472.5297711645801 198.94313945463793 -1 0 0
424.5947424686349 194.4955594725399 -1 0 0
359.3635693978641 179.67029286554657 -1 0 0
359.3635693978641 187.57710172260968 -1 0 0
335.1489672731084 187.57710172260968 -1 0 0
329.21886063031104 182.1411706333788 -1 0 0
308.4634873805203 184.11787284764458 -1 0 0
299.07415186275784 183.12952174051168 -1 0 0
267.9410919880719 179.67029286554657 -1 0 0
256.0808787024772 179.67029286554657 -1 0 0
249.6565965061134 187.57710172260968 -1 0 0
234.83132989912005 183.12952174051168 -1 0 0
217.04100997072803 185.10622395477748 -1 0 0
426.07726912933424 182.1411706333788 -1 0 0
410.75782696877445 178.18776620484724 -1 0 0
347.50335611226944 184.11787284764458 -1 0 0
438.4316579684954 255.7733281147791 -1 0 0
153.78653911422305 263.6801369718422 -1 0 0
130.06611254303368 211.7917038473655 -1 0 0
141.92632582862836 202.89654388316947 -1 0 0
320.323700666115 211.7917038473655 -1 0 0
319.8295251125486 188.56545282974258 -1 0 0
318.34699845184923 181.1528195262459 -1 0 0
241.74978764905026 211.7917038473655 -1 0 0
264.4818631131068 217.72181049016285 -1 0 0
146.3739058107264 219.20433715086216 -1 0 0
75.2126260971583 187.57710172260968 -1 0 0
95.47382379338256 185.10622395477748 -1 0 0
109.80491484680947 193.50720836540702 -1 0 0
120.67677702527125 186.5887506154768 -1 0 0
184.2600983823669 192.22515142915307 -1 0 0
192.2268226680771 183.91204782667285 -1 0 0
152.39320123952612 188.41497894468296 -1 0 0
176.2933740966567 187.72222031114296 -1 0 0
181.1426845314368 182.52653055959283 -1 0 0
264.27372055623874 204.00204819933333 -1 0 0
33.585095587413335 198.4599791310132 -1 0 0
42.24457850666353 186.68308236083294 -1 0 0
98.70440714017485 188.76135826145298 -1 0 0
131.26406291655562 184.25842714344287 -1 0 0
45.70837167436362 216.81808291982367 -1 0 0
281.24630707796916 221.6673933546038 -1 0 0
695.0536416095492 178.4800569310551 -1 0 0
689.523314212984 179.0945377528957 -1 0 0
681.8423039399768 185.54658638222173 -1 0 0
676.3119765434116 181.8597014511783 -1 0 0
653.2689457243898 189.23347131326523 -1 0 0
653.8834265462303 182.16694186209855 -1 0 0
666.1730429830419 177.86557610921452 -1 0 0
755.8872429717666 174.4859315890913 -1 0 0
760.1886087246506 179.70901857473626 -1 0 0
769.7130614631797 174.17869117817105 -1 0 0
775.8578696815854 172.33524871264927 -1 0 0
778.3157929689478 181.8597014511783 -1 0 0
754.9655217390057 191.69139460062755 -1 0 0
721.1690765377739 202.44480898283769 -1 0 0
736.223856672868 204.59549185927972 -1 0 0
733.7659333855057 198.75792405179422 -1 0 0
773.7071868051435 200.90860692823622 -1 0 0
783.2316395436724 194.45655829891015 -1 0 0
643.1300121640202 180.9379802184174 -1 0 0
608.1046053191072 180.63073980749712 -1 0 0
601.3453162788608 186.46830761498262 -1 0 0
575.2298813506362 176.63661446553334 -1 0 0
569.0850731322304 180.9379802184174 -1 0 0
601.9597971007014 176.32937405461306 -1 0 0
578.6095258707594 202.44480898283769 -1 0 0
810.2687957046578 201.8303281609971 -1 0 0
836.6914710438027 184.0103843276203 -1 0 0
825.323575839752 183.08866309485944 -1 0 0
836.0769902219622 179.70901857473626 -1 0 0
840.6855963857665 174.4859315890913 -1 0 0
833.3118265236797 175.4076528218522 -1 0 0
819.1787676213462 176.94385487645366 -1 0 0
801.3588237879694 184.3176247385406 -1 0 0
783.5388799545926 184.0103843276203 -1 0 0
791.5271306385202 177.55833569829423 -1 0 0
847.0510501859002 195.2750506674924 -1 0 0
864.9570996121464 179.87584816092067 -1 0 0
860.6596477498473 177.3690012412462 -1 0 0
869.9707934514953 169.49033949369786 -1 0 0
884.6537539810172 171.6390654248474 -1 0 0
892.1742947400406 166.9834925740234 -1 0 0
890.0255688088911 172.35530740189725 -1 0 0
901.1273194531636 176.65275926419633 -1 0 0
906.1410132925126 177.7271222297711 -1 0 0
912.2290700974363 178.8014851953459 -1 0 0
951.980499823703 181.30833211502033 -1 0 0
955.5617097089521 179.1596061838708 -1 0 0
965.947218376175 172.71342839042217 -1 0 0
970.602791226999 176.65275926419633 -1 0 0
980.9882998942218 172.71342839042217 -1 0 0
824.48942790883 195.2750506674924 -1 0 0
725.6480350759509 179.87584816092067 -1 0 0
729.94548693825 176.29463827567142 -1 0 0
877.1332132219939 186.68014694289423 -1 0 0
864.5989786236214 199.57250252979148 -1 0 0
867.4639465318209 214.6135840478383 -1 0 0
966.3053393646999 243.2632631298322 -1 0 0
1012.1448258958901 253.64877179705502 -1 0 0
1000.6849542630925 202.07934944946595 -1 0 0
996.3875024007934 190.9775988051933 -1 0 0
1003.191801182767 183.4570580461699 -1 0 0
998.894349320468 172.35530740189725 -1 0 0
1011.4285839188403 176.65275926419633 -1 0 0
965.2309763991251 207.0930432888149 -1 0 0
966.6634603532248 198.14001857569178 -1 0 0
956.636072674527 211.39049515111395 -1 0 0
908.2897392236622 207.4511642773398 -1 0 0
916.1684009712105 217.83667294456262 -1 0 0
699.5052029136315 273.7035471544508 -1 0 0
713.4719214661035 248.63507795770607 -1 0 0
700.5795658792063 247.91883598065624 -1 0 0
722.0668251907017 208.8836482314395 -1 0 0
728.5130029841503 210.67425317406412 -1 0 0
704.1607757644555 183.4570580461699 -1 0 0
766.1157067792673 224.64097172653618 -1 0 0
511.7250496641756 180.00696349551717 -1 0 0
556.4999579562534 181.96586573329557 -1 0 0
598.1965913032509 176.92868855043682 -1 0 0
397.54903351937696 199.03629951965024 -1 0 0
407.62338788509453 193.719279159966 -1 0 0
412.10087871430227 191.76037692218762 -1 0 0
402.3063675254103 203.51379034885807 -1 0 0
413.5000945984297 258.36305300665344 -1 0 0
478.70355479876815 261.16148477490833 -1 0 0
552.0224671270457 240.45308968982232 -1 0 0
575.5292939803866 191.76037692218762 -1 0 0
93.0904203323559 323.022971652004 -1 0 0
584.5703812316715 227.93010752688184 -1 0 0
615.6006842619745 223.92619745845568 -1 0 0
146.77257240204437 184.38245315161836 -1 0 0
379.55451448040895 178.77938671209537 -1 0 0
388.21379897785357 176.74190800681427 -1 0 0
400.9480408858604 174.7044293015332 -1 0 0
421.83219761499157 175.21379897785346 -1 0 0
437.11328790459976 176.232538330494 -1 0 0
450.35689948892684 177.25127768313456 -1 0 0
485.5034071550257 176.232538330494 -1 0 0
508.93441226575817 175.21379897785346 -1 0 0
523.1967632027258 175.21379897785346 -1 0 0
584.3211243611584 177.7606473594548 -1 0 0
580.7555366269164 174.70442930153317 -1 0 0
574.1337308347529 171.64821124361154 -1 0 0
611.3177172061328 174.70442930153317 -1 0 0
619.9770017035775 168.5919931856899 -1 0 0
618.4488926746167 173.17632027257235 -1 0 0
644.4267461669506 171.64821124361154 -1 0 0
652.0672913117546 173.68568994889262 -1 0 0
662.2546848381601 171.13884156729125 -1 0 0
666.8390119250425 171.64821124361154 -1 0 0
670.4045996592845 169.10136286201018 -1 0 0
672.4420783645655 176.74190800681427 -1 0 0
679.063884156729 176.74190800681427 -1 0 0
697.9105621805792 176.23253833049398 -1 0 0
707.079216354344 176.23253833049398 -1 0 0
714.7197614991481 177.25127768313453 -1 0 0
738.6601362862009 175.72316865417372 -1 0 0
745.2819420783645 175.21379897785343 -1 0 0
812.0093696763201 170.629471890971 -1 0 0
