855.3234597775835 590.4958735706871 -1 0 0
965.5908523970631 472.79472414539975 -1 0 0
937.0947846414672 400.9350750225926 -1 0 0
994.0869201526591 403.4129939578619 -1 0 0
964.3518929294287 357.5714936553816 -1 0 0
979.2194065410439 334.031263770324 -1 0 0
751.2508644962767 638.8152928084367 -1 0 0
549.3004712718362 664.8334416287632 -1 0 0
626.1159582651818 661.1165632258595 -1 0 0
614.9653230564702 622.7088197291869 -1 0 0
688.0639316469119 596.69067090886 -1 0 0
757.4456618344498 550.8491706063797 -1 0 0
788.419648525315 456.68825106614986 -1 0 0
828.0663514896222 472.79472414539975 -1 0 0
882.5805680655448 424.4753049076502 -1 0 0
837.978027230699 397.21819661968885 -1 0 0
898.6870411447946 327.83646643215104 -1 0 0
965.5908523970631 291.90664187074753 -1 0 0
945.7675009149095 295.6235202736513 -1 0 0
932.1389467709288 300.5793581441897 -1 0 0
940.8116630443711 279.5170471944015 -1 0 0
1016.388190570082 327.83646643215104 -1 0 0
1006.4765148290052 306.7741554823628 -1 0 0
814.4377973456415 371.20004779936215 -1 0 0
854.0845003099488 342.7039800437663 -1 0 0
857.8013787128527 369.9610883317275 -1 0 0
795.8534053311226 418.28050756947715 -1 0 0
761.1625402373535 388.54548034624673 -1 0 0
784.702770122411 334.031263770324 -1 0 0
773.5521349136995 357.5714936553816 -1 0 0
727.7106346112193 400.9350750225926 -1 0 0
685.5860127116426 398.4571560873235 -1 0 0
701.6924857908926 476.51160254830353 -1 0 0
649.6561881502394 482.7063998864765 -1 0 0
617.4432419917395 544.6543732682068 -1 0 0
561.6900659481822 519.8751839155146 -1 0 0
549.3004712718362 588.0179546354178 -1 0 0
434.0772407818182 594.2127519735909 -1 0 0
488.59145735774064 561.9998058150912 -1 0 0
414.2538892996644 507.48558923916863 -1 0 0
374.60718633535714 542.1764543329376 -1 0 0
305.22545614781933 552.0881300740144 -1 0 0
250.71123957189673 528.5479001889569 -1 0 0
234.60476649264692 596.69067090886 -1 0 0
250.71123957189673 651.2048874847827 -1 0 0
137.96592801714783 602.8854682470331 -1 0 0
166.46199577274368 583.0621167648794 -1 0 0
208.58661767232027 560.7608463474567 -1 0 0
217.25933394576248 516.1583055126108 -1 0 0
194.95806352833966 516.1583055126108 -1 0 0
165.22303630510908 521.1141433831492 -1 0 0
128.05425227607103 522.3531028507838 -1 0 0
88.4075493117637 555.8050084769183 -1 0 0
69.82315729724462 518.6362244478801 -1 0 0
53.716684217994796 493.85703509518794 -1 0 0
46.282927412187185 459.16617000141906 -1 0 0
9.114143383149068 452.9713726632461 -1 0 0
4.1583055126106006 495.09599456282257 -1 0 0
7.875183915514466 565.7166842179951 -1 0 0
36.37125167111031 550.8491706063797 -1 0 0
49.999805815090994 596.69067090886 -1 0 0
69.82315729724462 653.6828064200519 -1 0 0
31.4154138005719 666.0724010963979 -1 0 0
2.9193460449759985 642.5321712113405 -1 0 0
140.44384695241706 661.1165632258595 -1 0 0
128.05425227607103 491.3791161599188 -1 0 0
106.9919413262828 470.3168052101305 -1 0 0
77.25691410305224 461.6440889366883 -1 0 0
92.12442771466746 435.62594011636156 -1 0 0
135.48800908187863 421.997385972381 -1 0 0
142.92176588768626 430.6701022458232 -1 0 0
167.70095524037828 455.4492915985153 -1 0 0
190.00222565780123 431.90906171345773 -1 0 0
186.28534725489743 400.9350750225926 -1 0 0
202.39182033414727 388.54548034624673 -1 0 0
230.88788808974311 452.9713726632461 -1 0 0
211.06453660758947 440.58177798689997 -1 0 0
290.3579425362041 461.6440889366883 -1 0 0
250.71123957189673 418.28050756947715 -1 0 0
225.9320502192047 386.0675614109774 -1 0 0
268.05667211878125 389.7844398138812 -1 0 0
261.86187478060816 372.43900726699684 -1 0 0
301.50857774491556 403.4129939578619 -1 0 0
308.94233455072316 386.0675614109774 -1 0 0
327.5267265652422 386.0675614109774 -1 0 0
360.97863219137656 481.467440418842 -1 0 0
356.02279432083816 438.10385905163076 -1 0 0
383.2799026087994 435.62594011636156 -1 0 0
388.2357404793378 389.7844398138812 -1 0 0
364.69551059428034 392.26235874915045 -1 0 0
414.2538892996644 438.10385905163076 -1 0 0
448.9447543934334 446.77657532507305 -1 0 0
451.4226733287026 412.0857102313041 -1 0 0
429.12140291127974 418.28050756947715 -1 0 0
432.8382813141836 387.30652087861205 -1 0 0
410.53701089676065 366.24420992882375 -1 0 0
451.4226733287026 343.94293951140094 -1 0 0
435.3162002494528 362.52733152592 -1 0 0
466.2901869403178 352.6156557848431 -1 0 0
496.0252141635483 409.60779129603486 -1 0 0
536.9108765954903 421.997385972381 -1 0 0
525.7602413867788 439.3428185192654 -1 0 0
559.2121470129131 449.25449426034226 -1 0 0
596.3809310419513 424.4753049076502 -1 0 0
607.5315662506626 412.0857102313041 -1 0 0
575.318620092163 404.65195342549646 -1 0 0
509.653768307529 388.54548034624673 -1 0 0
507.1758493722598 360.0494125906507 -1 0 0
535.6719171278556 351.37669631720854 -1 0 0
520.8044035162404 335.27022323795865 -1 0 0
544.3446334012978 315.44687175580503 -1 0 0
574.0796606245283 317.92479069107424 -1 0 0
572.8407011568937 348.89877738193934 -1 0 0
583.9913363656053 334.031263770324 -1 0 0
621.1601203946434 334.031263770324 -1 0 0
603.8146878477589 293.1456013383821 -1 0 0
670.7184991000274 286.95080400020913 -1 0 0
681.8691343087389 278.2780877267669 -1 0 0
675.6743369705658 246.0651415682672 -1 0 0
709.1262425967002 283.2339255973053 -1 0 0
674.4353775029314 366.24420992882375 -1 0 0
693.0197695174503 352.6156557848431 -1 0 0
731.4275130141231 360.0494125906507 -1 0 0
714.0820804672386 351.37669631720854 -1 0 0
758.6846213020843 340.2260611084971 -1 0 0
772.3131754460651 306.7741554823628 -1 0 0
741.3391887551999 283.2339255973053 -1 0 0
759.923580769719 246.0651415682672 -1 0 0
716.5599994025079 238.6313847624596 -1 0 0
859.0403381804874 314.2079122881704 -1 0 0
877.6247301950064 306.7741554823628 -1 0 0
886.2974464684487 322.88062856161264 -1 0 0
903.642879015333 298.1014392089205 -1 0 0
847.8897029717758 300.5793581441897 -1 0 0
867.7130544539295 284.47288506493993 -1 0 0
826.8273920219875 293.1456013383821 -1 0 0
821.8715541514491 262.171614647517 -1 0 0
804.5261216045647 238.6313847624596 -1 0 0
808.2430000074686 226.2417900861135 -1 0 0
870.1909733891987 257.2157767769786 -1 0 0
925.9441494327559 265.88849305042083 -1 0 0
924.7051899651212 243.587222632998 -1 0 0
899.9260006124291 243.587222632998 -1 0 0
21.271433159313755 79.88970297177596 -1 0 0
2.3773012778860623 58.82739202198769 -1 0 0
10.120797950602324 3.6936957122478193 -1 0 0
24.67857169530891 1.2157767769786156 -1 0 0
40.16556504074146 10.198232917329479 -1 0 0
11.979237152054242 16.39303025550252 -1 0 0
14.457156087323446 29.09236479875719 -1 0 0
35.20972717020306 20.109908658406326 -1 0 0
56.89151785380862 16.39303025550252 -1 0 0
78.57330853741418 6.791094381334324 -1 0 0
69.59085239706332 2.4547362446132177 -1 0 0
58.44021718835187 1.8352565107959165 -1 0 0
45.43114277818852 3.383955845339169 -1 0 0
34.89998730329441 2.4547362446132177 -1 0 0
173.74088264509723 107.61142106010021 -1 0 0
182.41359891853944 113.18673866445593 -1 0 0
201.61747066687576 94.60234664993683 -1 0 0
183.65255838617404 88.40754931176383 -1 0 0
178.69672051563563 79.73483303832161 -1 0 0
168.16556504074146 80.35431277213891 -1 0 0
168.16556504074146 74.15951543396591 -1 0 0
157.63440956584733 71.6815964986967 -1 0 0
152.67857169530893 78.49587357068701 -1 0 0
134.7136594146072 75.39847490160051 -1 0 0
138.430537817511 87.78806957794653 -1 0 0
111.17342952954971 84.69067090886003 -1 0 0
116.12926740008812 71.0621167648794 -1 0 0
100.6422740546556 65.48679916052363 -1 0 0
96.30591591793448 79.11535330450431 -1 0 0
79.5799631048673 84.69067090886003 -1 0 0
65.9514089608867 85.92963037649463 -1 0 0
70.9072468314251 69.8231572972448 -1 0 0
43.03065880964652 80.35431277213891 -1 0 0
17.63198972313712 337.4384023063192 -1 0 0
5.242395046791102 317.61505082416556 -1 0 0
23.20730732749286 292.83586147147344 -1 0 0
8.339793715877606 289.73846280238695 -1 0 0
35.59690200383888 281.0657465289447 -1 0 0
26.304705996579365 269.9151113202333 -1 0 0
34.35794253620428 259.38395584533913 -1 0 0
5.861874780608403 277.9683478598582 -1 0 0
5.861874780608403 258.1449963777045 -1 0 0
7.100834248243005 237.70216516173363 -1 0 0
2.764476111521868 219.11777314721454 -1 0 0
3.383955845339199 207.34765820468576 -1 0 0
3.383955845339199 181.94898911817643 -1 0 0
31.26054386711777 177.6126309814553 -1 0 0
55.42025348599257 168.32043497419576 -1 0 0
57.27869268744447 177.6126309814553 -1 0 0
54.80077375217527 190.62170539161863 -1 0 0
26.924185730396665 199.29442166506087 -1 0 0
28.782624931848567 204.86973926941658 -1 0 0
33.73846280238698 213.54245554285882 -1 0 0
31.26054386711777 223.45413128393565 -1 0 0
74.0046455005116 331.24360496814614 -1 0 0
54.18129401835797 330.62412523432886 -1 0 0
54.18129401835797 290.9774222700215 -1 0 0
47.9864966801849 259.38395584533913 -1 0 0
56.03973321980987 240.7995638308201 -1 0 0
51.0838953492714 229.02944888829134 -1 0 0
44.88909801109839 207.34765820468576 -1 0 0
93.82799698266528 339.2968415077711 -1 0 0
100.6422740546556 323.80984816233854 -1 0 0
87.63319964449222 298.4111790758291 -1 0 0
125.42146340734763 299.65013854346375 -1 0 0
126.04094314116493 324.4293278961558 -1 0 0
143.3863756880494 313.89817242126173 -1 0 0
148.34221355858784 294.07482093910806 -1 0 0
140.28897701896292 268.6761518525987 -1 0 0
167.54608530692417 271.1540707878679 -1 0 0
187.98891652289515 263.100834248243 -1 0 0
217.72394374612566 281.685226262762 -1 0 0
223.91874108429866 298.4111790758291 -1 0 0
235.0693762930101 295.31378040674264 -1 0 0
233.21093709155818 277.9683478598582 -1 0 0
214.00706534322185 302.7475372125503 -1 0 0
178.07724078181835 300.26961827728104 -1 0 0
179.31620024945295 332.4825644357808 -1 0 0
227.63561948720246 338.67736177395375 -1 0 0
252.41480883989456 334.3410036372327 -1 0 0
111.17342952954971 263.72031398206025 -1 0 0
87.63319964449222 273.6319897231371 -1 0 0
74.0046455005116 269.9151113202333 -1 0 0
66.570888694704 252.56967877334884 -1 0 0
70.2877670976078 243.89696249990658 -1 0 0
80.8189225725019 239.5606043631855 -1 0 0
72.1462062990597 233.3658070250125 -1 0 0
88.25267937830952 223.45413128393565 -1 0 0
96.92539565175178 250.71123957189693 -1 0 0
101.2617537884729 238.32164489555086 -1 0 0
119.22666606917463 253.8086382409834 -1 0 0
124.80198367353033 245.1359219675412 -1 0 0
148.34221355858784 251.95019903953155 -1 0 0
136.57209861605912 206.10869873705118 -1 0 0
147.10325409095324 194.33858379452246 -1 0 0
83.2968415077711 168.32043497419576 -1 0 0
108.6955105942805 161.50615790220547 -1 0 0
121.70458500444383 163.98407683747467 -1 0 0
147.10325409095324 161.50615790220547 -1 0 0
155.77597036439545 150.355522693494 -1 0 0
77.1020441695981 185.66586752108026 -1 0 0
89.49163884594412 193.71910406070518 -1 0 0
115.50978766627082 191.86066485925326 -1 0 0
89.49163884594412 207.9671379385031 -1 0 0
108.0760308604632 219.73725288103185 -1 0 0
120.46562553680923 201.77234060033004 -1 0 0
173.74088264509723 206.10869873705118 -1 0 0
173.12140291127992 178.8515904490899 -1 0 0
159.49284876729925 180.09054991672454 -1 0 0
181.17463945090483 163.36459710365736 -1 0 0
183.03307865235675 178.8515904490899 -1 0 0
172.50192317746263 157.16979976548436 -1 0 0
195.42267332870276 157.16979976548436 -1 0 0
191.08631519198167 165.84251603892656 -1 0 0
215.24602481085645 170.17887417564768 -1 0 0
210.90966667413528 153.45292136258055 -1 0 0
204.09538960214496 163.36459710365736 -1 0 0
210.290186940318 180.7100296505418 -1 0 0
190.46683545816435 201.77234060033004 -1 0 0
194.18371386106816 211.6840163414069 -1 0 0
184.89151785380864 243.89696249990658 -1 0 0
173.74088264509723 250.71123957189693 -1 0 0
200.99799093305847 249.4722801042623 -1 0 0
207.8122680050488 239.5606043631855 -1 0 0
228.87457895483706 226.55152995302214 -1 0 0
223.29926135048137 213.54245554285882 -1 0 0
234.44989655919278 204.86973926941658 -1 0 0
206.5733085374142 200.53338113269547 -1 0 0
249.9368899046253 225.31257048538754 -1 0 0
262.9459643147887 243.89696249990658 -1 0 0
257.9901264442503 253.8086382409834 -1 0 0
253.65376830752916 237.70216516173363 -1 0 0
262.9459643147887 266.8177126511468 -1 0 0
253.65376830752916 277.34886812604094 -1 0 0
267.2823224515098 321.33192922706934 -1 0 0
275.3355589911347 310.1812940183579 -1 0 0
288.34463340129804 298.4111790758291 -1 0 0
300.7342280776441 298.4111790758291 -1 0 0
301.97318754527873 287.26054386711775 -1 0 0
304.45110648054794 273.0125099893198 -1 0 0
282.149836063125 279.82678706131014 -1 0 0
330.4692553008745 321.9514089608866 -1 0 0
338.5224918404995 334.3410036372327 -1 0 0
366.39907986227814 336.19944283868455 -1 0 0
350.2926067830283 320.09296975943477 -1 0 0
370.73543799899915 313.27869268744445 -1 0 0
354.0094851859321 307.0838953492714 -1 0 0
373.21335693426835 297.17221960819455 -1 0 0
389.9393097473356 299.65013854346375 -1 0 0
381.26659347389335 285.40210466566583 -1 0 0
392.4172286826048 275.490428924589 -1 0 0
411.62110043094117 260.0034355791565 -1 0 0
417.81589776911414 245.1359219675412 -1 0 0
414.09901936621037 232.74632729119517 -1 0 0
420.29381670438335 219.11777314721454 -1 0 0
437.6392492512678 226.55152995302214 -1 0 0
434.5418505821813 198.05546219742627 -1 0 0
446.31196552471 199.29442166506087 -1 0 0
461.17947913632526 190.62170539161863 -1 0 0
455.60416153196957 333.10204416959806 -1 0 0
464.2768778054118 325.66828736379045 -1 0 0
472.94959407885403 338.67736177395375 -1 0 0
453.12624259670037 318.23453055798285 -1 0 0
451.8872831290658 302.7475372125503 -1 0 0
464.2768778054118 301.5085777449157 -1 0 0
453.7457223305176 288.4995033347523 -1 0 0
474.80803328030595 272.39303025550254 -1 0 0
462.4184386039598 271.1540707878679 -1 0 0
492.1534658271904 271.1540707878679 -1 0 0
483.4807495537482 258.1449963777045 -1 0 0
495.25086449627685 251.33071930571424 -1 0 0
491.533986093373 242.658003032272 -1 0 0
496.4898239639114 238.32164489555086 -1 0 0
140.9084567527802 168.32043497419576 -1 0 0
227.01613975338518 155.31136056403244 -1 0 0
246.8394912355388 146.01916455677292 -1 0 0
241.88365336500038 155.31136056403244 -1 0 0
241.88365336500038 167.08147550656116 -1 0 0
250.55636963844262 171.41783364328228 -1 0 0
263.56544404860597 168.32043497419576 -1 0 0
263.56544404860597 174.51523231236885 -1 0 0
269.14076165296166 152.21396189494595 -1 0 0
261.08752511333677 150.97500242731132 -1 0 0
272.8576400558655 142.3022861538691 -1 0 0
274.7160792573174 209.2060974061377 -1 0 0
257.370646710433 200.53338113269547 -1 0 0
264.8044035162406 186.2853472548975 -1 0 0
277.8134779264039 180.7100296505418 -1 0 0
312.5043430201728 191.86066485925326 -1 0 0
305.0705862143652 186.2853472548975 -1 0 0
321.79653902743235 180.09054991672454 -1 0 0
332.9471742361438 167.08147550656116 -1 0 0
319.9380998259805 150.97500242731132 -1 0 0
296.397869940923 224.69309075157025 -1 0 0
308.787464617269 228.40996915447403 -1 0 0
317.4601808907113 223.45413128393565 -1 0 0
314.36278222162474 215.40089474431073 -1 0 0
341.0004107757687 216.63985421194536 -1 0 0
355.2484446535667 233.9852867588298 -1 0 0
339.14197157431676 232.74632729119517 -1 0 0
333.5666539699611 245.1359219675412 -1 0 0
316.2212214230767 247.6138409028104 -1 0 0
341.0004107757687 268.0566721187814 -1 0 0
396.7535868193259 240.7995638308201 -1 0 0
397.99254628696053 255.04759770861799 -1 0 0
386.22243134443175 219.73725288103185 -1 0 0
365.1601203946435 237.70216516173363 -1 0 0
361.44324199173974 212.30349607522422 -1 0 0
368.87699879754734 201.77234060033004 -1 0 0
383.74451240916255 204.86973926941658 -1 0 0
378.1691948048068 187.52430672253212 -1 0 0
393.65618815023936 180.09054991672454 -1 0 0
405.42630309276814 172.0373133770996 -1 0 0
408.52370176185457 163.36459710365736 -1 0 0
546.667682403113 280.4462667951274 -1 0 0
501.4456618344499 227.79048942065677 -1 0 0
501.4456618344499 212.30349607522422 -1 0 0
506.4014997049883 202.39182033414738 -1 0 0
471.0911548774022 177.6126309814553 -1 0 0
466.13531700686366 181.3295093843591 -1 0 0
473.5690738126714 157.16979976548436 -1 0 0
482.24179008611355 173.27627284473422 -1 0 0
490.9145063595558 165.84251603892656 -1 0 0
493.392425294825 159.02823896693624 -1 0 0
505.16254023735365 154.69188083021515 -1 0 0
494.0119050286422 146.01916455677292 -1 0 0
497.72878343154605 139.2048874847826 -1 0 0
502.68462130208445 133.0100901466096 -1 0 0
316.2212214230767 262.4813545144257 -1 0 0
422.1522559058352 157.16979976548436 -1 0 0
428.9665329778256 147.8776037582248 -1 0 0
430.2054924454602 135.4880090818788 -1 0 0
438.8782087189024 139.8243672185999 -1 0 0
433.922370848364 128.67373200988845 -1 0 0
448.17040472616196 123.09841440553274 -1 0 0
460.55999940250797 116.28413733354243 -1 0 0
476.6664724817578 113.80621839827323 -1 0 0
487.81710769046924 87.78806957794653 -1 0 0
240.64469389736578 273.0125099893198 -1 0 0
275.95503872495203 228.40996915447403 -1 0 0
318.0796606245285 172.6567931109169 -1 0 0
348.43416758157633 167.08147550656116 -1 0 0
353.39000545211474 161.50615790220547 -1 0 0
357.7263635888359 152.83344162876324 -1 0 0
371.35491773281655 161.50615790220547 -1 0 0
339.14197157431676 187.52430672253212 -1 0 0
363.30168119319154 171.41783364328228 -1 0 0
388.0808705458836 157.16979976548436 -1 0 0
376.9302353371722 139.2048874847826 -1 0 0
392.4172286826048 141.6828064200518 -1 0 0
405.42630309276814 148.49708349204212 -1 0 0
407.90422202803734 131.77113067897494 -1 0 0
241.2641736311831 185.66586752108026 -1 0 0
49.8449358816368 277.9683478598582 -1 0 0
347.19520811394176 370.8903079324535 -1 0 0
510.8927277751637 240.48982396391148 -1 0 0
523.901802185327 230.57814822283464 -1 0 0
520.1849237824232 201.46260073342143 -1 0 0
517.0875251133367 186.5950871218062 -1 0 0
549.9199510056537 200.22364126578682 -1 0 0
557.3537078114613 177.30289111454667 -1 0 0
564.1679848834517 166.77173563965252 -1 0 0
548.0615118042017 158.0990193662103 -1 0 0
531.9550387249519 127.74451240916252 -1 0 0
514.6096061780675 124.647113740076 -1 0 0
526.3797211205963 112.87699879754724 -1 0 0
544.3446334012981 94.29260678302822 -1 0 0
566.0264240849036 125.88607320771062 -1 0 0
575.3186200921631 114.11595826518183 -1 0 0
583.9913363656053 106.06272172555694 -1 0 0
598.8588499772205 101.10688385501852 -1 0 0
590.8056134375956 155.6211004309411 -1 0 0
584.6108160994225 138.27566788405665 -1 0 0
614.3458433226531 140.75358681932585 -1 0 0
606.9120865168455 137.65618815023933 -1 0 0
604.4341675815762 127.74451240916252 -1 0 0
548.0615118042017 319.78322989252615 -1 0 0
562.9290254158169 322.26114882779535 -1 0 0
553.0173496747401 296.24300000746865 -1 0 0
564.1679848834517 281.3754863958534 -1 0 0
568.5043430201729 268.36641198569004 -1 0 0
562.3095456819997 259.0742159784305 -1 0 0
580.8939376965188 256.59629704316126 -1 0 0
601.3367689124898 240.48982396391148 -1 0 0
605.0536473153936 228.7197090213827 -1 0 0
593.9030121066821 214.47167514358475 -1 0 0
594.5224918404994 201.46260073342143 -1 0 0
588.9471742361437 187.21456685562347 -1 0 0
603.8146878477589 185.3561276541716 -1 0 0
613.7263635888357 170.48861404255635 -1 0 0
631.0717961357202 171.72757351019095 -1 0 0
639.1250326753451 144.47046522222965 -1 0 0
651.5146273516913 233.67554689192113 -1 0 0
634.1691948048067 242.96774289918065 -1 0 0
673.8158977691141 230.57814822283464 -1 0 0
699.8340465894407 231.81710769046924 -1 0 0
693.0197695174505 192.78988445997925 -1 0 0
671.3379788338449 153.7626612294892 -1 0 0
681.8691343087389 145.08994495604696 -1 0 0
686.2054924454601 140.13410708550856 -1 0 0
689.9223708483639 132.70035027970093 -1 0 0
763.640459172623 198.9846817981522 -1 0 0
748.7729455610078 195.26780339524842 -1 0 0
758.0651415682671 185.3561276541716 -1 0 0
739.4807495537482 153.7626612294892 -1 0 0
741.3391887551999 133.31983001351824 -1 0 0
756.2067023668153 125.2665934738933 -1 0 0
722.754796740681 120.31075560335489 -1 0 0
752.4898239639114 102.34584332265312 -1 0 0
759.923580769719 90.57572838012442 -1 0 0
742.5781482228346 79.425093171413 -1 0 0
731.4275130141231 73.23029583323992 -1 0 0
720.2768778054118 83.76145130813404 -1 0 0
702.9314452585273 99.86792438738392 -1 0 0
811.9598784103723 204.5599994025079 -1 0 0
801.4287229354783 202.70156020105603 -1 0 0
794.6144458634878 189.69248579089268 -1 0 0
805.7650810721995 184.117168186537 -1 0 0
815.6767568132763 185.3561276541716 -1 0 0
795.2339255973053 175.44445191309475 -1 0 0
793.3754863958534 159.9574585676622 -1 0 0
816.2962365470935 141.37306655314316 -1 0 0
817.5351960147282 128.3639921429798 -1 0 0
807.0040405398339 123.4081542724414 -1 0 0
801.4287229354783 109.77960012846074 -1 0 0
789.6586079929494 108.54064066082613 -1 0 0
785.3222498562285 97.39000545211472 -1 0 0
780.9858917195073 112.87699879754724 -1 0 0
798.3313242663918 96.77052571829742 -1 0 0
846.6507435041414 171.10809377637366 -1 0 0
870.1909733891987 174.82497217927747 -1 0 0
878.2442099288238 166.77173563965252 -1 0 0
875.7662909935545 151.28474229422 -1 0 0
868.332534187747 133.93930974733553 -1 0 0
875.7662909935545 123.4081542724414 -1 0 0
874.5273315259199 114.11595826518183 -1 0 0
878.863689662641 102.34584332265312 -1 0 0
824.3494730867186 223.144391417027 -1 0 0
879.4831693964583 195.88728312906574 -1 0 0
889.3948451375351 192.78988445997925 -1 0 0
903.0233992815158 175.44445191309475 -1 0 0
39.54608530692416 52.322854816906016 -1 0 0
63.08631519198163 46.12805747873299 -1 0 0
92.20186268139483 39.31378040674269 -1 0 0
76.09538960214498 18.56120932386307 -1 0 0
107.6888560268274 14.224851187141965 -1 0 0
112.6446938973658 6.791094381334324 -1 0 0
139.5920623184184 16.39303025550252 -1 0 0
133.08752511333677 10.50797278423816 -1 0 0
155.69853539766828 8.030053848968926 -1 0 0
172.73422807764402 12.05667211878138 -1 0 0
153.22061646239908 29.71184453257449 -1 0 0
135.56544404860597 32.80924320166099 -1 0 0
129.99012644425025 24.446266795127432 -1 0 0
119.4589709693561 24.446266795127432 -1 0 0
111.71547429663984 33.118983068569676 -1 0 0
89.72394374612563 30.95080400020909 -1 0 0
101.49405868865435 57.898172421261734 -1 0 0
101.803798555563 52.322854816906016 -1 0 0
142.3797211205963 60.99557109034825 -1 0 0
147.02581912422608 58.82739202198769 -1 0 0
156.93749486530288 42.41117907582919 -1 0 0
149.8134779264039 41.79169934201189 -1 0 0
173.35370781146133 56.65921295362714 -1 0 0
170.56604900928352 48.915716280910864 -1 0 0
181.71668421799492 50.464415615454115 -1 0 0
192.86731942670633 47.3670169463676 -1 0 0
203.3984749016005 42.10143920892054 -1 0 0
199.06211676487942 37.45534120529078 -1 0 0
192.24783969288904 66.57088869470397 -1 0 0
194.72575862815825 76.4825644357808 -1 0 0
220.43416758157633 87.94293951140088 -1 0 0
210.52249184049944 80.8189225725019 -1 0 0
211.45171144122543 69.66828736379047 -1 0 0
227.86792438738394 63.1637501587088 -1 0 0
218.88546824703303 43.03065880964649 -1 0 0
216.40754931176383 32.80924320166099 -1 0 0
215.47832971103793 25.065746528944732 -1 0 0
238.39907986227806 32.18976346784369 -1 0 0
237.16012039464346 25.68522626276203 -1 0 0
248.62049547026356 78.65074350414136 -1 0 0
243.04517786590785 87.3234597775836 -1 0 0
229.72636358883585 83.9163212415884 -1 0 0
231.27506292337907 99.71305445392962 -1 0 0
184.89151785380858 16.70277012241117 -1 0 0
195.73241319561137 9.269013316603528 -1 0 0
208.43174773886608 1.2157767769786156 -1 0 0
213.38758560940448 6.791094381334324 -1 0 0
232.5914573577408 18.87094919077172 -1 0 0
203.166170001419 20.729388392223626 -1 0 0
237.5472952282793 9.888493050420829 -1 0 0
289.27385300202394 6.791094381334324 -1 0 0
265.7336231169665 21.968347859858227 -1 0 0
260.4680453795194 2.764476111521868 -1 0 0
260.1583055126108 61.3053109572569 -1 0 0
279.9816569947644 94.44747671648254 -1 0 0
286.4861941998461 86.08450030994898 -1 0 0
297.63682940855756 74.62412523432889 -1 0 0
295.46865034019703 55.11051361908388 -1 0 0
287.1056739336634 48.6059764140022 -1 0 0
301.9731875452786 46.12805747873299 -1 0 0
308.16798488345165 48.6059764140022 -1 0 0
300.42448821073543 37.14560133838213 -1 0 0
309.71668421799495 30.021584399483174 -1 0 0
303.21214701291325 21.348868126040927 -1 0 0
294.539430739471 18.56120932386307 -1 0 0
314.05304235471607 2.764476111521868 -1 0 0
313.74330248780734 84.22606110849706 -1 0 0
303.5218868798219 100.9520139215642 -1 0 0
311.8848632863555 98.78383485320367 -1 0 0
311.57512341944687 113.34160859791025 -1 0 0
304.76084634745655 109.00525046118915 -1 0 0
299.4952686100094 122.01432487135247 -1 0 0
292.99073140492777 113.34160859791025 -1 0 0
294.539430739471 130.68704114479473 -1 0 0
294.539430739471 159.49284876729925 -1 0 0
282.149836063125 135.64287901533314 -1 0 0
305.9998058150911 155.77597036439545 -1 0 0
322.8806285616124 39.31378040674269 -1 0 0
336.81892257250166 29.402104665665863 -1 0 0
349.51825711575634 13.295631586416016 -1 0 0
372.4390072669965 6.791094381334324 -1 0 0
359.7396727237418 20.729388392223626 -1 0 0
370.58056806554464 39.93326014055999 -1 0 0
389.1649600800636 30.64106413330047 -1 0 0
422.616865706198 33.73846280238698 -1 0 0
417.04154810184224 11.437192384964082 -1 0 0
433.45776104800075 14.224851187141965 -1 0 0
391.6428790153329 10.50797278423816 -1 0 0
402.48377435713564 42.41117907582919 -1 0 0
408.98831156221735 56.65921295362714 -1 0 0
340.2260611084968 147.7227338247705 -1 0 0
332.7923043026892 133.78443981388122 -1 0 0
321.9514089608864 132.23574047933798 -1 0 0
309.5618142845404 125.11172354043899 -1 0 0
329.385165766694 104.66889232446802 -1 0 0
330.9338651012373 95.06695645029984 -1 0 0
337.12866243941033 91.04033818048738 -1 0 0
350.4474767164823 131.30652087861202 -1 0 0
342.3942401768574 124.80198367353032 -1 0 0
331.2436049681459 120.46562553680923 -1 0 0
356.952013921564 121.08510527062653 -1 0 0
370.27082819863597 121.39484513753519 -1 0 0
392.26235874915017 128.51886207643415 -1 0 0
459.78564973523606 154.8467507636695 -1 0 0
446.4668354581641 136.88183848296774 -1 0 0
460.4051294690534 83.60658137467976 -1 0 0
462.8830484043226 71.21698669833373 -1 0 0
461.0246092028707 61.92479069107421 -1 0 0
463.1927882712313 45.19883787800703 -1 0 0
456.6882510661496 46.7475372125503 -1 0 0
449.5642341272506 32.80924320166099 -1 0 0
456.9979909330582 7.720313982060276 -1 0 0
445.22787599052947 45.19883787800703 -1 0 0
443.6791766559862 56.65921295362714 -1 0 0
435.93567998326995 56.65921295362714 -1 0 0
440.89151785380835 71.83646643215103 -1 0 0
429.12140291127963 76.4825644357808 -1 0 0
430.97984211273155 71.21698669833373 -1 0 0
442.74995705526027 93.82799698266524 -1 0 0
435.6259401163613 90.73059831357874 -1 0 0
428.1921833105537 86.70398004376628 -1 0 0
444.91813612362085 105.59811192519398 -1 0 0
454.2103321308804 113.34160859791025 -1 0 0
430.97984211273155 114.2708281986362 -1 0 0
422.616865706198 8.959273449694878 -1 0 0
399.0766358211405 26.924185730396633 -1 0 0
397.83767635350586 3.383955845339169 -1 0 0
400.62533515568373 66.57088869470397 -1 0 0
412.7051899651211 74.31438536742023 -1 0 0
414.87336903348165 83.60658137467976 -1 0 0
403.7227338247703 54.49103388526659 -1 0 0
406.51039262694815 92.279297648122 -1 0 0
397.21819661968857 74.62412523432889 -1 0 0
393.50131821678474 69.97802723069913 -1 0 0
384.51886207643395 66.88062856161262 -1 0 0
334.34100363723246 3.6936957122478193 -1 0 0
334.9604833710498 49.225456147819514 -1 0 0
333.7215239034151 63.1637501587088 -1 0 0
357.2617537884726 55.72999335290119 -1 0 0
342.703980043766 74.31438536742023 -1 0 0
353.85461525247746 76.4825644357808 -1 0 0
369.03186873100134 75.24360496814619 -1 0 0
366.8636896626408 64.40270962634341 -1 0 0
374.2974464684484 64.40270962634341 -1 0 0
373.36822686772246 55.42025348599254 -1 0 0
355.4033145870207 86.70398004376628 -1 0 0
358.50071325610725 94.44747671648254 -1 0 0
384.51886207643395 87.94293951140088 -1 0 0
391.6428790153329 83.60658137467976 -1 0 0
377.08510527062623 80.8189225725019 -1 0 0
396.28897701896267 97.23513551866041 -1 0 0
403.7227338247703 98.16435511938634 -1 0 0
385.44808167715985 99.09357472011231 -1 0 0
388.855220213155 119.84614580299193 -1 0 0
404.96169329240485 112.10264913027565 -1 0 0
418.28050756947687 124.80198367353032 -1 0 0
414.56362916657304 147.7227338247705 -1 0 0
318.2345305579826 49.535196014728164 -1 0 0
317.924790691074 68.73906776306453 -1 0 0
326.9072468314248 87.3234597775836 -1 0 0
324.119588029247 74.00464550051159 -1 0 0
305.2254561478193 63.1637501587088 -1 0 0
264.33979371587736 96.92539565175176 -1 0 0
254.11837810789186 63.473490025617444 -1 0 0
222.21517181630082 135.64287901533314 -1 0 0
156.39545009821268 189.69248579089268 -1 0 0
113.65134846481887 187.5243067225321 -1 0 0
472.17524441158207 25.065746528944732 -1 0 0
478.3700417497551 12.05667211878138 -1 0 0
473.4142038792167 9.269013316603528 -1 0 0
593.2835323728647 95.06695645029984 -1 0 0
586.4692553008742 88.25267937830954 -1 0 0
578.725758628158 90.42085844667007 -1 0 0
591.4250931714126 81.74814217322786 -1 0 0
581.5134174303358 77.41178403650676 -1 0 0
586.1595154339657 69.97802723069913 -1 0 0
583.9913363656051 59.44687175580499 -1 0 0
588.9471742361435 51.39363521618007 -1 0 0
587.7082147685089 42.41117907582919 -1 0 0
589.256914103052 24.13652692821878 -1 0 0
588.0179546354176 3.383955845339169 -1 0 0
579.0354984950667 13.295631586416016 -1 0 0
570.9822619554418 24.13652692821878 -1 0 0
553.946569275466 11.127452518055462 -1 0 0
559.8316267467303 5.861874780608372 -1 0 0
572.8407011568936 55.72999335290119 -1 0 0
564.1679848834515 52.94233455072331 -1 0 0
555.8050084769178 65.64166909397801 -1 0 0
553.946569275466 57.58843255435309 -1 0 0
575.0088802252542 82.0578820401365 -1 0 0
560.7608463474562 97.54487538556906 -1 0 0
551.4686503401967 147.7227338247705 -1 0 0
531.9550387249517 99.71305445392962 -1 0 0
533.1939981925864 87.3234597775836 -1 0 0
539.3887955307594 75.55334483505483 -1 0 0
532.8842583256777 27.543665464213937 -1 0 0
535.6719171278555 13.605371453324665 -1 0 0
528.8576400558652 5.552134913699723 -1 0 0
514.9193460449759 39.31378040674269 -1 0 0
516.7777852464278 54.80077375217524 -1 0 0
523.5920623184181 65.95140896088665 -1 0 0
513.6803865773413 63.7832298925261 -1 0 0
508.10506897298563 59.44687175580499 -1 0 0
498.50313309881744 59.44687175580499 -1 0 0
487.9719776239233 56.65921295362714 -1 0 0
492.6180756275531 67.80984816233857 -1 0 0
498.8128729657261 72.14620629905968 -1 0 0
512.7511669766153 74.31438536742023 -1 0 0
515.5388257787932 83.60658137467976 -1 0 0
512.1316872427981 97.23513551866041 -1 0 0
508.41480883989425 87.3234597775836 -1 0 0
500.98105203408664 82.98710164086246 -1 0 0
512.4414271097068 112.10264913027565 -1 0 0
502.2200115017212 112.4123889971843 -1 0 0
497.5739134980915 102.50071325610747 -1 0 0
507.4855892391683 1.2157767769786156 -1 0 0
490.4498965591925 32.80924320166099 -1 0 0
480.5382208181157 33.118983068569676 -1 0 0
491.9985958937358 7.1008342482429745 -1 0 0
479.60900121738973 64.40270962634341 -1 0 0
468.1486261417697 55.11051361908388 -1 0 0
474.6531633468513 71.21698669833373 -1 0 0
487.6622377570147 108.07603086046319 -1 0 0
918.1232177933126 203.94051966869065 -1 0 0
928.9641131351154 204.2502595355993 -1 0 0
1018.4789346717156 235.22424622646446 -1 0 0
1020.3373738731675 213.8521954097675 -1 0 0
1022.8152928084367 154.38214096330648 -1 0 0
1011.6646575997253 149.1165632258594 -1 0 0
1020.6471137400762 140.44384695241718 -1 0 0
1014.1425765349944 118.1425765349943 -1 0 0
1013.8328366680859 100.79714398810985 -1 0 0
994.3192250528408 99.86792438738387 -1 0 0
986.5757283801246 88.09780944485514 -1 0 0
979.7614513081343 85.61989050958591 -1 0 0
1009.4964785313648 84.07119117504266 -1 0 0
951.2653835525384 95.53156625066276 -1 0 0
935.7783902071058 92.1244277146676 -1 0 0
917.8134779264041 87.7880695779465 -1 0 0
968.3010762325142 154.69188083021513 -1 0 0
967.9913363656054 168.01069510728712 -1 0 0
980.6906709088602 169.55939444183036 -1 0 0
986.2659885132159 183.18794858581103 -1 0 0
958.3894004914373 184.73664792035427 -1 0 0
953.1238227539902 170.48861404255635 -1 0 0
981.0004107757688 207.3476582046858 -1 0 0
998.655583189562 208.58661767232041 -1 0 0
1006.0893399953696 217.25933394576268 -1 0 0
991.8413061175717 232.12684755737794 -1 0 0
936.7076098078317 230.88788808974334 -1 0 0
905.423883250058 87.1685898441292 -1 0 0
892.7245487068033 142.61202602077776 -1 0 0
848.4317477388662 107.61142106010016 -1 0 0
845.953828803597 94.29260678302816 -1 0 0
845.953828803597 84.69067090885996 -1 0 0
835.1129334617942 97.69974531902331 -1 0 0
829.5376158574385 130.2224313444317 -1 0 0
822.1038590516308 120.93023533717216 -1 0 0
905.7336231169667 223.45413128393568 -1 0 0
906.6628427176926 239.8703442300942 -1 0 0
894.5829879082552 238.94112462936826 -1 0 0
886.2200115017216 245.44566183444994 -1 0 0
901.0875251133368 165.22303630510928 -1 0 0
897.9901264442503 156.55032003166704 -1 0 0
791.2073073274926 86.08450030994898 -1 0 0
797.7118445325741 73.07542589978563 -1 0 0
780.6761518525983 75.24360496814619 -1 0 0
784.0832903885936 61.3053109572569 -1 0 0
787.1806890576801 55.72999335290119 -1 0 0
801.7384628023866 37.14560133838213 -1 0 0
801.428722935478 27.543665464213937 -1 0 0
802.3579425362038 17.94172959004577 -1 0 0
801.428722935478 9.269013316603528 -1 0 0
800.1897634678432 2.4547362446132177 -1 0 0
767.3573375755263 14.844330920959267 -1 0 0
761.1625402373533 9.888493050420829 -1 0 0
760.2333206366274 2.764476111521868 -1 0 0
746.6047664926468 1.8352565107959165 -1 0 0
764.25993890644 26.924185730396633 -1 0 0
778.198232917329 33.4287229354783 -1 0 0
778.8177126511464 42.72091894273784 -1 0 0
787.8001687914973 40.24300000746864 -1 0 0
767.0475977086178 44.88909801109839 -1 0 0
768.596297043161 40.86247974128594 -1 0 0
754.6580030322717 19.800168791497676 -1 0 0
732.6664724817575 9.269013316603528 -1 0 0
706.0288439276135 4.00343557915647 -1 0 0
723.374276474498 3.383955845339169 -1 0 0
730.1885535464884 36.52612160456483 -1 0 0
723.0645366075894 31.570283734026393 -1 0 0
720.5866176723201 35.90664187074753 -1 0 0
721.2060974061374 43.03065880964649 -1 0 0
731.1177731472142 56.03973321980984 -1 0 0
722.1353170068633 58.82739202198769 -1 0 0
722.7547967406806 48.29623654709355 -1 0 0
705.0996243268876 48.915716280910864 -1 0 0
740.4099691544737 65.95140896088665 -1 0 0
690.2321107152723 77.41178403650676 -1 0 0
686.8249721792771 57.27869268744444 -1 0 0
681.5593944418301 39.31378040674269 -1 0 0
689.9223708483636 40.24300000746864 -1 0 0
682.4886140425559 28.472885064939884 -1 0 0
681.2496545749214 8.030053848968926 -1 0 0
693.3295093843587 12.05667211878138 -1 0 0
656.1607253553207 5.552134913699723 -1 0 0
646.8685293480611 1.8352565107959165 -1 0 0
656.1607253553207 25.375486395853383 -1 0 0
672.5769383014791 30.021584399483174 -1 0 0
672.2671984345706 52.632594683814666 -1 0 0
654.3022861538687 51.39363521618007 -1 0 0
653.9925462869602 44.57935814418974 -1 0 0
641.6029516106141 37.45534120529078 -1 0 0
636.0276340062584 47.98649668018489 -1 0 0
627.0451778659075 40.24300000746864 -1 0 0
628.2841373335422 34.04820266929563 -1 0 0
630.4523164019027 13.605371453324665 -1 0 0
613.4166237219268 19.18068905768037 -1 0 0
614.0361034557442 40.24300000746864 -1 0 0
602.2659885132155 42.41117907582919 -1 0 0
598.239370243403 4.622915312973771 -1 0 0
628.5938772004507 47.98649668018489 -1 0 0
637.5763333408017 69.97802723069913 -1 0 0
630.4523164019027 64.40270962634341 -1 0 0
624.5672589306383 75.24360496814619 -1 0 0
631.3815360026285 72.45594616596833 -1 0 0
651.2048874847823 67.50010829542992 -1 0 0
675.0548572367484 68.73906776306453 -1 0 0
677.5327761720175 60.99557109034825 -1 0 0
679.0814755065609 79.5799631048673 -1 0 0
597.0004107757683 54.49103388526659 -1 0 0
602.2659885132155 53.87155415144929 -1 0 0
604.1244277146673 85.15528070922302 -1 0 0
609.6997453190231 90.73059831357874 -1 0 0
619.9211609270085 95.06695645029984 -1 0 0
628.5938772004507 86.08450030994898 -1 0 0
642.5321712113401 80.8189225725019 -1 0 0
629.8328366680853 97.54487538556906 -1 0 0
646.5587894811525 95.99617605102581 -1 0 0
655.5412456215033 93.82799698266524 -1 0 0
650.2756678840564 85.15528070922302 -1 0 0
673.8158977691138 94.7572165833912 -1 0 0
676.9132964382003 86.70398004376628 -1 0 0
663.5944821611283 106.83707139282859 -1 0 0
632.6204954702631 105.90785179210262 -1 0 0
605.9828669161193 115.50978766627081 -1 0 0
611.8679243873836 124.80198367353032 -1 0 0
626.4256981320901 166.30712583928957 -1 0 0
659.2581240244072 154.53701089676085 -1 0 0
693.0197695174502 122.94354447207843 -1 0 0
775.7203139820599 114.58056806554485 -1 0 0
812.2224243736915 50.24307270233199 -1 0 0
819.6874738286045 44.91089452025129 -1 0 0
827.4191321926215 52.37594397516429 -1 0 0
830.351830192766 57.70812215724501 -1 0 0
829.0187856472457 67.03943397588625 -1 0 0
816.7547758284602 76.90396361273558 -1 0 0
840.2163598296153 64.63995379394993 -1 0 0
846.6149736481121 53.17577070247639 -1 0 0
852.746978557505 42.24480542921092 -1 0 0
862.8781171034582 41.97819652010689 -1 0 0
876.4751714677642 50.24307270233199 -1 0 0
869.8099487401632 45.97733015666742 -1 0 0
887.6727456501336 45.97733015666742 -1 0 0
907.4018049238323 46.51054797487549 -1 0 0
926.5976463793228 44.64428561114724 -1 0 0
934.5959136524439 43.84445888383514 -1 0 0
956.457844198975 44.111067792939174 -1 0 0
982.8521262002744 47.57698361129164 -1 0 0
1000.9815320193488 51.04289942964411 -1 0 0
1008.4465814742618 44.91089452025129 -1 0 0
1019.6441556566313 49.176637065915855 -1 0 0
1020.1773734748396 61.707255793805544 -1 0 0
986.0514331095228 65.70638943036607 -1 0 0
970.5881163814887 67.03943397588625 -1 0 0
982.8521262002744 56.64168652082886 -1 0 0
942.8607898346692 60.90742906649343 -1 0 0
917.5329434697857 61.707255793805544 -1 0 0
914.8668543787453 51.30950833874814 -1 0 0
908.2016316511443 53.97559742978849 -1 0 0
897.803884196087 57.70812215724501 -1 0 0
888.4725723774457 55.84185979351675 -1 0 0
905.535542560104 72.638221067071 -1 0 0
900.2033643780234 65.43978052126205 -1 0 0
875.6753447404519 95.56658725001809 -1 0 0
855.9462854667534 65.97299833947011 -1 0 0
880.7409140134287 67.03943397588625 -1 0 0
858.3457656486897 93.43371597718581 -1 0 0
1003.1144032921811 15.589459244819855 -1 0 0
995.3827449281642 21.454855245108643 -1 0 0
997.7822251101005 9.990672153635103 -1 0 0
1002.047967655765 4.391885062450351 -1 0 0
997.7822251101005 2.5256226987221004 -1 0 0
979.91942820013 3.592058335138235 -1 0 0
984.1851707457946 14.256414699299672 -1 0 0
967.9220272904485 22.787899790628824 -1 0 0
959.9237600173274 24.92077106346111 -1 0 0
958.0574976535991 8.391018699010887 -1 0 0
950.592448198686 11.057107790051239 -1 0 0
953.2585372897265 11.057107790051239 -1 0 0
937.7952205616924 3.592058335138235 -1 0 0
950.325839289582 37.71799870045483 -1 0 0
977.7865569272979 34.78530070031043 -1 0 0
1002.3145765648692 36.11834524583061 -1 0 0
1002.3145765648692 40.91730560970326 -1 0 0
917.2663345606817 29.719731427333745 -1 0 0
919.932423651722 17.988939426756172 -1 0 0
916.7331167424735 9.190845426322987 -1 0 0
905.8021514692081 19.58859288138039 -1 0 0
901.5364089235435 5.724929607970535 -1 0 0
896.4708396505667 9.990672153635103 -1 0 0
886.0730921955094 3.058840516930168 -1 0 0
885.2732654681973 15.589459244819855 -1 0 0
878.3414338314924 0.9259692440978835 -1 0 0
874.8755180131399 15.056241426611788 -1 0 0
864.2111616489785 12.390152335571422 -1 0 0
854.3466320121291 12.390152335571422 -1 0 0
844.4821023752799 8.124409789906853 -1 0 0
836.4838351021588 2.5256226987221004 -1 0 0
860.4786369215219 23.054508699732857 -1 0 0
852.2137607392968 25.187379972565157 -1 0 0
841.5494043751354 25.987206699877245 -1 0 0
816.488166919356 33.45225615479025 -1 0 0
819.9540827377085 30.78616706374991 -1 0 0
960.1956233067344 75.4909946021056 -1 0 0
32.35546346657458 70.37610948722046 -1 0 0
27.240578351689493 48.89359200470305 -1 0 0
67.13668224779339 59.12336223447334 -1 0 0
67.13668224779339 410.0044811155922 -1 0 0
9.849968961080062 357.83265294376395 -1 0 0
106.00980912092021 407.9585270696381 -1 0 0
142.83698194809307 382.3841014952125 -1 0 0
129.5382806493918 359.87860698971804 -1 0 0
28.263555374666485 391.5908947020057 -1 0 0
42.585233696344815 359.87860698971804 -1 0 0
1017.4823365934477 8.997488108599164 -1 0 0
1017.4823365934477 23.319166430277434 -1 0 0
