46.34174311926597 646.2683486238532 -1 0 0
23.44266055045864 632.1766055045871 -1 0 0
9.350917431192556 602.2316513761467 -1 0 0
12.873853211009077 576.690366972477 -1 0 0
4.066513761467775 569.644495412844 -1 0 0
11.112385321100817 544.9839449541284 -1 0 0
21.68119266055038 515.9197247706421 -1 0 0
4.947247706421933 509.75458715596324 -1 0 0
34.74541284403666 528.4701834862385 -1 0 0
42.67201834862383 554.4518348623853 -1 0 0
33.864678899082556 558.4151376146789 -1 0 0
65.57110091743117 552.25 -1 0 0
62.92889908256877 527.5894495412844 -1 0 0
58.9655963302752 510.8555045871559 -1 0 0
36.06651376146787 501.1674311926605 -1 0 0
4.800458715596307 498.5252293577981 -1 0 0
38.26834862385318 486.6353211009174 -1 0 0
66.01146788990825 486.6353211009174 -1 0 0
60.72706422018346 473.42431192660547 -1 0 0
42.67201834862383 470.78211009174305 -1 0 0
99.03899082568806 490.59862385321094 -1 0 0
88.02981651376145 501.1674311926605 -1 0 0
76.58027522935778 500.2866972477064 -1 0 0
95.07568807339446 538.5986238532109 -1 0 0
80.54357798165135 567.6628440366972 -1 0 0
101.68119266055042 597.1674311926605 -1 0 0
115.33256880733943 630.6353211009174 -1 0 0
167.73623853211006 659.6995412844036 -1 0 0
193.71788990825684 651.3325688073394 -1 0 0
202.52522935779814 619.6261467889908 -1 0 0
217.49770642201833 615.2224770642201 -1 0 0
239.51605504587155 597.6077981651376 -1 0 0
252.72706422018348 586.5986238532109 -1 0 0
242.598623853211 560.1766055045871 -1 0 0
236.87385321100913 546.5252293577981 -1 0 0
228.947247706422 539.9197247706422 -1 0 0
210.45183486238528 524.947247706422 -1 0 0
112.24999999999999 564.5802752293578 -1 0 0
132.50688073394497 584.8371559633027 -1 0 0
137.35091743119267 571.6261467889908 -1 0 0
151.00229357798162 574.7087155963302 -1 0 0
161.1307339449541 574.2683486238532 -1 0 0
178.7454128440367 575.5894495412844 -1 0 0
181.38761467889907 584.8371559633027 -1 0 0
199.88302752293578 583.5160550458716 -1 0 0
199.4426605504587 543.0022935779816 -1 0 0
175.2224770642202 542.1215596330275 -1 0 0
167.29587155963299 526.2683486238532 -1 0 0
158.48853211009174 533.7545871559632 -1 0 0
150.5619266055046 525.8279816513761 -1 0 0
139.99311926605503 543.8830275229358 -1 0 0
153.64449541284404 552.690366972477 -1 0 0
131.6261467889908 555.7729357798165 -1 0 0
123.25917431192657 543.0022935779816 -1 0 0
117.09403669724769 543.0022935779816 -1 0 0
112.69036697247704 543.0022935779816 -1 0 0
112.69036697247704 529.3509174311927 -1 0 0
134.70871559633025 504.24999999999994 -1 0 0
124.1399082568807 498.5252293577981 -1 0 0
126.78211009174309 491.038990825688 -1 0 0
111.36926605504586 491.038990825688 -1 0 0
86.26834862385319 467.6995412844036 -1 0 0
3.4793577981650974 456.690366972477 -1 0 0
154.08486238532106 469.0206422018348 -1 0 0
175.6628440366972 472.10321100917423 -1 0 0
144.83715596330273 481.79128440366964 -1 0 0
64.24999999999997 433.7912844036697 -1 0 0
41.7912844036697 438.6353211009174 -1 0 0
35.62614678899079 442.59862385321094 -1 0 0
74.81880733944952 426.30504587155957 -1 0 0
114.89220183486235 439.5160550458715 -1 0 0
132.0665137614679 438.1949541284403 -1 0 0
120.61697247706418 450.5252293577981 -1 0 0
142.19495412844037 449.2041284403669 -1 0 0
242.15825688073392 467.25917431192653 -1 0 0
231.14908256880733 486.1949541284403 -1 0 0
217.49770642201833 492.8004587155963 -1 0 0
202.96559633027522 475.18577981651373 -1 0 0
224.1032110091743 515.2591743119266 -1 0 0
244.80045871559633 526.2683486238532 -1 0 0
250.96559633027522 519.6628440366973 -1 0 0
249.64449541284404 497.2041284403669 -1 0 0
257.57110091743124 507.77293577981646 -1 0 0
271.2224770642202 504.690366972477 -1 0 0
262.41513761467894 529.7912844036697 -1 0 0
271.2224770642202 539.9197247706422 -1 0 0
280.02981651376143 555.3325688073394 -1 0 0
297.64449541284404 541.6811926605504 -1 0 0
303.3692660550459 564.5802752293578 -1 0 0
288.39678899082566 583.0756880733945 -1 0 0
278.70871559633025 584.8371559633027 -1 0 0
314.3784403669725 603.3325688073394 -1 0 0
264.17660550458714 614.3417431192661 -1 0 0
247.4426605504587 627.5527522935779 -1 0 0
278.70871559633025 618.7454128440367 -1 0 0
299.8463302752294 675.993119266055 -1 0 0
332.4334862385321 661.901376146789 -1 0 0
301.16743119266056 634.5986238532109 -1 0 0
339.03899082568813 594.084862385321 -1 0 0
346.9655963302752 615.2224770642201 -1 0 0
357.9747706422018 626.6720183486239 -1 0 0
370.3050458715597 584.8371559633027 -1 0 0
346.08486238532106 579.1123853211009 -1 0 0
355.33256880733944 560.6169724770642 -1 0 0
348.2866972477064 540.3600917431193 -1 0 0
354.8922018348624 539.9197247706422 -1 0 0
343.0022935779817 545.204128440367 -1 0 0
336.8371559633028 510.8555045871559 -1 0 0
328.47018348623857 507.3325688073394 -1 0 0
303.8096330275229 515.6995412844036 -1 0 0
314.8188073394495 515.6995412844036 -1 0 0
291.03899082568813 529.3509174311927 -1 0 0
274.3050458715597 524.506880733945 -1 0 0
269.461009174312 530.6720183486239 -1 0 0
308.6536697247706 486.1949541284403 -1 0 0
300.2866972477064 498.96559633027516 -1 0 0
304.6903669724771 478.70871559633025 -1 0 0
316.5802752293578 479.58944954128435 -1 0 0
340.80045871559633 496.7637614678899 -1 0 0
366.341743119266 514.3784403669724 -1 0 0
357.9747706422018 522.3050458715596 -1 0 0
387.9197247706422 572.947247706422 -1 0 0
387.9197247706422 581.7545871559632 -1 0 0
386.598623853211 612.1399082568807 -1 0 0
407.73623853211 643.4059633027523 -1 0 0
390.1215596330275 675.993119266055 -1 0 0
416.9839449541284 634.5986238532109 -1 0 0
436.3600917431192 612.5802752293578 -1 0 0
451.33256880733944 624.9105504587155 -1 0 0
471.1490825688073 603.7729357798164 -1 0 0
488.32339449541286 609.0573394495412 -1 0 0
494.48853211009174 624.9105504587155 -1 0 0
458.3784403669725 569.8646788990825 -1 0 0
440.32339449541286 570.7454128440367 -1 0 0
423.5894495412844 563.6995412844036 -1 0 0
395.8463302752294 554.4518348623853 -1 0 0
394.9655963302752 543.8830275229358 -1 0 0
391.8830275229357 534.6353211009174 -1 0 0
382.63532110091745 527.5894495412844 -1 0 0
371.62614678899087 543.0022935779816 -1 0 0
366.78211009174316 537.2775229357798 -1 0 0
372.0665137614679 555.3325688073394 -1 0 0
393.64449541284404 507.3325688073394 -1 0 0
368.54357798165137 495.44266055045864 -1 0 0
376.02981651376143 478.70871559633025 -1 0 0
405.9747706422018 482.6720183486238 -1 0 0
398.92889908256876 456.690366972477 -1 0 0
368.9839449541284 461.5344036697247 -1 0 0
268.1399082568807 453.6077981651376 -1 0 0
301.16743119266056 433.3509174311926 -1 0 0
289.71788990825684 428.947247706422 -1 0 0
282.2316513761468 433.7912844036697 -1 0 0
315.25917431192664 424.9839449541284 -1 0 0
362.3784403669725 424.10321100917423 -1 0 0
427.55275229357795 518.7821100917431 -1 0 0
408.61697247706417 526.7087155963302 -1 0 0
424.02981651376143 532.433486238532 -1 0 0
439.4426605504587 534.6353211009174 -1 0 0
465.4243119266054 539.9197247706422 -1 0 0
468.94724770642193 556.2133027522935 -1 0 0
483.47935779816515 549.1674311926605 -1 0 0
508.1399082568807 554.0114678899082 -1 0 0
505.93807339449535 548.2866972477063 -1 0 0
501.5344036697248 525.387614678899 -1 0 0
492.7270642201834 506.4518348623853 -1 0 0
474.6720183486238 527.5894495412844 -1 0 0
451.77293577981646 472.10321100917423 -1 0 0
475.55275229357795 467.6995412844036 -1 0 0
501.5344036697248 480.02981651376143 -1 0 0
498.4518348623853 457.1307339449541 -1 0 0
504.61697247706417 458.0114678899082 -1 0 0
467.62614678899075 435.55275229357795 -1 0 0
457.4977064220183 464.1766055045871 -1 0 0
464.54357798165137 457.1307339449541 -1 0 0
493.16743119266056 476.5068807339449 -1 0 0
186.67201834862385 515.2591743119266 -1 0 0
202.52522935779814 505.1307339449541 -1 0 0
195.4793577981651 496.7637614678899 -1 0 0
178.7454128440367 502.92889908256876 -1 0 0
166.85550458715596 498.5252293577981 -1 0 0
255.36926605504584 422.78211009174305 -1 0 0
176.54357798165137 416.61697247706417 -1 0 0
154.52522935779814 424.10321100917423 -1 0 0
145.2775229357798 425.8646788990825 -1 0 0
-70.50229357798169 701.0940366972477 -1 0 0
3.4793577981650974 356.72706422018337 -1 0 0
8.76376146788988 376.98394495412833 -1 0 0
35.18577981651374 372.58027522935765 -1 0 0
115.03899082568805 379.9564220183485 -1 0 0
135.07568807339447 399.1123853211008 -1 0 0
152.9105504587156 398.2316513761467 -1 0 0
197.38761467889907 416.50688073394485 -1 0 0
139.69954128440367 357.7178899082568 -1 0 0
157.0940366972477 357.27752293577976 -1 0 0
164.13990825688072 357.27752293577976 -1 0 0
178.4518348623853 355.9564220183485 -1 0 0
185.49770642201833 358.3784403669724 -1 0 0
207.51605504587155 358.81880733944945 -1 0 0
223.5894495412844 359.47935779816504 -1 0 0
228.8738532110092 359.6995412844036 -1 0 0
240.98394495412845 358.81880733944945 -1 0 0
137.71788990825686 355.29587155963293 -1 0 0
116.13990825688072 354.19495412844026 -1 0 0
109.0940366972477 352.65366972477057 -1 0 0
101.16743119266053 352.65366972477057 -1 0 0
67.69954128440367 349.5711009174311 -1 0 0
60.65366972477062 349.5711009174311 -1 0 0
37.53440366972475 349.79128440366964 -1 0 0
25.204128440366958 345.6077981651375 -1 0 0
19.919724770642176 369.82798165137604 -1 0 0
-26.97935779816516 382.15825688073386 -1 0 0
-38.8692660550459 385.6811926605504 -1 0 0
42.378440366972455 401.0940366972476 -1 0 0
31.369266055045856 397.13073394495405 -1 0 0
56.69036697247705 398.0114678899082 -1 0 0
-23.016055045871582 382.81880733944945 -1 0 0
24.763761467889893 381.93807339449535 -1 0 0
70.7821100917431 382.15825688073386 -1 0 0
217.86467889908255 396.47018348623845 -1 0 0
226.89220183486236 397.5711009174311 -1 0 0
248.4701834862385 409.4610091743118 -1 0 0
214.12155963302752 372.2499999999999 -1 0 0
185.05733944954127 377.75458715596324 -1 0 0
179.1123853211009 375.993119266055 -1 0 0
323.18577981651373 404.6169724770641 -1 0 0
313.4977064220183 406.37844036697237 -1 0 0
304.91055045871553 395.3692660550457 -1 0 0
295.8830275229358 407.03899082568796 -1 0 0
287.0756880733945 405.7178899082568 -1 0 0
412.58027522935777 412.54357798165125 -1 0 0
420.2866972477064 412.54357798165125 -1 0 0
427.99311926605503 411.88302752293566 -1 0 0
456.17660550458714 400.8738532110091 -1 0 0
488.98394495412845 391.8463302752292 -1 0 0
492.7270642201835 383.03899082568796 -1 0 0
469.6077981651376 385.02064220183473 -1 0 0
431.29587155963304 379.29587155963293 -1 0 0
424.4701834862385 383.91972477064206 -1 0 0
409.9380733944954 388.7637614678898 -1 0 0
403.7729357798165 392.2866972477063 -1 0 0
392.5435779816513 390.9655963302751 -1 0 0
384.39678899082566 390.7454128440366 -1 0 0
378.0114678899082 357.7178899082568 -1 0 0
384.1766055045871 357.9380733944953 -1 0 0
390.7821100917431 353.3142201834861 -1 0 0
395.8463302752293 353.97477064220175 -1 0 0
368.1032110091743 363.66284403669715 -1 0 0
340.36009174311926 368.2866972477063 -1 0 0
330.0114678899082 367.8463302752292 -1 0 0
319.6628440366972 360.58027522935765 -1 0 0
281.5711009174312 363.88302752293566 -1 0 0
256.25 372.9105504587155 -1 0 0
257.3509174311926 397.130733944954 -1 0 0
261.5344036697247 398.4518348623852 -1 0 0
324.5068807339449 388.54357798165125 -1 0 0
349.6077981651376 396.2499999999999 -1 0 0
336.1766055045871 419.3692660550457 -1 0 0
362.8188073394495 408.8004587155962 -1 0 0
371.18577981651373 404.8371559633026 -1 0 0
374.70871559633025 407.03899082568796 -1 0 0
378.4518348623853 411.66284403669715 -1 0 0
509.90137614678895 374.4518348623852 -1 0 0
518.4885321100917 378.19495412844026 -1 0 0
531.9197247706422 375.3325688073393 -1 0 0
533.901376146789 397.57110091743107 -1 0 0
509.4610091743119 402.19495412844026 -1 0 0
499.99311926605503 426.41513761467877 -1 0 0
515.6261467889908 422.89220183486225 -1 0 0
506.1582568807339 413.20412844036684 -1 0 0
500.8738532110092 386.1215596330274 -1 0 0
507.0389908256881 383.03899082568796 -1 0 0
598.6353211009174 378.19495412844026 -1 0 0
578.5986238532109 379.73623853210995 -1 0 0
570.2316513761468 379.73623853210995 -1 0 0
555.4793577981651 377.7545871559632 -1 0 0
604.1399082568807 404.3967889908256 -1 0 0
588.2866972477065 405.2775229357797 -1 0 0
578.8188073394496 392.9472477064219 -1 0 0
560.7637614678899 406.81880733944945 -1 0 0
551.7362385321101 402.85550458715585 -1 0 0
560.5435779816514 420.9105504587155 -1 0 0
574.6353211009174 437.20412844036684 -1 0 0
566.2683486238532 452.3967889908256 -1 0 0
557.6811926605504 458.782110091743 -1 0 0
699.6995412844037 430.1582568807338 -1 0 0
666.0114678899083 461.6444954128439 -1 0 0
659.8463302752293 458.5619266055045 -1 0 0
675.9197247706422 458.34174311926597 -1 0 0
683.8463302752293 462.9655963302751 -1 0 0
682.9655963302753 476.3967889908256 -1 0 0
675.9197247706422 468.6903669724769 -1 0 0
634.5252293577981 460.54357798165125 -1 0 0
628.5802752293578 492.9105504587155 -1 0 0
597.3142201834862 482.34174311926597 -1 0 0
521.5711009174312 395.5894495412843 -1 0 0
638.9288990825688 383.69954128440355 -1 0 0
668.4334862385322 386.34174311926597 -1 0 0
677.9013761467891 391.6261467889907 -1 0 0
676.8004587155963 382.5986238532109 -1 0 0
682.9655963302753 407.69954128440355 -1 0 0
674.8188073394496 411.4426605504586 -1 0 0
661.1674311926606 414.525229357798 -1 0 0
653.2408256880734 426.19495412844026 -1 0 0
647.0756880733945 410.1215596330274 -1 0 0
635.8463302752293 413.86467889908243 -1 0 0
637.6077981651376 401.7545871559632 -1 0 0
622.1949541284404 397.57110091743107 -1 0 0
615.3692660550458 393.16743119266044 -1 0 0
651.6995412844037 394.4885321100916 -1 0 0
649.2775229357799 404.8371559633026 -1 0 0
688.690366972477 386.45183486238517 -1 0 0
700.1399082568807 383.80963302752275 -1 0 0
703.2224770642201 386.45183486238517 -1 0 0
715.5527522935779 386.0114678899081 -1 0 0
711.5894495412845 383.80963302752275 -1 0 0
391.8830275229358 414.1949541284402 -1 0 0
360.6169724770642 385.57110091743107 -1 0 0
334.6353211009174 384.24999999999983 -1 0 0
334.6353211009174 404.0665137614677 -1 0 0
721.2775229357799 405.3876146788989 -1 0 0
845.9013761467891 473.64449541284387 -1 0 0
710.2683486238532 415.0756880733943 -1 0 0
703.2224770642201 409.3509174311925 -1 0 0
696.1766055045871 411.9931192660549 -1 0 0
583.8830275229359 382.48853211009157 -1 0 0
575.9564220183486 422.5619266055044 -1 0 0
569.3509174311928 423.0022935779815 -1 0 0
733.1674311926606 400.1032110091742 -1 0 0
725.2408256880733 389.9747706422017 -1 0 0
729.204128440367 389.5344036697246 -1 0 0
734.0481651376147 387.33256880733927 -1 0 0
748.5802752293578 390.41513761467877 -1 0 0
755.6261467889908 385.57110091743107 -1 0 0
781.6077981651376 385.57110091743107 -1 0 0
696.6169724770641 482.45183486238517 -1 0 0
601.9380733944954 508.873853211009 -1 0 0
613.3876146788991 503.14908256880716 -1 0 0
563.6261467889908 508.433486238532 -1 0 0
553.0573394495412 521.6444954128439 -1 0 0
512.1032110091743 501.38761467889896 -1 0 0
508.13990825688074 491.6995412844035 -1 0 0
533.6811926605504 561.2775229357796 -1 0 0
537.644495412844 543.662844036697 -1 0 0
548.6536697247707 581.9747706422016 -1 0 0
562.3050458715597 552.0298165137613 -1 0 0
553.4977064220184 538.8188073394493 -1 0 0
571.5527522935779 529.5711009174311 -1 0 0
568.9105504587155 545.8646788990824 -1 0 0
841.9380733944954 471.4426605504585 -1 0 0
610.7454128440368 578.0114678899081 -1 0 0
575.5160550458716 564.8004587155962 -1 0 0
580.3600917431193 550.7087155963301 -1 0 0
592.25 543.22247706422 -1 0 0
589.6077981651376 589.0206422018347 -1 0 0
601.4977064220184 558.1949541284401 -1 0 0
609.8646788990825 549.3876146788989 -1 0 0
586.084862385321 525.6077981651374 -1 0 0
594.4518348623853 519.4426605504585 -1 0 0
618.6720183486239 527.3692660550457 -1 0 0
645.9747706422017 521.6444954128439 -1 0 0
646.855504587156 544.9839449541282 -1 0 0
623.9564220183486 550.2683486238531 -1 0 0
644.2133027522937 569.6444954128439 -1 0 0
641.130733944954 593.8646788990824 -1 0 0
621.3142201834862 577.1307339449539 -1 0 0
675.0389908256882 575.3692660550457 -1 0 0
676.8004587155963 550.7087155963301 -1 0 0
701.9013761467891 535.2958715596328 -1 0 0
705.4243119266055 524.2866972477062 -1 0 0
698.8188073394494 513.2775229357796 -1 0 0
712.0298165137615 511.07568807339436 -1 0 0
732.2866972477063 570.965596330275 -1 0 0
723.4793577981652 585.9380733944953 -1 0 0
747.2591743119265 596.5068807339447 -1 0 0
745.0573394495414 580.2133027522934 -1 0 0
761.7912844036698 554.2316513761466 -1 0 0
742.855504587156 543.22247706422 -1 0 0
725.2408256880733 528.6903669724769 -1 0 0
719.0756880733945 522.525229357798 -1 0 0
725.2408256880733 505.7912844036696 -1 0 0
735.809633027523 513.7178899082567 -1 0 0
701.4610091743118 495.22247706422 -1 0 0
762.2316513761468 480.24999999999983 -1 0 0
770.1582568807339 463.95642201834846 -1 0 0
779.8463302752293 467.479357798165 -1 0 0
803.6261467889908 467.0389908256879 -1 0 0
794.3784403669724 467.0389908256879 -1 0 0
808.4701834862385 491.6995412844035 -1 0 0
812.8738532110092 521.6444954128439 -1 0 0
791.7362385321101 524.7270642201834 -1 0 0
780.2866972477063 528.6903669724769 -1 0 0
765.3142201834862 538.3784403669723 -1 0 0
785.130733944954 537.0573394495411 -1 0 0
778.084862385321 570.965596330275 -1 0 0
770.1582568807339 585.0573394495411 -1 0 0
801.4243119266055 566.5619266055044 -1 0 0
811.9931192660549 543.662844036697 -1 0 0
800.5435779816514 537.9380733944953 -1 0 0
713.7912844036698 421.24082568807324 -1 0 0
721.2775229357799 418.1582568807338 -1 0 0
738.8922018348624 428.72706422018337 -1 0 0
742.855504587156 436.21330275229343 -1 0 0
756.0665137614678 436.65366972477045 -1 0 0
792.6169724770641 427.4059633027521 -1 0 0
804.0665137614678 391.73623853210995 -1 0 0
791.295871559633 422.5619266055044 -1 0 0
778.525229357798 435.33256880733927 -1 0 0
763.5527522935779 425.64449541284387 -1 0 0
221.60779816513752 747.5527522935779 -1 0 0
594.1582568807339 633.0573394495412 -1 0 0
558.0481651376147 626.0114678899082 -1 0 0
631.1490825688073 644.5068807339449 -1 0 0
700.7270642201835 638.341743119266 -1 0 0
675.1857798165137 603.9931192660549 -1 0 0
717.4610091743119 638.341743119266 -1 0 0
729.7912844036697 639.2224770642201 -1 0 0
758.8555045871559 651.5527522935779 -1 0 0
760.6169724770642 630.4151376146789 -1 0 0
765.0206422018348 616.3233944954128 -1 0 0
783.5160550458716 663.0022935779816 -1 0 0
795.8463302752293 646.2683486238532 -1 0 0
802.8922018348624 603.9931192660549 -1 0 0
817.8646788990825 596.0665137614678 -1 0 0
840.7637614678899 575.8096330275229 -1 0 0
824.9105504587155 558.1949541284403 -1 0 0
834.5986238532109 567.0022935779816 -1 0 0
822.2683486238532 639.2224770642201 -1 0 0
838.1215596330276 665.644495412844 -1 0 0
850.4518348623853 657.7178899082568 -1 0 0
859.2591743119265 598.7087155963302 -1 0 0
875.9931192660549 620.7270642201834 -1 0 0
886.5619266055046 626.0114678899082 -1 0 0
889.204128440367 641.8646788990825 -1 0 0
884.8004587155963 677.0940366972476 -1 0 0
900.6536697247707 646.2683486238532 -1 0 0
904.1766055045871 632.1766055045871 -1 0 0
912.1032110091742 651.5527522935779 -1 0 0
942.0481651376147 636.5802752293578 -1 0 0
964.0665137614678 641.8646788990825 -1 0 0
957.0206422018348 666.5252293577981 -1 0 0
987.8463302752293 658.5986238532109 -1 0 0
998.4151376146788 626.8922018348624 -1 0 0
977.2775229357799 626.8922018348624 -1 0 0
965.8279816513761 610.1582568807339 -1 0 0
947.3325688073394 602.2316513761467 -1 0 0
943.809633027523 616.3233944954128 -1 0 0
958.7821100917431 589.901376146789 -1 0 0
1017.7912844036698 605.7545871559632 -1 0 0
1021.3142201834862 564.3600917431193 -1 0 0
1016.0298165137615 544.9839449541284 -1 0 0
1001.9380733944954 534.4151376146788 -1 0 0
994.0114678899083 556.433486238532 -1 0 0
980.8004587155963 561.7178899082568 -1 0 0
977.2775229357799 550.2683486238532 -1 0 0
971.9931192660549 534.4151376146788 -1 0 0
984.3233944954129 530.0114678899082 -1 0 0
949.9747706422017 551.1490825688072 -1 0 0
927.0756880733945 567.0022935779816 -1 0 0
914.7454128440368 576.690366972477 -1 0 0
829.0206422018348 518.341743119266 -1 0 0
883.6261467889908 462.85550458715585 -1 0 0
858.9655963302753 473.86467889908243 -1 0 0
869.9747706422017 482.67201834862374 -1 0 0
894.6353211009175 482.67201834862374 -1 0 0
914.0114678899083 473.42431192660536 -1 0 0
846.1949541284403 496.7637614678898 -1 0 0
858.084862385321 508.21330275229343 -1 0 0
844.8738532110092 516.1399082568806 -1 0 0
869.9747706422017 534.1949541284403 -1 0 0
890.2316513761468 536.8371559633026 -1 0 0
873.9380733944954 546.525229357798 -1 0 0
857.644495412844 560.6169724770641 -1 0 0
879.6628440366972 568.9839449541283 -1 0 0
878.7821100917431 580.4334862385319 -1 0 0
903.0022935779816 566.341743119266 -1 0 0
909.1674311926606 533.7545871559632 -1 0 0
911.809633027523 545.2041284403668 -1 0 0
932.5068807339449 540.3600917431191 -1 0 0
942.6353211009175 515.6995412844035 -1 0 0
951.8830275229357 527.5894495412842 -1 0 0
948.3600917431193 539.038990825688 -1 0 0
938.6720183486239 572.5068807339449 -1 0 0
929.4243119266055 614.341743119266 -1 0 0
855.8830275229359 631.0756880733944 -1 0 0
965.9747706422017 494.5619266055045 -1 0 0
907.8463302752293 498.525229357798 -1 0 0
896.8371559633026 436.873853211009 -1 0 0
911.809633027523 441.2775229357797 -1 0 0
944.8371559633026 431.1490825688072 -1 0 0
927.6628440366972 430.70871559633014 -1 0 0
937.7912844036696 396.36009174311914 -1 0 0
947.4793577981652 396.36009174311914 -1 0 0
964.6536697247707 399.4426605504586 -1 0 0
969.0573394495414 398.1215596330274 -1 0 0
977.8646788990825 399.4426605504586 -1 0 0
995.4793577981652 396.36009174311914 -1 0 0
1005.6077981651376 399.4426605504586 -1 0 0
1010.4518348623853 399.4426605504586 -1 0 0
1020.5802752293578 399.4426605504586 -1 0 0
976.9839449541284 414.85550458715585 -1 0 0
977.8646788990825 427.1857798165136 -1 0 0
1010.4518348623853 433.3509174311925 -1 0 0
1018.3784403669724 444.36009174311914 -1 0 0
1000.7637614678899 430.70871559633014 -1 0 0
997.2408256880733 446.1215596330274 -1 0 0
988.8738532110092 447.4426605504586 -1 0 0
992.8371559633026 416.61697247706405 -1 0 0
905.204128440367 395.03899082568796 -1 0 0
899.038990825688 404.72706422018337 -1 0 0
883.1857798165138 392.39678899082554 -1 0 0
871.295871559633 394.1582568807338 -1 0 0
862.4885321100917 401.20412844036684 -1 0 0
868.6536697247707 421.02064220183473 -1 0 0
822.415137614679 393.2775229357797 -1 0 0
836.0665137614678 398.1215596330274 -1 0 0
825.0573394495414 400.3233944954127 -1 0 0
985.7912844036696 483.1123853211008 -1 0 0
998.5619266055046 479.1490825688072 -1 0 0
455.58944954128435 650.8922018348622 -1 0 0
609.5711009174311 283.62614678899075 -1 0 0
452.36009174311926 269.09403669724765 -1 0 0
361.644495412844 248.39678899082563 -1 0 0
374.4151376146789 246.1949541284403 -1 0 0
333.90137614678895 242.6720183486238 -1 0 0
809.9380733944954 420.8004587155963 -1 0 0
816.9839449541284 426.96559633027516 -1 0 0
965.9747706422017 335.1490825688072 -1 0 0
963.7729357798164 330.74541284403654 -1 0 0
973.9013761467891 332.0665137614677 -1 0 0
899.4793577981652 316.6536697247705 -1 0 0
833.8646788990825 317.0940366972476 -1 0 0
821.5344036697247 319.73623853210995 -1 0 0
816.25 327.6628440366971 -1 0 0
739.6261467889908 324.58027522935765 -1 0 0
730.3784403669724 314.89220183486225 -1 0 0
797.3142201834862 318.41513761467877 -1 0 0
684.1399082568807 327.6628440366971 -1 0 0
632.6169724770642 318.41513761467877 -1 0 0
547.6261467889908 303.4426605504586 -1 0 0
868.6536697247707 232.10321100917412 -1 0 0
880.9839449541284 231.6628440366971 -1 0 0
239.22247706422007 299.9197247706421 -1 0 0
376.61697247706417 305.20412844036684 -1 0 0
467.3325688073393 312.6903669724769 -1 0 0
102.70871559633014 406.0481651376146 -1 0 0
80.69036697247694 399.4426605504586 -1 0 0
67.03899082568796 402.9655963302751 -1 0 0
117.68119266055034 417.0573394495412 -1 0 0
112.83715596330264 406.9288990825687 -1 0 0
107.11238532110079 371.69954128440355 -1 0 0
80.69036697247694 349.6811926605503 -1 0 0
171.84633027522926 384.4701834862384 -1 0 0
163.03899082568796 386.23165137614666 -1 0 0
342.2683486238531 410.8922018348623 -1 0 0
344.47018348623845 397.6811926605503 -1 0 0
584.9105504587155 415.29587155963293 -1 0 0
540.873853211009 421.9013761467889 -1 0 0
267.4059633027522 362.4518348623852 -1 0 0
125.16743119266043 352.7637614678898 -1 0 0
131.7729357798164 354.525229357798 -1 0 0
55.149082568807216 353.20412844036684 -1 0 0
602.9655963302752 644.5068807339449 -1 0 0
1010.7454128440368 676.2133027522935 -1 0 0
1004.5802752293578 613.6811926605504 -1 0 0
830.1949541284403 411.11238532110076 -1 0 0
684.8738532110091 434.0114678899081 -1 0 0
233.93807339449535 240.2499999999999 -1 0 0
263.0022935779816 274.59862385321094 -1 0 0
294.7087155963302 271.9564220183486 -1 0 0
410.084862385321 243.7729357798164 -1 0 0
401.27752293577976 234.084862385321 -1 0 0
435.6261467889908 244.65366972477057 -1 0 0
440.0298165137614 228.80045871559628 -1 0 0
443.5527522935779 228.80045871559628 -1 0 0
435.6261467889908 219.11238532110087 -1 0 0
468.21330275229354 209.42431192660547 -1 0 0
424.1766055045871 207.66284403669715 -1 0 0
417.13073394495405 207.66284403669715 -1 0 0
917.3876146788991 225.27752293577976 -1 0 0
277.97477064220175 300.13990825688063 -1 0 0
209.27752293577976 389.97477064220175 -1 0 0
218.084862385321 385.5711009174312 -1 0 0
233.0573394495412 385.5711009174312 -1 0 0
201.35091743119256 395.25917431192653 -1 0 0
194.30504587155957 392.6169724770641 -1 0 0
184.61697247706417 392.6169724770641 -1 0 0
151.14908256880727 382.9288990825687 -1 0 0
144.98394495412833 395.25917431192653 -1 0 0
153.79128440366964 387.3325688073394 -1 0 0
136.1766055045871 392.6169724770641 -1 0 0
127.36926605504578 387.3325688073394 -1 0 0
125.60779816513752 404.06651376146783 -1 0 0
126.48853211009168 398.782110091743 -1 0 0
91.25917431192653 382.9288990825687 -1 0 0
85.09403669724765 382.9288990825687 -1 0 0
60.433486238532 375.00229357798156 -1 0 0
35.77293577981641 382.9288990825687 -1 0 0
52.506880733944854 375.8830275229357 -1 0 0
100.06651376146783 386.4518348623852 -1 0 0
97.42431192660541 380.28669724770634 -1 0 0
103.5894495412843 385.5711009174312 -1 0 0
60.433486238532 413.75458715596324 -1 0 0
96.54357798165131 426.96559633027516 -1 0 0
85.09403669724765 438.41513761467877 -1 0 0
369.5711009174312 478.92889908256876 -1 0 0
327.29587155963293 414.6353211009174 -1 0 0
323.7729357798164 411.993119266055 -1 0 0
275.3325688073394 399.66284403669715 -1 0 0
277.97477064220175 404.9472477064219 -1 0 0
128.24999999999994 523.8463302752293 -1 0 0
160.83715596330268 511.51605504587144 -1 0 0
119.44266055045864 523.8463302752293 -1 0 0
1048.616972477064 645.387614678899 -1 0 0
958.7821100917431 513.2775229357798 -1 0 0
853.9747706422017 424.32339449541274 -1 0 0
560.690366972477 386.4518348623852 -1 0 0
555.4059633027522 392.6169724770641 -1 0 0
450.59862385321094 379.40596330275224 -1 0 0
462.04816513761466 375.8830275229357 -1 0 0
239.22247706422013 395.25917431192653 -1 0 0
251.5527522935779 392.6169724770641 -1 0 0
160.83715596330268 395.25917431192653 -1 0 0
160.83715596330268 395.25917431192653 -1 0 0
48.10321100917423 351.22247706422013 -1 0 0
205.76111111111115 229.82037037037037 -1 0 0
203.86481481481488 221.52407407407406 -1 0 0
203.62777777777782 238.59074074074073 -1 0 0
209.31666666666675 235.03518518518518 -1 0 0
264.3092592592593 217.25740740740736 -1 0 0
263.3611111111111 227.21296296296293 -1 0 0
348.45740740740746 201.6129629629629 -1 0 0
352.4870370370371 202.79814814814813 -1 0 0
341.82037037037037 204.22037037037035 -1 0 0
335.6574074074075 205.64259259259256 -1 0 0
344.4277777777778 234.79814814814813 -1 0 0
372.63518518518526 217.9685185185185 -1 0 0
345.37592592592597 220.45740740740737 -1 0 0
334.94629629629634 224.72407407407405 -1 0 0
305.07962962962966 219.50925925925924 -1 0 0
304.6055555555556 237.524074074074 -1 0 0
289.9092592592593 243.68703703703704 -1 0 0
428.33888888888896 190.70925925925917 -1 0 0
430.7092592592593 189.99814814814806 -1 0 0
435.21296296296305 190.94629629629623 -1 0 0
405.58333333333337 206.8277777777777 -1 0 0
402.0277777777778 204.45740740740735 -1 0 0
403.45000000000005 223.18333333333328 -1 0 0
401.5537037037037 217.96851851851847 -1 0 0
407.0055555555556 217.96851851851847 -1 0 0
410.0870370370371 218.67962962962957 -1 0 0
414.82777777777784 220.57592592592584 -1 0 0
417.90925925925933 221.28703703703695 -1 0 0
421.70185185185187 221.99814814814806 -1 0 0
407.24259259259264 229.58333333333331 -1 0 0
419.0944444444445 242.14629629629627 -1 0 0
414.82777777777784 243.8055555555555 -1 0 0
421.70185185185187 237.87962962962956 -1 0 0
451.56851851851854 209.4351851851851 -1 0 0
457.4944444444445 208.724074074074 -1 0 0
461.5240740740742 211.3314814814814 -1 0 0
447.0648148148149 187.62777777777768 -1 0 0
508.69444444444446 175.77592592592583 -1 0 0
529.7907407407408 265.6129629629629 -1 0 0
484.75370370370376 263.0055555555555 -1 0 0
475.50925925925935 274.8574074074073 -1 0 0
488.7833333333334 254.70925925925923 -1 0 0
476.45740740740746 226.02777777777771 -1 0 0
465.5537037037037 231.71666666666664 -1 0 0
471.2425925925927 231.47962962962958 -1 0 0
483.09444444444455 221.99814814814806 -1 0 0
477.6425925925927 212.5166666666666 -1 0 0
480.7240740740741 212.27962962962954 -1 0 0
490.44259259259263 216.07222222222214 -1 0 0
498.0277777777778 220.57592592592584 -1 0 0
498.73888888888894 215.12407407407403 -1 0 0
588.8129629629631 256.84259259259255 -1 0 0
578.6203703703706 245.7018518518518 -1 0 0
626.738888888889 229.58333333333326 -1 0 0
632.1907407407409 226.97592592592588 -1 0 0
646.1759259259261 217.49444444444438 -1 0 0
654.2351851851854 217.7314814814814 -1 0 0
642.6203703703706 215.59814814814808 -1 0 0
638.8277777777779 216.07222222222214 -1 0 0
630.5314814814816 209.90925925925922 -1 0 0
613.464814814815 188.8129629629629 -1 0 0
597.1092592592594 184.54629629629625 -1 0 0
582.1759259259261 177.9092592592592 -1 0 0
569.138888888889 212.5166666666666 -1 0 0
781.7611111111113 191.4203703703703 -1 0 0
753.3166666666668 198.53148148148142 -1 0 0
755.9240740740743 199.24259259259253 -1 0 0
749.7611111111113 194.73888888888882 -1 0 0
741.9388888888891 193.79074074074066 -1 0 0
729.3759259259261 195.2129629629629 -1 0 0
735.301851851852 196.63518518518512 -1 0 0
726.0574074074076 197.1092592592592 -1 0 0
719.4203703703705 200.66481481481475 -1 0 0
672.4870370370372 189.9981481481481 -1 0 0
666.7981481481484 200.9018518518518 -1 0 0
664.1907407407409 202.08703703703696 -1 0 0
620.101851851852 192.13148148148142 -1 0 0
612.9907407407409 206.82777777777773 -1 0 0
607.0648148148149 208.96111111111105 -1 0 0
506.08703703703696 247.00555555555553 -1 0 0
489.9685185185184 244.1611111111111 -1 0 0
504.19074074074064 236.5759259259259 -1 0 0
494.2351851851851 230.887037037037 -1 0 0
501.3462962962962 228.9907407407407 -1 0 0
517.9388888888889 226.14629629629627 -1 0 0
519.8351851851851 212.8722222222222 -1 0 0
516.0425925925925 215.24259259259256 -1 0 0
507.0351851851851 213.34629629629626 -1 0 0
511.3018518518518 203.8648148148148 -1 0 0
516.0425925925925 198.1759259259259 -1 0 0
520.3092592592592 199.12407407407403 -1 0 0
512.724074074074 192.487037037037 -1 0 0
518.887037037037 187.74629629629626 -1 0 0
525.9981481481482 256.84259259259255 -1 0 0
541.6425925925926 234.56111111111107 -1 0 0
539.2722222222222 233.6129629629629 -1 0 0
535.7166666666667 226.50185185185177 -1 0 0
538.5611111111111 224.6055555555555 -1 0 0
540.9314814814815 223.65740740740733 -1 0 0
537.3759259259259 210.38333333333327 -1 0 0
545.9092592592592 208.24999999999994 -1 0 0
541.1685185185186 209.90925925925922 -1 0 0
545.6722222222222 210.38333333333327 -1 0 0
546.8574074074074 199.24259259259253 -1 0 0
543.3018518518518 199.7166666666666 -1 0 0
560.1314814814815 210.38333333333327 -1 0 0
573.4055555555556 192.84259259259252 -1 0 0
571.0351851851852 191.4203703703703 -1 0 0
567.4796296296296 226.73888888888882 -1 0 0
574.8277777777778 225.7907407407407 -1 0 0
574.8277777777778 219.86481481481474 -1 0 0
578.3833333333333 220.1018518518518 -1 0 0
580.9907407407408 223.8944444444444 -1 0 0
585.7314814814815 219.39074074074068 -1 0 0
601.1388888888889 222.23518518518512 -1 0 0
596.8722222222223 221.99814814814806 -1 0 0
593.0796296296296 226.73888888888882 -1 0 0
526.9462962962963 243.8055555555555 -1 0 0
529.7907407407407 243.5685185185185 -1 0 0
521.0203703703703 245.2277777777777 -1 0 0
523.8648148148147 225.07962962962955 -1 0 0
527.6574074074074 226.73888888888882 -1 0 0
529.0796296296296 218.44259259259252 -1 0 0
535.0055555555555 215.83518518518514 -1 0 0
647.8351851851852 197.58333333333326 -1 0 0
636.4574074074073 211.33148148148143 -1 0 0
634.087037037037 211.09444444444438 -1 0 0
632.4277777777778 217.0203703703703 -1 0 0
629.5833333333334 217.49444444444438 -1 0 0
625.7907407407407 217.49444444444438 -1 0 0
618.2055555555555 222.94629629629623 -1 0 0
606.1166666666667 223.8944444444444 -1 0 0
610.6203703703703 226.97592592592588 -1 0 0
603.5092592592592 225.07962962962955 -1 0 0
893.4055555555556 197.7018518518518 -1 0 0
897.6722222222222 198.1759259259259 -1 0 0
977.7907407407407 228.51666666666662 -1 0 0
970.2055555555555 228.04259259259257 -1 0 0
983.4796296296297 246.53148148148145 -1 0 0
962.6203703703704 264.5462962962963 -1 0 0
957.4055555555556 260.2796296296296 -1 0 0
949.8203703703704 260.75370370370365 -1 0 0
943.6574074074074 261.7018518518518 -1 0 0
938.9166666666666 262.65 -1 0 0
973.5240740740741 261.7018518518518 -1 0 0
989.6425925925926 259.33148148148143 -1 0 0
993.9092592592593 257.43518518518516 -1 0 0
999.1240740740741 257.9092592592592 -1 0 0
1007.1833333333334 261.22777777777776 -1 0 0
849.7907407407407 301.52407407407406 -1 0 0
881.0796296296296 304.3685185185185 -1 0 0
890.5611111111111 304.3685185185185 -1 0 0
903.8351851851852 299.62777777777774 -1 0 0
914.7388888888889 311.47962962962964 -1 0 0
907.1537037037037 305.7907407407407 -1 0 0
997.7018518518519 307.68703703703704 -1 0 0
1010.0277777777778 311.47962962962964 -1 0 0
1022.3537037037037 312.42777777777775 -1 0 0
995.8055555555555 321.43518518518516 -1 0 0
987.7462962962964 311.47962962962964 -1 0 0
980.1611111111112 217.61296296296294 -1 0 0
140.5759259259259 243.68703703703707 -1 0 0
94.11666666666662 228.99074074074076 -1 0 0
97.43518518518513 224.25000000000003 -1 0 0
237.76111111111106 224.7240740740741 -1 0 0
238.70925925925923 212.87222222222223 -1 0 0
272.3685185185185 210.50185185185188 -1 0 0
265.73148148148147 250.7981481481482 -1 0 0
269.52407407407406 251.2722222222223 -1 0 0
263.8351851851852 259.8055555555556 -1 0 0
277.5833333333333 264.07222222222225 -1 0 0
316.4574074074074 245.10925925925926 -1 0 0
322.14629629629627 245.58333333333337 -1 0 0
303.18333333333334 273.07962962962966 -1 0 0
309.34629629629626 270.7092592592593 -1 0 0
313.13888888888886 270.23518518518523 -1 0 0
269.9981481481481 275.92407407407416 -1 0 0
177.55370370370366 278.2944444444445 -1 0 0
176.13148148148144 281.612962962963 -1 0 0
168.54629629629625 280.66481481481486 -1 0 0
41.02037037037033 276.87222222222226 -1 0 0
24.42777777777772 277.3462962962964 -1 0 0
355.80555555555554 231.83518518518522 -1 0 0
371.45000000000005 233.73148148148152 -1 0 0
361.0203703703704 237.5240740740741 -1 0 0
347.7462962962963 240.36851851851856 -1 0 0
339.21296296296293 239.4203703703704 -1 0 0
331.1537037037037 236.57592592592596 -1 0 0
380.93148148148146 218.56111111111113 -1 0 0
357.70185185185187 201.0203703703704 -1 0 0
388.51666666666665 217.612962962963 -1 0 0
400.3685185185185 210.50185185185188 -1 0 0
405.58333333333337 213.34629629629632 -1 0 0
467.21296296296293 197.70185185185187 -1 0 0
471.4796296296297 196.75370370370374 -1 0 0
447.7759259259259 210.97592592592594 -1 0 0
442.56111111111113 219.0351851851852 -1 0 0
455.3611111111111 236.10185185185188 -1 0 0
441.612962962963 262.175925925926 -1 0 0
435.92407407407404 263.5981481481482 -1 0 0
417.4351851851852 261.2277777777778 -1 0 0
422.175925925926 261.2277777777778 -1 0 0
458.2055555555555 249.37592592592597 -1 0 0
472.4277777777778 240.36851851851856 -1 0 0
565.3462962962963 243.68703703703704 -1 0 0
546.3833333333334 239.4203703703704 -1 0 0
552.0722222222223 217.61296296296297 -1 0 0
550.6500000000001 206.70925925925928 -1 0 0
534.5314814814815 194.8574074074074 -1 0 0
525.05 187.7462962962963 -1 0 0
635.5092592592594 188.69444444444446 -1 0 0
630.2944444444445 194.38333333333335 -1 0 0
633.612962962963 194.8574074074074 -1 0 0
594.7388888888889 198.17592592592595 -1 0 0
643.5685185185185 238.47222222222229 -1 0 0
642.6203703703704 248.4277777777778 -1 0 0
651.1537037037037 247.4796296296297 -1 0 0
657.7907407407408 250.32407407407408 -1 0 0
675.8055555555557 232.30925925925925 -1 0 0
683.8648148148148 231.36111111111114 -1 0 0
697.612962962963 222.35370370370373 -1 0 0
678.175925925926 192.48703703703706 -1 0 0
712.3092592592593 196.7537037037037 -1 0 0
695.2425925925927 234.67962962962963 -1 0 0
700.9314814814816 234.20555555555558 -1 0 0
690.0277777777778 238.47222222222229 -1 0 0
416.48703703703706 490.91666666666674 -1 0 0
459.1537037037037 496.6055555555556 -1 0 0
478.11666666666673 486.175925925926 -1 0 0
462.94629629629634 476.69444444444457 -1 0 0
825.1388888888889 577.1981481481482 -1 0 0
