537.0630649350651 514.4137142857144 -1 0 0
265.2708571428572 625.3747532467532 -1 0 0
306.4137142857144 579.2448831168831 -1 0 0
170.51761038961044 549.3228051948053 -1 0 0
7.192935064935068 605.4267012987013 -1 0 0
42.10202597402601 561.7903376623377 -1 0 0
53.32280519480521 486.9851428571429 -1 0 0
116.90722077922082 458.3098181818182 -1 0 0
53.32280519480521 429.6344935064935 -1 0 0
9.686441558441615 455.81631168831166 -1 0 0
20.90722077922081 425.89423376623375 -1 0 0
14.67345454545459 379.7643636363636 -1 0 0
664.2318961038964 523.140987012987 -1 0 0
716.5955324675326 518.1539740259741 -1 0 0
760.2318961038964 506.9331948051949 -1 0 0
786.4137142857145 513.1669610389611 -1 0 0
765.2189090909093 463.2968311688312 -1 0 0
741.5305974025974 452.0760519480518 -1 0 0
712.8552727272728 452.0760519480518 -1 0 0
719.089038961039 425.89423376623375 -1 0 0
716.5955324675326 408.43968831168826 -1 0 0
681.6864415584417 417.166961038961 -1 0 0
659.2448831168833 432.12799999999993 -1 0 0
640.5435844155845 467.03709090909086 -1 0 0
606.8812467532468 432.12799999999993 -1 0 0
631.8163116883118 425.89423376623375 -1 0 0
628.076051948052 399.71241558441557 -1 0 0
571.972155844156 434.6215064935065 -1 0 0
467.24488311688316 493.21890909090905 -1 0 0
459.7643636363637 587.9721558441558 -1 0 0
330.102025974026 535.6085194805195 -1 0 0
387.45267532467534 509.4267012987013 -1 0 0
282.72540259740265 495.71241558441557 -1 0 0
232.85527272727273 495.71241558441557 -1 0 0
171.76436363636367 425.89423376623375 -1 0 0
110.6734545454546 408.43968831168826 -1 0 0
85.73838961038967 373.5305974025974 -1 0 0
43.34877922077926 368.5435844155844 -1 0 0
63.29683116883122 348.59553246753245 -1 0 0
131.86825974025976 348.59553246753245 -1 0 0
166.7773506493507 371.03709090909086 -1 0 0
206.67345454545463 399.71241558441557 -1 0 0
187.97215584415585 388.4916363636363 -1 0 0
264.02410389610395 414.6734545454546 -1 0 0
241.58254545454557 397.21890909090905 -1 0 0
264.02410389610395 388.4916363636363 -1 0 0
251.55657142857152 364.8033246753247 -1 0 0
215.40072727272732 368.5435844155844 -1 0 0
192.95916883116894 362.3098181818182 -1 0 0
169.27085714285718 342.3617662337662 -1 0 0
182.98514285714288 348.59553246753245 -1 0 0
197.9461818181819 331.14098701298695 -1 0 0
180.4916363636364 323.6604675324675 -1 0 0
205.42670129870137 347.3487792207792 -1 0 0
229.11501298701302 347.3487792207792 -1 0 0
278.98514285714293 351.0890389610389 -1 0 0
259.037090909091 348.59553246753245 -1 0 0
310.1539740259741 356.0760519480519 -1 0 0
305.1669610389611 399.71241558441557 -1 0 0
343.8163116883118 409.6864415584416 -1 0 0
363.7643636363637 418.41371428571426 -1 0 0
316.3877402597403 447.0890389610389 -1 0 0
355.03709090909103 479.5046233766233 -1 0 0
398.67345454545466 434.6215064935065 -1 0 0
448.5435844155845 455.81631168831166 -1 0 0
434.82929870129874 419.6604675324675 -1 0 0
463.50462337662344 405.9461818181818 -1 0 0
477.2189090909091 427.14098701298695 -1 0 0
503.40072727272735 420.9072207792208 -1 0 0
547.037090909091 405.9461818181818 -1 0 0
534.5695584415586 383.50462337662333 -1 0 0
514.6215064935064 374.77735064935064 -1 0 0
474.72540259740265 374.77735064935064 -1 0 0
446.05007792207806 373.5305974025974 -1 0 0
431.08903896103897 383.50462337662333 -1 0 0
417.3747532467533 402.2059220779221 -1 0 0
408.6474805194806 388.4916363636363 -1 0 0
392.4396883116884 366.0500779220779 -1 0 0
355.03709090909103 373.5305974025974 -1 0 0
333.84228571428577 384.7513766233766 -1 0 0
247.81631168831177 332.3877402597402 -1 0 0
224.12800000000004 337.37475324675324 -1 0 0
186.41371428571438 336.59553246753234 -1 0 0
240.6474805194806 327.86825974025965 -1 0 0
286.77735064935075 335.66046753246746 -1 0 0
281.7903376623378 333.16696103896095 -1 0 0
297.99812987013 340.3357922077921 -1 0 0
317.01111688311704 337.8422857142856 -1 0 0
330.41371428571443 341.27085714285704 -1 0 0
287.7124155844157 377.7383896103895 -1 0 0
244.69942857142868 341.8942337662337 -1 0 0
828.8033246753247 561.7903376623377 -1 0 0
878.6734545454548 548.076051948052 -1 0 0
944.7513766233766 545.5825454545455 -1 0 0
932.2838441558442 496.9591688311688 -1 0 0
1017.063064935065 501.9461818181818 -1 0 0
1015.8163116883118 472.0241038961038 -1 0 0
993.3747532467534 470.7773506493507 -1 0 0
992.1280000000002 425.89423376623375 -1 0 0
988.3877402597404 397.21890909090905 -1 0 0
999.6085194805196 371.03709090909086 -1 0 0
978.4137142857145 388.4916363636363 -1 0 0
933.5305974025974 423.4007272727272 -1 0 0
888.6474805194807 463.2968311688312 -1 0 0
922.3098181818183 453.32280519480514 -1 0 0
840.024103896104 467.03709090909086 -1 0 0
817.5825454545455 425.89423376623375 -1 0 0
780.1799480519483 417.166961038961 -1 0 0
760.2318961038964 408.43968831168826 -1 0 0
739.0370909090909 397.21890909090905 -1 0 0
795.1409870129871 377.2708571428571 -1 0 0
878.6734545454548 382.25787012987007 -1 0 0
856.2318961038964 379.7643636363636 -1 0 0
581.9461818181819 403.4526753246752 -1 0 0
580.6994285714286 388.4916363636363 -1 0 0
559.5046233766235 379.7643636363636 -1 0 0
527.089038961039 359.81631168831166 -1 0 0
605.6344935064936 534.3617662337663 -1 0 0
596.9072207792209 371.03709090909086 -1 0 0
489.37475324675336 342.2059220779221 -1 0 0
489.99812987013 331.2968311688312 -1 0 0
481.89423376623387 328.1799480519481 -1 0 0
481.2708571428572 335.6604675324676 -1 0 0
474.4137142857143 337.84228571428577 -1 0 0
463.81631168831177 335.6604675324676 -1 0 0
459.14098701298707 345.6344935064935 -1 0 0
454.4656623376624 333.4786493506494 -1 0 0
458.8292987012988 327.2448831168831 -1 0 0
462.88124675324684 324.75137662337664 -1 0 0
489.37475324675336 324.75137662337664 -1 0 0
502.4656623376624 332.8552727272728 -1 0 0
516.4916363636365 334.102025974026 -1 0 0
522.1020259740261 332.23189610389613 -1 0 0
532.6994285714286 339.4007272727273 -1 0 0
528.9591688311689 349.37475324675324 -1 0 0
501.8422857142858 368.38774025974027 -1 0 0
546.7254025974026 347.1929350649351 -1 0 0
554.2059220779222 339.08903896103897 -1 0 0
547.6604675324676 335.6604675324676 -1 0 0
535.1929350649351 332.8552727272728 -1 0 0
577.2708571428573 348.75137662337664 -1 0 0
571.972155844156 362.7773506493507 -1 0 0
617.1669610389612 379.2968311688312 -1 0 0
627.7643636363638 373.9981298701299 -1 0 0
641.4786493506494 388.95916883116894 -1 0 0
662.9851428571429 388.64748051948055 -1 0 0
667.6604675324677 373.3747532467533 -1 0 0
679.5046233766235 383.0370909090909 -1 0 0
664.8552727272728 359.0370909090909 -1 0 0
649.8942337662339 362.46566233766237 -1 0 0
635.5565714285716 363.08903896103897 -1 0 0
617.7903376623378 356.54358441558446 -1 0 0
612.4916363636365 345.94618181818186 -1 0 0
597.8422857142858 345.94618181818186 -1 0 0
589.7383896103897 340.0241038961039 -1 0 0
581.011116883117 337.2189090909091 -1 0 0
569.1669610389611 341.27085714285715 -1 0 0
561.6864415584416 340.0241038961039 -1 0 0
604.6994285714286 337.84228571428577 -1 0 0
618.7254025974026 334.102025974026 -1 0 0
616.2318961038962 335.6604675324676 -1 0 0
630.5695584415587 335.6604675324676 -1 0 0
624.6474805194807 341.27085714285715 -1 0 0
647.089038961039 343.140987012987 -1 0 0
653.3228051948054 336.5955324675325 -1 0 0
678.8812467532468 340.0241038961039 -1 0 0
661.7383896103897 345.94618181818186 -1 0 0
679.5046233766235 356.23189610389613 -1 0 0
657.0630649350651 410.7773506493507 -1 0 0
518.9851428571429 400.1799480519481 -1 0 0
604.076051948052 398.62150649350656 -1 0 0
470.985142857143 332.23189610389613 -1 0 0
696.6474805194807 396.128 -1 0 0
706.6215064935067 377.7383896103896 -1 0 0
720.9591688311689 375.86825974025976 -1 0 0
731.2448831168832 379.9202077922078 -1 0 0
745.2708571428573 378.3617662337662 -1 0 0
757.1150129870131 385.21890909090905 -1 0 0
777.99812987013 389.27085714285715 -1 0 0
797.6344935064936 396.128 -1 0 0
823.1929350649351 393.94618181818186 -1 0 0
829.4267012987013 384.59553246753245 -1 0 0
813.8422857142858 368.38774025974027 -1 0 0
827.8682597402599 365.27085714285715 -1 0 0
839.089038961039 365.5825454545455 -1 0 0
839.089038961039 389.5825454545455 -1 0 0
788.5955324675326 360.2838441558442 -1 0 0
784.5435844155846 367.76436363636367 -1 0 0
773.3228051948054 374.3098181818182 -1 0 0
770.2059220779222 364.9591688311688 -1 0 0
774.2578701298703 359.6604675324676 -1 0 0
765.5305974025976 371.19293506493506 -1 0 0
754.9331948051948 369.3228051948052 -1 0 0
744.0241038961041 366.82929870129874 -1 0 0
734.3617662337664 364.64748051948055 -1 0 0
717.2189090909092 361.21890909090905 -1 0 0
708.1799480519481 355.29683116883115 -1 0 0
697.2708571428573 357.47864935064933 -1 0 0
725.011116883117 357.47864935064933 -1 0 0
719.7124155844157 348.4396883116883 -1 0 0
725.011116883117 345.3228051948052 -1 0 0
714.1020259740261 345.6344935064935 -1 0 0
708.4916363636365 346.56955844155846 -1 0 0
706.9331948051948 343.140987012987 -1 0 0
697.8942337662339 346.8812467532468 -1 0 0
688.2318961038962 344.38774025974027 -1 0 0
767.089038961039 349.6864415584416 -1 0 0
768.6474805194807 347.5046233766234 -1 0 0
759.6085194805196 349.9981298701299 -1 0 0
753.99812987013 350.93319480519483 -1 0 0
739.037090909091 346.8812467532468 -1 0 0
787.6604675324677 353.11501298701296 -1 0 0
796.3877402597404 351.55657142857143 -1 0 0
802.3098181818184 355.9202077922078 -1 0 0
807.6085194805196 355.9202077922078 -1 0 0
815.089038961039 353.7383896103896 -1 0 0
824.1280000000002 358.10202597402593 -1 0 0
834.1020259740261 351.55657142857143 -1 0 0
829.7383896103897 349.9981298701299 -1 0 0
848.4396883116885 358.10202597402593 -1 0 0
850.3098181818184 362.7773506493507 -1 0 0
847.5046233766235 375.55657142857143 -1 0 0
869.946181818182 377.7383896103896 -1 0 0
893.3228051948054 388.9591688311689 -1 0 0
912.0241038961041 377.7383896103896 -1 0 0
900.8033246753248 364.9591688311688 -1 0 0
906.1020259740261 365.5825454545455 -1 0 0
918.5695584415587 364.0241038961039 -1 0 0
902.0500779220781 355.29683116883115 -1 0 0
897.0630649350651 355.29683116883115 -1 0 0
887.7124155844157 353.11501298701296 -1 0 0
870.5695584415587 354.3617662337662 -1 0 0
854.3617662337664 354.67345454545455 -1 0 0
857.1669610389612 359.03709090909086 -1 0 0
840.6474805194807 354.3617662337662 -1 0 0
839.089038961039 349.6864415584416 -1 0 0
803.2448831168832 348.4396883116883 -1 0 0
850.3098181818184 350.93319480519483 -1 0 0
913.2708571428573 354.3617662337662 -1 0 0
908.9072207792209 353.11501298701296 -1 0 0
921.99812987013 376.17994805194803 -1 0 0
890.8292987012987 418.2578701298701 -1 0 0
878.0500779220781 434.4656623376623 -1 0 0
874.7254025974025 366.5176103896104 -1 0 0
865.6864415584416 360.59553246753245 -1 0 0
893.4267012987013 369.6344935064935 -1 0 0
927.0890389610389 355.9202077922078 -1 0 0
921.4786493506493 352.17994805194803 -1 0 0
917.4267012987013 352.17994805194803 -1 0 0
913.6864415584415 351.2448831168831 -1 0 0
946.4137142857144 372.4396883116883 -1 0 0
933.0111168831169 368.6994285714286 -1 0 0
969.4786493506493 378.9851428571429 -1 0 0
975.0890389610389 369.0111168831169 -1 0 0
986.9331948051948 371.5046233766234 -1 0 0
981.0111168831169 373.6864415584416 -1 0 0
990.050077922078 360.2838441558442 -1 0 0
982.8812467532467 357.79033766233766 -1 0 0
973.8422857142857 358.10202597402593 -1 0 0
967.6085194805195 361.53059740259744 -1 0 0
962.3098181818183 359.97215584415585 -1 0 0
952.6474805194806 358.10202597402593 -1 0 0
944.2318961038961 360.59553246753245 -1 0 0
934.8812467532467 360.2838441558442 -1 0 0
942.050077922078 353.4267012987013 -1 0 0
936.7513766233766 351.2448831168831 -1 0 0
931.4526753246753 351.55657142857143 -1 0 0
914.6215064935066 360.2838441558442 -1 0 0
949.8422857142857 352.8033246753247 -1 0 0
966.3617662337663 352.8033246753247 -1 0 0
971.0370909090909 354.3617662337662 -1 0 0
993.1669610389611 355.6085194805195 -1 0 0
993.4786493506493 382.10202597402593 -1 0 0
947.6604675324676 353.7383896103896 -1 0 0
956.6994285714286 364.33579220779217 -1 0 0
959.8163116883117 413.5825454545455 -1 0 0
968.2318961038961 399.55657142857143 -1 0 0
900.1799480519481 387.4007272727273 -1 0 0
1019.2448831168831 394.9302857142857 -1 0 0
1021.4267012987013 365.6315844155844 -1 0 0
