34.261333333333376 750.5872592592592 -1 0 0
128.12800000000001 750.5872592592592 -1 0 0
206.8242962962963 754.3798518518519 -1 0 0
262.765037037037 735.4168888888889 -1 0 0
330.08355555555556 735.4168888888889 -1 0 0
367.0613333333333 720.2465185185184 -1 0 0
458.08355555555556 695.5946666666666 -1 0 0
474.202074074074 757.2242962962962 -1 0 0
623.0613333333333 746.7946666666667 -1 0 0
540.5724444444445 689.9057777777778 -1 0 0
625.9057777777778 683.2687407407407 -1 0 0
643.9205925925926 655.7724444444444 -1 0 0
696.0687407407407 733.5205925925926 -1 0 0
752.9576296296294 706.0242962962961 -1 0 0
829.7576296296295 709.8168888888889 -1 0 0
923.6242962962962 641.5502222222223 -1 0 0
916.9872592592591 739.2094814814815 -1 0 0
868.6317037037036 623.5354074074074 -1 0 0
943.5354074074072 599.8317037037036 -1 0 0
900.8687407407407 598.8835555555555 -1 0 0
836.3946666666666 648.1872592592592 -1 0 0
796.5724444444443 675.6835555555555 -1 0 0
815.5354074074072 596.9872592592592 -1 0 0
813.639111111111 558.1131851851852 -1 0 0
839.239111111111 578.0242962962961 -1 0 0
871.4761481481481 578.9724444444444 -1 0 0
885.6983703703703 554.3205925925926 -1 0 0
920.7798518518517 576.128 -1 0 0
908.4539259259259 561.9057777777778 -1 0 0
928.3650370370368 530.6168888888888 -1 0 0
934.0539259259259 488.89837037037034 -1 0 0
899.9205925925924 499.328 -1 0 0
839.239111111111 489.8465185185185 -1 0 0
754.8539259259259 533.4613333333333 -1 0 0
739.6835555555555 584.6613333333332 -1 0 0
724.5131851851852 620.6909629629629 -1 0 0
685.639111111111 638.7057777777777 -1 0 0
679.9502222222222 608.3650370370369 -1 0 0
711.239111111111 594.1428148148149 -1 0 0
638.2317037037036 609.3131851851851 -1 0 0
604.0983703703704 633.0168888888887 -1 0 0
566.1724444444445 595.090962962963 -1 0 0
598.4094814814814 586.5576296296297 -1 0 0
639.1798518518517 579.9205925925926 -1 0 0
614.528 576.128 -1 0 0
637.2835555555555 559.0613333333333 -1 0 0
668.5724444444445 561.9057777777778 -1 0 0
700.8094814814814 549.5798518518518 -1 0 0
669.5205925925926 537.2539259259258 -1 0 0
719.7724444444443 547.6835555555555 -1 0 0
860.0983703703704 524.928 -1 0 0
599.3576296296296 541.0465185185184 -1 0 0
560.4835555555555 554.3205925925926 -1 0 0
538.6761481481481 597.9354074074074 -1 0 0
501.6983703703703 553.3724444444443 -1 0 0
526.3502222222222 541.0465185185184 -1 0 0
480.8391111111111 609.3131851851851 -1 0 0
413.52059259259255 601.7280000000001 -1 0 0
382.23170370370366 663.3576296296295 -1 0 0
431.5354074074074 551.4761481481481 -1 0 0
493.16503703703705 530.6168888888888 -1 0 0
310.17244444444447 515.4465185185185 -1 0 0
403.090962962963 457.60948148148145 -1 0 0
489.37244444444445 639.6539259259258 -1 0 0
565.2242962962962 657.6687407407406 -1 0 0
260.86874074074075 662.4094814814815 -1 0 0
276.0391111111111 609.3131851851851 -1 0 0
243.8020740740741 609.3131851851851 -1 0 0
187.8613333333333 606.4687407407407 -1 0 0
147.09096296296298 674.7354074074074 -1 0 0
108.21688888888887 720.2465185185184 -1 0 0
78.8242962962963 741.1057777777778 -1 0 0
34.26133333333331 695.5946666666666 -1 0 0
13.402074074074102 656.7205925925927 -1 0 0
8.661333333333372 610.2613333333333 -1 0 0
38.05392592592596 613.1057777777778 -1 0 0
116.75022222222225 658.6168888888889 -1 0 0
99.68355555555556 637.7576296296296 -1 0 0
146.14281481481484 620.6909629629629 -1 0 0
164.1576296296296 601.7280000000001 -1 0 0
201.13540740740743 557.165037037037 -1 0 0
231.47614814814816 589.4020740740741 -1 0 0
148.98725925925928 563.8020740740741 -1 0 0
104.42429629629629 595.090962962963 -1 0 0
106.32059259259259 563.8020740740741 -1 0 0
79.77244444444445 574.2317037037036 -1 0 0
7.7131851851852264 578.9724444444444 -1 0 0
39.95022222222225 565.6983703703703 -1 0 0
19.09096296296298 535.3576296296296 -1 0 0
6.765037037037022 512.602074074074 -1 0 0
31.416888888888877 476.5724444444444 -1 0 0
58.91318518518517 522.0835555555556 -1 0 0
97.78725925925927 540.0983703703704 -1 0 0
122.43911111111113 534.4094814814815 -1 0 0
144.24651851851854 524.928 -1 0 0
185.01688888888887 536.3057777777777 -1 0 0
225.7872592592593 530.6168888888888 -1 0 0
250.43911111111106 545.7872592592593 -1 0 0
247.59466666666668 525.8761481481481 -1 0 0
237.16503703703702 497.43170370370365 -1 0 0
183.1205925925926 505.0168888888889 -1 0 0
201.13540740740743 516.3946666666667 -1 0 0
261.8168888888888 485.10577777777775 -1 0 0
232.42429629629623 476.5724444444444 -1 0 0
235.26874074074072 455.7131851851852 -1 0 0
249.49096296296298 442.43911111111106 -1 0 0
191.6539259259259 485.10577777777775 -1 0 0
148.98725925925928 496.48355555555554 -1 0 0
106.32059259259259 474.6761481481481 -1 0 0
90.2020740740741 514.4983703703704 -1 0 0
52.276148148148145 474.6761481481481 -1 0 0
85.46133333333331 491.7428148148148 -1 0 0
77.87614814814815 484.15762962962964 -1 0 0
73.13540740740741 467.0909629629629 -1 0 0
90.2020740740741 463.2983703703703 -1 0 0
93.04651851851854 442.43911111111106 -1 0 0
137.60948148148145 439.5946666666666 -1 0 0
152.77985185185184 458.5576296296296 -1 0 0
12.453925925925956 455.7131851851852 -1 0 0
26.676148148148147 446.23170370370366 -1 0 0
39.95022222222225 428.2168888888889 -1 0 0
56.06874074074073 439.5946666666666 -1 0 0
62.70577777777781 423.4761481481481 -1 0 0
71.23911111111113 411.1502222222222 -1 0 0
90.2020740740741 413.0465185185185 -1 0 0
25.728 394.0835555555555 -1 0 0
57.01688888888888 395.9798518518519 -1 0 0
89.25392592592596 393.13540740740734 -1 0 0
79.77244444444445 403.56503703703703 -1 0 0
123.38725925925927 410.20207407407406 -1 0 0
131.92059259259258 428.2168888888889 -1 0 0
157.52059259259258 409.2539259259259 -1 0 0
146.14281481481484 403.56503703703703 -1 0 0
182.17244444444444 400.7205925925926 -1 0 0
200.18725925925926 423.4761481481481 -1 0 0
236.21688888888883 420.63170370370364 -1 0 0
260.86874074074075 407.3576296296296 -1 0 0
307.328 420.63170370370364 -1 0 0
291.20948148148153 415.89096296296293 -1 0 0
296.8983703703704 402.61688888888887 -1 0 0
294.0539259259259 392.18725925925924 -1 0 0
275.090962962963 403.56503703703703 -1 0 0
214.40948148148152 451.9205925925926 -1 0 0
150.88355555555557 437.69837037037036 -1 0 0
321.5502222222222 448.12799999999993 -1 0 0
308.27614814814814 467.0909629629629 -1 0 0
279.8317037037037 452.86874074074075 -1 0 0
276.9872592592593 470.8835555555555 -1 0 0
289.3131851851851 462.3502222222222 -1 0 0
348.0983703703704 505.965037037037 -1 0 0
351.890962962963 478.4687407407407 -1 0 0
350.94281481481477 447.1798518518518 -1 0 0
368.9576296296296 428.2168888888889 -1 0 0
349.0465185185185 421.5798518518518 -1 0 0
445.7576296296296 443.3872592592592 -1 0 0
480.8391111111111 447.1798518518518 -1 0 0
464.72059259259254 373.2242962962963 -1 0 0
495.0613333333333 365.6391111111111 -1 0 0
506.43911111111106 468.0391111111111 -1 0 0
543.4168888888888 441.49096296296295 -1 0 0
561.4317037037036 451.9205925925926 -1 0 0
562.3798518518519 475.6242962962962 -1 0 0
535.8317037037036 498.3798518518518 -1 0 0
513.0761481481481 501.22429629629625 -1 0 0
473.2539259259259 504.06874074074074 -1 0 0
484.63170370370364 495.5354074074074 -1 0 0
620.2168888888888 502.1724444444444 -1 0 0
590.8242962962962 465.19466666666665 -1 0 0
615.4761481481481 464.2465185185185 -1 0 0
634.4391111111111 464.2465185185185 -1 0 0
645.8168888888888 447.1798518518518 -1 0 0
669.5205925925926 445.2835555555555 -1 0 0
669.5205925925926 472.7798518518518 -1 0 0
689.4317037037036 450.0242962962963 -1 0 0
695.1205925925926 426.3205925925926 -1 0 0
699.8613333333333 460.4539259259259 -1 0 0
715.9798518518517 480.36503703703704 -1 0 0
739.6835555555555 462.3502222222222 -1 0 0
783.2983703703703 475.6242962962962 -1 0 0
808.8983703703703 463.2983703703703 -1 0 0
780.4539259259259 435.802074074074 -1 0 0
748.2168888888888 431.0613333333333 -1 0 0
744.4242962962962 412.09837037037033 -1 0 0
707.4465185185185 395.03170370370367 -1 0 0
780.4539259259259 413.99466666666666 -1 0 0
820.2761481481481 410.20207407407406 -1 0 0
828.8094814814814 441.49096296296295 -1 0 0
852.513185185185 448.12799999999993 -1 0 0
875.2687407407407 460.4539259259259 -1 0 0
922.6761481481481 464.2465185185185 -1 0 0
937.8465185185185 463.2983703703703 -1 0 0
901.8168888888888 440.5428148148148 -1 0 0
898.0242962962961 423.4761481481481 -1 0 0
928.3650370370368 403.56503703703703 -1 0 0
938.7946666666666 399.77244444444443 -1 0 0
909.402074074074 408.30577777777773 -1 0 0
878.113185185185 385.5502222222222 -1 0 0
875.2687407407407 414.94281481481477 -1 0 0
863.8909629629629 412.09837037037033 -1 0 0
858.202074074074 414.94281481481477 -1 0 0
851.5650370370369 425.37244444444445 -1 0 0
852.513185185185 403.56503703703703 -1 0 0
844.9279999999998 392.18725925925924 -1 0 0
787.090962962963 389.3428148148148 -1 0 0
831.6539259259258 377.965037037037 -1 0 0
827.8613333333333 401.66874074074076 -1 0 0
742.5279999999998 374.1724444444444 -1 0 0
772.8687407407407 389.3428148148148 -1 0 0
812.6909629629629 335.2983703703703 -1 0 0
832.6020740740739 331.5057777777778 -1 0 0
841.1354074074072 302.11318518518516 -1 0 0
849.6687407407406 303.0613333333333 -1 0 0
860.0983703703704 300.2168888888889 -1 0 0
869.5798518518517 300.2168888888889 -1 0 0
879.0613333333333 304.9576296296296 -1 0 0
888.5428148148146 330.5576296296296 -1 0 0
906.5576296296294 336.24651851851854 -1 0 0
918.8835555555555 355.2094814814815 -1 0 0
945.4317037037036 334.3502222222222 -1 0 0
896.1279999999998 357.10577777777775 -1 0 0
866.7354074074073 338.1428148148148 -1 0 0
869.5798518518517 359.0020740740741 -1 0 0
866.7354074074073 364.69096296296294 -1 0 0
916.9872592592591 367.53540740740743 -1 0 0
773.8168888888888 340.03911111111114 -1 0 0
775.7131851851849 316.33540740740744 -1 0 0
796.5724444444443 306.8539259259259 -1 0 0
806.0539259259259 306.8539259259259 -1 0 0
820.2761481481481 303.0613333333333 -1 0 0
730.202074074074 359.0020740740741 -1 0 0
720.7205925925927 352.36503703703704 -1 0 0
686.5872592592591 379.86133333333333 -1 0 0
669.5205925925926 333.40207407407405 -1 0 0
657.1946666666665 306.8539259259259 -1 0 0
661.9354074074074 266.0835555555555 -1 0 0
727.3576296296296 255.6539259259259 -1 0 0
744.4242962962962 283.1502222222222 -1 0 0
752.9576296296294 294.528 -1 0 0
737.7872592592591 298.3205925925926 -1 0 0
726.4094814814814 307.802074074074 -1 0 0
716.928 311.5946666666666 -1 0 0
721.6687407407406 302.11318518518516 -1 0 0
750.1131851851852 338.1428148148148 -1 0 0
763.3872592592592 347.6242962962963 -1 0 0
766.2317037037036 373.2242962962963 -1 0 0
493.16503703703705 447.1798518518518 -1 0 0
608.839111111111 432.9576296296296 -1 0 0
697.9650370370371 266.0835555555555 -1 0 0
793.7279999999998 293.5798518518518 -1 0 0
817.4317037037036 296.4242962962963 -1 0 0
826.913185185185 291.68355555555553 -1 0 0
804.1576296296295 293.5798518518518 -1 0 0
836.3946666666666 295.4761481481481 -1 0 0
912.2465185185184 322.0242962962963 -1 0 0
921.7279999999998 322.0242962962963 -1 0 0
884.7502222222221 315.3872592592592 -1 0 0
868.6317037037036 312.54281481481485 -1 0 0
778.5576296296294 301.16503703703705 -1 0 0
721.6687407407406 268.928 -1 0 0
687.5354074074074 282.20207407407406 -1 0 0
680.8983703703703 284.09837037037033 -1 0 0
697.9650370370371 288.83911111111115 -1 0 0
672.365037037037 293.5798518518518 -1 0 0
715.9798518518517 285.99466666666666 -1 0 0
708.3946666666666 279.3576296296296 -1 0 0
17.194666666666688 339.0909629629629 -1 0 0
237.16503703703702 373.2242962962963 -1 0 0
224.83911111111107 374.1724444444444 -1 0 0
210.61688888888895 383.65392592592593 -1 0 0
222.94281481481477 384.60207407407404 -1 0 0
277.93540740740735 377.0168888888889 -1 0 0
302.58725925925927 303.0613333333333 -1 0 0
315.86133333333333 383.65392592592593 -1 0 0
208.72059259259254 377.0168888888889 -1 0 0
173.63911111111113 377.965037037037 -1 0 0
176.48355555555557 362.7946666666666 -1 0 0
152.77985185185184 374.1724444444444 -1 0 0
136.66133333333332 382.70577777777777 -1 0 0
160.365037037037 395.03170370370367 -1 0 0
186.91318518518517 378.91318518518517 -1 0 0
198.290962962963 387.4465185185185 -1 0 0
31.416888888888877 338.1428148148148 -1 0 0
47.53540740740742 339.0909629629629 -1 0 0
76.928 320.128 -1 0 0
89.25392592592596 316.33540740740744 -1 0 0
102.528 311.5946666666666 -1 0 0
112.95762962962961 343.83170370370374 -1 0 0
122.43911111111113 341.9354074074074 -1 0 0
127.17985185185185 338.1428148148148 -1 0 0
134.76503703703702 340.03911111111114 -1 0 0
136.66133333333332 325.81688888888885 -1 0 0
150.88355555555557 326.765037037037 -1 0 0
163.20948148148148 331.5057777777778 -1 0 0
151.8317037037037 339.0909629629629 -1 0 0
3.920592592592584 247.1205925925926 -1 0 0
6.765037037037022 255.6539259259259 -1 0 0
22.883555555555564 247.1205925925926 -1 0 0
58.91318518518517 247.1205925925926 -1 0 0
40.898370370370394 245.2242962962963 -1 0 0
53.224296296296295 250.91318518518517 -1 0 0
46.58725925925927 252.80948148148147 -1 0 0
148.98725925925928 236.6909629629629 -1 0 0
93.99466666666669 245.2242962962963 -1 0 0
313.965037037037 233.84651851851854 -1 0 0
224.83911111111107 340.98725925925925 -1 0 0
198.290962962963 342.8835555555555 -1 0 0
190.70577777777777 338.1428148148148 -1 0 0
176.48355555555557 336.24651851851854 -1 0 0
179.328 347.6242962962963 -1 0 0
155.6242962962963 358.0539259259259 -1 0 0
98.73540740740742 384.60207407407404 -1 0 0
108.21688888888887 377.0168888888889 -1 0 0
89.25392592592596 369.4317037037037 -1 0 0
82.61688888888888 371.32800000000003 -1 0 0
67.44651851851854 376.06874074074074 -1 0 0
78.8242962962963 379.86133333333333 -1 0 0
130.97244444444445 373.2242962962963 -1 0 0
273.1946666666667 295.4761481481481 -1 0 0
301.63911111111105 280.30577777777773 -1 0 0
303.5354074074074 287.89096296296293 -1 0 0
296.8983703703704 289.7872592592592 -1 0 0
289.3131851851851 285.04651851851855 -1 0 0
274.14281481481476 282.20207407407406 -1 0 0
322.4983703703704 275.56503703703703 -1 0 0
338.6168888888888 277.4613333333333 -1 0 0
332.92799999999994 286.9428148148148 -1 0 0
340.51318518518514 288.83911111111115 -1 0 0
318.7057777777778 298.3205925925926 -1 0 0
352.8391111111111 247.1205925925926 -1 0 0
221.0465185185185 241.4317037037037 -1 0 0
210.61688888888895 244.27614814814814 -1 0 0
209.66874074074073 251.8613333333333 -1 0 0
157.52059259259258 249.96503703703704 -1 0 0
178.37985185185187 237.63911111111113 -1 0 0
110.11318518518517 254.70577777777777 -1 0 0
99.68355555555556 261.34281481481486 -1 0 0
120.54281481481483 248.06874074074074 -1 0 0
94.94281481481484 279.3576296296296 -1 0 0
104.42429629629629 271.77244444444443 -1 0 0
75.97985185185186 268.928 -1 0 0
77.87614814814815 304.0094814814815 -1 0 0
30.46874074074073 299.2687407407407 -1 0 0
23.83170370370371 306.8539259259259 -1 0 0
11.50577777777781 301.16503703703705 -1 0 0
6.765037037037022 311.5946666666666 -1 0 0
19.09096296296298 323.9205925925926 -1 0 0
120.54281481481483 302.11318518518516 -1 0 0
129.07614814814815 299.2687407407407 -1 0 0
120.54281481481483 286.9428148148148 -1 0 0
126.23170370370372 273.66874074074076 -1 0 0
117.6983703703704 277.4613333333333 -1 0 0
257.07614814814815 304.0094814814815 -1 0 0
337.66874074074076 249.96503703703704 -1 0 0
323.4465185185185 249.96503703703704 -1 0 0
186.91318518518517 313.49096296296295 -1 0 0
167.00207407407405 312.54281481481485 -1 0 0
178.37985185185187 316.33540740740744 -1 0 0
155.6242962962963 297.37244444444445 -1 0 0
232.42429629629623 296.4242962962963 -1 0 0
240.00948148148152 283.1502222222222 -1 0 0
254.23170370370366 271.77244444444443 -1 0 0
247.59466666666668 262.2909629629629 -1 0 0
254.23170370370366 249.96503703703704 -1 0 0
247.59466666666668 252.80948148148147 -1 0 0
239.06133333333332 253.7576296296296 -1 0 0
288.36503703703704 246.17244444444444 -1 0 0
268.4539259259259 267.0317037037037 -1 0 0
310.17244444444447 267.97985185185183 -1 0 0
333.87614814814816 270.8242962962963 -1 0 0
339.56503703703703 261.34281481481486 -1 0 0
306.37985185185187 259.44651851851853 -1 0 0
298.79466666666667 261.34281481481486 -1 0 0
212.51318518518522 290.7354074074074 -1 0 0
175.53540740740743 294.528 -1 0 0
157.52059259259258 285.04651851851855 -1 0 0
135.71318518518518 271.77244444444443 -1 0 0
148.03911111111114 271.77244444444443 -1 0 0
151.8317037037037 272.7205925925926 -1 0 0
222.94281481481477 313.49096296296295 -1 0 0
193.5502222222222 320.128 -1 0 0
196.3946666666667 336.24651851851854 -1 0 0
204.928 337.19466666666665 -1 0 0
216.30577777777782 343.83170370370374 -1 0 0
73.13540740740741 277.4613333333333 -1 0 0
270.3502222222222 249.01688888888887 -1 0 0
263.7131851851851 248.06874074074074 -1 0 0
185.96503703703704 270.8242962962963 -1 0 0
181.2242962962963 282.20207407407406 -1 0 0
202.08355555555556 276.5131851851852 -1 0 0
190.70577777777777 283.1502222222222 -1 0 0
201.13540740740743 284.09837037037033 -1 0 0
194.49837037037034 301.16503703703705 -1 0 0
134.76503703703702 290.7354074074074 -1 0 0
138.55762962962962 305.90577777777776 -1 0 0
147.09096296296298 299.2687407407407 -1 0 0
76.928 252.80948148148147 -1 0 0
66.4983703703704 258.49837037037037 -1 0 0
517.2428851148852 630.6654625374626 -1 0 0
552.024103896104 616.3437842157841 -1 0 0
960.1919360639362 666.4696583416583 -1 0 0
802.0028611388614 636.7531988011989 -1 0 0
831.8574225774228 674.0714005994006 -1 0 0
763.7517042957045 688.0657262737263 -1 0 0
365.3799000999003 694.5964115884116 -1 0 0
149.86728471528474 535.994053946054 -1 0 0
210.5093626373627 675.0043556443557 -1 0 0
63.10246553446557 622.7588731268731 -1 0 0
118.14681318681322 426.83831368631365 -1 0 0
899.9631408591412 477.21788611388615 -1 0 0
898.0972307692311 382.05647152847143 -1 0 0
930.7506573426576 382.98942657342656 -1 0 0
163.86161038961043 645.1497942057943 -1 0 0
412.0276523476524 629.2895584415584 -1 0 0
328.29493706293715 479.72520279720277 -1 0 0
407.1296383616384 556.2275164835164 -1 0 0
455.17682317682323 553.8951288711288 -1 0 0
19.020339660339655 467.13030969030956 -1 0 0
23.218637362637338 431.2115404595404 -1 0 0
206.54430369630376 469.4626973026972 -1 0 0
262.5216063936064 461.99905694305687 -1 0 0
295.17503296703296 476.4598601398601 -1 0 0
396.8671328671329 427.47972027972014 -1 0 0
85.26014785214785 383.6891428571427 -1 0 0
102.98629370629374 367.828907092907 -1 0 0
120.47920079920081 385.32181418581405 -1 0 0
188.35168031968038 369.92805594405587 -1 0 0
215.40737662337668 372.9601598401597 -1 0 0
224.50368831168836 397.21699100899093 -1 0 0
13.889086913086896 382.7561878121877 -1 0 0
69.63315084915087 340.7732107892106 -1 0 0
92.957026973027 322.813826173826 -1 0 0
95.98913086913089 340.30673326673315 -1 0 0
105.78515884115886 340.7732107892106 -1 0 0
118.14681318681319 341.47292707292695 -1 0 0
127.2431248751249 351.7354325674325 -1 0 0
155.46501498501505 329.34451148851133 -1 0 0
156.6312087912088 318.38228971028957 -1 0 0
162.9286553446554 310.4521718281717 -1 0 0
147.30165834165837 310.6854105894105 -1 0 0
98.78799600399601 303.22177022977013 -1 0 0
98.32151848151851 295.0584135864135 -1 0 0
96.4556083916084 290.626877122877 -1 0 0
88.05901298701299 289.92716083916065 -1 0 0
100.1874285714286 285.2623856143855 -1 0 0
74.99764235764238 294.5919360639359 -1 0 0
82.22804395604398 292.4927872127871 -1 0 0
23.918353646353644 285.49562437562423 -1 0 0
7.591640359640347 289.22744455544444 -1 0 0
160.82950649350656 338.9073006993006 -1 0 0
169.69257942057942 293.1925034965033 -1 0 0
164.32808791208797 278.9649390609389 -1 0 0
223.80397202797212 295.0584135864135 -1 0 0
226.1363596403597 288.06125074925063 -1 0 0
219.37243556443562 300.65614385614373 -1 0 0
214.0079440559441 296.9243236763235 -1 0 0
214.0079440559441 315.8166633366632 -1 0 0
206.07782617382625 325.14621378621365 -1 0 0
200.71333466533474 327.71184015984005 -1 0 0
196.51503696303698 333.07633166833153 -1 0 0
204.91163236763242 331.676899100899 -1 0 0
211.209078921079 341.47292707292695 -1 0 0
215.87385414585418 334.70900299700287 -1 0 0
213.30822777222784 330.27746653346645 -1 0 0
216.80680919080928 324.6797362637362 -1 0 0
232.43380619380625 327.94507892107885 -1 0 0
229.40170229770237 337.27462937062927 -1 0 0
234.99943256743265 376.22550249750236 -1 0 0
228.0022697302698 321.64763236763224 -1 0 0
193.2496943056943 310.21893306693295 -1 0 0
189.2846353646354 307.186829170829 -1 0 0
183.68690509490511 304.3879640359639 -1 0 0
175.75678721278726 300.88938261738247 -1 0 0
134.940003996004 280.5976103896103 -1 0 0
129.5755124875125 286.1953406593405 -1 0 0
138.20534665334668 296.9243236763235 -1 0 0
145.43574825174827 335.1754805194804 -1 0 0
136.33943656343658 363.86384815184806 -1 0 0
116.98061938061939 371.5607272727272 -1 0 0
65.43485314685314 361.29822177822166 -1 0 0
73.13173226773226 378.3246513486513 -1 0 0
28.81636763236762 380.89027772227763 -1 0 0
31.731852147852152 254.00839160839138 -1 0 0
34.76395604395605 248.4106613386611 -1 0 0
65.08499500499502 253.0754365634363 -1 0 0
71.38244155844158 253.7751528471526 -1 0 0
83.51085714285716 249.8100939060937 -1 0 0
87.70915484515487 244.2123636363634 -1 0 0
101.00376423576428 249.11037762237737 -1 0 0
97.50518281718286 246.31151248751226 -1 0 0
113.36541858141861 249.11037762237737 -1 0 0
130.62508691308693 254.94134665334641 -1 0 0
131.79128071928076 244.9120799200797 -1 0 0
140.88759240759245 247.24446753246727 -1 0 0
147.8847552447553 257.0404955044953 -1 0 0
147.41827772227776 249.34361638361614 -1 0 0
149.7506653346654 243.7458861138859 -1 0 0
153.24924675324678 260.3058381618379 -1 0 0
156.2813506493507 255.1745854145852 -1 0 0
168.64300499500504 247.7109450549448 -1 0 0
167.94328871128877 261.47203196803173 -1 0 0
179.37198801198807 262.4049870129868 -1 0 0
178.20579420579426 269.6353886113884 -1 0 0
165.3776623376624 271.2680599400597 -1 0 0
174.00749650349655 283.6297142857141 -1 0 0
179.37198801198807 276.1660739260737 -1 0 0
187.76858341658348 276.6325514485512 -1 0 0
192.66659740259746 275.69959640359616 -1 0 0
194.9989850149851 264.27089710289687 -1 0 0
188.00182217782225 262.8714645354643 -1 0 0
185.2029570429571 264.50413586413566 -1 0 0
180.5381818181819 252.37572027972004 -1 0 0
177.03960039960046 245.3785574425572 -1 0 0
185.43619580419585 247.47770629370606 -1 0 0
191.73364235764242 248.17742257742236 -1 0 0
198.03108891108897 248.64390009989987 -1 0 0
199.89699900099907 239.3143496503494 -1 0 0
197.7978501498502 253.54191408591387 -1 0 0
192.20011988011996 255.6410629370627 -1 0 0
189.86773226773232 255.87430169830145 -1 0 0
203.862057942058 251.90924275724254 -1 0 0
212.49189210789214 256.340779220779 -1 0 0
219.02257742257748 254.00839160839138 -1 0 0
217.38990609390615 261.238793206793 -1 0 0
225.32002397602406 257.9734505494503 -1 0 0
228.11888911088917 246.31151248751226 -1 0 0
226.95269530469534 273.1339700299698 -1 0 0
230.45127672327678 267.76947852147833 -1 0 0
217.85638361638365 268.70243356643334 -1 0 0
214.12456343656348 279.6646553446551 -1 0 0
204.5617742257743 267.30300099900074 -1 0 0
174.9404515484516 253.3086753246751 -1 0 0
168.17652747252754 252.37572027972004 -1 0 0
143.45321878121885 262.8714645354643 -1 0 0
150.45038161838167 277.56550649350623 -1 0 0
182.87056943056947 290.1603996003994 -1 0 0
201.29643156843164 313.25103696303677 -1 0 0
218.78933866133872 308.8195004995003 -1 0 0
191.96688111888116 330.9771828171826 -1 0 0
183.10380819180824 321.6476323676321 -1 0 0
183.337046953047 336.8081518481516 -1 0 0
146.48532267732273 285.2623856143854 -1 0 0
89.80830369630372 255.40782417582395 -1 0 0
101.23700299700303 256.8072567432565 -1 0 0
106.13501698301701 259.8393606393604 -1 0 0
66.25118881118883 267.76947852147833 -1 0 0
64.6185174825175 275.2331188811187 -1 0 0
60.653458541458555 266.136807192807 -1 0 0
13.772467532467541 253.3086753246751 -1 0 0
8.40797602397603 263.80441958041934 -1 0 0
15.63837762237763 278.7317002997001 -1 0 0
26.134121878121885 272.20101498501475 -1 0 0
38.02929870129871 274.0669250749248 -1 0 0
43.160551448551466 276.6325514485512 -1 0 0
1.6440519480519433 293.89221978021953 -1 0 0
4.442917082917083 307.6533066933065 -1 0 0
199.0806633366634 290.39363836163824 -1 0 0
237.33182017982023 279.4314165834165 -1 0 0
259.2562637362638 264.0376583416582 -1 0 0
261.3554125874126 259.60612187812177 -1 0 0
265.7869490509491 255.87430169830157 -1 0 0
277.4488871128872 266.8365234765233 -1 0 0
283.04661738261746 263.3379420579419 -1 0 0
285.8454825174826 255.64106293706283 -1 0 0
281.4139460539462 256.57401798201784 -1 0 0
278.615080919081 247.94418381618368 -1 0 0
282.81337862137866 248.64390009989998 -1 0 0
296.80770429570435 248.4106613386612 -1 0 0
241.29687912087917 302.2888151848151 -1 0 0
247.59432567432572 306.4871128871128 -1 0 0
251.79262337662345 293.4257422577422 -1 0 0
248.99375824175831 285.72886313686297 -1 0 0
248.52728071928078 280.13113286713275 -1 0 0
265.7869490509491 298.3237562437562 -1 0 0
264.1542777222778 287.12829570429557 -1 0 0
262.05512887112894 283.1632367632366 -1 0 0
266.95314285714295 282.46352047952035 -1 0 0
267.4196203796205 275.23311888111874 -1 0 0
247.1278481518482 244.9120799200798 -1 0 0
252.49233966033972 245.84503496503484 -1 0 0
257.62359240759247 245.84503496503484 -1 0 0
259.9559800199801 247.24446753246738 -1 0 0
274.18354445554456 251.20952647352632 -1 0 0
275.5829770229771 259.372883116883 -1 0 0
290.9767352647353 262.63822577422565 -1 0 0
286.07872127872133 269.6353886113885 -1 0 0
284.44604995005 278.96493906093895 -1 0 0
290.74349650349654 277.79874525474514 -1 0 0
295.175032967033 269.86862737262726 -1 0 0
305.20429970029977 265.6703296703296 -1 0 0
301.23924075924083 247.01122877122864 -1 0 0
306.8369710289711 247.47770629370615 -1 0 0
313.6008951048952 247.47770629370615 -1 0 0
317.79919280719287 245.84503496503484 -1 0 0
316.16652147852153 252.1424815184814 -1 0 0
330.39408591408596 249.11037762237748 -1 0 0
332.7264735264736 247.01122877122864 -1 0 0
334.12590609390617 251.20952647352632 -1 0 0
327.5952207792209 248.64390009989998 -1 0 0
327.36198201798214 270.3351048951048 -1 0 0
322.23072927072934 270.56834365634353 -1 0 0
321.2977742257743 258.6731668331667 -1 0 0
324.0966393606395 255.40782417582403 -1 0 0
317.79919280719287 258.20668931068917 -1 0 0
309.1693586413587 250.27657142857132 -1 0 0
318.96538661338667 279.6646553446552 -1 0 0
334.35914485514496 277.79874525474514 -1 0 0
333.65942857142863 298.0905174825173 -1 0 0
328.29493706293715 305.78739660339653 -1 0 0
320.598057942058 310.9186493506492 -1 0 0
334.12590609390617 325.37945254745244 -1 0 0
291.4432127872129 299.72318881118866 -1 0 0
283.04661738261746 289.92716083916076 -1 0 0
296.3412267732269 256.57401798201784 -1 0 0
242.2298341658342 268.00271728271713 -1 0 0
255.75768231768237 278.0319840159839 -1 0 0
234.76619380619385 257.74021178821164 -1 0 0
215.87385414585418 245.3785574425573 -1 0 0
208.41021378621383 263.1047032967032 -1 0 0
209.3431688311689 271.73453746253733 -1 0 0
119.54624575424576 268.46919480519466 -1 0 0
123.51130469530472 263.1047032967032 -1 0 0
131.4414225774226 267.5362397602396 -1 0 0
119.77948451548454 310.6854105894105 -1 0 0
236.16562637362645 338.9073006993006 -1 0 0
238.49801398601403 345.2047472527472 -1 0 0
244.0957442557443 338.67406193806187 -1 0 0
248.52728071928078 350.8024775224774 -1 0 0
243.39602797202804 324.21325874125864 -1 0 0
241.53011788211793 313.2510369630369 -1 0 0
234.76619380619385 308.81950049950035 -1 0 0
331.79351848151856 346.6041798201797 -1 0 0
384.0390009990011 305.0876803196802 -1 0 0
391.96911888111896 305.7873966033965 -1 0 0
349.05318681318687 321.1811548451547 -1 0 0
339.95687512487524 308.5862617382616 -1 0 0
347.88699300699307 269.16891108891093 -1 0 0
340.6565914085915 268.70243356643346 -1 0 0
343.45545654345665 258.6731668331667 -1 0 0
347.18727672327685 275.4663576423575 -1 0 0
306.487112887113 256.3407792207791 -1 0 0
342.7557402597404 249.92671328671318 -1 0 0
346.1377022977024 248.76051948051935 -1 0 0
360.71512487512496 247.59432567432555 -1 0 0
369.22833966033977 247.3610869130868 -1 0 0
365.0300419580421 252.02586213786202 -1 0 0
372.37706293706304 251.55938461538452 -1 0 0
383.33928471528486 244.09574425574414 -1 0 0
349.86952247752254 253.07543656343645 -1 0 0
309.7524555444557 295.17503296703285 -1 0 0
351.5021938061939 288.52772827172817 -1 0 0
352.66838761238773 281.5305654345653 -1 0 0
361.18160239760255 277.21564835164827 -1 0 0
357.9162597402599 283.3964755244754 -1 0 0
361.0649830169831 265.6703296703295 -1 0 0
365.61313886113896 264.3875164835164 -1 0 0
347.4205154845156 260.30583816183804 -1 0 0
291.09335464535474 252.8421978021977 -1 0 0
280.7142297702299 295.40827172827164 -1 0 0
310.5687912087913 374.8260699300698 -1 0 0
271.3846793206795 382.2897102897102 -1 0 0
260.65569630369646 384.15562037962025 -1 0 0
204.21191608391615 399.5493786213785 -1 0 0
682.1181378621382 319.3152447552447 -1 0 0
684.217286713287 298.5569950049949 -1 0 0
701.7101938061941 311.3851268731268 -1 0 0
704.2758201798205 329.5777502497502 -1 0 0
736.2295304695307 317.6825734265733 -1 0 0
754.6553926073929 287.36153446553436 -1 0 0
754.1889150849154 278.0319840159839 -1 0 0
765.1511368631371 275.2331188811188 -1 0 0
763.7517042957046 281.0640879120878 -1 0 0
761.419316683317 286.8950569430569 -1 0 0
765.3843756243759 295.0584135864135 -1 0 0
761.1860779220782 342.405882117882 -1 0 0
620.7763436563439 282.46352047952035 -1 0 0
629.406177822178 272.43425374625366 -1 0 0
635.9368631368634 271.0348211788211 -1 0 0
649.6979500499502 261.0055544455543 -1 0 0
673.9547812187815 271.26805994005986 -1 0 0
666.4911408591412 274.30016383616373 -1 0 0
683.0510929070931 270.3351048951048 -1 0 0
688.1823456543459 270.3351048951048 -1 0 0
703.5761038961042 270.3351048951048 -1 0 0
715.2380419580422 273.13397002996993 -1 0 0
715.2380419580422 264.5041358641358 -1 0 0
720.8357722277725 276.16607392607386 -1 0 0
732.0312327672331 281.9970429570429 -1 0 0
737.3957242757245 284.3294305694305 -1 0 0
739.961350649351 271.5012987012986 -1 0 0
743.4599320679323 275.9328351648351 -1 0 0
748.8244235764239 279.4314165834165 -1 0 0
752.7894825174827 273.8336863136862 -1 0 0
701.2437162837165 283.86295304695295 -1 0 0
706.8414465534469 285.2623856143855 -1 0 0
849.1170909090912 337.74110689310675 -1 0 0
883.1699500499503 316.28314085914064 -1 0 0
862.6449390609394 383.455904095904 -1 0 0
871.0415344655347 377.8581738261737 -1 0 0
871.5080119880123 368.9951008991008 -1 0 0
846.7847032967036 408.1792127872127 -1 0 0
755.3551088911091 412.37751048951037 -1 0 0
763.7517042957046 405.38034765234755 -1 0 0
761.419316683317 394.65136463536453 -1 0 0
761.419316683317 388.5871568431567 -1 0 0
713.8386093906097 386.2547692307691 -1 0 0
932.3833286713287 460.42469530469515 -1 0 0
915.5901378621379 595.7031768231767 -1 0 0
584.3910969030969 598.502041958042 -1 0 0
678.6195564435565 443.6315044955043 -1 0 0
694.9462697302697 593.8372667332667 -1 0 0
700.0775224775225 571.4463456543456 -1 0 0
933.3162837162838 596.3445834165834 -1 0 0
655.2956803196804 619.6684595404596 -1 0 0
977.5825454545455 739.1010269730269 -1 0 0
1014.4097182817184 743.192935064935 -1 0 0
994.9731548451548 531.4366913086913 -1 0 0
1014.4097182817184 515.069058941059 -1 0 0
1015.4326953046952 428.11601198801196 -1 0 0
995.9961318681318 408.6794485514485 -1 0 0
990.8812467532466 384.12799999999993 -1 0 0
964.2838441558442 380.03609190809186 -1 0 0
955.077050949051 402.5415864135863 -1 0 0
956.100027972028 384.12799999999993 -1 0 0
945.8702577422576 382.0820459540459 -1 0 0
945.8702577422576 390.2658621378621 -1 0 0
984.7433846153847 369.80632167832164 -1 0 0
757.6424855144855 305.3587692307692 -1 0 0
752.5276003996004 306.3817462537462 -1 0 0
993.9501778221779 496.6554725274724 -1 0 0
72.24788011988014 451.64448351648343 -1 0 0
96.03209590409597 266.7431768231768 -1 0 0
86.69743056943064 265.975944055944 -1 0 0
82.34977822177827 254.97894105894102 -1 0 0
53.322805194805234 295.898021978022 -1 0 0
122.3737542457543 255.49042957042954 -1 0 0
42.83729070929075 297.3046153846154 -1 0 0
39.89623176823178 318.5953246753246 -1 0 0
13.554573426573436 321.66425574425574 -1 0 0
50.062065934065934 260.50941058941055 -1 0 0
23.20891908091908 257.05686313686306 -1 0 0
37.27485314685315 281.09682317682314 -1 0 0
