127.63349975757099 346.8912214490703 -1 0 0
182.47602573678765 341.9799504658569 -1 0 0
245.5040033546933 322.33486653300315 -1 0 0
685.8813015161642 362.4435795625795 -1 0 0
595.0227883267155 367.354850545793 -1 0 0
578.6518850493376 323.971956860741 -1 0 0
523.809359070121 322.33486653300315 -1 0 0
514.8053622675629 336.25013431877454 -1 0 0
483.70064604054465 314.967960058183 -1 0 0
498.43445899018485 274.85924702860666 -1 0 0
473.8781040741178 265.0367050621798 -1 0 0
447.68465883031286 270.7665212092621 -1 0 0
437.8621168638859 284.6817889950335 -1 0 0
6.4888155049730845 233.11344367129252 -1 0 0
14.674267143662112 276.4963373563445 -1 0 0
26.1338994378268 287.95596965050913 -1 0 0
11.400086488186494 255.21416309575298 -1 0 0
4.033180013366341 295.3228761253293 -1 0 0
51.50879951776284 323.971956860741 -1 0 0
22.041173618482265 331.3388633355611 -1 0 0
61.33134148418969 335.4315891549057 -1 0 0
77.70224476156778 316.60505038592083 -1 0 0
52.32734468163175 296.9599664530671 -1 0 0
100.62150934989712 306.782508419494 -1 0 0
110.44405131632398 270.7665212092621 -1 0 0
97.3473286944215 255.21416309575298 -1 0 0
62.96843181192752 243.7545308015883 -1 0 0
45.778983370680514 246.210166293195 -1 0 0
35.13789624038474 243.7545308015883 -1 0 0
29.408080093302416 233.11344367129252 -1 0 0
58.057160828714075 220.01672104939004 -1 0 0
80.1578802531745 229.8392630158169 -1 0 0
116.17386746340634 227.3836275242102 -1 0 0
168.5607579510162 205.28290809974973 -1 0 0
152.18985467363814 206.91999842748757 -1 0 0
150.55276434590033 230.65780817968582 -1 0 0
166.10512245940953 227.3836275242102 -1 0 0
159.5567611484583 236.38762432676813 -1 0 0
148.09712885429363 249.4843469486706 -1 0 0
166.10512245940953 274.0407018647378 -1 0 0
126.81495459370207 257.66979858735965 -1 0 0
133.36331590465332 240.48035014611267 -1 0 0
157.91967082072054 306.782508419494 -1 0 0
216.0363774554127 278.9519728479512 -1 0 0
205.39529032511692 282.2261535034268 -1 0 0
221.76619360249506 259.3068889150975 -1 0 0
234.86291622439754 255.21416309575298 -1 0 0
228.3145549134463 239.66180498224375 -1 0 0
213.580741963806 246.210166293195 -1 0 0
205.39529032511692 244.5730759654572 -1 0 0
195.57274835869012 238.02471465450597 -1 0 0
184.93166122839435 238.02471465450597 -1 0 0
205.39529032511692 221.65381137712785 -1 0 0
186.56875155613218 219.19817588552112 -1 0 0
181.65748057291867 215.9239952300455 -1 0 0
185.7502063922632 202.00872744427411 -1 0 0
203.7581999973792 201.19018228040522 -1 0 0
234.04437106052868 202.00872744427411 -1 0 0
225.04037425797065 224.10944686873458 -1 0 0
240.5927323714799 224.92799203260353 -1 0 0
253.68945499338238 224.92799203260353 -1 0 0
251.23381950177568 238.84325981837483 -1 0 0
256.1450904849891 263.399614734442 -1 0 0
246.3225485185622 259.3068889150975 -1 0 0
264.33054212367813 293.6857857975915 -1 0 0
279.0643550733184 305.1454180917562 -1 0 0
288.0683518758763 286.31887932277135 -1 0 0
270.06035827076045 265.0367050621798 -1 0 0
272.51599376236715 250.30289211253952 -1 0 0
297.8908938423032 260.94397924283527 -1 0 0
288.8868970397453 257.66979858735965 -1 0 0
292.16107769522085 242.11744047385045 -1 0 0
285.6127163842696 229.8392630158169 -1 0 0
270.06035827076045 233.11344367129252 -1 0 0
274.153084090105 211.0127242468321 -1 0 0
259.4192711404647 213.4683597384388 -1 0 0
265.9676324514159 196.2789112971918 -1 0 0
273.3345389262361 184.8192790030271 -1 0 0
299.52798417004107 219.19817588552112 -1 0 0
288.8868970397453 210.1941790829632 -1 0 0
319.99161326676364 212.6498145745699 -1 0 0
317.53597777515694 220.01672104939004 -1 0 0
326.5399745777149 222.47235654099674 -1 0 0
317.53597777515694 224.92799203260353 -1 0 0
310.16907130033684 255.21416309575298 -1 0 0
326.5399745777149 247.84725662093282 -1 0 0
327.76779232351817 202.21336373524136 -1 0 0
332.67906330673156 198.52991049783125 -1 0 0
345.77578592863404 199.34845566170017 -1 0 0
353.14269240345425 205.8968169726514 -1 0 0
344.13869560089626 215.31008635714383 -1 0 0
328.1770649054526 212.03590570166816 -1 0 0
338.40887945381394 241.50353160094878 -1 0 0
335.9532439622072 259.10225262413024 -1 0 0
323.6750665041736 274.245338155705 -1 0 0
230.7701904050529 210.8080879558648 -1 0 0
218.49201294701936 210.39881537393038 -1 0 0
243.0483678630865 210.39881537393038 -1 0 0
359.6910537144055 239.45716869127648 -1 0 0
356.41687305892975 258.69298004219576 -1 0 0
378.10831990145584 234.13662512612862 -1 0 0
387.1123167040137 238.6386235274076 -1 0 0
382.6103183027348 227.99753639711182 -1 0 0
357.2354182227987 218.99353959455388 -1 0 0
371.96923117243904 210.8080879558648 -1 0 0
378.92686506532465 209.17099762812703 -1 0 0
363.3745069518155 197.3020927520279 -1 0 0
361.32814404214326 187.07027820366656 -1 0 0
349.0499665841096 190.34445885914224 -1 0 0
339.2274246176828 184.61464271205986 -1 0 0
331.0419729789938 180.52191689271532 -1 0 0
297.4816212603687 185.8424604578632 -1 0 0
350.27778432991306 186.66100562173213 -1 0 0
401.846129653654 207.53390730038925 -1 0 0
389.15867961368593 203.4411814810447 -1 0 0
398.98122158011296 256.64661713252355 -1 0 0
413.71503452975315 205.8968169726514 -1 0 0
405.93885547299857 210.39881537393038 -1 0 0
401.43685707171966 200.16700082556903 -1 0 0
394.8884957607683 197.3020927520279 -1 0 0
416.17067002135985 190.75373144107667 -1 0 0
419.85412325877 200.57627340750352 -1 0 0
439.0899346096892 195.25572984235563 -1 0 0
433.7693910445413 193.6186395146178 -1 0 0
422.71903133231103 187.47955078560105 -1 0 0
430.9044829710001 184.20537013012543 -1 0 0
510.71263644821835 182.97755238432202 -1 0 0
533.6319010365477 212.03590570166816 -1 0 0
150.96203692783473 280.7936994666562 -1 0 0
136.22822397819442 228.4068089790463 -1 0 0
287.24980671200746 364.0806698903173 -1 0 0
340.4552423634863 328.0646826800855 -1 0 0
329.81415523319055 316.60505038592083 -1 0 0
379.7454102291938 326.4275923523477 -1 0 0
432.1323007168037 350.165402104546 -1 0 0
424.7653942419834 332.15740849943 -1 0 0
652.320949797539 301.05269227241166 -1 0 0
674.4216692219993 319.87923104139645 -1 0 0
629.4016852092095 328.0646826800855 -1 0 0
690.7925724993775 335.4315891549057 -1 0 0
698.9780241380666 305.1454180917562 -1 0 0
713.711837087707 313.3308697304453 -1 0 0
740.7238274953808 345.2541311213325 -1 0 0
748.9092791340698 319.87923104139645 -1 0 0
804.5703502771554 339.5243149742502 -1 0 0
788.1994469997773 341.9799504658569 -1 0 0
838.9492471596494 361.6250343987106 -1 0 0
816.8485277351889 350.165402104546 -1 0 0
907.7070409246372 359.1693989071039 -1 0 0
958.4568410845094 341.161405301988 -1 0 0
860.2314214202407 326.4275923523477 -1 0 0
834.8565213403048 296.9599664530671 -1 0 0
821.7597987184023 316.60505038592083 -1 0 0
804.5703502771554 272.40361153699996 -1 0 0
822.5783438822713 273.2221567008689 -1 0 0
855.3201504370273 282.2261535034268 -1 0 0
874.1466892060122 265.0367050621798 -1 0 0
843.0419729789938 260.94397924283527 -1 0 0
446.04756850257496 208.55708875522535 -1 0 0
374.8341392459802 202.82727260814303 -1 0 0
586.0187915241577 269.12943088152434 -1 0 0
615.4864174234383 257.66979858735965 -1 0 0
930.6263055129667 280.58906317568903 -1 0 0
937.9932119877868 268.3108857176554 -1 0 0
953.545570101296 274.85924702860666 -1 0 0
1005.113915425037 293.6857857975915 -1 0 0
1020.6662735385462 282.2261535034268 -1 0 0
1010.8437315721193 262.5810695705731 -1 0 0
1001.0211896056925 273.2221567008689 -1 0 0
1001.0211896056925 253.57707276801514 -1 0 0
973.1906540341497 255.21416309575298 -1 0 0
958.4568410845094 245.39162112932613 -1 0 0
939.6303023155245 251.12143727640844 -1 0 0
932.2633958407044 242.11744047385045 -1 0 0
906.8884957607685 259.3068889150975 -1 0 0
925.7150345297533 337.06867948264346 -1 0 0
971.5535637064119 295.3228761253293 -1 0 0
977.2833798534942 287.95596965050913 -1 0 0
987.92446698379 276.4963373563445 -1 0 0
737.4496468399051 253.57707276801514 -1 0 0
694.8852983187221 272.40361153699996 -1 0 0
651.5024046336702 282.2261535034268 -1 0 0
640.8613175033744 247.84725662093282 -1 0 0
653.9580401252769 249.4843469486706 -1 0 0
608.9380561124871 231.47635334355473 -1 0 0
634.3129561924231 231.47635334355473 -1 0 0
-86.00678801221318 348.52831177680815 -1 0 0
656.4136756168834 203.13422704459387 -1 0 0
636.5639553930625 192.49313991429813 -1 0 0
622.6486876072911 205.5898625362006 -1 0 0
632.8805021556524 206.20377140910227 -1 0 0
613.8493270957003 211.31967868328292 -1 0 0
599.934059309929 205.7944988271678 -1 0 0
597.273787527355 193.51632136913423 -1 0 0
588.2697907247971 198.6322286433149 -1 0 0
614.8725085505365 189.62823184075694 -1 0 0
617.5327803331104 189.62823184075694 -1 0 0
603.8221488383062 194.94877540590483 -1 0 0
649.0467691420632 192.08386733236367 -1 0 0
643.1123167040138 189.62823184075694 -1 0 0
637.9964094298331 184.7169608575435 -1 0 0
629.1970489182423 196.9951383155771 -1 0 0
622.2394150253566 197.60904718847877 -1 0 0
620.1930521156844 194.53950282397037 -1 0 0
649.4560417239977 231.3740351980711 -1 0 0
666.031581292343 231.9879440709728 -1 0 0
681.5839394058522 228.50912712452993 -1 0 0
672.375306312327 202.7249544626594 -1 0 0
666.031581292343 206.20377140910227 -1 0 0
664.5991272555724 199.86004638911825 -1 0 0
659.8924925633263 192.49313991429813 -1 0 0
653.1394949614079 195.35804798783929 -1 0 0
655.5951304530146 189.01432296785526 -1 0 0
671.5567611484581 186.967960058183 -1 0 0
672.7845788942615 194.74413911493758 -1 0 0
663.3713095097692 192.90241249623259 -1 0 0
706.1402943219194 233.42039810774338 -1 0 0
717.3952903251168 237.7177602180551 -1 0 0
689.3601184626068 236.08066989031727 -1 0 0
742.3609178231185 227.48594566969382 -1 0 0
736.0171928031344 230.5554900342022 -1 0 0
729.6734677831505 232.80648923484165 -1 0 0
760.7781840101688 235.67139730838284 -1 0 0
763.4384557927427 246.92639331158028 -1 0 0
753.820550117283 247.7449384754492 -1 0 0
743.7933718598891 250.40521025802315 -1 0 0
765.0755461204807 208.45477060974176 -1 0 0
749.113915425037 220.32367548584088 -1 0 0
748.295370261168 207.0223165729712 -1 0 0
757.2993670637259 204.77131737233168 -1 0 0
737.4496468399051 194.33486653300315 -1 0 0
736.8357379670033 188.6050503859208 -1 0 0
726.1946508367075 204.15740849943 -1 0 0
726.8085597096093 218.48194886713583 -1 0 0
711.0515653051328 198.4275923523477 -1 0 0
714.1211096696411 189.62823184075694 -1 0 0
709.2098386864277 189.62823184075694 -1 0 0
701.229023338706 192.08386733236367 -1 0 0
684.4488474793934 194.33486653300315 -1 0 0
678.3097587503767 194.13023024203594 -1 0 0
680.5607579510161 188.19577780398635 -1 0 0
693.248207990984 190.44677700462586 -1 0 0
694.885298318722 199.65541009815104 -1 0 0
689.7693910445413 204.15740849943 -1 0 0
695.0899346096892 210.50113351941403 -1 0 0
706.5495669038539 214.38922304779132 -1 0 0
709.8237475593295 219.91440290390642 -1 0 0
765.2801824114478 199.65541009815104 -1 0 0
757.2993670637259 199.86004638911825 -1 0 0
753.2066412443814 188.19577780398635 -1 0 0
743.7933718598891 188.4004140949536 -1 0 0
719.6462895257564 191.26532216849475 -1 0 0
679.53757649618 208.45477060974176 -1 0 0
684.2442111884262 203.54349962652833 -1 0 0
622.8533238982583 189.83286813172418 -1 0 0
614.463235968602 239.1502142548257 -1 0 0
627.7645948814717 255.6234356776874 -1 0 0
628.1738674634062 228.20217268807906 -1 0 0
821.3505261364677 210.1941790829632 -1 0 0
836.084339086108 210.1941790829632 -1 0 0
863.0963294937818 213.05908715650435 -1 0 0
885.6063215001768 206.10145326361865 -1 0 0
879.46723277116 246.210166293195 -1 0 0
862.277784329913 239.66180498224375 -1 0 0
858.1850585105684 246.210166293195 -1 0 0
844.269790724797 234.7505339990303 -1 0 0
834.0379761764357 243.34525821965386 -1 0 0
799.2498067120073 247.0287114570639 -1 0 0
808.2538035145652 256.4419808415563 -1 0 0
813.1650744977786 229.8392630158169 -1 0 0
827.0803422835501 232.70417108935808 -1 0 0
800.0683518758761 220.42599363132447 -1 0 0
789.017992163646 226.15580977840685 -1 0 0
780.8325405249569 229.8392630158169 -1 0 0
744.4072807327907 200.78090969847077 -1 0 0
752.1834597895453 202.00872744427411 -1 0 0
756.6854581908242 194.23254838751953 -1 0 0
748.5000065521351 195.46036613332288 -1 0 0
726.8085597096092 198.73454678879853 -1 0 0
725.5807419638058 191.36764031397834 -1 0 0
789.4272647455804 197.09745646106072 -1 0 0
781.2418131068913 190.54909515010945 -1 0 0
775.1027243778746 192.1861854778473 -1 0 0
771.00999855853 192.59545805978172 -1 0 0
766.0987275753166 190.139822568175 -1 0 0
802.5239873674828 193.00473064171618 -1 0 0
809.4816212603686 198.32527420686407 -1 0 0
824.2154342100089 199.14381937073296 -1 0 0
795.9756260565317 208.96636133715984 -1 0 0
784.1067211804325 217.15181297584888 -1 0 0
844.6790633067315 218.7889033035867 -1 0 0
856.1386956008962 213.4683597384388 -1 0 0
874.5559617879466 235.56907916289924 -1 0 0
791.0643550733182 278.9519728479512 -1 0 0
692.8389354090496 250.71216469447396 -1 0 0
701.0243870477386 256.85125342349073 -1 0 0
691.6111176632463 230.24853559775136 -1 0 0
707.1634757767555 204.8736355178153 -1 0 0
753.4112775353486 230.24853559775136 -1 0 0
773.4656340501367 197.91600162492958 -1 0 0
754.639095281152 215.1054500661766 -1 0 0
730.9012855289537 212.24054199263546 -1 0 0
338.81815203574837 248.25652920286726 -1 0 0
284.7373391635686 189.52570926341406 -1 0 0
905.1729035991331 232.4907442284492 -1 0 0
916.4256508518804 232.4907442284492 -1 0 0
