111.4104278074866 781.8676470588236 -1 0 0
99.27406417112297 751.8836898395723 -1 0 0
214.2125668449197 777.5842245989306 -1 0 0
162.0975935828876 751.8836898395723 -1 0 0
269.18315508021385 779.7259358288771 -1 0 0
318.4425133689839 751.1697860962568 -1 0 0
353.4237967914438 756.8810160427809 -1 0 0
369.1296791443849 714.0467914438503 -1 0 0
295.5975935828876 706.1938502673797 -1 0 0
277.7499999999999 657.6483957219252 -1 0 0
315.58689839572185 640.514705882353 -1 0 0
355.5655080213903 651.2232620320857 -1 0 0
385.54946524064167 626.2366310160428 -1 0 0
469.0762032085561 738.3195187165777 -1 0 0
436.2366310160427 686.918449197861 -1 0 0
549.033422459893 740.4612299465242 -1 0 0
514.7660427807486 700.4826203208557 -1 0 0
484.7820855614972 651.2232620320857 -1 0 0
134.25534759358288 661.9318181818182 -1 0 0
54.29812834224595 599.8221925133691 -1 0 0
108.55481283422455 593.3970588235295 -1 0 0
149.24732620320856 619.0975935828878 -1 0 0
184.22860962566835 622.6671122994653 -1 0 0
234.20187165775394 556.9879679144385 -1 0 0
272.0387700534759 569.1243315508023 -1 0 0
187.0842245989304 549.135026737968 -1 0 0
152.81684491978604 566.2687165775402 -1 0 0
167.8088235294117 527.7179144385027 -1 0 0
208.50133689839572 512.0120320855615 -1 0 0
184.94251336898387 488.4532085561499 -1 0 0
144.25 504.159090909091 -1 0 0
90.70721925133682 534.1430481283423 -1 0 0
108.55481283422455 452.7580213903744 -1 0 0
137.11096256684493 457.04144385026746 -1 0 0
89.9933155080214 426.3435828877006 -1 0 0
45.73128342245991 460.61096256684493 -1 0 0
359.8489304812834 541.9959893048128 -1 0 0
351.2820855614973 461.32486631016053 -1 0 0
252.7633689839572 421.34625668449206 -1 0 0
233.48796791443837 734.7500000000001 -1 0 0
460.50935828876993 784.0093582887702 -1 0 0
451.94251336898395 717.6163101604279 -1 0 0
658.9745989304811 679.0655080213904 -1 0 0
626.8489304812833 708.3355614973264 -1 0 0
674.6804812834223 652.6510695187167 -1 0 0
613.998663101604 627.6644385026739 -1 0 0
629.7045454545453 617.6697860962568 -1 0 0
551.1751336898394 574.1216577540108 -1 0 0
499.06016042780743 619.8114973262034 -1 0 0
448.3729946524063 598.3943850267381 -1 0 0
473.3596256684491 548.4211229946525 -1 0 0
521.1911764705881 549.135026737968 -1 0 0
446.2312834224598 509.87032085561503 -1 0 0
460.50935828876993 481.3141711229947 -1 0 0
421.244652406417 469.8917112299467 -1 0 0
384.83556149732607 461.32486631016053 -1 0 0
337.7179144385026 416.3489304812835 -1 0 0
343.4291443850267 446.33288770053485 -1 0 0
388.4050802139036 427.0574866310161 -1 0 0
445.51737967914426 442.7633689839573 -1 0 0
496.9184491978608 462.038770053476 -1 0 0
496.9184491978608 440.62165775401076 -1 0 0
541.1804812834223 472.74732620320856 -1 0 0
552.6029411764705 508.44251336898407 -1 0 0
550.4612299465239 422.7740641711231 -1 0 0
589.7259358288768 413.4933155080214 -1 0 0
597.5788770053475 461.32486631016053 -1 0 0
611.1430481283421 429.9131016042782 -1 0 0
623.2794117647059 391.3622994652407 -1 0 0
633.2740641711227 363.5200534759359 -1 0 0
573.3061497326203 379.2259358288771 -1 0 0
571.1644385026736 346.38636363636374 -1 0 0
663.2580213903741 477.03074866310175 -1 0 0
643.2687165775399 339.9612299465241 -1 0 0
638.2713903743313 326.3970588235295 -1 0 0
628.2767379679142 304.97994652406425 -1 0 0
629.7045454545453 286.41844919786104 -1 0 0
545.4639037433153 300.6965240641712 -1 0 0
513.3382352941176 310.6911764705883 -1 0 0
485.4959893048127 359.23663101604285 -1 0 0
466.93449197860957 362.09224598930484 -1 0 0
508.340909090909 371.3729946524065 -1 0 0
444.80347593582877 368.5173796791445 -1 0 0
420.53074866310146 382.7954545454546 -1 0 0
477.6430481283422 309.97727272727275 -1 0 0
468.36229946524054 273.56818181818187 -1 0 0
484.0681818181817 247.1537433155081 -1 0 0
464.79278074866295 243.58422459893052 -1 0 0
488.3516042780747 224.30882352941182 -1 0 0
506.91310160427787 271.42647058823536 -1 0 0
588.298128342246 274.99598930481284 -1 0 0
549.7473262032083 256.4344919786097 -1 0 0
666.1136363636363 235.01737967914448 -1 0 0
613.2847593582887 244.29812834224603 -1 0 0
679.6778074866309 197.89438502673806 -1 0 0
138.5387700534759 395.6457219251338 -1 0 0
172.09224598930473 404.2125668449199 -1 0 0
216.35427807486622 401.35695187165777 -1 0 0
252.7633689839572 390.6483957219252 -1 0 0
239.1991978609625 361.37834224598936 -1 0 0
310.5895721925133 388.50668449197866 -1 0 0
317.0147058823528 368.5173796791445 -1 0 0
346.28475935828874 390.6483957219252 -1 0 0
379.124331550802 330.6804812834225 -1 0 0
404.82486631016036 313.54679144385034 -1 0 0
343.4291443850267 310.6911764705883 -1 0 0
376.9826203208555 271.42647058823536 -1 0 0
366.27406417112286 252.8649732620322 -1 0 0
426.24197860962556 285.7045454545455 -1 0 0
419.1029411764705 215.74197860962568 -1 0 0
389.1189839572191 233.58957219251337 -1 0 0
359.1350267379678 228.59224598930484 -1 0 0
391.97459893048125 172.19385026737973 -1 0 0
380.55213903743316 169.33823529411768 -1 0 0
420.53074866310146 170.76604278074876 -1 0 0
422.6724598930481 160.0574866310161 -1 0 0
449.0868983957218 192.18315508021396 -1 0 0
454.0842245989304 224.30882352941182 -1 0 0
473.3596256684491 192.18315508021396 -1 0 0
492.6350267379678 162.91310160427815 -1 0 0
524.7606951871658 185.75802139037432 -1 0 0
551.1751336898394 181.4745989304813 -1 0 0
592.581550802139 172.90775401069527 -1 0 0
606.8596256684491 181.4745989304813 -1 0 0
609.0013368983955 162.1991978609626 -1 0 0
641.1270053475935 186.47192513368987 -1 0 0
646.124331550802 170.05213903743322 -1 0 0
461.2232620320855 414.9211229946525 -1 0 0
105.6991978609625 726.8970588235295 -1 0 0
221.35160427807477 201.4639037433155 -1 0 0
177.80347593582883 215.74197860962568 -1 0 0
124.97459893048119 217.16978609625673 -1 0 0
130.6858288770053 217.16978609625673 -1 0 0
127.83021390374323 350.66978609625676 -1 0 0
140.6804812834224 335.6778074866311 -1 0 0
159.9558823529411 317.83021390374336 -1 0 0
199.93449197860957 299.2687165775402 -1 0 0
250.62165775401058 284.2767379679145 -1 0 0
272.0387700534759 278.56550802139043 -1 0 0
262.7580213903742 269.28475935828885 -1 0 0
191.36764705882342 256.4344919786097 -1 0 0
205.64572192513364 262.8596256684492 -1 0 0
324.8676470588234 294.27139037433165 -1 0 0
307.73395721925124 327.110962566845 -1 0 0
342.71524064171115 265.0013368983957 -1 0 0
246.33823529411757 210.74465240641715 -1 0 0
282.033422459893 199.32219251336903 -1 0 0
264.1858288770053 169.33823529411768 -1 0 0
256.3328877005347 130.7874331550803 -1 0 0
251.33556149732613 160.0574866310161 -1 0 0
289.1724598930481 124.36229946524067 -1 0 0
328.437165775401 177.1911764705883 -1 0 0
308.4478609625668 183.61631016042782 -1 0 0
257.76069518716577 236.44518716577545 -1 0 0
302.02272727272725 227.16443850267387 -1 0 0
12.891711229946509 235.01737967914448 -1 0 0
34.30882352941171 224.30882352941182 -1 0 0
76.42914438502669 201.4639037433155 -1 0 0
80.7125668449197 227.8783422459894 -1 0 0
31.45320855614966 180.04679144385034 -1 0 0
50.01470588235293 162.91310160427815 -1 0 0
77.14304812834223 157.20187165775405 -1 0 0
70.7179144385027 138.6403743315509 -1 0 0
13.60561497326205 185.75802139037432 -1 0 0
27.883689839572188 137.92647058823536 -1 0 0
12.891711229946509 124.36229946524067 -1 0 0
52.15641711229944 125.79010695187173 -1 0 0
71.43181818181813 217.8836898395723 -1 0 0
289.1116310160428 165.2332887700535 -1 0 0
293.39505347593587 155.9525401069519 -1 0 0
325.5207219251337 100.625 -1 0 0
330.875 89.55949197860963 -1 0 0
341.9405080213903 79.92179144385028 -1 0 0
367.28409090909093 93.12901069518716 -1 0 0
370.1397058823529 75.63836898395726 -1 0 0
343.72526737967917 109.19184491978609 -1 0 0
321.23729946524065 113.47526737967917 -1 0 0
266.26671122994657 72.06885026737967 -1 0 0
236.63970588235298 93.48596256684493 -1 0 0
237.35360962566847 84.91911764705884 -1 0 0
389.4151069518717 115.61697860962569 -1 0 0
377.99264705882354 133.82152406417117 -1 0 0
445.8135026737968 100.98195187165776 -1 0 0
457.2359625668449 105.97927807486633 -1 0 0
442.95788770053474 84.91911764705884 -1 0 0
430.8215240641711 81.70655080213908 -1 0 0
435.10494652406413 140.96056149732624 -1 0 0
396.55414438502675 145.95788770053477 -1 0 0
314.81216577540107 278.74398395721926 -1 0 0
221.6477272727273 280.1717914438503 -1 0 0
280.90173796791447 108.83489304812836 -1 0 0
52.65946302543219 113.37832572907602 -1 0 0
39.76302018561128 104.6184777624052 -1 0 0
40.73633662635248 91.96536403276957 -1 0 0
28.813210227272776 92.20869314295487 -1 0 0
21.999995142084344 76.87895920128096 -1 0 0
38.78970374487008 77.85227564202216 -1 0 0
49.00952637265269 78.33893386239276 -1 0 0
53.38945035598809 87.82876915961947 -1 0 0
77.47903226433283 84.42216161702527 -1 0 0
70.90914628932973 82.47552873554287 -1 0 0
73.09910828099743 67.14579479386896 -1 0 0
87.21219667174483 71.52571877720436 -1 0 0
104.4885634949012 69.57908589572196 -1 0 0
137.58132248010202 68.11911123461016 -1 0 0
163.1308790495586 62.52254170034823 -1 0 0
122.25158853842811 110.70170551703771 -1 0 0
138.31130981065792 219.22648865968165 -1 0 0
15.430109167081241 97.80526267721677 -1 0 0
2.7769954374456347 64.95583280220123 -1 0 0
65.06924764488252 65.68582013275716 -1 0 0
43.656285948576084 53.27603551330682 -1 0 0
33.43646332079348 54.979339284603924 -1 0 0
70.17915895877383 154.50094535039173 -1 0 0
88.67217133285664 120.43486992444971 -1 0 0
133.20139849676661 81.25888318461637 -1 0 0
146.82782866714342 67.38912390405426 -1 0 0
23.946628023566774 100.96854110962568 -1 0 0
146.67153300273588 98.07497318430546 -1 0 0
474.5769230769232 104.33333333333337 -1 0 0
501.20085470085485 83.79487179487182 -1 0 0
597.8076923076924 83.03418803418799 -1 0 0
571.9444444444446 90.64102564102564 -1 0 0
560.5341880341881 59.452991452991455 -1 0 0
536.9529914529916 65.53846153846155 -1 0 0
534.6709401709403 54.88888888888892 -1 0 0
593.2435897435898 57.93162393162391 -1 0 0
650.2948717948718 56.410256410256466 -1 0 0
446.431623931624 54.12820512820509 -1 0 0
444.91025641025647 76.9487179487179 -1 0 0
505.00427350427356 66.29914529914527 -1 0 0
479.1410256410258 64.77777777777783 -1 0 0
89.77989487516437 59.96977660972425 -1 0 0
79.25427069645207 57.86465177398179 -1 0 0
66.62352168199743 54.706964520368054 -1 0 0
56.097897503285196 41.02365308804224 -1 0 0
69.78120893561106 31.55059132720123 -1 0 0
89.77989487516437 26.287779237845143 -1 0 0
85.56964520367944 18.919842312746596 -1 0 0
101.35808147174771 17.86727989487531 -1 0 0
75.04402102496715 14.709592641261679 -1 0 0
55.04533508541397 17.86727989487531 -1 0 0
41.3620236530881 26.287779237845143 -1 0 0
27.678712220762236 32.603153745072404 -1 0 0
11.890275952693912 32.603153745072404 -1 0 0
15.047963206307541 44.18134034165587 -1 0 0
7.680026281208995 48.391590013140785 -1 0 0
127.67214191852827 5.236530880420673 -1 0 0
105.56833114323263 23.1300919842314 -1 0 0
101.35808147174771 50.496714848883244 -1 0 0
113.98883048620245 50.496714848883244 -1 0 0
138.19776609724056 48.391590013140785 -1 0 0
159.24901445466492 48.391590013140785 -1 0 0
225.56044678055196 31.55059132720123 -1 0 0
193.9835742444153 25.235216819973857 -1 0 0
181.3528252299606 6.289093298291846 -1 0 0
288.71419185282525 31.55059132720123 -1 0 0
330.8166885676741 29.445466491458774 -1 0 0
337.13206307490145 21.02496714848894 -1 0 0
348.7102496714849 30.49802890933006 -1 0 0
347.65768725361363 24.182654402102685 -1 0 0
373.97174770039413 13.657030223390393 -1 0 0
398.1806833114323 17.86727989487531 -1 0 0
393.9704336399474 30.49802890933006 -1 0 0
386.6024967148488 44.18134034165587 -1 0 0
399.2332457293036 51.549277266754416 -1 0 0
386.6024967148488 66.28515111695151 -1 0 0
408.7063074901446 37.86596583442861 -1 0 0
419.23193166885676 35.76084099868615 -1 0 0
415.0216819973719 14.709592641261679 -1 0 0
425.547306176084 11.551905387648048 -1 0 0
433.9678055190539 6.289093298291846 -1 0 0
448.70367936925095 7.341655716163132 -1 0 0
449.7562417871221 18.919842312746596 -1 0 0
430.8101182654402 36.81340341655732 -1 0 0
462.3869908015768 26.287779237845143 -1 0 0
500.2792378449408 31.55059132720123 -1 0 0
505.542049934297 28.392904073587598 -1 0 0
487.64848883048614 28.392904073587598 -1 0 0
518.1727989487516 34.70827858081486 -1 0 0
541.3291721419184 28.392904073587598 -1 0 0
536.0663600525623 35.76084099868615 -1 0 0
544.4868593955322 47.3390275952695 -1 0 0
561.3278580814717 23.1300919842314 -1 0 0
551.8547963206307 14.709592641261679 -1 0 0
565.5381077529565 5.236530880420673 -1 0 0
573.9586070959264 16.814717477004137 -1 0 0
590.7996057818658 13.657030223390393 -1 0 0
590.7996057818658 33.65571616294369 -1 0 0
570.8009198423127 44.18134034165587 -1 0 0
610.7982917214191 44.18134034165587 -1 0 0
616.0611038107753 22.077529566360226 -1 0 0
646.5854139290406 17.86727989487531 -1 0 0
661.3212877792379 10.499342969776762 -1 0 0
666.5840998685939 27.34034165571632 -1 0 0
590.7996057818658 251.5361366622867 -1 0 0
