95.7641908653144 635.400554501678 -1 0 0
92.02393112505467 574.3096454107689 -1 0 0
22.20574930687283 556.8550999562234 -1 0 0
15.9719830731066 508.23172333284674 -1 0 0
39.66029476141827 484.5434116445351 -1 0 0
63.348606449729935 514.465489566613 -1 0 0
49.634320735444234 495.76419086531433 -1 0 0
104.49146359258712 541.8940609951845 -1 0 0
135.6602947614183 525.6862687873922 -1 0 0
170.5693856705092 558.1018532029767 -1 0 0
160.59535969648326 591.7641908653143 -1 0 0
184.28367138479493 637.8940609951845 -1 0 0
221.68626878739238 609.2187363198598 -1 0 0
249.1148402159638 585.530424631548 -1 0 0
221.68626878739238 568.0758791770025 -1 0 0
210.4654895666131 551.8680869692105 -1 0 0
291.5044506055742 690.2576973588207 -1 0 0
284.0239311250547 649.1148402159637 -1 0 0
305.21873631985994 620.439515540639 -1 0 0
292.7512038523275 594.2576973588207 -1 0 0
259.08886618998974 609.2187363198598 -1 0 0
333.8940609951846 605.4784765796 -1 0 0
360.07587917700283 609.2187363198598 -1 0 0
361.322632423756 632.9070480081715 -1 0 0
403.7122428133665 646.6213337224572 -1 0 0
397.47847657960017 611.7122428133663 -1 0 0
345.11484021596385 664.0758791770025 -1 0 0
407.4525025536261 666.5693856705092 -1 0 0
442.361593462717 702.7252298263533 -1 0 0
366.30964541076895 741.374580475704 -1 0 0
499.7122428133665 716.439515540639 -1 0 0
479.76419086531456 689.0109441120676 -1 0 0
527.1408142419378 692.7512038523273 -1 0 0
575.7641908653145 751.3486064497299 -1 0 0
609.4265285276523 664.0758791770025 -1 0 0
599.4525025536261 644.1278272289508 -1 0 0
581.9979570990807 622.9330220341456 -1 0 0
581.9979570990807 594.2576973588207 -1 0 0
547.0888661899899 615.452502553626 -1 0 0
517.1667882679119 615.452502553626 -1 0 0
483.5044506055742 589.2706843718078 -1 0 0
471.03691813804176 579.2966583977818 -1 0 0
441.11484021596385 559.3486064497298 -1 0 0
418.67328177440544 548.1278272289508 -1 0 0
397.47847657960017 579.2966583977818 -1 0 0
382.51743761856125 550.6213337224572 -1 0 0
392.4914635925872 523.1927622938857 -1 0 0
413.68626878739246 523.1927622938857 -1 0 0
6.62133372245736 433.5823726834965 -1 0 0
5.686268787392426 422.04990515102895 -1 0 0
21.270684371807995 436.07587917700295 -1 0 0
38.725229826353456 446.6732817744055 -1 0 0
22.829125930249575 451.0369181380419 -1 0 0
39.9719830731067 415.5044506055744 -1 0 0
30.621333722457358 407.4005545016783 -1 0 0
21.89406099518462 401.47847657960034 -1 0 0
29.997957099080736 393.3745804757043 -1 0 0
17.218736319859946 390.25769735882113 -1 0 0
13.1667882679119 376.5434116445354 -1 0 0
15.34860644973008 367.5044506055744 -1 0 0
30.933022034145672 358.46548956661337 -1 0 0
40.907048008171635 359.4005545016783 -1 0 0
44.02393112505476 350.67328177440555 -1 0 0
41.21873631985994 341.3226324237562 -1 0 0
29.374580475704114 330.4135415146653 -1 0 0
16.283671384795014 331.34860644973026 -1 0 0
11.296658397782032 324.49146359258737 -1 0 0
74.8810739821976 333.2187363198601 -1 0 0
79.55639865752227 327.9200350211588 -1 0 0
54.30964541076905 318.56938567050946 -1 0 0
49.32263242375605 318.25769735882113 -1 0 0
34.04990515102878 352.85509995622374 -1 0 0
59.920035021158654 374.9849700860939 -1 0 0
41.53042463154826 378.4135415146653 -1 0 0
39.34860644973008 372.17977528089904 -1 0 0
29.062892164015803 367.19276229388606 -1 0 0
41.21873631985994 365.94600904713286 -1 0 0
45.89406099518462 363.45250255362635 -1 0 0
46.51743761856124 373.7382168393406 -1 0 0
43.088866189989815 403.0369181380419 -1 0 0
59.60834670947034 427.34860644973026 -1 0 0
75.1927622938859 413.3226324237562 -1 0 0
69.27068437180799 409.5823726834965 -1 0 0
59.920035021158654 395.86808696921076 -1 0 0
69.8940609951846 387.14081424193796 -1 0 0
62.725229826353456 386.82912593024975 -1 0 0
72.69925580037943 379.34860644973026 -1 0 0
85.16678826791188 387.14081424193796 -1 0 0
80.17977528089888 392.75120385232765 -1 0 0
84.23172333284697 427.97198307310686 -1 0 0
73.63432073544435 422.6732817744055 -1 0 0
96.0758791770028 435.14081424193796 -1 0 0
85.16678826791188 439.5044506055744 -1 0 0
70.82912593024955 449.47847657960034 -1 0 0
157.16678826791187 371.55639865752244 -1 0 0
149.99795709908068 385.8940609951848 -1 0 0
137.53042463154824 392.4395155406394 -1 0 0
115.71224281336643 400.2317233328471 -1 0 0
110.41354151466513 391.8161389172627 -1 0 0
98.25769735882096 363.140814241938 -1 0 0
121.32263242375605 431.4005545016783 -1 0 0
127.55639865752227 436.69925580037955 -1 0 0
131.6083467094703 429.5304246315484 -1 0 0
136.9070480081716 437.9460090471328 -1 0 0
72.3875674886911 362.82912593024975 -1 0 0
98.56938567050929 404.5953596964835 -1 0 0
122.56938567050929 398.9849700860938 -1 0 0
109.7901648912885 404.5953596964835 -1 0 0
112.28367138479499 416.12782722895105 -1 0 0
107.92003502115863 442.6213337224575 -1 0 0
213.89406099518456 412.07587917700295 -1 0 0
213.89406099518456 402.4135415146653 -1 0 0
194.25769735882096 405.21873631986006 -1 0 0
181.47847657960017 407.7122428133666 -1 0 0
175.24471034583394 393.99795709908085 -1 0 0
157.47847657960017 394.62133372245745 -1 0 0
150.309645410769 396.8031519042757 -1 0 0
168.38756748869108 381.5304246315484 -1 0 0
186.46548956661317 374.04990515102895 -1 0 0
182.7252298263534 388.07587917700295 -1 0 0
203.29665839778204 388.07587917700295 -1 0 0
101.06289216401578 412.07587917700295 -1 0 0
113.21873631985994 425.166788267912 -1 0 0
86.10185320297683 454.4654895666133 -1 0 0
81.73821683934047 461.9460090471328 -1 0 0
99.81613891726253 469.114840215964 -1 0 0
63.66029476141839 469.114840215964 -1 0 0
117.27068437180797 461.9460090471328 -1 0 0
137.53042463154824 454.77717787830164 -1 0 0
147.5044506055742 448.2317233328471 -1 0 0
149.37458047570405 435.7641908653146 -1 0 0
169.0109441120677 442.6213337224575 -1 0 0
166.20574930687292 449.47847657960034 -1 0 0
151.55639865752227 461.0109441120679 -1 0 0
163.4005545016781 464.75120385232765 -1 0 0
179.6083467094703 473.47847657960034 -1 0 0
186.15380125492484 464.75120385232765 -1 0 0
207.66029476141836 460.3875674886913 -1 0 0
217.32263242375598 459.7641908653146 -1 0 0
232.59535969648326 448.2317233328471 -1 0 0
237.270684371808 469.7382168393406 -1 0 0
242.88107398219756 440.12782722895093 -1 0 0
235.40055450167807 424.2317233328471 -1 0 0
224.80315190427544 408.0239311250549 -1 0 0
217.32263242375598 400.2317233328471 -1 0 0
216.6992558003794 388.07587917700295 -1 0 0
223.5563986575222 383.08886618999 -1 0 0
232.59535969648326 388.07587917700295 -1 0 0
246.30964541076895 388.38756748869133 -1 0 0
250.0499051510287 379.34860644973026 -1 0 0
235.40055450167807 397.114840215964 -1 0 0
243.81613891726246 411.7641908653146 -1 0 0
247.5563986575222 405.5304246315484 -1 0 0
110.41354151466513 494.04990515102895 -1 0 0
118.20574930687293 473.47847657960034 -1 0 0
130.67328177440538 476.5953596964835 -1 0 0
130.04990515102875 498.4135415146653 -1 0 0
157.37458047570414 526.7771778783016 -1 0 0
146.4654895666132 503.0888661899899 -1 0 0
172.64730774843142 497.4784765796003 -1 0 0
249.01094411206782 525.8421129432367 -1 0 0
241.5304246315483 542.3615934627172 -1 0 0
258.04990515102884 550.4654895666132 -1 0 0
209.11484021596385 508.38756748869116 -1 0 0
193.21873631985997 507.14081424193796 -1 0 0
187.29665839778204 526.4654895666132 -1 0 0
224.38756748869113 522.4135415146652 -1 0 0
212.23172333284697 516.179775280899 -1 0 0
261.16678826791195 482.5174376185613 -1 0 0
291.7122428133665 502.7771778783016 -1 0 0
300.7512038523275 495.6083467094704 -1 0 0
298.8810739821976 477.8421129432366 -1 0 0
312.28367138479507 488.75120385232754 -1 0 0
316.0239311250548 504.9589960601197 -1 0 0
277.99795709908074 559.192762293886 -1 0 0
294.5174376185613 566.6732817744055 -1 0 0
309.4784765796003 573.8421129432367 -1 0 0
205.99795709908076 586.9330220341457 -1 0 0
140.23172333284697 548.9070480081716 -1 0 0
178.56938567050932 547.6602947614185 -1 0 0
172.9589960601197 511.5044506055743 -1 0 0
263.0369181380418 464.4395155406392 -1 0 0
275.8161389172626 465.37458047570414 -1 0 0
296.07587917700283 452.5953596964834 -1 0 0
284.5434116445353 445.11484021596397 -1 0 0
258.3615934627171 433.27068437180804 -1 0 0
282.3615934627171 430.46548956661326 -1 0 0
312.28367138479507 451.3486064497301 -1 0 0
312.90704800817167 439.81613891726255 -1 0 0
308.23172333284697 466.62133372245745 -1 0 0
291.4005545016782 580.3875674886912 -1 0 0
327.55639865752227 506.5174376185611 -1 0 0
335.9719830731067 498.4135415146649 -1 0 0
331.9200350211587 477.2187363198598 -1 0 0
332.8550999562236 468.80315190427535 -1 0 0
423.24471034583394 517.1148402159636 -1 0 0
430.10185320297694 509.94600904713246 -1 0 0
405.7901648912885 489.37458047570385 -1 0 0
395.81613891726255 500.5953596964831 -1 0 0
383.6602947614184 494.6732817744052 -1 0 0
383.6602947614184 514.9330220341454 -1 0 0
357.4784765796003 478.15380125492464 -1 0 0
356.231723332847 467.24471034583377 -1 0 0
369.0109441120677 470.3615934627169 -1 0 0
378.98497008609377 470.9849700860934 -1 0 0
383.97198307310674 461.63432073544413 -1 0 0
392.6992558003794 458.51743761856096 -1 0 0
383.97198307310674 450.1018532029766 -1 0 0
367.7641908653145 450.72522982635326 -1 0 0
343.45250255362623 454.15380125492464 -1 0 0
332.8550999562236 456.64730774843116 -1 0 0
330.67328177440544 442.6213337224571 -1 0 0
328.1797752808989 432.33561943674283 -1 0 0
347.5044506055742 437.9460090471324 -1 0 0
363.4005545016782 437.63432073544413 -1 0 0
369.32263242375603 439.8161389172623 -1 0 0
359.6602947614184 424.543411644535 -1 0 0
368.07587917700283 418.9330220341454 -1 0 0
390.2057493068729 423.6083467094701 -1 0 0
397.68626878739235 428.28367138479473 -1 0 0
392.6992558003794 433.5823726834961 -1 0 0
398.30964541076906 445.7382168393403 -1 0 0
404.8550999562236 464.439515540639 -1 0 0
399.5563986575224 474.72522982635326 -1 0 0
302.9330220341456 429.2187363198598 -1 0 0
306.3615934627171 422.6732817744052 -1 0 0
320.38756748869116 419.2447103458337 -1 0 0
310.1018532029768 416.7512038523273 -1 0 0
332.8550999562236 426.72522982635326 -1 0 0
346.5693856705093 423.29665839778175 -1 0 0
398.30964541076906 417.37458047570385 -1 0 0
405.166788267912 417.99795709908045 -1 0 0
414.8291259302496 427.6602947614182 -1 0 0
411.0888661899899 419.55639865752204 -1 0 0
425.4265285276522 422.3615934627169 -1 0 0
431.0369181380418 422.3615934627169 -1 0 0
437.5823726834964 424.85509995622334 -1 0 0
456.283671384795 429.2187363198598 -1 0 0
434.153801254925 435.76419086531433 -1 0 0
438.5174376185613 432.33561943674283 -1 0 0
448.49146359258725 452.90704800817144 -1 0 0
454.10185320297694 446.6732817744052 -1 0 0
433.21873631985994 451.03691813804153 -1 0 0
421.06289216401586 448.543411644535 -1 0 0
422.9330220341457 458.51743761856096 -1 0 0
422.9330220341457 474.72522982635326 -1 0 0
436.33561943674306 472.543411644535 -1 0 0
461.270684371808 462.8810739821974 -1 0 0
474.6732817744055 472.85509995622334 -1 0 0
471.5563986575224 503.4005545016779 -1 0 0
474.6732817744055 518.0499051510286 -1 0 0
452.85509995622357 534.5693856705092 -1 0 0
460.33561943674306 557.6343207354441 -1 0 0
462.5174376185613 536.1278272289507 -1 0 0
460.02393112505484 501.2187363198598 -1 0 0
462.8291259302496 418.9330220341454 -1 0 0
469.9979570990808 415.8161389172623 -1 0 0
472.8031519042755 425.47847657959994 -1 0 0
80.17977528089895 374.5174376185611 -1 0 0
70.82912593024962 373.2706843718078 -1 0 0
171.81613891726263 360.17977528089875 -1 0 0
215.45250255362626 365.7901648912883 -1 0 0
230.41354151466527 358.85509995622334 -1 0 0
266.10185320297694 381.9200350211584 -1 0 0
274.5174376185614 380.3615934627169 -1 0 0
263.7641908653146 393.1408142419377 -1 0 0
255.34860644973017 391.5823726834961 -1 0 0
276.07587917700295 350.439515540639 -1 0 0
278.5693856705094 327.8421129432363 -1 0 0
269.5304246315484 303.99795709908045 -1 0 0
278.7252298263536 305.0888661899896 -1 0 0
279.03691813804187 311.4784765796 -1 0 0
221.99795709908082 396.0239311250545 -1 0 0
279.6602947614185 400.07587917700255 -1 0 0
288.3875674886912 396.0239311250545 -1 0 0
313.9460090471328 402.8810739821974 -1 0 0
298.6732817744055 400.6992558003792 -1 0 0
291.50445060557433 409.1148402159636 -1 0 0
279.3486064497302 409.42652852765195 -1 0 0
257.5304246315483 410.98497008609354 -1 0 0
266.5693856705094 405.99795709908045 -1 0 0
293.6862687873925 385.1148402159636 -1 0 0
297.11484021596397 390.1018532029766 -1 0 0
307.0888661899899 388.2317233328468 -1 0 0
310.8291259302497 381.68626878739224 -1 0 0
323.6083467094704 384.8031519042753 -1 0 0
335.7641908653146 381.0628921640155 -1 0 0
333.89406099518476 391.6602947614182 -1 0 0
348.5434116445354 391.34860644972986 -1 0 0
338.2576973588211 404.439515540639 -1 0 0
333.89406099518476 400.07587917700255 -1 0 0
321.73821683934057 393.530424631548 -1 0 0
317.3745804757042 381.99795709908045 -1 0 0
322.6732817744055 372.64730774843116 -1 0 0
313.0109441120679 374.20574930687275 -1 0 0
299.92003502115875 371.71224281336623 -1 0 0
304.5953596964834 366.7252298263532 -1 0 0
298.9849700860938 364.543411644535 -1 0 0
293.3745804757042 369.530424631548 -1 0 0
284.6473077484315 365.4784765796 -1 0 0
296.80315190427564 358.6213337224571 -1 0 0
311.7641908653146 352.3875674886909 -1 0 0
324.8550999562237 352.6992558003792 -1 0 0
317.99795709908085 358.6213337224571 -1 0 0
312.3875674886912 358.93302203414544 -1 0 0
132.54341164453538 271.97198307310646 -1 0 0
135.6602947614185 267.6083467094701 -1 0 0
145.0109441120679 272.12782722895065 -1 0 0
159.03691813804193 275.5563986575221 -1 0 0
160.9070480081718 271.1927622938857 -1 0 0
200.8031519042757 279.92003502115847 -1 0 0
197.99795709908088 277.7382168393403 -1 0 0
321.42652852765235 362.20574930687275 -1 0 0
320.8031519042757 366.88107398219745 -1 0 0
289.63432073544453 358.1538012549247 -1 0 0
285.27068437180816 358.1538012549247 -1 0 0
284.33561943674323 347.5563986575221 -1 0 0
287.4525025536264 345.37458047570397 -1 0 0
279.6602947614186 344.12782722895065 -1 0 0
282.1538012549251 342.5693856705091 -1 0 0
287.1408142419381 333.84211294323643 -1 0 0
288.075879177003 327.6083467094702 -1 0 0
285.27068437180816 324.1797752808987 -1 0 0
285.27068437180816 312.02393112505456 -1 0 0
289.63432073544453 307.66029476141824 -1 0 0
286.82912593024975 307.0369181380416 -1 0 0
291.8161389172627 304.8550999562234 -1 0 0
284.9589960601199 303.60834670947014 -1 0 0
262.82912593024975 303.29665839778187 -1 0 0
265.3226324237562 294.5693856705091 -1 0 0
248.8031519042757 305.4784765796 -1 0 0
255.34860644973026 309.2187363198598 -1 0 0
250.04990515102895 302.0499051510286 -1 0 0
245.99795709908088 299.8680869692104 -1 0 0
247.8680869692108 295.50445060557405 -1 0 0
241.63432073544456 296.7512038523273 -1 0 0
240.69925580037963 288.6473077484312 -1 0 0
232.5953596964835 287.40055450167796 -1 0 0
225.42652852765235 288.9589960601195 -1 0 0
222.3096454107692 278.6732817744052 -1 0 0
212.95899606011992 286.46548956661303 -1 0 0
207.34860644973026 280.2317233328468 -1 0 0
214.82912593024975 274.62133372245717 -1 0 0
211.40055450167833 276.491463592587 -1 0 0
207.97198307310683 273.06289216401564 -1 0 0
128.17977528089907 273.06289216401564 -1 0 0
191.4525025536264 277.1148402159637 -1 0 0
214.82912593024975 265.8940609951845 -1 0 0
224.17977528089912 268.6992558003792 -1 0 0
224.17977528089912 276.491463592587 -1 0 0
231.34860644973026 279.92003502115847 -1 0 0
221.06289216401595 274.3096454107689 -1 0 0
294.62133372245756 311.40055450167796 -1 0 0
306.1538012549251 307.66029476141824 -1 0 0
310.82912593024975 307.0369181380416 -1 0 0
313.3226324237562 312.02393112505456 -1 0 0
299.60834670947054 314.8291259302494 -1 0 0
300.85509995622374 321.3745804757039 -1 0 0
302.101853202977 330.10185320297666 -1 0 0
312.075879177003 327.29665839778187 -1 0 0
317.68626878739263 319.1927622938857 -1 0 0
322.6732817744056 321.06289216401564 -1 0 0
326.4135415146653 316.6992558003792 -1 0 0
330.77717787830176 317.3226324237559 -1 0 0
332.023931125055 311.40055450167796 -1 0 0
341.3745804757043 325.1148402159637 -1 0 0
344.1797752808991 320.7512038523273 -1 0 0
349.47847657960045 318.5693856705091 -1 0 0
357.8940609951848 323.5563986575221 -1 0 0
347.2966583977822 327.6083467094702 -1 0 0
337.94600904713286 328.2317233328468 -1 0 0
337.63432073544453 324.491463592587 -1 0 0
333.5823726834965 324.491463592587 -1 0 0
322.6732817744056 329.4784765796 -1 0 0
314.8810739821978 329.4784765796 -1 0 0
326.101853202977 331.66029476141824 -1 0 0
292.7512038523277 336.02393112505456 -1 0 0
292.4395155406394 327.29665839778187 -1 0 0
301.47847657960045 341.6343207354442 -1 0 0
315.50445060557445 343.1927622938857 -1 0 0
308.64730774843156 338.8291259302494 -1 0 0
305.21873631986017 341.01094411206753 -1 0 0
313.94600904713286 334.465489566613 -1 0 0
336.07587917700295 340.38756748869093 -1 0 0
322.6732817744056 343.1927622938857 -1 0 0
327.9719830731069 347.24471034583377 -1 0 0
340.4395155406394 346.6213337224572 -1 0 0
341.3745804757043 338.8291259302494 -1 0 0
346.6732817744056 336.02393112505456 -1 0 0
346.04990515102895 338.8291259302494 -1 0 0
348.5434116445354 331.0369181380416 -1 0 0
355.71224281336663 328.85509995622346 -1 0 0
361.94600904713286 325.7382168393403 -1 0 0
362.8810739821978 341.01094411206753 -1 0 0
363.1927622938861 351.29665839778187 -1 0 0
346.6732817744056 357.84211294323643 -1 0 0
332.33561943674323 361.8940609951844 -1 0 0
326.101853202977 367.1927622938858 -1 0 0
307.71224281336663 359.0888661899897 -1 0 0
298.04990515102895 348.491463592587 -1 0 0
328.5953596964835 356.28367138479484 -1 0 0
343.55639865752244 354.10185320297666 -1 0 0
359.76419086531473 364.6992558003792 -1 0 0
352.5953596964835 362.20574930687275 -1 0 0
342.6213337224575 364.07587917700266 -1 0 0
336.07587917700295 372.491463592587 -1 0 0
340.4395155406394 374.6732817744052 -1 0 0
350.72522982635365 368.1278272289507 -1 0 0
365.99795709908096 370.6213337224571 -1 0 0
361.94600904713286 373.426528527652 -1 0 0
355.4005545016783 378.10185320297666 -1 0 0
350.4135415146653 379.6602947614182 -1 0 0
370.049905151029 320.439515540639 -1 0 0
374.7252298263536 338.82912593024935 -1 0 0
369.42652852765235 337.2706843718078 -1 0 0
382.5174376185615 337.5823726834961 -1 0 0
388.75120385232765 332.90704800817144 -1 0 0
394.6732817744056 327.92003502115847 -1 0 0
398.4135415146653 329.16678826791167 -1 0 0
403.4005545016783 331.0369181380416 -1 0 0
403.0888661899901 338.82912593024935 -1 0 0
398.7252298263536 340.3875674886909 -1 0 0
390.3096454107692 338.20574930687275 -1 0 0
393.7382168393406 345.3745804757039 -1 0 0
374.7252298263536 348.1797752808987 -1 0 0
377.84211294323677 344.12782722895065 -1 0 0
381.27068437180816 341.01094411206753 -1 0 0
409.63432073544453 341.94600904713246 -1 0 0
400.90704800817184 343.8161389172623 -1 0 0
406.82912593024975 349.7382168393403 -1 0 0
418.3615934627173 346.30964541076884 -1 0 0
414.6213337224575 341.94600904713246 -1 0 0
421.79016489128867 341.94600904713246 -1 0 0
423.34860644973026 336.02393112505456 -1 0 0
455.4525025536264 354.10185320297666 -1 0 0
445.4784765796004 357.8421129432364 -1 0 0
430.5174376185615 357.2187363198598 -1 0 0
435.50445060557445 358.465489566613 -1 0 0
425.5304246315485 356.28367138479484 -1 0 0
410.25769735882113 360.02393112505456 -1 0 0
395.60834670947054 362.5174376185611 -1 0 0
391.55639865752255 362.82912593024935 -1 0 0
391.55639865752255 356.90704800817144 -1 0 0
383.1408142419381 356.28367138479484 -1 0 0
377.84211294323677 355.3486064497299 -1 0 0
372.5434116445355 357.5304246315481 -1 0 0
369.7382168393406 366.8810739821974 -1 0 0
376.90704800817184 365.94600904713246 -1 0 0
370.3615934627173 372.491463592587 -1 0 0
355.08886618999 388.6992558003792 -1 0 0
358.5174376185614 396.491463592587 -1 0 0
371.2966583977822 393.37458047570397 -1 0 0
371.2966583977822 386.8291259302494 -1 0 0
378.1538012549251 382.15380125492464 -1 0 0
381.27068437180816 375.6083467094701 -1 0 0
376.5953596964835 370.93302203414544 -1 0 0
386.5693856705095 369.06289216401564 -1 0 0
395.92003502115887 368.7512038523273 -1 0 0
390.6213337224575 369.37458047570397 -1 0 0
391.55639865752255 375.29665839778187 -1 0 0
400.5953596964835 369.37458047570397 -1 0 0
398.4135415146653 374.98497008609354 -1 0 0
403.0888661899901 364.0758791770026 -1 0 0
406.20574930687314 366.8810739821974 -1 0 0
412.75120385232765 374.98497008609354 -1 0 0
419.92003502115887 380.90704800817144 -1 0 0
428.9589960601199 377.16678826791167 -1 0 0
439.55639865752255 368.12782722895065 -1 0 0
451.0888661899901 364.0758791770026 -1 0 0
459.50445060557445 368.439515540639 -1 0 0
450.77717787830164 371.24471034583377 -1 0 0
420.5434116445355 372.80315190427535 -1 0 0
421.79016489128867 365.63432073544413 -1 0 0
426.4654895666134 366.8810739821974 -1 0 0
431.7641908653146 367.1927622938857 -1 0 0
442.3615934627173 374.6732817744052 -1 0 0
430.20574930687314 387.452502553626 -1 0 0
423.036918138042 389.01094411206753 -1 0 0
413.06289216401603 397.7382168393403 -1 0 0
412.75120385232765 390.88107398219745 -1 0 0
386.5693856705095 381.5304246315481 -1 0 0
384.69925580037966 390.2576973588208 -1 0 0
378.77717787830164 393.06289216401564 -1 0 0
366.6213337224575 406.77717787830136 -1 0 0
359.45250255362635 409.58237268349615 -1 0 0
376.5953596964835 412.07587917700266 -1 0 0
395.2966583977822 400.2317233328468 -1 0 0
397.47847657960045 386.8291259302494 -1 0 0
397.79016489128867 392.439515540639 -1 0 0
405.58237268349654 388.07587917700266 -1 0 0
402.77717787830164 393.68626878739224 -1 0 0
403.0888661899901 379.9719830731065 -1 0 0
398.101853202977 379.3486064497299 -1 0 0
470.1018532029771 373.1148402159636 -1 0 0
459.8161389172627 374.36159346271694 -1 0 0
453.58237268349654 382.15380125492464 -1 0 0
461.68626878739263 379.9719830731065 -1 0 0
464.1797752808991 378.72522982635326 -1 0 0
472.2836713847952 378.72522982635326 -1 0 0
493.16678826791207 372.80315190427535 -1 0 0
489.42652852765235 375.29665839778187 -1 0 0
485.3745804757043 379.3486064497299 -1 0 0
480.07587917700306 380.90704800817144 -1 0 0
499.0888661899901 378.72522982635326 -1 0 0
497.8421129432367 372.1797752808987 -1 0 0
503.4525025536264 373.42652852765195 -1 0 0
507.8161389172627 378.1018532029766 -1 0 0
513.4265285276524 382.15380125492464 -1 0 0
503.76419086531473 386.5174376185611 -1 0 0
496.59535969648357 382.15380125492464 -1 0 0
492.2317233328472 389.01094411206753 -1 0 0
481.3226324237562 396.491463592587 -1 0 0
472.2836713847952 390.2576973588208 -1 0 0
466.049905151029 385.2706843718078 -1 0 0
460.4395155406394 389.94600904713246 -1 0 0
463.55639865752255 387.452502553626 -1 0 0
454.5174376185615 396.80315190427535 -1 0 0
448.2836713847952 400.2317233328468 -1 0 0
437.3745804757043 398.6732817744052 -1 0 0
440.1797752808991 389.63432073544413 -1 0 0
409.3226324237562 410.8291259302494 -1 0 0
400.2836713847952 400.5434116445351 -1 0 0
418.98497008609394 405.2187363198598 -1 0 0
425.21873631986017 403.9719830731065 -1 0 0
421.79016489128867 410.8291259302494 -1 0 0
444.5434116445355 406.465489566613 -1 0 0
437.3745804757043 414.2576973588208 -1 0 0
456.3875674886913 404.28367138479484 -1 0 0
459.50445060557445 396.1797752808987 -1 0 0
466.6732817744056 397.7382168393403 -1 0 0
477.58237268349654 403.0369181380416 -1 0 0
466.6732817744056 403.9719830731065 -1 0 0
477.8940609951848 410.8291259302494 -1 0 0
487.55639865752255 404.90704800817144 -1 0 0
495.036918138042 398.0499051510286 -1 0 0
511.2447103458342 388.07587917700266 -1 0 0
515.9200350211588 395.8680869692104 -1 0 0
510.93302203414584 393.99795709908057 -1 0 0
522.4654895666134 398.36159346271694 -1 0 0
522.4654895666134 376.5434116445351 -1 0 0
523.0888661899901 383.71224281336623 -1 0 0
521.2187363198601 412.07587917700266 -1 0 0
518.4135415146653 404.28367138479484 -1 0 0
513.4265285276524 402.72522982635326 -1 0 0
503.76419086531473 408.64730774843116 -1 0 0
508.4395155406394 411.1408142419377 -1 0 0
499.71224281336663 408.64730774843116 -1 0 0
500.02393112505496 418.93302203414555 -1 0 0
486.3096454107692 419.8680869692104 -1 0 0
486.20574930687314 457.8940609951844 -1 0 0
492.4395155406394 465.99795709908057 -1 0 0
495.55639865752244 458.51743761856096 -1 0 0
491.1927622938861 449.7901648912883 -1 0 0
482.77717787830164 447.6083467094701 -1 0 0
487.1408142419381 430.465489566613 -1 0 0
499.92003502115887 429.530424631548 -1 0 0
492.75120385232765 424.85509995622334 -1 0 0
504.2836713847952 425.47847657959994 -1 0 0
518.9330220341459 427.34860644972986 -1 0 0
517.6862687873926 438.8810739821974 -1 0 0
528.5953596964835 423.9200350211584 -1 0 0
523.9200350211588 422.6732817744052 -1 0 0
530.7771778783017 416.7512038523273 -1 0 0
527.6602947614185 412.6992558003792 -1 0 0
527.9719830731069 407.4005545016779 -1 0 0
532.6473077484316 411.76419086531433 -1 0 0
538.5693856705095 399.9200350211584 -1 0 0
534.8291259302497 392.12782722895065 -1 0 0
529.2187363198601 389.3226324237558 -1 0 0
525.1667882679121 392.12782722895065 -1 0 0
528.9070480081718 451.9719830731065 -1 0 0
509.27068437180816 457.8940609951844 -1 0 0
499.60834670947054 449.16678826791167 -1 0 0
537.3226324237562 443.24471034583377 -1 0 0
541.062892164016 429.530424631548 -1 0 0
541.997957099081 419.55639865752204 -1 0 0
557.5823726834966 420.80315190427535 -1 0 0
559.1408142419381 409.5823726834961 -1 0 0
553.5304246315485 404.28367138479484 -1 0 0
548.2317233328471 407.71224281336623 -1 0 0
542.3096454107692 402.4135415146649 -1 0 0
548.8550999562237 397.42652852765195 -1 0 0
545.4265285276524 394.93302203414544 -1 0 0
544.1797752808991 373.7382168393403 -1 0 0
535.7641908653146 378.4135415146649 -1 0 0
533.2706843718081 374.6732817744052 -1 0 0
532.95899606012 369.37458047570385 -1 0 0
527.6602947614185 372.49146359258697 -1 0 0
552.5953596964836 377.16678826791167 -1 0 0
558.2057493068731 379.6602947614182 -1 0 0
565.3745804757043 381.530424631548 -1 0 0
571.2966583977822 379.34860644972986 -1 0 0
559.1408142419381 384.95899606011943 -1 0 0
560.6992558003797 381.2187363198598 -1 0 0
571.9200350211588 392.7512038523273 -1 0 0
576.9070480081718 391.504450605574 -1 0 0
557.5823726834966 392.7512038523273 -1 0 0
551.6602947614185 390.2576973588208 -1 0 0
549.1667882679121 383.4005545016779 -1 0 0
553.8421129432368 384.33561943674283 -1 0 0
553.8421129432368 431.71224281336623 -1 0 0
551.6602947614185 440.439515540639 -1 0 0
548.5434116445355 446.98497008609354 -1 0 0
522.0499051510291 471.6083467094701 -1 0 0
526.4135415146653 468.80315190427535 -1 0 0
495.55639865752244 471.9200350211584 -1 0 0
504.90704800817184 471.6083467094701 -1 0 0
485.8940609951848 478.7771778783013 -1 0 0
496.8031519042757 500.5953596964831 -1 0 0
499.29665839778215 483.76419086531433 -1 0 0
491.50445060557445 523.9719830731065 -1 0 0
515.5044506055744 514.6213337224572 -1 0 0
527.6602947614185 503.4005545016779 -1 0 0
525.7901648912887 488.439515540639 -1 0 0
532.3356194367433 480.9589960601195 -1 0 0
542.3096454107692 475.03691813804153 -1 0 0
594.0499051510291 451.34860644972986 -1 0 0
573.7901648912887 449.7901648912883 -1 0 0
580.6473077484316 445.7382168393403 -1 0 0
584.075879177003 443.24471034583377 -1 0 0
586.2576973588211 438.2576973588208 -1 0 0
572.8550999562237 438.2576973588208 -1 0 0
571.2966583977822 430.465489566613 -1 0 0
572.8550999562237 420.80315190427535 -1 0 0
570.6732817744056 415.1927622938857 -1 0 0
565.3745804757043 404.5953596964831 -1 0 0
565.3745804757043 396.49146359258697 -1 0 0
580.6473077484316 405.2187363198598 -1 0 0
584.6992558003797 401.7901648912883 -1 0 0
586.5693856705095 396.49146359258697 -1 0 0
594.3615934627172 395.86808696921037 -1 0 0
589.6862687873926 389.94600904713246 -1 0 0
596.5434116445355 389.94600904713246 -1 0 0
598.4135415146653 384.64730774843116 -1 0 0
602.4654895666134 388.07587917700255 -1 0 0
609.0109441120679 383.4005545016779 -1 0 0
611.5044506055744 384.0239311250545 -1 0 0
632.3875674886913 381.2187363198598 -1 0 0
623.6602947614185 389.3226324237558 -1 0 0
630.8291259302497 392.12782722895065 -1 0 0
641.4265285276523 384.0239311250545 -1 0 0
553.5304246315485 459.452502553626 -1 0 0
551.6602947614185 450.4135415146649 -1 0 0
559.1408142419381 444.80315190427535 -1 0 0
548.2317233328471 469.42652852765195 -1 0 0
555.7122428133666 478.7771778783013 -1 0 0
546.6732817744056 487.50445060557405 -1 0 0
546.3615934627172 499.9719830731065 -1 0 0
530.153801254925 528.335619436743 -1 0 0
512.075879177003 534.5693856705091 -1 0 0
565.997957099081 495.6083467094701 -1 0 0
564.7512038523276 516.8031519042754 -1 0 0
585.0109441120679 503.71224281336623 -1 0 0
598.101853202977 512.4395155406389 -1 0 0
601.5304246315485 497.7901648912883 -1 0 0
604.6473077484316 478.15380125492464 -1 0 0
597.7901648912887 474.4135415146649 -1 0 0
575.6602947614185 475.03691813804153 -1 0 0
567.2447103458342 477.2187363198598 -1 0 0
569.4265285276524 467.24471034583377 -1 0 0
607.1408142419381 443.55639865752204 -1 0 0
599.036918138042 433.2706843718078 -1 0 0
590.6213337224576 424.85509995622334 -1 0 0
586.8810739821978 429.2187363198598 -1 0 0
587.1927622938862 412.6992558003792 -1 0 0
584.6992558003797 408.33561943674283 -1 0 0
604.023931125055 403.6602947614182 -1 0 0
599.3486064497303 405.530424631548 -1 0 0
608.3875674886913 397.42652852765195 -1 0 0
611.8161389172627 394.3096454107688 -1 0 0
618.6732817744056 400.2317233328468 -1 0 0
613.062892164016 405.530424631548 -1 0 0
609.6343207354446 414.2576973588208 -1 0 0
602.7771778783017 415.1927622938857 -1 0 0
600.5953596964836 411.76419086531433 -1 0 0
616.1797752808991 469.7382168393403 -1 0 0
602.153801254925 465.99795709908057 -1 0 0
610.2576973588212 462.8810739821974 -1 0 0
604.6473077484316 425.16678826791167 -1 0 0
600.5953596964836 422.9849700860934 -1 0 0
618.9849700860939 420.80315190427535 -1 0 0
623.6602947614185 408.64730774843116 -1 0 0
630.8291259302497 403.34860644972986 -1 0 0
625.8421129432368 403.6602947614182 -1 0 0
645.4784765796004 413.3226324237558 -1 0 0
642.0499051510291 416.7512038523273 -1 0 0
637.3745804757043 422.6732817744052 -1 0 0
632.075879177003 429.2187363198598 -1 0 0
629.5823726834966 434.51743761856096 -1 0 0
623.9719830731069 441.99795709908045 -1 0 0
617.7382168393407 450.1018532029766 -1 0 0
613.062892164016 442.6213337224571 -1 0 0
617.7382168393407 436.07587917700255 -1 0 0
610.2576973588212 434.51743761856096 -1 0 0
617.4265285276523 427.34860644972986 -1 0 0
625.2187363198601 414.2576973588208 -1 0 0
645.1667882679121 403.6602947614182 -1 0 0
640.4914635925875 401.16678826791167 -1 0 0
652.95899606012 406.77717787830136 -1 0 0
658.5693856705095 400.85509995622334 -1 0 0
680.075879177003 394.3096454107688 -1 0 0
669.1667882679121 405.530424631548 -1 0 0
662.3096454107692 403.34860644972986 -1 0 0
676.023931125055 411.1408142419377 -1 0 0
685.062892164016 411.76419086531433 -1 0 0
666.3615934627172 416.439515540639 -1 0 0
670.4135415146653 416.7512038523273 -1 0 0
657.0109441120679 421.7382168393403 -1 0 0
654.2057493068731 427.34860644972986 -1 0 0
660.4395155406394 430.465489566613 -1 0 0
646.4135415146653 429.530424631548 -1 0 0
643.6083467094705 421.7382168393403 -1 0 0
642.6732817744056 436.6992558003792 -1 0 0
676.023931125055 422.9849700860934 -1 0 0
674.4654895666134 427.6602947614182 -1 0 0
667.6083467094705 431.71224281336623 -1 0 0
669.1667882679121 438.2576973588208 -1 0 0
664.4914635925875 448.2317233328468 -1 0 0
655.1408142419382 447.9200350211584 -1 0 0
651.7122428133666 452.5953596964831 -1 0 0
638.9330220341459 452.90704800817144 -1 0 0
630.5174376185614 454.15380125492464 -1 0 0
641.1148402159641 463.50445060557405 -1 0 0
658.8810739821978 461.0109441120675 -1 0 0
669.1667882679121 458.8291259302493 -1 0 0
676.6473077484317 451.9719830731065 -1 0 0
681.0109441120679 441.0628921640155 -1 0 0
677.5823726834966 433.8940609951844 -1 0 0
683.5044506055744 427.03691813804153 -1 0 0
647.036918138042 467.24471034583377 -1 0 0
638.9330220341459 476.5953596964831 -1 0 0
624.5953596964836 477.530424631548 -1 0 0
624.9070480081718 489.0628921640155 -1 0 0
622.101853202977 505.8940609951844 -1 0 0
612.7512038523276 516.8031519042754 -1 0 0
638.6213337224576 512.7512038523273 -1 0 0
676.6473077484317 465.0628921640155 -1 0 0
687.8680869692108 451.34860644972986 -1 0 0
688.8031519042758 481.5823726834961 -1 0 0
598.4135415146653 486.2576973588208 -1 0 0
667.6083467094705 492.80315190427535 -1 0 0
659.1927622938862 485.32263242375586 -1 0 0
653.5823726834966 474.72522982635326 -1 0 0
651.0888661899901 460.07587917700255 -1 0 0
681.9460090471329 460.07587917700255 -1 0 0
686.3096454107692 472.23172333284674 -1 0 0
683.1927622938862 469.42652852765195 -1 0 0
675.0888661899901 478.15380125492464 -1 0 0
674.7771778783017 487.50445060557405 -1 0 0
646.7252298263537 505.8940609951844 -1 0 0
663.5563986575225 530.517437618561 -1 0 0
674.7771778783017 526.7771778783014 -1 0 0
684.7512038523276 514.6213337224572 -1 0 0
626.7771778783017 533.6343207354441 -1 0 0
697.2187363198605 398.9849700860934 -1 0 0
690.9849700860942 415.504450605574 -1 0 0
691.6083467094708 410.51743761856096 -1 0 0
706.2576973588215 381.8421129432363 -1 0 0
691.2966583977825 384.0239311250545 -1 0 0
708.751203852328 413.9460090471324 -1 0 0
714.0499051510293 414.8810739821974 -1 0 0
709.9979570990812 426.4135415146649 -1 0 0
714.3615934627175 428.5953596964831 -1 0 0
717.1667882679124 420.8031519042753 -1 0 0
729.6343207354448 415.8161389172623 -1 0 0
714.9849700860942 436.07587917700255 -1 0 0
719.3486064497305 435.7641908653142 -1 0 0
698.1538012549253 435.1408142419377 -1 0 0
696.2836713847955 429.530424631548 -1 0 0
699.7122428133669 441.68626878739224 -1 0 0
692.2317233328474 444.49146359258697 -1 0 0
707.5044506055747 446.04990515102855 -1 0 0
714.9849700860942 447.29665839778175 -1 0 0
726.5174376185618 449.16678826791167 -1 0 0
721.842112943237 446.6732817744052 -1 0 0
720.2836713847955 454.15380125492464 -1 0 0
705.3226324237565 460.6992558003792 -1 0 0
716.855099956224 465.68626878739224 -1 0 0
725.2706843718084 461.3226324237558 -1 0 0
734.9330220341461 451.6602947614182 -1 0 0
737.7382168393409 442.3096454107688 -1 0 0
743.3486064497306 442.3096454107688 -1 0 0
737.4265285276526 428.90704800817144 -1 0 0
748.6473077484318 419.2447103458337 -1 0 0
752.6992558003799 412.07587917700255 -1 0 0
764.2317233328474 413.3226324237558 -1 0 0
755.8161389172631 422.04990515102855 -1 0 0
756.751203852328 431.4005545016779 -1 0 0
734.9330220341461 424.2317233328467 -1 0 0
755.1927622938864 426.4135415146649 -1 0 0
772.6473077484318 432.95899606011943 -1 0 0
697.2187363198605 478.4654895666129 -1 0 0
697.842112943237 466.3096454107688 -1 0 0
707.1927622938864 478.4654895666129 -1 0 0
720.2836713847955 473.47847657959994 -1 0 0
794.1538012549253 440.12782722895065 -1 0 0
803.5044506055746 436.07587917700255 -1 0 0
804.751203852328 425.79016489128827 -1 0 0
787.2966583977825 422.04990515102855 -1 0 0
784.1797752808993 428.5953596964831 -1 0 0
777.0109441120683 429.2187363198598 -1 0 0
780.751203852328 433.8940609951844 -1 0 0
748.9589960601202 430.77717787830125 -1 0 0
744.5953596964837 435.1408142419377 -1 0 0
760.4914635925876 442.6213337224571 -1 0 0
767.9719830731073 442.9330220341454 -1 0 0
758.9330220341462 486.56938567050906 -1 0 0
753.0109441120682 475.9719830731064 -1 0 0
744.2836713847955 472.23172333284674 -1 0 0
821.8940609951851 427.34860644972986 -1 0 0
814.7252298263539 435.1408142419377 -1 0 0
812.2317233328474 441.68626878739224 -1 0 0
802.8810739821981 446.04990515102855 -1 0 0
805.6862687873928 451.34860644972986 -1 0 0
812.8550999562241 450.4135415146649 -1 0 0
817.2187363198603 456.95899606011943 -1 0 0
807.2447103458344 459.1408142419377 -1 0 0
794.1538012549253 461.9460090471324 -1 0 0
789.790164891289 462.56938567050906 -1 0 0
784.803151904276 467.24471034583377 -1 0 0
781.3745804757044 458.20574930687275 -1 0 0
775.764190865315 444.49146359258697 -1 0 0
775.1408142419383 436.6992558003792 -1 0 0
772.3356194367435 453.530424631548 -1 0 0
767.3486064497306 455.4005545016779 -1 0 0
761.7382168393409 447.6083467094701 -1 0 0
756.1278272289513 456.95899606011943 -1 0 0
736.4914635925876 478.4654895666129 -1 0 0
733.3745804757045 484.6992558003792 -1 0 0
719.9719830731071 476.90704800817144 -1 0 0
719.6602947614189 482.51743761856096 -1 0 0
712.4914635925877 487.1927622938857 -1 0 0
707.8161389172631 498.4135415146649 -1 0 0
777.0109441120683 472.85509995622334 -1 0 0
769.5304246315486 462.8810739821974 -1 0 0
806.3096454107695 476.90704800817144 -1 0 0
797.8940609951851 473.79016489128827 -1 0 0
810.6732817744058 469.42652852765195 -1 0 0
826.5693856705097 467.86808696921037 -1 0 0
821.2706843718084 459.7641908653142 -1 0 0
833.7382168393409 458.20574930687275 -1 0 0
839.3486064497306 455.71224281336623 -1 0 0
837.4784765796006 439.504450605574 -1 0 0
834.6732817744058 432.33561943674283 -1 0 0
831.2447103458344 437.3226324237558 -1 0 0
826.8810739821981 433.8940609951844 -1 0 0
829.9979570990813 429.2187363198598 -1 0 0
840.2836713847955 470.04990515102855 -1 0 0
843.4005545016785 480.0239311250545 -1 0 0
831.2447103458344 486.56938567050906 -1 0 0
831.2447103458344 494.3615934627169 -1 0 0
841.5304246315486 493.42652852765184 -1 0 0
819.4005545016785 486.8810739821974 -1 0 0
805.6862687873928 491.24471034583377 -1 0 0
796.6473077484318 495.6083467094701 -1 0 0
793.5304246315486 482.51743761856096 -1 0 0
771.0888661899904 496.23172333284674 -1 0 0
767.0369181380423 489.99795709908045 -1 0 0
758.6213337224577 473.79016489128827 -1 0 0
760.803151904276 465.68626878739224 -1 0 0
693.7901648912889 507.92003502115836 -1 0 0
704.3875674886915 503.55639865752204 -1 0 0
714.9849700860941 501.0628921640155 -1 0 0
772.9589960601201 506.6732817744051 -1 0 0
771.7122428133669 515.4005545016778 -1 0 0
748.6473077484318 524.1278272289505 -1 0 0
739.2966583977824 517.8940609951843 -1 0 0
732.4395155406395 524.1278272289505 -1 0 0
719.3486064497304 519.7641908653142 -1 0 0
713.7382168393408 509.1667882679116 -1 0 0
729.9460090471331 535.9719830731065 -1 0 0
716.855099956224 531.6083467094701 -1 0 0
718.1018532029772 549.6862687873921 -1 0 0
691.2966583977824 553.4265285276518 -1 0 0
684.4395155406395 557.7901648912882 -1 0 0
668.855099956224 570.8810739821973 -1 0 0
640.1797752808993 578.3615934627168 -1 0 0
614.6213337224577 545.3226324237557 -1 0 0
851.8161389172628 454.4654895666131 -1 0 0
846.2057493068733 441.6862687873923 -1 0 0
852.7512038523278 439.81613891726244 -1 0 0
851.1927622938862 430.7771778783014 -1 0 0
859.6083467094708 441.0628921640157 -1 0 0
867.7122428133667 441.0628921640157 -1 0 0
867.7122428133667 447.60834670947025 -1 0 0
876.7512038523278 453.21873631985983 -1 0 0
869.5823726834967 459.7641908653144 -1 0 0
868.6473077484318 472.5434116445352 -1 0 0
860.2317233328472 466.93302203414555 -1 0 0
882.9849700860941 469.73821683934034 -1 0 0
891.4005545016785 476.9070480081715 -1 0 0
883.6083467094708 489.37458047570397 -1 0 0
877.0628921640161 493.73821683934034 -1 0 0
874.2576973588212 486.56938567050923 -1 0 0
863.971983073107 485.32263242375586 -1 0 0
863.3486064497304 515.5563986575222 -1 0 0
846.5174376185616 507.45250255362606 -1 0 0
845.894060995185 517.7382168393403 -1 0 0
831.8680869692109 503.08886618998974 -1 0 0
878.3096454107693 511.5044506055741 -1 0 0
888.2836713847953 508.387567488691 -1 0 0
906.3615934627175 503.08886618998974 -1 0 0
909.1667882679121 487.5044506055741 -1 0 0
911.6602947614189 487.1927622938858 -1 0 0
905.4265285276525 476.2836713847949 -1 0 0
897.946009047133 470.04990515102867 -1 0 0
905.4265285276525 467.5563986575222 -1 0 0
909.7901648912888 458.2057493068728 -1 0 0
901.0628921640161 450.413541514665 -1 0 0
887.971983073107 451.66029476141836 -1 0 0
884.855099956224 439.81613891726244 -1 0 0
878.6213337224577 430.1538012549248 -1 0 0
851.1927622938862 463.1927622938858 -1 0 0
848.6992558003797 523.9719830731066 -1 0 0
849.9460090471331 534.8810739821974 -1 0 0
823.4525025536266 530.8291259302493 -1 0 0
808.4914635925876 506.8291259302494 -1 0 0
813.7901648912888 503.71224281336634 -1 0 0
802.2576973588212 509.32263242375586 -1 0 0
787.6083467094708 515.5563986575222 -1 0 0
790.101853202977 529.2706843718079 -1 0 0
756.4395155406395 533.6343207354442 -1 0 0
755.5044506055746 552.335619436743 -1 0 0
768.907048008172 552.0239311250547 -1 0 0
775.4525025536266 549.8421129432364 -1 0 0
788.5434116445357 541.1148402159637 -1 0 0
805.9979570990811 539.8680869692105 -1 0 0
810.0499051510292 528.335619436743 -1 0 0
833.4265285276525 543.6083467094702 -1 0 0
833.4265285276525 556.3875674886909 -1 0 0
821.894060995185 558.2576973588208 -1 0 0
843.0888661899901 554.8291259302493 -1 0 0
859.2966583977824 546.1018532029767 -1 0 0
867.7122428133667 530.5174376185612 -1 0 0
886.4135415146654 526.4654895666131 -1 0 0
874.2576973588212 524.5953596964832 -1 0 0
899.5044506055746 524.5953596964832 -1 0 0
910.7252298263537 528.0239311250547 -1 0 0
904.8031519042759 535.1927622938858 -1 0 0
895.7641908653148 539.8680869692105 -1 0 0
879.2447103458343 542.3615934627169 -1 0 0
892.9589960601201 550.7771778783014 -1 0 0
919.4525025536266 507.45250255362606 -1 0 0
928.1797752808992 509.9460090471326 -1 0 0
932.5434116445357 507.7641908653144 -1 0 0
923.1927622938862 492.1797752808988 -1 0 0
922.8810739821979 479.08886618998974 -1 0 0
917.2706843718083 469.1148402159638 -1 0 0
911.971983073107 463.81613891726244 -1 0 0
925.0628921640161 455.08886618998974 -1 0 0
920.0758791770032 441.0628921640157 -1 0 0
907.920035021159 433.27068437180793 -1 0 0
894.2057493068733 427.66029476141836 -1 0 0
914.7771778783018 423.9200350211585 -1 0 0
927.5563986575227 427.66029476141836 -1 0 0
930.9849700860941 417.0628921640157 -1 0 0
902.933022034146 411.45250255362606 -1 0 0
894.8291259302499 405.8421129432365 -1 0 0
881.1148402159641 380.59535969648323 -1 0 0
897.946009047133 386.82912593024946 -1 0 0
913.5304246315486 390.2576973588209 -1 0 0
919.7641908653148 395.5563986575222 -1 0 0
929.4265285276525 396.80315190427547 -1 0 0
943.1408142419381 396.80315190427547 -1 0 0
951.2447103458343 402.10185320297677 -1 0 0
937.5304246315486 412.0758791770027 -1 0 0
950.6213337224577 417.6862687873923 -1 0 0
970.8810739821979 407.71224281336634 -1 0 0
994.2576973588212 412.0758791770027 -1 0 0
998.6213337224577 416.43951554063904 -1 0 0
996.1278272289511 423.9200350211585 -1 0 0
980.5434116445357 426.413541514665 -1 0 0
961.8421129432369 429.53042463154816 -1 0 0
946.8810739821979 427.3486064497299 -1 0 0
964.3356194367434 419.8680869692104 -1 0 0
971.1927622938862 437.322632423756 -1 0 0
978.9849700860941 437.322632423756 -1 0 0
969.3226324237563 448.5434116445352 -1 0 0
963.7122428133667 458.2057493068728 -1 0 0
949.3745804757044 447.60834670947025 -1 0 0
938.4654895666135 441.0628921640157 -1 0 0
935.6602947614189 437.322632423756 -1 0 0
952.1797752808992 456.0239311250547 -1 0 0
935.6602947614189 460.387567488691 -1 0 0
999.5563986575227 446.9849700860936 -1 0 0
1003.6083467094708 454.7771778783014 -1 0 0
988.9589960601201 455.400554501678 -1 0 0
983.6602947614189 467.5563986575222 -1 0 0
979.6083467094708 472.23172333284685 -1 0 0
968.0758791770032 467.8680869692104 -1 0 0
974.6213337224577 480.0239311250547 -1 0 0
988.6473077484318 482.2057493068728 -1 0 0
998.6213337224577 474.413541514665 -1 0 0
993.3226324237563 495.9200350211585 -1 0 0
976.4914635925876 490.93302203414555 -1 0 0
955.2966583977824 478.7771778783014 -1 0 0
947.8161389172628 477.84211294323643 -1 0 0
953.1148402159641 470.36159346271694 -1 0 0
938.7771778783018 467.5563986575222 -1 0 0
944.0758791770032 469.73821683934034 -1 0 0
929.1148402159641 469.1148402159638 -1 0 0
934.4135415146654 482.2057493068728 -1 0 0
935.0369181380421 489.9979570990806 -1 0 0
930.6732817744058 526.7771778783014 -1 0 0
936.2836713847953 533.3226324237559 -1 0 0
964.6473077484318 547.6602947614183 -1 0 0
965.894060995185 532.0758791770028 -1 0 0
960.2836713847953 528.0239311250547 -1 0 0
951.5563986575227 519.9200350211585 -1 0 0
956.8550999562239 506.8291259302494 -1 0 0
965.2706843718083 498.10185320297677 -1 0 0
959.6602947614189 487.1927622938858 -1 0 0
973.9979570990811 511.8161389172624 -1 0 0
986.7771778783018 506.8291259302494 -1 0 0
1000.8031519042759 504.6473077484312 -1 0 0
998.933022034146 516.1797752808988 -1 0 0
1004.5434116445357 500.2836713847949 -1 0 0
999.5563986575227 532.3875674886909 -1 0 0
991.1408142419381 539.2447103458338 -1 0 0
997.6862687873928 547.6602947614183 -1 0 0
939.7122428133667 552.0239311250547 -1 0 0
1007.3486064497303 416.7512038523273 -1 0 0
1011.4005545016784 426.72522982635337 -1 0 0
1007.3486064497303 437.63432073544425 -1 0 0
1016.3875674886912 451.66029476141824 -1 0 0
1021.062892164016 457.2706843718078 -1 0 0
1023.244710345834 464.43951554063904 -1 0 0
1015.140814241938 475.66029476141824 -1 0 0
1004.8550999562237 480.0239311250547 -1 0 0
1014.5174376185613 485.63432073544425 -1 0 0
1011.4005545016784 507.45250255362606 -1 0 0
1021.997957099081 509.9460090471326 -1 0 0
1020.1278272289511 521.1667882679118 -1 0 0
1010.7771778783016 516.1797752808988 -1 0 0
987.0888661899899 499.3486064497299 -1 0 0
660.0951408142422 600.9070480081712 -1 0 0
651.3678680869695 589.686268787392 -1 0 0
723.6795563986577 582.6213337224569 -1 0 0
722.8483875674889 566.4135415146648 -1 0 0
768.1470888661902 582.6213337224569 -1 0 0
782.2769589960603 578.0499051510284 -1 0 0
797.2379979570993 588.8550999562232 -1 0 0
775.2120239311253 608.3875674886907 -1 0 0
760.6665693856706 604.647307748431 -1 0 0
740.3029330220344 620.4395155406387 -1 0 0
714.9522836713851 618.3615934627167 -1 0 0
717.4457901648916 600.4914635925868 -1 0 0
702.4847512038526 630.8291259302491 -1 0 0
649.2899460090473 634.5693856705088 -1 0 0
651.7834525025538 659.5044506055738 -1 0 0
687.5237122428135 672.3875674886906 -1 0 0
700.822413541515 665.3226324237556 -1 0 0
711.2120239311253 648.2836713847946 -1 0 0
777.2899460090473 664.4914635925868 -1 0 0
763.1600758791772 706.8810739821971 -1 0 0
792.6665693856706 626.2576973588206 -1 0 0
821.7574784765798 654.9330220341452 -1 0 0
841.2899460090473 639.5563986575219 -1 0 0
835.4717641908655 594.2576973588206 -1 0 0
860.822413541515 584.2836713847946 -1 0 0
874.9522836713851 579.7122428133661 -1 0 0
892.822413541515 569.73821683934 -1 0 0
911.5237122428135 588.4395155406387 -1 0 0
884.5107252298264 612.1278272289504 -1 0 0
855.4198161389176 611.2966583977816 -1 0 0
858.7444914635928 652.4395155406387 -1 0 0
864.5626732817746 665.73821683934 -1 0 0
839.6276083467096 675.2966583977816 -1 0 0
850.4328031519045 691.9200350211582 -1 0 0
913.1860499051512 657.8421129432362 -1 0 0
896.5626732817746 636.647307748431 -1 0 0
936.8743615934629 644.5434116445349 -1 0 0
956.4068291259304 636.647307748431 -1 0 0
972.1990369181382 620.8550999562232 -1 0 0
952.6665693856706 607.5563986575219 -1 0 0
964.7185174376187 595.0888661899894 -1 0 0
961.8094265285279 571.4005545016778 -1 0 0
951.0042317233331 582.6213337224569 -1 0 0
933.9652706843721 561.4265285276517 -1 0 0
917.3418940609954 565.1667882679116 -1 0 0
881.1860499051512 559.3486064497297 -1 0 0
992.9782576973591 584.2836713847946 -1 0 0
989.6535823726837 572.647307748431 -1 0 0
977.6016343207356 566.4135415146648 -1 0 0
1000.0431927622942 612.1278272289504 -1 0 0
986.3289070480084 652.4395155406387 -1 0 0
990.900335619437 632.4914635925868 -1 0 0
973.861374580476 664.9070480081712 -1 0 0
953.913322632424 684.8550999562231 -1 0 0
962.2250109441122 714.7771778783011 -1 0 0
980.0951408142422 682.7771778783011 -1 0 0
1009.1860499051512 707.2966583977816 -1 0 0
832.1470888661902 718.1018532029764 -1 0 0
816.3548810739825 546.0499051510284 -1 0 0
848.5953596964836 736.0758791770027 -1 0 0
975.7641908653148 749.1667882679118 -1 0 0
611.7122428133665 583.9719830731066 -1 0 0
583.6602947614185 565.2706843718079 -1 0 0
566.205749306873 544.0758791770028 -1 0 0
556.8550999562237 559.0369181380416 -1 0 0
637.2706843718081 559.0369181380416 -1 0 0
1020.6473077484318 564.0239311250547 -1 0 0
1019.4005545016785 583.9719830731066 -1 0 0
1018.1538012549253 605.7901648912884 -1 0 0
1020.6473077484318 597.6862687873924 -1 0 0
1021.2706843718083 688.6992558003794 -1 0 0
377.11484021596385 650.361593462717 -1 0 0
239.97198307310668 615.452502553626 -1 0 0
208.80315190427552 563.0888661899897 -1 0 0
36.54341164453532 530.3615934627169 -1 0 0
380.6473077484315 534.7252298263533 -1 0 0
488.4914635925874 564.6473077484312 -1 0 0
490.3615934627173 551.5563986575222 -1 0 0
509.6862687873927 548.439515540639 -1 0 0
520.2836713847952 543.452502553626 -1 0 0
540.2317233328473 563.400554501678 -1 0 0
516.5434116445355 582.7252298263534 -1 0 0
377.7382168393406 691.1927622938858 -1 0 0
450.04990515102884 663.7641908653145 -1 0 0
467.5044506055743 686.8291259302495 -1 0 0
539.8161389172627 711.7641908653145 -1 0 0
565.997957099081 558.413541514665 -1 0 0
590.9330220341458 663.1408142419378 -1 0 0
531.0888661899899 557.0109441120676 -1 0 0
639.8680869692108 484.387567488691 -1 0 0
623.0369181380419 542.9849700860937 -1 0 0
464.38756748869145 435.14081424193796 -1 0 0
437.894060995185 381.84211294323666 -1 0 0
534.8291259302499 386.2057493068731 -1 0 0
537.9460090471331 385.27068437180804 -1 0 0
562.2576973588212 413.9460090471327 -1 0 0
556.6473077484317 415.19276229388606 -1 0 0
628.3356194367434 419.8680869692107 -1 0 0
830.3096454107687 446.6732817744055 -1 0 0
826.8810739821973 453.5304246315484 -1 0 0
886.1018532029764 431.08886618999 -1 0 0
8.0758791770028 467.55639865752204 -1 0 0
232.17977528089892 546.1018532029766 -1 0 0
179.81613891726255 489.37458047570385 -1 0 0
97.53042463154826 387.1408142419377 -1 0 0
-119.78313821010447 48.898517213123974 -1 0 0
