11.19930069930075 48.493006993006986 -1 0 0
9.101398601398657 57.723776223776234 -1 0 0
14.975524475524521 30.031468531468533 -1 0 0
26.304195804195842 28.353146853146857 -1 0 0
28.40209790209795 51.849650349650354 -1 0 0
20.010489510489563 44.7167832167832 -1 0 0
34.276223776223816 38.84265734265733 -1 0 0
39.73076923076928 53.1083916083916 -1 0 0
20.849650349650403 63.17832167832168 -1 0 0
7.84265734265739 76.6048951048951 -1 0 0
18.332167832167883 84.15734265734265 -1 0 0
27.562937062937127 77.44405594405595 -1 0 0
18.751748251748296 72.4090909090909 -1 0 0
7.4230769230769775 90.87062937062936 -1 0 0
13.71678321678327 97.16433566433567 -1 0 0
29.241258741258775 94.64685314685316 -1 0 0
5.325174825174884 113.52797202797203 -1 0 0
22.52797202797207 114.36713286713288 -1 0 0
32.17832167832174 112.68881118881121 -1 0 0
29.241258741258775 126.11538461538461 -1 0 0
6.1643356643357095 137.02447552447552 -1 0 0
16.23426573426579 144.5769230769231 -1 0 0
7.4230769230769775 161.36013986013987 -1 0 0
32.597902097902136 159.2622377622378 -1 0 0
21.269230769230816 168.9125874125874 -1 0 0
8.262237762237817 174.7867132867133 -1 0 0
46.8636363636364 163.45804195804197 -1 0 0
62.807692307692356 167.23426573426576 -1 0 0
75.39510489510494 172.26923076923077 -1 0 0
76.65384615384619 150.03146853146853 -1 0 0
59.03146853146857 138.7027972027972 -1 0 0
47.70279720279726 137.02447552447552 -1 0 0
52.31818181818187 126.53496503496504 -1 0 0
51.05944055944059 108.493006993007 -1 0 0
40.15034965034968 129.05244755244755 -1 0 0
74.55594405594408 123.17832167832167 -1 0 0
97.63286713286715 169.33216783216784 -1 0 0
102.66783216783219 146.67482517482517 -1 0 0
112.73776223776225 169.33216783216784 -1 0 0
91.33916083916088 162.19930069930072 -1 0 0
101.82867132867136 133.24825174825176 -1 0 0
91.75874125874128 124.43706293706293 -1 0 0
90.0804195804196 108.91258741258741 -1 0 0
77.91258741258744 106.81468531468529 -1 0 0
63.22727272727277 93.80769230769232 -1 0 0
56.93356643356648 88.77272727272728 -1 0 0
52.73776223776227 82.47902097902099 -1 0 0
33.01748251748256 63.59790209790209 -1 0 0
49.38111888111891 61.91958041958041 -1 0 0
60.290209790209815 71.15034965034965 -1 0 0
69.52097902097907 66.53496503496504 -1 0 0
60.290209790209815 50.59090909090909 -1 0 0
59.87062937062941 39.68181818181819 -1 0 0
71.61888111888115 22.05944055944053 -1 0 0
63.22727272727277 11.150349650349654 -1 0 0
82.94755244755248 11.569930069930052 -1 0 0
60.70979020979025 23.318181818181813 -1 0 0
34.276223776223816 27.094405594405604 -1 0 0
69.10139860139864 32.96853146853147 -1 0 0
84.20629370629374 30.870629370629356 -1 0 0
98.89160839160843 32.54895104895104 -1 0 0
101.82867132867136 19.961538461538453 -1 0 0
101.82867132867136 5.695804195804186 -1 0 0
117.35314685314688 3.1783216783216517 -1 0 0
131.61888111888115 19.1223776223776 -1 0 0
149.66083916083917 19.1223776223776 -1 0 0
150.0804195804196 6.115384615384613 -1 0 0
157.21328671328675 9.472027972027973 -1 0 0
162.6678321678322 19.1223776223776 -1 0 0
171.89860139860141 11.989510489510481 -1 0 0
183.64685314685315 6.534965034965013 -1 0 0
206.72377622377624 4.437062937062933 -1 0 0
201.68881118881117 11.989510489510481 -1 0 0
201.68881118881117 22.05944055944053 -1 0 0
181.9685314685315 16.604895104895093 -1 0 0
174.83566433566435 22.05944055944053 -1 0 0
169.3811188811189 29.61188811188811 -1 0 0
165.60489510489512 35.9055944055944 -1 0 0
159.73076923076925 40.101398601398614 -1 0 0
141.26923076923077 34.22727272727272 -1 0 0
130.7797202797203 32.12937062937061 -1 0 0
120.70979020979024 36.744755244755254 -1 0 0
125.32517482517487 30.870629370629356 -1 0 0
118.19230769230772 24.99650349650349 -1 0 0
106.44405594405598 30.870629370629356 -1 0 0
93.01748251748253 53.52797202797203 -1 0 0
113.99650349650352 57.723776223776234 -1 0 0
107.70279720279723 57.723776223776234 -1 0 0
127.00349650349654 45.55594405594405 -1 0 0
134.9755244755245 49.75174825174826 -1 0 0
147.9825174825175 48.493006993006986 -1 0 0
155.53496503496504 45.97552447552448 -1 0 0
161.4090909090909 57.723776223776234 -1 0 0
152.17832167832168 60.24125874125874 -1 0 0
141.6888111888112 58.98251748251748 -1 0 0
112.73776223776225 40.101398601398614 -1 0 0
77.91258741258744 53.1083916083916 -1 0 0
74.97552447552451 42.61888111888112 -1 0 0
67.84265734265739 48.493006993006986 -1 0 0
81.68881118881123 60.66083916083916 -1 0 0
95.11538461538464 73.66783216783217 -1 0 0
85.88461538461542 75.76573426573427 -1 0 0
77.07342657342662 82.8986013986014 -1 0 0
75.39510489510494 92.96853146853145 -1 0 0
85.88461538461542 90.87062937062936 -1 0 0
95.11538461538464 85.41608391608392 -1 0 0
97.21328671328675 95.06643356643357 -1 0 0
103.92657342657344 115.2062937062937 -1 0 0
103.50699300699304 104.71678321678321 -1 0 0
114.83566433566436 139.12237762237763 -1 0 0
121.54895104895108 120.24125874125876 -1 0 0
130.36013986013987 123.17832167832167 -1 0 0
130.36013986013987 154.22727272727275 -1 0 0
126.16433566433568 146.67482517482517 -1 0 0
136.65384615384616 170.1713286713287 -1 0 0
151.75874125874128 155.486013986014 -1 0 0
142.10839160839163 152.54895104895107 -1 0 0
154.27622377622382 142.89860139860141 -1 0 0
163.08741258741262 151.29020979020981 -1 0 0
169.80069930069934 163.03846153846155 -1 0 0
176.93356643356643 172.6888111888112 -1 0 0
190.36013986013987 170.1713286713287 -1 0 0
191.61888111888115 160.52097902097904 -1 0 0
176.93356643356643 148.35314685314685 -1 0 0
196.65384615384616 143.73776223776224 -1 0 0
212.17832167832168 152.96853146853147 -1 0 0
222.24825174825176 175.2062937062937 -1 0 0
232.31818181818178 155.486013986014 -1 0 0
247.00349650349654 154.22727272727275 -1 0 0
257.07342657342656 177.72377622377624 -1 0 0
237.35314685314688 170.1713286713287 -1 0 0
283.92657342657344 150.45104895104896 -1 0 0
289.3811188811188 168.0734265734266 -1 0 0
275.534965034965 141.63986013986016 -1 0 0
277.6328671328671 128.21328671328672 -1 0 0
215.95454545454547 30.870629370629356 -1 0 0
228.96153846153848 30.870629370629356 -1 0 0
228.12237762237763 22.05944055944053 -1 0 0
219.73076923076925 12.409090909090908 -1 0 0
241.1293706293706 13.667832167832161 -1 0 0
228.12237762237763 11.989510489510481 -1 0 0
252.45804195804195 28.353146853146857 -1 0 0
237.35314685314688 27.933566433566426 -1 0 0
246.58391608391608 37.16433566433565 -1 0 0
239.45104895104896 47.23426573426574 -1 0 0
245.74475524475523 60.66083916083916 -1 0 0
189.520979020979 27.094405594405604 -1 0 0
186.16433566433565 40.94055944055944 -1 0 0
178.1923076923077 44.7167832167832 -1 0 0
190.7797202797203 44.2972027972028 -1 0 0
205.46503496503496 37.16433566433565 -1 0 0
183.22727272727272 54.78671328671327 -1 0 0
173.15734265734264 58.14335664335664 -1 0 0
158.8916083916084 69.47202797202797 -1 0 0
146.72377622377624 71.15034965034965 -1 0 0
142.10839160839163 86.25524475524475 -1 0 0
133.29720279720283 95.06643356643357 -1 0 0
119.87062937062939 87.0944055944056 -1 0 0
123.64685314685318 74.92657342657343 -1 0 0
116.09440559440561 69.89160839160839 -1 0 0
106.02447552447555 75.34615384615384 -1 0 0
134.55594405594408 73.66783216783217 -1 0 0
152.5979020979021 95.06643356643357 -1 0 0
144.20629370629374 101.77972027972028 -1 0 0
145.04545454545456 114.36713286713288 -1 0 0
160.5699300699301 97.16433566433567 -1 0 0
171.89860139860141 82.05944055944056 -1 0 0
171.479020979021 70.73076923076923 -1 0 0
102.66783216783219 45.55594405594405 -1 0 0
21.688811188811243 142.479020979021 -1 0 0
140.01048951048952 126.53496503496504 -1 0 0
154.6958041958042 123.59790209790211 -1 0 0
161.82867132867133 116.46503496503496 -1 0 0
171.479020979021 98.84265734265733 -1 0 0
212.17832167832168 14.087412587412587 -1 0 0
219.73076923076925 46.39510489510491 -1 0 0
210.9195804195804 45.97552447552448 -1 0 0
254.1363636363636 46.39510489510491 -1 0 0
260.0104895104895 35.066433566433545 -1 0 0
263.3671328671329 54.36713286713286 -1 0 0
263.3671328671329 74.08741258741259 -1 0 0
253.2972027972028 82.8986013986014 -1 0 0
238.19230769230768 68.2132867132867 -1 0 0
238.19230769230768 75.34615384615384 -1 0 0
240.29020979020981 90.87062937062936 -1 0 0
231.89860139860141 84.15734265734265 -1 0 0
219.31118881118883 71.15034965034965 -1 0 0
215.11538461538458 60.66083916083916 -1 0 0
218.8916083916084 54.36713286713286 -1 0 0
197.0734265734266 77.02447552447552 -1 0 0
189.520979020979 81.22027972027972 -1 0 0
187.84265734265736 67.7937062937063 -1 0 0
193.71678321678323 61.91958041958041 -1 0 0
178.61188811188813 96.74475524475525 -1 0 0
195.39510489510488 96.74475524475525 -1 0 0
199.5909090909091 87.93356643356643 -1 0 0
207.56293706293704 91.70979020979021 -1 0 0
215.95454545454547 90.87062937062936 -1 0 0
236.09440559440557 99.68181818181819 -1 0 0
228.54195804195803 101.77972027972028 -1 0 0
214.27622377622373 111.84965034965035 -1 0 0
206.3041958041958 109.75174825174827 -1 0 0
185.32517482517486 115.2062937062937 -1 0 0
172.73776223776227 123.17832167832167 -1 0 0
197.91258741258744 131.9895104895105 -1 0 0
209.66083916083917 135.76573426573427 -1 0 0
222.24825174825176 131.9895104895105 -1 0 0
228.12237762237763 118.56293706293705 -1 0 0
241.1293706293706 120.24125874125876 -1 0 0
249.94055944055947 133.24825174825176 -1 0 0
259.17132867132864 133.24825174825176 -1 0 0
250.77972027972032 107.65384615384616 -1 0 0
249.520979020979 95.06643356643357 -1 0 0
259.17132867132864 99.68181818181819 -1 0 0
262.9475524475524 90.87062937062936 -1 0 0
270.0804195804195 90.03146853146853 -1 0 0
274.2762237762238 77.02447552447552 -1 0 0
280.9895104895105 64.01748251748252 -1 0 0
273.8566433566433 64.01748251748252 -1 0 0
274.69580419580416 45.55594405594405 -1 0 0
270.91958041958037 35.9055944055944 -1 0 0
264.62587412587413 17.863636363636346 -1 0 0
256.6538461538462 19.961538461538453 -1 0 0
257.49300699300693 6.534965034965013 -1 0 0
263.7867132867133 5.695804195804186 -1 0 0
231.05944055944056 4.437062937062933 -1 0 0
285.60489510489504 4.437062937062933 -1 0 0
271.7587412587412 4.85664335664336 -1 0 0
293.5769230769231 13.667832167832161 -1 0 0
291.8986013986014 5.276223776223759 -1 0 0
306.58391608391605 7.374125874125866 -1 0 0
316.6538461538461 4.437062937062933 -1 0 0
308.68181818181813 16.604895104895093 -1 0 0
301.12937062937056 18.283216783216773 -1 0 0
290.63986013986016 28.353146853146857 -1 0 0
288.54195804195797 20.800699300699307 -1 0 0
281.82867132867136 38.423076923076906 -1 0 0
295.6748251748252 38.84265734265733 -1 0 0
285.60489510489504 51.849650349650354 -1 0 0
301.12937062937056 46.39510489510491 -1 0 0
305.3251748251748 34.64685314685315 -1 0 0
308.68181818181813 28.353146853146857 -1 0 0
321.6888111888112 16.604895104895093 -1 0 0
323.3671328671328 5.276223776223759 -1 0 0
330.91958041958037 11.569930069930052 -1 0 0
338.47202797202794 9.052447552447546 -1 0 0
339.73076923076917 2.339160839160826 -1 0 0
355.2552447552447 9.472027972027973 -1 0 0
366.58391608391605 10.730769230769226 -1 0 0
381.2692307692307 13.248251748251734 -1 0 0
374.9755244755245 4.437062937062933 -1 0 0
387.98251748251744 10.3111888111888 -1 0 0
397.2132867132867 16.185314685314665 -1 0 0
410.2202797202797 7.374125874125866 -1 0 0
407.28321678321674 17.02447552447552 -1 0 0
416.9335664335664 11.569930069930052 -1 0 0
404.3461538461538 25.83566433566432 -1 0 0
363.22727272727263 17.863636363636346 -1 0 0
335.9545454545454 17.02447552447552 -1 0 0
343.0874125874126 27.933566433566426 -1 0 0
342.6678321678321 22.05944055944053 -1 0 0
334.2762237762238 31.709790209790185 -1 0 0
324.20629370629365 32.12937062937061 -1 0 0
315.81468531468533 31.290209790209786 -1 0 0
317.9125874125874 42.61888111888112 -1 0 0
342.6678321678321 42.61888111888112 -1 0 0
335.1153846153845 54.78671328671327 -1 0 0
324.20629370629365 60.24125874125874 -1 0 0
314.555944055944 56.04545454545455 -1 0 0
318.75174825174827 69.89160839160839 -1 0 0
326.30419580419573 72.4090909090909 -1 0 0
313.71678321678314 82.8986013986014 -1 0 0
319.17132867132864 98.84265734265733 -1 0 0
291.8986013986014 70.73076923076923 -1 0 0
289.3811188811188 79.12237762237763 -1 0 0
284.3461538461538 87.93356643356643 -1 0 0
290.63986013986016 94.22727272727272 -1 0 0
296.9335664335664 82.05944055944056 -1 0 0
299.0314685314685 111.43006993006995 -1 0 0
289.8006993006993 109.33216783216783 -1 0 0
287.28321678321674 124.43706293706293 -1 0 0
294.41608391608395 125.27622377622379 -1 0 0
307.8426573426573 123.17832167832167 -1 0 0
297.77272727272725 130.31118881118883 -1 0 0
299.0314685314685 135.76573426573427 -1 0 0
288.96153846153845 138.2832167832168 -1 0 0
299.0314685314685 150.45104895104896 -1 0 0
310.36013986013984 133.24825174825176 -1 0 0
320.0104895104895 150.8706293706294 -1 0 0
322.9475524475524 165.13636363636365 -1 0 0
331.33916083916085 152.54895104895107 -1 0 0
365.3251748251748 160.1013986013986 -1 0 0
357.77272727272725 152.96853146853147 -1 0 0
374.1363636363636 152.54895104895107 -1 0 0
382.52797202797194 150.03146853146853 -1 0 0
389.24125874125866 176.8846153846154 -1 0 0
372.8776223776223 179.40209790209792 -1 0 0
345.18531468531467 175.2062937062937 -1 0 0
333.8566433566433 168.9125874125874 -1 0 0
334.69580419580416 131.15034965034965 -1 0 0
348.96153846153845 117.30419580419581 -1 0 0
344.3461538461538 109.33216783216783 -1 0 0
342.6678321678321 99.68181818181819 -1 0 0
347.28321678321674 90.87062937062936 -1 0 0
348.1223776223776 84.15734265734265 -1 0 0
337.6328671328671 79.96153846153847 -1 0 0
328.8216783216783 98.0034965034965 -1 0 0
326.7237762237762 88.77272727272728 -1 0 0
305.3251748251748 88.35314685314685 -1 0 0
356.513986013986 102.61888111888112 -1 0 0
376.2342657342657 106.81468531468529 -1 0 0
383.3671328671328 117.72377622377624 -1 0 0
376.2342657342657 137.02447552447552 -1 0 0
368.68181818181813 139.12237762237763 -1 0 0
394.2762237762237 139.12237762237763 -1 0 0
413.1573426573426 168.9125874125874 -1 0 0
418.1923076923076 146.67482517482517 -1 0 0
406.4440559440559 120.24125874125876 -1 0 0
389.24125874125866 105.97552447552448 -1 0 0
403.50699300699296 109.75174825174827 -1 0 0
417.77272727272725 95.9055944055944 -1 0 0
416.513986013986 79.54195804195804 -1 0 0
415.2552447552447 66.95454545454545 -1 0 0
401.4090909090909 69.05244755244755 -1 0 0
396.79370629370624 63.59790209790209 -1 0 0
388.8216783216783 66.95454545454545 -1 0 0
380.43006993006986 82.8986013986014 -1 0 0
390.0804195804195 91.70979020979021 -1 0 0
371.61888111888106 72.4090909090909 -1 0 0
362.80769230769226 66.53496503496504 -1 0 0
348.96153846153845 75.34615384615384 -1 0 0
343.0874125874126 66.53496503496504 -1 0 0
351.4790209790209 53.1083916083916 -1 0 0
354.8356643356643 46.39510489510491 -1 0 0
354.8356643356643 39.68181818181819 -1 0 0
362.80769230769226 32.54895104895104 -1 0 0
369.1013986013986 30.031468531468533 -1 0 0
384.62587412587413 23.737762237762237 -1 0 0
380.84965034965035 32.12937062937061 -1 0 0
395.534965034965 30.870629370629356 -1 0 0
392.5979020979021 19.961538461538453 -1 0 0
385.88461538461536 40.52097902097901 -1 0 0
379.590909090909 49.75174825174826 -1 0 0
373.2972027972028 59.40209790209791 -1 0 0
404.3461538461538 40.94055944055944 -1 0 0
400.15034965034965 54.78671328671327 -1 0 0
390.91958041958037 49.75174825174826 -1 0 0
385.88461538461536 60.66083916083916 -1 0 0
23.786713286713336 12.409090909090908 -1 0 0
5.325174825174884 35.9055944055944 -1 0 0
413.1573426573426 37.58391608391608 -1 0 0
417.77272727272725 111.43006993006995 -1 0 0
275.534965034965 24.157342657342667 -1 0 0
244.486013986014 22.898601398601386 -1 0 0
