1011.2993716861703 572.2073202064793 -1 0 0
980.4332328965503 536.0194333496834 -1 0 0
776.0781071169973 615.8456543573213 -1 0 0
880.3843692336442 597.7517109289234 -1 0 0
852.7112792843297 564.7568729124331 -1 0 0
895.2852638217365 550.9203279377758 -1 0 0
619.6187139420272 643.5187443066358 -1 0 0
492.9611099432416 638.19699623946 -1 0 0
594.0743232195829 586.0438651811364 -1 0 0
666.4500969331746 548.7916287109055 -1 0 0
735.6328218064608 543.4698806437297 -1 0 0
781.3998551841731 571.1429705930441 -1 0 0
846.3251816037186 513.6680914675447 -1 0 0
926.1514026113565 463.64365963609174 -1 0 0
987.8836801905965 451.93581388830484 -1 0 0
1020.8785182070868 449.80711466143447 -1 0 0
1008.1063228458647 416.81227664494423 -1 0 0
914.4435568635696 434.90622007334207 -1 0 0
811.2016443603579 492.38109919884135 -1 0 0
721.7962768318035 510.4750426272393 -1 0 0
729.2467241258497 488.1237007451007 -1 0 0
627.0691612360733 513.6680914675447 -1 0 0
507.8620045313339 526.4402868287668 -1 0 0
472.7384672879734 571.1429705930441 -1 0 0
433.35753159087193 570.0786209796089 -1 0 0
317.34342372643823 615.8456543573213 -1 0 0
595.1386728330182 464.7080092495269 -1 0 0
652.6135519585173 454.06451311517515 -1 0 0
689.8657884287484 440.2279681405179 -1 0 0
717.5388783780628 439.1636185270828 -1 0 0
779.2711559573029 440.2279681405179 -1 0 0
831.4242870156263 426.3914231658607 -1 0 0
891.0278653679958 422.13402471212004 -1 0 0
909.1218087963939 422.13402471212004 -1 0 0
917.6366057038751 407.23313012402764 -1 0 0
929.3444514516622 381.68873940158346 -1 0 0
913.3792072501345 387.0104874687593 -1 0 0
951.6957933338007 373.17394249410216 -1 0 0
983.6262817368558 389.1391866956297 -1 0 0
1015.5567701399109 377.4313409478428 -1 0 0
1012.3637212996055 355.07999906570427 -1 0 0
978.30453366968 372.1095928806669 -1 0 0
993.2054282577724 358.27304790600965 -1 0 0
1015.5567701399109 347.629551771658 -1 0 0
1017.6854693667814 340.17910447761176 -1 0 0
954.888842174106 358.27304790600965 -1 0 0
962.3392894681522 347.629551771658 -1 0 0
939.9879475860137 349.7582509985283 -1 0 0
930.4088010650971 357.2086982925746 -1 0 0
887.8348165276904 373.17394249410216 -1 0 0
884.6417676873849 387.0104874687593 -1 0 0
872.933921939598 401.91138205685183 -1 0 0
860.1617265783759 375.3026417209724 -1 0 0
803.7511970663118 392.33223553593524 -1 0 0
821.8451404947097 399.7826828299814 -1 0 0
764.3702613692105 412.55487819120344 -1 0 0
769.6920094363862 394.46093476280555 -1 0 0
743.083269100507 401.91138205685183 -1 0 0
800.5581482260063 437.03491930021244 -1 0 0
706.8953822437112 422.13402471212004 -1 0 0
622.8117627823326 439.1636185270828 -1 0 0
587.688225538972 439.1636185270828 -1 0 0
563.208184429963 466.83670847639723 -1 0 0
525.955947959732 459.38626118235106 -1 0 0
506.7976549178989 498.7671968794524 -1 0 0
452.51582463270506 484.9306519047951 -1 0 0
462.0949711536216 451.93581388830484 -1 0 0
430.1644827505665 446.61406582112903 -1 0 0
412.07053932216854 481.7376030644897 -1 0 0
367.3678555578913 533.890734122813 -1 0 0
352.46696096979883 498.7671968794524 -1 0 0
296.05643145773473 503.02459533319313 -1 0 0
242.8389507859761 536.0194333496834 -1 0 0
186.42842127391205 588.1725644080068 -1 0 0
216.23021045009688 660.5483381215985 -1 0 0
110.85959872001483 578.5934178870903 -1 0 0
144.91878634994032 597.7517109289234 -1 0 0
59.77081727512653 528.5689860556372 -1 0 0
99.1517529722279 506.21764417349857 -1 0 0
65.09256534230241 461.51496040922143 -1 0 0
4.424637376497597 439.1636185270828 -1 0 0
16.13248312428452 414.6835774180738 -1 0 0
97.02305374535756 414.6835774180738 -1 0 0
118.310046014061 446.61406582112903 -1 0 0
114.0526475603203 473.2228061570083 -1 0 0
152.36923364398655 433.84187045990683 -1 0 0
193.87886856795822 478.54455422418414 -1 0 0
203.4580150888748 441.2923177539531 -1 0 0
252.41809730689272 473.2228061570083 -1 0 0
221.5519585172727 437.03491930021244 -1 0 0
283.28423609651264 454.06451311517515 -1 0 0
300.31382991147547 448.7427650479992 -1 0 0
275.8337888024665 477.480204610749 -1 0 0
358.8530586504099 461.51496040922143 -1 0 0
392.9122462803354 440.2279681405179 -1 0 0
356.72435942353957 431.7131712330366 -1 0 0
315.21472449956786 426.3914231658607 -1 0 0
281.1555368696423 422.13402471212004 -1 0 0
252.41809730689272 399.7826828299814 -1 0 0
217.294560063532 399.7826828299814 -1 0 0
140.6613878961996 402.9757316702869 -1 0 0
168.33447784551413 392.33223553593524 -1 0 0
215.16586083666166 375.3026417209724 -1 0 0
128.95354214841274 377.4313409478428 -1 0 0
107.66654987970931 389.1391866956297 -1 0 0
83.18650877070033 377.4313409478428 -1 0 0
61.899516501996885 399.7826828299814 -1 0 0
38.48382500642309 402.9757316702869 -1 0 0
20.389881578025168 380.6243897881483 -1 0 0
39.548174619858266 380.6243897881483 -1 0 0
453.5801742461402 411.4905285777682 -1 0 0
474.8671665148436 407.23313012402764 -1 0 0
505.73330530446367 414.6835774180738 -1 0 0
571.7229813374443 409.36182935089795 -1 0 0
631.326559689814 410.42617896433313 -1 0 0
606.8465185808051 407.23313012402764 -1 0 0
595.1386728330182 397.65398360311104 -1 0 0
662.192698479434 396.58963398967586 -1 0 0
688.8014388153131 392.33223553593524 -1 0 0
714.3458295377574 387.0104874687593 -1 0 0
735.6328218064608 379.5600401747132 -1 0 0
756.9198140751641 377.4313409478428 -1 0 0
787.7859528647842 373.17394249410216 -1 0 0
797.3650993857007 355.07999906570427 -1 0 0
330.1156190876602 578.5934178870903 -1 0 0
327.9869198607899 578.5934178870903 -1 0 0
33.16207693924727 349.7582509985283 -1 0 0
46.998621913904486 350.82260061196354 -1 0 0
55.513418821385834 374.2382921075373 -1 0 0
69.34996379604311 364.6591455866208 -1 0 0
118.310046014061 358.27304790600965 -1 0 0
97.02305374535756 366.7878448134911 -1 0 0
103.4091514259686 350.82260061196354 -1 0 0
89.57260645131139 350.82260061196354 -1 0 0
85.31520799757068 340.17910447761176 -1 0 0
85.31520799757068 317.8277625954732 -1 0 0
68.28561418260793 338.05040525074145 -1 0 0
133.21094060215339 362.5304463597504 -1 0 0
151.30488403055136 359.3373975194449 -1 0 0
157.69098171116238 369.9808936537966 -1 0 0
173.65622591268993 364.6591455866208 -1 0 0
204.52236470230991 364.6591455866208 -1 0 0
231.13110503818922 369.9808936537966 -1 0 0
271.5763903487258 369.9808936537966 -1 0 0
291.79903300399405 396.58963398967586 -1 0 0
338.6304159951416 387.0104874687593 -1 0 0
373.75395323850233 404.0400812837221 -1 0 0
398.2339943475112 402.9757316702869 -1 0 0
421.6496858430851 384.881788241889 -1 0 0
463.1593207670567 372.1095928806669 -1 0 0
447.19407656552914 372.1095928806669 -1 0 0
482.31761380888986 379.5600401747132 -1 0 0
504.66895569102843 390.2035363090649 -1 0 0
501.475906850723 374.2382921075373 -1 0 0
531.2776960269078 381.68873940158346 -1 0 0
549.3716394553057 369.9808936537966 -1 0 0
555.7577371359167 388.07483708219456 -1 0 0
590.8812743792774 372.1095928806669 -1 0 0
634.5196085301195 373.17394249410216 -1 0 0
651.5492023450822 369.9808936537966 -1 0 0
666.4500969331746 350.82260061196354 -1 0 0
680.286641907832 369.9808936537966 -1 0 0
693.0588372690538 369.9808936537966 -1 0 0
702.6379837899705 359.3373975194449 -1 0 0
695.1875364959243 351.8869502253987 -1 0 0
707.9597318571462 345.5008525447876 -1 0 0
728.1823745124144 362.5304463597504 -1 0 0
752.6624156214234 355.07999906570427 -1 0 0
766.4989605960808 360.40174713288 -1 0 0
780.3355055707381 360.40174713288 -1 0 0
763.3059117557752 334.85735641043595 -1 0 0
748.4050171676827 332.7286571835656 -1 0 0
711.1527806974518 325.27820988951936 -1 0 0
680.286641907832 334.85735641043595 -1 0 0
657.9353000256932 329.5356083432601 -1 0 0
644.098755051036 347.629551771658 -1 0 0
627.0691612360733 352.95129983883385 -1 0 0
623.8761123957678 332.7286571835656 -1 0 0
633.4552589166842 323.14951066264905 -1 0 0
605.7821689673698 325.27820988951936 -1 0 0
593.0099736061477 328.4712587298249 -1 0 0
610.0395674211105 351.8869502253987 -1 0 0
590.8812743792774 347.629551771658 -1 0 0
572.7873309508794 350.82260061196354 -1 0 0
571.7229813374443 332.7286571835656 -1 0 0
540.8568425478244 335.92170602387114 -1 0 0
536.5994440940835 347.629551771658 -1 0 0
540.8568425478244 355.07999906570427 -1 0 0
551.5003386821759 332.7286571835656 -1 0 0
551.5003386821759 322.08516104921387 -1 0 0
552.5646882956112 310.37731530142696 -1 0 0
776.0781071169973 334.85735641043595 -1 0 0
825.0381893350151 377.4313409478428 -1 0 0
822.9094901081448 366.7878448134911 -1 0 0
833.5529862424964 357.2086982925746 -1 0 0
814.3946932006635 357.2086982925746 -1 0 0
822.9094901081448 336.9860556373063 -1 0 0
837.8103846962372 336.9860556373063 -1 0 0
899.5426622754773 362.5304463597504 -1 0 0
877.1913203933387 362.5304463597504 -1 0 0
897.413963048607 335.92170602387114 -1 0 0
919.7653049307455 344.4365029313525 -1 0 0
921.6637937075188 321.5529862424962 -1 0 0
969.8256137154602 334.5912690070771 -1 0 0
981.799546866606 333.2608319902831 -1 0 0
999.8934902950039 330.866045360054 -1 0 0
1008.9404620092029 336.98605563730626 -1 0 0
1016.390909303249 319.6903744189847 -1 0 0
1016.1248218998903 306.1199168476862 -1 0 0
1017.7213463200429 298.40338215028123 -1 0 0
1004.1508887487445 299.4677317637164 -1 0 0
999.6274028916451 308.7807908812742 -1 0 0
983.6621586901175 313.57036414173245 -1 0 0
968.4951766986663 322.8834232592902 -1 0 0
961.0447294046202 317.8277625954731 -1 0 0
954.9247191273679 307.98252867119777 -1 0 0
966.6325648751548 303.1929554107395 -1 0 0
975.1473617826362 307.1842664611214 -1 0 0
988.9839067572933 297.6051199402049 -1 0 0
1003.8848013453858 290.42076004951747 -1 0 0
995.3700044379044 296.0085955200521 -1 0 0
984.9925957069115 286.6955364024944 -1 0 0
975.4134491859949 285.3650993857004 -1 0 0
964.7699530516433 289.8885852427998 -1 0 0
952.2638450937799 291.2190222595938 -1 0 0
948.5386214467568 279.7772639151657 -1 0 0
943.216873379581 287.7598860159295 -1 0 0
938.4273001191227 290.42076004951747 -1 0 0
926.1872795646182 290.42076004951747 -1 0 0
916.3420456403429 293.61380888982296 -1 0 0
925.122929951183 299.7338191670752 -1 0 0
924.3246677411066 308.7807908812742 -1 0 0
909.1576857496555 316.23123817532036 -1 0 0
948.8047088501156 335.1234438137947 -1 0 0
943.7490481862986 319.6903744189847 -1 0 0
941.6203489594283 306.6520916544038 -1 0 0
950.6673206736272 299.99990657043406 -1 0 0
1002.8204517319506 322.08516104921387 -1 0 0
855.6741176745383 343.37215331791725 -1 0 0
873.5019736995774 339.38084226753534 -1 0 0
882.5489454137763 334.5912690070771 -1 0 0
899.578539228739 321.0208114357787 -1 0 0
884.6776446406467 317.82776259547313 -1 0 0
899.0463644220214 311.44166491486214 -1 0 0
907.8272487328616 290.68684745287635 -1 0 0
895.3211407749983 302.92686800738073 -1 0 0
889.201130497746 306.91817905776264 -1 0 0
875.6306729264477 312.2399271249385 -1 0 0
873.7680611029361 323.9477728727254 -1 0 0
858.601079111485 332.72865718356553 -1 0 0
849.2880199939273 329.00343353654245 -1 0 0
854.6097680611031 314.3686263518088 -1 0 0
844.2323593301101 318.8921122089083 -1 0 0
847.9575829771331 307.716441267839 -1 0 0
839.1766986662931 314.9008011585264 -1 0 0
809.6409968934671 330.866045360054 -1 0 0
800.860112582627 334.5912690070771 -1 0 0
788.6200920281225 339.1147548641765 -1 0 0
789.1522668348401 331.66430757013035 -1 0 0
772.654847826595 327.6729965197485 -1 0 0
825.6062410949946 388.87309929227075 -1 0 0
907.5611613295027 401.64529465349284 -1 0 0
805.6496858430852 319.6903744189847 -1 0 0
819.2201434143836 315.6990633686028 -1 0 0
826.6705907084299 309.5790530913506 -1 0 0
831.7262513722469 302.92686800738073 -1 0 0
843.168009716675 299.4677317637165 -1 0 0
835.45147501927 297.60511994020493 -1 0 0
840.7732230864458 287.7598860159296 -1 0 0
845.5627963469042 286.4294489991356 -1 0 0
844.4984467334689 281.10770093195976 -1 0 0
841.0393104898046 276.0520402681427 -1 0 0
813.3662205404902 269.9320299908905 -1 0 0
812.8340457337725 282.70422535211253 -1 0 0
811.5036087169786 287.227711209212 -1 0 0
817.6236189942309 294.41207109989944 -1 0 0
826.1384159017123 295.2103333099758 -1 0 0
830.9279891621705 287.7598860159296 -1 0 0
819.2201434143836 305.5877420409687 -1 0 0
810.1731717001848 308.7807908812742 -1 0 0
794.7401023053748 316.2312381753204 -1 0 0
784.8948683810994 310.1112278980682 -1 0 0
776.6461588769769 305.5877420409687 -1 0 0
785.427043187817 300.26599397379283 -1 0 0
802.9888118094974 297.07294513348734 -1 0 0
808.3105598766732 299.99990657043406 -1 0 0
796.8688015322451 294.41207109989944 -1 0 0
798.4653259523978 288.82423562936475 -1 0 0
793.6757526919396 275.5198654614251 -1 0 0
787.8218298180461 280.57552612524216 -1 0 0
783.0322565575879 281.3737883353186 -1 0 0
772.9209352299538 280.841613528601 -1 0 0
773.9852848433889 287.7598860159296 -1 0 0
779.3070329105648 285.8972741924181 -1 0 0
782.5000817508703 291.4851096629527 -1 0 0
779.0409455072061 296.54077032676975 -1 0 0
769.7278863896483 302.66078060402197 -1 0 0
768.9296241795719 290.68684745287635 -1 0 0
876.6950225398829 300.26599397379283 -1 0 0
861.5280405484317 305.5877420409687 -1 0 0
867.6480508256839 302.1286057973044 -1 0 0
870.0428374559131 293.87989629318184 -1 0 0
861.2619531450729 291.4851096629527 -1 0 0
861.7941279517905 284.03466236890654 -1 0 0
850.6184570107212 295.47642071333456 -1 0 0
888.136780884311 295.47642071333456 -1 0 0
892.1280919346929 287.7598860159296 -1 0 0
886.2741690607994 278.9790017050894 -1 0 0
901.1750636488918 286.4294489991356 -1 0 0
908.3594235395792 280.30943872188345 -1 0 0
758.2861280452202 317.0295003853968 -1 0 0
765.4704879359076 315.29993226356464 -1 0 0
744.9817578772805 319.0251559105878 -1 0 0
736.3339172681198 318.3599374021908 -1 0 0
725.9565085371269 324.0808165744048 -1 0 0
721.6991100833861 324.7460350828018 -1 0 0
721.4330226800273 315.56601966692347 -1 0 0
726.355639642165 306.2529605493657 -1 0 0
736.9991357765167 294.27902739822 -1 0 0
746.3121948940744 303.19295541073956 -1 0 0
753.0974236797238 295.3433770116552 -1 0 0
760.0156961670523 298.5364258519607 -1 0 0
766.933968654381 281.63987573867735 -1 0 0
756.6896036250674 286.03031789409744 -1 0 0
749.3722000327006 289.22336673440293 -1 0 0
739.6600098101047 282.9703127554713 -1 0 0
729.0165136757529 274.58855954966936 -1 0 0
729.68173218415 291.4851096629527 -1 0 0
728.3512951673559 286.2964052974562 -1 0 0
718.3730175414012 284.9659682806623 -1 0 0
958.0818910144118 483.86630229136006 -1 0 0
566.1112278980685 373.4400298974608 -1 0 0
517.4172330834093 342.30780370448207 -1 0 0
507.03982435241636 356.94261088921564 -1 0 0
487.3493565038657 367.3200196202086 -1 0 0
479.6328218064607 354.81391166234533 -1 0 0
460.4745287646276 351.08868801532225 -1 0 0
423.2222922943966 364.6591455866207 -1 0 0
407.78922289958666 365.9895826034146 -1 0 0
373.99612267301995 374.7704669142548 -1 0 0
399.27442599210525 346.8312895615815 -1 0 0
371.86742344614964 336.18779342722985 -1 0 0
384.6396188073717 342.5738911078409 -1 0 0
392.09006610141785 332.9947445869243 -1 0 0
398.4761637820289 329.53560834326 -1 0 0
417.3683694205032 348.6939013850931 -1 0 0
444.77537196645886 342.30780370448207 -1 0 0
460.74061616798645 330.5999579566952 -1 0 0
472.1823745124145 330.0677831499776 -1 0 0
474.8432485460025 342.30780370448207 -1 0 0
484.6884824702778 331.9303949734891 -1 0 0
492.6711045710416 339.38084226753534 -1 0 0
498.7911148482939 333.79300679700066 -1 0 0
517.949407890127 329.0034335365424 -1 0 0
491.8728423609652 323.41559806600776 -1 0 0
496.1302408147058 314.3686263518088 -1 0 0
365.48132576553854 321.55298624249616 -1 0 0
372.665685656226 317.8277625954731 -1 0 0
380.64830775698977 315.96515077196153 -1 0 0
382.77700698386013 328.20517132646603 -1 0 0
373.19786046294354 307.98252867119777 -1 0 0
367.6100249924089 299.46773176371636 -1 0 0
375.59264709317273 293.08163408310537 -1 0 0
393.95267792492945 299.999906570434 -1 0 0
392.09006610141785 291.75119706631136 -1 0 0
385.1717936140892 291.4851096629526 -1 0 0
407.52313549622784 306.9181790577626 -1 0 0
403.5318244458459 311.1755775115033 -1 0 0
420.0292434540911 313.30427673837363 -1 0 0
423.4883796977554 338.0504052507414 -1 0 0
423.4883796977554 328.7373461331837 -1 0 0
429.60838997500764 323.6816854693665 -1 0 0
430.6727395884428 311.4416649148621 -1 0 0
410.18400952981574 302.66078060402197 -1 0 0
421.35968047088505 295.47642071333445 -1 0 0
425.35099152126696 296.2746829234109 -1 0 0
430.40665218508406 292.81554667974655 -1 0 0
447.7023334034056 317.8277625954731 -1 0 0
457.01539252096336 311.4416649148621 -1 0 0
463.93366500829194 310.3773153014269 -1 0 0
469.2554130754678 316.76341298203795 -1 0 0
475.9075981594376 323.6816854693665 -1 0 0
481.49543362997224 315.96515077196153 -1 0 0
484.6884824702778 306.1199168476862 -1 0 0
504.1128629154697 317.8277625954731 -1 0 0
511.0311354027984 305.58774204096864 -1 0 0
520.344194520356 309.5790530913505 -1 0 0
531.7859528647841 308.2486160745566 -1 0 0
543.2277112092122 306.9181790577626 -1 0 0
550.4120710998997 298.9355569569988 -1 0 0
546.1546726461589 293.87989629318173 -1 0 0
539.7685749655479 299.2016443603576 -1 0 0
559.4590428140987 300.79816878051037 -1 0 0
563.1842664611218 300.79816878051037 -1 0 0
577.5529862424966 306.1199168476862 -1 0 0
572.7634129820382 316.23123817532036 -1 0 0
583.1408217130311 314.9008011585264 -1 0 0
597.7756288977648 305.05556723425104 -1 0 0
606.556513208605 309.5790530913505 -1 0 0
615.0713101160862 313.30427673837363 -1 0 0
614.0069605026512 306.1199168476862 -1 0 0
606.556513208605 298.66946955364006 -1 0 0
606.2904258052462 290.6868474528763 -1 0 0
592.4538808305889 291.2190222595938 -1 0 0
580.4799476794433 294.67815850325815 -1 0 0
571.6990633686031 293.87989629318173 -1 0 0
577.0208114357789 295.7425081166933 -1 0 0
529.9233410412726 298.13729474692246 -1 0 0
522.2068063438676 298.13729474692246 -1 0 0
528.3268166211199 290.15467264615864 -1 0 0
474.57716114264366 292.54945927638784 -1 0 0
595.9130170742533 343.1060659145584 -1 0 0
606.0243384018873 338.84866746081775 -1 0 0
552.4077266250906 284.03466236890637 -1 0 0
558.5277369023428 282.70422535211236 -1 0 0
567.7077523182212 284.69988087730337 -1 0 0
576.7547240324201 285.09901198234155 -1 0 0
575.1581996122674 275.3868217597456 -1 0 0
580.746035082802 271.5285544110431 -1 0 0
586.2008268516572 273.52420993623406 -1 0 0
595.3808422675356 274.05638474295165 -1 0 0
596.3121481792914 283.23640015883 -1 0 0
602.0330273515053 284.03466236890637 -1 0 0
618.2643589563918 284.43379347394455 -1 0 0
616.9339219395978 277.78160838997474 -1 0 0
608.1530376287576 279.5111765118069 -1 0 0
634.761777964637 284.96596828066214 -1 0 0
622.6548011118119 286.16336159577673 -1 0 0
635.5600401747132 297.0729451334872 -1 0 0
629.7061173008199 304.2573050241746 -1 0 0
634.8948216663164 303.7251302174571 -1 0 0
646.0704926073856 305.72078574264793 -1 0 0
640.7487445402097 316.4973255786791 -1 0 0
657.9113820568518 311.3086212131826 -1 0 0
668.6879218928831 311.57470861654144 -1 0 0
661.5035620021956 304.1242613224952 -1 0 0
654.9844206199052 298.93555695699877 -1 0 0
659.9070375820429 295.2103333099757 -1 0 0
666.9583537710508 288.6911919276853 -1 0 0
666.0270478592951 275.78595286478384 -1 0 0
670.2844463130358 285.63118678905914 -1 0 0
653.9200710064699 282.0390068437154 -1 0 0
647.8000607292178 279.1120454067687 -1 0 0
641.4139630486068 290.287716347838 -1 0 0
602.8312895615818 302.79382430570126 -1 0 0
587.7973512718099 306.6520916544037 -1 0 0
583.9390839231074 286.9616238058531 -1 0 0
559.1929554107397 291.21902225959377 -1 0 0
614.8052227127274 298.13729474692246 -1 0 0
685.5844720061664 281.10770093195964 -1 0 0
701.0175414009764 278.97900170508933 -1 0 0
713.5236493588396 276.3181276715014 -1 0 0
685.4514283044871 306.1199168476862 -1 0 0
696.6270992455565 307.84948496951836 -1 0 0
694.0992689136478 297.0729451334872 -1 0 0
690.9062200733423 291.0859785579144 -1 0 0
680.1296802373113 289.8885852427998 -1 0 0
673.6105388550208 290.15467264615864 -1 0 0
647.9331044308973 322.61733585593134 -1 0 0
643.9417933805154 330.99908906173334 -1 0 0
712.8584308504427 284.1677060705858 -1 0 0
708.8671198000608 295.2103333099757 -1 0 0
714.3219115689161 311.70775231822086 -1 0 0
706.7384205731904 305.58774204096864 -1 0 0
702.7471095228086 301.5964309905867 -1 0 0
698.3566673673885 292.94859038142596 -1 0 0
695.0305748254036 285.63118678905914 -1 0 0
633.6974283512018 279.3781328101275 -1 0 0
676.8035876953263 309.9781841963887 -1 0 0
656.7139887417374 285.3650993857003 -1 0 0
649.2635414476912 288.95727933104405 -1 0 0
714.1888678672366 296.93990143180787 -1 0 0
754.235022072735 348.1617265783755 -1 0 0
445.7066778782146 304.78947983089216 -1 0 0
453.0240814705814 301.99556209562485 -1 0 0
448.23450821012307 294.81120220493744 -1 0 0
443.5779786513442 300.1329502721133 -1 0 0
464.7319272183683 295.4764207133344 -1 0 0
461.53887837806275 283.10335645715054 -1 0 0
457.28147992432207 284.30074977226514 -1 0 0
452.09277555882556 286.8285801041737 -1 0 0
447.9684208067643 281.240744633639 -1 0 0
443.17884754630603 278.4468268983717 -1 0 0
447.5692897017261 272.72594772615764 -1 0 0
455.2858243991311 277.5155209866159 -1 0 0
461.40583467638334 276.58421507486014 -1 0 0
478.7015158947049 282.17205054539477 -1 0 0
477.9032536846285 288.292060822647 -1 0 0
487.2163128021862 291.0859785579143 -1 0 0
488.01457501226264 298.2703384486017 -1 0 0
496.79545932310276 296.14163922173145 -1 0 0
502.25025109195803 291.7511970663113 -1 0 0
519.678976011959 285.2320556840209 -1 0 0
508.76939247424843 283.36944386050936 -1 0 0
498.7911148482938 282.57118165043295 -1 0 0
487.8815313105833 284.6998808773033 -1 0 0
491.47371125592696 276.4511713731807 -1 0 0
486.1519631887511 275.1207343563867 -1 0 0
477.1049914745521 256.49461612127124 -1 0 0
469.25541307546774 253.56765468432454 -1 0 0
445.04145936981763 255.5633102095155 -1 0 0
439.1875364959241 254.09982949104216 -1 0 0
437.3249246724126 266.472893747226 -1 0 0
442.24754163455026 270.1981173942491 -1 0 0
441.9814542311915 264.47723822203506 -1 0 0
447.83537710508494 268.33550557073755 -1 0 0
451.95973185714615 266.472893747226 -1 0 0
454.0884310840165 270.9963796043255 -1 0 0
457.68061102936025 272.85899142783705 -1 0 0
460.8736598696658 270.06507369256974 -1 0 0
465.26410202508583 271.79464181440187 -1 0 0
476.1736855627963 271.52855441104305 -1 0 0
471.2510686006587 267.13811225562296 -1 0 0
468.19106346203256 276.05204026814255 -1 0 0
537.7729194403569 278.4468268983717 -1 0 0
531.3868217597459 282.17205054539477 -1 0 0
527.6615981127228 276.9833461798983 -1 0 0
515.2885338565388 276.58421507486014 -1 0 0
519.2798449069209 275.51986546142496 -1 0 0
508.76939247424843 276.05204026814255 -1 0 0
544.8242356293649 284.5668371756239 -1 0 0
453.82234368065775 262.0824515918059 -1 0 0
461.53887837806275 261.6833204867678 -1 0 0
457.54756732768084 261.6833204867678 -1 0 0
563.9825286711981 282.1720505453948 -1 0 0
568.2399271249388 281.63987573867723 -1 0 0
349.38303786233155 290.95293485623495 -1 0 0
342.73085277836174 298.4033821502812 -1 0 0
349.7821689673697 314.6347137551675 -1 0 0
356.96652885805713 291.8842407679907 -1 0 0
364.55001985378277 289.4894541377616 -1 0 0
361.62305841683605 282.9703127554712 -1 0 0
375.19351598813444 282.57118165043295 -1 0 0
376.2578656015696 279.2450891084481 -1 0 0
381.97874477378366 281.6398757386772 -1 0 0
382.51091958050125 276.05204026814255 -1 0 0
394.61789643332634 278.84595800340986 -1 0 0
388.7639735594329 278.3137831966923 -1 0 0
403.5318244458459 277.38247728493656 -1 0 0
395.8152897484409 284.96596828066214 -1 0 0
403.1326933408077 286.8285801041737 -1 0 0
414.0422768785182 289.35641043608223 -1 0 0
419.7631560507322 283.5024875621888 -1 0 0
414.7074953869152 282.9703127554712 -1 0 0
413.90923317683877 273.1250788311959 -1 0 0
424.81881671454937 274.7216032513486 -1 0 0
430.9388269918016 283.5024875621888 -1 0 0
435.1962254455422 279.2450891084481 -1 0 0
434.39796323546585 273.1250788311959 -1 0 0
432.0031766052367 271.79464181440187 -1 0 0
427.6127344498167 262.4815826968441 -1 0 0
432.0031766052367 261.15114568005015 -1 0 0
423.35533599607595 256.76070352463006 -1 0 0
416.43706350874737 257.95809683974466 -1 0 0
411.5144465466097 256.0954850162331 -1 0 0
416.7031509121061 266.07376264218783 -1 0 0
410.1840095298157 271.3955107093637 -1 0 0
403.3987807441665 264.7433256253939 -1 0 0
402.0683437273725 260.61897087333256 -1 0 0
397.27877046691424 258.2241842431035 -1 0 0
387.0344054376007 263.54593231027934 -1 0 0
361.62305841683605 260.4859271716532 -1 0 0
364.0178450470651 266.33985004554665 -1 0 0
363.8848013453857 274.4555158479898 -1 0 0
358.82914068156873 271.26246700768434 -1 0 0
354.0395674211104 269.7989862892109 -1 0 0
350.97956228248427 277.5155209866159 -1 0 0
355.50304813958377 280.17639502020387 -1 0 0
343.7952023917969 277.5155209866159 -1 0 0
345.39172681194964 264.0781071169969 -1 0 0
351.2456496858431 264.3441945203557 -1 0 0
348.9839067572933 259.8207086632562 -1 0 0
345.1256394085908 259.55462125989743 -1 0 0
346.0569453203466 253.03547987760697 -1 0 0
354.571742227828 254.63200429775978 -1 0 0
367.3439375890501 253.70069838600395 -1 0 0
371.06916123607317 254.23287319272157 -1 0 0
371.86742344614953 249.3102562305839 -1 0 0
376.1248218998902 248.37895031882812 -1 0 0
375.32655968981385 262.21549529348533 -1 0 0
380.24917665195153 268.2024618690582 -1 0 0
377.3222152150048 271.66159811272246 -1 0 0
373.1978604629435 275.1207343563868 -1 0 0
367.8761123957676 272.72594772615764 -1 0 0
369.8717679209586 266.7389811505848 -1 0 0
374.3952537780581 266.6059374489055 -1 0 0
370.8030738327144 263.0137575035617 -1 0 0
365.0821946605003 259.6876649615768 -1 0 0
363.08653913530935 255.8293976128743 -1 0 0
367.61002499240885 257.2928783313477 -1 0 0
387.43353654263893 272.1937729194401 -1 0 0
383.3091817905776 270.06507369256974 -1 0 0
420.82750566416746 270.06507369256974 -1 0 0
399.93964450050214 269.5328988858521 -1 0 0
397.81094527363183 272.1937729194401 -1 0 0
392.48919720645597 269.5328988858521 -1 0 0
395.8152897484409 268.73463667577573 -1 0 0
391.9570223997384 258.62331534814166 -1 0 0
300.8220867493518 358.80522271272713 -1 0 0
283.92553663606844 354.94695536402463 -1 0 0
261.84028215728864 349.4921635951694 -1 0 0
259.4454955270595 373.83916100249894 -1 0 0
273.01595309835795 335.256487515474 -1 0 0
284.59075514446545 333.92605049868 -1 0 0
299.890780837596 337.11909933898556 -1 0 0
316.7873309508793 326.47560320463384 -1 0 0
325.43517156004015 330.0677831499776 -1 0 0
342.59780907668227 334.72431270875643 -1 0 0
353.90652371943094 327.539952818069 -1 0 0
356.1682666479808 342.4408474061614 -1 0 0
343.9282460934763 353.4834746455513 -1 0 0
346.0569453203466 363.99392707822363 -1 0 0
356.9665288580571 377.83047205288085 -1 0 0
330.4908322238572 367.32001962020854 -1 0 0
314.5255880223296 352.28608133043673 -1 0 0
257.58288370354796 324.4799476794429 -1 0 0
273.6811716067549 320.7547240324198 -1 0 0
281.6637937075187 316.76341298203795 -1 0 0
293.504683156985 314.6347137551676 -1 0 0
302.28556746782516 317.4286314904349 -1 0 0
263.7028939808002 315.69906336860276 -1 0 0
315.4568939340854 314.23558265012934 -1 0 0
320.11342349286423 311.9738397215797 -1 0 0
336.34475509775064 316.63036928035854 -1 0 0
187.60189662018544 345.3678088431081 -1 0 0
200.24104827972812 338.7156237591383 -1 0 0
217.13759839301147 334.0590942003594 -1 0 0
232.03849298110387 332.46256978020665 -1 0 0
239.88807138018825 326.07647209959566 -1 0 0
248.66895569102846 342.44084740616137 -1 0 0
238.0254595566767 346.29911475486387 -1 0 0
158.73141335575642 330.7330016583745 -1 0 0
170.4392591035433 335.25648751547396 -1 0 0
189.73059584705578 335.65561862051214 -1 0 0
184.14276037652115 330.0677831499775 -1 0 0
183.07841076308597 319.158199612267 -1 0 0
174.4305701539252 321.41994254081675 -1 0 0
165.64968584308505 312.23992712493833 -1 0 0
160.0618503725504 301.99556209562485 -1 0 0
170.4392591035433 299.3346880620369 -1 0 0
180.81666783453622 301.7294746922661 -1 0 0
193.1897320907201 305.85382944432735 -1 0 0
201.97061640156025 300.26599397379266 -1 0 0
215.6741176745381 305.98687314600676 -1 0 0
214.07759325438533 316.0981944736409 -1 0 0
221.39499684675218 315.8321070702821 -1 0 0
205.69584004858336 318.3599374021906 -1 0 0
230.9741433676687 319.823418120664 -1 0 0
238.0254595566767 313.57036414173234 -1 0 0
243.21416392217319 307.18426646112135 -1 0 0
251.86200453133398 314.23558265012934 -1 0 0
263.03767547240324 308.1155723728771 -1 0 0
269.4237731530143 306.2529605493655 -1 0 0
253.72461635484552 306.7851353560831 -1 0 0
259.84462663209774 301.33034358722784 -1 0 0
263.70289398080024 296.40772662509016 -1 0 0
268.75855464461733 294.67815850325803 -1 0 0
276.20900193866356 288.95727933104405 -1 0 0
265.43246210263237 289.88858524279976 -1 0 0
276.0759582369841 278.18073949501286 -1 0 0
269.9559479597319 280.97465723028023 -1 0 0
262.10636956064747 279.77726391516563 -1 0 0
258.78027701866256 284.8329245789827 -1 0 0
251.72896082965457 287.09466750753245 -1 0 0
255.05505337163945 293.61380888982285 -1 0 0
243.48025132553198 292.6825029780671 -1 0 0
237.49328474995914 296.9399014318078 -1 0 0
231.1071870693481 297.33903253684593 -1 0 0
226.05152640553104 301.33034358722784 -1 0 0
217.66977319972906 296.9399014318078 -1 0 0
218.86716651484363 291.3520659612731 -1 0 0
226.18457010721042 285.8972741924179 -1 0 0
230.70805596430992 282.0390068437154 -1 0 0
238.1585032583561 281.905963142036 -1 0 0
248.13678088431084 282.17205054539477 -1 0 0
251.72896082965457 277.9146520916541 -1 0 0
221.66108425011095 280.97465723028023 -1 0 0
204.89757783850698 277.78160838997474 -1 0 0
204.6314904351482 283.36944386050936 -1 0 0
190.92798916217035 291.0859785579143 -1 0 0
184.27580407820057 280.7085698269214 -1 0 0
160.86011258262675 279.37813281012745 -1 0 0
186.1384159017121 294.5451148015786 -1 0 0
135.84789666690025 343.638240721276 -1 0 0
151.8131408684278 343.638240721276 -1 0 0
226.58370121224863 355.87826127578046 -1 0 0
327.1647396818724 307.9825286711977 -1 0 0
293.10555205194686 294.4120710998993 -1 0 0
308.8047088501157 281.37378833531847 -1 0 0
285.65510475790063 281.37378833531847 -1 0 0
282.46205591759514 307.71644126783895 -1 0 0
287.78380398477094 307.4503538644802 -1 0 0
119.88265246537267 335.6556186205122 -1 0 0
146.75748020461074 314.36862635180876 -1 0 0
136.6461588769766 313.3042767383736 -1 0 0
116.68960362506715 317.5616751921143 -1 0 0
116.42351622170837 304.78947983089216 -1 0 0
122.54352649896062 305.58774204096864 -1 0 0
122.2774390956018 295.47642071333445 -1 0 0
133.7191974400299 298.1372947469224 -1 0 0
139.04094550720575 305.58774204096864 -1 0 0
143.29834396094645 298.66946955363994 -1 0 0
150.21661644827506 295.7425081166933 -1 0 0
150.21661644827506 288.82423562936464 -1 0 0
155.80445191880972 311.9738397215796 -1 0 0
152.3453156751454 305.85382944432735 -1 0 0
148.35400462476352 277.11638988157773 -1 0 0
137.7105084904118 281.37378833531847 -1 0 0
126.00266274262489 284.03466236890637 -1 0 0
115.09307920491439 277.9146520916541 -1 0 0
102.32088384369233 280.04335131852446 -1 0 0
110.03741854109734 271.26246700768434 -1 0 0
101.25653423025717 269.66594258753156 -1 0 0
103.11914605376872 258.4902716464622 -1 0 0
107.64263191086819 259.82070866325626 -1 0 0
114.02872959147923 266.472893747226 -1 0 0
124.67222572583094 269.3998551841728 -1 0 0
126.53483754934251 261.15114568005015 -1 0 0
136.91224628033544 257.42592203302706 -1 0 0
147.28965501132834 263.2798449069205 -1 0 0
139.30703291056454 264.61028192371447 -1 0 0
140.90355733071732 270.46420479760786 -1 0 0
134.25137224674748 272.85899142783705 -1 0 0
155.00618970873336 270.9963796043255 -1 0 0
164.3192488262911 256.62765982295065 -1 0 0
165.64968584308505 252.37026136921003 -1 0 0
173.36622054049005 252.9024361759276 -1 0 0
177.88970639758952 256.36157241959194 -1 0 0
176.02709457407798 262.21549529348533 -1 0 0
172.30187092705486 260.3528834699738 -1 0 0
194.12103800247587 252.63634877256877 -1 0 0
186.9366781117885 252.63634877256877 -1 0 0
200.50713568308694 257.95809683974466 -1 0 0
193.58886319575828 259.82070866325626 -1 0 0
192.25842617896433 264.61028192371447 -1 0 0
190.66190175881158 267.53724336066125 -1 0 0
185.60624109499452 270.19811739424915 -1 0 0
183.21145446476538 268.6015929740963 -1 0 0
170.17317170018453 267.2711559573024 -1 0 0
169.90708429682573 275.78595286478384 -1 0 0
157.40097633896247 264.61028192371447 -1 0 0
187.73494032186485 270.06507369256974 -1 0 0
205.9619274519422 266.07376264218783 -1 0 0
211.41671922079743 264.87636932707323 -1 0 0
204.09931562843062 261.28418938172956 -1 0 0
215.67411767453814 271.79464181440187 -1 0 0
211.28367551911805 273.92334104127224 -1 0 0
215.9402050778969 281.7729194403566 -1 0 0
224.8541330904165 274.32247214631036 -1 0 0
228.57935673743958 271.52855441104305 -1 0 0
226.71674491392804 277.3824772849365 -1 0 0
221.66108425011097 269.00072407913456 -1 0 0
223.25760867026375 264.0781071169969 -1 0 0
219.39934132156122 262.7476701002029 -1 0 0
216.07324877957632 262.7476701002029 -1 0 0
216.8715109896527 259.8207086632562 -1 0 0
221.92717165346974 258.8894027515004 -1 0 0
222.32630275850798 254.2328731927215 -1 0 0
227.5150071240044 252.37026136920997 -1 0 0
221.39499684675218 248.24590661714873 -1 0 0
228.84544414079838 248.11286291546932 -1 0 0
250.13243640950185 248.37895031882806 -1 0 0
247.87069348095204 254.89809170111852 -1 0 0
252.39417933805154 251.8380865624924 -1 0 0
261.4411510522505 249.44329993226324 -1 0 0
270.88725387148764 249.1772125289045 -1 0 0
261.8402821572887 253.83374208768336 -1 0 0
251.32982972461636 269.9320299908903 -1 0 0
242.14981430873806 273.6572536379134 -1 0 0
240.15415878354708 265.00941302875265 -1 0 0
232.96979889285967 265.9407189405084 -1 0 0
238.15850325835612 271.79464181440187 -1 0 0
237.89241585499732 275.25377805806613 -1 0 0
236.56197883820337 257.69200943638583 -1 0 0
228.44631303576017 260.75201457501197 -1 0 0
230.97414336766872 256.49461612127124 -1 0 0
290.5777217200383 267.27115595730237 -1 0 0
292.97250835026745 272.1937729194401 -1 0 0
289.9125032116413 275.9189965664632 -1 0 0
292.1742461401911 285.36509938570026 -1 0 0
282.8611870226334 297.0729451334872 -1 0 0
287.51771658141223 292.5494592763877 -1 0 0
263.83593768247965 270.8633359026461 -1 0 0
259.578539228739 272.72594772615764 -1 0 0
268.3594235395791 272.1937729194401 -1 0 0
273.01595309835795 271.79464181440187 -1 0 0
269.02464204797604 267.13811225562296 -1 0 0
264.90028729591484 265.9407189405084 -1 0 0
259.0463644220214 263.6789760119587 -1 0 0
275.8098708336253 263.5459323102793 -1 0 0
284.05858033774786 264.34419452035564 -1 0 0
291.7751150351529 260.8850582766914 -1 0 0
287.25162917805346 260.35288346997373 -1 0 0
277.93857006049564 251.4389554574542 -1 0 0
267.56116132950274 255.16417910447728 -1 0 0
267.29507392614397 259.28853385653855 -1 0 0
246.00808165744053 260.3528834699738 -1 0 0
244.14546983392898 264.87636932707323 -1 0 0
250.26548011118123 266.47289374722607 -1 0 0
252.3941793380516 258.2241842431035 -1 0 0
270.7542101698083 263.54593231027934 -1 0 0
279.53509448064847 269.66594258753156 -1 0 0
273.68117160675496 267.80333076401996 -1 0 0
285.6551047579007 271.5285544110431 -1 0 0
297.8951253124052 276.05204026814255 -1 0 0
302.15252376614586 277.11638988157773 -1 0 0
302.41861116950463 272.0607292177607 -1 0 0
297.6290379090464 269.13376778081397 -1 0 0
303.4829607829398 268.86768037745514 -1 0 0
302.9507859762223 262.21549529348533 -1 0 0
300.2899119426343 264.61028192371447 -1 0 0
303.4829607829398 257.42592203302706 -1 0 0
309.07079625347444 262.21549529348533 -1 0 0
316.52124354752067 262.7476701002029 -1 0 0
320.24646719454375 267.2711559573024 -1 0 0
317.8516805643147 269.66594258753156 -1 0 0
311.1994954803448 268.86768037745514 -1 0 0
313.59428211057394 272.32681662111946 -1 0 0
306.40992221988654 272.85899142783705 -1 0 0
321.84299161469653 275.2537780580662 -1 0 0
325.83430266507844 281.37378833531847 -1 0 0
316.52124354752067 282.1720505453948 -1 0 0
317.05341835423826 286.9616238058531 -1 0 0
319.18211758110857 290.6868474528762 -1 0 0
311.7316702870624 293.34772148646414 -1 0 0
300.5559993459931 295.7425081166933 -1 0 0
309.6029710601921 306.11991684768617 -1 0 0
334.6151869759186 295.7425081166933 -1 0 0
334.6151869759186 286.4294489991355 -1 0 0
334.3490995725598 278.44682689837174 -1 0 0
329.82561371546035 275.38682175974554 -1 0 0
331.42213813561307 270.06507369256974 -1 0 0
332.2204003456895 266.6059374489054 -1 0 0
338.60649802630047 269.13376778081397 -1 0 0
339.53780393805624 272.85899142783705 -1 0 0
336.4777987994302 263.94506341531746 -1 0 0
323.9716908415669 262.6146263985235 -1 0 0
322.50821012309353 257.82505313806524 -1 0 0
337.409104711186 254.4989605960803 -1 0 0
317.45254945927644 257.42592203302706 -1 0 0
320.1134234928644 261.15114568005015 -1 0 0
324.76995305164326 258.35722794478284 -1 0 0
326.4995211734754 261.55027678508833 -1 0 0
324.63690934996384 271.66159811272246 -1 0 0
319.84733608950563 271.26246700768434 -1 0 0
355.63609184126324 260.8850582766914 -1 0 0
353.50739261439287 258.4902716464622 -1 0 0
341.53345946324725 283.5024875621888 -1 0 0
340.7351972531709 276.5842150748602 -1 0 0
72.51909466750742 480.14107864433686 -1 0 0
63.47212295330846 302.9268680073808 -1 0 0
68.26169621376674 278.44682689837185 -1 0 0
85.29129002872949 286.4294489991356 -1 0 0
65.60082218017881 270.46420479760803 -1 0 0
435.9944876556186 398.7183332165462 -1 0 0
316.25515614416184 301.330343587228 -1 0 0
309.33688365683315 299.7338191670753 -1 0 0
364.683063555462 282.70422535211253 -1 0 0
368.4082872024851 282.172050545395 -1 0 0
429.07621516828993 254.49896059608048 -1 0 0
715.4340971200336 358.80522271272724 -1 0 0
921.8940041576158 672.2561838693855 -1 0 0
