78.85498891352547 536.5330376940133 -1 0 0
60.1232815964523 616.4549889135254 -1 0 0
50.13303769401327 531.5379157427938 -1 0 0
35.14767184035472 716.3574279379158 -1 0 0
148.7866962305987 632.6891352549889 -1 0 0
133.80133037694014 678.8940133037694 -1 0 0
175.01108647450118 725.0988913525499 -1 0 0
120.0647450110865 742.5818181818183 -1 0 0
203.73303769401338 536.5330376940133 -1 0 0
243.6940133037695 545.2745011086474 -1 0 0
283.65498891352564 642.6793791574279 -1 0 0
140.04523281596457 515.3037694013303 -1 0 0
112.57206208425718 487.8305986696229 -1 0 0
147.5379157427938 485.33303769401317 -1 0 0
91.3427937915743 487.8305986696229 -1 0 0
16.415964523281552 451.61596452328143 -1 0 0
226.21108647450117 492.8257206208425 -1 0 0
282.40620842572076 494.0745011086474 -1 0 0
284.9037694013306 556.5135254988913 -1 0 0
321.11840354767196 561.5086474501109 -1 0 0
362.32815964523303 593.9769401330376 -1 0 0
450.99157427937945 647.6745011086474 -1 0 0
468.4745011086477 716.3574279379158 -1 0 0
421.02084257206235 605.2159645232816 -1 0 0
443.49889135255 549.020842572062 -1 0 0
373.56718403547677 551.5184035476718 -1 0 0
338.60133037694027 535.2842572062084 -1 0 0
356.0842572062085 497.820842572062 -1 0 0
328.61108647450123 481.5866962305986 -1 0 0
299.889135254989 480.33791574279365 -1 0 0
404.7866962305988 519.0501108647449 -1 0 0
417.2745011086476 487.8305986696229 -1 0 0
475.9671840354769 507.81108647450105 -1 0 0
502.1915742793793 556.5135254988913 -1 0 0
528.4159645232819 547.7720620842571 -1 0 0
534.6598669623062 592.7281596452328 -1 0 0
553.3915742793794 655.1671840354768 -1 0 0
645.8013303769405 642.6793791574279 -1 0 0
748.2013303769405 700.1232815964523 -1 0 0
728.2208425720625 596.4745011086475 -1 0 0
783.1671840354771 583.9866962305986 -1 0 0
830.6208425720625 588.9818181818181 -1 0 0
845.606208425721 726.3476718403548 -1 0 0
893.0598669623064 677.6452328159645 -1 0 0
883.0696230598674 625.1964523281597 -1 0 0
925.5281596452332 610.2110864745011 -1 0 0
962.9915742793796 595.2257206208426 -1 0 0
1006.6988913525504 688.8842572062084 -1 0 0
1017.9379157427944 612.7086474501108 -1 0 0
1016.6891352549893 566.5037694013304 -1 0 0
994.2110864745015 506.5623059866962 -1 0 0
955.4988913525503 542.7769401330377 -1 0 0
906.7964523281601 544.0257206208424 -1 0 0
879.3232815964528 530.2891352549889 -1 0 0
801.8988913525503 551.5184035476718 -1 0 0
821.8793791574284 489.07937915742787 -1 0 0
870.5818181818187 497.820842572062 -1 0 0
908.045232815965 510.30864745011075 -1 0 0
935.5184035476723 495.3232815964522 -1 0 0
909.2940133037699 467.8501108647449 -1 0 0
955.4988913525503 479.08913525498883 -1 0 0
995.4598669623065 476.5915742793791 -1 0 0
1011.69401330377 461.60620842572047 -1 0 0
992.9623059866967 449.11840354767173 -1 0 0
1010.445232815965 436.6305986696229 -1 0 0
754.4452328159648 542.7769401330377 -1 0 0
719.4793791574283 539.0305986696229 -1 0 0
738.2110864745015 505.31352549889124 -1 0 0
708.2403547671844 484.08425720620835 -1 0 0
682.0159645232818 479.08913525498883 -1 0 0
648.2988913525502 501.56718403547666 -1 0 0
658.2891352549892 550.269623059867 -1 0 0
612.0842572062086 564.0062084257205 -1 0 0
594.6013303769404 524.0452328159644 -1 0 0
562.1330376940134 472.84523281596444 -1 0 0
594.6013303769404 489.07937915742787 -1 0 0
534.6598669623062 487.8305986696229 -1 0 0
508.43547671840383 495.3232815964522 -1 0 0
483.45986696230614 477.84035476718395 -1 0 0
449.7427937915745 465.3525498891351 -1 0 0
60.123281596452344 455.9866962305985 -1 0 0
61.99645232815965 434.1330376940132 -1 0 0
38.269623059866966 432.2598669623059 -1 0 0
20.7866962305987 421.020842572062 -1 0 0
3.30376940133039 439.75254988913514 -1 0 0
75.1086474501109 429.1379157427938 -1 0 0
101.95742793791574 432.8842572062083 -1 0 0
110.69889135254988 445.9964523281596 -1 0 0
143.79157427937915 458.4842572062083 -1 0 0
125.05986696230597 449.11840354767173 -1 0 0
156.27937915742797 435.3818181818181 -1 0 0
189.99645232815962 450.9915742793791 -1 0 0
200.6110864745011 460.3574279379156 -1 0 0
145.04035476718406 371.0696230598669 -1 0 0
108.20133037694012 399.791574279379 -1 0 0
79.47937915742796 391.67450110864735 -1 0 0
51.38181818181821 407.28425720620834 -1 0 0
43.26474501108648 387.30376940133027 -1 0 0
12.045232815964523 381.6842572062084 -1 0 0
32.02572062084259 376.0647450110864 -1 0 0
16.41596452328163 367.94767184035464 -1 0 0
45.76230598669624 373.5671840354766 -1 0 0
64.4940133037694 377.31352549889124 -1 0 0
74.48425720620844 374.81596452328154 -1 0 0
101.95742793791574 363.57694013303757 -1 0 0
118.1915742793792 367.94767184035464 -1 0 0
133.80133037694011 367.94767184035464 -1 0 0
144.4159645232816 355.4598669623059 -1 0 0
157.5281596452328 354.21108647450103 -1 0 0
246.19157427937913 408.53303769401316 -1 0 0
229.33303769401329 397.2940133037693 -1 0 0
249.31352549889135 427.88913525498884 -1 0 0
263.050110864745 445.9964523281596 -1 0 0
266.7964523281596 472.84523281596444 -1 0 0
279.2842572062084 437.8793791574279 -1 0 0
309.2549889135255 445.9964523281596 -1 0 0
347.9671840354767 451.61596452328143 -1 0 0
382.9330376940133 468.47450110864736 -1 0 0
376.0647450110864 447.8696230598669 -1 0 0
413.52815964523273 439.1281596452327 -1 0 0
364.8257206208425 424.14279379157415 -1 0 0
349.2159645232815 433.5086474501108 -1 0 0
377.31352549889135 414.1525498891351 -1 0 0
389.80133037694014 414.1525498891351 -1 0 0
401.04035476718394 406.03547671840346 -1 0 0
350.46474501108645 408.53303769401316 -1 0 0
369.1964523281596 387.9281596452327 -1 0 0
323.6159645232816 414.1525498891351 -1 0 0
309.2549889135255 402.91352549889126 -1 0 0
290.5232815964523 401.6647450110864 -1 0 0
273.04035476718406 404.1623059866962 -1 0 0
277.41108647450113 419.7720620842571 -1 0 0
268.669623059867 379.1866962305986 -1 0 0
253.68425720620843 388.55254988913515 -1 0 0
239.9476718403548 380.4354767184035 -1 0 0
256.18181818181813 376.0647450110864 -1 0 0
268.04523281596454 356.7086474501108 -1 0 0
289.89889135254987 370.44523281596446 -1 0 0
304.259866962306 379.1866962305986 -1 0 0
288.650110864745 387.30376940133027 -1 0 0
314.87450110864745 388.55254988913515 -1 0 0
324.8647450110865 376.0647450110864 -1 0 0
254.93303769401334 361.07937915742787 -1 0 0
250.56230598669617 341.0988913525498 -1 0 0
239.32328159645232 342.34767184035474 -1 0 0
262.4257206208426 347.96718403547663 -1 0 0
384.1818181818182 393.54767184035467 -1 0 0
401.04035476718394 391.67450110864735 -1 0 0
421.6452328159645 401.6647450110864 -1 0 0
452.86474501108637 421.64523281596445 -1 0 0
445.99645232815965 439.1281596452327 -1 0 0
488.4549889135254 429.7623059866961 -1 0 0
481.5866962305986 459.7330376940132 -1 0 0
479.08913525498895 408.53303769401316 -1 0 0
467.850110864745 421.64523281596445 -1 0 0
501.56718403547677 426.64035476718396 -1 0 0
464.72815964523284 384.80620842572057 -1 0 0
449.7427937915742 376.6891352549888 -1 0 0
439.1281596452328 386.05498891352545 -1 0 0
442.8745011086475 402.91352549889126 -1 0 0
467.850110864745 408.53303769401316 -1 0 0
490.95254988913524 386.05498891352545 -1 0 0
390.4257206208425 379.1866962305986 -1 0 0
410.4062084257206 373.5671840354766 -1 0 0
424.1427937915743 381.6842572062084 -1 0 0
418.52328159645236 359.20620842572055 -1 0 0
426.0159645232816 366.6988913525498 -1 0 0
438.50376940133026 362.32815964523274 -1 0 0
436.630598669623 356.7086474501108 -1 0 0
370.4452328159645 369.1964523281596 -1 0 0
374.81596452328154 359.830598669623 -1 0 0
364.20133037694006 362.32815964523274 -1 0 0
335.4793791574279 389.17694013303765 -1 0 0
350.46474501108645 374.81596452328154 -1 0 0
331.1086474501108 351.08913525498883 -1 0 0
322.36718403547667 354.21108647450103 -1 0 0
301.7623059866962 359.830598669623 -1 0 0
345.46962305986693 347.96718403547663 -1 0 0
361.70376940133036 351.08913525498883 -1 0 0
362.95254988913524 345.4696230598669 -1 0 0
376.68913525498897 344.220842572062 -1 0 0
384.1818181818182 352.33791574279377 -1 0 0
397.2940133037694 369.1964523281596 -1 0 0
391.6745011086474 364.8257206208425 -1 0 0
390.4257206208425 357.95742793791567 -1 0 0
394.1720620842572 346.71840354767176 -1 0 0
401.04035476718394 341.0988913525498 -1 0 0
705.1184035476718 452.86474501108637 -1 0 0
629.5671840354768 467.2257206208425 -1 0 0
665.1574279379157 432.2598669623059 -1 0 0
608.3379157427938 456.61108647450106 -1 0 0
587.1086474501109 464.7281596452327 -1 0 0
575.869623059867 450.36718403547667 -1 0 0
543.4013303769402 460.3574279379156 -1 0 0
528.4159645232817 425.3915742793791 -1 0 0
567.7525498891354 435.3818181818181 -1 0 0
551.5184035476718 421.020842572062 -1 0 0
542.1525498891353 404.1623059866962 -1 0 0
559.6354767184035 401.04035476718394 -1 0 0
577.1184035476718 404.1623059866962 -1 0 0
556.5135254988913 382.9330376940132 -1 0 0
583.9866962305987 377.31352549889135 -1 0 0
589.6062084257206 389.17694013303765 -1 0 0
567.1281596452328 367.9476718403547 -1 0 0
597.7232815964524 411.6549889135254 -1 0 0
592.7281596452328 431.01108647450104 -1 0 0
618.9525498891352 427.88913525498884 -1 0 0
637.059866962306 414.1525498891351 -1 0 0
638.3086474501109 434.7574279379156 -1 0 0
639.5574279379158 399.7915742793791 -1 0 0
620.2013303769402 394.17206208425716 -1 0 0
609.5866962305987 376.0647450110864 -1 0 0
627.069623059867 376.0647450110864 -1 0 0
652.669623059867 372.3184035476718 -1 0 0
651.4208425720622 392.9232815964522 -1 0 0
672.0257206208425 395.420842572062 -1 0 0
663.9086474501108 377.9379157427937 -1 0 0
691.3818181818183 366.0745011086474 -1 0 0
710.7379157427938 391.67450110864735 -1 0 0
698.250110864745 386.05498891352545 -1 0 0
690.1330376940134 389.17694013303765 -1 0 0
682.0159645232816 388.55254988913515 -1 0 0
692.630598669623 401.04035476718394 -1 0 0
708.240354767184 425.3915742793791 -1 0 0
722.6013303769402 409.78181818181804 -1 0 0
734.4647450110864 397.2940133037693 -1 0 0
758.1915742793792 370.44523281596446 -1 0 0
733.2159645232816 374.81596452328154 -1 0 0
722.6013303769402 378.5623059866961 -1 0 0
722.6013303769402 353.5866962305986 -1 0 0
748.2013303769402 356.7086474501108 -1 0 0
746.9525498891352 401.04035476718394 -1 0 0
734.4647450110864 434.7574279379156 -1 0 0
795.6549889135255 489.7037694013303 -1 0 0
786.9135254988913 520.2988913525498 -1 0 0
830.6208425720621 464.1037694013303 -1 0 0
833.1184035476718 435.3818181818181 -1 0 0
834.991574279379 444.74767184035466 -1 0 0
849.9769401330377 455.9866962305985 -1 0 0
801.8988913525499 445.37206208425715 -1 0 0
786.2891352549889 445.9964523281596 -1 0 0
870.5818181818182 468.47450110864736 -1 0 0
888.689135254989 442.25011086474495 -1 0 0
797.5281596452328 406.03547671840346 -1 0 0
826.8745011086475 404.1623059866962 -1 0 0
799.4013303769402 395.420842572062 -1 0 0
781.2940133037694 397.2940133037693 -1 0 0
791.2842572062084 388.55254988913515 -1 0 0
789.4110864745012 376.0647450110864 -1 0 0
800.0257206208425 356.7086474501108 -1 0 0
811.2647450110865 390.4257206208425 -1 0 0
823.7525498891351 376.0647450110864 -1 0 0
829.9964523281596 381.6842572062084 -1 0 0
846.8549889135255 384.80620842572057 -1 0 0
844.9818181818181 398.5427937915742 -1 0 0
876.2013303769402 408.5330376940132 -1 0 0
901.8013303769402 409.78181818181804 -1 0 0
913.0403547671839 391.67450110864735 -1 0 0
892.4354767184035 377.31352549889135 -1 0 0
866.8354767184035 377.31352549889135 -1 0 0
919.9086474501108 429.7623059866961 -1 0 0
946.7574279379157 431.01108647450104 -1 0 0
963.6159645232816 404.1623059866962 -1 0 0
957.9964523281596 380.4354767184035 -1 0 0
933.0208425720621 378.5623059866961 -1 0 0
947.3818181818181 371.69401330376934 -1 0 0
982.9720620842572 383.55742793791563 -1 0 0
979.2257206208425 370.44523281596446 -1 0 0
975.479379157428 398.5427937915742 -1 0 0
1006.6988913525499 406.03547671840346 -1 0 0
1007.9476718403548 381.6842572062084 -1 0 0
1021.6842572062084 361.70376940133036 -1 0 0
966.1135254988912 347.9671840354767 -1 0 0
122.56230598669626 354.5232815964522 -1 0 0
107.26474501108653 354.5232815964522 -1 0 0
95.08913525498896 355.14767184035463 -1 0 0
98.52328159645235 349.5281596452327 -1 0 0
101.33303769401333 338.60133037694 -1 0 0
106.64035476718408 338.60133037694 -1 0 0
91.03059866962307 338.60133037694 -1 0 0
117.56718403547674 343.5964523281595 -1 0 0
125.99645232815969 344.53303769401316 -1 0 0
137.2354767184036 342.3476718403546 -1 0 0
150.659866962306 337.0403547671839 -1 0 0
122.87450110864748 329.2354767184034 -1 0 0
110.38669623059869 335.16718403547657 -1 0 0
91.65498891352551 327.3623059866961 -1 0 0
101.33303769401333 325.17694013303753 -1 0 0
103.83059866962309 316.7476718403546 -1 0 0
110.69889135254992 323.61596452328143 -1 0 0
111.94767184035481 317.37206208425704 -1 0 0
109.76230598669625 305.5086474501107 -1 0 0
96.33791574279381 313.00133037693996 -1 0 0
101.33303769401333 310.5037694013302 -1 0 0
99.1476718403548 305.5086474501107 -1 0 0
104.14279379157432 303.32328159645215 -1 0 0
102.26962305986702 298.32815964523263 -1 0 0
106.64035476718408 299.26474501108635 -1 0 0
105.7037694013304 296.45498891352537 -1 0 0
123.81108647450117 307.6940133037692 -1 0 0
117.56718403547674 299.8891352549888 -1 0 0
123.18669623059871 315.1866962305985 -1 0 0
130.05498891352553 310.5037694013302 -1 0 0
133.48913525498898 315.1866962305985 -1 0 0
93.21596452328161 301.1379157427936 -1 0 0
106.01596452328162 280.8452328159643 -1 0 0
109.45011086474506 279.5964523281595 -1 0 0
111.32328159645236 278.03547671840334 -1 0 0
113.5086474501109 280.22084257206194 -1 0 0
115.06962305986698 277.41108647450096 -1 0 0
118.50376940133042 274.60133037694 -1 0 0
123.81108647450117 274.60133037694 -1 0 0
120.37694013303772 276.7866962305985 -1 0 0
99.45986696230602 282.4062084257205 -1 0 0
97.58669623059872 285.2159645232814 -1 0 0
93.52815964523283 282.4062084257205 -1 0 0
105.7037694013304 288.0257206208424 -1 0 0
106.32815964523284 285.2159645232814 -1 0 0
109.13791574279384 283.03059866962286 -1 0 0
96.65011086474505 291.45986696230585 -1 0 0
77.91840354767187 285.2159645232814 -1 0 0
87.28425720620847 283.03059866962286 -1 0 0
83.85011086474502 283.03059866962286 -1 0 0
88.53303769401332 292.0842572062083 -1 0 0
86.97206208425723 297.0793791574278 -1 0 0
148.47450110864747 321.7427937915741 -1 0 0
159.40133037694017 328.61108647450095 -1 0 0
172.5135254988914 348.2793791574278 -1 0 0
163.45986696230602 338.28913525498876 -1 0 0
169.7037694013304 338.9135254988912 -1 0 0
174.3866962305987 338.28913525498876 -1 0 0
170.9525498891353 332.66962305986675 -1 0 0
173.76230598669628 320.80620842572046 -1 0 0
165.95742793791578 324.5525498891351 -1 0 0
170.64035476718408 309.56718403547654 -1 0 0
162.21108647450117 307.381818181818 -1 0 0
148.47450110864747 303.32328159645215 -1 0 0
135.98669623059868 304.572062084257 -1 0 0
143.16718403547674 308.31840354767166 -1 0 0
147.53791574279384 313.00133037693996 -1 0 0
152.22084257206214 314.56230598669606 -1 0 0
157.8403547671841 313.00133037693996 -1 0 0
155.34279379157434 309.87937915742776 -1 0 0
160.65011086474505 317.9964523281595 -1 0 0
199.6745011086475 322.36718403547655 -1 0 0
204.04523281596457 311.12815964523264 -1 0 0
200.61108647450115 315.1866962305985 -1 0 0
192.18181818181822 313.3135254988912 -1 0 0
193.74279379157431 308.31840354767166 -1 0 0
179.3818181818182 323.61596452328143 -1 0 0
185.62572062084263 325.80133037694 -1 0 0
181.56718403547674 314.56230598669606 -1 0 0
179.06962305986698 311.12815964523264 -1 0 0
185.62572062084263 304.25986696230586 -1 0 0
184.0647450110865 307.381818181818 -1 0 0
175.94767184035481 271.791574279379 -1 0 0
180.00620842572067 271.791574279379 -1 0 0
186.56230598669626 271.791574279379 -1 0 0
184.0647450110865 275.2257206208424 -1 0 0
181.25498891352555 278.6598669623058 -1 0 0
180.00620842572067 281.4696230598668 -1 0 0
183.4403547671841 281.78181818181804 -1 0 0
163.45986696230602 277.41108647450096 -1 0 0
162.21108647450117 281.4696230598668 -1 0 0
165.33303769401337 281.78181818181804 -1 0 0
174.6988913525499 274.60133037694 -1 0 0
172.20133037694015 278.03547671840334 -1 0 0
170.01596452328164 274.60133037694 -1 0 0
170.01596452328164 281.4696230598668 -1 0 0
152.53303769401336 287.0891352549888 -1 0 0
147.22572062084262 287.40133037694 -1 0 0
148.16230598669625 285.2159645232814 -1 0 0
143.47937915742796 286.46474501108634 -1 0 0
147.22572062084262 292.0842572062083 -1 0 0
137.2354767184036 298.64035476718385 -1 0 0
134.11352549889136 297.0793791574278 -1 0 0
144.10376940133042 298.32815964523263 -1 0 0
160.33791574279385 299.8891352549888 -1 0 0
161.89889135254992 285.2159645232814 -1 0 0
164.39645232815968 284.2793791574278 -1 0 0
154.09401330376946 297.0793791574278 -1 0 0
155.96718403547675 289.89889135254975 -1 0 0
158.4647450110865 291.45986696230585 -1 0 0
167.83059866962313 296.45498891352537 -1 0 0
169.7037694013304 291.45986696230585 -1 0 0
171.57694013303777 290.2110864745009 -1 0 0
176.88425720620845 290.2110864745009 -1 0 0
175.6354767184036 286.46474501108634 -1 0 0
172.82572062084265 285.2159645232814 -1 0 0
180.31840354767192 292.0842572062083 -1 0 0
177.5086474501109 295.51840354767165 -1 0 0
168.14279379157432 302.6988913525497 -1 0 0
183.12815964523287 289.2745011086473 -1 0 0
194.67937915742797 292.0842572062083 -1 0 0
200.9232815964523 287.0891352549888 -1 0 0
203.73303769401335 287.7135254988912 -1 0 0
208.10376940133042 287.0891352549888 -1 0 0
196.8647450110865 287.0891352549888 -1 0 0
191.55742793791578 285.2159645232814 -1 0 0
189.68425720620846 284.2793791574278 -1 0 0
190.93303769401328 277.41108647450096 -1 0 0
194.05498891352553 281.4696230598668 -1 0 0
194.05498891352553 278.03547671840334 -1 0 0
190.62084257206214 303.32328159645215 -1 0 0
197.48913525498898 297.0793791574278 -1 0 0
190.30864745011093 322.36718403547655 -1 0 0
213.72328159645238 317.9964523281595 -1 0 0
221.8403547671841 315.81108647450094 -1 0 0
221.52815964523288 289.2745011086473 -1 0 0
211.22572062084262 308.31840354767166 -1 0 0
204.04523281596457 304.88425720620825 -1 0 0
203.1086474501109 298.9525498891351 -1 0 0
206.2305986696231 297.0793791574278 -1 0 0
208.41596452328164 294.89401330376927 -1 0 0
210.9135254988914 301.1379157427936 -1 0 0
208.72815964523286 329.2354767184034 -1 0 0
206.85498891352555 324.24035476718393 -1 0 0
228.70864745011093 321.43059866962295 -1 0 0
220.59157427937922 329.2354767184034 -1 0 0
218.09401330376946 323.61596452328143 -1 0 0
242.13303769401335 323.92815964523265 -1 0 0
205.29401330376942 283.03059866962286 -1 0 0
205.29401330376942 278.972062084257 -1 0 0
215.5964523281597 287.40133037694 -1 0 0
222.4647450110865 282.4062084257205 -1 0 0
225.27450110864748 276.7866962305985 -1 0 0
199.05011086474505 307.06962305986684 -1 0 0
7.986696230598682 330.7964523281596 -1 0 0
4.240354767184065 344.8452328159645 -1 0 0
13.606208425720649 344.8452328159645 -1 0 0
4.240354767184065 366.0745011086474 -1 0 0
5.489135254988944 320.18181818181813 -1 0 0
9.547671840354786 310.5037694013303 -1 0 0
6.113525498891374 299.88913525498884 -1 0 0
4.864745011086494 294.5818181818181 -1 0 0
11.73303769401332 295.830598669623 -1 0 0
11.420842572062115 291.4598669623059 -1 0 0
15.479379157427957 295.20620842572055 -1 0 0
3.92815964523284 283.96718403547663 -1 0 0
11.73303769401332 325.8013303769401 -1 0 0
2.991574279379186 305.5086474501108 -1 0 0
278.9720620842572 346.40620842572054 -1 0 0
295.83059866962304 342.03547671840346 -1 0 0
288.650110864745 352.33791574279365 -1 0 0
299.2647450110865 349.52815964523273 -1 0 0
309.25498891352555 336.4159645232815 -1 0 0
298.3281596452328 333.60620842572047 -1 0 0
303.94767184035476 327.98669623059857 -1 0 0
273.040354767184 334.23059866962296 -1 0 0
265.5476718403548 337.04035476718394 -1 0 0
257.7427937915743 335.791574279379 -1 0 0
253.6842572062084 330.1720620842571 -1 0 0
249.93791574279376 326.7379157427937 -1 0 0
249.00133037694013 321.7427937915742 -1 0 0
253.6842572062084 307.6940133037693 -1 0 0
252.74767184035477 300.82572062084245 -1 0 0
266.1720620842572 302.0745011086473 -1 0 0
270.230598669623 302.69889135254977 -1 0 0
264.61108647450106 325.1769401330376 -1 0 0
259.3037694013303 327.36230598669613 -1 0 0
259.3037694013303 320.1818181818181 -1 0 0
255.24523281596447 318.30864745011075 -1 0 0
253.05986696230593 319.55742793791563 -1 0 0
278.0354767184035 325.1769401330376 -1 0 0
276.4745011086474 319.55742793791563 -1 0 0
281.78181818181815 317.0598669623059 -1 0 0
273.66474501108644 314.5623059866961 -1 0 0
291.7720620842572 327.36230598669613 -1 0 0
294.89401330376944 319.86962305986685 -1 0 0
283.9671840354767 334.8549889135254 -1 0 0
302.0745011086475 315.4988913525498 -1 0 0
296.14279379157426 313.31352549889124 -1 0 0
298.3281596452328 305.82084257206196 -1 0 0
293.6452328159645 305.82084257206196 -1 0 0
287.7135254988914 303.3232815964522 -1 0 0
278.65986696230595 303.011086474501 -1 0 0
304.8842572062085 301.4501108647449 -1 0 0
292.08425720620846 297.3915742793791 -1 0 0
306.75742793791574 307.6940133037693 -1 0 0
311.1281596452328 322.67937915742783 -1 0 0
315.8110864745011 316.1232815964522 -1 0 0
317.3720620842572 318.9330376940132 -1 0 0
321.43059866962307 313.31352549889124 -1 0 0
307.69401330376934 317.6842572062083 -1 0 0
320.49401330376935 326.7379157427937 -1 0 0
324.8647450110864 320.4940133037693 -1 0 0
327.9866962305987 319.55742793791563 -1 0 0
331.7330376940133 314.5623059866961 -1 0 0
351.7135254988914 363.26474501108635 -1 0 0
381.37206208425727 383.2452328159644 -1 0 0
405.0988913525499 355.7720620842571 -1 0 0
412.279379157428 342.97206208425706 -1 0 0
407.28425720620845 331.7330376940132 -1 0 0
421.9574279379158 332.9818181818181 -1 0 0
427.88913525498884 340.47450110864736 -1 0 0
398.8549889135256 331.420842572062 -1 0 0
389.48913525498887 333.60620842572047 -1 0 0
386.3671840354767 339.2257206208425 -1 0 0
377.31352549889135 327.98669623059857 -1 0 0
384.49401330376946 330.1720620842571 -1 0 0
394.7964523281596 328.2988913525498 -1 0 0
369.82084257206213 330.1720620842571 -1 0 0
362.6403547671841 329.54767184035467 -1 0 0
354.8354767184035 335.791574279379 -1 0 0
349.21596452328157 327.98669623059857 -1 0 0
339.22572062084254 339.2257206208425 -1 0 0
338.9135254988914 332.0452328159644 -1 0 0
329.5476718403548 338.60133037694 -1 0 0
330.4842572062084 330.1720620842571 -1 0 0
335.16718403547674 319.55742793791563 -1 0 0
346.71840354767187 320.1818181818181 -1 0 0
343.9086474501109 315.4988913525498 -1 0 0
342.97206208425723 304.8842572062083 -1 0 0
339.5379157427938 311.4403547671839 -1 0 0
334.230598669623 307.6940133037693 -1 0 0
341.4110864745011 300.5135254988912 -1 0 0
338.28913525498893 305.50864745011074 -1 0 0
346.71840354767187 300.5135254988912 -1 0 0
348.9037694013304 307.6940133037693 -1 0 0
345.46962305986693 311.1281596452327 -1 0 0
355.45986696230597 312.6891352549888 -1 0 0
358.89401330376944 319.86962305986685 -1 0 0
367.01108647450116 318.30864745011075 -1 0 0
372.0062084257207 320.1818181818181 -1 0 0
378.56230598669623 317.6842572062083 -1 0 0
386.05498891352545 323.30376940133027 -1 0 0
386.679379157428 312.06474501108636 -1 0 0
378.56230598669623 312.6891352549888 -1 0 0
376.68913525498897 308.3184035476717 -1 0 0
391.6745011086474 316.74767184035466 -1 0 0
400.72815964523284 319.86962305986685 -1 0 0
410.71840354767187 317.6842572062083 -1 0 0
411.96718403547675 323.9281596452327 -1 0 0
419.77206208425724 316.74767184035466 -1 0 0
427.2647450110865 311.1281596452327 -1 0 0
417.89889135255 308.3184035476717 -1 0 0
423.83059866962304 304.25986696230586 -1 0 0
410.4062084257206 308.94279379157416 -1 0 0
406.0354767184035 314.5623059866961 -1 0 0
401.66474501108644 309.8793791574278 -1 0 0
406.0354767184035 304.25986696230586 -1 0 0
395.7330376940134 307.06962305986684 -1 0 0
404.16230598669625 298.6403547671839 -1 0 0
478.1525498891353 364.5135254988914 -1 0 0
460.66962305986704 365.7623059866963 -1 0 0
468.47450110864753 358.269623059867 -1 0 0
476.5915742793792 351.08913525498895 -1 0 0
470.97206208425723 344.84523281596455 -1 0 0
450.05498891352556 338.60133037694015 -1 0 0
443.49889135254983 334.23059866962313 -1 0 0
438.19157427937915 342.03547671840363 -1 0 0
432.5720620842572 328.6110864745011 -1 0 0
458.1720620842572 331.1086474501109 -1 0 0
526.5427937915742 376.06474501108653 -1 0 0
515.3037694013303 371.69401330376945 -1 0 0
498.13303769401335 357.33303769401334 -1 0 0
486.89401330376944 348.5915742793792 -1 0 0
504.06474501108653 342.659866962306 -1 0 0
492.2013303769401 339.22572062084265 -1 0 0
491.57694013303774 328.92328159645234 -1 0 0
596.4745011086476 347.65498891352553 -1 0 0
592.7281596452328 331.4208425720621 -1 0 0
597.7232815964525 328.92328159645234 -1 0 0
592.7281596452328 324.5525498891353 -1 0 0
583.3623059866964 325.4891352549889 -1 0 0
578.9915742793793 336.72815964523284 -1 0 0
603.6549889135255 367.3232815964524 -1 0 0
624.8842572062084 330.1720620842572 -1 0 0
622.0745011086476 324.5525498891353 -1 0 0
605.5281596452329 325.1769401330377 -1 0 0
510.9330376940133 321.74279379157434 -1 0 0
512.1818181818182 314.8745011086475 -1 0 0
522.7964523281597 309.879379157428 -1 0 0
531.5379157427939 311.1281596452328 -1 0 0
536.2208425720621 311.7525498891353 -1 0 0
517.4891352549889 317.6842572062085 -1 0 0
520.29889135255 304.25986696230603 -1 0 0
514.9915742793793 308.3184035476719 -1 0 0
516.8647450110865 311.1281596452328 -1 0 0
508.4354767184036 309.879379157428 -1 0 0
493.7623059866963 308.63059866962305 -1 0 0
505.00133037694025 314.5623059866963 -1 0 0
486.58181818181816 323.9281596452328 -1 0 0
480.96230598669626 328.92328159645234 -1 0 0
469.72328159645235 330.79645232815966 -1 0 0
464.4159645232816 317.6842572062085 -1 0 0
461.2940133037694 309.879379157428 -1 0 0
459.1086474501109 302.0745011086475 -1 0 0
461.2940133037694 298.640354767184 -1 0 0
464.4159645232816 301.450110864745 -1 0 0
468.7866962305987 303.63547671840354 -1 0 0
473.15742793791577 304.25986696230603 -1 0 0
479.7135254988914 308.3184035476719 -1 0 0
480.3379157427938 299.88913525498896 -1 0 0
486.58181818181816 306.13303769401335 -1 0 0
494.69889135254994 299.88913525498896 -1 0 0
451.9281596452329 325.1769401330377 -1 0 0
457.54767184035484 322.99157427937917 -1 0 0
445.6842572062085 315.49889135254995 -1 0 0
435.069623059867 316.7476718403548 -1 0 0
452.55254988913526 313.9379157427938 -1 0 0
462.5427937915743 323.9281596452328 -1 0 0
476.5915742793792 317.6842572062085 -1 0 0
379.18669623059867 299.88913525498896 -1 0 0
385.7427937915743 296.4549889135255 -1 0 0
388.2403547671841 293.6452328159645 -1 0 0
396.0452328159646 291.77206208425724 -1 0 0
397.60620842572064 288.65011086474505 -1 0 0
399.7915742793792 285.84035476718407 -1 0 0
396.0452328159646 299.88913525498896 -1 0 0
400.4159645232816 298.640354767184 -1 0 0
400.4159645232816 294.5818181818182 -1 0 0
403.850110864745 291.45986696230597 -1 0 0
389.1769401330377 305.8208425720621 -1 0 0
383.55742793791575 306.4452328159645 -1 0 0
409.7818181818182 293.6452328159645 -1 0 0
407.59645232815967 287.40133037694017 -1 0 0
417.2745011086475 285.2159645232816 -1 0 0
419.45986696230597 285.84035476718407 -1 0 0
424.1427937915743 283.96718403547675 -1 0 0
420.7086474501109 297.3915742793792 -1 0 0
417.8988913525499 299.88913525498896 -1 0 0
423.83059866962304 293.0208425720621 -1 0 0
425.3915742793792 290.21108647450114 -1 0 0
434.4452328159645 290.8354767184036 -1 0 0
448.8062084257206 288.0257206208426 -1 0 0
445.37206208425727 287.40133037694017 -1 0 0
451.3037694013304 288.0257206208426 -1 0 0
432.8842572062085 298.640354767184 -1 0 0
426.640354767184 299.2647450110865 -1 0 0
430.38669623059866 300.82572062084256 -1 0 0
431.0110864745011 295.20620842572066 -1 0 0
434.4452328159645 295.20620842572066 -1 0 0
437.879379157428 297.079379157428 -1 0 0
439.7525498891353 294.5818181818182 -1 0 0
445.99645232815965 298.640354767184 -1 0 0
448.8062084257206 295.20620842572066 -1 0 0
450.679379157428 294.269623059867 -1 0 0
453.1769401330377 294.269623059867 -1 0 0
436.0062084257206 307.069623059867 -1 0 0
460.9818181818182 293.6452328159645 -1 0 0
464.4159645232816 294.269623059867 -1 0 0
470.0354767184035 295.20620842572066 -1 0 0
483.77206208425724 295.8305986696231 -1 0 0
486.89401330376944 295.8305986696231 -1 0 0
485.0208425720622 298.640354767184 -1 0 0
490.0159645232816 298.01596452328164 -1 0 0
494.0745011086475 294.5818181818182 -1 0 0
494.69889135254994 291.77206208425724 -1 0 0
485.9574279379158 291.77206208425724 -1 0 0
488.1427937915743 291.77206208425724 -1 0 0
476.279379157428 287.40133037694017 -1 0 0
472.8452328159646 284.5915742793792 -1 0 0
478.1525498891353 290.8354767184036 -1 0 0
468.16230598669625 288.0257206208426 -1 0 0
459.7330376940134 285.84035476718407 -1 0 0
461.9184035476719 289.5866962305987 -1 0 0
455.6745011086474 290.21108647450114 -1 0 0
459.4208425720621 292.3964523281597 -1 0 0
490.0159645232816 303.01108647450116 -1 0 0
436.0062084257206 283.96718403547675 -1 0 0
429.7623059866963 286.7769401330377 -1 0 0
430.69889135254994 288.96230598669626 -1 0 0
395.1086474501109 285.2159645232816 -1 0 0
386.99157427937917 285.84035476718407 -1 0 0
393.85986696230606 288.65011086474505 -1 0 0
388.2403547671841 291.45986696230597 -1 0 0
390.4257206208426 290.21108647450114 -1 0 0
377.93791574279385 296.4549889135255 -1 0 0
377.00133037694013 294.269623059867 -1 0 0
376.68913525498897 291.77206208425724 -1 0 0
377.93791574279385 290.21108647450114 -1 0 0
377.93791574279385 287.40133037694017 -1 0 0
482.83547671840364 316.12328159645233 -1 0 0
361.80419580419584 -41.37662337662352 -1 0 0
960.8062084257208 340.1623059866962 -1 0 0
952.0647450110866 334.5427937915742 -1 0 0
958.6208425720622 330.4842572062084 -1 0 0
952.3769401330377 326.1135254988913 -1 0 0
953.6257206208426 322.36718403547667 -1 0 0
963.6159645232816 325.8013303769401 -1 0 0
974.5427937915744 332.6696230598669 -1 0 0
970.4842572062086 324.240354767184 -1 0 0
966.7379157427938 333.91840354767174 -1 0 0
965.489135254989 321.1184035476718 -1 0 0
981.4110864745012 326.1135254988913 -1 0 0
987.0305986696231 328.9232815964523 -1 0 0
989.8403547671842 336.7281596452327 -1 0 0
971.4208425720622 345.78181818181815 -1 0 0
1000.4549889135257 337.040354767184 -1 0 0
996.7086474501109 329.54767184035467 -1 0 0
996.3964523281599 324.8647450110864 -1 0 0
1006.0745011086476 331.7330376940132 -1 0 0
1007.6354767184035 327.3623059866962 -1 0 0
1008.5720620842573 324.240354767184 -1 0 0
1013.2549889135255 323.92815964523277 -1 0 0
1015.1281596452329 336.7281596452327 -1 0 0
1021.6842572062086 328.29889135254984 -1 0 0
1022.6208425720622 333.91840354767174 -1 0 0
1014.8159645232818 321.1184035476718 -1 0 0
1015.7525498891354 318.3086474501108 -1 0 0
1020.1232815964524 317.37206208425715 -1 0 0
1000.7671840354769 320.18181818181813 -1 0 0
1006.0745011086476 318.93303769401325 -1 0 0
1002.3281596452329 316.1232815964523 -1 0 0
1007.3232815964525 309.8793791574279 -1 0 0
1011.3818181818183 307.69401330376934 -1 0 0
1017.3135254988915 308.31840354767183 -1 0 0
1022.3086474501109 308.630598669623 -1 0 0
994.5232815964524 314.8745011086474 -1 0 0
986.7184035476719 316.1232815964523 -1 0 0
976.1037694013305 314.5623059866962 -1 0 0
967.3623059866964 313.31352549889135 -1 0 0
972.0452328159647 310.5037694013303 -1 0 0
982.6598669623061 308.00620842572056 -1 0 0
989.5281596452329 310.5037694013303 -1 0 0
906.1720620842573 314.25011086474495 -1 0 0
899.9281596452329 308.630598669623 -1 0 0
912.4159645232818 313.31352549889135 -1 0 0
907.1086474501109 307.69401330376934 -1 0 0
906.4842572062086 305.1964523281596 -1 0 0
907.4208425720622 303.01108647450104 -1 0 0
913.0403547671841 304.2598669623059 -1 0 0
907.4208425720622 299.88913525498884 -1 0 0
913.0403547671841 296.76718403547665 -1 0 0
921.1574279379158 306.44523281596446 -1 0 0
928.0257206208428 313.31352549889135 -1 0 0
926.4647450110866 306.44523281596446 -1 0 0
931.7720620842573 307.69401330376934 -1 0 0
937.7037694013303 311.440354767184 -1 0 0
937.3915742793793 307.69401330376934 -1 0 0
937.7037694013303 304.2598669623059 -1 0 0
944.2598669623061 318.3086474501108 -1 0 0
948.6305986696232 314.25011086474495 -1 0 0
920.2208425720621 312.68913525498886 -1 0 0
951.1281596452328 310.5037694013303 -1 0 0
948.6305986696232 305.820842572062 -1 0 0
957.9964523281596 305.5086474501108 -1 0 0
959.2452328159645 312.68913525498886 -1 0 0
969.2354767184036 300.8257206208425 -1 0 0
965.489135254989 304.2598669623059 -1 0 0
967.9866962305987 308.00620842572056 -1 0 0
977.3525498891354 306.44523281596446 -1 0 0
983.2842572062084 298.64035476718396 -1 0 0
981.4110864745012 300.8257206208425 -1 0 0
979.2257206208426 302.3866962305986 -1 0 0
974.8549889135256 299.2647450110864 -1 0 0
986.4062084257206 293.64523281596445 -1 0 0
984.2208425720621 295.20620842572055 -1 0 0
987.9671840354767 296.4549889135254 -1 0 0
991.4013303769402 298.0159645232815 -1 0 0
993.5866962305987 298.64035476718396 -1 0 0
996.3964523281599 294.2696230598669 -1 0 0
986.4062084257206 305.5086474501108 -1 0 0
986.4062084257206 303.6354767184035 -1 0 0
989.8403547671842 304.88425720620836 -1 0 0
1014.1915742793792 299.88913525498884 -1 0 0
1018.2501108647451 290.8354767184035 -1 0 0
1016.3769401330377 293.64523281596445 -1 0 0
1017.0013303769402 289.5866962305986 -1 0 0
1018.2501108647451 287.40133037694005 -1 0 0
1013.2549889135255 291.77206208425713 -1 0 0
1007.6354767184035 293.9574279379157 -1 0 0
901.1769401330378 302.0745011086474 -1 0 0
897.1184035476718 299.2647450110864 -1 0 0
897.1184035476718 295.20620842572055 -1 0 0
893.6842572062084 293.020842572062 -1 0 0
892.7476718403548 296.4549889135254 -1 0 0
883.6940133037696 300.8257206208425 -1 0 0
886.8159645232817 299.2647450110864 -1 0 0
889.6257206208426 298.0159645232815 -1 0 0
892.4354767184037 302.0745011086474 -1 0 0
875.8891352549889 298.64035476718396 -1 0 0
878.3866962305987 294.5818181818181 -1 0 0
882.1330376940134 295.83059866962304 -1 0 0
884.6305986696232 296.76718403547665 -1 0 0
878.0745011086474 298.64035476718396 -1 0 0
874.3281596452329 293.64523281596445 -1 0 0
867.7720620842573 294.5818181818181 -1 0 0
869.9574279379158 292.39645232815957 -1 0 0
871.8305986696231 291.14767184035475 -1 0 0
874.0159645232816 287.40133037694005 -1 0 0
870.2696230598671 286.77694013303767 -1 0 0
866.8354767184036 287.40133037694005 -1 0 0
877.1379157427939 286.77694013303767 -1 0 0
862.1525498891353 289.5866962305986 -1 0 0
865.5866962305987 290.8354767184035 -1 0 0
858.4062084257206 287.40133037694005 -1 0 0
861.2159645232816 285.2159645232815 -1 0 0
938.9525498891354 293.64523281596445 -1 0 0
931.7720620842573 294.5818181818181 -1 0 0
921.469623059867 300.8257206208425 -1 0 0
917.4110864745012 299.88913525498884 -1 0 0
913.3525498891354 299.2647450110864 -1 0 0
932.7086474501109 302.0745011086474 -1 0 0
927.089135254989 302.3866962305986 -1 0 0
940.2013303769402 298.64035476718396 -1 0 0
944.8842572062085 296.76718403547665 -1 0 0
942.3866962305987 296.4549889135254 -1 0 0
946.1330376940134 300.8257206208425 -1 0 0
949.5671840354768 300.20133037694006 -1 0 0
956.4354767184037 298.0159645232815 -1 0 0
950.1915742793792 293.64523281596445 -1 0 0
953.3135254988913 292.39645232815957 -1 0 0
957.3720620842573 291.4598669623059 -1 0 0
948.6305986696232 296.4549889135254 -1 0 0
965.489135254989 292.39645232815957 -1 0 0
967.0501108647451 291.77206208425713 -1 0 0
972.3574279379158 292.39645232815957 -1 0 0
963.3037694013306 298.64035476718396 -1 0 0
980.4745011086476 288.0257206208425 -1 0 0
978.289135254989 286.77694013303767 -1 0 0
979.850110864745 292.39645232815957 -1 0 0
989.5281596452329 292.39645232815957 -1 0 0
987.0305986696231 288.0257206208425 -1 0 0
826.2501108647451 332.3574279379157 -1 0 0
829.3720620842573 328.9232815964523 -1 0 0
813.7623059866963 325.8013303769401 -1 0 0
802.8354767184036 324.240354767184 -1 0 0
829.6842572062084 318.3086474501108 -1 0 0
866.2110864745011 334.5427937915742 -1 0 0
644.5525498891353 338.2891352549889 -1 0 0
649.5476718403547 331.73303769401326 -1 0 0
662.659866962306 325.8013303769401 -1 0 0
675.1476718403547 324.240354767184 -1 0 0
659.5379157427938 319.5574279379157 -1 0 0
218.5601965601967 277.5872235872237 -1 0 0
215.5331695331696 279.7493857493859 -1 0 0
217.69533169533176 280.6142506142508 -1 0 0
232.39803439803447 281.0466830466832 -1 0 0
234.99262899262908 282.3439803439805 -1 0 0
237.58722358722366 280.6142506142508 -1 0 0
238.45208845208853 284.9385749385751 -1 0 0
230.23587223587234 287.9656019656021 -1 0 0
243.20884520884528 283.2088452088454 -1 0 0
241.47911547911553 280.6142506142508 -1 0 0
241.47911547911553 277.5872235872237 -1 0 0
245.37100737100744 277.1547911547913 -1 0 0
248.3980343980345 281.0466830466832 -1 0 0
250.5601965601967 278.45208845208856 -1 0 0
252.28992628992637 274.99262899262914 -1 0 0
253.58722358722366 280.1818181818183 -1 0 0
254.88452088452095 278.01965601965617 -1 0 0
259.2088452088453 276.7223587223589 -1 0 0
257.911547911548 279.31695331695346 -1 0 0
260.938574938575 277.5872235872237 -1 0 0
263.10073710073715 274.12776412776424 -1 0 0
268.28992628992637 274.99262899262914 -1 0 0
263.5331695331696 271.53316953316966 -1 0 0
258.34398034398043 271.9656019656021 -1 0 0
254.45208845208853 273.2628992628994 -1 0 0
231.10073710073718 275.857493857494 -1 0 0
229.37100737100744 280.1818181818183 -1 0 0
220.7223587223588 275.857493857494 -1 0 0
217.69533169533176 274.99262899262914 -1 0 0
201.26289926289934 276.2899262899264 -1 0 0
203.85749385749395 275.4250614250616 -1 0 0
197.37100737100744 273.2628992628994 -1 0 0
192.18181818181827 273.2628992628994 -1 0 0
195.6412776412777 274.5601965601967 -1 0 0
204.28992628992637 273.2628992628994 -1 0 0
219.4250614250615 273.2628992628994 -1 0 0
223.31695331695335 273.2628992628994 -1 0 0
226.34398034398043 271.9656019656021 -1 0 0
229.80343980343986 272.830466830467 -1 0 0
234.12776412776418 272.830466830467 -1 0 0
233.69533169533176 275.4250614250616 -1 0 0
266.12776412776407 271.96560196560216 -1 0 0
270.88452088452084 272.39803439803455 -1 0 0
269.58722358722355 271.5331695331697 -1 0 0
274.3439803439803 270.2358722358724 -1 0 0
274.7764127764127 271.96560196560216 -1 0 0
248.39803439803435 274.1277641277643 -1 0 0
242.77641277641274 274.56019656019674 -1 0 0
237.58722358722358 274.56019656019674 -1 0 0
236.72235872235868 271.96560196560216 -1 0 0
322.3439803439803 270.6683046683048 -1 0 0
324.50614250614245 270.6683046683048 -1 0 0
327.5331695331695 270.6683046683048 -1 0 0
325.8034398034398 272.39803439803455 -1 0 0
328.8304668304667 271.96560196560216 -1 0 0
331.8574938574938 270.2358722358724 -1 0 0
334.88452088452084 269.8034398034399 -1 0 0
334.88452088452084 272.830466830467 -1 0 0
331.8574938574938 274.1277641277643 -1 0 0
333.15479115479116 275.85749385749403 -1 0 0
337.4791154791155 275.4250614250616 -1 0 0
339.64127764127755 273.69533169533184 -1 0 0
342.2358722358722 274.1277641277643 -1 0 0
339.20884520884516 277.1547911547913 -1 0 0
342.2358722358722 277.1547911547913 -1 0 0
345.6953316953317 276.2899262899265 -1 0 0
345.6953316953317 278.4520884520886 -1 0 0
350.019656019656 278.4520884520886 -1 0 0
351.7493857493857 277.1547911547913 -1 0 0
353.91154791154787 278.01965601965617 -1 0 0
358.2358722358722 274.1277641277643 -1 0 0
356.50614250614245 274.99262899262914 -1 0 0
353.4791154791155 273.69533169533184 -1 0 0
350.88452088452084 273.69533169533184 -1 0 0
346.99262899262897 274.99262899262914 -1 0 0
346.1277641277641 271.5331695331697 -1 0 0
343.9656019656019 271.5331695331697 -1 0 0
342.66830466830464 270.6683046683048 -1 0 0
347.42506142506136 271.1007371007373 -1 0 0
350.4520884520884 271.1007371007373 -1 0 0
354.3439803439803 271.1007371007373 -1 0 0
357.8034398034398 269.8034398034399 -1 0 0
356.50614250614245 278.88452088452107 -1 0 0
360.3980343980343 278.88452088452107 -1 0 0
362.1277641277641 276.2899262899265 -1 0 0
362.1277641277641 272.39803439803455 -1 0 0
364.2899262899262 271.96560196560216 -1 0 0
364.2899262899262 277.1547911547913 -1 0 0
370.3439803439803 287.96560196560216 -1 0 0
368.18181818181813 291.85749385749403 -1 0 0
369.046683046683 306.56019656019674 -1 0 0
367.3169533169533 307.85749385749403 -1 0 0
365.58722358722355 310.88452088452107 -1 0 0
355.64127764127755 305.2628992628994 -1 0 0
346.99262899262897 296.18181818181836 -1 0 0
353.046683046683 299.64127764127784 -1 0 0
315.42506142506136 303.5331695331697 -1 0 0
298.99262899262897 296.6142506142508 -1 0 0
297.6953316953317 299.2088452088454 -1 0 0
417.4791154791155 291.85749385749403 -1 0 0
389.8034398034397 300.9385749385751 -1 0 0
367.7493857493857 296.18181818181836 -1 0 0
370.3439803439803 292.2899262899265 -1 0 0
370.3439803439803 299.2088452088454 -1 0 0
366.4520884520884 282.77641277641294 -1 0 0
371.20884520884516 284.9385749385751 -1 0 0
375.10073710073704 283.2088452088454 -1 0 0
445.5872235872235 284.9385749385751 -1 0 0
448.1818181818182 283.64127764127784 -1 0 0
454.66830466830453 285.80343980343997 -1 0 0
498.3439803439805 300.0737100737101 -1 0 0
499.6412776412777 306.1277641277642 -1 0 0
502.2358722358723 303.5331695331696 -1 0 0
504.830466830467 305.69533169533173 -1 0 0
508.28992628992637 304.8304668304669 -1 0 0
510.884520884521 301.37100737100747 -1 0 0
503.53316953316966 298.7764127764128 -1 0 0
505.2628992628994 292.28992628992637 -1 0 0
508.28992628992637 293.1547911547912 -1 0 0
498.3439803439805 291.8574938574939 -1 0 0
492.28992628992637 287.96560196560205 -1 0 0
487.96560196560205 287.96560196560205 -1 0 0
484.5061425061426 285.80343980343986 -1 0 0
480.6142506142508 285.80343980343986 -1 0 0
474.5601965601967 279.7493857493858 -1 0 0
471.53316953316966 279.7493857493858 -1 0 0
470.23587223587236 283.2088452088453 -1 0 0
465.91154791154804 283.6412776412777 -1 0 0
462.884520884521 283.6412776412777 -1 0 0
457.69533169533184 284.0737100737101 -1 0 0
479.31695331695346 280.18181818181824 -1 0 0
480.6142506142508 275.8574938574939 -1 0 0
483.6412776412777 274.9926289926291 -1 0 0
482.7764127764129 280.6142506142507 -1 0 0
484.5061425061426 281.911547911548 -1 0 0
513.911547911548 299.2088452088452 -1 0 0
517.8034398034399 298.3439803439804 -1 0 0
