108.58536585365863 476.10975609756093 -1 0 0
199.31707317073176 460.50000000000006 -1 0 0
280.29268292682934 469.280487804878 -1 0 0
355.41463414634154 491.7195121951219 -1 0 0
462.7317073170732 497.57317073170736 -1 0 0
496.878048780488 446.8414634146341 -1 0 0
602.2439024390244 502.4512195121951 -1 0 0
632.4878048780488 429.280487804878 -1 0 0
582.7317073170732 429.280487804878 -1 0 0
589.5609756097562 395.1341463414634 -1 0 0
696.8780487804879 395.1341463414634 -1 0 0
727.1219512195123 482.9390243902439 -1 0 0
781.7560975609756 469.280487804878 -1 0 0
840.2926829268292 460.50000000000006 -1 0 0
880.2926829268292 393.18292682926824 -1 0 0
820.780487804878 367.81707317073176 -1 0 0
768.0975609756097 412.6951219512195 -1 0 0
772.0 364.89024390243907 -1 0 0
792.4878048780488 337.57317073170736 -1 0 0
877.3658536585365 328.79268292682934 -1 0 0
830.5365853658536 300.50000000000006 -1 0 0
872.4878048780488 295.62195121951225 -1 0 0
889.0731707317073 269.28048780487813 -1 0 0
807.1219512195123 302.45121951219517 -1 0 0
816.8780487804879 254.64634146341473 -1 0 0
783.7073170731708 277.08536585365863 -1 0 0
755.4146341463415 289.76829268292687 -1 0 0
778.8292682926829 300.50000000000006 -1 0 0
711.5121951219512 287.81707317073176 -1 0 0
663.7073170731708 274.15853658536594 -1 0 0
645.1707317073171 284.89024390243907 -1 0 0
595.4146341463415 326.8414634146342 -1 0 0
567.1219512195122 342.4512195121951 -1 0 0
518.3414634146342 398.0609756097561 -1 0 0
505.658536585366 349.280487804878 -1 0 0
463.7073170731708 366.8414634146342 -1 0 0
472.48780487804885 309.2804878048781 -1 0 0
498.829268292683 298.54878048780495 -1 0 0
435.41463414634154 356.10975609756093 -1 0 0
411.02439024390253 438.0609756097561 -1 0 0
323.219512195122 418.5487804878049 -1 0 0
284.19512195121956 389.2804878048781 -1 0 0
352.4878048780489 330.74390243902445 -1 0 0
223.70731707317077 421.4756097560976 -1 0 0
105.65853658536594 410.7439024390244 -1 0 0
36.390243902439124 414.6463414634146 -1 0 0
17.8536585365855 365.8658536585366 -1 0 0
105.65853658536594 355.13414634146346 -1 0 0
147.6097560975611 358.06097560975616 -1 0 0
103.70731707317083 311.23170731707324 -1 0 0
173.95121951219517 333.67073170731715 -1 0 0
225.65853658536594 337.57317073170736 -1 0 0
292.0000000000001 326.8414634146342 -1 0 0
382.7317073170732 321.96341463414643 -1 0 0
195.41463414634154 298.54878048780495 -1 0 0
154.43902439024401 300.50000000000006 -1 0 0
219.80487804878055 270.25609756097566 -1 0 0
17.95731707317069 330.2560975609758 -1 0 0
3.8109756097560425 342.4512195121953 -1 0 0
18.445121951219452 297.5731707317075 -1 0 0
43.323170731707286 271.2317073170733 -1 0 0
94.54268292682924 273.1829268292684 -1 0 0
49.17682926829264 251.23170731707327 -1 0 0
111.61585365853661 242.45121951219522 -1 0 0
12.591463414634093 218.0609756097562 -1 0 0
76.98170731707314 228.30487804878058 -1 0 0
124.78658536585364 236.10975609756107 -1 0 0
144.7865853658537 232.6951219512196 -1 0 0
157.469512195122 259.03658536585374 -1 0 0
197.9573170731708 247.8170731707318 -1 0 0
261.3719512195123 274.15853658536594 -1 0 0
287.71341463414643 274.15853658536594 -1 0 0
260.39634146341473 326.3536585365855 -1 0 0
349.6646341463416 293.6707317073172 -1 0 0
360.8841463414636 279.52439024390253 -1 0 0
417.46951219512215 277.5731707317074 -1 0 0
366.73780487804896 188.79268292682934 -1 0 0
364.7865853658538 249.28048780487816 -1 0 0
316.9817073170733 268.79268292682934 -1 0 0
320.3963414634148 229.28048780487813 -1 0 0
331.6158536585367 226.84146341463423 -1 0 0
343.8109756097562 206.35365853658544 -1 0 0
348.689024390244 196.59756097560984 -1 0 0
382.34756097560995 192.2073170731708 -1 0 0
259.90853658536594 254.15853658536597 -1 0 0
272.1036585365855 218.0609756097562 -1 0 0
258.4451219512196 204.8902439024391 -1 0 0
226.2500000000001 223.91463414634157 -1 0 0
187.7134146341464 218.0609756097562 -1 0 0
196.00609756097563 200.50000000000009 -1 0 0
203.3231707317074 199.5243902439025 -1 0 0
211.1280487804879 208.30487804878058 -1 0 0
219.9085365853659 200.50000000000009 -1 0 0
137.95731707317074 197.5731707317074 -1 0 0
129.17682926829272 200.98780487804888 -1 0 0
112.10365853658534 212.6951219512196 -1 0 0
80.39634146341463 204.8902439024391 -1 0 0
67.71341463414633 215.1341463414635 -1 0 0
56.00609756097558 200.98780487804888 -1 0 0
55.51829268292679 185.3780487804879 -1 0 0
81.85975609756095 184.4024390243903 -1 0 0
37.95731707317069 169.2804878048781 -1 0 0
67.22560975609754 162.45121951219517 -1 0 0
100.39634146341463 178.06097560975616 -1 0 0
33.07926829268289 149.76829268292687 -1 0 0
17.95731707317069 161.96341463414637 -1 0 0
2.347560975609696 162.93902439024396 -1 0 0
51.615853658536544 134.15853658536588 -1 0 0
73.56707317073169 140.01219512195127 -1 0 0
92.10365853658534 154.64634146341467 -1 0 0
108.20121951219512 166.35365853658539 -1 0 0
122.83536585365854 151.71951219512198 -1 0 0
138.93292682926833 144.40243902439028 -1 0 0
161.85975609756102 161.96341463414637 -1 0 0
157.95731707317074 185.86585365853665 -1 0 0
184.29878048780492 183.42682926829275 -1 0 0
145.27439024390245 167.32926829268297 -1 0 0
164.7865853658537 147.32926829268297 -1 0 0
156.49390243902442 135.6219512195122 -1 0 0
137.46951219512195 129.76829268292687 -1 0 0
177.469512195122 134.15853658536588 -1 0 0
193.079268292683 145.8658536585366 -1 0 0
185.76219512195124 164.89024390243907 -1 0 0
94.05487804878045 131.2317073170732 -1 0 0
82.34756097560974 130.7439024390244 -1 0 0
209.6646341463415 156.109756097561 -1 0 0
223.3231707317074 138.5487804878049 -1 0 0
205.7621951219513 134.64634146341467 -1 0 0
219.42073170731712 157.08536585365857 -1 0 0
237.46951219512198 150.25609756097566 -1 0 0
245.2743902439025 160.50000000000006 -1 0 0
238.44512195121962 176.5975609756098 -1 0 0
258.4451219512196 158.5487804878049 -1 0 0
271.1280487804879 164.40243902439028 -1 0 0
277.46951219512204 152.20731707317077 -1 0 0
301.3719512195123 166.84146341463418 -1 0 0
297.4695121951221 187.329268292683 -1 0 0
278.4451219512196 187.329268292683 -1 0 0
259.90853658536594 190.2560975609757 -1 0 0
320.8841463414635 186.35365853658544 -1 0 0
334.0548780487806 179.0365853658537 -1 0 0
348.2012195121952 170.2560975609757 -1 0 0
351.61585365853676 150.25609756097566 -1 0 0
321.3719512195123 148.7926829268293 -1 0 0
326.7378048780489 136.59756097560978 -1 0 0
290.6402439024391 143.4268292682927 -1 0 0
298.4451219512196 145.8658536585366 -1 0 0
302.3475609756099 128.3048780487805 -1 0 0
263.3231707317074 136.59756097560978 -1 0 0
372.10365853658556 158.5487804878049 -1 0 0
364.298780487805 145.37804878048786 -1 0 0
396.98170731707336 156.109756097561 -1 0 0
388.20121951219534 134.15853658536588 -1 0 0
397.46951219512215 139.03658536585368 -1 0 0
407.71341463414655 154.64634146341467 -1 0 0
418.44512195121973 138.5487804878049 -1 0 0
400.8841463414636 129.76829268292687 -1 0 0
420.8841463414636 167.32926829268297 -1 0 0
430.6402439024392 181.9634146341464 -1 0 0
406.25000000000017 190.74390243902448 -1 0 0
444.7865853658538 165.86585365853665 -1 0 0
525.5548780487804 267.3292682926831 -1 0 0
477.26219512195115 276.1097560975611 -1 0 0
483.11585365853654 261.9634146341465 -1 0 0
559.2134146341464 244.40243902439036 -1 0 0
576.7743902439024 235.62195121951228 -1 0 0
624.0914634146342 247.32926829268303 -1 0 0
583.6036585365854 215.62195121951228 -1 0 0
591.8963414634146 193.67073170731717 -1 0 0
619.2134146341464 200.50000000000009 -1 0 0
643.6036585365854 212.6951219512196 -1 0 0
645.0670731707318 245.37804878048792 -1 0 0
699.2134146341464 245.37804878048792 -1 0 0
714.3353658536587 238.54878048780498 -1 0 0
731.4085365853659 230.74390243902448 -1 0 0
687.0182926829269 223.42682926829278 -1 0 0
694.3353658536586 204.89024390243912 -1 0 0
702.1402439024391 203.4268292682928 -1 0 0
661.6524390243903 198.06097560975618 -1 0 0
636.2865853658537 192.69512195121956 -1 0 0
655.3109756097562 184.8902439024391 -1 0 0
694.3353658536586 181.47560975609764 -1 0 0
681.6524390243903 177.5731707317074 -1 0 0
706.5304878048781 179.5243902439025 -1 0 0
680.6768292682927 165.86585365853668 -1 0 0
683.6036585365854 156.59756097560984 -1 0 0
719.7012195121952 150.25609756097566 -1 0 0
717.7500000000001 177.5731707317074 -1 0 0
744.0914634146343 179.5243902439025 -1 0 0
745.5548780487807 197.08536585365863 -1 0 0
755.7987804878051 221.96341463414646 -1 0 0
731.4085365853659 193.67073170731717 -1 0 0
761.6524390243903 174.15853658536594 -1 0 0
764.5792682926831 190.2560975609757 -1 0 0
791.8963414634147 199.52439024390253 -1 0 0
783.6036585365855 228.79268292682937 -1 0 0
806.5304878048782 202.4512195121952 -1 0 0
833.8475609756099 236.59756097560987 -1 0 0
864.5792682926831 239.52439024390256 -1 0 0
874.8231707317075 256.1097560975611 -1 0 0
899.7012195121954 228.79268292682937 -1 0 0
887.9939024390246 201.47560975609767 -1 0 0
874.8231707317075 202.4512195121952 -1 0 0
891.4085365853659 173.18292682926838 -1 0 0
844.0914634146343 198.06097560975618 -1 0 0
858.7256097560978 189.28048780487813 -1 0 0
849.457317073171 174.6463414634147 -1 0 0
808.4817073170734 175.1341463414635 -1 0 0
792.3841463414635 170.74390243902448 -1 0 0
832.8719512195123 206.84146341463423 -1 0 0
847.5060975609758 161.47560975609764 -1 0 0
859.7012195121954 162.4512195121952 -1 0 0
866.0426829268295 150.74390243902445 -1 0 0
856.2865853658539 137.08536585365857 -1 0 0
871.4085365853659 129.28048780487808 -1 0 0
878.7256097560978 135.13414634146346 -1 0 0
886.0426829268295 135.13414634146346 -1 0 0
899.2134146341466 147.81707317073176 -1 0 0
883.6036585365855 153.18292682926835 -1 0 0
899.2134146341466 133.1829268292683 -1 0 0
887.018292682927 124.89024390243907 -1 0 0
877.7500000000002 122.45121951219517 -1 0 0
895.3109756097563 113.67073170731709 -1 0 0
879.7012195121954 113.1829268292683 -1 0 0
860.6768292682927 119.52439024390247 -1 0 0
830.4329268292684 136.109756097561 -1 0 0
835.3109756097563 126.35365853658539 -1 0 0
837.2621951219514 118.54878048780489 -1 0 0
827.018292682927 117.57317073170736 -1 0 0
844.0914634146343 115.6219512195122 -1 0 0
820.189024390244 123.91463414634148 -1 0 0
810.4329268292684 141.47560975609758 -1 0 0
822.1402439024391 155.1341463414635 -1 0 0
791.8963414634147 139.52439024390247 -1 0 0
789.9451219512196 125.37804878048786 -1 0 0
800.6768292682927 117.57317073170736 -1 0 0
770.9207317073171 145.86585365853665 -1 0 0
747.5060975609757 156.59756097560984 -1 0 0
749.4573170731708 140.01219512195127 -1 0 0
757.7500000000001 135.13414634146346 -1 0 0
763.1158536585367 122.93902439024396 -1 0 0
643.1158536585366 167.329268292683 -1 0 0
628.4817073170732 172.2073170731708 -1 0 0
649.9451219512196 144.40243902439028 -1 0 0
745.5548780487807 120.50000000000006 -1 0 0
733.8475609756099 126.35365853658539 -1 0 0
713.3597560975611 132.69512195121956 -1 0 0
696.7743902439025 142.45121951219517 -1 0 0
704.0914634146342 126.84146341463418 -1 0 0
712.3841463414635 119.52439024390247 -1 0 0
724.5792682926831 114.15853658536588 -1 0 0
699.2134146341464 115.13414634146346 -1 0 0
680.189024390244 128.7926829268293 -1 0 0
685.0670731707318 119.52439024390247 -1 0 0
682.6280487804879 138.06097560975616 -1 0 0
668.969512195122 136.109756097561 -1 0 0
658.2378048780488 132.69512195121956 -1 0 0
661.1646341463415 118.54878048780489 -1 0 0
671.8963414634147 114.15853658536588 -1 0 0
634.3353658536586 139.52439024390247 -1 0 0
616.7743902439024 135.13414634146346 -1 0 0
625.5548780487806 123.91463414634148 -1 0 0
640.6768292682927 115.13414634146346 -1 0 0
606.5304878048781 135.13414634146346 -1 0 0
597.2621951219512 143.91463414634148 -1 0 0
594.3353658536586 153.67073170731715 -1 0 0
609.9451219512196 160.50000000000009 -1 0 0
606.0426829268293 120.50000000000006 -1 0 0
621.1646341463415 114.15853658536588 -1 0 0
589.4573170731708 128.3048780487805 -1 0 0
581.1646341463414 117.57317073170736 -1 0 0
595.798780487805 115.6219512195122 -1 0 0
564.0914634146342 116.10975609756099 -1 0 0
557.2621951219512 122.93902439024396 -1 0 0
564.579268292683 144.40243902439028 -1 0 0
577.75 132.69512195121956 -1 0 0
550.920731707317 169.28048780487813 -1 0 0
554.3353658536586 150.25609756097566 -1 0 0
557.2621951219512 139.52439024390247 -1 0 0
545.0670731707318 136.109756097561 -1 0 0
538.7256097560976 131.2317073170732 -1 0 0
531.8963414634146 112.20731707317077 -1 0 0
510.43292682926824 117.57317073170736 -1 0 0
490.92073170731703 117.57317073170736 -1 0 0
515.310975609756 127.32926829268297 -1 0 0
509.4573170731707 136.109756097561 -1 0 0
510.43292682926824 154.1585365853659 -1 0 0
513.359756097561 184.8902439024391 -1 0 0
528.969512195122 175.1341463414635 -1 0 0
537.2621951219512 182.939024390244 -1 0 0
492.3841463414634 196.10975609756107 -1 0 0
494.3353658536585 174.6463414634147 -1 0 0
475.79878048780483 188.3048780487806 -1 0 0
484.5792682926829 163.91463414634154 -1 0 0
495.79878048780483 144.40243902439028 -1 0 0
495.31097560975604 130.74390243902445 -1 0 0
477.74999999999994 138.5487804878049 -1 0 0
456.7743902439024 194.64634146341473 -1 0 0
532.9756097560977 148.30487804878064 -1 0 0
548.5853658536587 104.89024390243915 -1 0 0
460.29268292682934 142.93902439024404 -1 0 0
458.8292682926831 169.28048780487822 -1 0 0
434.43902439024396 136.10975609756113 -1 0 0
432.4878048780489 149.2804878048782 -1 0 0
417.3658536585367 123.42682926829285 -1 0 0
401.2682926829269 118.54878048780503 -1 0 0
408.0975609756098 111.2317073170733 -1 0 0
452.4878048780489 120.01219512195135 -1 0 0
445.17073170731715 124.40243902439038 -1 0 0
458.3414634146343 101.4756097560977 -1 0 0
462.2439024390245 113.6707317073172 -1 0 0
468.0975609756099 115.62195121951234 -1 0 0
477.3658536585367 114.158536585366 -1 0 0
32.5914634146341 112.93902439024393 -1 0 0
20.884146341463353 134.40243902439028 -1 0 0
31.12804878048775 130.50000000000003 -1 0 0
12.591463414634093 126.10975609756099 -1 0 0
2.8353658536584594 126.10975609756099 -1 0 0
32.1036585365853 97.81707317073172 -1 0 0
48.20121951219509 115.37804878048783 -1 0 0
48.68902439024385 103.67073170731706 -1 0 0
65.7621951219512 115.37804878048783 -1 0 0
8.201219512195053 73.91463414634146 -1 0 0
3.8109756097560425 90.01219512195124 -1 0 0
8.689024390243846 60.256097560975604 -1 0 0
12.591463414634093 52.93902439024387 -1 0 0
3.323170731707251 50.98780487804877 -1 0 0
11.615853658536539 38.30487804878044 -1 0 0
19.9085365853658 33.426829268292636 -1 0 0
12.591463414634093 32.45121951219505 -1 0 0
22.83536585365849 23.67073170731703 -1 0 0
18.932926829268244 29.524390243902356 -1 0 0
31.61585365853654 27.08536585365846 -1 0 0
26.73780487804874 19.280487804877964 -1 0 0
27.713414634146293 12.939024390243844 -1 0 0
30.640243902438986 8.548780487804834 -1 0 0
19.9085365853658 4.158536585365766 -1 0 0
11.615853658536539 15.378048780487745 -1 0 0
3.323170731707251 13.914634146341427 -1 0 0
27.713414634146293 37.329268292682855 -1 0 0
30.15243902439019 50.01219512195121 -1 0 0
37.4695121951219 43.18292682926824 -1 0 0
47.7134146341463 45.62195121951216 -1 0 0
43.323170731707286 56.84146341463415 -1 0 0
44.78658536585363 63.67073170731706 -1 0 0
41.37195121951215 80.2560975609756 -1 0 0
19.420731707317007 67.08536585365854 -1 0 0
56.493902439024346 85.6219512195122 -1 0 0
66.73780487804875 89.03658536585365 -1 0 0
67.71341463414633 99.28048780487805 -1 0 0
76.98170731707314 90.01219512195124 -1 0 0
88.68902439024392 104.15853658536585 -1 0 0
102.34756097560974 119.76829268292684 -1 0 0
103.32317073170732 102.20731707317074 -1 0 0
110.64024390243902 126.59756097560975 -1 0 0
114.05487804878052 97.81707317073172 -1 0 0
121.85975609756099 93.42682926829266 -1 0 0
136.98170731707322 104.15853658536585 -1 0 0
136.49390243902442 118.79268292682927 -1 0 0
150.64024390243904 113.42682926829269 -1 0 0
166.73780487804882 112.93902439024393 -1 0 0
166.73780487804882 122.20731707317073 -1 0 0
155.0304878048781 97.81707317073172 -1 0 0
171.12804878048783 99.28048780487805 -1 0 0
178.44512195121953 93.42682926829266 -1 0 0
186.25000000000003 108.54878048780489 -1 0 0
203.3231707317074 110.01219512195124 -1 0 0
206.25000000000003 122.20731707317073 -1 0 0
214.54268292682931 125.62195121951223 -1 0 0
219.42073170731712 119.76829268292684 -1 0 0
191.12804878048783 94.40243902439026 -1 0 0
205.2743902439025 101.23170731707316 -1 0 0
228.68902439024396 125.13414634146343 -1 0 0
120.39634146341463 82.69512195121952 -1 0 0
131.12804878048783 81.23170731707316 -1 0 0
117.46951219512194 66.10975609756096 -1 0 0
143.32317073170734 73.91463414634146 -1 0 0
136.49390243902442 72.45121951219511 -1 0 0
133.07926829268294 63.18292682926827 -1 0 0
144.7865853658537 62.207317073170714 -1 0 0
154.54268292682931 69.52439024390245 -1 0 0
167.2256097560976 68.06097560975607 -1 0 0
175.0304878048781 73.91463414634146 -1 0 0
186.25000000000003 81.71951219512195 -1 0 0
203.81097560975613 82.69512195121952 -1 0 0
215.5182926829269 83.67073170731705 -1 0 0
228.68902439024396 102.20731707317074 -1 0 0
239.9085365853659 99.28048780487805 -1 0 0
244.78658536585374 114.40243902439025 -1 0 0
256.0060975609757 118.79268292682927 -1 0 0
250.1524390243903 104.15853658536585 -1 0 0
269.1768292682928 111.96341463414635 -1 0 0
280.8841463414635 123.18292682926833 -1 0 0
274.5426829268294 129.52439024390245 -1 0 0
300.39634146341473 116.35365853658536 -1 0 0
311.6158536585367 108.0609756097561 -1 0 0
321.8597560975611 104.15853658536585 -1 0 0
331.1280487804879 106.59756097560975 -1 0 0
332.5914634146343 120.74390243902442 -1 0 0
88.20121951219512 82.69512195121952 -1 0 0
71.61585365853655 69.52439024390245 -1 0 0
103.32317073170732 72.45121951219511 -1 0 0
105.76219512195122 62.69512195121951 -1 0 0
90.15243902439023 65.62195121951217 -1 0 0
92.59146341463413 56.35365853658536 -1 0 0
81.85975609756095 58.79268292682926 -1 0 0
59.42073170731704 60.74390243902436 -1 0 0
62.347560975609724 49.52439024390242 -1 0 0
55.51829268292679 38.79268292682923 -1 0 0
64.78658536585364 38.79268292682923 -1 0 0
62.8353658536585 28.06097560975604 -1 0 0
71.12804878048779 28.06097560975604 -1 0 0
72.59146341463413 16.35365853658533 -1 0 0
62.347560975609724 13.914634146341427 -1 0 0
56.00609756097558 17.329268292682855 -1 0 0
47.7134146341463 12.939024390243844 -1 0 0
54.054878048780445 25.13414634146335 -1 0 0
78.93292682926828 49.52439024390242 -1 0 0
107.71341463414633 50.49999999999997 -1 0 0
116.98170731707314 54.40243902439022 -1 0 0
127.22560975609753 47.085365853658516 -1 0 0
99.42073170731705 42.207317073170714 -1 0 0
103.81097560975611 36.84146341463412 -1 0 0
107.22560975609754 27.08536585365846 -1 0 0
115.03048780487804 33.426829268292636 -1 0 0
124.2987804878049 27.08536585365846 -1 0 0
113.56707317073173 23.67073170731703 -1 0 0
87.71341463414633 23.67073170731703 -1 0 0
136.98170731707322 45.62195121951216 -1 0 0
147.2256097560976 40.25609756097555 -1 0 0
163.32317073170734 35.86585365853654 -1 0 0
153.07926829268294 32.45121951219505 -1 0 0
149.6646341463415 29.036585365853625 -1 0 0
145.27439024390245 23.67073170731703 -1 0 0
137.95731707317074 30.499999999999943 -1 0 0
130.64024390243904 36.84146341463412 -1 0 0
220.8841463414635 3.1829268292682404 -1 0 0
214.05487804878052 8.548780487804834 -1 0 0
207.7134146341464 9.036585365853568 -1 0 0
201.85975609756102 13.426829268292636 -1 0 0
197.469512195122 9.036585365853568 -1 0 0
189.6646341463415 13.426829268292636 -1 0 0
172.5914634146342 17.329268292682855 -1 0 0
159.42073170731712 17.329268292682855 -1 0 0
151.61585365853662 4.158536585365766 -1 0 0
168.68902439024393 28.548780487804834 -1 0 0
156.49390243902442 23.67073170731703 -1 0 0
173.56707317073173 26.109756097560933 -1 0 0
184.7865853658537 29.036585365853625 -1 0 0
184.7865853658537 20.74390243902434 -1 0 0
197.469512195122 23.67073170731703 -1 0 0
185.76219512195124 34.890243902438954 -1 0 0
179.9085365853659 39.768292682926756 -1 0 0
171.61585365853662 51.475609756097555 -1 0 0
189.6646341463415 62.207317073170714 -1 0 0
181.37195121951223 55.865853658536565 -1 0 0
186.25000000000003 44.646341463414615 -1 0 0
193.079268292683 71.47560975609755 -1 0 0
199.42073170731712 69.52439024390245 -1 0 0
197.469512195122 45.62195121951216 -1 0 0
213.079268292683 71.47560975609755 -1 0 0
216.49390243902442 60.74390243902436 -1 0 0
225.2743902439025 68.06097560975607 -1 0 0
207.7134146341464 59.76829268292681 -1 0 0
218.4451219512196 54.40243902439022 -1 0 0
207.2256097560976 44.646341463414615 -1 0 0
235.03048780487813 81.23170731707316 -1 0 0
434.5426829268294 104.15853658536585 -1 0 0
423.8109756097563 102.20731707317074 -1 0 0
422.83536585365874 90.01219512195124 -1 0 0
441.85975609756116 82.69512195121952 -1 0 0
448.68902439024413 76.84146341463415 -1 0 0
442.34756097560995 61.71951219512195 -1 0 0
446.25000000000017 53.914634146341456 -1 0 0
442.83536585365874 42.69512195121945 -1 0 0
435.518292682927 46.59756097560975 -1 0 0
420.8841463414636 54.89024390243901 -1 0 0
416.0060975609758 71.47560975609755 -1 0 0
423.8109756097563 64.64634146341464 -1 0 0
435.0304878048782 35.378048780487745 -1 0 0
415.518292682927 91.47560975609755 -1 0 0
410.6402439024392 90.01219512195124 -1 0 0
400.3963414634148 93.42682926829266 -1 0 0
406.73780487804896 98.79268292682924 -1 0 0
398.44512195121973 104.64634146341464 -1 0 0
374.0548780487806 100.25609756097563 -1 0 0
379.908536585366 104.64634146341464 -1 0 0
362.83536585365863 105.6219512195122 -1 0 0
366.25000000000017 118.79268292682927 -1 0 0
360.3963414634148 113.42682926829269 -1 0 0
351.61585365853676 126.10975609756099 -1 0 0
-114.23780487804892 219.76829268292693 -1 0 0
345.7621951219514 105.6219512195122 -1 0 0
340.3963414634148 97.81707317073172 -1 0 0
347.71341463414643 93.42682926829266 -1 0 0
362.34756097560995 93.42682926829266 -1 0 0
378.4451219512196 89.03658536585365 -1 0 0
391.128048780488 90.5 -1 0 0
399.908536585366 81.23170731707316 -1 0 0
397.46951219512215 70.49999999999997 -1 0 0
388.20121951219534 56.35365853658536 -1 0 0
376.98170731707336 71.47560975609755 -1 0 0
377.46951219512215 58.79268292682926 -1 0 0
299.4207317073172 97.81707317073172 -1 0 0
276.4939024390245 97.81707317073172 -1 0 0
284.7865853658538 98.79268292682924 -1 0 0
266.2500000000001 97.81707317073172 -1 0 0
267.71341463414643 84.64634146341464 -1 0 0
259.4207317073172 78.30487804878047 -1 0 0
267.22560975609764 74.89024390243901 -1 0 0
285.27439024390253 87.08536585365854 -1 0 0
287.71341463414643 72.45121951219511 -1 0 0
280.39634146341473 68.06097560975607 -1 0 0
276.0060975609757 62.207317073170714 -1 0 0
301.8597560975611 80.2560975609756 -1 0 0
311.6158536585367 77.32926829268294 -1 0 0
306.7378048780489 68.06097560975607 -1 0 0
315.0304878048782 71.47560975609755 -1 0 0
300.8841463414635 64.64634146341464 -1 0 0
301.8597560975611 52.93902439024387 -1 0 0
289.1768292682928 61.71951219512195 -1 0 0
288.689024390244 52.93902439024387 -1 0 0
312.1036585365855 51.475609756097555 -1 0 0
317.4695121951221 57.329268292682904 -1 0 0
326.7378048780489 90.01219512195124 -1 0 0
320.3963414634148 94.89024390243904 -1 0 0
324.298780487805 82.69512195121952 -1 0 0
337.9573170731708 83.67073170731705 -1 0 0
346.25000000000017 86.10975609756098 -1 0 0
356.0060975609758 84.64634146341464 -1 0 0
355.518292682927 76.84146341463415 -1 0 0
361.85975609756116 65.62195121951217 -1 0 0
349.6646341463416 56.35365853658536 -1 0 0
354.5426829268294 54.89024390243901 -1 0 0
354.5426829268294 44.15853658536582 -1 0 0
367.71341463414655 42.69512195121945 -1 0 0
369.1768292682928 16.35365853658533 -1 0 0
376.0060975609758 28.06097560975604 -1 0 0
383.3231707317074 30.499999999999943 -1 0 0
379.908536585366 10.499999999999943 -1 0 0
352.10365853658556 6.109756097560933 -1 0 0
344.7865853658538 12.939024390243844 -1 0 0
342.83536585365863 44.646341463414615 -1 0 0
329.1768292682928 50.49999999999997 -1 0 0
343.3231707317074 62.69512195121951 -1 0 0
339.4207317073172 54.89024390243901 -1 0 0
243.3231707317074 63.67073170731706 -1 0 0
232.1036585365854 63.67073170731706 -1 0 0
244.78658536585374 54.89024390243901 -1 0 0
238.93292682926838 49.036585365853654 -1 0 0
230.1524390243903 44.15853658536582 -1 0 0
224.7865853658537 32.939024390243844 -1 0 0
233.07926829268297 13.426829268292636 -1 0 0
250.64024390243907 50.49999999999997 -1 0 0
259.4207317073172 48.06097560975607 -1 0 0
243.8109756097562 39.28048780487803 -1 0 0
237.9573170731708 40.743902439024346 -1 0 0
246.73780487804888 32.45121951219505 -1 0 0
249.6646341463415 22.207317073170657 -1 0 0
248.689024390244 12.939024390243844 -1 0 0
254.05487804878055 13.914634146341427 -1 0 0
263.3231707317074 13.426829268292636 -1 0 0
268.2012195121952 11.475609756097526 -1 0 0
280.8841463414635 11.963414634146261 -1 0 0
270.15243902439033 26.109756097560933 -1 0 0
276.0060975609757 22.207317073170657 -1 0 0
279.908536585366 19.280487804877964 -1 0 0
263.3231707317074 40.25609756097555 -1 0 0
261.3719512195123 30.499999999999943 -1 0 0
275.03048780487813 41.23170731707313 -1 0 0
279.908536585366 49.52439024390242 -1 0 0
284.298780487805 44.15853658536582 -1 0 0
283.8109756097562 30.499999999999943 -1 0 0
296.9817073170733 37.329268292682855 -1 0 0
295.0304878048782 32.45121951219505 -1 0 0
294.0548780487806 20.256097560975547 -1 0 0
314.0548780487806 22.207317073170657 -1 0 0
308.2012195121952 32.45121951219505 -1 0 0
320.8841463414635 29.036585365853625 -1 0 0
307.2256097560977 44.646341463414615 -1 0 0
318.9329268292684 41.23170731707313 -1 0 0
350.1524390243904 67.57317073170731 -1 0 0
335.0304878048782 70.49999999999997 -1 0 0
345.7621951219514 74.89024390243901 -1 0 0
456.58231707317054 32.45121951219511 -1 0 0
463.89939024390225 30.5 -1 0 0
485.85060975609736 19.28048780487802 -1 0 0
477.5579268292681 28.0609756097561 -1 0 0
473.1676829268291 37.8170731707317 -1 0 0
481.94817073170714 38.304878048780495 -1 0 0
499.5091463414633 39.76829268292681 -1 0 0
514.6310975609755 19.768292682926813 -1 0 0
513.6554878048779 28.0609756097561 -1 0 0
530.2408536585365 34.89024390243901 -1 0 0
536.0945121951218 28.0609756097561 -1 0 0
541.9481707317071 37.32926829268291 -1 0 0
567.3140243902437 32.45121951219511 -1 0 0
566.3384146341461 45.62195121951219 -1 0 0
557.0701219512193 49.03658536585368 -1 0 0
544.3871951219511 51.47560975609758 -1 0 0
524.3871951219511 49.03658536585368 -1 0 0
503.8993902439023 51.47560975609758 -1 0 0
498.0457317073169 49.03658536585368 -1 0 0
487.31402439024373 47.085365853658544 -1 0 0
473.65548780487785 49.03658536585368 -1 0 0
465.85060975609736 52.45121951219514 -1 0 0
459.02134146341444 48.54878048780489 -1 0 0
455.60670731707296 60.25609756097563 -1 0 0
458.53353658536565 58.304878048780495 -1 0 0
467.31402439024373 67.08536585365857 -1 0 0
458.0457317073169 80.25609756097563 -1 0 0
458.0457317073169 70.5 -1 0 0
439.99695121951197 70.5 -1 0 0
449.26524390243884 95.86585365853662 -1 0 0
464.38719512195104 87.08536585365857 -1 0 0
480.97256097560955 85.62195121951223 -1 0 0
474.63109756097543 79.28048780487809 -1 0 0
479.02134146341444 69.52439024390247 -1 0 0
480.97256097560955 64.64634146341467 -1 0 0
488.2896341463413 62.20731707317074 -1 0 0
504.8749999999998 65.6219512195122 -1 0 0
490.24085365853637 80.25609756097563 -1 0 0
481.46036585365835 74.89024390243904 -1 0 0
488.7774390243901 102.20731707317077 -1 0 0
470.24085365853637 105.62195121951223 -1 0 0
502.4359756097559 112.93902439024396 -1 0 0
498.5335365853657 103.18292682926833 -1 0 0
502.4359756097559 95.86585365853662 -1 0 0
515.1189024390242 84.64634146341467 -1 0 0
509.2652439024389 90.01219512195127 -1 0 0
511.70426829268274 79.28048780487809 -1 0 0
514.6310975609755 100.25609756097566 -1 0 0
530.2408536585365 95.86585365853662 -1 0 0
523.8993902439023 107.57317073170736 -1 0 0
518.0457317073169 110.98780487804882 -1 0 0
541.9481707317071 88.06097560975613 -1 0 0
538.5335365853657 99.28048780487808 -1 0 0
554.6310975609755 83.67073170731707 -1 0 0
524.3871951219511 81.71951219512198 -1 0 0
523.8993902439023 68.54878048780489 -1 0 0
517.0701219512193 72.45121951219514 -1 0 0
514.6310975609755 64.15853658536588 -1 0 0
519.5091463414633 55.3780487804878 -1 0 0
528.2896341463413 54.89024390243904 -1 0 0
533.1676829268291 59.76829268292684 -1 0 0
543.4115853658535 68.0609756097561 -1 0 0
535.606707317073 71.47560975609758 -1 0 0
557.0701219512193 65.6219512195122 -1 0 0
574.1432926829267 61.23170731707319 -1 0 0
577.5579268292681 77.32926829268297 -1 0 0
588.7774390243901 56.84146341463418 -1 0 0
584.8749999999999 66.59756097560978 -1 0 0
587.8018292682925 37.32926829268291 -1 0 0
593.1676829268291 32.45121951219511 -1 0 0
598.0457317073169 26.10975609756099 -1 0 0
597.5579268292681 43.1829268292683 -1 0 0
598.0457317073169 73.91463414634148 -1 0 0
599.9969512195121 60.25609756097563 -1 0 0
612.1920731707315 59.76829268292684 -1 0 0
615.1189024390243 51.47560975609758 -1 0 0
585.8506097560975 83.67073170731707 -1 0 0
589.2652439024389 98.79268292682927 -1 0 0
578.0457317073169 103.18292682926833 -1 0 0
568.7774390243901 90.01219512195127 -1 0 0
584.8749999999999 107.57317073170736 -1 0 0
628.2896341463413 81.23170731707319 -1 0 0
623.4115853658535 93.42682926829269 -1 0 0
608.2896341463413 90.01219512195127 -1 0 0
604.8749999999999 98.79268292682927 -1 0 0
619.9969512195121 104.15853658536588 -1 0 0
604.8749999999999 80.25609756097563 -1 0 0
638.0457317073169 102.20731707317077 -1 0 0
632.6798780487803 108.54878048780492 -1 0 0
667.3140243902438 104.15853658536588 -1 0 0
691.2164634146341 105.62195121951223 -1 0 0
699.9969512195121 103.18292682926833 -1 0 0
711.7042682926829 110.01219512195127 -1 0 0
683.4115853658535 85.62195121951223 -1 0 0
669.7530487804877 90.50000000000003 -1 0 0
655.6067073170731 76.84146341463418 -1 0 0
651.7042682926829 69.52439024390247 -1 0 0
652.6798780487803 91.47560975609758 -1 0 0
647.8018292682925 80.25609756097563 -1 0 0
642.9237804878047 89.03658536585368 -1 0 0
640.9725609756097 80.25609756097563 -1 0 0
633.1676829268291 72.93902439024393 -1 0 0
630.7286585365853 60.25609756097563 -1 0 0
620.9725609756097 41.71951219512198 -1 0 0
627.3140243902437 28.0609756097561 -1 0 0
644.3871951219511 34.89024390243901 -1 0 0
658.5335365853657 40.256097560975604 -1 0 0
644.3871951219511 45.134146341463406 -1 0 0
637.0701219512194 41.71951219512198 -1 0 0
650.2408536585365 44.64634146341464 -1 0 0
688.2896341463414 34.89024390243901 -1 0 0
672.1920731707316 49.524390243902445 -1 0 0
683.4115853658535 50.5 -1 0 0
689.7530487804877 59.28048780487807 -1 0 0
656.0945121951219 58.792682926829286 -1 0 0
665.3628048780487 66.10975609756099 -1 0 0
686.3384146341463 68.54878048780489 -1 0 0
677.0701219512194 76.84146341463418 -1 0 0
700.4847560975609 87.08536585365857 -1 0 0
706.3384146341463 76.84146341463418 -1 0 0
697.5579268292682 75.8658536585366 -1 0 0
719.5091463414633 87.08536585365857 -1 0 0
708.7774390243901 84.64634146341467 -1 0 0
723.8993902439024 79.28048780487809 -1 0 0
728.2896341463414 87.08536585365857 -1 0 0
727.8018292682926 98.79268292682927 -1 0 0
719.9969512195121 96.84146341463418 -1 0 0
739.9969512195121 112.45121951219517 -1 0 0
749.265243902439 106.59756097560978 -1 0 0
743.8993902439024 95.86585365853662 -1 0 0
744.3871951219512 88.06097560975613 -1 0 0
751.2164634146341 81.71951219512198 -1 0 0
761.9481707317073 84.64634146341467 -1 0 0
771.7042682926829 77.32926829268297 -1 0 0
766.826219512195 100.25609756097566 -1 0 0
777.5579268292682 104.15853658536588 -1 0 0
778.045731707317 94.40243902439029 -1 0 0
785.3628048780488 85.62195121951223 -1 0 0
793.1676829268292 73.91463414634148 -1 0 0
811.2164634146342 81.23170731707319 -1 0 0
809.265243902439 88.06097560975613 -1 0 0
809.265243902439 95.86585365853662 -1 0 0
798.045731707317 103.18292682926833 -1 0 0
786.826219512195 105.62195121951223 -1 0 0
788.2896341463414 116.35365853658539 -1 0 0
834.1432926829268 103.18292682926833 -1 0 0
824.3871951219512 96.84146341463418 -1 0 0
838.045731707317 79.28048780487809 -1 0 0
829.265243902439 80.25609756097563 -1 0 0
842.9237804878048 92.45121951219517 -1 0 0
832.1920731707318 90.01219512195127 -1 0 0
866.8262195121952 105.62195121951223 -1 0 0
842.9237804878048 103.18292682926833 -1 0 0
859.5091463414634 90.01219512195127 -1 0 0
873.655487804878 86.109756097561 -1 0 0
879.9969512195122 92.45121951219517 -1 0 0
864.3871951219512 60.74390243902439 -1 0 0
869.7530487804878 79.28048780487809 -1 0 0
854.6310975609756 54.40243902439025 -1 0 0
847.8018292682926 55.865853658536594 -1 0 0
833.1676829268292 49.03658536585368 -1 0 0
805.8506097560976 47.085365853658544 -1 0 0
784.3871951219512 51.963414634146346 -1 0 0
778.5335365853658 50.5 -1 0 0
791.7042682926829 47.57317073170733 -1 0 0
758.5335365853658 39.76829268292681 -1 0 0
767.8018292682926 56.353658536585385 -1 0 0
743.4115853658536 47.57317073170733 -1 0 0
739.0213414634146 43.67073170731709 -1 0 0
732.1920731707316 44.15853658536588 -1 0 0
724.8749999999999 42.20731707317077 -1 0 0
713.1676829268292 50.9878048780488 -1 0 0
893.8024475524476 56.68181818181816 -1 0 0
900.568181818182 57.13286713286711 -1 0 0
900.117132867133 72.46853146853147 -1 0 0
866.2884615384617 72.0174825174825 -1 0 0
896.0576923076924 97.27622377622376 -1 0 0
