108.58766233766227 507.2094155844156 -1 0 0
207.45779220779224 499.6866883116884 -1 0 0
223.5779220779221 421.2353896103896 -1 0 0
94.61688311688306 368.57629870129875 -1 0 0
45.18181818181813 397.5925324675325 -1 0 0
144.051948051948 538.3750000000001 -1 0 0
208.53246753246748 593.1834415584417 -1 0 0
322.44805194805195 538.3750000000001 -1 0 0
292.35714285714283 472.81980519480527 -1 0 0
472.90259740259745 597.482142857143 -1 0 0
612.6103896103896 575.9886363636365 -1 0 0
653.4480519480521 488.9399350649351 -1 0 0
671.7175324675325 428.75811688311694 -1 0 0
785.633116883117 598.5568181818184 -1 0 0
827.5454545454547 493.23863636363643 -1 0 0
854.4123376623379 402.9659090909091 -1 0 0
899.5487012987014 391.1444805194805 -1 0 0
843.6655844155846 347.0827922077923 -1 0 0
684.6136363636365 372.87500000000006 -1 0 0
561.0259740259742 318.06655844155847 -1 0 0
522.3376623376623 354.6055194805195 -1 0 0
507.2922077922079 410.48863636363643 -1 0 0
542.7564935064936 395.44318181818187 -1 0 0
482.5746753246754 355.6801948051949 -1 0 0
261.19155844155847 375.02435064935065 -1 0 0
184.88961038961037 365.35227272727275 -1 0 0
155.8733766233766 353.5308441558442 -1 0 0
135.45454545454544 344.9334415584416 -1 0 0
191.33766233766227 322.3652597402598 -1 0 0
212.83116883116878 315.9172077922078 -1 0 0
225.7272727272727 318.06655844155847 -1 0 0
243.9967532467533 330.9626623376623 -1 0 0
270.8636363636363 329.887987012987 -1 0 0
326.74675324675326 367.5016233766234 -1 0 0
404.1233766233766 423.3847402597403 -1 0 0
591.1168831168832 405.11525974025983 -1 0 0
771.6623376623379 362.1282467532468 -1 0 0
797.4545454545455 390.0698051948052 -1 0 0
709.331168831169 327.7386363636364 -1 0 0
751.2435064935066 322.3652597402598 -1 0 0
788.8571428571431 329.887987012987 -1 0 0
44.87175324675323 323.17126623376623 -1 0 0
99.68019480519482 312.9618506493506 -1 0 0
78.1866883116883 290.93100649350646 -1 0 0
86.24675324675323 288.24431818181813 -1 0 0
100.75487012987011 281.7962662337662 -1 0 0
84.09740259740258 275.8855519480519 -1 0 0
61.52922077922076 280.7215909090909 -1 0 0
72.81331168831167 279.6469155844155 -1 0 0
40.573051948051926 275.8855519480519 -1 0 0
169.37905844155847 289.4533279220779 -1 0 0
124.51136363636367 278.9752435064935 -1 0 0
108.12256493506497 273.33319805194805 -1 0 0
163.73701298701303 279.51258116883116 -1 0 0
176.3644480519481 278.43790584415586 -1 0 0
186.57386363636368 277.09456168831167 -1 0 0
211.82873376623382 283.2739448051948 -1 0 0
207.26136363636368 296.7073863636364 -1 0 0
171.52840909090912 305.84212662337666 -1 0 0
126.92938311688316 295.3640422077922 -1 0 0
141.16883116883122 281.393262987013 -1 0 0
203.7686688311689 273.0645292207792 -1 0 0
50.627435064935085 270.6465097402597 -1 0 0
60.83685064935066 321.6935876623377 -1 0 0
329.9293831168832 335.6643668831169 -1 0 0
307.898538961039 338.88839285714283 -1 0 0
324.28733766233773 317.932224025974 -1 0 0
303.59983766233773 307.99147727272725 -1 0 0
284.5243506493507 299.9314123376623 -1 0 0
254.70211038961043 302.3494318181818 -1 0 0
250.40340909090912 269.03449675324674 -1 0 0
300.1071428571429 286.49797077922074 -1 0 0
320.7946428571429 286.2293019480519 -1 0 0
356.2589285714286 321.6935876623377 -1 0 0
400.5892857142858 337.81371753246754 -1 0 0
382.31980519480527 308.52881493506493 -1 0 0
354.3782467532468 299.6627435064935 -1 0 0
358.1396103896104 287.5726461038961 -1 0 0
333.6907467532468 277.90056818181813 -1 0 0
347.3928571428572 273.0645292207792 -1 0 0
303.06250000000006 270.10917207792204 -1 0 0
380.1704545454546 286.2293019480519 -1 0 0
368.0803571428572 272.79586038961037 -1 0 0
378.2897727272728 268.2284902597402 -1 0 0
391.72321428571433 281.9306006493506 -1 0 0
402.73863636363643 294.2893668831169 -1 0 0
425.0381493506494 305.03612012987014 -1 0 0
439.27759740259745 338.0823863636364 -1 0 0
438.20292207792215 294.8267045454545 -1 0 0
418.8587662337663 275.75121753246754 -1 0 0
403.8133116883117 274.945211038961 -1 0 0
416.17207792207796 291.0653409090909 -1 0 0
433.635551948052 270.3778409090909 -1 0 0
439.8149350649351 312.5588474025974 -1 0 0
272.7029220779221 274.945211038961 -1 0 0
285.599025974026 277.90056818181813 -1 0 0
130.30844155844156 420.96672077922074 -1 0 0
127.62175324675326 454.8189935064935 -1 0 0
289.89772727272725 454.8189935064935 -1 0 0
330.7353896103896 408.6079545454545 -1 0 0
521.4902597402597 314.5738636363636 -1 0 0
544.0584415584416 312.4245129870129 -1 0 0
487.63798701298697 319.94724025974017 -1 0 0
493.0113636363636 301.6777597402597 -1 0 0
453.24837662337654 296.84172077922074 -1 0 0
462.3831168831168 314.5738636363636 -1 0 0
470.98051948051943 283.40827922077915 -1 0 0
499.9967532467532 288.24431818181813 -1 0 0
524.7142857142857 293.0803571428571 -1 0 0
556.4172077922078 286.0949675324675 -1 0 0
548.8944805194805 269.9748376623376 -1 0 0
559.1038961038961 269.9748376623376 -1 0 0
434.9788961038961 278.5722402597402 -1 0 0
319.9886363636364 273.1988636363636 -1 0 0
336.10876623376623 269.4375 -1 0 0
482.801948051948 288.24431818181813 -1 0 0
490.32467532467535 280.7215909090909 -1 0 0
504.2954545454545 273.73620129870125 -1 0 0
609.0762987012987 266.88514610389603 -1 0 0
587.8514610389611 278.70657467532465 -1 0 0
627.8831168831168 312.55884740259734 -1 0 0
599.6728896103896 313.9021915584415 -1 0 0
580.0600649350649 323.3056006493506 -1 0 0
636.4805194805194 284.8859577922077 -1 0 0
633.5251623376623 269.8405032467532 -1 0 0
620.0917207792209 277.0945616883116 -1 0 0
610.9569805194806 350.44115259740255 -1 0 0
666.0340909090909 330.1566558441558 -1 0 0
697.7370129870129 306.5137987012986 -1 0 0
707.9464285714286 291.4683441558441 -1 0 0
719.2305194805194 292.5430194805194 -1 0 0
697.7370129870129 294.15503246753235 -1 0 0
685.9155844155844 293.6176948051947 -1 0 0
694.512987012987 273.7362012987012 -1 0 0
688.0649350649351 266.21347402597394 -1 0 0
682.1542207792207 268.9001623376622 -1 0 0
611.762987012987 290.3936688311687 -1 0 0
573.6120129870129 287.70698051948045 -1 0 0
675.1688311688312 267.8254870129869 -1 0 0
614.4496753246754 307.58847402597394 -1 0 0
746.0974025974026 294.28936688311677 -1 0 0
779.1436688311687 299.3940746753246 -1 0 0
795.8011363636363 296.1700487012986 -1 0 0
839.5941558441558 307.9914772727272 -1 0 0
853.8336038961038 296.1700487012986 -1 0 0
866.4610389610389 299.12540584415575 -1 0 0
847.9228896103896 281.93060064935054 -1 0 0
813.5332792207791 281.93060064935054 -1 0 0
801.4431818181818 336.4703733766233 -1 0 0
765.4415584415584 281.1245941558441 -1 0 0
781.0243506493506 285.4232954545454 -1 0 0
842.0121753246754 279.7812499999999 -1 0 0
831.5340909090909 283.81128246753235 -1 0 0
805.7418831168832 271.9898538961038 -1 0 0
725.4099025974026 279.2439123376622 -1 0 0
714.6631493506493 276.2885551948051 -1 0 0
704.4537337662338 279.2439123376622 -1 0 0
683.2288961038961 277.9005681818181 -1 0 0
820.7873376623377 350.70982142857133 -1 0 0
924.038961038961 418.0113636363635 -1 0 0
925.6509740259739 342.2467532467531 -1 0 0
901.4707792207791 332.03733766233756 -1 0 0
877.2905844155844 305.70779220779207 -1 0 0
890.724025974026 297.11038961038946 -1 0 0
877.827922077922 287.43831168831156 -1 0 0
882.663961038961 274.5422077922077 -1 0 0
906.3068181818181 275.616883116883 -1 0 0
906.8441558441558 294.4237012987012 -1 0 0
919.7402597402597 301.94642857142844 -1 0 0
926.1883116883116 284.75162337662323 -1 0 0
808.5113636363636 315.9172077922077 -1 0 0
755.3149350649351 430.37012987012974 -1 0 0
522.6477272727274 274.1392045454544 -1 0 0
479.3920454545455 276.01988636363626 -1 0 0
545.484577922078 296.70738636363626 -1 0 0
107.8230519480519 295.2297077922076 -1 0 0
239.47077922077918 285.02029220779207 -1 0 0
235.7094155844155 275.3482142857141 -1 0 0
222.81331168831164 273.1988636363634 -1 0 0
522.6477272727273 267.82548701298686 -1 0 0
516.1996753246754 269.43749999999983 -1 0 0
292.12987012987 268.90016233766215 -1 0 0
114.8084415584415 282.87094155844136 -1 0 0
157.2581168831168 274.27353896103875 -1 0 0
135.76461038961034 274.27353896103875 -1 0 0
176.06493506493499 271.5868506493505 -1 0 0
347.47564935064923 287.70698051948034 -1 0 0
429.150974025974 351.65016233766215 -1 0 0
193.79707792207788 273.1988636363634 -1 0 0
263.3823051948051 275.75121753246736 -1 0 0
92.24025974025967 272.2585227272726 -1 0 0
115.58441558441557 271.91558441558436 -1 0 0
125.19480519480517 270.47402597402595 -1 0 0
41.58441558441557 357.9285714285714 -1 0 0
186.70129870129864 269.51298701298697 -1 0 0
330.8571428571428 255.09740259740258 -1 0 0
425.99999999999994 266.1493506493506 -1 0 0
252.53246753246745 263.7467532467532 -1 0 0
268.8701298701298 262.7857142857142 -1 0 0
195.3506493506493 264.7077922077922 -1 0 0
186.70129870129864 262.7857142857142 -1 0 0
178.53246753246748 264.2272727272727 -1 0 0
175.1688311688311 265.1883116883117 -1 0 0
169.88311688311683 263.7467532467532 -1 0 0
166.99999999999994 263.7467532467532 -1 0 0
161.23376623376618 266.1493506493506 -1 0 0
158.83116883116878 266.1493506493506 -1 0 0
86.27272727272727 269.51298701298697 -1 0 0
61.28571428571427 270.47402597402595 -1 0 0
68.01298701298701 266.1493506493506 -1 0 0
364.4935064935064 264.7077922077922 -1 0 0
357.2857142857142 270.47402597402595 -1 0 0
273.67532467532465 268.55194805194805 -1 0 0
282.80519480519473 270.47402597402595 -1 0 0
384.19480519480516 266.1493506493506 -1 0 0
359.2077922077921 262.7857142857142 -1 0 0
332.29870129870125 267.59090909090907 -1 0 0
395.0064935064934 265.90909090909076 -1 0 0
385.39610389610385 272.6363636363635 -1 0 0
668.9025974025974 257.7402597402596 -1 0 0
623.7337662337661 267.8311688311687 -1 0 0
629.4999999999999 263.9870129870129 -1 0 0
632.8636363636363 259.66233766233756 -1 0 0
715.0324675324673 265.90909090909076 -1 0 0
532.4350649350649 266.02922077922074 -1 0 0
539.4025974025974 265.788961038961 -1 0 0
601.8701298701299 265.788961038961 -1 0 0
581.2077922077922 264.5876623376623 -1 0 0
572.3181818181818 270.8344155844155 -1 0 0
537.0 276.6006493506493 -1 0 0
529.551948051948 272.9967532467532 -1 0 0
548.5324675324675 172.8084415584415 -1 0 0
718.1558441558442 267.71103896103887 -1 0 0
722.0 268.4318181818181 -1 0 0
731.1298701298701 273.71753246753235 -1 0 0
748.1883116883117 275.6396103896103 -1 0 0
748.1883116883117 275.6396103896103 -1 0 0
864.4740259740261 285.2499999999999 -1 0 0
806.0909090909091 263.62662337662323 -1 0 0
784.7077922077923 265.0681818181817 -1 0 0
767.409090909091 271.07467532467524 -1 0 0
755.8766233766235 269.87337662337654 -1 0 0
755.8766233766235 269.87337662337654 -1 0 0
740.2597402597403 269.392857142857 -1 0 0
736.1753246753248 271.5551948051947 -1 0 0
740.2597402597403 263.3863636363635 -1 0 0
745.0649350649351 260.9837662337661 -1 0 0
741.2207792207793 259.30194805194793 -1 0 0
734.4935064935065 260.7435064935064 -1 0 0
732.331168831169 258.5811688311687 -1 0 0
702.0584415584416 273.95779220779207 -1 0 0
763.3246753246754 265.0681818181817 -1 0 0
892.1038961038961 280.2045454545453 -1 0 0
444.01948051948045 442.49999999999994 -1 0 0
222.9805194805195 343.51298701298697 -1 0 0
218.17532467532465 264.22727272727263 -1 0 0
225.86363636363632 258.46103896103887 -1 0 0
230.18831168831167 264.7077922077922 -1 0 0
288.33116883116884 262.7857142857142 -1 0 0
301.3051948051948 264.7077922077922 -1 0 0
309.95454545454544 265.6688311688311 -1 0 0
321.96753246753246 264.7077922077922 -1 0 0
330.1363636363636 262.7857142857142 -1 0 0
336.8636363636364 261.3441558441558 -1 0 0
341.66883116883116 261.3441558441558 -1 0 0
349.8376623376623 261.3441558441558 -1 0 0
352.2402597402597 265.6688311688311 -1 0 0
370.0194805194805 262.30519480519473 -1 0 0
382.9935064935065 262.30519480519473 -1 0 0
391.64285714285717 260.86363636363626 -1 0 0
402.6948051948052 261.82467532467524 -1 0 0
419.9935064935065 261.82467532467524 -1 0 0
413.74675324675326 264.22727272727263 -1 0 0
411.34415584415586 262.7857142857142 -1 0 0
439.2142857142857 262.30519480519473 -1 0 0
441.1363636363637 266.1493506493506 -1 0 0
446.42207792207796 264.22727272727263 -1 0 0
454.5909090909091 263.2662337662337 -1 0 0
448.82467532467535 267.590909090909 -1 0 0
428.64285714285717 263.7467532467532 -1 0 0
513.6948051948052 261.3441558441558 -1 0 0
520.9025974025974 262.7857142857142 -1 0 0
526.6688311688313 263.26623376623365 -1 0 0
525.7077922077922 258.94155844155836 -1 0 0
524.2662337662339 253.65584415584408 -1 0 0
527.6298701298701 257.01948051948045 -1 0 0
533.8766233766235 256.0584415584415 -1 0 0
532.9155844155845 260.3831168831168 -1 0 0
538.2012987012988 256.0584415584415 -1 0 0
541.0844155844156 258.94155844155836 -1 0 0
545.8896103896104 254.61688311688303 -1 0 0
545.8896103896104 260.3831168831168 -1 0 0
551.6558441558442 261.82467532467524 -1 0 0
556.9415584415585 257.4999999999999 -1 0 0
556.9415584415585 262.30519480519473 -1 0 0
562.7077922077922 263.7467532467532 -1 0 0
568.9545454545455 265.1883116883116 -1 0 0
566.0714285714287 277.68181818181813 -1 0 0
574.2402597402597 261.82467532467524 -1 0 0
576.6428571428571 257.01948051948045 -1 0 0
571.3571428571429 257.4999999999999 -1 0 0
560.7857142857143 257.98051948051943 -1 0 0
563.1883116883117 256.53896103896096 -1 0 0
564.6298701298701 258.94155844155836 -1 0 0
569.4350649350649 259.42207792207785 -1 0 0
580.487012987013 257.01948051948045 -1 0 0
581.448051948052 259.90259740259734 -1 0 0
579.525974025974 263.7467532467532 -1 0 0
585.7727272727273 261.82467532467524 -1 0 0
590.577922077922 260.86363636363626 -1 0 0
588.1753246753246 254.13636363636357 -1 0 0
589.6168831168832 257.4999999999999 -1 0 0
593.9415584415585 257.4999999999999 -1 0 0
600.1883116883117 256.0584415584415 -1 0 0
604.0324675324675 256.0584415584415 -1 0 0
604.0324675324675 259.42207792207785 -1 0 0
597.7857142857143 259.90259740259734 -1 0 0
609.7987012987014 257.01948051948045 -1 0 0
619.409090909091 259.42207792207785 -1 0 0
622.7727272727273 257.4999999999999 -1 0 0
622.2922077922078 260.86363636363626 -1 0 0
618.448051948052 263.7467532467532 -1 0 0
629.5 259.42207792207785 -1 0 0
640.0714285714287 257.4999999999999 -1 0 0
639.5909090909091 260.3831168831168 -1 0 0
642.4740259740261 263.26623376623365 -1 0 0
643.9155844155845 257.4999999999999 -1 0 0
649.2012987012988 268.551948051948 -1 0 0
646.7987012987014 271.91558441558436 -1 0 0
661.6948051948052 263.26623376623365 -1 0 0
654.487012987013 255.09740259740252 -1 0 0
752.9935064935066 259.42207792207785 -1 0 0
756.8376623376624 261.3441558441558 -1 0 0
765.9675324675326 262.7857142857142 -1 0 0
771.7337662337663 259.42207792207785 -1 0 0
775.0974025974027 266.1493506493506 -1 0 0
780.3831168831169 259.42207792207785 -1 0 0
789.9935064935066 262.30519480519473 -1 0 0
789.9935064935066 265.1883116883116 -1 0 0
790.9545454545455 269.9935064935064 -1 0 0
795.7597402597404 266.62987012987 -1 0 0
797.2012987012988 261.3441558441558 -1 0 0
802.9675324675326 259.90259740259734 -1 0 0
801.5259740259742 263.7467532467532 -1 0 0
447.8636363636364 260.86363636363626 -1 0 0
478.1363636363637 264.7077922077921 -1 0 0
477.6558441558442 268.551948051948 -1 0 0
483.42207792207796 269.9935064935064 -1 0 0
489.6688311688312 269.9935064935064 -1 0 0
498.31818181818187 269.51298701298697 -1 0 0
493.0324675324676 264.22727272727263 -1 0 0
482.461038961039 259.90259740259734 -1 0 0
488.70779220779224 265.6688311688311 -1 0 0
490.6298701298702 263.26623376623365 -1 0 0
498.79870129870136 263.26623376623365 -1 0 0
499.7597402597403 270.4740259740259 -1 0 0
504.08441558441564 273.83766233766227 -1 0 0
507.9285714285715 276.72077922077915 -1 0 0
512.7337662337663 274.31818181818176 -1 0 0
507.9285714285715 268.551948051948 -1 0 0
507.9285714285715 264.22727272727263 -1 0 0
511.2922077922078 265.1883116883116 -1 0 0
845.4935064935065 271.91558441558436 -1 0 0
846.9350649350649 265.66883116883105 -1 0 0
837.8051948051948 262.78571428571416 -1 0 0
834.922077922078 273.8376623376622 -1 0 0
849.8181818181819 272.3961038961038 -1 0 0
859.909090909091 272.87662337662323 -1 0 0
834.4415584415585 269.9935064935064 -1 0 0
812.8181818181819 261.82467532467524 -1 0 0
407.25974025974017 435.7727272727272 -1 0 0
