9.152513391396528 557.3042849682513 -1 0 0
57.16882327926613 571.917944499342 -1 0 0
164.68360411514783 594.8822666196274 -1 0 0
153.20144305500514 527.0331330824205 -1 0 0
84.30847669414885 507.2003094330831 -1 0 0
7.064847744097936 491.542817078343 -1 0 0
125.01795681647306 462.31549801616154 -1 0 0
179.29726364623855 479.016823194551 -1 0 0
344.22284978283386 525.9893002587712 -1 0 0
467.39512297345567 558.3481177919007 -1 0 0
490.35944509374104 590.70693532503 -1 0 0
547.7702503944546 530.1646315533685 -1 0 0
574.9099038093375 528.0769659060699 -1 0 0
568.6469068674414 593.8384337959781 -1 0 0
663.6356938195312 547.9097895554073 -1 0 0
705.3890067655045 506.15647660943375 -1 0 0
740.8793227695821 525.9893002587712 -1 0 0
785.7641341865035 592.7946009723288 -1 0 0
828.5612799561263 568.7864460283939 -1 0 0
805.5969578358411 522.8578017878232 -1 0 0
790.9832983047504 488.41131860739506 -1 0 0
860.9200974892559 477.9729903709016 -1 0 0
875.5337570203466 509.2879750803818 -1 0 0
924.5938997318653 581.312439912186 -1 0 0
668.8548579377778 480.0606560182003 -1 0 0
631.2768762864016 476.92915754725226 -1 0 0
480.9649496808971 490.4989842546937 -1 0 0
453.8252962660143 476.92915754725226 -1 0 0
512.2799343903772 475.885324723603 -1 0 0
421.4664787328848 433.0881789539801 -1 0 0
57.16882327926613 448.7456713087202 -1 0 0
86.13518413553524 386.11570188975986 -1 0 0
125.27891502238545 403.8608598917987 -1 0 0
144.06790584807354 380.3746213596886 -1 0 0
170.6856428511316 404.90469271544805 -1 0 0
209.8293737379818 405.42660912727274 -1 0 0
274.54700880424076 400.207445009026 -1 0 0
259.93334927315004 363.1513797694746 -1 0 0
217.13620350352713 362.6294633576499 -1 0 0
161.29114743828762 362.10754694582516 -1 0 0
138.32682531800216 337.0555591782411 -1 0 0
102.31459290210003 338.6213084137151 -1 0 0
62.64894560342519 343.31855612013715 -1 0 0
76.74068872269126 352.19113512115655 -1 0 0
31.855877305769738 341.7528068846632 -1 0 0
13.066886480081644 339.1432248255398 -1 0 0
37.59695783584109 308.872072939709 -1 0 0
64.21469483889919 296.34607905591696 -1 0 0
81.43793642911328 298.4337447032156 -1 0 0
92.92009748925598 310.43782217518304 -1 0 0
105.44609137304802 304.6967416451117 -1 0 0
117.4501688450154 304.174825233287 -1 0 0
139.89257455347615 308.872072939709 -1 0 0
163.37881308558627 314.09123705795565 -1 0 0
172.77330849843034 335.4898099427671 -1 0 0
203.04446038426113 326.09531452992303 -1 0 0
294.90174886540285 356.36646641575385 -1 0 0
251.0607702721306 319.3104011762024 -1 0 0
224.44303326907252 316.17890270525436 -1 0 0
240.62244203563725 295.82416264409227 -1 0 0
290.2045011589808 321.9199832353257 -1 0 0
275.59084162789003 309.39398935153366 -1 0 0
355.96596904888906 390.812949596182 -1 0 0
351.7906377542917 361.5856305340006 -1 0 0
336.65506181137636 345.4062217674358 -1 0 0
312.12499045561697 302.609075997813 -1 0 0
328.3043992221816 301.043326762339 -1 0 0
333.00164692860363 286.9515836430729 -1 0 0
339.7865602823244 313.5693206461311 -1 0 0
367.4481301090318 335.4898099427671 -1 0 0
404.50419534858327 343.31855612013715 -1 0 0
422.24935335062196 381.418454183338 -1 0 0
438.9506785290113 379.85270494786397 -1 0 0
452.5205052364527 405.42660912727274 -1 0 0
464.00266629659546 336.01172635459176 -1 0 0
450.9547560009788 322.44189964715036 -1 0 0
424.8589354097454 317.2227355289036 -1 0 0
424.8589354097454 296.34607905591696 -1 0 0
402.9384461131093 316.70081911707905 -1 0 0
406.59186099588186 295.82416264409227 -1 0 0
470.26566323849147 309.39398935153366 -1 0 0
451.4766724128034 308.35015652788434 -1 0 0
480.18207506316026 299.477577526865 -1 0 0
451.9985888246281 288.51733287854694 -1 0 0
451.9985888246281 275.4694225829302 -1 0 0
474.4409945330888 275.4694225829302 -1 0 0
508.36556130169225 280.68858670117686 -1 0 0
505.2340628307443 298.4337447032156 -1 0 0
489.0546540641796 320.35423399985166 -1 0 0
500.53681512432223 354.80071718027983 -1 0 0
502.10256435979625 316.17890270525436 -1 0 0
396.15353275938855 269.7283420528588 -1 0 0
385.7152045228952 290.6049985258456 -1 0 0
373.7111270509278 297.911828291391 -1 0 0
365.3604644617331 308.872072939709 -1 0 0
362.75088240260976 274.94750617110554 -1 0 0
381.5398732282979 272.33792411198215 -1 0 0
336.13314539955167 266.07492717008614 -1 0 0
307.9496591610195 257.2023481690668 -1 0 0
247.40735538935795 281.7324195248262 -1 0 0
194.6937977950664 281.21050311300155 -1 0 0
200.95679473696242 297.911828291391 -1 0 0
210.8732065616311 295.82416264409227 -1 0 0
170.6856428511316 295.82416264409227 -1 0 0
144.5898222598982 289.5611657021962 -1 0 0
126.32274784603477 277.0351718184042 -1 0 0
73.60919025174324 280.1666702893522 -1 0 0
16.19838495102966 258.76809740454075 -1 0 0
43.338038365912446 259.29001381636544 -1 0 0
53.776366602405815 250.93935122717076 -1 0 0
85.61326772371062 260.33384664001477 -1 0 0
102.31459290210003 257.72426458089143 -1 0 0
113.79675396224273 253.0270168744694 -1 0 0
127.88849708150877 258.2461809927161 -1 0 0
146.67748790719685 259.29001381636544 -1 0 0
155.55006690821625 248.85168557987208 -1 0 0
163.90072949741094 245.19827069709942 -1 0 0
171.72947567478096 248.85168557987208 -1 0 0
184.25546955857303 248.3297691680474 -1 0 0
195.73763061871574 258.2461809927161 -1 0 0
179.6936233488217 266.11316489517344 -1 0 0
164.4989786813313 266.69757430546156 -1 0 0
161.57693162989082 283.0610377935281 -1 0 0
207.4530703375061 264.35993666430915 -1 0 0
215.6348020815394 256.17820492027585 -1 0 0
239.30338319820717 264.0677319591651 -1 0 0
253.03700433997736 268.74300724146985 -1 0 0
271.4459007640523 267.2819837157496 -1 0 0
253.62141375026545 254.13277198426755 -1 0 0
284.0107030852463 257.93143315114014 -1 0 0
291.3158207138474 256.76261433056396 -1 0 0
328.4258182671413 250.33411081739493 -1 0 0
251.86818551940115 241.27576495792948 -1 0 0
225.56976205643699 242.15237907336166 -1 0 0
196.0570868368883 236.8926943807688 -1 0 0
184.0766939259824 239.81474143220925 -1 0 0
167.1288210276277 236.8926943807688 -1 0 0
143.752444616104 243.32119789393784 -1 0 0
128.85000465375762 244.78222141965807 -1 0 0
126.8045717177493 236.3082849704807 -1 0 0
114.8241788068434 234.55505673961645 -1 0 0
115.70079292227553 221.99025441842244 -1 0 0
132.06425641034213 229.00316734187953 -1 0 0
141.12260226980757 219.36041207212602 -1 0 0
144.3368540263921 232.80182850875215 -1 0 0
153.39519988585752 229.58757675216765 -1 0 0
168.00543514305983 229.58757675216765 -1 0 0
176.4793715922372 229.2953720470236 -1 0 0
196.93370095232044 225.496710880151 -1 0 0
189.62858332371928 219.94482148241408 -1 0 0
212.12834561981086 229.8797814573117 -1 0 0
235.21251732619052 239.52253672706522 -1 0 0
260.63432667372257 237.18489908591286 -1 0 0
259.46550785314633 225.496710880151 -1 0 0
236.9657455570548 225.20450617500694 -1 0 0
229.07621851816555 221.69804971327838 -1 0 0
222.06330559470842 220.82143559784626 -1 0 0
288.68597836755106 238.93812731677713 -1 0 0
293.65345835499977 241.27576495792948 -1 0 0
306.5104653813378 238.93812731677713 -1 0 0
294.23786776528783 229.58757675216765 -1 0 0
278.75101839265346 224.62009676471882 -1 0 0
265.60180666117134 220.5292308927022 -1 0 0
254.20582316055354 205.04238152006772 -1 0 0
239.59558790335123 207.3800191612201 -1 0 0
324.3349523951247 237.47710379105692 -1 0 0
331.64007002372585 235.1394661499045 -1 0 0
315.5688112408033 237.76930849620095 -1 0 0
338.3607782420389 242.73678848364972 -1 0 0
349.46455703751263 237.47710379105692 -1 0 0
346.5425099860722 264.6521413694532 -1 0 0
352.3866040889531 262.60670843344485 -1 0 0
367.8734534615876 242.4445837785057 -1 0 0
357.35408407640193 239.23033202192116 -1 0 0
376.63959461590895 233.38623791904024 -1 0 0
378.1006181416292 247.41206376595446 -1 0 0
389.788806347391 238.06151320134495 -1 0 0
392.71085339883155 247.99647317624257 -1 0 0
383.068098129078 224.91230146986288 -1 0 0
371.6721146284602 226.37332499558312 -1 0 0
373.1331381541804 216.14616031554152 -1 0 0
359.98392642269835 210.00986150751655 -1 0 0
353.84762761467334 207.9644285715082 -1 0 0
343.62046293463175 220.23702618755814 -1 0 0
322.5817241642604 224.0356873544308 -1 0 0
317.32203947166755 222.57466382871053 -1 0 0
306.21826067619384 221.40584500813435 -1 0 0
300.958575983601 214.10072737953317 -1 0 0
297.4521195218724 205.91899563549987 -1 0 0
282.84188426467006 207.3800191612201 -1 0 0
277.2899948669332 200.36710623776298 -1 0 0
286.9327501366867 204.45797210977963 -1 0 0
288.68597836755106 192.47757919887374 -1 0 0
301.54298539388907 201.24372035319516 -1 0 0
306.21826067619384 198.61387800689872 -1 0 0
309.72471713792237 199.49049212233086 -1 0 0
314.69219712537114 196.86064977603442 -1 0 0
320.24408652310797 206.21120034064393 -1 0 0
328.13361356199727 210.00986150751655 -1 0 0
334.2699123700222 212.05529444352484 -1 0 0
339.82180176775915 205.91899563549987 -1 0 0
346.8347146912163 203.28915328920348 -1 0 0
210.08291268380253 204.1657674046356 -1 0 0
204.53102328606565 204.45797210977963 -1 0 0
173.5573245407967 206.79560975093202 -1 0 0
162.45354574532297 215.5617509052534 -1 0 0
151.34976694984917 215.85395561039746 -1 0 0
146.3822869624004 210.00986150751655 -1 0 0
130.31102817947786 209.1332473920844 -1 0 0
120.37606820458028 202.7047438789154 -1 0 0
109.56449411425056 197.4450591863225 -1 0 0
116.28520233256363 198.61387800689872 -1 0 0
129.72661876918977 198.90608271204275 -1 0 0
119.79165879429219 189.26332744228924 -1 0 0
135.86291757721474 187.802303916569 -1 0 0
141.70701168009566 196.27624036574636 -1 0 0
159.23929398873844 201.24372035319516 -1 0 0
185.8299221568467 199.49049212233086 -1 0 0
217.68023501754774 198.02946859661063 -1 0 0
212.71275503009895 193.06198860916183 -1 0 0
220.6022820689882 190.72435096800947 -1 0 0
80.63622830498988 208.84104268694037 -1 0 0
94.95425885704815 229.58757675216765 -1 0 0
77.12977184326134 233.97064732932833 -1 0 0
80.34402359984584 246.24324494537822 -1 0 0
105.76583294737787 235.43167085504857 -1 0 0
104.30480942165764 209.42545209722843 -1 0 0
95.2464635621922 207.08781445607607 -1 0 0
61.64292247062688 201.24372035319516 -1 0 0
48.785915444288854 207.38001916122013 -1 0 0
37.097727238527014 203.28915328920348 -1 0 0
38.85095546939129 196.86064977603448 -1 0 0
232.5826749798939 197.15285448117848 -1 0 0
224.10873853071655 195.9840356606023 -1 0 0
245.14747730108786 195.9840356606023 -1 0 0
259.46550785314616 196.27624036574636 -1 0 0
558.4237640583979 402.89684377951187 -1 0 0
513.6490680451313 381.5755599636707 -1 0 0
421.96754763701426 425.6395465164091 -1 0 0
500.1455882950986 414.2681951479605 -1 0 0
564.8201492031503 332.5366071872359 -1 0 0
112.80893230731682 364.5185329109977 -1 0 0
416.28187195278986 252.9371476080954 -1 0 0
425.5210949396544 266.4406273581282 -1 0 0
435.471027387047 254.3585665291515 -1 0 0
463.89940580816864 259.33353275284776 -1 0 0
443.9995409133835 246.54076246334304 -1 0 0
431.9174800844068 238.72295839753463 -1 0 0
414.86045303173387 236.59083001595053 -1 0 0
407.04264896592537 234.45870163436635 -1 0 0
533.9042876701807 215.5360622478073 -1 0 0
542.0774464662531 215.1807075175433 -1 0 0
550.7836373577215 215.00303015241127 -1 0 0
559.9340216620201 217.1351585339954 -1 0 0
517.6468087606016 209.13967710305496 -1 0 0
510.18435942505727 211.53832153233708 -1 0 0
513.5602293625655 200.9665183069825 -1 0 0
524.1320325879201 194.48129447966411 -1 0 0
561.0889245353782 202.8321306408686 -1 0 0
554.0706686126638 202.56561459317058 -1 0 0
546.5193805945534 200.07813148132243 -1 0 0
568.9067286011866 208.87316105535692 -1 0 0
501.38932985102275 199.63393806849243 -1 0 0
502.81074877207885 207.98477422969688 -1 0 0
493.2161710549503 204.43122692705668 -1 0 0
464.6101152686967 202.65445327573656 -1 0 0
453.06108653511603 201.5883890849445 -1 0 0
441.86741253179946 198.56787387770032 -1 0 0
494.6375899760064 235.70244319029044 -1 0 0
477.75824028846546 240.6774094139867 -1 0 0
463.5440510779046 244.76398881202294 -1 0 0
452.35037707458804 238.36760366727057 -1 0 0
482.5555291470297 249.2059229403232 -1 0 0
514.1821001405275 241.21044150938275 -1 0 0
520.0454531898838 238.36760366727057 -1 0 0
535.3257065912367 247.78450401926713 -1 0 0
522.532936301732 232.50425061791427 -1 0 0
560.2005377097181 233.39263744357433 -1 0 0
545.2756390386293 207.27406476916883 -1 0 0
225.98941389640723 202.1214211803406 -1 0 0
221.547479768107 207.2740647691689 -1 0 0
96.10725998490791 185.7751035881957 -1 0 0
97.528678905964 193.23755292374014 -1 0 0
172.50852699167223 196.08039076585226 -1 0 0
163.26930400480774 196.08039076585226 -1 0 0
147.4560185080588 200.3446475290205 -1 0 0
190.27626350487327 193.41523028887212 -1 0 0
181.5700726134047 190.39471508162796 -1 0 0
176.77278375484045 194.4812944796642 -1 0 0
168.06659286337197 194.12593974940015 -1 0 0
157.9389830508474 187.7295546046478 -1 0 0
145.8569222218707 190.57239244675998 -1 0 0
141.23731072843844 186.66349041385575 -1 0 0
152.96401682715114 181.68852419015946 -1 0 0
149.23279215937893 186.13045831845972 -1 0 0
149.41046952451092 179.37871844344332 -1 0 0
156.51756412979134 170.85020491710685 -1 0 0
165.22375502125985 169.25110863091876 -1 0 0
171.97549489627622 174.9367843151431 -1 0 0
181.5700726134047 155.39227415062197 -1 0 0
191.3423276956653 155.569951515754 -1 0 0
197.0280033798896 144.73163224270138 -1 0 0
202.1806469687179 145.26466433809742 -1 0 0
211.77522468584644 149.70659846639765 -1 0 0
219.23767402139083 147.21911535454953 -1 0 0
111.7428681165248 151.66104948284976 -1 0 0
109.07770763954464 152.90479103877385 -1 0 0
105.16880560664042 151.48337211771778 -1 0 0
107.65628871848857 188.44026406517585 -1 0 0
114.23035122837294 183.82065257174355 -1 0 0
113.51964176784489 176.18052587106718 -1 0 0
119.56067218233324 174.40375221974708 -1 0 0
123.64725158036947 179.37871844344332 -1 0 0
125.24634786655756 183.99832993687556 -1 0 0
127.73383097840569 189.3286508908359 -1 0 0
115.82944751456102 208.51780632509298 -1 0 0
87.93410118883544 183.99832993687556 -1 0 0
87.57874645857143 174.58142958487906 -1 0 0
196.85032601475763 193.05987555860813 -1 0 0
208.22167738320624 183.99832993687556 -1 0 0
204.490452715434 185.59742622306368 -1 0 0
205.20116217596208 194.12593974940015 -1 0 0
225.98941389640726 182.57691101581952 -1 0 0
226.5224459918033 188.26258670004384 -1 0 0
165.04607765612778 179.2010410783113 -1 0 0
162.38091717914764 186.48581304872374 -1 0 0
157.05059622518738 178.6680089829153 -1 0 0
174.46297800812434 183.46529784147955 -1 0 0
179.97097632721668 184.70903939740364 -1 0 0
202.89135642924597 182.2215562855555 -1 0 0
144.43550330081464 175.11446168027507 -1 0 0
142.83640701462653 162.67704612103438 -1 0 0
146.38995431726676 163.21007821643042 -1 0 0
139.28285971198636 170.85020491710685 -1 0 0
149.94350161990693 162.67704612103438 -1 0 0
200.22619595226578 177.2465900618592 -1 0 0
205.3788395410941 174.75910695001107 -1 0 0
213.55199833716657 169.78414072631477 -1 0 0
195.42890709370153 178.8456863480473 -1 0 0
196.31729391936153 166.4082707888066 -1 0 0
198.27174493581364 163.92078767695847 -1 0 0
149.58814688964293 154.3262099598299 -1 0 0
178.19420267589655 174.22607485461506 -1 0 0
240.02592574183603 184.3536846671396 -1 0 0
249.7981808240966 191.81613400268404 -1 0 0
252.46334130107672 194.12593974940015 -1 0 0
265.9668210511095 191.99381136781602 -1 0 0
275.383721403106 184.70903939740361 -1 0 0
271.65249673533384 182.5769110158195 -1 0 0
268.80965889322164 180.4447826342354 -1 0 0
258.50437171556507 179.91175053883933 -1 0 0
272.00785146559787 170.85020491710685 -1 0 0
228.8322517385194 154.68156469009392 -1 0 0
235.7616689786678 153.61550049930185 -1 0 0
244.29018250500428 158.76814408813016 -1 0 0
248.73211663330457 158.41278935786613 -1 0 0
252.9963733964728 159.12349881839415 -1 0 0
278.4042366103502 158.59046672299814 -1 0 0
281.24707445246236 159.30117618352617 -1 0 0
305.9442282058118 148.81821164073756 -1 0 0
289.4202332485348 163.74311031182643 -1 0 0
300.6139072518515 176.35820323619916 -1 0 0
298.1264241400033 180.26710526910335 -1 0 0
298.3041015051353 188.79561879543982 -1 0 0
239.137538916176 177.4242674269912 -1 0 0
217.10554563980676 177.7796221572552 -1 0 0
219.23767402139086 176.89123533159517 -1 0 0
204.13509798517003 165.3422065980145 -1 0 0
186.90039356736503 177.60194479212322 -1 0 0
283.55688019917847 173.33768802895497 -1 0 0
278.93726870574625 170.3171728217108 -1 0 0
276.62746295903014 168.89575390065474 -1 0 0
254.5954696826609 178.49033161778326 -1 0 0
257.61598488990506 188.6179414303078 -1 0 0
251.7526318405487 183.82065257174355 -1 0 0
287.1104275018187 179.55639580857533 -1 0 0
307.18796976173587 182.93226574608352 -1 0 0
337.74847656444155 192.52684346321206 -1 0 0
346.9876995513061 195.3696813053242 -1 0 0
355.5162130776426 195.01432657506018 -1 0 0
371.1518212092594 207.8070968645649 -1 0 0
367.5982739066192 196.79110022638028 -1 0 0
377.1928516237478 199.9892927987565 -1 0 0
350.54124685394623 187.19652250925174 -1 0 0
333.4842198012733 186.1304583184597 -1 0 0
344.1448617091939 179.02336371317932 -1 0 0
353.38408469605844 174.75910695001105 -1 0 0
366.5322097158272 181.51084682502744 -1 0 0
360.1358245710748 184.7090393974036 -1 0 0
306.1219055709438 175.11446168027507 -1 0 0
318.2039663999205 175.8251711408031 -1 0 0
329.9306724986331 167.29665761446662 -1 0 0
373.2839495908436 171.91626910789887 -1 0 0
234.69560478787574 166.23059342367458 -1 0 0
99.30545255728411 156.63601570654603 -1 0 0
104.99112824150843 156.28066097628204 -1 0 0
350.54124685394623 169.42878599605075 -1 0 0
345.210925899986 167.65201234473062 -1 0 0
343.7895069789299 160.54491773945026 -1 0 0
348.76447320262616 161.61098193024227 -1 0 0
143.01408437975857 284.91907333185725 -1 0 0
158.64969251137543 153.7931778644339 -1 0 0
145.1462127613427 168.71807653552273 -1 0 0
192.40839188645737 168.36272180525867 -1 0 0
189.21019931408117 171.56091437763487 -1 0 0
182.4584594390648 174.75910695001105 -1 0 0
318.55932113018446 189.6840056210999 -1 0 0
331.3520914196892 193.5929076540041 -1 0 0
344.855571169722 185.7751035881957 -1 0 0
349.83053739341824 178.31265425265124 -1 0 0
381.45710838691605 213.49277254878922 -1 0 0
299.0148109656634 166.94130288420263 -1 0 0
243.22411831421223 168.00736707499468 -1 0 0
315.3611285578083 151.66104948284976 -1 0 0
318.55932113018446 152.37175894337778 -1 0 0
323.17893262361673 150.5949852920577 -1 0 0
364.7554360645071 164.8091745026185 -1 0 0
368.6643380974113 163.74311031182643 -1 0 0
361.91259822239493 150.95034002232168 -1 0 0
356.93763199869863 150.23963056179366 -1 0 0
367.2429191763552 150.95034002232168 -1 0 0
379.3249800053319 170.4948501868428 -1 0 0
377.54820635401177 192.17148873294803 -1 0 0
381.45710838691605 185.41974885793167 -1 0 0
381.81246311718 179.37871844344332 -1 0 0
309.32009814331997 166.94130288420263 -1 0 0
249.26514872870058 165.51988396314653 -1 0 0
213.01896624177056 180.8001373644994 -1 0 0
226.8778007220673 170.1394954565788 -1 0 0
362.623307682923 196.08039076585226 -1 0 0
24.575638686081533 257.0865984753355 -1 0 0
9.742471852914688 294.9367483254853 -1 0 0
32.7594548698977 291.86781725655425 -1 0 0
20.995219105661945 314.8848002735373 -1 0 0
40.9432710537139 324.09159348033046 -1 0 0
119.20101331145615 323.0686164573534 -1 0 0
56.287926398369244 240.2074775962146 -1 0 0
31.736477846920675 248.3912937800308 -1 0 0
17.414799525242362 242.25343164216864 -1 0 0
4.62758673802958 246.34533973407673 -1 0 0
9.742471852914688 220.25942564816265 -1 0 0
16.903311013753846 215.65602904476603 -1 0 0
24.06415017459302 234.06961545835244 -1 0 0
35.316897427340265 229.97770736644435 -1 0 0
32.24796635840919 214.1215635103005 -1 0 0
56.79941490985775 226.90877629751327 -1 0 0
63.96025407069693 217.7019830907201 -1 0 0
69.58662769707053 216.67900606774307 -1 0 0
6.673540783983629 198.26541965415666 -1 0 0
9.230983341426175 206.96072434946132 -1 0 0
20.995219105661945 196.2194656082026 -1 0 0
9.742471852914688 188.03564942438646 -1 0 0
2.070144180587017 190.59309198182896 -1 0 0
30.71350082394365 188.54713793587496 -1 0 0
51.17304128348412 187.01267240140942 -1 0 0
46.05815616859903 190.59309198182896 -1 0 0
57.31090342134627 191.10458049331748 -1 0 0
61.40281151325436 191.10458049331748 -1 0 0
67.02918513962797 192.63904602778305 -1 0 0
71.63258174302457 192.63904602778305 -1 0 0
68.05216216260499 184.96671835545536 -1 0 0
69.58662769707053 177.80587919461618 -1 0 0
64.47174258218544 177.29439068312766 -1 0 0
59.356857467300316 182.9207643095013 -1 0 0
59.356857467300316 176.78290217163917 -1 0 0
75.72448983493268 179.34034472908172 -1 0 0
74.70151281195565 182.9207643095013 -1 0 0
285.17903528947807 559.3763087650458 -1 0 0
233.00720711764995 529.7099750987121 -1 0 0
223.80041391085672 585.9737113624484 -1 0 0
267.78842589886875 504.1355495242866 -1 0 0
283.133081243524 481.630055018792 -1 0 0
317.91430002474283 465.2624226511596 -1 0 0
329.1670472774901 431.50418089291793 -1 0 0
291.3168974273402 426.3892957780328 -1 0 0
647.3129014233441 439.6879970767341 -1 0 0
598.2100043204471 421.2744106631477 -1 0 0
628.8993150097579 404.90677829551527 -1 0 0
651.4048095152523 403.8838012725383 -1 0 0
674.9332810437239 396.72296211169913 -1 0 0
635.03717714762 362.9647203534574 -1 0 0
646.2899244003672 343.5281569168939 -1 0 0
622.7614528718957 327.1605245492616 -1 0 0
610.4857285961714 308.7469381356751 -1 0 0
600.2559583664012 330.2294556181926 -1 0 0
553.1990153094581 319.9996853884224 -1 0 0
541.9462680567109 310.7928921816292 -1 0 0
536.8313829418257 297.49419088292785 -1 0 0
558.3139004243432 293.4022827910198 -1 0 0
545.0151991256419 267.8278572165942 -1 0 0
559.3368774473203 259.64404103277803 -1 0 0
577.7504638609067 245.32236271109974 -1 0 0
576.7274868379296 286.24144363018064 -1 0 0
606.3938205042633 277.03465042338746 -1 0 0
615.6006137110564 281.1265585152955 -1 0 0
691.3009134113562 446.84883623757327 -1 0 0
717.8983160087588 439.6879970767341 -1 0 0
764.9552590657019 463.2164686052056 -1 0 0
804.8513629618058 447.8718132605502 -1 0 0
817.12708723753 391.608076996814 -1 0 0
784.3918225022652 384.4472378359749 -1 0 0
758.8173969278397 359.8957892845263 -1 0 0
742.4497645602074 363.9876973764344 -1 0 0
711.7604538708966 375.24044462918164 -1 0 0
692.3238904343332 343.5281569168939 -1 0 0
666.7494648599077 332.2754096641467 -1 0 0
645.2669473773902 317.95373134246836 -1 0 0
622.7614528718957 300.56312195185893 -1 0 0
647.3129014233441 299.54014492888194 -1 0 0
661.6345797450225 302.609075997813 -1 0 0
643.2209933314361 290.3333517220887 -1 0 0
683.11709722754 295.4482368369738 -1 0 0
688.2319823424251 309.76991515865217 -1 0 0
689.2549593654021 324.0915934803305 -1 0 0
842.7015128119556 434.573111961849 -1 0 0
896.9192950297378 458.10158349032054 -1 0 0
1017.6305837410264 529.7099750987121 -1 0 0
938.8613529717957 446.84883623757327 -1 0 0
928.6315827420256 401.8378472265843 -1 0 0
885.6665477769905 425.3663187550558 -1 0 0
888.7354788459216 404.90677829551527 -1 0 0
858.0461681566109 392.63105401979107 -1 0 0
858.0461681566109 371.1485365372735 -1 0 0
824.2879263983691 353.7579271466642 -1 0 0
825.3109034213462 335.3443407330777 -1 0 0
725.8263879368309 336.87880626754315 -1 0 0
741.6825317929747 325.6260590147959 -1 0 0
740.1480662585091 305.16651855525544 -1 0 0
724.8034109138538 315.3962887850257 -1 0 0
714.5736406840836 308.23544962418646 -1 0 0
715.085129195572 283.684001072738 -1 0 0
707.4128015232444 287.2644206531576 -1 0 0
758.5616526720955 321.0226624113993 -1 0 0
771.3488654593082 343.0166684054053 -1 0 0
791.2969174073602 319.4881968769338 -1 0 0
784.136078246521 344.55113393987085 -1 0 0
913.0311831416261 367.0566284453654 -1 0 0
875.1810332914761 376.77491016364706 -1 0 0
891.0371771476199 356.31536970410656 -1 0 0
915.07713718758 348.6430420317789 -1 0 0
973.8983160087589 380.35532974406664 -1 0 0
945.7664478768908 403.8838012725382 -1 0 0
954.4617525721953 413.09059447933134 -1 0 0
1016.8633509737938 387.0046803934173 -1 0 0
980.5476666581095 324.6030819918189 -1 0 0
943.7204938309367 301.07461046334737 -1 0 0
886.4337805442233 304.65503004376694 -1 0 0
909.9622520726949 296.98270237143925 -1 0 0
666.7494648599077 244.29938568812264 -1 0 0
574.9372770477198 225.3743107630477 -1 0 0
585.6785357889786 229.97770736644432 -1 0 0
600.000214110657 229.97770736644432 -1 0 0
608.1840302944731 236.62705801579494 -1 0 0
620.4597545701973 236.11556950430645 -1 0 0
637.8503639608068 228.44324183197878 -1 0 0
626.5976167080595 227.9317533204903 -1 0 0
612.7874268978696 221.79389118262813 -1 0 0
604.0921222025651 217.19049457923154 -1 0 0
594.8853289957718 219.23644862518557 -1 0 0
587.2130013234441 220.2594256481626 -1 0 0
576.4717425821855 214.12156351030046 -1 0 0
584.1440702545132 211.05263244136938 -1 0 0
594.3738404842834 208.49518988392683 -1 0 0
609.2070073174501 203.89179328053018 -1 0 0
615.8563579668008 203.89179328053018 -1 0 0
624.0401741506171 206.9607243494613 -1 0 0
624.0401741506171 220.7709141596511 -1 0 0
628.6435707540136 213.09858648732344 -1 0 0
640.9192950297378 219.74793713667407 -1 0 0
646.5456686561114 225.88579927453623 -1 0 0
644.4997146101574 235.0925924813294 -1 0 0
653.7065078169506 245.32236271109966 -1 0 0
660.8673469777898 237.13854652728347 -1 0 0
653.7065078169506 232.53514992388688 -1 0 0
659.8443699548127 227.42026480900176 -1 0 0
669.5626516730945 223.83984522858216 -1 0 0
680.3039104143533 227.9317533204903 -1 0 0
677.7464678569107 236.62705801579494 -1 0 0
685.930284040727 246.8568282455652 -1 0 0
696.6715427819856 241.23045461919156 -1 0 0
709.9702440806869 244.29938568812264 -1 0 0
717.6425717530146 257.0865984753354 -1 0 0
732.4757385861814 260.667018055755 -1 0 0
732.9872270976699 247.87980526854224 -1 0 0
721.2229913334342 247.87980526854224 -1 0 0
750.8893249997678 258.62106400980093 -1 0 0
764.1880262984691 259.1325525212895 -1 0 0
755.4927216031643 253.50617889491582 -1 0 0
776.975239085682 260.15552954426647 -1 0 0
767.2569573674001 251.46022484896181 -1 0 0
764.6995148099577 241.74194313068008 -1 0 0
755.4927216031643 237.650035038772 -1 0 0
776.4637505741935 242.7649201536571 -1 0 0
783.6245897350325 243.27640866514562 -1 0 0
795.3888254992683 249.41427080300775 -1 0 0
785.6705437809867 251.46022484896181 -1 0 0
809.7105038209468 262.20148359022056 -1 0 0
816.8713429817859 257.59808698682394 -1 0 0
821.986228096671 258.62106400980093 -1 0 0
831.7045098149526 269.87381126254814 -1 0 0
829.1470672575101 256.0636214523584 -1 0 0
832.2159983264412 247.87980526854224 -1 0 0
853.1870272974702 264.2474376361746 -1 0 0
838.8653489757918 291.35632874506564 -1 0 0
864.951263061706 291.35632874506564 -1 0 0
861.8823319927749 275.5001848889218 -1 0 0
890.014200124643 283.68400107273806 -1 0 0
892.060154170597 267.82785721659417 -1 0 0
880.2959184063612 263.7359491246861 -1 0 0
865.974240084683 258.62106400980093 -1 0 0
925.3069074173502 296.9827023714393 -1 0 0
936.0481661586091 287.7759091646461 -1 0 0
927.3528614633043 277.5461389348759 -1 0 0
919.6805337909766 264.2474376361746 -1 0 0
909.4507635612064 256.0636214523584 -1 0 0
895.6405737510166 245.32236271109966 -1 0 0
907.9162980267408 242.25343164216858 -1 0 0
915.07713718758 238.67301206174903 -1 0 0
938.6056087160515 256.0636214523584 -1 0 0
934.002212112655 264.7589261476631 -1 0 0
921.2149993254421 244.81087419961116 -1 0 0
947.8124019228447 266.29339168212863 -1 0 0
961.111103221546 303.12056450930146 -1 0 0
952.4157985262415 302.6090759978129 -1 0 0
970.3178964283392 282.661024049761 -1 0 0
968.7834308938737 305.16651855525555 -1 0 0
1013.7944199048628 321.0226624113994 -1 0 0
1013.7944199048628 302.09758748632447 -1 0 0
993.3348794453223 308.23544962418663 -1 0 0
996.9152990257419 295.9597253484623 -1 0 0
1000.4957186061614 288.7988861876231 -1 0 0
986.6855287959717 271.4082767970137 -1 0 0
1002.0301841406271 271.91976530850224 -1 0 0
1016.3518624623052 272.9427423314793 -1 0 0
990.2659483763912 262.20148359022056 -1 0 0
997.4267875372304 261.689995078732 -1 0 0
1008.6795347899777 260.15552954426647 -1 0 0
992.3119024223453 245.32236271109966 -1 0 0
966.2259883364312 253.50617889491582 -1 0 0
973.8983160087589 248.39129378003074 -1 0 0
975.944270054713 240.71896610770307 -1 0 0
982.082132192575 247.87980526854224 -1 0 0
1009.7025118129548 243.78789717663412 -1 0 0
1000.4957186061614 239.69598908472602 -1 0 0
1017.8863279967709 239.69598908472602 -1 0 0
1003.053161163604 232.53514992388688 -1 0 0
994.3578564682992 226.90877629751324 -1 0 0
984.1280862385291 228.9547303434673 -1 0 0
971.8523619628048 233.55812694686392 -1 0 0
953.9502640607068 243.78789717663412 -1 0 0
947.3009134113563 251.46022484896181 -1 0 0
936.0481661586091 244.29938568812264 -1 0 0
929.9103040207469 233.0466384353754 -1 0 0
914.5656486760914 227.42026480900176 -1 0 0
913.0311831416261 220.2594256481626 -1 0 0
936.5596546700975 225.88579927453623 -1 0 0
947.3009134113563 226.39728778602475 -1 0 0
957.019195129638 221.79389118262813 -1 0 0
963.1570572675001 227.9317533204903 -1 0 0
948.3238904343333 219.74793713667407 -1 0 0
943.2090053194481 218.72496011369705 -1 0 0
948.3238904343333 212.58709797583492 -1 0 0
963.1570572675001 218.21347160220853 -1 0 0
975.4327815432245 220.7709141596511 -1 0 0
880.8074069178498 249.41427080300775 -1 0 0
875.6925218029646 250.9487363374733 -1 0 0
858.3019124123553 248.90278229151926 -1 0 0
867.5087056191485 245.83385122258818 -1 0 0
870.066148176591 237.650035038772 -1 0 0
885.4108035212463 238.67301206174903 -1 0 0
929.3988155092584 218.21347160220853 -1 0 0
927.3528614633043 211.5641209528579 -1 0 0
920.7035108139537 211.5641209528579 -1 0 0
935.5366776471205 213.61007499881197 -1 0 0
892.5716426820856 225.3743107630477 -1 0 0
902.2899244003671 222.81686820560515 -1 0 0
885.9222920327348 219.74793713667407 -1 0 0
878.7614528718957 226.90877629751324 -1 0 0
874.6695447799875 223.32835671709367 -1 0 0
862.3938205042634 232.53514992388688 -1 0 0
847.5606536710965 243.78789717663412 -1 0 0
838.3538604643034 239.18450057323753 -1 0 0
973.8983160087589 212.58709797583492 -1 0 0
968.2719423823853 210.5411439298809 -1 0 0
960.5996147100575 211.05263244136938 -1 0 0
979.5246896351325 212.07560946434643 -1 0 0
984.1280862385291 218.21347160220853 -1 0 0
993.8463679568108 219.74793713667407 -1 0 0
1001.5186956291385 220.7709141596511 -1 0 0
1007.6565577670007 222.30537969411662 -1 0 0
1016.8633509737938 219.23644862518557 -1 0 0
1005.099115209558 214.63305202178898 -1 0 0
850.6295847400274 232.02366141239838 -1 0 0
843.4687455791884 219.74793713667407 -1 0 0
835.2849293953722 227.42026480900176 -1 0 0
825.055159165602 232.02366141239838 -1 0 0
818.9172970277398 231.51217290090986 -1 0 0
810.7334808439238 243.27640866514562 -1 0 0
805.1071072175502 245.83385122258818 -1 0 0
802.038176148619 236.11556950430645 -1 0 0
798.9692450796879 228.9547303434673 -1 0 0
793.8543599648029 222.81686820560515 -1 0 0
772.8833309937738 220.7709141596511 -1 0 0
775.9522620627049 220.7709141596511 -1 0 0
765.7224918329348 224.3513337400707 -1 0 0
763.165049275492 229.97770736644432 -1 0 0
751.9123020227448 217.19049457923154 -1 0 0
740.1480662585091 224.3513337400707 -1 0 0
731.4527615632043 235.60408099281793 -1 0 0
725.3148994253423 234.58110396984094 -1 0 0
712.0161981266409 225.3743107630477 -1 0 0
707.9242900347328 229.97770736644432 -1 0 0
703.3208934313363 226.39728778602475 -1 0 0
703.3208934313363 232.02366141239838 -1 0 0
690.5336806441235 228.9547303434673 -1 0 0
697.1830312934742 218.21347160220853 -1 0 0
680.8153989258417 221.79389118262813 -1 0 0
681.3268874373302 210.5411439298809 -1 0 0
670.5856286960715 213.09858648732344 -1 0 0
731.9642500746928 224.8628222515592 -1 0 0
724.2919224023652 224.8628222515592 -1 0 0
719.1770372874802 225.3743107630477 -1 0 0
720.2000143104572 216.67900606774305 -1 0 0
713.5506636611066 218.21347160220853 -1 0 0
709.4587555691984 216.16751755625452 -1 0 0
655.2409733514162 213.09858648732344 -1 0 0
646.5456686561114 207.4722128609498 -1 0 0
633.7584558688987 207.4722128609498 -1 0 0
797.9462680567109 218.21347160220853 -1 0 0
789.7624518728948 215.1445405332775 -1 0 0
787.7164978269407 231.00068438942134 -1 0 0
777.4867275971706 230.48919587793284 -1 0 0
810.2219923324352 215.1445405332775 -1 0 0
823.5206936311364 223.83984522858216 -1 0 0
825.5666476770906 218.21347160220853 -1 0 0
819.4287855392283 216.67900606774305 -1 0 0
823.5206936311364 209.51816690690387 -1 0 0
819.4287855392283 208.49518988392683 -1 0 0
813.8024119128547 208.49518988392683 -1 0 0
806.130084240527 204.91477030350725 -1 0 0
801.015199125642 205.42625881499575 -1 0 0
797.9462680567109 203.38030476904171 -1 0 0
775.4407735512164 209.51816690690387 -1 0 0
769.3029114133543 211.05263244136938 -1 0 0
760.6076067180495 207.4722128609498 -1 0 0
753.958256068699 207.4722128609498 -1 0 0
747.3089054193482 206.4492358379728 -1 0 0
743.7284858389286 210.5411439298809 -1 0 0
739.6365777470205 205.42625881499575 -1 0 0
731.4527615632043 212.58709797583492 -1 0 0
715.5966177070604 209.51816690690387 -1 0 0
721.2229913334342 210.02965541839237 -1 0 0
701.7864278968708 208.49518988392683 -1 0 0
709.4587555691984 206.4492358379728 -1 0 0
691.045169155612 204.91477030350725 -1 0 0
689.5107036211465 212.58709797583492 -1 0 0
676.7234908339336 207.98370137243833 -1 0 0
662.4018125122554 203.89179328053018 -1 0 0
667.5166976271404 204.40328179201873 -1 0 0
673.6545597650027 199.28839667713368 -1 0 0
678.7694448798877 201.33435072308765 -1 0 0
683.3728414832843 203.89179328053018 -1 0 0
661.8903240007669 209.00667839541535 -1 0 0
654.7294848399276 204.91477030350725 -1 0 0
642.4537605642033 202.8688162575532 -1 0 0
637.8503639608068 202.3573277460647 -1 0 0
605.115099225542 293.9137713025083 -1 0 0
513.5586556690985 260.667018055755 -1 0 0
535.5526616631045 194.1735115622485 -1 0 0
521.2309833414262 201.33435072308765 -1 0 0
531.4607535711964 201.33435072308765 -1 0 0
547.3168974273402 188.54713793587487 -1 0 0
540.6675467779896 193.66202305076 -1 0 0
539.1330812435241 201.33435072308765 -1 0 0
565.2189953294381 198.77690816564512 -1 0 0
574.4257885362314 194.68500007373703 -1 0 0
569.8223919328348 200.31137370011064 -1 0 0
836.8193949298378 213.61007499881197 -1 0 0
849.0951192055621 211.05263244136938 -1 0 0
860.3478664583093 211.05263244136938 -1 0 0
854.2100043204472 210.5411439298809 -1 0 0
869.5546596651025 217.70198309072003 -1 0 0
864.4397745502174 222.30537969411662 -1 0 0
860.8593549697979 218.21347160220853 -1 0 0
873.1350792455222 211.5641209528579 -1 0 0
878.7614528718957 212.58709797583492 -1 0 0
889.5027116131545 213.09858648732344 -1 0 0
896.1520622625052 208.49518988392683 -1 0 0
909.9622520726949 210.5411439298809 -1 0 0
913.5426716531144 211.5641209528579 -1 0 0
747.8203939308368 200.82286221159916 -1 0 0
754.4697445801874 201.84583923457618 -1 0 0
784.6475667580096 207.4722128609498 -1 0 0
780.044170154613 200.31137370011064 -1 0 0
774.4177965282394 202.3573277460647 -1 0 0
706.3898245002674 196.21946560820257 -1 0 0
987.7085058189487 206.9607243494613 -1 0 0
693.091123201566 196.21946560820257 -1 0 0
710.9932211036639 200.31137370011064 -1 0 0
719.1770372874802 202.3573277460647 -1 0 0
723.7804338908767 196.7309541196911 -1 0 0
724.2919224023652 203.89179328053018 -1 0 0
728.3838304942733 199.7998851886221 -1 0 0
727.8723419827847 193.1505345392715 -1 0 0
621.4827315931744 198.77690816564512 -1 0 0
614.8333809438237 198.77690816564512 -1 0 0
600.000214110657 196.7309541196911 -1 0 0
607.161053271496 194.68500007373703 -1 0 0
585.16704727749 191.10458049331743 -1 0 0
397.19501930546204 228.44324183197878 -1 0 0
401.79841590885866 244.29938568812264 -1 0 0
408.4477665582093 250.9487363374733 -1 0 0
418.166048276491 225.3743107630477 -1 0 0
407.9362780467208 224.8628222515592 -1 0 0
408.95925506969786 210.02965541839237 -1 0 0
386.9652490756918 212.07560946434643 -1 0 0
394.126088236531 213.61007499881197 -1 0 0
384.9192950297378 203.38030476904171 -1 0 0
389.0112031216459 199.28839667713365 -1 0 0
399.7524618629046 195.70797709671405 -1 0 0
400.77543888588167 199.28839667713365 -1 0 0
404.86734697778974 202.3573277460647 -1 0 0
416.12009423053695 209.51816690690387 -1 0 0
421.23497934542206 208.49518988392683 -1 0 0
430.4417725522153 209.00667839541535 -1 0 0
426.3498644603072 215.1445405332775 -1 0 0
431.9762380866808 221.79389118262813 -1 0 0
442.2060083164511 226.39728778602475 -1 0 0
465.2229913334341 227.9317533204903 -1 0 0
456.01619812664086 229.4662188549558 -1 0 0
446.29791640835913 216.67900606774305 -1 0 0
444.2519623624051 212.58709797583492 -1 0 0
428.3958185062613 197.7539311426681 -1 0 0
416.12009423053695 200.8228622115992 -1 0 0
420.2120023224451 197.7539311426681 -1 0 0
412.02818613862894 194.1735115622485 -1 0 0
418.166048276491 194.68500007373703 -1 0 0
386.9652490756918 190.59309198182893 -1 0 0
395.14906525950806 190.59309198182893 -1 0 0
404.3558584663012 189.57011495885192 -1 0 0
409.4707435811863 188.54713793587487 -1 0 0
414.58562869607147 188.54713793587487 -1 0 0
419.7005138109566 188.03564942438638 -1 0 0
424.8153989258417 188.03564942438638 -1 0 0
435.5566576671004 193.1505345392715 -1 0 0
440.1600542704969 193.66202305076 -1 0 0
446.29791640835913 193.1505345392715 -1 0 0
452.9472670577098 189.57011495885192 -1 0 0
445.7864278968707 185.98969537843232 -1 0 0
439.13707724752 184.9667183554553 -1 0 0
425.3268874373302 182.92076430950127 -1 0 0
416.6315827420255 180.87481026354723 -1 0 0
418.67753678797953 180.87481026354723 -1 0 0
408.4477665582093 182.40927579801277 -1 0 0
398.7294848399276 183.94374133247825 -1 0 0
397.19501930546204 183.94374133247825 -1 0 0
391.05715716759994 186.50118388992084 -1 0 0
384.9192950297378 181.89778728652425 -1 0 0
169.0711431815859 148.1395455282825 -1 0 0
166.51370062414333 159.90378129251823 -1 0 0
173.163051273494 159.90378129251823 -1 0 0
175.72049383093653 159.90378129251823 -1 0 0
179.30091341135613 159.90378129251823 -1 0 0
166.51370062414333 163.48420087293783 -1 0 0
172.140074250517 163.48420087293783 -1 0 0
175.72049383093653 164.50717789591485 -1 0 0
179.30091341135613 164.50717789591485 -1 0 0
181.8583559687987 165.53015491889192 -1 0 0
168.0481661586089 170.13355152228843 -1 0 0
175.72049383093653 170.13355152228843 -1 0 0
180.83537894582167 168.08759747633442 -1 0 0
205.38682749727022 158.88080426954122 -1 0 0
217.6625517729945 165.01866640740337 -1 0 0
223.80041391085666 166.04164343038036 -1 0 0
220.73148284192558 162.46122384996082 -1 0 0
226.86934497978774 159.90378129251823 -1 0 0
221.7544598649026 159.90378129251823 -1 0 0
219.70850581894857 159.39229278102974 -1 0 0
211.52468963513235 160.92675831549528 -1 0 0
254.48972460016734 163.48420087293783 -1 0 0
261.65056376100654 169.11057449931144 -1 0 0
271.3688454792882 156.32336171209866 -1 0 0
260.11609822654094 161.9497353384723 -1 0 0
387.98822609866886 169.11057449931144 -1 0 0
391.56864567908843 168.08759747633442 -1 0 0
398.217996328439 172.690994079731 -1 0 0
401.79841590885866 172.690994079731 -1 0 0
394.126088236531 178.31736770610468 -1 0 0
424.30391041435314 173.71397110270806 -1 0 0
465.7344798449226 192.63904602778297 -1 0 0
458.0621521725949 185.98969537843232 -1 0 0
447.3208934313362 179.8518332405702 -1 0 0
452.4357785462213 180.3633217520587 -1 0 0
458.0621521725949 182.40927579801277 -1 0 0
460.6195947300375 178.82885621759317 -1 0 0
468.8034109138536 182.40927579801277 -1 0 0
479.0331811436239 196.7309541196911 -1 0 0
473.4068075172503 196.7309541196911 -1 0 0
488.2399743504171 194.1735115622485 -1 0 0
494.3778364882793 195.19648858522555 -1 0 0
457.0391751496179 220.2594256481626 -1 0 0
372.64357075401347 182.40927579801277 -1 0 0
366.50570861615137 187.52416091289786 -1 0 0
371.109105219548 190.0816034703404 -1 0 0
480.05615816660094 190.0816034703404 -1 0 0
489.7744398848826 190.0816034703404 -1 0 0
494.3778364882793 184.45522984396678 -1 0 0
488.75146286190557 184.9667183554553 -1 0 0
482.6136007240435 184.9667183554553 -1 0 0
475.4527615632043 181.38629877503573 -1 0 0
480.05615816660094 181.38629877503573 -1 0 0
476.47573858618136 176.2714136601506 -1 0 0
472.89531900576173 176.2714136601506 -1 0 0
469.31489942534216 176.2714136601506 -1 0 0
439.13707724752 170.13355152228843 -1 0 0
432.9992151096578 171.1565285452655 -1 0 0
383.89631800676074 160.92675831549528 -1 0 0
386.9652490756918 160.92675831549528 -1 0 0
396.172042282485 159.90378129251823 -1 0 0
401.79841590885866 162.9727123614493 -1 0 0
407.9362780467208 164.50717789591485 -1 0 0
411.5166976271404 162.9727123614493 -1 0 0
413.0511631616059 162.46122384996082 -1 0 0
423.28093339137615 164.50717789591485 -1 0 0
436.5796346900775 164.50717789591485 -1 0 0
438.6255887360315 164.50717789591485 -1 0 0
431.9762380866808 165.01866640740337 -1 0 0
444.76345087389365 166.04164343038036 -1 0 0
456.01619812664086 159.90378129251823 -1 0 0
450.38982450026725 166.55313194186888 -1 0 0
463.68852579896856 165.53015491889192 -1 0 0
467.26894537938813 165.01866640740337 -1 0 0
395.6605537709965 165.53015491889192 -1 0 0
363.4367775472203 171.668017056754 -1 0 0
368.5516626621054 175.7599251486621 -1 0 0
357.8104039208467 177.29439068312763 -1 0 0
307.173041283484 162.46122384996082 -1 0 0
302.5696446800874 161.9497353384723 -1 0 0
288.2479663584091 158.88080426954122 -1 0 0
293.8743399847827 161.43824682698377 -1 0 0
476.98722709766986 168.08759747633442 -1 0 0
489.7744398848826 178.31736770610468 -1 0 0
494.3778364882793 178.31736770610468 -1 0 0
503.0731411835839 191.61606900480595 -1 0 0
496.9352790457218 188.54713793587487 -1 0 0
503.5846296950724 181.38629877503573 -1 0 0
510.2339803444231 183.4322528209898 -1 0 0
492.3318824423252 166.04164343038036 -1 0 0
485.68253179297454 166.04164343038036 -1 0 0
500.5156986261414 174.22545961419655 -1 0 0
495.4008135112563 172.690994079731 -1 0 0
490.79741690785966 172.17950556824252 -1 0 0
498.98123309167585 165.01866640740337 -1 0 0
505.63058374102644 167.06462045335738 -1 0 0
509.21100332144607 167.06462045335738 -1 0 0
514.8373769478197 166.04164343038036 -1 0 0
510.2339803444231 175.7599251486621 -1 0 0
515.8603539707967 177.29439068312763 -1 0 0
517.9063080167508 184.45522984396678 -1 0 0
520.9752390856819 181.38629877503573 -1 0 0
525.5786356890784 175.2484366371736 -1 0 0
530.182032292475 173.71397110270806 -1 0 0
530.6935208039636 167.06462045335738 -1 0 0
525.06714717759 169.11057449931144 -1 0 0
534.2739403843832 168.08759747633442 -1 0 0
533.2509633614061 169.11057449931144 -1 0 0
542.4577565681993 169.11057449931144 -1 0 0
543.9922221026649 172.690994079731 -1 0 0
541.4347795452222 179.3403447290817 -1 0 0
532.7394748499175 184.45522984396678 -1 0 0
557.2909234013662 189.57011495885192 -1 0 0
560.8713429817858 189.57011495885192 -1 0 0
567.0092051196478 190.0816034703404 -1 0 0
564.9632510736939 183.4322528209898 -1 0 0
555.7564578669006 179.8518332405702 -1 0 0
13.834379944822787 185.47820686694385 -1 0 0
9.230983341426175 182.40927579801277 -1 0 0
2.070144180587017 179.3403447290817 -1 0 0
16.39182250226533 178.82885621759317 -1 0 0
20.995219105661945 173.20248259121954 -1 0 0
24.06415017459302 178.82885621759317 -1 0 0
27.133081243524096 174.22545961419655 -1 0 0
29.179035289478144 179.3403447290817 -1 0 0
33.78243189287472 174.22545961419655 -1 0 0
30.71350082394365 168.08759747633445 -1 0 0
16.39182250226533 169.11057449931147 -1 0 0
8.719494829937663 168.08759747633445 -1 0 0
2.070144180587017 166.5531319418689 -1 0 0
49.12708723753007 181.38629877503573 -1 0 0
38.38582849627134 183.9437413324783 -1 0 0
33.27094338138621 184.4552298439668 -1 0 0
47.08113319157605 172.17950556824252 -1 0 0
38.89731700775985 168.08759747633445 -1 0 0
49.63857574901858 166.0416434303804 -1 0 0
53.218995329438165 169.6220630108 -1 0 0
57.822391932834776 167.0646204533574 -1 0 0
65.49471960516243 168.08759747633445 -1 0 0
65.49471960516243 162.46122384996082 -1 0 0
73.16704727749011 161.9497353384723 -1 0 0
77.77044388088673 159.39229278102974 -1 0 0
85.44277155321438 160.41526980400675 -1 0 0
83.39681750726034 151.20847659721358 -1 0 0
79.81639792684078 151.71996510870207 -1 0 0
75.72448983493268 153.2544306431676 -1 0 0
71.63258174302457 153.76591915465613 -1 0 0
67.02918513962797 156.32336171209866 -1 0 0
64.98323109367392 154.78889617763312 -1 0 0
61.40281151325436 155.30038468912164 -1 0 0
58.33388044432329 150.18549957423653 -1 0 0
59.86834597878883 150.69698808572505 -1 0 0
28.66754677798963 163.48420087293783 -1 0 0
3.6046097150525545 149.1625225512595 -1 0 0
2.070144180587017 152.74294213167911 -1 0 0
8.208006318449167 149.67401106274804 -1 0 0
8.208006318449167 153.2544306431676 -1 0 0
8.208006318449167 159.90378129251823 -1 0 0
13.322891433334275 147.11656850530548 -1 0 0
15.880333990776837 155.30038468912164 -1 0 0
23.55266166310451 149.1625225512595 -1 0 0
23.55266166310451 151.20847659721358 -1 0 0
22.01819612863897 156.83485022358718 -1 0 0
32.7594548698977 148.1395455282825 -1 0 0
29.179035289478144 153.2544306431676 -1 0 0
29.179035289478144 156.32336171209866 -1 0 0
24.575638686081533 163.99568938442636 -1 0 0
18.949265059707894 157.8578272465642 -1 0 0
13.322891433334275 158.88080426954122 -1 0 0
13.322891433334275 158.88080426954122 -1 0 0
48.10411021455304 151.71996510870207 -1 0 0
42.98922509966795 155.81187320061014 -1 0 0
39.40880551924836 150.18549957423653 -1 0 0
96.69551880596165 166.0416434303804 -1 0 0
88.51170262214546 167.0646204533574 -1 0 0
78.79342090386376 167.57610896484593 -1 0 0
113.06315117359402 160.92675831549528 -1 0 0
119.20101331145615 161.9497353384723 -1 0 0
121.75845586889871 160.92675831549528 -1 0 0
119.71250182294466 153.76591915465613 -1 0 0
125.3388754493183 145.58210297083994 -1 0 0
107.9482660587089 170.13355152228849 -1 0 0
114.59761670805956 171.15652854526553 -1 0 0
129.43078354122642 163.48420087293783 -1 0 0
134.54566865611153 161.43824682698377 -1 0 0
131.98822609866895 171.668017056754 -1 0 0
560.6155987260415 172.17950556824252 -1 0 0
548.3398744503172 174.73694812568507 -1 0 0
548.8513629618058 168.59908598782292 -1 0 0
948.0681461785889 537.8937912825284 -1 0 0
572.8913230017658 184.45522984396678 -1 0 0
579.0291851396279 184.9667183554553 -1 0 0
589.2589553693982 185.98969537843232 -1 0 0
583.6325817430246 182.40927579801274 -1 0 0
593.3508634613063 186.50118388992084 -1 0 0
595.3968175072604 182.92076430950124 -1 0 0
602.5576566680994 185.98969537843232 -1 0 0
607.6725417829846 184.9667183554553 -1 0 0
611.2529613634042 190.59309198182893 -1 0 0
619.9482660587089 193.66202305076 -1 0 0
619.9482660587089 190.59309198182893 -1 0 0
624.0401741506171 189.0586264473634 -1 0 0
638.8733409837838 195.70797709671405 -1 0 0
631.7125018229447 196.21946560820257 -1 0 0
625.5746396850825 195.70797709671405 -1 0 0
633.2469673574102 190.59309198182893 -1 0 0
639.3848294952724 187.52416091289786 -1 0 0
641.9422720527149 187.01267240140933 -1 0 0
650.6375767480196 191.61606900480595 -1 0 0
564.196018306461 178.31736770610468 -1 0 0
573.9143000247428 178.82885621759317 -1 0 0
568.2879263983692 171.668017056754 -1 0 0
575.9602540706969 172.17950556824252 -1 0 0
581.5866276970705 176.2714136601506 -1 0 0
584.6555587660015 169.62206301079996 -1 0 0
580.052162162605 168.59908598782292 -1 0 0
573.9143000247428 169.11057449931144 -1 0 0
592.8393749498177 174.73694812568507 -1 0 0
588.2359783464212 173.71397110270806 -1 0 0
597.9542600647029 179.3403447290817 -1 0 0
604.0921222025651 172.17950556824252 -1 0 0
597.9542600647029 171.668017056754 -1 0 0
603.069145179588 178.82885621759317 -1 0 0
615.3448694553123 181.89778728652422 -1 0 0
617.9023120127549 184.9667183554553 -1 0 0
613.2989154093582 176.2714136601506 -1 0 0
614.3218924323352 172.690994079731 -1 0 0
623.01719712764 171.668017056754 -1 0 0
630.6895247999676 181.89778728652422 -1 0 0
636.8273869378297 173.20248259121954 -1 0 0
636.8273869378297 176.2714136601506 -1 0 0
643.988226098669 176.78290217163914 -1 0 0
648.5916227020655 178.31736770610468 -1 0 0
649.6145997250426 185.98969537843232 -1 0 0
653.7065078169506 199.28839667713362 -1 0 0
649.103111213554 195.19648858522555 -1 0 0
659.3328814433243 189.57011495885192 -1 0 0
655.2409733514162 180.3633217520587 -1 0 0
657.2869273973703 179.3403447290817 -1 0 0
658.8213929318357 174.73694812568507 -1 0 0
655.2409733514162 176.2714136601506 -1 0 0
652.6835307939735 172.17950556824252 -1 0 0
642.9652490756919 170.64504003377698 -1 0 0
678.7694448798877 159.39229278102974 -1 0 0
686.9532610637038 161.9497353384723 -1 0 0
695.6485657590085 161.9497353384723 -1 0 0
668.5396746501175 187.01267240140933 -1 0 0
675.1890252994681 185.4782068669438 -1 0 0
672.120094230537 177.80587919461615 -1 0 0
668.0281861386289 172.690994079731 -1 0 0
668.5396746501175 175.7599251486621 -1 0 0
662.9133010237439 171.668017056754 -1 0 0
672.6315827420256 170.64504003377698 -1 0 0
681.8383759488188 173.20248259121954 -1 0 0
676.2120023224451 175.2484366371736 -1 0 0
679.2809333913763 183.43225282098976 -1 0 0
686.9532610637038 184.45522984396678 -1 0 0
678.7694448798877 193.66202305076 -1 0 0
670.5856286960715 195.70797709671405 -1 0 0
690.5336806441235 189.57011495885192 -1 0 0
685.930284040727 189.57011495885192 -1 0 0
677.2349793454222 189.57011495885192 -1 0 0
694.1141002245431 185.98969537843232 -1 0 0
696.6715427819856 176.2714136601506 -1 0 0
695.6485657590085 180.3633217520587 -1 0 0
701.7864278968708 202.3573277460647 -1 0 0
700.7634508738937 197.2424426311796 -1 0 0
661.8903240007669 196.21946560820257 -1 0 0
700.7634508738937 180.8748102635472 -1 0 0
705.3668474772903 180.8748102635472 -1 0 0
708.94726705771 180.8748102635472 -1 0 0
711.5047096151524 179.8518332405702 -1 0 0
720.2000143104572 180.3633217520587 -1 0 0
717.1310832415261 180.8748102635472 -1 0 0
706.3898245002674 176.2714136601506 -1 0 0
713.5506636611066 171.1565285452655 -1 0 0
718.1540602645032 172.17950556824252 -1 0 0
718.1540602645032 175.7599251486621 -1 0 0
725.3148994253423 178.82885621759317 -1 0 0
729.918296028739 179.3403447290817 -1 0 0
720.2000143104572 188.54713793587487 -1 0 0
719.1770372874802 193.66202305076 -1 0 0
710.9932211036639 194.1735115622485 -1 0 0
713.039175149618 189.0586264473634 -1 0 0
748.3318824423253 194.68500007373703 -1 0 0
737.5906237010666 196.7309541196911 -1 0 0
742.1940203044633 194.68500007373703 -1 0 0
742.1940203044633 184.45522984396678 -1 0 0
742.7055088159517 175.7599251486621 -1 0 0
737.5906237010666 177.80587919461615 -1 0 0
727.8723419827847 172.17950556824252 -1 0 0
731.4527615632043 173.20248259121954 -1 0 0
734.5216926321355 172.690994079731 -1 0 0
700.7634508738937 175.7599251486621 -1 0 0
687.9762380866808 180.3633217520587 -1 0 0
683.8843299947728 179.3403447290817 -1 0 0
790.2739403843832 199.7998851886221 -1 0 0
760.096118206561 199.7998851886221 -1 0 0
763.6765377869806 202.8688162575532 -1 0 0
766.7454688559117 198.26541965415657 -1 0 0
770.8373769478198 189.57011495885192 -1 0 0
760.6076067180495 190.59309198182893 -1 0 0
756.5156986261414 195.19648858522555 -1 0 0
763.6765377869806 191.10458049331743 -1 0 0
766.7454688559117 191.10458049331743 -1 0 0
760.096118206561 185.98969537843232 -1 0 0
750.8893249997678 190.59309198182893 -1 0 0
748.3318824423253 180.3633217520587 -1 0 0
747.3089054193482 177.29439068312763 -1 0 0
754.4697445801874 178.31736770610468 -1 0 0
758.5616526720955 175.7599251486621 -1 0 0
759.5846296950725 178.82885621759317 -1 0 0
770.8373769478198 180.3633217520587 -1 0 0
770.3258884363313 183.94374133247825 -1 0 0
765.7224918329348 178.31736770610468 -1 0 0
768.2799343903772 173.71397110270806 -1 0 0
768.2799343903772 168.08759747633442 -1 0 0
777.9982161086589 162.46122384996085 -1 0 0
793.3428714533144 163.99568938442633 -1 0 0
786.6935208039637 178.31736770610468 -1 0 0
781.5786356890786 177.29439068312763 -1 0 0
776.975239085682 179.8518332405702 -1 0 0
783.1131012235439 192.63904602778297 -1 0 0
789.7624518728948 186.50118388992084 -1 0 0
795.3888254992683 193.1505345392715 -1 0 0
791.8084059188487 192.63904602778297 -1 0 0
801.5266876371305 173.71397110270806 -1 0 0
798.4577565681994 181.89778728652422 -1 0 0
794.8773369877798 177.80587919461615 -1 0 0
782.6016127120556 182.40927579801274 -1 0 0
808.6875267979697 175.2484366371736 -1 0 0
805.1071072175502 179.3403447290817 -1 0 0
804.5956187060616 190.59309198182893 -1 0 0
803.5726416830845 194.1735115622485 -1 0 0
808.6875267979697 189.0586264473634 -1 0 0
812.7794348898777 181.89778728652422 -1 0 0
808.1760382864811 181.89778728652422 -1 0 0
804.084130194573 183.94374133247825 -1 0 0
812.7794348898777 175.2484366371736 -1 0 0
821.4747395851825 172.17950556824252 -1 0 0
809.7105038209468 193.1505345392715 -1 0 0
812.7794348898777 184.45522984396678 -1 0 0
823.0092051196478 192.12755751629447 -1 0 0
820.4517625622054 190.0816034703404 -1 0 0
818.4058085162513 199.28839667713362 -1 0 0
816.3598544702974 201.33435072308765 -1 0 0
823.5206936311364 202.3573277460647 -1 0 0
829.1470672575101 202.3573277460647 -1 0 0
830.1700442804871 209.51816690690387 -1 0 0
836.3079064183493 202.8688162575532 -1 0 0
836.3079064183493 205.42625881499575 -1 0 0
832.7274868379297 197.7539311426681 -1 0 0
832.7274868379297 182.40927579801274 -1 0 0
824.5436706541135 184.45522984396678 -1 0 0
829.1470672575101 183.43225282098976 -1 0 0
835.7964179068607 190.59309198182893 -1 0 0
839.3768374872803 182.92076430950124 -1 0 0
843.4687455791884 182.40927579801274 -1 0 0
840.9113030217459 187.52416091289786 -1 0 0
842.9572570676999 197.7539311426681 -1 0 0
839.8883259987688 198.26541965415657 -1 0 0
853.6985158089586 200.82286221159916 -1 0 0
849.0951192055621 197.2424426311796 -1 0 0
852.6755387859816 195.70797709671405 -1 0 0
851.6525617630045 178.82885621759317 -1 0 0
858.8134009238437 184.9667183554553 -1 0 0
854.7214928319356 189.57011495885192 -1 0 0
860.3478664583093 199.7998851886221 -1 0 0
866.4857285961714 191.61606900480595 -1 0 0
871.6006137110566 193.66202305076 -1 0 0
877.7384758489187 203.8917932805302 -1 0 0
873.1350792455222 201.33435072308765 -1 0 0
871.089125199568 199.28839667713362 -1 0 0
886.9452690557118 202.8688162575532 -1 0 0
883.3648494752923 201.33435072308765 -1 0 0
882.8533609638038 185.4782068669438 -1 0 0
877.7384758489187 184.9667183554553 -1 0 0
872.6235907340337 183.94374133247825 -1 0 0
868.5316826421255 184.45522984396678 -1 0 0
910.4737405841834 199.7998851886221 -1 0 0
898.1980163084592 204.40328179201873 -1 0 0
903.8243899348328 204.40328179201873 -1 0 0
904.3358784463213 210.5411439298809 -1 0 0
890.014200124643 187.01267240140933 -1 0 0
901.2669473773902 185.98969537843232 -1 0 0
897.1750392854822 183.43225282098976 -1 0 0
918.6575567679996 199.7998851886221 -1 0 0
927.3528614633043 206.4492358379728 -1 0 0
932.979235089678 201.8458392345762 -1 0 0
924.7954189058619 201.8458392345762 -1 0 0
906.3818324922753 185.98969537843232 -1 0 0
904.3358784463213 183.43225282098976 -1 0 0
908.9392750497179 182.92076430950124 -1 0 0
912.5196946301376 184.9667183554553 -1 0 0
920.1920223024651 191.61606900480595 -1 0 0
918.6575567679996 184.9667183554553 -1 0 0
927.3528614633043 185.98969537843232 -1 0 0
933.4907236011665 183.94374133247825 -1 0 0
939.1170972275401 184.45522984396678 -1 0 0
939.6285857390286 187.52416091289786 -1 0 0
946.7894248998678 199.7998851886221 -1 0 0
949.3468674573103 203.8917932805302 -1 0 0
953.9502640607068 196.21946560820257 -1 0 0
951.9043100147529 187.01267240140933 -1 0 0
945.2549593654022 184.9667183554553 -1 0 0
956.5077066181495 185.98969537843232 -1 0 0
962.6455687560116 201.8458392345762 -1 0 0
979.013201123644 202.8688162575532 -1 0 0
964.6915228019656 187.01267240140933 -1 0 0
970.8293849398277 184.45522984396678 -1 0 0
979.013201123644 183.94374133247825 -1 0 0
984.6395747500176 185.98969537843232 -1 0 0
987.7085058189487 191.10458049331743 -1 0 0
991.2889253993683 184.9667183554553 -1 0 0
991.8004139108568 195.70797709671405 -1 0 0
996.9152990257419 189.57011495885192 -1 0 0
994.8693449797878 184.9667183554553 -1 0 0
1002.0301841406271 185.4782068669438 -1 0 0
1006.122092232535 197.7539311426681 -1 0 0
1008.6795347899777 203.8917932805302 -1 0 0
1021.4667475771904 210.02965541839237 -1 0 0
1009.7025118129548 190.0816034703404 -1 0 0
1004.5876266980695 190.0816034703404 -1 0 0
1013.7944199048628 184.9667183554553 -1 0 0
1017.3748394852823 191.61606900480595 -1 0 0
1021.4667475771904 188.54713793587487 -1 0 0
928.3758384862814 189.57011495885192 -1 0 0
935.025189135632 205.93774732648427 -1 0 0
954.9732410836839 207.98370137243833 -1 0 0
443.7404738509166 515.3882967770338 -1 0 0
399.7524618629046 516.4112738000109 -1 0 0
990.0102041206468 429.4582268469639 -1 0 0
971.5966177070604 450.94074432948133 -1 0 0
1019.6765377869806 427.41227280100986 -1 0 0
291.3168974273402 287.2644206531577 -1 0 0
592.0721421825849 521.526158914896 -1 0 0
930.6775367879794 534.8248602135972 -1 0 0
1015.5846296950724 465.2624226511596 -1 0 0
-118.89688878644597 2.876808265545148 -1 0 0
