15.119753086419735 419.41543209876534 -1 0 0
46.38641975308647 451.26111111111106 -1 0 0
68.96790123456793 450.68209876543204 -1 0 0
102.55061728395066 422.88950617283945 -1 0 0
112.9728395061729 459.9462962962963 -1 0 0
132.08024691358028 441.41790123456786 -1 0 0
154.66172839506177 426.36358024691356 -1 0 0
173.76913580246915 444.8919753086419 -1 0 0
191.71851851851855 425.78456790123454 -1 0 0
216.61604938271606 424.0475308641975 -1 0 0
206.77283950617286 457.6302469135802 -1 0 0
235.7234567901235 407.2561728395061 -1 0 0
272.7802469135803 412.46728395061723 -1 0 0
249.61975308641976 458.2092592592592 -1 0 0
315.6271604938272 455.31419753086413 -1 0 0
324.3123456790123 429.2586419753086 -1 0 0
337.6296296296297 412.46728395061723 -1 0 0
349.7888888888889 431.57469135802467 -1 0 0
352.6839506172839 456.4722222222222 -1 0 0
366.58024691358025 414.7833333333333 -1 0 0
405.95308641975316 431.57469135802467 -1 0 0
452.85308641975314 442.5759259259259 -1 0 0
455.1691358024692 458.78827160493825 -1 0 0
500.3320987654321 437.3648148148148 -1 0 0
565.7604938271605 422.3104938271605 -1 0 0
634.0839506172839 391.0438271604938 -1 0 0
554.7592592592592 395.67592592592587 -1 0 0
568.0765432098766 375.41049382716045 -1 0 0
485.8567901234568 394.5179012345679 -1 0 0
507.85925925925926 416.52037037037036 -1 0 0
442.4308641975309 370.19938271604934 -1 0 0
463.27530864197536 388.14876543209874 -1 0 0
379.8975308641976 386.9907407407407 -1 0 0
350.36790123456797 366.14629629629627 -1 0 0
326.6283950617284 384.09567901234567 -1 0 0
284.36049382716055 389.3067901234568 -1 0 0
301.7308641975309 372.5154320987654 -1 0 0
309.837037037037 347.61790123456785 -1 0 0
366.58024691358025 348.7759259259259 -1 0 0
245.5666666666667 384.6746913580247 -1 0 0
207.9308641975309 378.30555555555554 -1 0 0
196.35061728395064 403.20308641975305 -1 0 0
150.6086419753087 398.57098765432096 -1 0 0
155.2407407407408 371.9364197530864 -1 0 0
133.23827160493832 376.5685185185185 -1 0 0
112.9728395061729 393.93888888888887 -1 0 0
79.39012345679018 402.62407407407403 -1 0 0
89.8123456790124 376.5685185185185 -1 0 0
31.332098765432136 382.93765432098763 -1 0 0
10.487654320987701 378.30555555555554 -1 0 0
27.279012345679064 358.04012345679007 -1 0 0
53.913580246913625 341.8277777777777 -1 0 0
68.96790123456793 355.72407407407405 -1 0 0
92.12839506172844 340.0907407407407 -1 0 0
103.7086419753087 361.5141975308642 -1 0 0
124.5530864197531 319.24629629629624 -1 0 0
155.2407407407408 344.7228395061728 -1 0 0
200.4037037037037 341.24876543209876 -1 0 0
228.77530864197533 345.88086419753085 -1 0 0
610.3444444444444 318.08827160493826 -1 0 0
584.2888888888889 353.987037037037 -1 0 0
521.1765432098765 338.3537037037037 -1 0 0
488.17283950617286 333.14259259259256 -1 0 0
441.2728395061729 327.93148148148146 -1 0 0
477.1716049382717 307.66604938271604 -1 0 0
452.27407407407406 308.824074074074 -1 0 0
502.64814814814815 294.34876543209873 -1 0 0
535.6518518518519 293.76975308641977 -1 0 0
561.1283950617284 295.50679012345677 -1 0 0
616.7135802469136 292.61172839506173 -1 0 0
625.9777777777778 260.18703703703704 -1 0 0
609.7654320987655 248.6067901234568 -1 0 0
561.7074074074075 252.08086419753084 -1 0 0
553.6012345679012 227.76234567901233 -1 0 0
542.6 270.03024691358024 -1 0 0
511.33333333333337 249.7648148148148 -1 0 0
493.96296296296293 267.13518518518515 -1 0 0
471.96049382716046 268.8722222222222 -1 0 0
454.0111111111112 246.29074074074072 -1 0 0
448.80000000000007 291.4537037037037 -1 0 0
410.00617283950623 285.08456790123455 -1 0 0
417.5333333333334 261.92407407407404 -1 0 0
388.00370370370376 287.9796296296296 -1 0 0
378.7395061728396 266.5561728395062 -1 0 0
379.31851851851854 321.5623456790123 -1 0 0
403.6370370370371 319.8253086419753 -1 0 0
312.1530864197531 305.34999999999997 -1 0 0
334.15555555555557 287.9796296296296 -1 0 0
341.1037037037037 265.9771604938271 -1 0 0
301.7308641975309 241.65864197530863 -1 0 0
306.362962962963 270.03024691358024 -1 0 0
290.7296296296297 307.087037037037 -1 0 0
254.25185185185185 300.7179012345679 -1 0 0
203.87777777777782 288.55864197530866 -1 0 0
210.82592592592593 265.39814814814815 -1 0 0
231.0913580246914 250.92283950617283 -1 0 0
268.14814814814815 245.71172839506173 -1 0 0
147.1345679012346 282.1895061728395 -1 0 0
165.083950617284 261.3450617283951 -1 0 0
192.29753086419757 260.18703703703704 -1 0 0
195.1925925925926 238.76358024691356 -1 0 0
182.45432098765437 226.60432098765432 -1 0 0
165.083950617284 223.13024691358024 -1 0 0
132.08024691358028 257.29197530864195 -1 0 0
124.5530864197531 236.44753086419752 -1 0 0
106.60370370370376 235.28950617283948 -1 0 0
95.60246913580252 260.766049382716 -1 0 0
88.65432098765436 293.76975308641977 -1 0 0
70.12592592592597 303.03395061728395 -1 0 0
41.17530864197536 279.87345679012344 -1 0 0
4.118518518518584 278.13641975308644 -1 0 0
4.118518518518584 294.34876543209873 -1 0 0
120.50000000000003 301.2969135802469 -1 0 0
24.96296296296302 238.76358024691356 -1 0 0
51.01851851851856 243.97469135802467 -1 0 0
84.02222222222227 224.28827160493827 -1 0 0
49.86049382716055 187.81049382716049 -1 0 0
4.118518518518584 204.60185185185185 -1 0 0
20.33086419753093 180.2833333333333 -1 0 0
1.802469135802511 172.75617283950618 -1 0 0
62.598765432098816 169.8611111111111 -1 0 0
67.80987654320992 171.01913580246912 -1 0 0
107.7617283950618 173.3351851851852 -1 0 0
148.29259259259263 164.64999999999998 -1 0 0
119.92098765432101 151.91172839506174 -1 0 0
93.86543209876547 159.43888888888887 -1 0 0
125.13209876543212 206.91790123456792 -1 0 0
191.13950617283953 186.65246913580245 -1 0 0
221.82716049382717 204.60185185185185 -1 0 0
154.66172839506177 195.91666666666663 -1 0 0
244.98765432098767 217.91913580246913 -1 0 0
262.93703703703704 195.91666666666663 -1 0 0
321.99629629629635 189.54753086419754 -1 0 0
341.1037037037037 178.5462962962963 -1 0 0
307.52098765432095 168.1240740740741 -1 0 0
350.9469135802469 230.07839506172837 -1 0 0
396.1098765432099 213.28703703703707 -1 0 0
430.2716049382716 230.07839506172837 -1 0 0
445.32592592592596 176.80925925925925 -1 0 0
410.5851851851852 171.01913580246912 -1 0 0
478.3296296296296 190.70555555555552 -1 0 0
495.70000000000005 172.75617283950618 -1 0 0
524.0716049382717 203.4438271604938 -1 0 0
498.5950617283951 231.81543209876543 -1 0 0
455.1691358024692 228.34135802469135 -1 0 0
591.237037037037 202.28580246913577 -1 0 0
578.4987654320988 220.23518518518517 -1 0 0
623.0827160493827 193.6006172839506 -1 0 0
616.1345679012346 168.1240740740741 -1 0 0
588.920987654321 171.01913580246912 -1 0 0
547.8111111111111 154.80679012345678 -1 0 0
575.6037037037037 149.01666666666665 -1 0 0
596.4481481481481 140.9104938271605 -1 0 0
620.7666666666667 125.85617283950614 -1 0 0
630.6098765432099 103.27469135802471 -1 0 0
591.237037037037 96.32654320987655 -1 0 0
569.8135802469136 117.17098765432098 -1 0 0
554.7592592592592 102.11666666666667 -1 0 0
544.9160493827161 88.22037037037035 -1 0 0
532.1777777777778 113.69691358024693 -1 0 0
488.17283950617286 96.90555555555557 -1 0 0
481.22469135802476 159.43888888888887 -1 0 0
462.6962962962963 126.43518518518516 -1 0 0
441.85185185185185 123.54012345679013 -1 0 0
427.95555555555563 138.59444444444443 -1 0 0
450.53703703703707 155.96481481481482 -1 0 0
398.425925925926 153.64876543209874 -1 0 0
431.42962962962963 110.80185185185184 -1 0 0
411.16419753086427 88.22037037037035 -1 0 0
380.4765432098766 101.53765432098766 -1 0 0
382.2135802469136 129.33024691358025 -1 0 0
368.8962962962963 124.69814814814816 -1 0 0
371.2123456790124 157.70185185185187 -1 0 0
342.2617283950617 155.96481481481482 -1 0 0
321.99629629629635 151.33271604938273 -1 0 0
328.3654320987655 127.5932098765432 -1 0 0
312.1530864197531 92.27345679012348 -1 0 0
288.9925925925926 92.8524691358025 -1 0 0
284.9395061728395 150.7537037037037 -1 0 0
261.20000000000005 147.85864197530861 -1 0 0
247.88271604938276 174.49320987654323 -1 0 0
221.82716049382717 174.49320987654323 -1 0 0
218.3530864197531 122.96111111111111 -1 0 0
196.35061728395064 136.27839506172842 -1 0 0
171.45308641975313 120.64506172839504 -1 0 0
162.76790123456792 137.4364197530864 -1 0 0
146.55555555555557 123.54012345679013 -1 0 0
160.4518518518519 99.8006172839506 -1 0 0
111.81481481481487 88.79938271604937 -1 0 0
108.91975308641977 112.53888888888889 -1 0 0
94.44444444444449 90.53641975308642 -1 0 0
73.02098765432103 95.74753086419753 -1 0 0
73.02098765432103 95.74753086419753 -1 0 0
28.4370370370371 88.79938271604937 -1 0 0
65.49382716049388 135.6993827160494 -1 0 0
70.70493827160499 116.59197530864196 -1 0 0
95.0234567901235 136.27839506172842 -1 0 0
8.750617283950675 114.27592592592595 -1 0 0
178.40123456790124 78.95617283950617 -1 0 0
301.8781218781219 292.3716283716284 -1 0 0
237.06943056943055 296.62137862137854 -1 0 0
226.79920079920078 339.4730269730269 -1 0 0
465.1393606393606 290.2467532467532 -1 0 0
476.8261738261738 288.8301698301698 -1 0 0
298.3366633366633 138.67232767232764 -1 0 0
209.09190809190807 176.92007992007987 -1 0 0
59.819430569430565 54.003746253746215 -1 0 0
64.42332667332666 74.19005994005988 -1 0 0
107.274975024975 57.899350649350595 -1 0 0
79.65159840159838 24.60964035964031 -1 0 0
104.79595404595402 10.797952047952009 -1 0 0
52.38236763236763 26.02622377622373 -1 0 0
70.08966033966031 8.673076923076877 -1 0 0
51.31993006993007 8.673076923076877 -1 0 0
42.11213786213786 16.464285714285666 -1 0 0
37.86238761238761 8.673076923076877 -1 0 0
27.946303696303687 10.797952047952009 -1 0 0
17.67607392607391 33.81743256743252 -1 0 0
38.92482517482516 34.171578421578374 -1 0 0
30.071178821178805 50.46228771228766 -1 0 0
135.6066433566433 22.83891108891106 -1 0 0
178.81243756243754 19.297452547452508 -1 0 0
176.33341658341658 43.379370629370584 -1 0 0
165.70904095904092 57.54520479520477 -1 0 0
156.50124875124874 72.77347652347646 -1 0 0
142.33541458541458 56.83691308691306 -1 0 0
202.54020979020976 59.315934065934016 -1 0 0
195.81143856143854 41.96278721278716 -1 0 0
193.6865634365634 26.380369630369586 -1 0 0
209.26898101898098 11.152097902097864 -1 0 0
223.43481518481514 9.027222777222732 -1 0 0
231.22602397602395 27.44280719280715 -1 0 0
231.93431568431566 56.12862137862135 -1 0 0
267.7030469530469 54.003746253746215 -1 0 0
289.305944055944 55.06618381618378 -1 0 0
322.24150849150845 58.96178821178816 -1 0 0
336.4073426573426 49.04570429570424 -1 0 0
313.7420079920079 28.859390609390573 -1 0 0
342.0736763236763 23.547202797202743 -1 0 0
349.15659340659334 10.797952047952009 -1 0 0
318.3459040959041 11.152097902097864 -1 0 0
300.9927572427572 9.027222777222732 -1 0 0
284.3479020979021 11.50624375624372 -1 0 0
310.55469530469526 74.54420579420577 -1 0 0
284.7020479520479 75.6066433566433 -1 0 0
348.8024475524475 69.94030969030965 -1 0 0
218.83091908091905 97.20954045954042 -1 0 0
50.96578421578421 165.91383616383612 -1 0 0
362.79120879120876 27.44280719280715 -1 0 0
380.1443556443556 21.42232767232764 -1 0 0
368.4575424575424 41.96278721278716 -1 0 0
381.560939060939 56.12862137862135 -1 0 0
395.37262737262733 46.56668331668328 -1 0 0
396.78921078921076 29.567682317682284 -1 0 0
404.9345654345654 13.985264735264707 -1 0 0
428.30819180819174 6.902347652347601 -1 0 0
440.70329670329664 28.151098901098862 -1 0 0
464.43106893106886 21.42232767232764 -1 0 0
468.6808191808191 10.797952047952009 -1 0 0
466.555944055944 55.06618381618378 -1 0 0
416.2672327672327 43.02522477522473 -1 0 0
358.18731268731267 57.54520479520477 -1 0 0
196.34265734265733 30.984265734265705 -1 0 0
503.91833166833163 53.295454545454504 -1 0 0
514.8968531468531 69.94030969030965 -1 0 0
528.7085414585415 74.54420579420577 -1 0 0
571.5601898101897 75.6066433566433 -1 0 0
448.31743256743255 196.72452547452542 -1 0 0
542.8743756243756 21.068181818181785 -1 0 0
593.1630869130869 19.651598401598363 -1 0 0
619.724025974026 23.547202797202743 -1 0 0
631.4108391608391 38.06718281718278 -1 0 0
654.4303196803196 24.255494505494454 -1 0 0
684.5327172827172 6.548201798201745 -1 0 0
675.6790709290708 33.10914085914081 -1 0 0
685.2410089910089 52.94130869130865 -1 0 0
708.2604895104894 31.692557442557415 -1 0 0
650.5347152847153 57.54520479520477 -1 0 0
645.9308191808191 88.35589410589407 -1 0 0
601.6625874125873 75.6066433566433 -1 0 0
595.6421078921078 41.96278721278716 -1 0 0
688.4283216783217 148.20654345654341 -1 0 0
698.6985514485514 176.53821178821175 -1 0 0
648.4098401598401 206.64060939060934 -1 0 0
676.7415084915085 213.36938061938056 -1 0 0
621.4947552447552 265.8106893106892 -1 0 0
655.8469030969031 230.04195804195797 -1 0 0
655.8469030969031 248.10339660339653 -1 0 0
697.6361138861139 237.83316683316676 -1 0 0
684.1785714285713 268.9980019980019 -1 0 0
647.3474025974026 407.4967532467532 -1 0 0
701.1775724275724 363.58266733266726 -1 0 0
676.7415084915085 337.3758741258741 -1 0 0
687.365884115884 320.7310189810189 -1 0 0
643.4517982017982 310.814935064935 -1 0 0
562.7065434565434 275.7267732267732 -1 0 0
327.37662337662334 234.2917082917083 -1 0 0
158.9802697302697 466.63911088911084 -1 0 0
629.1088911088912 5.513486513486441 -1 0 0
601.4855144855144 4.805194805194731 -1 0 0
700.6463536463536 440.4045954045954 -1 0 0
