107.64337568058068 407.21506352087107 -1 0 0
18.46733212341195 356.6016333938294 -1 0 0
72.69600725952807 371.06261343012704 -1 0 0
54.619782214155975 343.3457350272232 -1 0 0
20.877495462794855 296.34754990925586 -1 0 0
49.799455535390166 304.78312159709617 -1 0 0
85.95190562613425 321.6542649727768 -1 0 0
145.00090744101624 326.47459165154265 -1 0 0
167.89745916515426 316.83393829401086 -1 0 0
222.12613430127033 345.7558983666062 -1 0 0
271.5344827586207 334.9101633393829 -1 0 0
313.71234119782207 334.9101633393829 -1 0 0
347.4546279491833 346.96098003629766 -1 0 0
371.5562613430127 374.67785843920143 -1 0 0
405.2985480943738 413.2404718693285 -1 0 0
496.88475499092556 377.0880217785844 -1 0 0
396.86297640653356 322.8593466424682 -1 0 0
423.3747731397459 313.2186932849365 -1 0 0
457.11705989110703 292.7323049001815 -1 0 0
508.93557168784025 331.2949183303085 -1 0 0
567.9845735027224 346.96098003629766 -1 0 0
604.1370235934663 318.03901996370234 -1 0 0
604.1370235934663 393.95916515426495 -1 0 0
724.6451905626135 354.1914700544464 -1 0 0
660.7758620689655 308.3983666061706 -1 0 0
693.3130671506352 309.60344827586204 -1 0 0
716.2096188747731 304.78312159709617 -1 0 0
774.0535390199638 301.1678765880218 -1 0 0
799.3602540834846 305.98820326678765 -1 0 0
853.5889292196008 313.2186932849365 -1 0 0
901.7921960072596 314.42377495462796 -1 0 0
923.483666061706 305.98820326678765 -1 0 0
954.8157894736843 308.3983666061706 -1 0 0
977.7123411978222 308.3983666061706 -1 0 0
993.3784029038112 313.2186932849365 -1 0 0
989.7631578947368 377.0880217785844 -1 0 0
984.9428312159711 556.6451905626134 -1 0 0
874.0753176043557 427.70145190562613 -1 0 0
935.5344827586206 351.7813067150635 -1 0 0
877.6905626134302 340.9355716878403 -1 0 0
830.6923774954629 438.54718693284934 -1 0 0
783.6941923774954 371.06261343012704 -1 0 0
995.7885662431942 271.040834845735 -1 0 0
995.7885662431942 292.7323049001815 -1 0 0
960.8411978221415 283.09165154264974 -1 0 0
972.8920145190563 285.50181488203265 -1 0 0
924.6887477313975 283.09165154264974 -1 0 0
918.6633393829401 257.7849364791288 -1 0 0
951.2005444646098 254.16969147005443 -1 0 0
870.4600725952813 272.2459165154265 -1 0 0
833.1025408348456 284.29673321234117 -1 0 0
843.948275862069 271.040834845735 -1 0 0
828.2822141560799 266.2205081669691 -1 0 0
816.2313974591651 287.9119782214156 -1 0 0
807.7958257713248 266.2205081669691 -1 0 0
793.3348457350272 274.65607985480943 -1 0 0
768.0281306715063 271.040834845735 -1 0 0
778.8738656987297 266.2205081669691 -1 0 0
792.1297640653357 257.7849364791288 -1 0 0
748.7468239564429 277.06624319419234 -1 0 0
787.3094373865699 253.5671506352087 -1 0 0
729.4655172413793 249.34936479128854 -1 0 0
727.0553539019963 277.06624319419234 -1 0 0
721.029945553539 287.3094373865698 -1 0 0
705.3638838475499 287.91197822141555 -1 0 0
717.4147005444647 275.2586206896551 -1 0 0
718.0172413793105 266.2205081669691 -1 0 0
711.9918330308531 262.6052631578947 -1 0 0
720.4274047186933 255.97731397459162 -1 0 0
705.3638838475499 266.2205081669691 -1 0 0
706.5689655172414 255.37477313974588 -1 0 0
696.3257713248639 263.81034482758616 -1 0 0
689.6978221415609 251.75952813067147 -1 0 0
681.2622504537205 248.14428312159706 -1 0 0
677.0444646098003 262.00272232304894 -1 0 0
689.0952813067152 277.06624319419234 -1 0 0
676.4419237749546 283.0916515426497 -1 0 0
657.7631578947369 265.01542649727764 -1 0 0
660.1733212341198 251.15698729582576 -1 0 0
668.0063520871145 246.9392014519056 -1 0 0
656.5580762250454 245.13157894736838 -1 0 0
677.0444646098003 239.10617059891104 -1 0 0
634.2640653357532 272.8484573502722 -1 0 0
637.2767695099819 262.00272232304894 -1 0 0
652.3402903811252 254.16969147005443 -1 0 0
648.7250453720509 245.13157894736838 -1 0 0
642.0970961887479 241.516333938294 -1 0 0
643.3021778584393 255.97731397459162 -1 0 0
625.2259528130672 260.1950998185118 -1 0 0
628.8411978221416 255.97731397459162 -1 0 0
625.8284936479129 247.54174228675134 -1 0 0
620.4056261343013 239.10617059891104 -1 0 0
619.20054446461 231.87568058076224 -1 0 0
624.6234119782215 227.65789473684208 -1 0 0
632.456442831216 283.6941923774954 -1 0 0
631.2513611615245 296.34754990925586 -1 0 0
601.1243194192377 286.70689655172407 -1 0 0
616.790381125227 271.64337568058073 -1 0 0
604.7395644283122 264.4128856624319 -1 0 0
606.5471869328494 251.75952813067147 -1 0 0
609.5598911070781 240.91379310344826 -1 0 0
604.1370235934664 236.6960072595281 -1 0 0
605.3421052631579 227.05535390199634 -1 0 0
597.5090744101634 228.86297640653356 -1 0 0
598.7141560798549 240.91379310344826 -1 0 0
590.2785843920146 266.82304900181487 -1 0 0
587.2658802177859 249.34936479128854 -1 0 0
584.2531760435572 236.6960072595281 -1 0 0
551.7159709618875 289.7196007259528 -1 0 0
562.5617059891108 268.6306715063521 -1 0 0
579.4328493647913 274.05353901996364 -1 0 0
580.035390199637 263.81034482758616 -1 0 0
575.2150635208711 253.5671506352087 -1 0 0
569.7921960072596 258.38747731397456 -1 0 0
551.1134301270417 256.5798548094374 -1 0 0
505.92286751361166 298.4564428312159 -1 0 0
530.024500907441 298.4564428312159 -1 0 0
513.4546279491833 280.38021778584385 -1 0 0
526.1079854809437 267.7268602540834 -1 0 0
542.0753176043557 264.7141560798548 -1 0 0
539.3638838475499 253.56715063520863 -1 0 0
545.6905626134302 246.03539019963696 -1 0 0
532.434664246824 247.84301270417416 -1 0 0
518.5762250453721 256.8811252268602 -1 0 0
503.21143375680583 262.90653357531755 -1 0 0
506.22413793103453 255.67604355716873 -1 0 0
505.92286751361166 249.3493647912885 -1 0 0
506.5254083484574 237.59981851179668 -1 0 0
496.8847549909256 255.67604355716873 -1 0 0
491.16061705989114 250.85571687840286 -1 0 0
486.34029038112527 245.13157894736835 -1 0 0
482.7250453720509 258.3874773139745 -1 0 0
470.67422867513613 243.9264972776769 -1 0 0
480.3148820326679 234.58711433756798 -1 0 0
485.43647912885666 237.59981851179668 -1 0 0
500.1987295825772 230.068058076225 -1 0 0
488.1479128856625 273.149727767695 -1 0 0
462.2386569872959 266.22050816696907 -1 0 0
467.6615245009075 252.0607985480943 -1 0 0
5.211433756805775 268.6306715063521 -1 0 0
2.8012704174228134 257.7849364791288 -1 0 0
4.006352087114294 240.91379310344823 -1 0 0
24.547186932849343 265.01542649727764 -1 0 0
26.354809437386564 251.75952813067147 -1 0 0
40.21324863883848 251.15698729582576 -1 0 0
45.033575317604345 244.52903811252264 -1 0 0
51.66152450090743 251.15698729582576 -1 0 0
46.84119782214157 262.00272232304894 -1 0 0
36.59800362976404 262.6052631578947 -1 0 0
54.07168784029034 273.4509981851179 -1 0 0
61.904718693284906 258.38747731397456 -1 0 0
75.16061705989108 252.3620689655172 -1 0 0
69.73774954627947 246.9392014519056 -1 0 0
84.19872958257713 249.34936479128854 -1 0 0
88.41651542649726 254.16969147005443 -1 0 0
100.46733212341195 249.34936479128854 -1 0 0
104.08257713248634 262.00272232304894 -1 0 0
76.36569872958256 274.6560798548094 -1 0 0
95.04446460980034 277.06624319419234 -1 0 0
118.54355716878399 275.2586206896551 -1 0 0
132.4019963702359 251.75952813067147 -1 0 0
116.73593466424677 249.95190562613428 -1 0 0
141.44010889292196 271.040834845735 -1 0 0
161.9264972776769 270.43829401088925 -1 0 0
126.37658802177856 260.1950998185118 -1 0 0
166.14428312159708 251.75952813067147 -1 0 0
176.38747731397456 258.38747731397456 -1 0 0
177.59255898366604 248.14428312159708 -1 0 0
195.66878402903808 251.75952813067147 -1 0 0
207.71960072595277 251.15698729582576 -1 0 0
217.3602540834845 251.75952813067147 -1 0 0
204.1043557168784 264.4128856624319 -1 0 0
189.64337568058073 268.6306715063521 -1 0 0
215.55263157894734 275.2586206896551 -1 0 0
248.69237749546272 284.8992740471869 -1 0 0
243.26950998185112 272.2459165154265 -1 0 0
252.91016333938293 257.18239564428313 -1 0 0
253.51270417422867 244.52903811252264 -1 0 0
263.7558983666061 253.5671506352087 -1 0 0
264.9609800362976 245.73411978221412 -1 0 0
274.60163339382933 239.70871143375678 -1 0 0
278.8194192377495 246.9392014519056 -1 0 0
287.2549909255898 256.5798548094374 -1 0 0
270.3838475499092 269.2332123411978 -1 0 0
298.7032667876588 287.3094373865698 -1 0 0
300.510889292196 264.4128856624319 -1 0 0
315.5744101633393 272.8484573502722 -1 0 0
317.3820326678765 283.0916515426497 -1 0 0
325.81760435571687 303.5780399274047 -1 0 0
345.7014519056261 270.43829401088925 -1 0 0
343.2912885662431 256.5798548094374 -1 0 0
330.6379310344827 251.75952813067147 -1 0 0
333.6506352087114 268.6306715063521 -1 0 0
321.5998185117967 262.00272232304894 -1 0 0
324.6125226860254 248.14428312159708 -1 0 0
295.6905626134301 248.7468239564428 -1 0 0
291.4727767695099 239.70871143375678 -1 0 0
346.3039927404718 239.10617059891104 -1 0 0
362.5725952813067 238.5036297640653 -1 0 0
370.4056261343012 251.75952813067147 -1 0 0
375.82849364791286 243.3239564428312 -1 0 0
386.07168784029034 244.52903811252264 -1 0 0
379.4437386569872 257.7849364791288 -1 0 0
383.6615245009074 265.01542649727764 -1 0 0
379.4437386569872 273.4509981851179 -1 0 0
364.3802177858439 284.8992740471869 -1 0 0
384.2640653357531 291.52722323049 -1 0 0
393.90471869328485 315.02631578947364 -1 0 0
397.5199637023593 281.2840290381125 -1 0 0
400.532667876588 266.82304900181487 -1 0 0
398.7250453720508 253.5671506352087 -1 0 0
387.2767695099818 255.37477313974588 -1 0 0
393.90471869328485 248.14428312159708 -1 0 0
404.1479128856623 247.54174228675134 -1 0 0
419.81397459165146 239.10617059891104 -1 0 0
423.4292196007259 234.8883847549909 -1 0 0
437.89019963702356 252.3620689655172 -1 0 0
427.6470054446461 249.95190562613428 -1 0 0
442.1079854809436 260.1950998185118 -1 0 0
572.2023593466424 246.93920145190557 -1 0 0
579.4328493647912 242.72141560798542 -1 0 0
577.0226860254082 233.6833030852994 -1 0 0
566.7794918330308 234.88838475499085 -1 0 0
570.997277676951 230.6705989110707 -1 0 0
567.9845735027222 231.87568058076218 -1 0 0
564.9718693284935 231.87568058076218 -1 0 0
560.7540834845734 234.2858439201451 -1 0 0
551.7159709618874 233.6833030852994 -1 0 0
533.6397459165153 234.2858439201451 -1 0 0
544.4854809437386 231.87568058076218 -1 0 0
539.6651542649727 239.106170598911 -1 0 0
414.58591408591417 261.5709290709291 -1 0 0
415.0854145854147 271.0614385614386 -1 0 0
413.5869130869132 253.5789210789211 -1 0 0
413.0874125874127 251.0814185814186 -1 0 0
393.60689310689315 242.09040959040965 -1 0 0
355.6448551448552 231.1013986013986 -1 0 0
349.65084915084924 249.5829170829171 -1 0 0
335.16533466533474 247.5849150849151 -1 0 0
302.19830169830175 234.59790209790214 -1 0 0
312.68781218781226 237.09540459540463 -1 0 0
577.4230769230771 219.61288711288714 -1 0 0
582.418081918082 218.61388611388614 -1 0 0
587.413086913087 215.61688311688314 -1 0 0
591.9085914085915 221.61088911088913 -1 0 0
581.4190809190811 225.10739260739263 -1 0 0
559.9405594405596 222.11038961038963 -1 0 0
543.9565434565436 216.11638361638364 -1 0 0
523.9765234765237 230.60189810189812 -1 0 0
516.9835164835165 231.1013986013986 -1 0 0
511.9885114885116 231.1013986013986 -1 0 0
506.9935064935066 231.1013986013986 -1 0 0
495.5049950049951 232.1003996003996 -1 0 0
517.483016983017 239.0934065934066 -1 0 0
514.4860139860141 237.59490509490513 -1 0 0
527.4730269730271 239.59290709290713 -1 0 0
449.55094905094916 239.0934065934066 -1 0 0
448.0524475524477 233.09940059940064 -1 0 0
455.54495504495515 238.59390609390613 -1 0 0
460.5399600399602 233.09940059940064 -1 0 0
698.8016983016985 234.59790209790214 -1 0 0
681.3191808191809 231.6008991008991 -1 0 0
