39.907407407407504 807.6759259259258 -1 0 0
32.777777777777885 785.2685185185185 -1 0 0
62.314814814814895 751.6574074074074 -1 0 0
120.37037037037044 778.1388888888889 -1 0 0
168.24074074074082 799.5277777777777 -1 0 0
163.1481481481482 736.3796296296297 -1 0 0
138.70370370370375 717.0277777777778 -1 0 0
117.3148148148149 682.3981481481482 -1 0 0
46.01851851851859 670.175925925926 -1 0 0
94.90740740740745 641.6574074074074 -1 0 0
69.44444444444451 633.5092592592594 -1 0 0
89.8148148148149 596.8425925925926 -1 0 0
49.07407407407413 580.5462962962963 -1 0 0
48.05555555555566 546.9351851851852 -1 0 0
41.944444444444514 525.5462962962963 -1 0 0
132.59259259259267 634.5277777777778 -1 0 0
166.20370370370375 613.1388888888889 -1 0 0
136.66666666666669 604.9907407407408 -1 0 0
201.8518518518519 618.2314814814815 -1 0 0
226.29629629629636 675.2685185185185 -1 0 0
267.037037037037 759.8055555555555 -1 0 0
278.2407407407407 676.2870370370371 -1 0 0
299.6296296296296 651.8425925925926 -1 0 0
281.29629629629625 586.6574074074074 -1 0 0
249.72222222222223 571.3796296296297 -1 0 0
176.38888888888897 565.2685185185185 -1 0 0
196.7592592592593 552.0277777777778 -1 0 0
204.90740740740745 510.26851851851853 -1 0 0
337.31481481481484 603.9722222222222 -1 0 0
366.8518518518518 606.0092592592594 -1 0 0
393.3333333333333 625.3611111111111 -1 0 0
410.6481481481481 663.0462962962963 -1 0 0
420.8333333333333 699.7129629629629 -1 0 0
393.3333333333333 734.3425925925926 -1 0 0
396.38888888888886 769.9907407407408 -1 0 0
374.99999999999994 709.8981481481482 -1 0 0
324.0740740740741 731.2870370370371 -1 0 0
505.37037037037027 710.9166666666666 -1 0 0
558.3333333333333 683.4166666666666 -1 0 0
512.5 614.1574074074074 -1 0 0
524.7222222222222 585.6388888888889 -1 0 0
460.5555555555555 593.7870370370371 -1 0 0
468.70370370370364 568.3240740740741 -1 0 0
500.27777777777766 575.4537037037037 -1 0 0
434.07407407407396 572.3981481481482 -1 0 0
415.7407407407407 552.0277777777778 -1 0 0
417.77777777777777 509.25000000000006 -1 0 0
445.27777777777777 488.8796296296297 -1 0 0
459.537037037037 526.5648148148148 -1 0 0
376.01851851851853 499.06481481481484 -1 0 0
335.27777777777777 484.8055555555556 -1 0 0
663.2407407407406 803.6018518518518 -1 0 0
711.1111111111111 787.3055555555555 -1 0 0
769.1666666666665 720.0833333333334 -1 0 0
794.6296296296296 787.3055555555555 -1 0 0
824.1666666666665 732.3055555555555 -1 0 0
913.7962962962961 690.5462962962963 -1 0 0
889.3518518518517 704.8055555555555 -1 0 0
880.185185185185 683.4166666666666 -1 0 0
944.3518518518517 635.5462962962963 -1 0 0
942.3148148148146 720.0833333333334 -1 0 0
949.4444444444443 747.5833333333334 -1 0 0
971.8518518518517 780.1759259259259 -1 0 0
972.8703703703702 806.6574074074074 -1 0 0
782.4074074074074 596.8425925925926 -1 0 0
743.7037037037037 575.4537037037037 -1 0 0
716.2037037037037 579.5277777777778 -1 0 0
689.7222222222222 549.9907407407408 -1 0 0
676.4814814814813 496.0092592592593 -1 0 0
625.5555555555554 485.82407407407413 -1 0 0
569.537037037037 511.28703703703707 -1 0 0
544.0740740740739 476.65740740740745 -1 0 0
506.38888888888886 507.212962962963 -1 0 0
564.4444444444443 487.86111111111114 -1 0 0
619.4444444444443 575.4537037037037 -1 0 0
669.3518518518517 618.2314814814815 -1 0 0
884.2592592592591 521.4722222222222 -1 0 0
859.8148148148146 523.5092592592594 -1 0 0
875.0925925925924 480.7314814814815 -1 0 0
978.9814814814813 470.54629629629636 -1 0 0
968.7962962962961 450.175925925926 -1 0 0
947.4074074074072 424.712962962963 -1 0 0
976.9444444444443 386.0092592592593 -1 0 0
918.8888888888887 373.78703703703707 -1 0 0
887.3148148148146 382.95370370370375 -1 0 0
855.7407407407406 376.8425925925926 -1 0 0
869.9999999999998 322.8611111111112 -1 0 0
914.8148148148146 272.9537037037038 -1 0 0
965.7407407407406 320.82407407407413 -1 0 0
955.5555555555554 244.43518518518522 -1 0 0
927.037037037037 241.37962962962968 -1 0 0
978.9814814814813 274.9907407407409 -1 0 0
928.0555555555554 196.5648148148149 -1 0 0
952.4999999999998 177.21296296296305 -1 0 0
921.9444444444443 172.12037037037044 -1 0 0
953.5185185185182 139.52777777777783 -1 0 0
893.4259259259259 150.73148148148152 -1 0 0
845.5555555555554 143.60185185185196 -1 0 0
828.2407407407406 191.47222222222229 -1 0 0
862.8703703703702 215.91666666666674 -1 0 0
867.9629629629628 197.58333333333337 -1 0 0
841.4814814814813 229.1574074074075 -1 0 0
823.148148148148 249.52777777777783 -1 0 0
843.5185185185185 295.3611111111112 -1 0 0
805.8333333333333 285.175925925926 -1 0 0
786.4814814814813 271.9351851851852 -1 0 0
770.185185185185 255.6388888888889 -1 0 0
791.5740740740739 235.2685185185186 -1 0 0
759.9999999999998 206.7500000000001 -1 0 0
759.9999999999998 182.30555555555566 -1 0 0
775.2777777777776 152.7685185185186 -1 0 0
724.3518518518517 179.2500000000001 -1 0 0
803.7962962962961 405.36111111111114 -1 0 0
774.2592592592591 414.5277777777778 -1 0 0
799.7222222222222 369.71296296296305 -1 0 0
777.3148148148148 338.1388888888889 -1 0 0
761.0185185185185 286.19444444444457 -1 0 0
733.5185185185185 271.9351851851852 -1 0 0
732.5 251.5648148148149 -1 0 0
689.7222222222222 224.0648148148149 -1 0 0
723.3333333333333 209.80555555555566 -1 0 0
776.2962962962961 492.95370370370375 -1 0 0
796.6666666666665 514.3425925925926 -1 0 0
738.6111111111111 486.8425925925926 -1 0 0
722.3148148148148 450.175925925926 -1 0 0
743.7037037037037 429.8055555555556 -1 0 0
695.8333333333333 426.75000000000006 -1 0 0
699.9074074074074 389.0648148148149 -1 0 0
702.9629629629628 357.49074074074076 -1 0 0
717.2222222222222 326.9351851851852 -1 0 0
703.9814814814813 306.5648148148149 -1 0 0
685.648148148148 339.1574074074075 -1 0 0
665.2777777777776 271.9351851851852 -1 0 0
661.2037037037037 243.41666666666674 -1 0 0
642.8703703703702 203.69444444444457 -1 0 0
659.1666666666665 198.60185185185196 -1 0 0
643.8888888888887 168.04629629629642 -1 0 0
611.2962962962961 147.67592592592598 -1 0 0
697.8703703703702 138.50925925925935 -1 0 0
573.6111111111111 149.71296296296305 -1 0 0
588.8888888888887 140.54629629629642 -1 0 0
551.2037037037037 172.12037037037044 -1 0 0
538.9814814814813 148.69444444444457 -1 0 0
498.2407407407407 163.97222222222229 -1 0 0
483.98148148148135 142.58333333333337 -1 0 0
470.7407407407407 158.87962962962968 -1 0 0
461.57407407407396 140.54629629629642 -1 0 0
458.5185185185184 180.2685185185186 -1 0 0
457.49999999999994 218.97222222222229 -1 0 0
512.5 196.5648148148149 -1 0 0
499.2592592592592 189.43518518518522 -1 0 0
561.3888888888887 209.80555555555566 -1 0 0
552.2222222222222 241.37962962962968 -1 0 0
606.2037037037037 255.6388888888889 -1 0 0
631.6666666666665 234.2500000000001 -1 0 0
632.685185185185 252.58333333333337 -1 0 0
625.5555555555554 312.675925925926 -1 0 0
642.8703703703702 329.99074074074076 -1 0 0
629.6296296296296 373.78703703703707 -1 0 0
643.8888888888887 398.2314814814815 -1 0 0
627.5925925925924 424.712962962963 -1 0 0
587.8703703703702 390.08333333333337 -1 0 0
592.9629629629628 356.4722222222223 -1 0 0
585.8333333333333 306.5648148148149 -1 0 0
558.3333333333333 291.28703703703707 -1 0 0
536.9444444444443 285.175925925926 -1 0 0
518.6111111111111 270.91666666666674 -1 0 0
507.40740740740733 256.6574074074075 -1 0 0
499.2592592592592 237.30555555555566 -1 0 0
554.2592592592591 425.7314814814815 -1 0 0
540.0 369.71296296296305 -1 0 0
515.5555555555554 407.3981481481482 -1 0 0
483.98148148148135 414.5277777777778 -1 0 0
480.9259259259258 443.04629629629636 -1 0 0
450.37037037037027 422.675925925926 -1 0 0
473.79629629629625 370.7314814814815 -1 0 0
497.2222222222221 338.1388888888889 -1 0 0
520.648148148148 333.04629629629636 -1 0 0
435.09259259259255 319.80555555555566 -1 0 0
448.3333333333333 302.49074074074076 -1 0 0
458.5185185185184 264.80555555555566 -1 0 0
441.20370370370364 231.19444444444457 -1 0 0
394.3518518518518 437.95370370370375 -1 0 0
401.48148148148147 474.6203703703704 -1 0 0
415.7407407407407 397.212962962963 -1 0 0
398.4259259259259 381.9351851851852 -1 0 0
342.40740740740733 345.2685185185186 -1 0 0
394.3518518518518 308.60185185185196 -1 0 0
358.70370370370364 311.6574074074075 -1 0 0
275.18518518518516 481.75000000000006 -1 0 0
288.4259259259259 519.4351851851852 -1 0 0
258.88888888888886 464.4351851851852 -1 0 0
283.3333333333333 423.6944444444445 -1 0 0
333.2407407407407 408.4166666666667 -1 0 0
299.6296296296296 386.0092592592593 -1 0 0
299.6296296296296 338.1388888888889 -1 0 0
306.7592592592593 300.4537037037037 -1 0 0
333.2407407407407 299.4351851851852 -1 0 0
358.70370370370364 263.78703703703707 -1 0 0
397.40740740740733 271.9351851851852 -1 0 0
408.61111111111103 230.17592592592598 -1 0 0
422.87037037037027 189.43518518518522 -1 0 0
428.98148148148147 168.04629629629642 -1 0 0
420.8333333333333 148.69444444444457 -1 0 0
395.3703703703704 158.87962962962968 -1 0 0
374.99999999999994 150.73148148148152 -1 0 0
348.51851851851853 150.73148148148152 -1 0 0
355.6481481481481 161.93518518518522 -1 0 0
367.8703703703704 175.17592592592598 -1 0 0
391.29629629629625 193.50925925925935 -1 0 0
380.09259259259255 230.17592592592598 -1 0 0
353.61111111111103 191.47222222222229 -1 0 0
330.18518518518516 194.52777777777783 -1 0 0
319.99999999999994 175.17592592592598 -1 0 0
321.01851851851853 147.67592592592598 -1 0 0
333.2407407407407 136.47222222222229 -1 0 0
295.5555555555556 151.7500000000001 -1 0 0
321.01851851851853 227.12037037037044 -1 0 0
332.22222222222223 262.7685185185186 -1 0 0
280.27777777777777 254.62037037037044 -1 0 0
283.3333333333333 219.99074074074088 -1 0 0
259.90740740740745 211.8425925925926 -1 0 0
263.98148148148147 188.41666666666674 -1 0 0
265.00000000000006 191.47222222222229 -1 0 0
269.0740740740741 154.80555555555566 -1 0 0
236.48148148148147 161.93518518518522 -1 0 0
240.5555555555556 142.58333333333337 -1 0 0
216.11111111111114 144.62037037037044 -1 0 0
233.42592592592592 182.30555555555566 -1 0 0
222.22222222222223 222.02777777777783 -1 0 0
242.59259259259255 248.50925925925935 -1 0 0
261.9444444444444 261.7500000000001 -1 0 0
262.962962962963 268.8796296296297 -1 0 0
262.962962962963 294.3425925925926 -1 0 0
270.09259259259255 318.78703703703707 -1 0 0
249.72222222222223 340.175925925926 -1 0 0
262.962962962963 369.71296296296305 -1 0 0
225.27777777777777 380.91666666666674 -1 0 0
228.33333333333331 339.1574074074075 -1 0 0
205.92592592592592 327.95370370370375 -1 0 0
189.62962962962962 298.41666666666674 -1 0 0
203.88888888888886 260.7314814814815 -1 0 0
200.83333333333331 243.41666666666674 -1 0 0
199.81481481481484 216.93518518518522 -1 0 0
177.40740740740745 136.47222222222229 -1 0 0
182.50000000000006 163.97222222222229 -1 0 0
150.92592592592592 147.67592592592598 -1 0 0
164.16666666666669 178.23148148148152 -1 0 0
186.57407407407408 183.32407407407413 -1 0 0
184.53703703703712 195.54629629629642 -1 0 0
176.38888888888897 207.7685185185186 -1 0 0
170.27777777777777 254.62037037037044 -1 0 0
111.20370370370375 151.7500000000001 -1 0 0
96.94444444444451 171.10185185185196 -1 0 0
80.64814814814821 164.99074074074088 -1 0 0
87.77777777777783 149.71296296296305 -1 0 0
43.98148148148158 139.52777777777783 -1 0 0
12.407407407407504 138.50925925925935 -1 0 0
22.592592592592666 174.1574074074075 -1 0 0
24.629629629629733 194.52777777777783 -1 0 0
37.87037037037044 187.39814814814827 -1 0 0
53.14814814814821 188.41666666666674 -1 0 0
71.48148148148152 206.7500000000001 -1 0 0
100.00000000000006 232.21296296296305 -1 0 0
71.48148148148152 244.43518518518522 -1 0 0
24.629629629629733 238.32407407407413 -1 0 0
13.425925925926038 265.82407407407413 -1 0 0
43.98148148148158 269.89814814814827 -1 0 0
75.5555555555556 263.78703703703707 -1 0 0
69.44444444444451 289.25 -1 0 0
33.79629629629636 309.62037037037044 -1 0 0
92.87037037037044 293.32407407407413 -1 0 0
115.27777777777783 295.3611111111112 -1 0 0
138.70370370370375 310.6388888888889 -1 0 0
141.7592592592593 255.6388888888889 -1 0 0
126.48148148148152 236.28703703703707 -1 0 0
134.62962962962968 212.8611111111112 -1 0 0
137.68518518518528 195.54629629629642 -1 0 0
9.351851851851961 391.1018518518519 -1 0 0
9.351851851851961 347.3055555555556 -1 0 0
27.685185185185276 396.1944444444445 -1 0 0
53.14814814814821 402.3055555555556 -1 0 0
70.46296296296305 335.08333333333337 -1 0 0
88.79629629629636 331.00925925925935 -1 0 0
106.11111111111114 331.00925925925935 -1 0 0
90.83333333333337 356.4722222222223 -1 0 0
109.16666666666674 367.675925925926 -1 0 0
145.83333333333343 365.6388888888889 -1 0 0
172.31481481481484 369.71296296296305 -1 0 0
116.29629629629636 410.45370370370375 -1 0 0
145.83333333333343 407.3981481481482 -1 0 0
180.462962962963 410.45370370370375 -1 0 0
214.07407407407408 420.6388888888889 -1 0 0
206.9444444444445 451.19444444444446 -1 0 0
227.31481481481484 443.04629629629636 -1 0 0
146.8518518518519 500.08333333333337 -1 0 0
134.62962962962968 464.4351851851852 -1 0 0
103.0555555555556 466.4722222222223 -1 0 0
92.87037037037044 490.9166666666667 -1 0 0
75.5555555555556 445.08333333333337 -1 0 0
12.407407407407504 438.9722222222223 -1 0 0
8.333333333333428 484.8055555555556 -1 0 0
125.46296296296299 502.1203703703704 -1 0 0
354.6296296296296 350.3611111111112 -1 0 0
670.3703703703702 167.02777777777783 -1 0 0
443.2407407407407 202.67592592592598 -1 0 0
1013.3541392904071 93.19053876478324 -1 0 0
978.6629434954007 100.7792378449409 -1 0 0
992.756241787122 164.74113009198425 -1 0 0
1019.858738501971 280.73981603153754 -1 0 0
1009.0177398160315 334.94480946123525 -1 0 0
982.9993429697765 265.5624178712221 -1 0 0
904.9441524310118 87.77003942181341 -1 0 0
959.1491458607095 74.76084099868604 -1 0 0
876.7575558475689 75.84494086727989 -1 0 0
826.8889618922469 71.50854139290414 -1 0 0
795.4500657030223 75.84494086727989 -1 0 0
784.6090670170827 95.35873850197117 -1 0 0
810.6274638633377 120.29303547963207 -1 0 0
847.4868593955321 121.37713534822603 -1 0 0
805.2069645203678 127.88173455978983 -1 0 0
781.3567674113008 124.62943495400793 -1 0 0
762.9270696452036 121.37713534822603 -1 0 0
737.9927726675426 108.36793692509855 -1 0 0
732.572273324573 89.93823915900134 -1 0 0
718.4789750328516 71.50854139290414 -1 0 0
689.2082785808147 91.02233902759531 -1 0 0
671.8626806833115 93.19053876478324 -1 0 0
668.6103810775296 121.37713534822603 -1 0 0
688.1241787122208 72.5926412614981 -1 0 0
640.4237844940867 76.92904073587385 -1 0 0
632.8350854139292 99.69513797634693 -1 0 0
600.3120893561104 98.61103810775296 -1 0 0
586.218791064389 118.12483574244425 -1 0 0
640.4237844940867 141.97503285151117 -1 0 0
576.4618922470434 84.51773981603162 -1 0 0
558.0321944809461 72.5926412614981 -1 0 0
543.9388961892248 110.53613666228648 -1 0 0
521.1727989487517 99.69513797634693 -1 0 0
509.24770039421816 122.46123521682 -1 0 0
497.32260183968464 93.19053876478324 -1 0 0
491.9021024967149 76.92904073587385 -1 0 0
460.4632063074902 84.51773981603162 -1 0 0
444.20170827858084 98.61103810775296 -1 0 0
463.715505913272 122.46123521682 -1 0 0
439.8653088042051 125.7135348226019 -1 0 0
394.33311432325894 115.95663600525631 -1 0 0
414.9310118265441 93.19053876478324 -1 0 0
395.4172141918529 87.77003942181341 -1 0 0
429.02431011826553 74.76084099868604 -1 0 0
375.90341655716173 85.60183968462559 -1 0 0
370.4829172141919 106.19973718791073 -1 0 0
335.7917214191853 105.11563731931676 -1 0 0
322.78252299605793 85.60183968462559 -1 0 0
343.3804204993431 71.50854139290414 -1 0 0
294.59592641261503 75.84494086727989 -1 0 0
295.680026281209 97.526938239159 -1 0 0
283.7549277266755 117.04073587385028 -1 0 0
308.6892247043365 135.4704336399475 -1 0 0
260.9888304862024 128.9658344283838 -1 0 0
247.97963206307503 97.526938239159 -1 0 0
232.8022339027596 85.60183968462559 -1 0 0
224.129434954008 78.01314060446782 -1 0 0
200.27923784494095 74.76084099868604 -1 0 0
184.01773981603162 91.02233902759531 -1 0 0
236.0545335085415 110.53613666228648 -1 0 0
216.54073587385034 122.46123521682 -1 0 0
200.27923784494095 123.54533508541397 -1 0 0
164.50394218134045 93.19053876478324 -1 0 0
146.0742444152432 79.09724047306179 -1 0 0
116.80354796320643 82.34954007884369 -1 0 0
111.38304862023665 115.95663600525631 -1 0 0
90.78515111695151 107.2838370565047 -1 0 0
83.1964520367938 73.67674113009207 -1 0 0
59.34625492772682 74.76084099868604 -1 0 0
68.01905387647844 104.0315374507228 -1 0 0
42.00065703022352 101.86333771353486 -1 0 0
37.66425755584771 80.18134034165575 -1 0 0
19.23455978975045 101.86333771353486 -1 0 0
514.853482260184 49.01346911957944 -1 0 0
550.0867279894876 45.219119579500614 -1 0 0
583.6938239159002 40.882720105124804 -1 0 0
599.9553219448096 65.81701708278581 -1 0 0
618.9270696452038 108.09691195795006 -1 0 0
615.1327201051249 193.74080157687254 -1 0 0
599.9553219448096 296.18823915900134 -1 0 0
621.6373193166887 316.2440867279895 -1 0 0
491.54533508541397 63.10676741130089 -1 0 0
431.3777923784495 46.845269382391564 -1 0 0
409.6957950065704 47.38731931668855 -1 0 0
366.87385019710916 49.01346911957944 -1 0 0
385.84559789750335 64.73291721419184 -1 0 0
386.38764783180034 40.34067017082782 -1 0 0
308.33245729303553 39.79862023653084 -1 0 0
288.81865965834436 45.7611695137976 -1 0 0
273.64126149802894 51.72371879106436 -1 0 0
253.5854139290408 65.27496714848883 -1 0 0
256.2956636005257 41.42477003942179 -1 0 0
228.6511169513798 43.05091984231274 -1 0 0
241.6603153745073 37.63042049934296 -1 0 0
190.70762155059137 52.807818659658324 -1 0 0
178.78252299605785 52.26576872536134 -1 0 0
167.9415243101183 65.81701708278581 -1 0 0
155.4743758212878 49.555519053876424 -1 0 0
126.74572930354799 45.7611695137976 -1 0 0
144.09132720105126 51.181668856767374 -1 0 0
352.7805519053877 38.71452036793687 -1 0 0
332.72470433639955 45.219119579500614 -1 0 0
329.47240473061765 57.68626806833112 -1 0 0
309.9586070959265 68.52726675427067 -1 0 0
222.68856767411305 56.60216819973715 -1 0 0
204.8009198423128 42.508869908015754 -1 0 0
191.24967148488832 320.58048620236536 -1 0 0
180.40867279894877 308.65538764783184 -1 0 0
371.7522996057819 247.40374507227335 -1 0 0
43.863717559132766 46.24816750164263 -1 0 0
20.74190004927732 57.809076256570336 -1 0 0
6.20818618593961 51.863466039750364 -1 0 0
12.814419760184023 39.97224560611042 -1 0 0
76.89488543035483 40.302557284822655 -1 0 0
99.68639126149804 51.863466039750364 -1 0 0
113.88979344612355 40.302557284822655 -1 0 0
249.31758171813402 28.081025172470476 -1 0 0
166.0790386826544 30.72351860216824 -1 0 0
200.43145326872536 23.456661670499386 -1 0 0
117.52322191195796 70.69123172634696 -1 0 0
48.81839273981606 120.56829521189229 -1 0 0
73.92208032194483 136.09294411136665 -1 0 0
167.73059707621553 130.4776455732589 -1 0 0
242.7113481438896 131.7988922881078 -1 0 0
58.72774310118268 100.41928281044682 -1 0 0
76.65746139947433 44.43145326872536 -1 0 0
109.6886292706964 47.73457005584754 -1 0 0
623.4161773160315 376.2271835988831 -1 0 0
540.177634280552 221.31100628285157 -1 0 0
551.4082313567674 418.1767667953351 -1 0 0
5.877874507227375 188.44734518725366 -1 0 0
357.422388304862 66.2320240637319 -1 0 0
584.0161999014455 48.39519341327201 -1 0 0
504.9113009198424 29.228646517739886 -1 0 0
488.649802890933 21.639947437582123 -1 0 0
508.1636005256242 12.967148488830503 -1 0 0
457.2109067017083 16.219448094612403 -1 0 0
924.457950065703 44.406044678055196 -1 0 0
877.8416557161629 45.49014454664916 -1 0 0
852.9073587385019 70.42444152431017 -1 0 0
829.0571616294349 30.312746386333743 -1 0 0
844.2345597897502 10.79894875164257 -1 0 0
875.673455978975 12.967148488830503 -1 0 0
797.6182654402103 44.406044678055196 -1 0 0
772.6839684625493 50.910643889618996 -1 0 0
751.0019710906702 27.060446780551953 -1 0 0
733.6563731931669 12.967148488830503 -1 0 0
713.0584756898818 10.79894875164257 -1 0 0
670.7785808147175 47.658344283837096 -1 0 0
665.3580814717477 19.47174770039419 -1 0 0
631.7509855453352 21.639947437582123 -1 0 0
632.8350854139292 48.74244415243106 -1 0 0
606.8166885676742 17.30354796320637 -1 0 0
586.218791064389 10.79894875164257 -1 0 0
555.8639947437582 20.555847568988156 -1 0 0
411.6787122207622 15.135348226018438 -1 0 0
381.32391590013145 11.883048620236536 -1 0 0
362.89421813403425 11.883048620236536 -1 0 0
332.5394218134035 29.228646517739886 -1 0 0
328.20302233902765 6.462549277266817 -1 0 0
294.59592641261503 20.555847568988156 -1 0 0
269.66162943495414 11.883048620236536 -1 0 0
292.4277266754271 7.546649145860669 -1 0 0
206.7838370565047 8.630749014454636 -1 0 0
242.5591327201052 7.546649145860669 -1 0 0
182.9336399474377 9.714848883048603 -1 0 0
146.0742444152432 11.883048620236536 -1 0 0
101.62614980289106 11.883048620236536 -1 0 0
120.05584756898827 8.630749014454636 -1 0 0
57.178055190538885 10.79894875164257 -1 0 0
38.74835742444168 10.79894875164257 -1 0 0
9.477660972404863 17.30354796320637 -1 0 0
976.4947437582127 22.72404730617609 -1 0 0
955.8968462549276 15.135348226018438 -1 0 0
561.284494086728 9.714848883048603 -1 0 0
782.4408672798947 7.546649145860669 -1 0 0
759.6747700394217 5.37844940867285 -1 0 0
898.439553219448 111.62023653088045 -1 0 0
923.373850197109 326.2720105124836 -1 0 0
1010.1018396846255 658.006570302234 -1 0 0
