263.74268292682916 622.7670731707316 -1 0 0
614.6499999999997 544.0939024390243 -1 0 0
349.9085365853657 718.9231707317072 -1 0 0
948.0743902439023 737.6548780487803 -1 0 0
993.0304878048777 650.2402439024389 -1 0 0
856.9134146341461 517.8695121951218 -1 0 0
950.571951219512 479.1573170731706 -1 0 0
856.9134146341461 417.9670731707316 -1 0 0
918.1036585365852 366.76707317073163 -1 0 0
718.2987804878047 406.7280487804877 -1 0 0
625.8890243902437 392.99146341463415 -1 0 0
332.4256097560974 331.8012195121951 -1 0 0
309.9475609756096 440.44512195121945 -1 0 0
75.17682926829252 288.09390243902436 -1 0 0
196.3085365853657 251.8792682926828 -1 0 0
424.83536585365835 274.3573170731707 -1 0 0
535.9768292682926 373.01097560975603 -1 0 0
562.2012195121948 319.3134146341463 -1 0 0
652.1134146341461 285.5963414634146 -1 0 0
748.2695121951218 345.5378048780487 -1 0 0
814.4548780487802 333.04999999999995 -1 0 0
780.7378048780485 300.5817073170731 -1 0 0
841.9280487804875 310.57195121951213 -1 0 0
858.162195121951 343.040243902439 -1 0 0
908.1134146341461 321.81097560975604 -1 0 0
890.6304878048778 296.83536585365846 -1 0 0
954.3182926829267 321.81097560975604 -1 0 0
998.0256097560972 319.3134146341463 -1 0 0
940.581707317073 274.3573170731707 -1 0 0
901.8695121951217 269.3621951219512 -1 0 0
599.6646341463412 238.14268292682925 -1 0 0
640.8743902439022 221.90853658536582 -1 0 0
151.35243902439026 179.7621951219512 -1 0 0
234.39634146341461 199.74268292682927 -1 0 0
301.2060975609756 178.51341463414633 -1 0 0
314.3182926829268 144.17195121951218 -1 0 0
368.0158536585366 152.91341463414633 -1 0 0
437.94756097560975 186.63048780487804 -1 0 0
414.8451219512195 179.7621951219512 -1 0 0
467.2939024390244 169.7719512195122 -1 0 0
489.1475609756098 214.72804878048777 -1 0 0
474.16219512195124 142.9231707317073 -1 0 0
439.1963414634146 146.0451219512195 -1 0 0
412.3475609756097 134.80609756097562 -1 0 0
364.89390243902443 126.06463414634146 -1 0 0
454.8060975609756 129.18658536585366 -1 0 0
497.88902439024395 124.81585365853658 -1 0 0
487.8987804878049 114.82560975609755 -1 0 0
485.40121951219515 95.46951219512198 -1 0 0
501.6353658536586 77.98658536585367 -1 0 0
472.91341463414636 117.94756097560975 -1 0 0
470.4158536585366 111.07926829268291 -1 0 0
452.30853658536586 115.44999999999999 -1 0 0
443.5670731707317 95.46951219512198 -1 0 0
447.31341463414634 107.95731707317071 -1 0 0
495.3914634146342 142.9231707317073 -1 0 0
507.25487804878054 187.87926829268292 -1 0 0
427.9573170731707 117.94756097560975 -1 0 0
221.90853658536588 11.801219512195132 -1 0 0
329.9280487804878 122.31829268292682 -1 0 0
327.43048780487806 89.85000000000002 -1 0 0
364.269512195122 96.71829268292686 -1 0 0
341.79146341463417 97.96707317073174 -1 0 0
363.64512195121955 83.60609756097563 -1 0 0
354.9036585365854 74.24024390243903 -1 0 0
341.79146341463417 69.24512195121952 -1 0 0
384.24999999999994 75.48902439024391 -1 0 0
399.2353658536585 86.72804878048782 -1 0 0
384.8743902439024 89.85000000000002 -1 0 0
373.01097560975614 84.23048780487807 -1 0 0
366.76707317073175 77.98658536585367 -1 0 0
432.95243902439023 92.97195121951222 -1 0 0
383.00121951219506 105.45975609756096 -1 0 0
278.1036585365853 124.81585365853658 -1 0 0
238.14268292682925 144.17195121951218 -1 0 0
235.6451219512195 106.70853658536583 -1 0 0
254.37682926829268 89.85000000000002 -1 0 0
271.2353658536585 77.36219512195123 -1 0 0
283.7231707317073 72.99146341463415 -1 0 0
291.840243902439 71.11829268292684 -1 0 0
304.3280487804878 72.36707317073171 -1 0 0
312.4451219512195 82.35731707317075 -1 0 0
302.4548780487805 89.85000000000002 -1 0 0
285.5963414634146 86.10365853658539 -1 0 0
296.2109756097561 81.10853658536587 -1 0 0
304.95243902439023 78.61097560975611 -1 0 0
255.6256097560975 106.70853658536583 -1 0 0
194.43536585365854 116.69878048780487 -1 0 0
217.5378048780488 92.97195121951222 -1 0 0
218.78658536585368 74.24024390243903 -1 0 0
192.56219512195122 67.3719512195122 -1 0 0
186.94268292682926 87.35243902439026 -1 0 0
169.45975609756096 96.71829268292686 -1 0 0
143.859756097561 88.60121951219514 -1 0 0
152.60121951219514 127.93780487804878 -1 0 0
241.8890243902439 67.99634146341464 -1 0 0
207.54756097560977 63.62560975609756 -1 0 0
90.78658536585368 136.0548780487805 -1 0 0
112.64024390243901 104.21097560975608 -1 0 0
112.01585365853657 72.99146341463415 -1 0 0
168.21097560975608 57.381707317073165 -1 0 0
171.9573170731707 42.396341463414615 -1 0 0
150.72804878048782 53.63536585365853 -1 0 0
148.8548780487805 45.51829268292681 -1 0 0
157.59634146341466 43.020731707317054 -1 0 0
122.63048780487804 26.162195121951243 -1 0 0
92.03536585365856 53.01097560975609 -1 0 0
115.76219512195121 51.13780487804877 -1 0 0
108.89390243902437 31.157317073170702 -1 0 0
88.28902439024392 24.289024390243924 -1 0 0
99.52804878048778 33.65487804878046 -1 0 0
55.820731707317066 33.03048780487802 -1 0 0
31.469512195121922 47.39146341463413 -1 0 0
42.708536585365835 58.006097560975604 -1 0 0
21.479268292682946 63.62560975609756 -1 0 0
62.6890243902439 83.60609756097563 -1 0 0
32.7182926829268 87.35243902439026 -1 0 0
56.445121951219505 129.18658536585366 -1 0 0
53.32317073170731 192.25 -1 0 0
78.92317073170733 36.15243902439022 -1 0 0
8.367073170731715 116.69878048780487 -1 0 0
391.1182926829268 216.6012195121951 -1 0 0
1169.1085365853655 286.8451219512195 -1 0 0
765.7524390243899 264.36707317073166 -1 0 0
720.7963414634145 249.38170731707316 -1 0 0
824.4451219512192 269.3621951219512 -1 0 0
854.4158536585363 255.62560975609745 -1 0 0
276.85487804878045 30.532926829268263 -1 0 0
283.7231707317073 30.532926829268263 -1 0 0
295.58658536585364 34.2792682926829 -1 0 0
529.1085365853655 219.0987804878049 -1 0 0
511.00121951219484 200.36707317073171 -1 0 0
501.63536585365824 172.8939024390244 -1 0 0
519.742682926829 152.91341463414633 -1 0 0
527.8597560975606 136.0548780487805 -1 0 0
697.0695121951217 230.96219512195123 -1 0 0
676.4646341463413 234.08414634146345 -1 0 0
673.9670731707315 207.859756097561 -1 0 0
648.3670731707314 202.24024390243903 -1 0 0
617.771951219512 200.36707317073171 -1 0 0
602.1621951219508 179.7621951219512 -1 0 0
629.0109756097559 189.75243902439024 -1 0 0
560.3280487804875 193.49878048780488 -1 0 0
574.0646341463412 158.5329268292683 -1 0 0
589.674390243902 157.2841463414634 -1 0 0
604.0353658536583 141.67439024390245 -1 0 0
604.6597560975606 157.2841463414634 -1 0 0
559.7036585365851 139.1768292682927 -1 0 0
555.9573170731704 152.91341463414633 -1 0 0
510.3768292682924 126.6890243902439 -1 0 0
511.6256097560973 119.19634146341463 -1 0 0
510.3768292682924 115.44999999999999 -1 0 0
516.6207317073167 103.58658536585364 -1 0 0
520.3670731707314 121.06951219512194 -1 0 0
530.981707317073 124.81585365853658 -1 0 0
531.6060975609753 114.82560975609755 -1 0 0
535.3524390243899 109.20609756097559 -1 0 0
540.971951219512 122.31829268292682 -1 0 0
553.4597560975607 119.19634146341463 -1 0 0
549.713414634146 131.68414634146342 -1 0 0
559.7036585365851 127.93780487804878 -1 0 0
567.8207317073168 120.4451219512195 -1 0 0
575.313414634146 127.93780487804878 -1 0 0
581.5573170731705 117.94756097560975 -1 0 0
585.9280487804874 124.81585365853658 -1 0 0
594.6695121951216 130.43536585365854 -1 0 0
574.6890243902436 137.9280487804878 -1 0 0
609.6548780487801 131.68414634146342 -1 0 0
620.893902439024 141.67439024390245 -1 0 0
625.2646341463412 130.43536585365854 -1 0 0
633.3817073170728 136.0548780487805 -1 0 0
637.75243902439 137.30365853658537 -1 0 0
643.3719512195119 131.68414634146342 -1 0 0
663.9768292682925 137.30365853658537 -1 0 0
639.0012195121949 149.79146341463414 -1 0 0
663.3524390243899 158.5329268292683 -1 0 0
648.3670731707314 165.40121951219513 -1 0 0
628.3865853658533 167.27439024390245 -1 0 0
639.6256097560972 171.64512195121952 -1 0 0
683.9573170731705 172.8939024390244 -1 0 0
604.6597560975606 97.96707317073174 -1 0 0
608.4060975609752 99.84024390243906 -1 0 0
618.3963414634143 101.08902439024394 -1 0 0
631.5085365853656 102.33780487804881 -1 0 0
750.7670731707315 123.5670731707317 -1 0 0
768.2499999999998 129.18658536585366 -1 0 0
695.8207317073168 148.54268292682926 -1 0 0
688.9524390243901 141.67439024390245 -1 0 0
692.0743902439021 136.0548780487805 -1 0 0
677.7134146341461 151.66463414634146 -1 0 0
672.0939024390241 142.9231707317073 -1 0 0
706.4353658536584 144.79634146341462 -1 0 0
704.5621951219509 154.78658536585365 -1 0 0
695.1963414634145 158.5329268292683 -1 0 0
685.8304878048777 159.78170731707317 -1 0 0
720.7963414634144 162.90365853658537 -1 0 0
728.2890243902436 154.78658536585365 -1 0 0
703.313414634146 174.14268292682928 -1 0 0
708.9329268292681 166.02560975609757 -1 0 0
722.6695121951216 187.87926829268292 -1 0 0
705.8109756097558 193.49878048780488 -1 0 0
687.7036585365852 184.13292682926829 -1 0 0
670.2207317073169 186.63048780487804 -1 0 0
718.9231707317069 212.85487804878045 -1 0 0
740.7768292682924 225.96707317073168 -1 0 0
764.5036585365851 212.23048780487804 -1 0 0
791.3524390243899 231.58658536585364 -1 0 0
748.2695121951217 193.49878048780488 -1 0 0
763.8792682926826 194.74756097560976 -1 0 0
773.8695121951216 194.12317073170732 -1 0 0
767.0012195121949 177.8890243902439 -1 0 0
752.0158536585363 171.02073170731708 -1 0 0
733.2841463414632 171.02073170731708 -1 0 0
742.0256097560973 172.8939024390244 -1 0 0
747.0207317073168 159.78170731707317 -1 0 0
745.1475609756094 154.78658536585365 -1 0 0
738.2792682926827 157.2841463414634 -1 0 0
762.6304878048777 150.41585365853658 -1 0 0
767.6256097560972 159.78170731707317 -1 0 0
783.2353658536583 157.2841463414634 -1 0 0
782.6109756097558 168.52317073170732 -1 0 0
795.7231707317071 171.02073170731708 -1 0 0
799.4695121951218 206.6109756097561 -1 0 0
800.7182926829266 187.87926829268292 -1 0 0
813.8304878048777 200.36707317073171 -1 0 0
824.4451219512193 183.50853658536585 -1 0 0
813.8304878048777 175.39146341463413 -1 0 0
934.9621951219513 156.34756097560972 -1 0 0
861.2841463414634 173.2060975609756 -1 0 0
856.9134146341464 183.82073170731707 -1 0 0
870.0256097560975 178.82560975609755 -1 0 0
839.4304878048781 173.2060975609756 -1 0 0
874.3963414634147 229.4012195121951 -1 0 0
835.6841463414635 211.91829268292682 -1 0 0
818.8256097560975 237.5182926829268 -1 0 0
856.2890243902439 193.8109756097561 -1 0 0
883.7621951219512 211.91829268292682 -1 0 0
879.3914634146342 196.30853658536583 -1 0 0
886.8841463414635 182.5719512195122 -1 0 0
895.6256097560974 176.95243902439023 -1 0 0
901.8695121951218 176.95243902439023 -1 0 0
906.8646341463414 185.06951219512194 -1 0 0
917.479268292683 192.56219512195122 -1 0 0
904.9914634146342 190.6890243902439 -1 0 0
908.7378048780488 216.2890243902439 -1 0 0
916.2304878048781 251.25487804878048 -1 0 0
933.7134146341464 223.15731707317073 -1 0 0
973.6743902439025 268.7378048780488 -1 0 0
947.45 243.13780487804877 -1 0 0
963.0597560975609 241.8890243902439 -1 0 0
973.05 221.90853658536585 -1 0 0
968.0548780487804 206.9231707317073 -1 0 0
945.5768292682926 193.8109756097561 -1 0 0
948.0743902439024 213.1670731707317 -1 0 0
934.9621951219513 189.44024390243902 -1 0 0
957.4402439024391 192.56219512195122 -1 0 0
990.5329268292683 209.42073170731706 -1 0 0
1008.0158536585366 219.4109756097561 -1 0 0
998.6500000000001 243.13780487804877 -1 0 0
1013.6353658536586 276.23048780487807 -1 0 0
1019.2548780487801 286.8451219512195 -1 0 0
51.910339660339645 390.8993506493506 -1 0 0
306.12012987012986 43.183066933066925 -1 0 0
394.60764235764236 57.504745254745245 -1 0 0
