316.67443037974687 620.6744303797469 -1 0 0
463.71240506329116 693.5858227848101 -1 0 0
449.1301265822784 575.7124050632913 -1 0 0
626.5478481012658 612.1681012658228 -1 0 0
586.4465822784811 661.9908860759494 -1 0 0
591.3073417721517 568.4212658227849 -1 0 0
666.6491139240505 569.6364556962026 -1 0 0
729.838987341772 602.4465822784811 -1 0 0
761.433924050633 621.8896202531646 -1 0 0
785.7377215189874 619.4592405063293 -1 0 0
777.2313924050632 576.9275949367089 -1 0 0
834.345316455696 591.5098734177217 -1 0 0
896.32 568.4212658227849 -1 0 0
959.5098734177216 567.2060759493671 -1 0 0
920.6237974683545 614.5984810126582 -1 0 0
215.81367088607593 705.7377215189874 -1 0 0
140.47189873417724 631.6111392405064 -1 0 0
223.10481012658232 603.661772151899 -1 0 0
195.1554430379747 612.1681012658228 -1 0 0
59.054177215189924 688.7250632911392 -1 0 0
23.813670886075997 614.5984810126582 -1 0 0
94.29468354430385 538.0415189873419 -1 0 0
113.73772151898739 506.4465822784812 -1 0 0
140.47189873417724 524.6744303797469 -1 0 0
192.72506329113924 521.0288607594938 -1 0 0
231.6111392405063 525.8896202531647 -1 0 0
258.3453164556962 530.7503797468355 -1 0 0
401.73772151898726 523.7630379746837 -1 0 0
410.85164556962 559.6111392405064 -1 0 0
350.092151898734 546.2440506329116 -1 0 0
315.45924050632897 528.0162025316457 -1 0 0
290.5478481012657 525.5858227848103 -1 0 0
308.7756962025315 557.7883544303799 -1 0 0
440.0162025316454 516.4718987341773 -1 0 0
509.28202531645553 506.7503797468356 -1 0 0
513.5351898734176 539.5605063291141 -1 0 0
549.3832911392404 517.0794936708862 -1 0 0
552.4212658227847 536.5225316455699 -1 0 0
604.6744303797467 522.547848101266 -1 0 0
632.6237974683543 507.9655696202533 -1 0 0
649.6364556962025 506.7503797468356 -1 0 0
262.59848101265806 511.00354430379764 -1 0 0
273.53518987341755 523.7630379746837 -1 0 0
286.9022784810125 512.2187341772154 -1 0 0
297.838987341772 501.2820253164559 -1 0 0
297.838987341772 489.73772151898754 -1 0 0
289.9402531645568 495.20607594936723 -1 0 0
446.39594936708846 504.4718987341774 -1 0 0
441.5351898734176 493.83898734177234 -1 0 0
441.5351898734176 481.68708860759506 -1 0 0
488.0162025316455 502.9529113924052 -1 0 0
469.7883544303797 502.9529113924052 -1 0 0
472.8263291139239 519.9655696202533 -1 0 0
500.77569620253155 496.5731645569622 -1 0 0
355.86430379746827 511.45924050632925 -1 0 0
349.1807594936708 501.4339240506331 -1 0 0
365.58582278481003 493.53518987341783 -1 0 0
368.9275949367088 484.7250632911394 -1 0 0
357.3832911392404 482.29468354430395 -1 0 0
348.57316455696196 484.4212658227849 -1 0 0
332.77569620253155 479.5605063291141 -1 0 0
338.8516455696202 479.5605063291141 -1 0 0
340.97822784810114 468.927594936709 -1 0 0
391.40860759493665 491.10481012658244 -1 0 0
405.9908860759492 485.02886075949385 -1 0 0
548.7756962025315 499.9149367088609 -1 0 0
388.06683544303786 510.8516455696204 -1 0 0
484.06683544303786 534.547848101266 -1 0 0
377.4339240506328 466.801012658228 -1 0 0
386.5478481012657 468.927594936709 -1 0 0
391.7124050632911 467.7124050632913 -1 0 0
365.28202531645553 447.9655696202533 -1 0 0
376.8263291139239 449.48455696202547 -1 0 0
397.1807594936708 449.48455696202547 -1 0 0
337.6364556962024 443.4086075949368 -1 0 0
346.1427848101265 451.6111392405065 -1 0 0
352.52253164556953 450.0921518987343 -1 0 0
357.6870886075948 447.35797468354446 -1 0 0
349.7883544303796 467.10481012658244 -1 0 0
354.3453164556961 463.45924050632925 -1 0 0
360.11746835443034 466.49721518987354 -1 0 0
417.5351898734176 466.801012658228 -1 0 0
522.3453164556961 500.82632911392415 -1 0 0
538.1427848101265 499.6111392405065 -1 0 0
542.0921518987341 491.7124050632913 -1 0 0
549.079493670886 482.29468354430395 -1 0 0
440.3199999999999 530.5984810126583 -1 0 0
423.91493670886064 527.2567088607597 -1 0 0
402.0415189873417 505.68708860759506 -1 0 0
407.20607594936695 492.927594936709 -1 0 0
412.06683544303786 476.52253164556976 -1 0 0
397.7883544303796 476.52253164556976 -1 0 0
405.3832911392404 472.2693670886078 -1 0 0
410.24405063291124 471.05417721519 -1 0 0
412.97822784810114 468.0162025316457 -1 0 0
379.5605063291139 476.21873417721537 -1 0 0
337.332658227848 522.6997468354432 -1 0 0
361.332658227848 522.0921518987343 -1 0 0
523.5605063291139 488.674430379747 -1 0 0
570.3453164556962 485.33265822784824 -1 0 0
495.0035443037974 478.3453164556963 -1 0 0
488.0162025316455 474.39594936708875 -1 0 0
422.69974683544297 499.30734177215203 -1 0 0
422.69974683544297 471.9655696202533 -1 0 0
431.81367088607584 470.1427848101268 -1 0 0
796.9782278481014 503.8643037974683 -1 0 0
833.4339240506331 502.04151898734176 -1 0 0
847.4086075949369 502.64911392405065 -1 0 0
861.3832911392407 504.16810126582277 -1 0 0
845.5858227848103 488.3706329113924 -1 0 0
861.9908860759496 487.4592405063291 -1 0 0
817.6364556962028 519.6617721518987 -1 0 0
810.3453164556963 508.1174683544304 -1 0 0
780.5731645569622 528.1681012658228 -1 0 0
751.7124050632914 518.7503797468355 -1 0 0
745.6364556962028 499.6111392405063 -1 0 0
748.674430379747 490.4972151898734 -1 0 0
734.6997468354432 490.4972151898734 -1 0 0
706.4465822784813 505.9908860759494 -1 0 0
711.0035443037975 497.4845569620253 -1 0 0
714.6491139240508 490.4972151898734 -1 0 0
660.5731645569622 485.0288607594937 -1 0 0
640.5225316455698 495.35797468354434 -1 0 0
621.3832911392407 484.4212658227848 -1 0 0
632.927594936709 485.0288607594937 -1 0 0
649.0288607594938 484.1174683544304 -1 0 0
644.1681012658229 477.73772151898737 -1 0 0
739.5605063291141 551.8643037974683 -1 0 0
752.0162025316457 540.6237974683545 -1 0 0
817.9402531645571 542.7503797468355 -1 0 0
841.0288607594939 542.7503797468355 -1 0 0
821.2820253164558 530.9022784810127 -1 0 0
843.4592405063293 522.3959493670886 -1 0 0
862.5984810126585 528.4718987341772 -1 0 0
780.2693670886077 508.1174683544304 -1 0 0
769.3326582278484 503.8643037974683 -1 0 0
776.0162025316457 475.91493670886075 -1 0 0
757.78835443038 485.0288607594937 -1 0 0
739.8643037974684 478.64911392405065 -1 0 0
743.5098734177217 481.9908860759494 -1 0 0
747.7630379746837 486.85164556962025 -1 0 0
730.7503797468357 522.3959493670886 -1 0 0
695.2060759493672 527.2567088607594 -1 0 0
692.7756962025319 516.6237974683545 -1 0 0
680.3200000000002 506.9022784810126 -1 0 0
727.4086075949369 533.0288607594937 -1 0 0
726.193417721519 513.2820253164557 -1 0 0
819.4592405063293 492.6237974683545 -1 0 0
687.6111392405064 479.56050632911393 -1 0 0
675.1554430379748 481.68708860759494 -1 0 0
655.4086075949369 474.6997468354431 -1 0 0
714.0415189873419 476.8263291139241 -1 0 0
729.8389873417723 479.56050632911393 -1 0 0
724.0668354430381 486.2440506329114 -1 0 0
729.5351898734178 484.4212658227848 -1 0 0
824.3200000000002 481.0794936708861 -1 0 0
797.8896202531648 478.64911392405065 -1 0 0
862.9022784810128 475.91493670886075 -1 0 0
782.6997468354432 495.6617721518988 -1 0 0
666.6491139240508 497.4845569620253 -1 0 0
697.9402531645571 490.4972151898734 -1 0 0
638.0921518987343 471.35797468354434 -1 0 0
627.7630379746837 468.01620253164555 -1 0 0
621.6870886075951 475.3073417721519 -1 0 0
629.8896202531647 475.6111392405063 -1 0 0
831.914936708861 468.32 -1 0 0
837.0794936708862 469.5351898734177 -1 0 0
837.3832911392407 482.29468354430384 -1 0 0
139.66177215189876 548.066835443038 -1 0 0
377.8389873417722 566.2946835443039 -1 0 0
157.28202531645576 489.5858227848103 -1 0 0
165.48455696202538 487.45924050632925 -1 0 0
180.37063291139245 510.8516455696204 -1 0 0
202.85164556962036 499.6111392405065 -1 0 0
227.7630379746836 496.2693670886077 -1 0 0
255.71240506329124 472.87696202531663 -1 0 0
236.87696202531654 506.5984810126584 -1 0 0
137.23139240506336 491.10481012658244 -1 0 0
139.05417721518995 476.2187341772153 -1 0 0
116.26936708860765 469.8389873417723 -1 0 0
123.560506329114 467.7124050632912 -1 0 0
101.687088607595 469.53518987341783 -1 0 0
86.80101265822792 465.5858227848103 -1 0 0
77.07949367088614 466.801012658228 -1 0 0
61.282025316455766 468.6237974683546 -1 0 0
55.81367088607602 485.6364556962027 -1 0 0
84.37063291139246 509.33265822784824 -1 0 0
70.6997468354431 512.9782278481014 -1 0 0
58.24405063291146 506.9022784810128 -1 0 0
78.29468354430387 501.1301265822786 -1 0 0
100.16810126582284 488.37063291139253 -1 0 0
129.94025316455705 483.20607594936723 -1 0 0
119.91493670886085 493.83898734177234 -1 0 0
181.28202531645576 473.48455696202547 -1 0 0
180.97822784810134 465.5858227848103 -1 0 0
186.14278481012664 461.6364556962027 -1 0 0
210.4465822784811 467.4086075949368 -1 0 0
216.82632911392412 464.674430379747 -1 0 0
193.433924050633 472.87696202531663 -1 0 0
226.24405063291147 484.7250632911394 -1 0 0
264.21873417721525 467.7124050632912 -1 0 0
281.8389873417723 467.4086075949368 -1 0 0
291.56050632911405 467.7124050632912 -1 0 0
288.82632911392415 477.1301265822786 -1 0 0
214.3959493670887 477.1301265822786 -1 0 0
178.5478481012659 489.5858227848103 -1 0 0
153.6364556962026 505.99088607594956 -1 0 0
134.19341772151904 508.7250632911394 -1 0 0
148.16810126582286 514.4972151898735 -1 0 0
125.99088607594942 507.20607594936723 -1 0 0
87.71240506329121 495.9655696202533 -1 0 0
143.00354430379753 468.6237974683546 -1 0 0
198.90227848101273 464.37063291139253 -1 0 0
239.00354430379753 468.927594936709 -1 0 0
253.28202531645576 462.547848101266 -1 0 0
228.3706329113925 476.82632911392415 -1 0 0
186.75037974683548 489.5858227848103 -1 0 0
153.33265822784816 475.6111392405065 -1 0 0
238.6997468354431 488.37063291139253 -1 0 0
58.85164556962023 568.7250632911393 -1 0 0
12.67443037974681 538.9529113924051 -1 0 0
47.30734177215189 518.2946835443039 -1 0 0
19.965569620253156 486.09215189873424 -1 0 0
10.851645569620231 461.1807594936709 -1 0 0
577.1301265822786 394.34531645569626 -1 0 0
216.21873417721523 431.40860759493677 -1 0 0
254.49721518987346 443.560506329114 -1 0 0
257.2313924050634 444.92759493670894 -1 0 0
305.5351898734178 445.2313924050634 -1 0 0
311.61113924050636 444.3200000000001 -1 0 0
320.4212658227849 446.44658227848106 -1 0 0
321.63645569620263 447.3579746835444 -1 0 0
268.7756962025317 444.92759493670894 -1 0 0
281.53518987341783 446.44658227848106 -1 0 0
285.18075949367096 443.1048101265823 -1 0 0
238.3959493670887 440.97822784810137 -1 0 0
220.4718987341773 435.813670886076 -1 0 0
182.19341772151907 433.99088607594945 -1 0 0
273.0288607594938 498.6997468354431 -1 0 0
900.1681012658228 509.1807594936711 -1 0 0
884.3706329113925 483.05417721519 -1 0 0
872.826329113924 478.19341772151915 -1 0 0
985.2313924050634 477.5858227848103 -1 0 0
1117.687088607595 484.87696202531663 -1 0 0
1006.4972151898736 490.9529113924052 -1 0 0
966.3959493670886 482.4465822784812 -1 0 0
960.32 486.0921518987343 -1 0 0
948.7756962025317 491.5605063291141 -1 0 0
931.7630379746836 491.5605063291141 -1 0 0
915.3579746835443 486.69974683544325 -1 0 0
897.7377215189874 481.8389873417723 -1 0 0
942.6997468354431 517.6870886075951 -1 0 0
944.5225316455698 538.9529113924052 -1 0 0
1010.1427848101266 515.2567088607597 -1 0 0
970.6491139240507 510.39594936708875 -1 0 0
979.7630379746836 497.6364556962027 -1 0 0
622.4972151898735 547.4592405063293 -1 0 0
585.433924050633 541.9908860759496 -1 0 0
995.560506329114 452.06683544303814 -1 0 0
1003.4592405063293 443.5605063291141 -1 0 0
1019.2567088607595 544.4212658227849 -1 0 0
581.7883544303797 475.7630379746837 -1 0 0
581.180759493671 466.04151898734193 -1 0 0
575.1048101265823 467.2567088607597 -1 0 0
569.0288607594937 470.294683544304 -1 0 0
556.2693670886077 471.5098734177217 -1 0 0
562.3453164556962 469.0794936708862 -1 0 0
528.9275949367089 469.0794936708862 -1 0 0
521.6364556962026 464.8263291139242 -1 0 0
587.8643037974684 506.1427848101268 -1 0 0
579.9655696202533 509.1807594936711 -1 0 0
572.6744303797469 499.45924050632925 -1 0 0
595.7630379746836 499.45924050632925 -1 0 0
528.32 535.914936708861 -1 0 0
610.3453164556962 488.52253164556976 -1 0 0
595.1554430379748 486.69974683544325 -1 0 0
232.8263291139241 555.0541772151898 -1 0 0
178.1427848101266 578.1427848101265 -1 0 0
401.73772151898737 799.3073417721519 -1 0 0
429.78610729154406 451.1187433970895 -1 0 0
443.5827366144761 451.9465411564654 -1 0 0
446.34206247906246 448.35941753250313 -1 0 0
455.7237704186563 449.18721529187906 -1 0 0
466.48514129054325 451.67060857000683 -1 0 0
466.20920870408463 456.3614625398037 -1 0 0
470.6241300874228 450.5668782241723 -1 0 0
405.50403968318375 451.1187433970895 -1 0 0
418.7488038331985 449.18721529187906 -1 0 0
412.4023543446498 450.5668782241723 -1 0 0
317.2056120164189 494.44015947109597 -1 0 0
310.03136476849426 479.8157323887881 -1 0 0
500.424849424956 509.89238431277994 -1 0 0
533.8126923864514 522.03341811696 -1 0 0
449.92918610302485 562.3195757399216 -1 0 0
943.712405063291 600.0162025316456 -1 0 0
454.97774715590447 484.45851946803407 -1 0 0
459.9096490946963 475.8276910751483 -1 0 0
460.7316327511616 470.0738054798912 -1 0 0
469.77345297228 472.5397564492871 -1 0 0
467.71849383111675 477.47165838807894 -1 0 0
471.00642845697797 478.29364204454424 -1 0 0
473.4723794263739 468.0188463387279 -1 0 0
477.5822977087004 466.37487902579727 -1 0 0
480.459240506329 470.0738054798912 -1 0 0
485.80213427335354 465.14190354109934 -1 0 0
497.7208972921006 468.42983816696056 -1 0 0
497.3099054638679 462.26496074347074 -1 0 0
505.94073385675364 460.21000160230744 -1 0 0
504.7077583720557 467.1968626822626 -1 0 0
510.46164396731285 467.1968626822626 -1 0 0
516.21552956257 468.42983816696056 -1 0 0
513.3385867649414 463.08694439993604 -1 0 0
510.0506521390802 461.44297708700543 -1 0 0
515.3935459061047 461.03198525877275 -1 0 0
379.3552507610959 494.3223233456178 -1 0 0
529.367268066015 474.1837237622177 -1 0 0
516.6265213908026 479.93760935747486 -1 0 0
512.5166031084761 477.0606665598463 -1 0 0
505.11875020028833 483.22554398333614 -1 0 0
500.5978400897292 485.69149495273206 -1 0 0
491.96701169684343 481.17058484217284 -1 0 0
461.96460823585954 495.1443070020831 -1 0 0
461.96460823585954 486.92447043743 -1 0 0
420.86542541259405 486.92447043743 -1 0 0
538.7625316455697 470.45265822784813 -1 0 0
538.7625316455697 464.2308860759494 -1 0 0
552.7615189873419 471.23037974683547 -1 0 0
548.8729113924053 469.6749367088608 -1 0 0
548.0951898734179 462.6754430379747 -1 0 0
552.7615189873419 461.12 -1 0 0
560.5387341772154 462.6754430379747 -1 0 0
569.8713924050634 462.6754430379747 -1 0 0
556.6501265822786 483.67392405063293 -1 0 0
562.09417721519 483.67392405063293 -1 0 0
591.4750255536627 473.2876320272572 -1 0 0
590.8208517887564 467.4000681431005 -1 0 0
587.5499829642248 462.1666780238501 -1 0 0
596.0542419080068 464.78337308347534 -1 0 0
597.3625894378195 470.0167632027257 -1 0 0
603.2501533219761 467.4000681431005 -1 0 0
605.212674616695 474.5959795570698 -1 0 0
609.7918909710392 470.67093696763203 -1 0 0
617.6419761499147 464.78337308347534 -1 0 0
616.3336286201021 471.3251107325383 -1 0 0
614.3711073253833 468.70841567291313 -1 0 0
632.6879727427597 467.4000681431005 -1 0 0
650.35066439523 468.70841567291313 -1 0 0
649.6964906303236 471.9792844974446 -1 0 0
657.5465758091993 466.74589437819424 -1 0 0
665.3966609880749 469.3625894378194 -1 0 0
671.9383986371379 466.0917206132879 -1 0 0
669.975877342419 476.5585008517887 -1 0 0
678.4801362862011 469.3625894378194 -1 0 0
686.3302214650766 468.0542419080068 -1 0 0
691.5636115843271 466.0917206132879 -1 0 0
696.7970017035774 466.74589437819424 -1 0 0
703.3387393526406 466.0917206132879 -1 0 0
703.3387393526406 470.67093696763203 -1 0 0
711.1888245315162 469.3625894378194 -1 0 0
715.7680408858603 465.4375468483816 -1 0 0
721.6556047700169 468.70841567291313 -1 0 0
724.2722998296422 473.9418057921635 -1 0 0
728.19734241908 471.9792844974446 -1 0 0
727.5431686541737 468.0542419080068 -1 0 0
735.3932538330494 470.67093696763203 -1 0 0
739.3182964224872 470.0167632027257 -1 0 0
749.1309028960817 473.2876320272572 -1 0 0
756.326814310051 475.2501533219761 -1 0 0
762.2143781942077 474.5959795570698 -1 0 0
767.4477683134583 473.2876320272572 -1 0 0
784.0201703577512 475.9043270868826 -1 0 0
807.5704258943781 471.97928449744467 -1 0 0
815.4205110732539 470.6709369676321 -1 0 0
808.8787734241907 485.71693356047706 -1 0 0
802.9912095400341 498.1462350936968 -1 0 0
812.8038160136285 498.80040885860313 -1 0 0
800.3745144804088 489.64197614991485 -1 0 0
797.7578194207837 464.78337308347534 -1 0 0
803.6453833049403 462.1666780238501 -1 0 0
823.2705962521295 463.4750255536627 -1 0 0
805.6079045996593 456.27911413969343 -1 0 0
797.7578194207837 454.9707666098808 -1 0 0
