501.58455284552855 438.1170731707318 -1 0 0
574.2495934959352 451.1317073170733 -1 0 0
422.41219512195136 468.4845528455285 -1 0 0
303.1113821138212 432.6943089430896 -1 0 0
469.0479674796749 353.5219512195123 -1 0 0
274.9130081300813 640.928455284553 -1 0 0
543.8821138211383 373.0439024390245 -1 0 0
666.436585365854 417.51056910569116 -1 0 0
641.4918699186994 394.73495934959357 -1 0 0
208.75528455284558 535.7268292682928 -1 0 0
100.30000000000007 497.76747967479685 -1 0 0
14.620325203252094 562.8406504065042 -1 0 0
195.74065040650413 458.72357723577244 -1 0 0
154.5276422764228 405.5804878048781 -1 0 0
156.69674796747978 358.9447154471546 -1 0 0
43.903252032520356 455.4699186991871 -1 0 0
18.95853658536589 389.31219512195133 -1 0 0
4.859349593495949 253.74308943089437 -1 0 0
90.53902439024398 314.4780487804879 -1 0 0
60.171544715447226 265.6731707317074 -1 0 0
88.36991869918705 219.03739837398382 -1 0 0
162.119512195122 255.9121951219513 -1 0 0
181.6414634146342 214.69918699186996 -1 0 0
102.46910569105694 165.89430894308953 -1 0 0
98.13089430894314 130.10406504065043 -1 0 0
15.704878048780529 160.47154471544718 -1 0 0
2.6902439024390787 123.5967479674797 -1 0 0
61.25609756097566 85.63739837398384 -1 0 0
40.649593495934994 63.94634146341468 -1 0 0
46.072357723577284 32.494308943089436 -1 0 0
43.903252032520356 8.634146341463406 -1 0 0
106.8073170731708 9.718699186991898 -1 0 0
113.31463414634152 48.76260162601625 -1 0 0
178.38780487804883 43.339837398374016 -1 0 0
175.13414634146346 10.80325203252039 -1 0 0
137.1747967479675 73.70731707317077 -1 0 0
144.7666666666667 109.49756097560976 -1 0 0
202.24796747967486 120.34308943089434 -1 0 0
214.17804878048793 102.99024390243905 -1 0 0
218.51626016260167 78.04552845528463 -1 0 0
242.3764227642277 42.255284552845524 -1 0 0
308.53414634146344 32.494308943089436 -1 0 0
265.15203252032524 97.56747967479681 -1 0 0
239.12276422764234 156.13333333333338 -1 0 0
262.98292682926837 200.60000000000008 -1 0 0
298.77317073170735 253.74308943089437 -1 0 0
343.23983739837405 255.9121951219513 -1 0 0
397.46747967479683 204.93821138211388 -1 0 0
341.0707317073172 179.9934959349594 -1 0 0
302.0268292682927 153.96422764227646 -1 0 0
318.29512195121964 112.75121951219514 -1 0 0
421.32764227642286 255.9121951219513 -1 0 0
435.4268292682928 309.0552845528456 -1 0 0
470.1325203252033 222.29105691056918 -1 0 0
408.8552845528456 166.4365853658536 -1 0 0
459.28699186991884 182.1626016260162 -1 0 0
532.4943089430897 176.73983739837394 -1 0 0
565.0308943089433 203.31138211382108 -1 0 0
375.77642276422773 127.3926829268292 -1 0 0
381.19918699187 95.39837398373976 -1 0 0
408.8552845528456 85.09512195121943 -1 0 0
453.86422764227655 103.53252032520317 -1 0 0
511.3455284552847 139.86504065040646 -1 0 0
515.1414634146342 111.66666666666657 -1 0 0
467.9634146341465 81.84146341463406 -1 0 0
480.4357723577237 58.52357723577228 -1 0 0
336.7325203252033 71.5382113821139 -1 0 0
361.67723577235785 24.90243902439033 -1 0 0
297.688617886179 4.295934959349665 -1 0 0
324.8024390243904 4.5670731707315895 -1 0 0
382.2837398373985 4.5670731707315895 -1 0 0
450.61056910569124 34.934552845528344 -1 0 0
482.6048780487807 3.4825203252031542 -1 0 0
506.4650406504067 34.934552845528344 -1 0 0
392.0447154471546 66.92886178861784 -1 0 0
527.0715447154473 62.59065040650398 -1 0 0
543.8821138211383 100.54999999999993 -1 0 0
575.8764227642278 116.2760162601625 -1 0 0
578.0455284552847 70.72479674796739 -1 0 0
575.3341463414636 38.73048780487795 -1 0 0
585.0951219512197 152.60853658536578 -1 0 0
728.2560975609758 655.0276422764229 -1 0 0
885.5162601626018 638.759349593496 -1 0 0
899.6154471544717 529.2195121951221 -1 0 0
985.2951219512197 655.0276422764229 -1 0 0
992.886991869919 597.5463414634147 -1 0 0
980.956910569106 467.4000000000001 -1 0 0
974.4495934959352 406.66504065040664 -1 0 0
987.4642276422767 360.029268292683 -1 0 0
896.3617886178863 314.4780487804879 -1 0 0
875.7552845528458 319.90081300813017 -1 0 0
854.0642276422766 336.169105691057 -1 0 0
833.457723577236 387.1430894308944 -1 0 0
841.0495934959351 428.3560975609757 -1 0 0
747.778048780488 400.15772357723586 -1 0 0
631.7308943089431 312.30894308943095 -1 0 0
604.6170731707318 275.4341463414635 -1 0 0
643.6609756097562 234.2211382113822 -1 0 0
720.6642276422767 224.46016260162605 -1 0 0
659.9292682926832 168.06341463414637 -1 0 0
617.6317073170733 143.118699186992 -1 0 0
677.2821138211384 142.0341463414635 -1 0 0
670.7747967479677 109.49756097560976 -1 0 0
618.7162601626017 68.28455284552854 -1 0 0
641.4918699186994 57.439024390243965 -1 0 0
632.8154471544717 12.972357723577261 -1 0 0
687.0430894308945 4.295934959349665 -1 0 0
709.818699186992 18.395121951219608 -1 0 0
690.2967479674799 54.185365853658595 -1 0 0
729.3406504065042 58.52357723577245 -1 0 0
752.1162601626017 47.67804878048788 -1 0 0
726.0869918699188 97.56747967479681 -1 0 0
752.1162601626017 126.85040650406505 -1 0 0
752.1162601626017 175.65528455284561 -1 0 0
693.5504065040652 322.0699186991871 -1 0 0
986.3796747967483 273.2650406504066 -1 0 0
992.886991869919 214.69918699186996 -1 0 0
865.9943089430897 249.40487804878057 -1 0 0
815.0203252032522 190.83902439024394 -1 0 0
879.0089430894311 209.27642276422773 -1 0 0
815.0203252032522 153.96422764227646 -1 0 0
885.5162601626018 156.13333333333338 -1 0 0
936.4902439024393 177.82439024390249 -1 0 0
971.1959349593499 160.47154471544718 -1 0 0
998.3097560975611 144.20325203252037 -1 0 0
961.4349593495938 97.56747967479681 -1 0 0
935.4056910569109 129.01951219512205 -1 0 0
907.207317073171 116.00487804878048 -1 0 0
957.0967479674798 52.01626016260172 -1 0 0
995.0560975609758 61.777235772357805 -1 0 0
924.5601626016262 52.01626016260172 -1 0 0
914.7991869918701 12.972357723577261 -1 0 0
883.3471544715449 8.634146341463406 -1 0 0
832.3731707317074 4.295934959349665 -1 0 0
795.4983739837401 10.80325203252039 -1 0 0
785.737398373984 72.62276422764228 -1 0 0
797.667479674797 91.06016260162608 -1 0 0
819.358536585366 113.83577235772361 -1 0 0
850.8105691056912 126.85040650406505 -1 0 0
860.5715447154473 106.2439024390244 -1 0 0
876.8398373983741 59.60813008130083 -1 0 0
839.9650406504068 44.42439024390251 -1 0 0
834.5422764227644 28.156097560975695 -1 0 0
