128.2453558525532 573.9981449910341 -1 0 0
148.46177356523881 565.9115779059598 -1 0 0
177.77557924863294 544.68433930764 -1 0 0
218.20841467400413 551.76008550708 -1 0 0
223.26251910217562 522.4462798236858 -1 0 0
245.5005785861297 519.4138171667829 -1 0 0
272.79274249825534 524.4679215949544 -1 0 0
294.01998109657524 539.6302348794686 -1 0 0
276.83602604079243 576.0197867623027 -1 0 0
269.7602798413525 591.1821000468169 -1 0 0
205.0677431607585 580.0630703048398 -1 0 0
146.4401317939702 611.3985177595025 -1 0 0
160.59162419285013 618.4742639589424 -1 0 0
123.1912514243818 628.5824728152853 -1 0 0
117.12632611057612 613.420159530771 -1 0 0
111.06140079677046 601.2903089031597 -1 0 0
92.8666248553534 564.9007570203256 -1 0 0
117.12632611057612 551.76008550708 -1 0 0
145.42931090833596 497.1757576828288 -1 0 0
552.9252765723404 180.34788159923613 -1 0 0
562.7676881182382 171.599071336216 -1 0 0
576.437704154207 179.25428031635863 -1 0 0
599.4033310946351 173.78627390197104 -1 0 0
632.7581702223993 190.7370937865726 -1 0 0
644.2409836926134 197.2987014838377 -1 0 0
669.3938131987962 231.74714189447957 -1 0 0
611.9797458477266 271.6635887195091 -1 0 0
591.2013214730537 250.33836370339742 -1 0 0
519.0236368031374 181.4414828821137 -1 0 0
503.71321884285203 167.77146684614468 -1 0 0
533.240453480545 284.24000347260056 -1 0 0
549.6444727237078 256.35317075922376 -1 0 0
504.8068201257296 237.76194895030596 -1 0 0
505.3536207671683 276.58479449245795 -1 0 0
498.2452124284644 342.7476721065479 -1 0 0
464.89037330070005 341.65407082367034 -1 0 0
452.86075918904737 315.9544406760486 -1 0 0
435.36313866300696 333.9988618435277 -1 0 0
426.61432839998685 303.9248265643959 -1 0 0
446.845952133221 267.83598422943777 -1 0 0
608.6989419990939 143.7122386228392 -1 0 0
640.413379202542 155.1950520930532 -1 0 0
630.5709676566444 164.4906629975121 -1 0 0
618.5413535449916 179.25428031635863 -1 0 0
659.0046010114598 196.2051002009602 -1 0 0
691.8126394977855 229.55993932872454 -1 0 0
715.3250670796522 260.1807752492951 -1 0 0
728.9950831156211 261.8211771736114 -1 0 0
715.8718677210909 218.62392649994936 -1 0 0
728.9950831156211 210.96871751980675 -1 0 0
713.1378645138971 212.06231880268422 -1 0 0
722.9802760597947 201.12630597390907 -1 0 0
728.4482824741824 200.5795053324703 -1 0 0
727.9014818327437 148.63344439578805 -1 0 0
733.3694882471311 137.69743156701287 -1 0 0
730.0886843984987 119.6530103995338 -1 0 0
690.719038214908 121.84021296528883 -1 0 0
684.1574305176428 133.86982707694153 -1 0 0
684.1574305176428 133.86982707694153 -1 0 0
683.610629876204 116.91900719233999 -1 0 0
673.7682183303065 121.84021296528883 -1 0 0
441.37794571883336 178.1606790334811 -1 0 0
432.08233481437446 210.96871751980675 -1 0 0
387.24468221639614 215.88992329275558 -1 0 0
404.74230274243644 207.14111302973538 -1 0 0
411.30391043970155 237.21514830886719 -1 0 0
471.9987816394039 115.82540590946246 -1 0 0
493.87080729695435 122.3870136067276 -1 0 0
511.9152284644335 120.19981104097258 -1 0 0
539.2552605363715 114.18500398514617 -1 0 0
556.7528810624118 118.0126084752175 -1 0 0
582.9993118514722 114.18500398514617 -1 0 0
594.4821253216861 115.82540590946246 -1 0 0
608.6989419990939 107.0765956464423 -1 0 0
661.7386042186537 137.69743156701287 -1 0 0
660.6450029357761 152.46104888585938 -1 0 0
749.7735074902939 227.3727367629695 -1 0 0
768.9115299406508 268.92958551231527 -1 0 0
693.4530414221017 394.69373304323005 -1 0 0
643.6941830511746 346.02847595518045 -1 0 0
626.743363166573 353.1368842938843 -1 0 0
592.2949227559312 345.4816753137417 -1 0 0
567.6888938911869 341.65407082367034 -1 0 0
549.6444727237078 338.3732669750378 -1 0 0
580.2653086442784 289.7080098869882 -1 0 0
655.1769965213884 301.19082335720213 -1 0 0
630.5709676566444 276.58479449245795 -1 0 0
784.7687485423747 343.8412733894254 -1 0 0
796.7983626540274 359.69849199114947 -1 0 0
776.5667389207932 360.79209327402697 -1 0 0
785.3155491838133 381.02371700726104 -1 0 0
773.2859350721607 399.61493881617895 -1 0 0
762.8967228848243 381.02371700726104 -1 0 0
810.4683786899963 181.98828352355244 -1 0 0
797.8919639369047 175.4266758262873 -1 0 0
813.2023818971902 199.48590404959273 -1 0 0
806.0939735584864 195.11149891808267 -1 0 0
811.561979972874 218.62392649994936 -1 0 0
824.685195367404 121.84021296528883 -1 0 0
831.2468030646694 131.13582386974778 -1 0 0
810.4683786899963 140.97823541564546 -1 0 0
809.3747774071189 156.28865337593072 -1 0 0
789.6899543153236 155.1950520930532 -1 0 0
769.4583305820893 148.63344439578805 -1 0 0
785.3155491838133 137.15063092557412 -1 0 0
788.0495523910073 125.66781745536015 -1 0 0
797.8919639369047 108.17019692931981 -1 0 0
855.3060312879746 179.25428031635863 -1 0 0
847.1040216663934 155.1950520930532 -1 0 0
823.5915940845266 152.46104888585938 -1 0 0
819.7639895944553 157.929055300247 -1 0 0
840.542413969128 168.8650681290222 -1 0 0
841.6360152520058 188.54989122081756 -1 0 0
830.1532017817916 191.83069506945012 -1 0 0
864.6016421924336 216.4367239341943 -1 0 0
837.8084107619344 212.06231880268422 -1 0 0
838.9020120448117 226.279135480092 -1 0 0
846.5572210249545 240.49595215749974 -1 0 0
850.9316261564647 229.01313868728576 -1 0 0
858.0400344951686 235.5747463845509 -1 0 0
791.3303562396397 206.59431238829663 -1 0 0
777.1135395622321 206.0475117468579 -1 0 0
785.3155491838133 220.26432842426564 -1 0 0
768.364729299212 219.71752778282686 -1 0 0
796.2515620125886 248.69796177908114 -1 0 0
783.6751472594971 246.5107592133261 -1 0 0
792.970758163956 237.21514830886719 -1 0 0
798.9855652197825 235.02794574311216 -1 0 0
817.5767870287002 246.5107592133261 -1 0 0
816.4831857458228 237.76194895030596 -1 0 0
826.8723979331592 248.1511611376424 -1 0 0
826.8723979331592 261.2743765321726 -1 0 0
847.6508223078322 265.10198102224393 -1 0 0
862.9612402681173 276.58479449245795 -1 0 0
848.7444235907096 289.7080098869882 -1 0 0
824.685195367404 279.3187976996517 -1 0 0
796.2515620125886 267.83598422943777 -1 0 0
802.8131697098539 284.24000347260056 -1 0 0
806.6407741999249 295.7228169428145 -1 0 0
837.8084107619344 302.28442464007964 -1 0 0
857.4932338537297 303.37802592295714 -1 0 0
848.7444235907096 321.4224470904362 -1 0 0
820.3107902358942 327.9840547877014 -1 0 0
777.6603402036709 308.29923169590603 -1 0 0
786.9559511081295 312.1268361859773 -1 0 0
788.0495523910073 329.0776560705789 -1 0 0
756.3351151875593 330.71805799489516 -1 0 0
835.6212081961793 354.23048557676185 -1 0 0
852.572028080781 353.1368842938843 -1 0 0
860.2272370609234 376.1025112343122 -1 0 0
833.980806271863 396.33413496754633 -1 0 0
846.5572210249545 390.8661285531587 -1 0 0
857.4932338537297 408.9105497206378 -1 0 0
848.7444235907096 422.5805657566068 -1 0 0
848.7444235907096 432.4229773025045 -1 0 0
812.6555812557514 443.35899013127977 -1 0 0
816.4831857458228 432.4229773025045 -1 0 0
787.5027517495685 425.31456896380064 -1 0 0
780.9411440523035 437.3441830754533 -1 0 0
747.0395042831003 415.47215741790296 -1 0 0
753.6011119803653 441.7185882069635 -1 0 0
771.0987325064056 423.1273663980456 -1 0 0
812.6555812557514 386.49172342164866 -1 0 0
766.1775267334568 343.8412733894254 -1 0 0
359.3578495030194 261.2743765321726 -1 0 0
387.7914828578349 288.6144086041106 -1 0 0
392.71268863078376 354.23048557676185 -1 0 0
405.835904025314 353.1368842938843 -1 0 0
392.16588798934504 376.1025112343122 -1 0 0
394.89989119653876 396.33413496754633 -1 0 0
410.75710979826283 409.4573503620766 -1 0 0
421.69312262703806 424.76776832236186 -1 0 0
383.41707772632486 427.50177152955564 -1 0 0
380.683074519131 401.8021413819339 -1 0 0
358.8110488615806 400.16173945761767 -1 0 0
357.1706469372644 420.9401638322906 -1 0 0
330.92421614820387 367.3537009712921 -1 0 0
422.78672390991557 261.2743765321726 -1 0 0
447.39275277465975 241.0427527989385 -1 0 0
463.79677201782255 236.6683476674284 -1 0 0
442.4715470017109 129.49542194543147 -1 0 0
429.89513224861946 160.11625786600203 -1 0 0
116.62715751892226 70.7069256047772 -1 0 0
127.53667780174531 75.94349534053227 -1 0 0
110.08144534922845 76.81625696315811 -1 0 0
100.48106750034421 81.61644588760022 -1 0 0
87.38964316095657 75.94349534053227 -1 0 0
69.0616490858139 74.63435290659352 -1 0 0
73.86183801025601 87.72577724598113 -1 0 0
56.406605557739184 78.9981610197227 -1 0 0
51.17003582198412 95.58063184961372 -1 0 0
65.57060259531052 112.1631026795047 -1 0 0
76.48012287813354 109.10843700031427 -1 0 0
107.02677967003802 115.21776835869514 -1 0 0
114.44525346235767 112.1631026795047 -1 0 0
107.46316048135093 101.25358239668168 -1 0 0
99.60830587771837 95.14425103830078 -1 0 0
89.13516640620826 89.03491967991991 -1 0 0
40.69689635047403 90.7804429251716 -1 0 0
37.20584985997065 96.01701266092662 -1 0 0
29.787376067651003 99.94443996274293 -1 0 0
53.788320689861656 117.39967241525976 -1 0 0
65.1342217839976 124.81814620757942 -1 0 0
96.117259387215 120.4543380944502 -1 0 0
94.80811695327621 131.80023918858615 -1 0 0
83.89859667045322 146.63718677322547 -1 0 0
93.93535533065037 154.0556605655451 -1 0 0
79.97116936863692 146.20080596191252 -1 0 0
66.00698340662345 147.9463292071642 -1 0 0
56.842986369052106 141.4006170374704 -1 0 0
48.551750954106595 136.60042811302827 -1 0 0
37.64223067128357 118.2724340378856 -1 0 0
27.605472011086395 130.49109675464737 -1 0 0
29.35099525633808 147.5099483958513 -1 0 0
43.75156202966448 147.9463292071642 -1 0 0
55.097463123800416 160.164991923926 -1 0 0
65.57060259531052 156.23756462210974 -1 0 0
74.73459963288185 167.58346571624566 -1 0 0
53.788320689861656 171.94727382937486 -1 0 0
43.315181218351555 176.747462753817 -1 0 0
38.95137310522234 187.65698303664 -1 0 0
47.24260852016785 187.2206022253271 -1 0 0
29.35099525633808 183.29317492351083 -1 0 0
31.096518501589767 165.83794247099397 -1 0 0
37.20584985997065 163.21965760311645 -1 0 0
105.28125642478633 171.94727382937486 -1 0 0
152.84676485789473 210.3487852249119 -1 0 0
182.95704083848628 219.51278226248323 -1 0 0
215.68560168695532 202.93031143259225 -1 0 0
228.77702602634295 202.05754980996642 -1 0 0
241.4320695544176 209.47602360228606 -1 0 0
257.5781595729958 215.14897414935402 -1 0 0
269.3604414784446 204.239453866531 -1 0 0
279.39720013864184 216.4581165832928 -1 0 0
297.2888134024716 201.18478818734056 -1 0 0
308.1983336852946 182.42041330088497 -1 0 0
312.56214179842385 164.5288000370552 -1 0 0
320.8533772133693 154.0556605655451 -1 0 0
323.9080428925597 134.4185240564637 -1 0 0
318.23509234549175 114.34500673606934 -1 0 0
299.9070982703491 75.50711452921936 -1 0 0
283.3246274404581 109.54481781162717 -1 0 0
299.47071745903617 118.2724340378856 -1 0 0
280.26996176126755 122.63624215101478 -1 0 0
263.25111012006374 137.0368089243412 -1 0 0
259.32368281824745 120.4543380944502 -1 0 0
252.34158983724066 115.65414917000808 -1 0 0
235.3227381960368 90.7804429251716 -1 0 0
224.84959872452666 99.94443996274293 -1 0 0
209.57627032857442 97.32615509486541 -1 0 0
218.74026736614576 84.6711115667907 -1 0 0
210.01265113988737 70.7069256047772 -1 0 0
201.7214157249419 80.74368426497438 -1 0 0
194.73932274393513 74.63435290659352 -1 0 0
194.73932274393513 74.63435290659352 -1 0 0
171.61113974435028 85.98025400072945 -1 0 0
148.48295674476552 83.79834994416485 -1 0 0
172.92028217828909 98.19891671749124 -1 0 0
167.2473316312211 102.99910564193337 -1 0 0
158.08333459364977 109.10843700031427 -1 0 0
155.90143053708516 96.01701266092662 -1 0 0
144.99191025426217 92.08958535911034 -1 0 0
138.0098172732554 92.08958535911034 -1 0 0
145.864671876888 67.65225992558678 -1 0 0
157.64695378233682 66.34311749164803 -1 0 0
179.02961353666996 69.39778317083847 -1 0 0
174.22942461222783 77.68901858578396 -1 0 0
152.84676485789473 75.50711452921936 -1 0 0
139.7553405185071 104.30824807587211 -1 0 0
148.04657593345257 115.65414917000808 -1 0 0
125.3547737451807 124.81814620757942 -1 0 0
130.59134348093576 118.2724340378856 -1 0 0
137.5734364619425 138.34595135827996 -1 0 0
145.864671876888 137.0368089243412 -1 0 0
154.5922881031464 137.0368089243412 -1 0 0
173.79304380091494 142.70975947140917 -1 0 0
190.81189544211887 133.5457624338378 -1 0 0
78.22564612338523 188.9661254705788 -1 0 0
68.18888746318805 185.47507898007544 -1 0 0
85.64411991570488 213.40345090410233 -1 0 0
87.82602397226948 228.67677930005462 -1 0 0
70.37079151975266 229.9859217339933 -1 0 0
55.53384393511334 226.93125605480293 -1 0 0
44.1879428409774 230.8586833566192 -1 0 0
72.55269557631726 241.76820363944222 -1 0 0
71.2435531423785 250.93220067701355 -1 0 0
83.46221585914029 249.62305824307478 -1 0 0
394.6017343252529 95.58063184961372 -1 0 0
371.90993213698107 112.1631026795047 -1 0 0
37.20584985997065 246.56839256388434 -1 0 0
33.7148033694673 292.82475856305393 -1 0 0
42.44241959572571 290.64285450648936 -1 0 0
55.53384393511334 269.69657556346914 -1 0 0
60.33403285955548 263.15086339377535 -1 0 0
109.2086837266026 155.8011838107968 -1 0 0
109.2086837266026 147.0735675845384 -1 0 0
107.02677967003802 127.87281188676984 -1 0 0
117.93629995286103 127.43643107545694 -1 0 0
79.97116936863692 75.50711452921936 -1 0 0
71.63938625703348 530.53284690876 -1 0 0
106.00729636859901 495.1541159115602 -1 0 0
96.90990839789052 478.98098174141177 -1 0 0
368.82072663351204 485.04590705521747 -1 0 0
367.8099057478776 469.88359377070327 -1 0 0
334.45281652194643 494.14329502592597 -1 0 0
337.4852791788493 461.797026685629 -1 0 0
315.2472196948951 464.8294893425318 -1 0 0
311.203936152358 457.75374314309187 -1 0 0
187.8837881049757 362.7365798934695 -1 0 0
208.10020581766136 370.8231469785438 -1 0 0
147.4509526796045 381.9421767205209 -1 0 0
165.64572862102162 457.75374314309187 -1 0 0
137.34274382326174 463.81866845689757 -1 0 0
218.20841467400413 440.56978808730906 -1 0 0
172.72147482046157 422.3750121458921 -1 0 0
475.96774051074567 430.4615792309663 -1 0 0
535.6061727631683 501.2190412253659 -1 0 0
413.2968456014204 504.25150388226876 -1 0 0
568.9632619890995 79.70673191587103 -1 0 0
321.3121450087008 58.47949331755116 -1 0 0
341.52856272138644 58.47949331755116 -1 0 0
58.49871474378786 584.1063538473769 -1 0 0
34.2390134885651 613.420159530771 -1 0 0
77.70431157083918 623.5283683871138 -1 0 0
19.076700204050894 189.88620845000762 -1 0 0
274.8143842695239 59.49031420318539 -1 0 0
288.96587666840384 41.29553826176837 -1 0 0
211.1326684745642 48.371284461208305 -1 0 0
196.98117607568426 53.425388889379775 -1 0 0
781.2356479722982 93.85822431475097 -1 0 0
782.2464688579327 76.67426925896818 -1 0 0
333.4419956363122 306.13061029794983 -1 0 0
333.4419956363122 306.13061029794983 -1 0 0
298.0632646391123 328.368669781904 -1 0 0
18.56352826190213 122.02692088773563 -1 0 0
7.1226228700466105 122.906990533263 -1 0 0
26.924189894411946 120.26678159668093 -1 0 0
62.12697571550587 62.18218499187597 -1 0 0
73.12784628459767 55.14162782765722 -1 0 0
84.12871685368953 52.061384068311476 -1 0 0
154.09425367311368 55.14162782765722 -1 0 0
168.61540282431486 55.581662650420874 -1 0 0
185.77676091209818 56.46173229594823 -1 0 0
239.02097446650274 58.66190640976657 -1 0 0
96.4496918910724 48.98114030896578 -1 0 0
95.12958742278138 58.221871587002916 -1 0 0
102.17014458700018 59.54197605529393 -1 0 0
116.25125891543775 56.02169747318453 -1 0 0
123.73185090242019 54.26155818212985 -1 0 0
119.33150267478344 62.62221981463967 -1 0 0
216.13916368279172 112.34615478693482 -1 0 0
230.66031283399292 120.70681641944462 -1 0 0
226.25996460635616 142.7085575576283 -1 0 0
203.81818864540884 135.66800039340953 -1 0 0
255.74229773152237 60.42204570082129 -1 0 0
138.6930348763851 52.061384068311476 -1 0 0
155.85439296416837 40.180443853692296 -1 0 0
137.37293040809405 10.698110728526128 -1 0 0
131.6524777121663 18.178702715508585 -1 0 0
130.33237324387528 25.659294702491042 -1 0 0
129.01226877558426 31.819782221182482 -1 0 0
172.57571622918795 208.27374614941573 -1 0 0
147.49373133165858 194.19263182097816 -1 0 0
95.12958742278138 169.55068174621243 -1 0 0
28.684329185466623 208.27374614941573 -1 0 0
18.56352826190213 234.67583551523617 -1 0 0
15.923319325320088 246.99681055261902 -1 0 0
16.803388970847447 258.87775076723824 -1 0 0
187.9769350259166 111.0260503186438 -1 0 0
255.74229773152237 117.18653783733522 -1 0 0
258.82254149086805 93.42465740809686 -1 0 0
260.14264595915915 85.94406542111437 -1 0 0
266.74316830061423 77.14336896584089 -1 0 0
255.74229773152237 36.6601652715829 -1 0 0
244.30139233966673 43.70072243580165 -1 0 0
330.1081827785832 45.900896549620036 -1 0 0
334.0684961834563 32.25981704394614 -1 0 0
349.02968015742124 29.6196081073641 -1 0 0
344.6293319297845 18.178702715508585 -1 0 0
331.4282872468743 15.098458956162887 -1 0 0
316.9071380956731 19.498807183799606 -1 0 0
302.8260237672355 21.258946474854326 -1 0 0
291.8251531981436 26.099329525254703 -1 0 0
284.3445612111612 28.739538461836784 -1 0 0
303.70609341276275 52.061384068311476 -1 0 0
53.76631408299604 49.421175131729434 -1 0 0
70.43251722121856 464.08098781990236 -1 0 0
57.04199063144788 464.08098781990236 -1 0 0
44.395382185553345 466.3127422515309 -1 0 0
14.638656430507417 481.9350232729299 -1 0 0
36.95620074679187 501.27689501370986 -1 0 0
13.894738286631265 527.314030049375 -1 0 0
97.21357040075986 437.299934640361 -1 0 0
127.71421429968196 422.4215717628381 -1 0 0
155.98310376697563 441.0195253597418 -1 0 0
162.67836706186094 421.677653618962 -1 0 0
40.67579146617263 334.6392307854525 -1 0 0
66.7129265018378 338.35882150483326 -1 0 0
31.004855595782704 359.1885295333654 -1 0 0
3.4798842723651875 364.39595654049845 -1 0 0
9.431229423374358 285.54063328962667 -1 0 0
59.27374506307633 284.7967151457505 -1 0 0
32.49269188353497 395.6405185832967 -1 0 0
16.12649271825972 432.092507633228 -1 0 0
13.894738286631265 406.79929074143894 -1 0 0
3.4798842723651875 391.9209278639159 -1 0 0
237.81409959335204 492.349877287196 -1 0 0
266.82690720452183 500.53297686983365 -1 0 0
197.64251982403997 478.95935069742535 -1 0 0
196.15468353628765 485.6546139923107 -1 0 0
216.2404734209437 493.0937954310722 -1 0 0
122.50678729254894 458.87356081276937 -1 0 0
123.99462358030124 471.5201692586639 -1 0 0
574.2858359310663 99.87436240889419 -1 0 0
559.3715210513659 99.87436240889419 -1 0 0
564.3429593445994 50.657123305882756 -1 0 0
572.297260613773 50.657123305882756 -1 0 0
585.22300017618 35.742808426182336 -1 0 0
591.6858699573835 6.908466325428181 -1 0 0
591.6858699573835 7.405610154751505 -1 0 0
580.2515618829465 13.868479935955047 -1 0 0
611.0744793009941 12.377048447984993 -1 0 0
611.0744793009941 12.377048447984993 -1 0 0
613.0630546182874 19.33706205851186 -1 0 0
645.8745473536284 33.75423310888892 -1 0 0
633.943095449868 25.302788010392035 -1 0 0
629.9659448152813 10.388473130691613 -1 0 0
648.3602665002452 70.54287647881667 -1 0 0
659.7945745746821 54.13713011114619 -1 0 0
632.9488077912214 47.67426032994265 -1 0 0
693.1032111393464 47.67426032994265 -1 0 0
642.8916843776883 42.7028220367092 -1 0 0
600.6344588852038 60.102856063026366 -1 0 0
616.543061423551 67.06286967355324 -1 0 0
623.0059312047545 88.93719816378051 -1 0 0
634.4402392791914 78.49717774799024 -1 0 0
592.6801576160302 87.94291050513384 -1 0 0
603.6173218611439 79.4914654066369 -1 0 0
586.7144316641501 66.06858201490654 -1 0 0
551.4172197821923 69.05144499084662 -1 0 0
694.0974987979931 96.89149943295408 -1 0 0
721.4404094107772 13.868479935955047 -1 0 0
699.5660809205499 34.748520767535645 -1 0 0
763.2004910739383 72.03430796678673 -1 0 0
781.5948127589022 64.57715052693649 -1 0 0
788.5548263694291 59.605712233703 -1 0 0
816.8920246408599 85.4571913585171 -1 0 0
832.3034833498838 81.97718455325365 -1 0 0
854.6749556694343 90.42862965175057 -1 0 0
888.480736063422 82.97147221190035 -1 0 0
865.1149760852246 135.6687181201752 -1 0 0
803.9662850784529 79.4914654066369 -1 0 0
791.0405455160459 71.53716413746335 -1 0 0
923.7779479453797 180.90880658859984 -1 0 0
945.652276435607 180.90880658859984 -1 0 0
943.6637011183136 172.95450531942626 -1 0 0
915.8236466762062 163.5087725622827 -1 0 0
906.8750577483859 155.55447129310912 -1 0 0
896.4350373325957 166.9887793675461 -1 0 0
881.5207224528951 154.06303980513906 -1 0 0
877.5435718183082 199.80027210288705 -1 0 0
880.5264347942484 183.39452573521658 -1 0 0
867.6006952318413 188.8631078577734 -1 0 0
942.6694134596669 218.19459378785092 -1 0 0
930.2408177265831 234.10319632619803 -1 0 0
925.766523262673 242.0574975953716 -1 0 0
913.3379275295894 254.98323715777863 -1 0 0
916.3207905055294 268.406120549509 -1 0 0
933.2236807025232 266.4175452322156 -1 0 0
900.4121879671823 282.3261477705628 -1 0 0
910.3550645536492 278.84614096529936 -1 0 0
880.5264347942484 281.8290039412394 -1 0 0
879.5321471356017 268.406120549509 -1 0 0
868.5949828904882 243.0517852540183 -1 0 0
882.5150101115418 246.03464822995838 -1 0 0
877.046427988985 237.58320313146146 -1 0 0
896.4350373325957 208.7488610307073 -1 0 0
922.7836602867329 216.70316229988086 -1 0 0
704.5375192137834 235.5946278141681 -1 0 0
677.6917524303226 153.0687521464924 -1 0 0
635.4345269378381 108.32580750739106 -1 0 0
635.4345269378381 89.9314858224272 -1 0 0
656.3145677694188 8.89704164272156 -1 0 0
662.7774375506223 26.297075669038726 -1 0 0
569.8115414671562 11.382760789338304 -1 0 0
565.8343908325694 33.75423310888892 -1 0 0
554.4000827581324 12.874192277308318 -1 0 0
554.4000827581324 12.874192277308318 -1 0 0
535.5086172438453 22.817068863775294 -1 0 0
542.9657746836954 15.857055253248426 -1 0 0
513.634288753618 63.08571903896644 -1 0 0
492.257104092714 93.90863645701401 -1 0 0
478.8342207009836 14.862767594601737 -1 0 0
465.9084811385765 12.377048447984993 -1 0 0
714.8196484563123 560.7627503265712 -1 0 0
666.5326870768415 560.7627503265712 -1 0 0
674.276822392417 471.4774255117008 -1 0 0
663.3439254763105 456.9002296235587 -1 0 0
742.1518907465787 489.24338300037397 -1 0 0
749.4404886906498 482.4103224278074 -1 0 0
778.1393430954296 479.6770981987807 -1 0 0
797.271912698616 481.043710313294 -1 0 0
809.5714217292359 478.3104860842674 -1 0 0
818.6821691593248 484.2324719138251 -1 0 0
825.9707671033958 466.9220517966564 -1 0 0
789.5277773830405 514.7534758046227 -1 0 0
759.4623108637475 508.3759526035605 -1 0 0
760.8289229782607 532.5194332932958 -1 0 0
780.4170299529517 541.1746433518803 -1 0 0
794.5386884695894 570.3290351281645 -1 0 0
753.5403250341897 570.7845724996689 -1 0 0
743.0629654895876 557.1184513545356 -1 0 0
734.4077554310032 511.56471420409156 -1 0 0
724.84147062941 515.6645505476315 -1 0 0
713.9085737133033 515.6645505476315 -1 0 0
823.2375428743692 547.5521665529424 -1 0 0
825.9707671033958 576.2510209577222 -1 0 0
810.9380338437493 582.6285441587844 -1 0 0
865.6025184242822 588.0949926168377 -1 0 0
851.936397279149 609.049711706042 -1 0 0
866.0580557957866 624.9935197086974 -1 0 0
885.6461627704775 625.4490570802018 -1 0 0
926.1889888343728 613.1495480495819 -1 0 0
928.9222130633995 627.2712065662196 -1 0 0
939.8551099795061 598.1168147899353 -1 0 0
931.6554372924261 589.0060673598465 -1 0 0
916.6227040327796 542.5412554663935 -1 0 0
899.7678212871152 537.9858817513491 -1 0 0
882.4574011699465 526.1419100922337 -1 0 0
875.1688032258754 533.8860454078092 -1 0 0
850.1142477931312 530.6972838072782 -1 0 0
874.713265854371 499.72074254497613 -1 0 0
865.1469810527777 483.3213971708162 -1 0 0
885.1906253989731 476.48833659824965 -1 0 0
836.9036640195025 488.78784562886955 -1 0 0
849.2031730501224 455.9891548805498 -1 0 0
865.6025184242822 459.1779164810809 -1 0 0
876.5354153403888 451.43378116550537 -1 0 0
884.2795506559643 427.29030047577004 -1 0 0
894.301372829062 425.92368836125667 -1 0 0
910.2451808317173 432.7567489338233 -1 0 0
917.9893161472929 439.13427213488546 -1 0 0
937.5774231219839 439.13427213488546 -1 0 0
943.4994089515416 437.76766002037215 -1 0 0
942.1327968370282 428.2013752187789 -1 0 0
953.0656937531348 430.02352470479667 -1 0 0
964.4541280407459 441.8674963639121 -1 0 0
963.0875159262325 456.9002296235587 -1 0 0
993.6085198170301 466.46651442515196 -1 0 0
994.9751319315434 446.4228700789565 -1 0 0
991.3308329595079 431.39013681931 -1 0 0
989.0531461019857 400.86913292851244 -1 0 0
954.8878432391526 396.313759213468 -1 0 0
960.3542916972059 384.925324925857 -1 0 0
935.7552736359661 380.3699512108126 -1 0 0
926.1889888343728 389.93623601240586 -1 0 0
915.2560919182663 377.18118961028154 -1 0 0
899.7678212871152 404.05789452904355 -1 0 0
910.2451808317173 394.4916097274503 -1 0 0
892.4792233430442 394.4916097274503 -1 0 0
874.2577284828666 391.75838549842365 -1 0 0
870.613429510831 379.00333909629927 -1 0 0
825.059692360387 389.93623601240586 -1 0 0
797.271912698616 394.9471470989547 -1 0 0
806.8381975002093 455.0780801375409 -1 0 0
819.5932439023336 451.88931853700984 -1 0 0
796.3608379556072 451.43378116550537 -1 0 0
801.371749042156 437.76766002037215 -1 0 0
897.0345970580886 455.0780801375409 -1 0 0
930.2888251779128 465.0999023106386 -1 0 0
923.9113019768506 470.1108133971875 -1 0 0
943.0438715800371 503.8205788885161 -1 0 0
958.5321422111881 499.72074254497613 -1 0 0
977.2091744428702 512.9313263186049 -1 0 0
952.154619010126 522.0420737486937 -1 0 0
937.1218857504794 533.8860454078092 -1 0 0
946.6881705520726 550.7409281534735 -1 0 0
955.7989179821615 542.0857180948891 -1 0 0
958.5321422111881 550.7409281534735 -1 0 0
969.4650391272947 568.0513482706423 -1 0 0
986.3199218729591 583.5396189017932 -1 0 0
977.6647118143746 594.0169784463953 -1 0 0
982.6756229009235 610.8718611920597 -1 0 0
995.8862066745522 538.4414191228536 -1 0 0
999.5305056465878 526.1419100922337 -1 0 0
1019.5741499927832 532.9749706648003 -1 0 0
1018.2075378782699 579.4397825582532 -1 0 0
1015.4743136492432 597.6612774184309 -1 0 0
1004.0858793616322 616.7938470216175 -1 0 0
1000.8971177611011 630.0044307952462 -1 0 0
977.2091744428702 634.5598045102906 -1 0 0
872.7273576177071 343.8060218928089 -1 0 0
877.2592610232127 327.18904273928854 -1 0 0
893.120922942482 331.7209461447941 -1 0 0
896.5198504966111 349.09324253256534 -1 0 0
899.1634608164894 318.88055316252843 -1 0 0
907.8496090103752 309.81674635151734 -1 0 0
886.3230678342238 297.73167060350255 -1 0 0
925.2219053981463 295.08806028362426 -1 0 0
925.2219053981463 307.1731360316391 -1 0 0
935.7963466776592 296.22103613500065 -1 0 0
941.4612259345411 307.1731360316391 -1 0 0
942.5942017859176 288.66786379249146 -1 0 0
949.7697155113015 287.1572293239896 -1 0 0
961.854791259316 284.8912776212368 -1 0 0
963.365425727818 273.9391777245984 -1 0 0
965.6313774305708 266.00834676496373 -1 0 0
962.9877671106924 242.59351250318505 -1 0 0
956.1899120024342 246.3700986744397 -1 0 0
972.0515739217036 236.92863324630312 -1 0 0
977.7164531785855 266.00834676496373 -1 0 0
978.4717704128365 273.9391777245984 -1 0 0
974.6951842415818 281.87000868423314 -1 0 0
987.1579186067221 307.55079464876457 -1 0 0
973.18454977308 313.59333252277196 -1 0 0
959.9664981736887 316.23694284265014 -1 0 0
941.0835673174156 318.88055316252843 -1 0 0
924.0889295467699 329.83265305916683 -1 0 0
938.8176156146628 358.91236657782736 -1 0 0
930.8867846550282 344.18368050993433 -1 0 0
969.785622218951 356.2687562579491 -1 0 0
978.094111795711 344.18368050993433 -1 0 0
981.8706979669655 343.05070465855795 -1 0 0
985.2696255210948 327.18904273928854 -1 0 0
985.2696255210948 327.18904273928854 -1 0 0
977.7164531785855 333.6092392304214 -1 0 0
958.8335223223123 335.1198736989233 -1 0 0
946.7484465742976 333.23158061329593 -1 0 0
999.6206529718623 348.3379252983144 -1 0 0
994.3334323321059 362.3112941319565 -1 0 0
989.8015289266004 381.571883605355 -1 0 0
1007.9291425486226 392.5239835019934 -1 0 0
971.2962566874528 410.65159712401567 -1 0 0
962.2324498764415 403.47608339863183 -1 0 0
957.3228878538106 412.1622315925175 -1 0 0
941.4612259345411 409.89627988976474 -1 0 0
916.5357572042607 354.3804631723218 -1 0 0
907.4719503932497 324.16777380228484 -1 0 0
1016.9929493596336 420.84837978640314 -1 0 0
1016.9929493596336 431.4228210659161 -1 0 0
115.65145039974625 16.54256720637155 -1 0 0
83.37337379028867 21.488401525562626 -1 0 0
97.6902626089997 17.063181345233772 -1 0 0
98.73149088672415 23.570858081011497 -1 0 0
191.66111467363007 48.56033674639797 -1 0 0
191.66111467363007 48.56033674639797 -1 0 0
179.68698947979905 102.18359304920646 -1 0 0
-48.081696272421425 144.35333829704612 -1 0 0
297.5321175684051 430.76969924701945 -1 0 0
284.2334162697038 439.9764924538126 -1 0 0
235.13051916680672 418.4939749712952 -1 0 0
372.2094402457278 377.5748940522143 -1 0 0
754.8028468391345 594.4460229233431 -1 0 0
813.1125371488248 533.0674015447217 -1 0 0
870.3992504355382 556.5958730731933 -1 0 0
401.87577391206156 279.36909984642 -1 0 0
391.6460036822913 305.9665024438226 -1 0 0
380.39325642954395 335.6328361101563 -1 0 0
287.3023473386349 512.6078610851812 -1 0 0
267.8657839020714 470.66580314312336 -1 0 0
272.98066901695654 459.4130558903761 -1 0 0
284.2334162697038 462.4819869593071 -1 0 0
33.604045640333126 573.9864824638026 -1 0 0
386.5311185674061 57.383085860406005 -1 0 0
386.5311185674061 43.06140753872766 -1 0 0
1000.3173323536201 327.44901992634004 -1 0 0
668.8727769090647 214.92154739886752 -1 0 0
684.21743225372 210.82963930695945 -1 0 0
304.6929567292443 412.86760134492147 -1 0 0
289.348301384589 421.05141752873766 -1 0 0
313.89974993603755 340.2362327135529 -1 0 0
409.03661307290065 12.883585360905464 -1 0 0
373.23241726870486 1.6308381081581835 -1 0 0
437.6799697162573 2.6538151311351794 -1 0 0
403.92172795801554 64.03243650975656 -1 0 0
334.35929039557794 118.25021872753881 -1 0 0
324.1295201658077 100.8596093369294 -1 0 0
175.79785183413932 40.50396498128509 -1 0 0
35.64999968628716 65.05541353273364 -1 0 0
35.64999968628716 74.26220673952685 -1 0 0
45.8797699160574 61.98648246380257 -1 0 0
952.2374122737 170.42204689936707 -1 0 0
973.7199297562175 177.5828860602062 -1 0 0
968.6050446413324 203.15731163463175 -1 0 0
965.5361135724013 224.63982911714925 -1 0 0
870.3992504355382 292.15631263363275 -1 0 0
881.6519976882855 358.64981912713927 -1 0 0
892.9047449410326 370.9255434028636 -1 0 0
973.7199297562175 557.1073615846818 -1 0 0
1017.7079417442295 452.76370524102543 -1 0 0
