4.720779220779235 13.405844155844136 -1 0 0
47.577922077922096 5.613636363636374 -1 0 0
44.16883116883119 21.19805194805195 -1 0 0
31.506493506493545 20.22402597402595 -1 0 0
22.25324675324677 43.113636363636374 -1 0 0
36.8636363636364 68.4383116883117 -1 0 0
21.766233766233796 87.43181818181819 -1 0 0
5.6948051948052125 82.07467532467534 -1 0 0
42.220779220779235 111.29545454545456 -1 0 0
46.60389610389612 102.04220779220779 -1 0 0
33.94155844155847 114.21753246753246 -1 0 0
28.09740259740264 136.13311688311688 -1 0 0
46.116883116883145 154.6396103896104 -1 0 0
12.025974025974051 163.40584415584416 -1 0 0
21.766233766233796 182.88636363636363 -1 0 0
27.61038961038963 206.26298701298705 -1 0 0
35.889610389610425 213.5681818181818 -1 0 0
55.8571428571429 181.91233766233768 -1 0 0
58.7792207792208 166.81493506493507 -1 0 0
69.98051948051952 140.51623376623377 -1 0 0
82.64285714285717 99.60714285714286 -1 0 0
87.51298701298703 69.89935064935065 -1 0 0
63.16233766233768 52.85389610389612 -1 0 0
72.90259740259742 33.86038961038963 -1 0 0
61.701298701298725 40.678571428571445 -1 0 0
96.7662337662338 22.172077922077904 -1 0 0
87.51298701298703 6.587662337662323 -1 0 0
83.61688311688314 27.529220779220793 -1 0 0
105.04545454545459 38.243506493506516 -1 0 0
125.50000000000003 30.93831168831167 -1 0 0
120.62987012987017 3.1785714285714444 -1 0 0
141.57142857142858 15.35389610389609 -1 0 0
156.6688311688312 5.613636363636374 -1 0 0
163.97402597402598 23.633116883116884 -1 0 0
183.94155844155844 13.405844155844136 -1 0 0
206.83116883116887 15.84090909090912 -1 0 0
201.961038961039 28.99025974025972 -1 0 0
219.00649350649348 1.7175324675324646 -1 0 0
245.79220779220776 8.535714285714278 -1 0 0
259.42857142857144 9.022727272727252 -1 0 0
268.68181818181824 7.561688311688329 -1 0 0
50.500000000000036 69.89935064935065 -1 0 0
127.44805194805198 46.03571428571427 -1 0 0
107.9675324675325 65.51623376623377 -1 0 0
115.27272727272727 73.30844155844156 -1 0 0
132.31818181818184 59.67207792207793 -1 0 0
144.49350649350654 37.26948051948051 -1 0 0
100.17532467532467 128.82792207792207 -1 0 0
78.25974025974028 169.25 -1 0 0
83.61688311688314 182.88636363636363 -1 0 0
63.64935064935068 198.47077922077924 -1 0 0
5.6948051948052125 204.31493506493507 -1 0 0
16.89610389610391 220.38636363636363 -1 0 0
58.29220779220782 234.99675324675326 -1 0 0
78.25974025974028 231.58766233766235 -1 0 0
99.20129870129873 213.08116883116887 -1 0 0
106.50649350649351 204.31493506493507 -1 0 0
94.33116883116887 252.04220779220782 -1 0 0
122.57792207792212 271.0357142857143 -1 0 0
153.7467532467533 280.288961038961 -1 0 0
183.94155844155844 292.4642857142857 -1 0 0
183.45454545454547 246.19805194805195 -1 0 0
162.02597402597402 249.1201298701299 -1 0 0
137.1883116883117 228.17857142857144 -1 0 0
119.16883116883118 227.20454545454547 -1 0 0
121.60389610389612 210.1590909090909 -1 0 0
159.5909090909091 211.13311688311688 -1 0 0
205.8571428571429 205.28896103896105 -1 0 0
170.7922077922078 191.6525974025974 -1 0 0
165.92207792207793 177.5292207792208 -1 0 0
186.37662337662343 166.81493506493507 -1 0 0
177.61038961038966 147.33441558441558 -1 0 0
159.5909090909091 136.6201298701299 -1 0 0
151.79870129870133 122.98376623376623 -1 0 0
165.43506493506496 114.70454545454544 -1 0 0
170.30519480519482 101.55519480519482 -1 0 0
150.33766233766235 86.94480519480521 -1 0 0
167.3831168831169 70.87337662337663 -1 0 0
166.4090909090909 60.6461038961039 -1 0 0
167.8701298701299 51.87987012987014 -1 0 0
178.09740259740263 40.678571428571445 -1 0 0
174.6883116883117 32.886363636363626 -1 0 0
184.91558441558445 56.75 -1 0 0
200.01298701298705 44.08766233766232 -1 0 0
211.21428571428578 45.061688311688336 -1 0 0
210.24025974025975 34.347402597402606 -1 0 0
237.51298701298708 35.80844155844159 -1 0 0
215.11038961038966 62.10714285714286 -1 0 0
193.68181818181822 82.56168831168833 -1 0 0
200.01298701298705 140.51623376623377 -1 0 0
215.11038961038966 121.52272727272728 -1 0 0
231.6688311688312 92.78896103896105 -1 0 0
236.53896103896105 71.36038961038963 -1 0 0
251.63636363636368 39.217532467532465 -1 0 0
254.5584415584416 47.009740259740255 -1 0 0
262.8376623376623 24.12012987012986 -1 0 0
276.961038961039 27.04220779220782 -1 0 0
270.1428571428571 61.62012987012986 -1 0 0
294.98051948051955 39.217532467532465 -1 0 0
260.8896103896104 98.14610389610391 -1 0 0
251.63636363636368 79.15259740259741 -1 0 0
255.53246753246756 121.03571428571428 -1 0 0
247.74025974025975 295.3863636363636 -1 0 0
306.66883116883116 221.3603896103896 -1 0 0
297.4155844155845 204.31493506493507 -1 0 0
297.4155844155845 173.63311688311688 -1 0 0
309.1038961038961 163.40584415584416 -1 0 0
293.51948051948057 152.20454545454547 -1 0 0
305.6948051948052 131.26298701298703 -1 0 0
286.7012987012987 116.65259740259741 -1 0 0
278.9090909090909 100.58116883116884 -1 0 0
287.67532467532465 79.15259740259741 -1 0 0
296.92857142857144 70.38636363636363 -1 0 0
300.82467532467535 56.75 -1 0 0
303.2597402597403 5.1266233766233995 -1 0 0
313.97402597402595 20.22402597402595 -1 0 0
319.33116883116884 5.1266233766233995 -1 0 0
347.57792207792204 15.35389610389609 -1 0 0
360.72727272727275 13.892857142857169 -1 0 0
388.97402597402595 24.60714285714289 -1 0 0
365.1103896103896 27.04220779220782 -1 0 0
337.3506493506494 41.652597402597394 -1 0 0
337.3506493506494 57.237012987012974 -1 0 0
321.76623376623377 67.46428571428572 -1 0 0
307.6428571428571 41.652597402597394 -1 0 0
303.7467532467533 76.71753246753246 -1 0 0
308.6168831168832 88.40584415584416 -1 0 0
321.76623376623377 107.39935064935065 -1 0 0
335.8896103896104 96.19805194805195 -1 0 0
363.1623376623377 73.30844155844156 -1 0 0
389.461038961039 65.51623376623377 -1 0 0
365.5974025974026 97.6590909090909 -1 0 0
339.78571428571433 128.82792207792207 -1 0 0
344.16883116883116 139.5422077922078 -1 0 0
397.2532467532468 120.06168831168833 -1 0 0
359.26623376623377 179.47727272727272 -1 0 0
386.538961038961 211.6201298701299 -1 0 0
390.43506493506493 202.36688311688312 -1 0 0
359.26623376623377 253.99025974025972 -1 0 0
365.1103896103896 244.737012987013 -1 0 0
370.33016983016984 42.6078921078921 -1 0 0
377.522977022977 37.013486513486555 -1 0 0
