25.792207792207762 487.91883116883116 -1 0 0
145.1103896103896 418.1136363636364 -1 0 0
204.36363636363635 357.237012987013 -1 0 0
190.56493506493504 319.8993506493506 -1 0 0
223.03246753246756 234.67207792207785 -1 0 0
94.78571428571425 179.47727272727263 -1 0 0
72.87012987012989 167.301948051948 -1 0 0
11.993506493506487 152.69155844155836 -1 0 0
2.253246753246742 181.91233766233756 -1 0 0
32.28571428571425 121.84740259740249 -1 0 0
23.357142857142833 96.68506493506482 -1 0 0
21.733766233766204 23.63311688311677 -1 0 0
4.688311688311671 13.892857142856997 -1 0 0
79.36363636363635 69.08766233766221 -1 0 0
82.6103896103896 47.98376623376612 -1 0 0
108.58441558441555 16.327922077921983 -1 0 0
156.47402597402598 19.574675324675184 -1 0 0
139.42857142857142 42.30194805194793 -1 0 0
116.70129870129867 50.41883116883105 -1 0 0
187.31818181818184 47.98376623376612 -1 0 0
177.57792207792207 70.71103896103887 -1 0 0
134.55844155844156 87.75649350649343 -1 0 0
128.87662337662337 123.47077922077915 -1 0 0
177.57792207792207 150.25649350649343 -1 0 0
219.7857142857143 148.63311688311683 -1 0 0
237.64285714285714 142.95129870129858 -1 0 0
252.25324675324677 185.97077922077915 -1 0 0
305.01298701298697 159.9967532467532 -1 0 0
353.71428571428567 174.60714285714278 -1 0 0
301.76623376623377 135.6461038961038 -1 0 0
340.72727272727275 112.91883116883105 -1 0 0
371.57142857142856 135.6461038961038 -1 0 0
416.21428571428567 133.21103896103887 -1 0 0
430.82467532467535 234.67207792207785 -1 0 0
465.7272727272728 178.66558441558436 -1 0 0
526.6038961038961 161.6201298701298 -1 0 0
556.6363636363636 144.57467532467524 -1 0 0
593.974025974026 147.8214285714285 -1 0 0
614.2662337662338 133.21103896103887 -1 0 0
663.7792207792209 148.63311688311683 -1 0 0
709.2337662337662 145.3863636363635 -1 0 0
672.7077922077923 198.95779220779218 -1 0 0
711.6688311688312 207.07467532467524 -1 0 0
756.3116883116884 161.6201298701298 -1 0 0
750.6298701298701 123.47077922077915 -1 0 0
757.9350649350649 73.1461038961038 -1 0 0
741.7012987012987 46.36038961038952 -1 0 0
729.525974025974 16.327922077921983 -1 0 0
718.9740259740261 69.08766233766221 -1 0 0
700.3051948051949 112.91883116883105 -1 0 0
670.2727272727274 121.84740259740249 -1 0 0
665.4025974025974 95.87337662337654 -1 0 0
678.3896103896104 70.71103896103887 -1 0 0
651.6038961038961 22.00974025974017 -1 0 0
701.9285714285714 3.3409090909089514 -1 0 0
628.0649350649351 47.98376623376612 -1 0 0
593.974025974026 10.646103896103796 -1 0 0
624.8181818181819 -0.7175324675325783 -1 0 0
622.3831168831169 6.587662337662209 -1 0 0
554.2012987012987 0.0941558441557504 -1 0 0
555.0129870129871 4.964285714285609 -1 0 0
542.8376623376623 17.951298701298583 -1 0 0
504.6883116883117 6.587662337662209 -1 0 0
480.3376623376623 8.211038961038867 -1 0 0
480.3376623376623 27.6915584415583 -1 0 0
499.0064935064935 70.71103896103887 -1 0 0
511.18181818181824 69.08766233766221 -1 0 0
576.1168831168832 47.98376623376612 -1 0 0
579.3636363636364 84.50974025974017 -1 0 0
527.4155844155845 116.1655844155843 -1 0 0
508.74675324675326 114.5422077922077 -1 0 0
488.4545454545455 99.12012987012974 -1 0 0
483.5844155844157 129.15259740259728 -1 0 0
451.1168831168832 112.10714285714278 -1 0 0
450.3051948051948 93.43831168831161 -1 0 0
442.1883116883117 51.230519480519376 -1 0 0
425.9545454545455 34.185064935064815 -1 0 0
438.94155844155836 17.951298701298583 -1 0 0
380.5 26.0681818181817 -1 0 0
390.2402597402597 47.98376623376612 -1 0 0
368.32467532467535 83.69805194805184 -1 0 0
395.92207792207796 100.7435064935064 -1 0 0
341.538961038961 51.230519480519376 -1 0 0
309.07142857142856 78.01623376623365 -1 0 0
287.96753246753246 68.27597402597394 -1 0 0
280.6623376623377 79.63961038961031 -1 0 0
249.0064935064935 72.33441558441547 -1 0 0
208.42207792207793 65.02922077922068 -1 0 0
220.59740259740258 40.67857142857133 -1 0 0
251.44155844155844 33.37337662337649 -1 0 0
282.28571428571433 25.25649350649337 -1 0 0
255.50000000000003 6.587662337662209 -1 0 0
217.35064935064935 8.211038961038867 -1 0 0
297.7077922077922 2.5292207792206796 -1 0 0
349.6558441558442 27.6915584415583 -1 0 0
309.07142857142856 19.574675324675184 -1 0 0
572.0584415584416 346.68506493506493 -1 0 0
599.6558441558442 213.56818181818176 -1 0 0
2.253246753246742 239.5422077922077 -1 0 0
79.0814185814186 91.43906093906105 -1 0 0
