20.908450704225288 515.6197183098591 -1 0 0
91.58450704225345 482.093896713615 -1 0 0
77.99295774647885 437.6948356807511 -1 0 0
27.25117370892013 452.1924882629108 -1 0 0
57.152582159624394 566.3615023474177 -1 0 0
156.82394366197178 463.06572769953044 -1 0 0
164.97887323943655 546.4272300469482 -1 0 0
226.59389671361498 566.3615023474177 -1 0 0
253.77699530516423 544.6150234741783 -1 0 0
289.1150234741784 569.9859154929577 -1 0 0
338.950704225352 546.4272300469482 -1 0 0
258.3075117370891 463.06572769953044 -1 0 0
214.81455399061028 483.9061032863849 -1 0 0
208.47183098591546 425.0093896713614 -1 0 0
184.0070422535211 391.4835680751173 -1 0 0
134.1713615023474 391.4835680751173 -1 0 0
107.89436619718303 298.1549295774647 -1 0 0
150.48122065727694 254.66197183098586 -1 0 0
173.13380281690138 296.3427230046948 -1 0 0
211.19014084507035 338.9295774647887 -1 0 0
193.97417840375584 356.14553990610324 -1 0 0
241.99765258215953 302.68544600938964 -1 0 0
274.61737089201876 277.31455399061025 -1 0 0
305.4248826291079 264.6291079812206 -1 0 0
276.4295774647887 317.18309859154925 -1 0 0
251.96478873239434 385.1408450704225 -1 0 0
290.0211267605633 405.98122065727694 -1 0 0
336.2323943661972 366.112676056338 -1 0 0
307.23708920187784 444.03755868544596 -1 0 0
346.1995305164318 456.7230046948356 -1 0 0
402.37793427230037 527.3990610328638 -1 0 0
415.9694835680751 454.00469483568077 -1 0 0
379.72535211267603 406.8873239436619 -1 0 0
368.85211267605627 368.8309859154929 -1 0 0
415.9694835680751 359.7699530516432 -1 0 0
465.8051643192487 380.6103286384976 -1 0 0
462.18075117370887 482.093896713615 -1 0 0
487.5516431924883 460.3474178403755 -1 0 0
530.1384976525821 408.6995305164319 -1 0 0
491.1760563380281 355.2394366197183 -1 0 0
517.4530516431923 359.7699530516432 -1 0 0
545.5422535211267 499.30985915492954 -1 0 0
599.0023474178404 566.3615023474177 -1 0 0
628.9037558685445 525.5868544600938 -1 0 0
492.98826291079797 567.2676056338028 -1 0 0
694.1431924882629 446.7558685446009 -1 0 0
645.2136150234742 447.66197183098586 -1 0 0
671.4906103286385 416.8544600938967 -1 0 0
621.6549295774648 366.112676056338 -1 0 0
599.9084507042253 434.0704225352112 -1 0 0
570.913145539906 464.8779342723004 -1 0 0
570.0070422535211 367.9248826291079 -1 0 0
555.5093896713615 342.5539906103286 -1 0 0
568.1948356807511 319.9014084507042 -1 0 0
555.5093896713615 287.281690140845 -1 0 0
528.3262910798121 318.9953051643192 -1 0 0
492.98826291079797 306.30985915492954 -1 0 0
466.7112676056337 318.9953051643192 -1 0 0
431.3732394366197 315.3708920187793 -1 0 0
401.47183098591546 299.0610328638497 -1 0 0
709.5469483568074 505.65258215962433 -1 0 0
762.1009389671362 514.7136150234742 -1 0 0
823.7159624413146 531.9295774647886 -1 0 0
837.3075117370893 501.12206572769946 -1 0 0
780.2230046948357 431.35211267605627 -1 0 0
697.7676056338028 366.112676056338 -1 0 0
759.3826291079813 347.08450704225345 -1 0 0
796.5328638497654 349.8028169014084 -1 0 0
808.31220657277 298.1549295774647 -1 0 0
766.631455399061 315.3708920187793 -1 0 0
715.8896713615022 321.7136150234741 -1 0 0
741.2605633802816 286.37558685446004 -1 0 0
768.443661971831 257.3802816901408 -1 0 0
661.5234741784036 299.0610328638497 -1 0 0
653.368544600939 325.338028169014 -1 0 0
617.1244131455398 317.18309859154925 -1 0 0
612.5938967136149 270.0657276995305 -1 0 0
627.0915492957745 244.6948356807511 -1 0 0
589.0352112676055 274.59624413145536 -1 0 0
519.2652582159624 283.6572769953051 -1 0 0
500.2370892018778 259.19248826291073 -1 0 0
526.5140845070423 242.8826291079812 -1 0 0
528.3262910798121 223.85446009389665 -1 0 0
552.7910798122066 238.35211267605632 -1 0 0
593.5657276995305 232.91549295774644 -1 0 0
556.4154929577464 206.63849765258215 -1 0 0
562.7582159624412 192.14084507042247 -1 0 0
539.1995305164319 197.5774647887323 -1 0 0
506.5798122065728 212.98122065727694 -1 0 0
514.7347417840374 192.14084507042247 -1 0 0
512.0164319248827 177.64319248826286 -1 0 0
529.232394366197 172.20657276995303 -1 0 0
553.6971830985915 169.48826291079808 -1 0 0
572.7253521126761 168.58215962441307 -1 0 0
474.86619718309856 226.5727699530516 -1 0 0
460.368544600939 248.31924882629102 -1 0 0
421.406103286385 261.91079812206567 -1 0 0
406.0023474178403 242.8826291079812 -1 0 0
382.443661971831 230.1971830985915 -1 0 0
346.1995305164318 214.79342723004686 -1 0 0
324.4530516431924 233.82159624413137 -1 0 0
344.3873239436619 277.31455399061025 -1 0 0
362.5093896713615 299.0610328638497 -1 0 0
333.51408450704224 298.1549295774647 -1 0 0
296.3638497652582 233.82159624413137 -1 0 0
266.4624413145539 215.69953051643188 -1 0 0
249.2464788732394 245.60093896713613 -1 0 0
213.00234741784033 251.94366197183092 -1 0 0
184.91314553990605 254.66197183098586 -1 0 0
148.669014084507 227.47887323943655 -1 0 0
92.49061032863847 213.88732394366195 -1 0 0
76.18075117370887 274.59624413145536 -1 0 0
50.80985915492954 248.31924882629102 -1 0 0
40.84272300469479 283.6572769953051 -1 0 0
46.279342723004675 222.94835680751171 -1 0 0
20.908450704225288 157.7089201877934 -1 0 0
93.39671361502343 111.49765258215956 -1 0 0
115.14319248826286 162.23943661971828 -1 0 0
96.11502347417837 189.4225352112676 -1 0 0
160.4483568075117 175.83098591549287 -1 0 0
193.06807511737082 169.48826291079808 -1 0 0
203.94131455399054 200.29577464788724 -1 0 0
223.87558685446004 236.53990610328634 -1 0 0
222.06338028169014 183.9859154929577 -1 0 0
242.90375586854458 162.23943661971828 -1 0 0
272.80516431924883 171.300469483568 -1 0 0
255.58920187793427 183.07981220657268 -1 0 0
319.0164319248826 168.58215962441307 -1 0 0
305.4248826291079 147.74178403755866 -1 0 0
279.1478873239436 136.8685446009389 -1 0 0
248.3403755868545 134.150234741784 -1 0 0
213.00234741784033 149.55399061032858 -1 0 0
192.16197183098586 149.55399061032858 -1 0 0
220.25117370892013 130.5258215962441 -1 0 0
186.72535211267603 92.46948356807508 -1 0 0
268.27464788732385 113.30985915492954 -1 0 0
225.68779342723005 88.84507042253517 -1 0 0
302.70657276995297 117.8403755868544 -1 0 0
326.26525821596243 117.8403755868544 -1 0 0
322.6408450704225 102.43661971830984 -1 0 0
359.79107981220653 174.92488262910797 -1 0 0
338.0446009389671 164.0516431924882 -1 0 0
346.1995305164318 130.5258215962441 -1 0 0
381.53755868544596 132.33802816901402 -1 0 0
376.1009389671361 162.23943661971828 -1 0 0
358.8849765258215 111.49765258215956 -1 0 0
399.65962441314554 132.33802816901402 -1 0 0
411.4389671361502 118.74647887323937 -1 0 0
420.49999999999994 106.06103286384973 -1 0 0
427.7488262910797 125.99530516431918 -1 0 0
448.5892018779343 113.30985915492954 -1 0 0
445.8708920187793 73.44131455399054 -1 0 0
417.781690140845 69.81690140845063 -1 0 0
406.0023474178403 83.4084507042253 -1 0 0
393.31690140845063 101.53051643192487 -1 0 0
441.3403755868543 183.9859154929577 -1 0 0
422.3122065727699 203.01408450704218 -1 0 0
399.65962441314554 190.3286384976525 -1 0 0
372.4765258215962 203.9201877934272 -1 0 0
428.65492957746477 164.0516431924882 -1 0 0
402.37793427230037 156.8028169014084 -1 0 0
451.3075117370891 165.86384976525812 -1 0 0
448.5892018779343 138.68075117370887 -1 0 0
477.5845070422535 145.92957746478868 -1 0 0
468.5234741784037 124.18309859154925 -1 0 0
473.0539906103286 163.1455399061032 -1 0 0
478.4906103286384 193.95305164319245 -1 0 0
502.0492957746479 162.23943661971828 -1 0 0
669.6784037558684 233.82159624413137 -1 0 0
696.8615023474179 270.97183098591546 -1 0 0
724.044600938967 236.53990610328634 -1 0 0
776.5985915492959 238.35211267605632 -1 0 0
811.030516431925 259.19248826291073 -1 0 0
818.2793427230047 241.97652582159617 -1 0 0
831.8708920187794 216.60563380281684 -1 0 0
774.7863849765258 215.69953051643188 -1 0 0
767.5375586854459 188.51643192488257 -1 0 0
737.6361502347418 174.92488262910797 -1 0 0
711.3591549295775 183.9859154929577 -1 0 0
714.0774647887324 212.98122065727694 -1 0 0
678.7394366197182 175.83098591549287 -1 0 0
635.2464788732393 159.52112676056333 -1 0 0
615.3122065727698 157.7089201877934 -1 0 0
610.7816901408451 175.83098591549287 -1 0 0
592.6596244131456 181.26760563380276 -1 0 0
585.4107981220657 145.92957746478868 -1 0 0
607.1572769953052 136.8685446009389 -1 0 0
661.5234741784036 152.27230046948355 -1 0 0
679.6455399061033 146.83568075117364 -1 0 0
688.706572769953 130.5258215962441 -1 0 0
705.9225352112676 151.3661971830985 -1 0 0
708.6408450704225 170.39436619718305 -1 0 0
730.3873239436618 130.5258215962441 -1 0 0
724.950704225352 116.02816901408448 -1 0 0
699.5798122065728 117.8403755868544 -1 0 0
657.8990610328638 125.99530516431918 -1 0 0
623.4671361502346 113.30985915492954 -1 0 0
649.2910798122064 227.25234741784038 -1 0 0
647.9319248826289 198.7100938967136 -1 0 0
549.1666666666665 121.6913145539906 -1 0 0
536.9342723004693 142.98474178403754 -1 0 0
521.9835680751172 139.81338028169012 -1 0 0
498.8779342723003 119.42605633802816 -1 0 0
510.20422535211253 110.81807511737088 -1 0 0
545.5422535211267 102.2100938967136 -1 0 0
523.7957746478871 85.44718309859155 -1 0 0
507.4859154929576 89.07159624413144 -1 0 0
479.8497652582158 78.6514084507042 -1 0 0
474.86619718309845 94.50821596244128 -1 0 0
485.28638497652565 111.72417840375586 -1 0 0
442.69953051643176 98.13262910798119 -1 0 0
373.8356807511736 75.93309859154928 -1 0 0
363.4154929577463 89.52464788732391 -1 0 0
342.1220657276994 88.61854460093895 -1 0 0
396.0352112676055 76.38615023474178 -1 0 0
401.47183098591535 51.921361502347395 -1 0 0
429.5610328638496 52.82746478873236 -1 0 0
390.1455399061032 41.95422535211265 -1 0 0
375.64788732394356 40.14201877934269 -1 0 0
395.582159624413 26.550469483568065 -1 0 0
420.95305164319234 26.097417840375556 -1 0 0
329.43661971830977 31.987089201877893 -1 0 0
343.02816901408437 50.10915492957744 -1 0 0
323.9999999999999 59.1701877934272 -1 0 0
322.6408450704224 86.35328638497651 -1 0 0
376.55399061032847 59.62323943661971 -1 0 0
444.05868544600924 36.97065727699527 -1 0 0
453.5727699530515 41.50117370892016 -1 0 0
471.24178403755855 36.97065727699527 -1 0 0
463.99295774647874 48.2969483568075 -1 0 0
478.94366197183086 46.93779342723002 -1 0 0
470.78873239436604 58.26408450704224 -1 0 0
441.7934272300468 58.26408450704224 -1 0 0
451.30751173708904 51.46830985915492 -1 0 0
463.5399061032862 76.83920187793427 -1 0 0
490.72300469483554 71.8556338028169 -1 0 0
496.6126760563379 63.24765258215962 -1 0 0
508.39201877934255 48.2969483568075 -1 0 0
529.6854460093896 73.21478873239437 -1 0 0
525.6079812206572 107.64671361502346 -1 0 0
566.3826291079811 100.39788732394366 -1 0 0
559.1338028169013 105.83450704225349 -1 0 0
542.8239436619717 183.306338028169 -1 0 0
661.976525821596 175.15140845070425 -1 0 0
666.5070422535209 222.26877934272304 -1 0 0
620.2957746478871 227.70539906103286 -1 0 0
668.319248826291 104.47535211267603 -1 0 0
645.213615023474 110.36502347417837 -1 0 0
641.1361502347415 126.22183098591546 -1 0 0
626.6384976525819 126.22183098591546 -1 0 0
586.769953051643 117.16079812206573 -1 0 0
586.3169014084506 109.91197183098592 -1 0 0
602.1737089201877 97.22652582159623 -1 0 0
612.5938967136149 99.03873239436618 -1 0 0
641.5892018779341 97.22652582159623 -1 0 0
645.213615023474 79.55751173708919 -1 0 0
621.2018779342721 84.54107981220656 -1 0 0
609.4225352112674 76.83920187793427 -1 0 0
590.8474178403754 90.88380281690138 -1 0 0
595.8309859154929 84.54107981220656 -1 0 0
588.1291079812205 74.12089201877933 -1 0 0
562.3051643192487 77.29225352112672 -1 0 0
539.1995305164318 90.88380281690138 -1 0 0
560.4929577464787 60.076291079812194 -1 0 0
554.1502347417838 52.82746478873236 -1 0 0
571.3661971830984 55.09272300469482 -1 0 0
585.863849765258 49.65610328638496 -1 0 0
576.8028169014083 33.799295774647874 -1 0 0
567.288732394366 37.42370892018778 -1 0 0
542.3708920187792 28.8157276995305 -1 0 0
536.4812206572768 41.95422535211265 -1 0 0
522.4366197183097 30.627934272300422 -1 0 0
520.6244131455397 40.59507042253517 -1 0 0
597.1901408450702 55.99882629107981 -1 0 0
608.969483568075 48.74999999999997 -1 0 0
628.450704225352 44.672535211267586 -1 0 0
622.5610328638496 40.14201877934269 -1 0 0
638.4178403755867 55.99882629107981 -1 0 0
666.9600938967135 51.01525821596243 -1 0 0
698.6737089201877 48.2969483568075 -1 0 0
675.5680751173707 97.67957746478874 -1 0 0
657.8990610328638 72.30868544600938 -1 0 0
733.1056338028167 173.79225352112675 -1 0 0
731.2934272300467 95.86737089201876 -1 0 0
721.326291079812 53.73356807511735 -1 0 0
613.4999999999998 57.81103286384973 -1 0 0
728.1220657276994 162.01291079812205 -1 0 0
391.05164319248814 119.87910798122064 -1 0 0
371.11737089201864 104.92840375586854 -1 0 0
463.0868544600938 110.36502347417837 -1 0 0
541.4647887323943 75.02699530516429 -1 0 0
691.4248826291077 75.02699530516429 -1 0 0
184.22300469483565 221.362676056338 -1 0 0
68.24178403755866 138.00117370892016 -1 0 0
17.04694835680749 120.33215962441312 -1 0 0
41.51173708920186 185.57159624413146 -1 0 0
15.234741784037537 216.37910798122064 -1 0 0
123.06103286384975 89.07159624413144 -1 0 0
104.03286384976522 92.69600938967136 -1 0 0
108.56338028169012 64.15375586854458 -1 0 0
92.70657276995303 51.46830985915492 -1 0 0
107.65727699530512 37.42370892018778 -1 0 0
151.6032863849765 36.97065727699527 -1 0 0
160.2112676056338 38.32981220657274 -1 0 0
153.86854460093895 59.1701877934272 -1 0 0
138.01173708920186 62.34154929577463 -1 0 0
174.2558685446009 63.24765258215962 -1 0 0
181.5046948356807 59.1701877934272 -1 0 0
203.25117370892013 40.14201877934269 -1 0 0
215.93661971830986 65.51291079812205 -1 0 0
258.5234741784037 49.65610328638496 -1 0 0
247.650234741784 45.125586854460074 -1 0 0
240.4014084507042 35.158450704225345 -1 0 0
287.51877934272295 30.627934272300422 -1 0 0
312.8896713615023 22.47300469483565 -1 0 0
267.58450704225345 29.268779342723008 -1 0 0
276.19248826291073 62.34154929577463 -1 0 0
296.12676056338023 55.99882629107981 -1 0 0
299.75117370892013 88.61854460093895 -1 0 0
257.16431924882625 74.12089201877933 -1 0 0
244.47887323943655 119.42605633802816 -1 0 0
169.27230046948353 121.23826291079811 -1 0 0
181.5046948356807 113.98943661971828 -1 0 0
148.43192488262906 91.33685446009389 -1 0 0
122.60798122065724 111.72417840375586 -1 0 0
132.12206572769952 147.06220657276995 -1 0 0
99.95539906103284 173.79225352112675 -1 0 0
326.0281690140844 214.1138497652582 -1 0 0
252.18075117370884 223.62793427230048 -1 0 0
120.7957746478873 200.06924882629107 -1 0 0
284.34741784037556 78.6514084507042 -1 0 0
69.60093896713613 370.86971830985914 -1 0 0
64.61737089201876 345.95187793427226 -1 0 0
38.793427230046944 402.5833333333333 -1 0 0
775.4765258215962 140.7194835680751 -1 0 0
763.6971830985915 124.40962441314555 -1 0 0
781.819248826291 100.39788732394366 -1 0 0
788.1619718309859 135.73591549295773 -1 0 0
780.4600938967135 163.37206572769952 -1 0 0
805.3779342723004 184.21244131455398 -1 0 0
745.1220657276995 232.68896713615024 -1 0 0
743.762910798122 100.39788732394366 -1 0 0
755.9953051643192 81.8227699530516 -1 0 0
747.3873239436618 124.40962441314555 -1 0 0
738.7793427230047 113.08333333333331 -1 0 0
804.924882629108 154.76408450704224 -1 0 0
819.87558685446 141.1725352112676 -1 0 0
744.669014084507 65.51291079812205 -1 0 0
739.2323943661971 61.435446009389636 -1 0 0
678.9765258215962 191.9143192488263 -1 0 0
686.2253521126761 58.26408450704224 -1 0 0
80.47417840375584 68.68427230046947 -1 0 0
134.8403755868544 13.411971830985863 -1 0 0
288.4248826291079 13.411971830985863 -1 0 0
261.6948356807511 12.95892018779341 -1 0 0
434.54460093896716 244.24178403755863 -1 0 0
534.6690140845071 121.46478873239425 -1 0 0
355.0454545454544 33.216783216783256 -1 0 0
