76.20573355817879 252.85666104553118 -1 0 0
123.33052276559869 373.0590219224283 -1 0 0
24.983136593591926 290.4198988195615 -1 0 0
59.814502529511 209.82967959527818 -1 0 0
8.591905564924133 188.65767284991563 -1 0 0
4.494097807757186 147.6795952782461 -1 0 0
39.32546374367624 151.09443507588526 -1 0 0
56.399662731871835 170.90050590219218 -1 0 0
80.30354131534574 176.36424957841479 -1 0 0
91.2310286677909 143.58178752107915 -1 0 0
75.52276559865095 134.02023608768968 -1 0 0
48.88701517706579 110.1163575042158 -1 0 0
46.155143338954474 129.92242833052273 -1 0 0
30.446880269814525 93.04215851602015 -1 0 0
54.35075885328837 88.9443507588532 -1 0 0
63.91231028667795 72.55311973018541 -1 0 0
16.104553119730213 73.23608768971326 -1 0 0
7.225969645868474 78.01686340640799 -1 0 0
7.9089376053962885 51.38111298482284 -1 0 0
35.22765598650929 52.06408094435068 -1 0 0
47.52107925801016 41.81956155143331 -1 0 0
48.20404721753795 22.696458684654203 -1 0 0
34.544688026981476 26.11129848229336 -1 0 0
63.91231028667795 36.35581787521073 -1 0 0
65.27824620573358 50.69814502529505 -1 0 0
81.66947723440137 50.015177065767205 -1 0 0
83.71838111298484 37.03878583473852 -1 0 0
96.69477234401353 30.20910623946031 -1 0 0
86.45025295109616 74.60202360876889 -1 0 0
104.20741989881958 76.65092748735236 -1 0 0
113.08600337268132 95.77403035413147 -1 0 0
93.27993254637438 107.38448566610448 -1 0 0
129.4772344013491 114.89713322091053 -1 0 0
124.01349072512653 142.89881956155136 -1 0 0
160.2107925801012 118.99494097807747 -1 0 0
175.91905564924122 153.82630691399658 -1 0 0
155.43001686340642 96.45699831365926 -1 0 0
139.72175379426648 82.79763912310278 -1 0 0
139.03878583473863 71.87015177065757 -1 0 0
121.96458684654304 62.30860033726805 -1 0 0
118.5497470489039 45.91736930860026 -1 0 0
115.13490725126479 20.64755480607073 -1 0 0
118.5497470489039 30.892074198988094 -1 0 0
140.40472175379432 17.232715008431626 -1 0 0
159.52782462057334 11.086003372681205 -1 0 0
186.16357504215858 56.84485666104546 -1 0 0
185.48060708263074 90.99325463743668 -1 0 0
214.16526138279937 63.674536256323684 -1 0 0
203.23777403035416 27.477234401348994 -1 0 0
208.01854974704895 7.671163575042044 -1 0 0
236.02023608768974 8.354131534569888 -1 0 0
231.239460370995 35.67284991568289 -1 0 0
190.94435075885332 11.086003372681205 -1 0 0
235.33726812816198 84.16357504215841 -1 0 0
226.4586846543002 123.09274873524441 -1 0 0
238.75210792580103 144.26475548060705 -1 0 0
215.531197301855 167.48566610455305 -1 0 0
215.531197301855 213.2445193929173 -1 0 0
301.5851602023609 266.5160202360876 -1 0 0
258.558178752108 185.92580101180434 -1 0 0
285.19392917369316 155.1922428330522 -1 0 0
274.9494097807758 121.04384485666093 -1 0 0
258.558178752108 84.84654300168626 -1 0 0
252.4114671163576 37.03878583473852 -1 0 0
256.50927487352453 18.598650927487256 -1 0 0
284.5109612141653 28.160202360876838 -1 0 0
289.9747048903879 15.183811129848152 -1 0 0
288.60876897133227 45.234401349072414 -1 0 0
302.2681281618888 69.13827993254631 -1 0 0
311.1467116357505 47.96627318718373 -1 0 0
326.1720067453626 32.258010118043785 -1 0 0
313.19561551433395 17.915682967959413 -1 0 0
339.1483979763913 17.915682967959413 -1 0 0
345.29510961214174 9.037099494097731 -1 0 0
362.3693086003373 9.720067453625518 -1 0 0
352.12478920741995 30.20910623946031 -1 0 0
347.3440134907252 56.84485666104546 -1 0 0
358.2715008431704 58.2107925801011 -1 0 0
350.7588532883644 77.3338954468802 -1 0 0
371.2478920741991 88.9443507588532 -1 0 0
350.0758853288365 123.09274873524441 -1 0 0
321.39123102866785 127.19055649241136 -1 0 0
344.6121416526139 192.75548060708257 -1 0 0
371.2478920741991 263.1011804384485 -1 0 0
539.258010118044 280.17537942664416 -1 0 0
590.4806070826307 280.17537942664416 -1 0 0
590.4806070826307 210.51264755480602 -1 0 0
505.10961214165275 189.34064080944344 -1 0 0
485.98650927487364 158.60708263069134 -1 0 0
400.61551433389553 189.34064080944344 -1 0 0
422.47048903878596 152.46037099494092 -1 0 0
385.59021922428343 73.23608768971326 -1 0 0
380.1264755480608 50.69814502529505 -1 0 0
398.56661045531206 48.649241146711574 -1 0 0
384.22428330522774 19.964586846542886 -1 0 0
397.2006745362564 14.500843170320309 -1 0 0
414.9578414839799 32.258010118043785 -1 0 0
425.88532883642506 43.868465430016784 -1 0 0
437.49578414839806 12.451939291736835 -1 0 0
469.59527824620585 11.086003372681205 -1 0 0
492.133220910624 28.160202360876838 -1 0 0
501.69477234401364 54.795952782461995 -1 0 0
506.4755480607084 33.623946037099415 -1 0 0
487.3524451939293 72.55311973018541 -1 0 0
436.8128161888703 90.31028667790883 -1 0 0
497.5969645868467 146.31365935919052 -1 0 0
558.381112984823 143.58178752107915 -1 0 0
593.8954468802699 180.46205733558173 -1 0 0
557.6981450252952 49.33220910623936 -1 0 0
530.3794266441823 5.6222596964585705 -1 0 0
582.9679595278246 8.354131534569888 -1 0 0
