132.23850801155763 555.358024691358 -1 0 0
254.11925400577894 488.95403204623057 -1 0 0
428.95508274231696 543.5902285263987 -1 0 0
445.7662201208302 493.9973732597845 -1 0 0
633.2104018912531 509.1273969004465 -1 0 0
728.1933280798531 541.9091147885474 -1 0 0
713.9038613081169 497.3596007354872 -1 0 0
836.6251641712639 504.08405568689244 -1 0 0
890.4208037825061 499.0407144733385 -1 0 0
798.800105069609 472.983451536643 -1 0 0
804.6840031520886 450.2884160756501 -1 0 0
850.9146309430001 412.46335697399525 -1 0 0
708.860520094563 430.1150512214342 -1 0 0
747.5261360651435 404.0577882847386 -1 0 0
773.5833990018391 369.59495665878643 -1 0 0
659.2676648279487 381.36275282374567 -1 0 0
748.366692934069 492.31625952193326 -1 0 0
539.0680325715789 371.2760703966377 -1 0 0
654.2243236143947 355.3054898870501 -1 0 0
632.3698450223275 335.1321250328342 -1 0 0
687.0060415024957 331.7698975571315 -1 0 0
760.1344890990283 264.52534804307845 -1 0 0
809.7273443656426 272.9309167323351 -1 0 0
844.1901759915947 315.7993170475439 -1 0 0
892.9424743892832 341.85657998423954 -1 0 0
898.826372471763 266.20646178092977 -1 0 0
872.7691095350674 252.75755187811916 -1 0 0
898.826372471763 225.01917520357227 -1 0 0
885.3774625689522 191.39690044654577 -1 0 0
813.9301287102709 203.16469661150504 -1 0 0
812.2490149724194 246.87365379563957 -1 0 0
774.4239558707645 201.4835828736537 -1 0 0
757.6128184922516 200.64302600472806 -1 0 0
787.0323089046497 229.2219595482006 -1 0 0
760.9750459679541 232.5841870239033 -1 0 0
729.0338849487788 244.3519831888626 -1 0 0
661.7893354347257 262.0036774363015 -1 0 0
597.9070133963753 255.27922248489622 -1 0 0
638.2537431048071 233.42474389282893 -1 0 0
639.9348568426585 217.4541633832413 -1 0 0
608.8342526924089 151.05017073811393 -1 0 0
557.5602836879434 212.41082216968735 -1 0 0
553.3574993433152 284.6987128972944 -1 0 0
537.3869188337276 273.77147360126077 -1 0 0
513.851326503809 269.5686892566324 -1 0 0
514.6918833727345 242.6708694510112 -1 0 0
497.0401891252957 248.55476753349083 -1 0 0
502.92408720777536 193.07801418439712 -1 0 0
450.80956133438417 236.78697136853162 -1 0 0
477.7073811400054 267.88757551878115 -1 0 0
439.0417651694249 295.625952193328 -1 0 0
470.1423693196744 321.68321513002354 -1 0 0
465.93958497504616 405.7389020225899 -1 0 0
534.8652482269506 335.9726819017599 -1 0 0
570.1686367218284 335.9726819017599 -1 0 0
587.8203309692673 379.6816390858944 -1 0 0
476.8668242710798 477.18623588127133 -1 0 0
358.34830575256126 430.95560809035976 -1 0 0
392.8111373785134 387.24665090622534 -1 0 0
421.390070921986 388.08720777515106 -1 0 0
404.57893354347266 304.87207775151035 -1 0 0
380.20278434462847 334.29156816390855 -1 0 0
401.2167060677701 235.10585763068028 -1 0 0
365.0727607039666 235.10585763068028 -1 0 0
368.4349881796692 161.9774100341476 -1 0 0
313.79879169950107 155.25295508274226 -1 0 0
319.6826897819807 242.6708694510112 -1 0 0
345.73995271867625 269.5686892566324 -1 0 0
332.2910428158657 293.104281586551 -1 0 0
334.8127134226427 357.8271604938271 -1 0 0
319.6826897819807 376.3194116101917 -1 0 0
297.8282111899135 401.5361176779616 -1 0 0
267.56816390858955 356.1460467559758 -1 0 0
277.6548463356975 307.3937483582873 -1 0 0
220.49697924875244 217.4541633832413 -1 0 0
203.6858418702392 290.582610979774 -1 0 0
192.75860257420553 242.6708694510112 -1 0 0
175.94746519569227 178.78854741266085 -1 0 0
171.74468085106392 237.62752823745726 -1 0 0
145.68741791436838 240.98975571315987 -1 0 0
96.09456264775422 171.22353559232988 -1 0 0
53.22616233254536 191.39690044654577 -1 0 0
61.63173102180202 220.816390858944 -1 0 0
33.05279747832944 234.26530076175465 -1 0 0
25.48778565799849 266.20646178092977 -1 0 0
18.76333070659317 298.98817966903067 -1 0 0
65.83451536643031 274.6120304701865 -1 0 0
98.6162332545312 251.91699500919353 -1 0 0
86.00788022064623 297.3070659311794 -1 0 0
116.26792750197012 330.9293406882059 -1 0 0
225.5403204623064 283.85815602836874 -1 0 0
196.12083004990814 325.88599947465195 -1 0 0
28.009456264775473 372.1166272655634 -1 0 0
4.473863934856901 388.08720777515106 -1 0 0
113.74625689519314 377.1599684791174 -1 0 0
86.8484370895719 467.0995534541634 -1 0 0
132.23850801155774 442.7234042553191 -1 0 0
181.83136327817186 378.000525348043 -1 0 0
212.09141055949576 353.62437614919884 -1 0 0
244.87312844759663 343.53769372209086 -1 0 0
216.29419490412408 448.6073023377987 -1 0 0
250.7570265300763 436.83950617283944 -1 0 0
985.8085744043193 172.8275129126191 -1 0 0
939.7746083703532 162.5977426828489 -1 0 0
934.6597232554681 227.04529513040137 -1 0 0
968.4179650137098 212.723616808723 -1 0 0
1003.1991837949287 226.0223181074243 -1 0 0
1006.2681148638598 256.71162879673506 -1 0 0
979.6707122664571 311.9523880374943 -1 0 0
934.6597232554681 375.3769634620698 -1 0 0
1009.3370459327908 389.6986417837481 -1 0 0
1003.1991837949287 440.84749293259927 -1 0 0
896.8095734053182 461.3070333921397 -1 0 0
318.0603226560672 226.02231810742438 -1 0 0
184.56182115756584 224.48785257295884 -1 0 0
142.61976321550787 223.97636406147032 -1 0 0
9.121261717006398 258.2460943312006 -1 0 0
861.7726103683549 192.7755648606711 -1 0 0
680.1941887899334 245.4588815439878 -1 0 0
708.8375454332901 233.1831572682635 -1 0 0
578.9194635152081 237.7865538716601 -1 0 0
610.1202627160073 241.3669734520797 -1 0 0
439.0273556231001 241.87846196356824 -1 0 0
