3.0944444444444343 524.101851851852 -1 0 0
51.450000000000045 441.612962962963 -1 0 0
16.368518518518556 365.7611111111112 -1 0 0
72.3092592592593 396.1018518518519 -1 0 0
154.7981481481482 470.0574074074075 -1 0 0
306.5018518518519 511.775925925926 -1 0 0
326.41296296296304 431.1833333333334 -1 0 0
192.7240740740741 386.62037037037044 -1 0 0
421.2277777777778 691.9240740740742 -1 0 0
476.2203703703704 611.3314814814815 -1 0 0
631.7166666666667 415.0648148148149 -1 0 0
900.9907407407409 529.7907407407408 -1 0 0
810.9166666666667 495.65740740740745 -1 0 0
792.9018518518519 404.63518518518526 -1 0 0
819.45 396.1018518518519 -1 0 0
934.1759259259261 444.45740740740746 -1 0 0
897.1981481481482 375.24259259259264 -1 0 0
558.7092592592594 421.7018518518519 -1 0 0
472.42777777777786 424.54629629629636 -1 0 0
379.5092592592593 447.3018518518519 -1 0 0
273.31666666666666 387.56851851851854 -1 0 0
127.3018518518519 371.45000000000005 -1 0 0
93.16851851851857 369.5537037037037 -1 0 0
72.3092592592593 371.45000000000005 -1 0 0
103.5981481481482 375.24259259259264 -1 0 0
195.56851851851854 343.95370370370375 -1 0 0
221.1685185185185 339.21296296296305 -1 0 0
265.73148148148147 355.33148148148155 -1 0 0
318.82777777777784 355.33148148148155 -1 0 0
343.47962962962964 368.6055555555556 -1 0 0
361.49444444444447 351.53888888888895 -1 0 0
396.575925925926 389.4648148148149 -1 0 0
494.23518518518523 357.2277777777778 -1 0 0
508.4574074074074 361.9685185185186 -1 0 0
548.2796296296297 352.4870370370371 -1 0 0
562.5018518518518 375.24259259259264 -1 0 0
594.7388888888888 383.775925925926 -1 0 0
616.5462962962963 347.74629629629635 -1 0 0
578.6203703703704 338.2648148148148 -1 0 0
650.6796296296297 358.175925925926 -1 0 0
706.6203703703704 374.2944444444445 -1 0 0
712.3092592592593 351.53888888888895 -1 0 0
668.6944444444446 348.69444444444446 -1 0 0
691.45 352.4870370370371 -1 0 0
728.4277777777779 352.4870370370371 -1 0 0
762.5611111111111 361.0203703703704 -1 0 0
796.6944444444446 354.3833333333334 -1 0 0
827.0351851851854 349.6425925925927 -1 0 0
856.4277777777779 348.69444444444446 -1 0 0
884.8722222222223 332.57592592592596 -1 0 0
911.4203703703704 322.1462962962963 -1 0 0
925.6425925925928 329.7314814814815 -1 0 0
926.5907407407408 365.7611111111112 -1 0 0
952.1907407407409 353.4351851851852 -1 0 0
962.6203703703704 350.5907407407408 -1 0 0
948.3981481481483 334.4722222222223 -1 0 0
961.6722222222224 318.3537037037038 -1 0 0
933.2277777777779 310.7685185185186 -1 0 0
681.9166666666667 324.75 -1 0 0
658.9166666666667 325.08333333333337 -1 0 0
643.5833333333334 338.08333333333337 -1 0 0
642.5833333333334 322.75 -1 0 0
701.9166666666667 333.08333333333337 -1 0 0
690.25 309.75 -1 0 0
697.9166666666667 303.75 -1 0 0
683.25 301.08333333333337 -1 0 0
670.9166666666667 307.75 -1 0 0
650.5833333333334 304.08333333333337 -1 0 0
639.9166666666667 309.08333333333337 -1 0 0
641.25 299.08333333333337 -1 0 0
631.5833333333334 317.4166666666667 -1 0 0
603.5833333333334 319.08333333333337 -1 0 0
589.9166666666667 343.08333333333337 -1 0 0
595.9166666666667 329.08333333333337 -1 0 0
568.25 325.75 -1 0 0
587.5833333333334 316.4166666666667 -1 0 0
599.5833333333334 308.75 -1 0 0
613.25 301.08333333333337 -1 0 0
615.25 294.75 -1 0 0
619.25 297.08333333333337 -1 0 0
625.9166666666667 297.4166666666667 -1 0 0
634.25 303.08333333333337 -1 0 0
620.5833333333334 303.75 -1 0 0
616.9166666666667 315.75 -1 0 0
624.9166666666667 314.4166666666667 -1 0 0
621.25 314.4166666666667 -1 0 0
598.5833333333334 289.08333333333337 -1 0 0
602.5833333333334 297.08333333333337 -1 0 0
593.9166666666667 298.75 -1 0 0
589.5833333333334 305.75 -1 0 0
574.5833333333334 305.08333333333337 -1 0 0
559.25 319.08333333333337 -1 0 0
546.25 311.08333333333337 -1 0 0
528.25 328.08333333333337 -1 0 0
546.25 331.75 -1 0 0
515.9166666666667 341.75 -1 0 0
495.25 335.4166666666667 -1 0 0
476.25 338.4166666666667 -1 0 0
446.58333333333337 346.08333333333337 -1 0 0
455.9166666666667 310.08333333333337 -1 0 0
487.25 315.75 -1 0 0
524.9166666666667 317.75 -1 0 0
532.5833333333334 310.75 -1 0 0
600.25 304.4166666666667 -1 0 0
608.9166666666667 308.4166666666667 -1 0 0
582.25 293.08333333333337 -1 0 0
588.5833333333334 297.75 -1 0 0
586.9166666666667 292.08333333333337 -1 0 0
575.25 297.75 -1 0 0
592.9166666666667 292.75 -1 0 0
561.9166666666667 303.08333333333337 -1 0 0
546.25 299.08333333333337 -1 0 0
553.25 304.4166666666667 -1 0 0
554.9166666666667 295.75 -1 0 0
558.5833333333334 291.08333333333337 -1 0 0
563.9166666666667 293.4166666666667 -1 0 0
539.25 297.75 -1 0 0
540.9166666666667 289.4166666666667 -1 0 0
539.5833333333334 285.75 -1 0 0
546.5833333333334 288.75 -1 0 0
534.5833333333334 298.75 -1 0 0
527.25 296.75 -1 0 0
531.5833333333334 289.08333333333337 -1 0 0
518.5833333333334 295.4166666666667 -1 0 0
517.25 288.4166666666667 -1 0 0
519.5833333333334 286.08333333333337 -1 0 0
521.25 290.75 -1 0 0
510.9166666666667 287.75 -1 0 0
505.9166666666667 296.4166666666667 -1 0 0
515.25 303.75 -1 0 0
515.5833333333334 317.4166666666667 -1 0 0
495.9166666666667 310.08333333333337 -1 0 0
496.58333333333337 299.75 -1 0 0
486.9166666666667 301.4166666666667 -1 0 0
491.25 295.08333333333337 -1 0 0
493.25 286.75 -1 0 0
501.9166666666667 291.08333333333337 -1 0 0
507.58333333333337 292.4166666666667 -1 0 0
555.5833333333334 311.4166666666667 -1 0 0
573.5833333333334 313.4166666666667 -1 0 0
677.9166666666667 304.08333333333337 -1 0 0
672.9166666666667 301.4166666666667 -1 0 0
522.9166666666667 303.4166666666667 -1 0 0
473.9166666666667 295.08333333333337 -1 0 0
468.25 298.75 -1 0 0
475.58333333333337 320.75 -1 0 0
456.58333333333337 301.08333333333337 -1 0 0
475.25 309.75 -1 0 0
478.58333333333337 312.4166666666667 -1 0 0
555.9166666666667 285.75 -1 0 0
559.9166666666667 297.75 -1 0 0
556.5833333333334 302.75 -1 0 0
439.58333333333337 318.75 -1 0 0
405.9166666666667 352.08333333333337 -1 0 0
417.25 332.4166666666667 -1 0 0
427.9166666666667 346.75 -1 0 0
456.25 341.4166666666667 -1 0 0
396.9166666666667 330.08333333333337 -1 0 0
405.25 310.75 -1 0 0
420.9166666666667 314.75 -1 0 0
385.9166666666667 316.08333333333337 -1 0 0
395.25 308.4166666666667 -1 0 0
322.2500000000001 333.91666666666663 -1 0 0
331.58333333333337 333.91666666666663 -1 0 0
308.2500000000001 335.25 -1 0 0
346.2500000000001 325.91666666666663 -1 0 0
358.91666666666674 316.5833333333333 -1 0 0
366.2500000000001 303.25 -1 0 0
306.91666666666674 313.91666666666663 -1 0 0
322.2500000000001 319.25 -1 0 0
294.91666666666674 318.5833333333333 -1 0 0
293.58333333333337 311.91666666666663 -1 0 0
258.91666666666674 315.91666666666663 -1 0 0
236.91666666666674 321.25 -1 0 0
211.58333333333337 327.91666666666663 -1 0 0
266.25000000000006 304.5833333333333 -1 0 0
270.25000000000006 311.91666666666663 -1 0 0
323.58333333333337 311.25 -1 0 0
350.91666666666674 309.25 -1 0 0
349.5833333333335 295.25 -1 0 0
442.91666666666686 311.91666666666663 -1 0 0
440.91666666666686 302.5833333333333 -1 0 0
375.91666666666686 304.08333333333337 -1 0 0
374.58333333333354 309.08333333333337 -1 0 0
356.2500000000002 298.08333333333337 -1 0 0
358.58333333333354 288.75 -1 0 0
364.58333333333354 289.75 -1 0 0
370.58333333333354 287.4166666666667 -1 0 0
368.2500000000002 295.4166666666667 -1 0 0
376.2500000000002 293.4166666666667 -1 0 0
372.2500000000002 292.75 -1 0 0
380.91666666666686 294.08333333333337 -1 0 0
385.58333333333354 293.4166666666667 -1 0 0
386.2500000000002 295.4166666666667 -1 0 0
389.58333333333354 291.4166666666667 -1 0 0
388.58333333333354 289.4166666666667 -1 0 0
394.2500000000002 289.08333333333337 -1 0 0
399.91666666666686 289.75 -1 0 0
401.91666666666686 296.75 -1 0 0
395.91666666666686 300.4166666666667 -1 0 0
407.58333333333354 304.08333333333337 -1 0 0
428.58333333333354 316.4166666666667 -1 0 0
434.58333333333354 310.08333333333337 -1 0 0
427.58333333333354 309.4166666666667 -1 0 0
418.58333333333354 300.08333333333337 -1 0 0
430.58333333333354 298.08333333333337 -1 0 0
430.2500000000002 292.4166666666667 -1 0 0
439.2500000000002 297.08333333333337 -1 0 0
444.91666666666686 299.08333333333337 -1 0 0
448.2500000000002 298.08333333333337 -1 0 0
445.91666666666686 293.08333333333337 -1 0 0
442.2500000000002 295.08333333333337 -1 0 0
461.91666666666686 291.75 -1 0 0
468.58333333333354 284.75 -1 0 0
488.2500000000002 290.08333333333337 -1 0 0
481.58333333333354 296.08333333333337 -1 0 0
478.58333333333354 289.75 -1 0 0
455.58333333333354 288.08333333333337 -1 0 0
459.5833333333335 539.9166666666667 -1 0 0
422.2500000000002 292.75 -1 0 0
411.2500000000002 290.08333333333337 -1 0 0
414.91666666666686 286.4166666666667 -1 0 0
418.2500000000002 291.08333333333337 -1 0 0
420.2500000000002 286.75 -1 0 0
427.2500000000002 288.08333333333337 -1 0 0
431.91666666666686 285.08333333333337 -1 0 0
435.2500000000002 283.75 -1 0 0
429.91666666666686 282.08333333333337 -1 0 0
425.2500000000002 282.08333333333337 -1 0 0
426.2500000000002 283.75 -1 0 0
409.91666666666686 283.4166666666667 -1 0 0
404.2500000000002 281.4166666666667 -1 0 0
403.91666666666686 284.08333333333337 -1 0 0
411.91666666666686 285.75 -1 0 0
449.2500000000002 288.75 -1 0 0
450.58333333333354 284.4166666666667 -1 0 0
439.58333333333354 291.4166666666667 -1 0 0
438.2500000000002 287.75 -1 0 0
420.91666666666686 282.75 -1 0 0
414.58333333333354 283.4166666666667 -1 0 0
401.58333333333354 286.75 -1 0 0
438.58333333333354 284.4166666666667 -1 0 0
387.2500000000002 305.75 -1 0 0
463.91666666666686 306.4166666666667 -1 0 0
424.91666666666686 287.75 -1 0 0
674.2500000000002 403.25 -1 0 0
987.9343156843157 346.3998501498501 -1 0 0
984.8653846153846 320.8254245754245 -1 0 0
1002.255994005994 327.9862637362637 -1 0 0
1015.5546953046952 324.91733266733263 -1 0 0
1019.6466033966034 348.44580419580416 -1 0 0
1003.2789710289711 499.84640359640355 -1 0 0
720.9373126873127 309.5726773226773 -1 0 0
745.4887612387612 309.5726773226773 -1 0 0
724.0062437562437 302.4118381618381 -1 0 0
761.8563936063936 308.54970029970025 -1 0 0
770.0402097902098 322.8713786213786 -1 0 0
751.6266233766233 327.9862637362637 -1 0 0
725.0292207792207 332.0781718281718 -1 0 0
785.3848651348652 334.1241258741258 -1 0 0
784.3618881118881 315.7105394605394 -1 0 0
808.9133366633367 320.8254245754245 -1 0 0
816.0741758241758 304.4577922077922 -1 0 0
799.7065434565435 303.43481518481514 -1 0 0
856.9932567432567 306.5037462537462 -1 0 0
842.6715784215784 339.2390109890109 -1 0 0
828.3499000999001 327.9862637362637 -1 0 0
828.3499000999001 315.7105394605394 -1 0 0
898.9353146853147 315.7105394605394 -1 0 0
906.0961538461539 308.54970029970025 -1 0 0
708.6615884115884 301.3888611388611 -1 0 0
703.5467032967033 308.54970029970025 -1 0 0
428.38852813852805 642.1331168831169 -1 0 0
866.4837662337662 529.5790043290044 -1 0 0
