128.8102830502831 726.1009923409923 -1 0 0
124.71837495837507 693.3657276057278 -1 0 0
103.23585747585759 642.2168764568765 -1 0 0
100.16692640692652 603.3437495837496 -1 0 0
41.85723609723622 592.0910023310025 -1 0 0
33.67341991342003 566.5165767565769 -1 0 0
53.10998334998347 550.1489443889445 -1 0 0
27.535557775557926 526.620472860473 -1 0 0
38.78830502830514 455.0120812520814 -1 0 0
36.742350982351105 406.93216117216133 -1 0 0
43.90319014319025 387.4955977355978 -1 0 0
9.121971361971472 480.58650682650693 -1 0 0
21.397695637695772 359.8752181152182 -1 0 0
25.489603729603843 341.4616317016318 -1 0 0
60.27082251082262 300.54255078255085 -1 0 0
74.59250083250096 328.16293040293056 -1 0 0
50.0410522810524 267.8072860472861 -1 0 0
37.76532800532814 254.50858474858484 -1 0 0
19.35174159174174 241.2098834498836 -1 0 0
32.65044289044304 173.69339993340003 -1 0 0
56.17891441891455 204.38271062271068 -1 0 0
75.615477855478 218.70438894438908 -1 0 0
78.68440892440901 245.3017915417917 -1 0 0
59.24784548784563 123.56752580752587 -1 0 0
40.83425907425922 114.36073260073269 -1 0 0
71.5235697635699 113.33775557775566 -1 0 0
80.73036297036312 100.03905427905441 -1 0 0
22.420672660672768 50.936157176157295 -1 0 0
42.880213120213256 18.200892440892545 -1 0 0
74.59250083250096 32.52257076257083 -1 0 0
114.48860472860486 85.71737595737602 -1 0 0
123.69539793539808 22.292800532800612 -1 0 0
151.31577755577766 78.55653679653692 -1 0 0
144.1549383949385 134.82027306027314 -1 0 0
148.24684648684658 163.4636297036298 -1 0 0
128.81028305028318 181.87721611721616 -1 0 0
134.9481451881453 198.2448484848486 -1 0 0
106.30478854478866 180.85423909423923 -1 0 0
104.25883449883463 157.32576756576765 -1 0 0
154.38470862470874 213.58950382950388 -1 0 0
131.87921411921423 224.84225108225112 -1 0 0
152.3387545787547 247.34774558774566 -1 0 0
174.84424908424918 256.5545387945388 -1 0 0
140.0630303030304 289.2898035298036 -1 0 0
104.25883449883463 332.2548384948386 -1 0 0
95.0520412920414 361.92117216117225 -1 0 0
119.60348984348995 366.0130802530804 -1 0 0
131.87921411921423 390.56452880452895 -1 0 0
128.81028305028318 405.90918414918434 -1 0 0
141.08600732600743 433.5295637695639 -1 0 0
180.98211122211134 456.0350582750584 -1 0 0
124.71837495837507 524.5745188145189 -1 0 0
134.9481451881453 569.585507825508 -1 0 0
149.26982350982362 579.8152780552782 -1 0 0
161.54554778554788 582.8842091242093 -1 0 0
171.77531801531816 593.1139793539795 -1 0 0
203.4876057276058 615.6194738594739 -1 0 0
220.87821511821522 647.3317615717617 -1 0 0
238.26882450882462 667.7913020313023 -1 0 0
252.5905028305029 704.618474858475 -1 0 0
263.8432500832502 734.2848085248087 -1 0 0
287.37172161172174 717.9171761571763 -1 0 0
320.1069863469865 676.9980952380954 -1 0 0
320.1069863469865 615.6194738594739 -1 0 0
288.39469863469867 607.4356576756578 -1 0 0
279.1879054279055 578.7923010323012 -1 0 0
260.77431901431913 590.0450482850484 -1 0 0
281.2338594738596 549.1259673659675 -1 0 0
253.61347985347996 520.4826107226108 -1 0 0
295.5555377955379 501.0460472860474 -1 0 0
256.682410922411 468.31078255078273 -1 0 0
266.91218115218123 447.85124209124217 -1 0 0
225.99310023310034 412.04704628704644 -1 0 0
221.90119214119227 383.40368964368975 -1 0 0
197.34974358974364 375.21987345987355 -1 0 0
196.3267665667667 355.78331002331015 -1 0 0
187.11997335997344 345.55353979353987 -1 0 0
171.77531801531816 321.0020912420914 -1 0 0
152.3387545787547 310.7723210123211 -1 0 0
193.25783549783557 288.26682650682665 -1 0 0
209.62546786546795 234.04904428904442 -1 0 0
195.30378954378966 212.56652680652692 -1 0 0
208.6024908424909 202.3367565767567 -1 0 0
184.0510422910424 194.15294039294045 -1 0 0
191.2118814518816 180.85423909423923 -1 0 0
176.89020313020325 128.68241092241098 -1 0 0
201.44165168165182 148.11897435897447 -1 0 0
190.18890442890455 81.62546786546795 -1 0 0
223.94714618714633 103.10798534798543 -1 0 0
227.01607725607738 12.063030303030391 -1 0 0
193.25783549783557 10.01707625707631 -1 0 0
259.75134199134214 6.948145188145282 -1 0 0
303.7393539793541 5.92516816516824 -1 0 0
325.2218714618716 6.948145188145282 -1 0 0
266.91218115218123 99.01607725607735 -1 0 0
266.91218115218123 163.4636297036298 -1 0 0
242.3607326007327 161.41767565767572 -1 0 0
244.40668664668678 185.96912420912435 -1 0 0
272.0270662670664 220.75034299034317 -1 0 0
228.03905427905443 243.2558374958376 -1 0 0
233.1539393939395 255.53156177156188 -1 0 0
242.3607326007327 280.0830103230104 -1 0 0
255.65943389943405 254.50858474858484 -1 0 0
258.72836496836504 296.4506426906429 -1 0 0
279.1879054279055 293.38171162171176 -1 0 0
293.5095837495839 309.74934398934414 -1 0 0
266.91218115218123 346.5765168165169 -1 0 0
282.2568364968366 378.28880452880463 -1 0 0
295.5555377955379 411.02406926406945 -1 0 0
254.636456876457 421.2538394938397 -1 0 0
323.1759174159175 436.5984948384949 -1 0 0
330.3367565767567 481.609483849484 -1 0 0
358.98011322011325 480.58650682650693 -1 0 0
377.3936996336997 501.0460472860474 -1 0 0
380.4626307026308 527.6434498834501 -1 0 0
409.10598734598744 515.3677256077258 -1 0 0
369.20988344988353 602.3207725607728 -1 0 0
397.8532400932402 601.2977955377957 -1 0 0
352.84225108225115 697.4576356976359 -1 0 0
381.4856077256078 654.4926007326009 -1 0 0
390.692400932401 725.0780153180154 -1 0 0
427.5195737595738 757.8132800532802 -1 0 0
468.4386546786548 707.6874059274061 -1 0 0
487.8752181152182 738.3767166167167 -1 0 0
521.63345987346 747.58350982351 -1 0 0
540.0470462870463 699.5035897435899 -1 0 0
510.3807126207127 679.0440492840494 -1 0 0
486.8522410922412 657.5615318015319 -1 0 0
432.6344588744589 667.7913020313023 -1 0 0
410.1289643689645 642.2168764568765 -1 0 0
416.26682650682665 553.2178754578756 -1 0 0
431.611481851482 526.620472860473 -1 0 0
426.49659673659687 455.0120812520814 -1 0 0
410.1289643689645 429.4376556776558 -1 0 0
386.6004928404929 420.2308624708626 -1 0 0
371.2558374958376 390.56452880452895 -1 0 0
329.3137795537797 372.15094239094253 -1 0 0
362.04904428904445 310.7723210123211 -1 0 0
341.58950382950394 299.5195737595739 -1 0 0
327.2678255078256 292.3587345987347 -1 0 0
325.2218714618716 281.10598734598744 -1 0 0
305.7853080253081 252.46263070263086 -1 0 0
305.7853080253081 236.0949983349984 -1 0 0
290.44065268065276 224.84225108225112 -1 0 0
317.03805527805537 208.47461871461883 -1 0 0
330.3367565767567 234.04904428904442 -1 0 0
357.9571361971363 255.53156177156188 -1 0 0
386.6004928404929 323.0480452880454 -1 0 0
390.692400932401 344.5305627705629 -1 0 0
413.1978954378955 309.74934398934414 -1 0 0
391.715377955378 290.3127805527806 -1 0 0
378.41667665667677 278.0370562770563 -1 0 0
368.18690642690655 268.83026307026313 -1 0 0
341.58950382950394 196.19889443889457 -1 0 0
356.93415917415933 185.96912420912435 -1 0 0
317.03805527805537 157.32576756576765 -1 0 0
288.39469863469867 131.75134199134212 -1 0 0
325.2218714618716 64.23485847485854 -1 0 0
351.8192740592742 138.9121811521812 -1 0 0
374.32476856476865 175.73935397935412 -1 0 0
414.22087246087256 179.8312620712622 -1 0 0
431.611481851482 128.68241092241098 -1 0 0
387.62346986346995 64.23485847485854 -1 0 0
366.1409523809525 45.821272061272175 -1 0 0
402.9681252081253 40.70638694638707 -1 0 0
454.1169763569764 84.69439893439898 -1 0 0
464.34674658674675 35.59150183150196 -1 0 0
508.3347585747586 16.154938394938462 -1 0 0
492.9901032301033 51.95913419913433 -1 0 0
483.7833100233101 100.03905427905441 -1 0 0
512.4266666666668 97.99310023310032 -1 0 0
521.63345987346 146.0730203130204 -1 0 0
547.2078854478855 156.30279054279063 -1 0 0
585.0580352980354 128.68241092241098 -1 0 0
573.8052880452881 89.80928404928419 -1 0 0
544.1389543789545 89.80928404928419 -1 0 0
560.5065867465869 49.91318015318025 -1 0 0
607.56352980353 81.62546786546795 -1 0 0
617.7933000333002 122.54454878454892 -1 0 0
649.5055877455878 130.72836496836507 -1 0 0
590.1729204129206 191.08400932400946 -1 0 0
632.1149783549785 188.0150782550784 -1 0 0
648.4826107226108 169.60149184149196 -1 0 0
662.8042890442892 224.84225108225112 -1 0 0
583.0120812520813 241.2098834498836 -1 0 0
541.0700233100234 261.66942390942404 -1 0 0
518.5645288045289 273.94514818514835 -1 0 0
513.4496436896436 298.49659673659687 -1 0 0
502.19689643689645 313.8412520812522 -1 0 0
498.1049883449884 334.30079254079266 -1 0 0
478.66842490842504 305.6574358974361 -1 0 0
458.2088844488846 314.86422910422925 -1 0 0
441.8412520812522 300.54255078255085 -1 0 0
432.6344588744589 339.41567765567777 -1 0 0
442.86422910422925 363.96712620712634 -1 0 0
460.25483849483857 380.3347585747587 -1 0 0
458.2088844488846 408.97811521811525 -1 0 0
472.5305627705629 431.48360972360985 -1 0 0
506.28880452880463 438.644448884449 -1 0 0
534.9321611721613 382.38071262071276 -1 0 0
535.9551381951383 362.9441491841493 -1 0 0
522.6564368964371 343.50758574758584 -1 0 0
547.2078854478855 310.7723210123211 -1 0 0
429.5655278055279 267.8072860472861 -1 0 0
443.8872061272062 228.9341591741593 -1 0 0
433.65743589743596 248.3707226107227 -1 0 0
464.34674658674675 236.0949983349984 -1 0 0
483.7833100233101 220.75034299034317 -1 0 0
647.4596336996337 286.22087246087256 -1 0 0
621.8852081252082 295.42766566766585 -1 0 0
627.0000932400933 321.0020912420914 -1 0 0
603.4716217116219 310.7723210123211 -1 0 0
580.9661272061273 349.645447885448 -1 0 0
605.5175757575759 354.7603330003331 -1 0 0
640.2987945387946 399.7713220113221 -1 0 0
624.9541391941392 380.3347585747587 -1 0 0
650.5285647685648 350.66842490842504 -1 0 0
664.8502430902431 360.89819513819526 -1 0 0
676.1029903429903 376.2428504828506 -1 0 0
660.758334998335 424.3227705627707 -1 0 0
525.725367965368 578.7923010323012 -1 0 0
532.8862071262072 602.3207725607728 -1 0 0
556.4146786546787 610.5045887445889 -1 0 0
584.0350582750584 715.8712221112223 -1 0 0
570.7363569763571 744.5145787545789 -1 0 0
614.7243689643689 683.1359573759576 -1 0 0
619.8392540792543 735.3077855477857 -1 0 0
625.9771162171163 758.8362570762573 -1 0 0
657.689403929404 727.1239693639695 -1 0 0
696.562530802531 719.9631302031304 -1 0 0
693.4935997335997 631.9871062271063 -1 0 0
663.8272660672662 614.596496836497 -1 0 0
663.8272660672662 593.1139793539795 -1 0 0
695.5395537795539 584.9301631701633 -1 0 0
666.8961971361972 558.3327605727608 -1 0 0
634.1609324009324 579.8152780552782 -1 0 0
606.5405527805527 574.7003929403932 -1 0 0
590.1729204129206 544.0110822510824 -1 0 0
584.0350582750584 531.7353579753582 -1 0 0
580.9661272061273 512.2987945387946 -1 0 0
565.621471861472 493.8852081252083 -1 0 0
533.9091841491843 499.0000932400934 -1 0 0
500.1509423909425 503.0920013320015 -1 0 0
515.4955977355978 474.4486446886448 -1 0 0
496.0590342990344 468.31078255078273 -1 0 0
468.4386546786548 489.7933000333002 -1 0 0
464.34674658674675 473.42566766566785 -1 0 0
552.3227705627706 415.11597735597746 -1 0 0
566.6444488844489 446.8282650682651 -1 0 0
603.4716217116219 464.21887445887455 -1 0 0
613.7013919413921 437.62147186147195 -1 0 0
622.908185148185 511.2758175158177 -1 0 0
645.4136796536797 523.5515417915419 -1 0 0
689.4016916416917 511.2758175158177 -1 0 0
685.3097835497837 482.632460872461 -1 0 0
710.8842091242092 531.7353579753582 -1 0 0
728.2748185148187 557.3097835497837 -1 0 0
754.8722211122212 554.2408524808527 -1 0 0
757.9411521811522 572.6544388944391 -1 0 0
730.3207725607725 610.5045887445889 -1 0 0
759.9871062271064 605.3897036297037 -1 0 0
788.6304628704628 613.57351981352 -1 0 0
778.4006926406928 642.2168764568765 -1 0 0
757.9411521811522 622.7803130203132 -1 0 0
790.676416916417 687.2278654678656 -1 0 0
791.6993939393941 661.6534398934401 -1 0 0
817.2738195138194 752.6983949383952 -1 0 0
861.2618315018316 649.3777156177158 -1 0 0
839.779314019314 629.9411521811523 -1 0 0
816.2508424908425 628.9181751581754 -1 0 0
828.5265667665668 601.2977955377957 -1 0 0
823.4116816516818 558.3327605727608 -1 0 0
788.6304628704628 545.0340592740594 -1 0 0
763.0560372960373 508.2068864468866 -1 0 0
745.665427905428 497.97711621711636 -1 0 0
755.8951981351983 476.49459873459887 -1 0 0
730.3207725607725 445.8052880452882 -1 0 0
705.7693240093241 438.644448884449 -1 0 0
727.2518414918417 403.86323010323014 -1 0 0
705.7693240093241 403.86323010323014 -1 0 0
690.4246686646687 357.8292640692642 -1 0 0
702.700392940393 343.50758574758584 -1 0 0
718.0450482850484 321.0020912420914 -1 0 0
879.6754179154178 689.2738195138197 -1 0 0
916.5025907425909 711.7793140193141 -1 0 0
902.1809124209124 753.7213719613721 -1 0 0
926.7323609723609 760.8822111222113 -1 0 0
958.4446486846487 687.2278654678656 -1 0 0
995.2718215118217 715.8712221112223 -1 0 0
1012.6624309024309 731.2158774558776 -1 0 0
1015.7313619713622 671.8832101232103 -1 0 0
1006.524568764569 642.2168764568765 -1 0 0
951.2838095238095 652.4466466866468 -1 0 0
897.0660273060273 638.1249683649685 -1 0 0
930.8242690642691 613.57351981352 -1 0 0
876.6064868464869 604.3667266067267 -1 0 0
895.0200732600732 576.7463469863471 -1 0 0
885.8132800532801 552.1948984348986 -1 0 0
855.1239693639695 566.5165767565769 -1 0 0
856.1469463869465 533.7813120213121 -1 0 0
941.0540392940395 577.7693240093241 -1 0 0
955.3757176157177 541.9651282051284 -1 0 0
934.9161771561772 522.5285647685648 -1 0 0
926.7323609723609 494.90818514818534 -1 0 0
916.5025907425909 509.22986346986363 -1 0 0
901.1579353979355 499.0000932400934 -1 0 0
867.3996936396937 494.90818514818534 -1 0 0
878.652440892441 475.4716217116218 -1 0 0
841.8252680652681 489.7933000333002 -1 0 0
864.3307625707627 460.1269663669665 -1 0 0
842.8482450882452 434.5525407925409 -1 0 0
808.0670263070264 449.89719613719626 -1 0 0
799.8832101232102 422.27681651681667 -1 0 0
781.4696237096239 426.36872460872473 -1 0 0
762.0330602730603 418.1849084249086 -1 0 0
751.8032900432901 400.79429903429923 -1 0 0
783.5155777555777 391.58750582750594 -1 0 0
800.9061871461872 382.38071262071276 -1 0 0
785.5615318015318 377.26582750582764 -1 0 0
800.9061871461872 358.85224109224123 -1 0 0
738.5045887445889 314.86422910422925 -1 0 0
746.688404928405 257.57751581751586 -1 0 0
690.4246686646687 223.8192740592742 -1 0 0
683.2638295038295 170.624468864469 -1 0 0
730.3207725607725 215.63545787545794 -1 0 0
748.7343589743591 219.72736596736613 -1 0 0
750.780313020313 166.53256077256094 -1 0 0
718.0450482850484 177.7853080253081 -1 0 0
697.5855078255078 117.42966366966373 -1 0 0
650.5285647685648 77.53355977355989 -1 0 0
675.0800133200133 15.131961371961419 -1 0 0
702.700392940393 7.971122211122323 -1 0 0
737.4816117216119 55.028065268065355 -1 0 0
758.9641292041293 58.09699633699648 -1 0 0
750.780313020313 12.063030303030391 -1 0 0
795.791302031302 43.77531801531809 -1 0 0
826.4806127206127 34.56852480852491 -1 0 0
866.3767166167167 43.77531801531809 -1 0 0
779.4236696636698 152.21088245088254 -1 0 0
811.1359573759574 200.29080253080264 -1 0 0
779.4236696636698 212.56652680652692 -1 0 0
775.3317615717616 266.78430902430915 -1 0 0
811.1359573759574 273.94514818514835 -1 0 0
824.4346586746589 310.7723210123211 -1 0 0
865.3537395937398 417.16193140193155 -1 0 0
828.5265667665668 421.2538394938397 -1 0 0
913.4336596736596 477.5175757575759 -1 0 0
1000.3867066267068 567.5395537795539 -1 0 0
1002.4326606726609 615.6194738594739 -1 0 0
1020.8462470862472 598.2288644688646 -1 0 0
977.8812121212122 623.8032900432902 -1 0 0
949.2378554778554 605.3897036297037 -1 0 0
963.559533799534 412.04704628704644 -1 0 0
990.1569363969363 392.6104828504829 -1 0 0
920.5944988344991 352.7143789543791 -1 0 0
887.8592340992341 350.66842490842504 -1 0 0
848.9861072261073 310.7723210123211 -1 0 0
861.2618315018316 247.34774558774566 -1 0 0
889.9051881451882 281.10598734598744 -1 0 0
914.4566366966368 285.1978954378956 -1 0 0
944.1229703629705 266.78430902430915 -1 0 0
890.928165168165 224.84225108225112 -1 0 0
898.0890043290045 170.624468864469 -1 0 0
964.5825108225109 159.37172161172174 -1 0 0
1009.5934998334999 82.64844488844498 -1 0 0
986.0650283050281 32.52257076257083 -1 0 0
952.3067865467867 72.41867465867477 -1 0 0
914.4566366966368 28.430662670662763 -1 0 0
954.3527405927405 5.92516816516824 -1 0 0
