86.52679335604223 647.8116907693652 -1 0 0
132.4554375966131 642.5925266511185 -1 0 0
167.94575360069058 649.8993564166639 -1 0 0
202.39223678111867 642.5925266511185 -1 0 0
134.5431032439118 602.9268793524437 -1 0 0
168.98958642433993 577.8748915848596 -1 0 0
187.77857725002795 545.5160740517301 -1 0 0
148.11292995135312 530.9024145206394 -1 0 0
373.58081985961 596.6638824105477 -1 0 0
408.02730304003813 616.4967060598851 -1 0 0
390.2821450379994 641.5486938274692 -1 0 0
316.17001455889647 547.6037396990289 -1 0 0
339.1343366791819 561.1735664064703 -1 0 0
682.5553356598137 650.9431892403132 -1 0 0
698.212828014554 641.5486938274692 -1 0 0
685.6868341307618 595.6200495868983 -1 0 0
729.527812724034 528.8147488733408 -1 0 0
699.2566608382033 534.0339129915874 -1 0 0
644.9773540084376 551.7790709936262 -1 0 0
659.5910135395284 539.2530771098342 -1 0 0
598.0048769442176 593.5323839395998 -1 0 0
561.4707281164907 574.7433931139116 -1 0 0
501.97225716847845 650.9431892403132 -1 0 0
468.5696068116997 631.1103655909758 -1 0 0
428.903959513025 584.1378885267557 -1 0 0
273.37286878927364 616.4967060598851 -1 0 0
234.75105431424814 574.7433931139116 -1 0 0
261.8907077291309 588.313219821353 -1 0 0
321.38917867714315 636.3295297092226 -1 0 0
293.2056924386111 600.8392137051451 -1 0 0
141.84993300945712 563.2612320537688 -1 0 0
94.87745594523696 578.918724408509 -1 0 0
72.95696664860087 612.3213747652878 -1 0 0
47.90497888101677 620.6720373544824 -1 0 0
20.765325466133984 543.4284084044315 -1 0 0
41.64198193912077 525.6832504023928 -1 0 0
13.458495700588617 507.93809240035404 -1 0 0
41.64198193912077 490.1929343983153 -1 0 0
27.028322408030032 463.0532809834325 -1 0 0
34.3351521735754 427.562964979355 -1 0 0
76.08846511954887 436.957460392199 -1 0 0
118.8856108891717 466.1847794543805 -1 0 0
178.38408183718394 488.1052687510166 -1 0 0
281.72353137846835 523.595584755094 -1 0 0
370.449321388662 430.69446345030303 -1 0 0
433.0792908076223 508.9819252240033 -1 0 0
452.9121144569597 540.2969099334834 -1 0 0
488.40243046103717 578.918724408509 -1 0 0
516.5859166995692 550.7352381699769 -1 0 0
564.6022265874386 526.727083226042 -1 0 0
594.8733784732696 526.727083226042 -1 0 0
610.5308708280096 500.63126263480865 -1 0 0
647.0650196557364 500.63126263480865 -1 0 0
699.2566608382033 493.3244328692633 -1 0 0
717.001818840242 501.6750954584579 -1 0 0
741.0099737841767 504.80659392940606 -1 0 0
774.4126241409555 493.3244328692633 -1 0 0
810.9467729686824 515.2449221658994 -1 0 0
786.9386180247477 538.2092442861848 -1 0 0
807.8152744977344 564.3050648774182 -1 0 0
755.6236333152675 575.787225937561 -1 0 0
783.8071195537997 600.8392137051451 -1 0 0
820.3412683815264 596.6638824105477 -1 0 0
844.3494233254611 582.050222879457 -1 0 0
875.6644080349413 567.4365633483662 -1 0 0
891.3219003896813 551.7790709936262 -1 0 0
873.5767423876426 519.4202534604967 -1 0 0
838.0864263835651 518.3764206368475 -1 0 0
850.6124202673572 493.3244328692633 -1 0 0
245.18938255074153 544.4722412280809 -1 0 0
212.83056501761206 555.9544022882235 -1 0 0
90.7021246506396 551.7790709936262 -1 0 0
133.4992704202625 463.0532809834325 -1 0 0
122.01710936011975 438.00129321584836 -1 0 0
149.15676277500248 442.1766245104457 -1 0 0
166.9019207770412 419.2123023901603 -1 0 0
207.6114008993654 430.69446345030303 -1 0 0
204.4799024284174 463.0532809834325 -1 0 0
249.36471384533888 468.2724451016792 -1 0 0
259.80304208183225 488.1052687510166 -1 0 0
248.32088102168953 429.6506306266537 -1 0 0
297.38102373320845 433.825961921251 -1 0 0
276.5043672602216 419.2123023901603 -1 0 0
174.20875054258659 363.88916273674545 -1 0 0
122.01710936011975 403.55481003542025 -1 0 0
13.458495700588617 423.38763368475765 -1 0 0
28.07215523167935 402.5109772117709 -1 0 0
42.685814762770086 354.4946673239014 -1 0 0
66.69396970670486 359.7138314421481 -1 0 0
94.87745594523696 356.58233297120006 -1 0 0
74.00079947225018 335.7056764982133 -1 0 0
51.03647735196477 330.4865123799666 -1 0 0
516.5859166995692 466.1847794543805 -1 0 0
533.2872418779586 460.96561533613385 -1 0 0
586.5227158840748 444.26429015774437 -1 0 0
567.7337250583867 433.825961921251 -1 0 0
536.4187403489067 410.86163980096563 -1 0 0
558.3392296455427 410.86163980096563 -1 0 0
510.3229197576732 416.08080391921226 -1 0 0
492.57776175563447 429.6506306266537 -1 0 0
469.613439635349 422.3438008611084 -1 0 0
497.7969258738812 400.4233115644722 -1 0 0
509.27908693402395 339.88100779281064 -1 0 0
554.1638983509454 358.6699986184988 -1 0 0
668.9855089523725 488.1052687510166 -1 0 0
682.5553356598137 470.36011074897783 -1 0 0
697.1689951909045 468.2724451016792 -1 0 0
745.185305078774 473.49160921992586 -1 0 0
762.9304630808127 473.49160921992586 -1 0 0
815.1221042632797 460.96561533613385 -1 0 0
819.2974355578772 482.88610463276996 -1 0 0
878.7959065058893 455.7464512178871 -1 0 0
898.6287301552265 452.6149527469391 -1 0 0
909.06705839172 514.20108934225 -1 0 0
902.8040614498241 493.3244328692633 -1 0 0
942.4697087484988 507.93809240035404 -1 0 0
967.521696516083 507.93809240035404 -1 0 0
932.0313805120055 493.3244328692633 -1 0 0
953.9518698086415 460.96561533613385 -1 0 0
938.2943774539016 430.69446345030303 -1 0 0
919.5053866282134 422.3438008611084 -1 0 0
903.8478942734733 440.0889588631471 -1 0 0
970.653194987031 451.57111992328976 -1 0 0
959.1710339268883 417.12463674286164 -1 0 0
958.127201103239 372.2398253259401 -1 0 0
993.6175171073164 451.57111992328976 -1 0 0
1019.7133376985497 455.7464512178871 -1 0 0
980.047690399875 605.0145449997424 -1 0 0
947.6888728667456 641.5486938274692 -1 0 0
944.5573743957975 612.3213747652878 -1 0 0
889.2342347423826 597.707715234197 -1 0 0
787.982450848397 645.7240251220666 -1 0 0
1021.8010033458485 620.6720373544824 -1 0 0
959.1710339268883 560.1297335828209 -1 0 0
935.1628789829535 554.9105694645742 -1 0 0
951.8642041613429 526.727083226042 -1 0 0
904.8917270971228 373.2836581495894 -1 0 0
809.902940145033 354.4946673239014 -1 0 0
805.7276088504357 374.3274909732388 -1 0 0
778.5879554355529 378.50282226783617 -1 0 0
468.5696068116997 451.57111992328976 -1 0 0
466.481941164401 471.4039435726272 -1 0 0
464.39427551710247 496.4559313402113 -1 0 0
480.05176787184246 530.9024145206394 -1 0 0
506.1475884630759 530.9024145206394 -1 0 0
394.45747633259674 475.57927486722457 -1 0 0
412.2026343346355 460.96561533613385 -1 0 0
338.0905038555325 433.825961921251 -1 0 0
421.5971297474795 418.168469566511 -1 0 0
448.73678316236226 419.2123023901603 -1 0 0
453.955947280609 334.661843674564 -1 0 0
515.54208387592 322.13584979077194 -1 0 0
262.9345405527802 357.62616579484944 -1 0 0
221.18122760680677 349.27550320565473 -1 0 0
243.10171690344288 358.6699986184988 -1 0 0
194.04157419192404 354.4946673239014 -1 0 0
677.3361715415671 369.1083268549921 -1 0 0
640.8020227138403 363.88916273674545 -1 0 0
671.0731745996711 429.6506306266537 -1 0 0
635.5828585955936 463.0532809834325 -1 0 0
609.4870380043601 429.6506306266537 -1 0 0
616.7938677699055 396.24798026987486 -1 0 0
595.9172112969188 405.6424756827189 -1 0 0
643.9335211847883 404.59864285906957 -1 0 0
687.7744997780605 416.08080391921226 -1 0 0
730.5716455476833 460.96561533613385 -1 0 0
722.2209829584888 434.8697947449004 -1 0 0
710.738821898346 419.2123023901603 -1 0 0
744.1414722551248 400.4233115644722 -1 0 0
765.0181287281115 400.4233115644722 -1 0 0
807.8152744977344 431.73829627395236 -1 0 0
828.6919309707212 431.73829627395236 -1 0 0
769.1934600227089 446.35195580504313 -1 0 0
861.0507485038506 356.58233297120006 -1 0 0
848.5247546200584 344.05633908740805 -1 0 0
887.146569095084 352.4070016766027 -1 0 0
934.119046159304 361.8014970894468 -1 0 0
989.442185812719 350.319336029304 -1 0 0
961.258699574187 329.4426795563173 -1 0 0
939.3382102775508 313.78518720157723 -1 0 0
916.3738881572654 323.17968261442127 -1 0 0
848.5247546200584 281.42636966844776 -1 0 0
876.7082408585906 313.78518720157723 -1 0 0
857.9192500329026 310.6536887306292 -1 0 0
854.7877515619546 328.39884673266795 -1 0 0
834.9549279126171 328.39884673266795 -1 0 0
807.8152744977344 335.7056764982133 -1 0 0
789.0262836720462 328.39884673266795 -1 0 0
864.1822469747985 415.036971095563 -1 0 0
890.2780675660321 416.08080391921226 -1 0 0
1018.6695048749004 373.2836581495894 -1 0 0
1005.099678167459 359.7138314421481 -1 0 0
1011.3626751093552 332.5741780272653 -1 0 0
1020.7571705221992 354.4946673239014 -1 0 0
1001.968179696511 315.8728528488759 -1 0 0
986.310687341771 310.6536887306292 -1 0 0
974.8285262816282 300.21536049413584 -1 0 0
970.653194987031 281.42636966844776 -1 0 0
953.9518698086415 284.5578681393958 -1 0 0
924.7245507464601 281.42636966844776 -1 0 0
941.4258759248495 244.89222084072094 -1 0 0
966.4778636924335 268.90037578465575 -1 0 0
982.1353560471737 253.24288342991562 -1 0 0
1017.6256720512512 279.3387040211491 -1 0 0
1017.6256720512512 240.71688954612358 -1 0 0
1015.5380064039524 196.87591095285137 -1 0 0
155.41975971689848 344.05633908740805 -1 0 0
116.79794524187302 367.0206612076934 -1 0 0
139.76226736215847 339.88100779281064 -1 0 0
135.5869360675611 313.78518720157723 -1 0 0
99.05278723983429 323.17968261442127 -1 0 0
58.343307117510136 305.4345246123825 -1 0 0
19.721492642484666 310.6536887306292 -1 0 0
10.326997229640618 320.04818414347324 -1 0 0
28.07215523167935 313.78518720157723 -1 0 0
38.510483468172716 276.2072055502011 -1 0 0
21.809158289783348 288.73319943399315 -1 0 0
14.502328524237983 281.42636966844776 -1 0 0
6.151665935043298 290.8208650812918 -1 0 0
15.5461613478873 255.3305490772143 -1 0 0
39.55431629182208 266.81271013735704 -1 0 0
90.7021246506396 261.59354601911036 -1 0 0
68.7816353540035 274.11953990290243 -1 0 0
80.26379641414623 288.73319943399315 -1 0 0
127.23627347836639 276.2072055502011 -1 0 0
161.68275665879457 478.71077333817254 -1 0 0
292.1618596149617 649.8993564166639 -1 0 0
101.40141109304528 302.82494255325923 -1 0 0
125.9314824488047 292.9085307285905 -1 0 0
165.0752133356549 275.68528913837645 -1 0 0
165.59712974747953 257.9401311363377 -1 0 0
141.0670583917201 260.54971319546104 -1 0 0
130.10681374340206 260.02779678363635 -1 0 0
123.32190038968139 246.45797007619498 -1 0 0
104.01099315216864 250.63330137079237 -1 0 0
89.9192500329026 238.1073074870003 -1 0 0
76.87133973728587 249.06755213531835 -1 0 0
76.87133973728587 228.7128120741562 -1 0 0
146.2862225099668 216.70873460218885 -1 0 0
162.46563127653152 203.1389078947475 -1 0 0
148.37388815726547 182.2622514217607 -1 0 0
127.49723168427874 193.22249607007876 -1 0 0
101.40141109304528 196.87591095285146 -1 0 0
87.8315843856039 197.91974377650078 -1 0 0
93.57266491567523 171.82392318526738 -1 0 0
47.122104263279745 165.5609262433713 -1 0 0
45.03443861598106 148.85960106498192 -1 0 0
37.20569243861104 189.5690811873061 -1 0 0
17.372868789273618 198.44166018832544 -1 0 0
18.93861802474762 228.19089566233157 -1 0 0
37.20569243861104 250.63330137079237 -1 0 0
34.074193967663014 131.11444306294317 -1 0 0
18.41670161292296 125.37336253287181 -1 0 0
9.544122611903594 122.2418640619238 -1 0 0
9.544122611903594 105.5405388835344 -1 0 0
5.890707729130911 84.14196599872298 -1 0 0
22.592032907520302 79.96663470412561 -1 0 0
43.99060579233172 132.68019229841718 -1 0 0
62.779596618019795 136.85552359301454 -1 0 0
59.12618173524711 121.19803123827445 -1 0 0
65.91109508896781 109.19395376630708 -1 0 0
72.6960084426885 117.54461635550176 -1 0 0
78.95900538458454 86.75154805784635 -1 0 0
87.8315843856039 61.177643878437564 -1 0 0
100.35757826939597 61.177643878437564 -1 0 0
104.01099315216864 109.19395376630708 -1 0 0
92.00691568020123 109.19395376630708 -1 0 0
87.8315843856039 123.80761329739781 -1 0 0
84.70008591465587 134.76785794571586 -1 0 0
112.36165574136334 132.68019229841718 -1 0 0
102.96716032851928 135.81169076936519 -1 0 0
119.14656909508402 118.58844917915113 -1 0 0
119.14656909508402 143.11852053491054 -1 0 0
120.19040191873339 97.71179270616435 -1 0 0
113.40548856501265 64.83105876121024 -1 0 0
181.77653851404426 184.34991706905942 -1 0 0
159.33413280558352 136.33360718118985 -1 0 0
180.73270569039494 132.68019229841718 -1 0 0
197.43403086878436 141.55277129943656 -1 0 0
175.51354157214826 88.83921370514499 -1 0 0
164.03138051200557 79.96663470412561 -1 0 0
176.55737439579758 73.70363776222962 -1 0 0
143.67664045084348 70.05022287945692 -1 0 0
143.1547240390188 109.71587017813177 -1 0 0
194.824448809661 206.27040636569546 -1 0 0
186.4737862204663 216.70873460218885 -1 0 0
180.2107892785703 231.32239413327957 -1 0 0
192.21486675053762 227.66897925050694 -1 0 0
196.91211445695967 245.4141372525457 -1 0 0
195.86828163331032 270.9880414319544 -1 0 0
184.38612057316763 267.8565429610064 -1 0 0
210.48194116440104 248.02371931166903 -1 0 0
173.42587592484958 341.9686734401094 -1 0 0
183.34228774951825 325.78926467354466 -1 0 0
178.64504004309626 311.17560514245395 -1 0 0
159.33413280558352 323.17968261442127 -1 0 0
211.52577398805042 330.48651237996665 -1 0 0
237.62159457928382 335.7056764982134 -1 0 0
280.9406567607313 294.9961963758892 -1 0 0
291.90090140904937 276.2072055502011 -1 0 0
321.1282204712308 292.9085307285905 -1 0 0
353.4870380043603 280.9044532566231 -1 0 0
331.04463229589953 274.64145631472707 -1 0 0
335.2199635904969 251.15521778261694 -1 0 0
328.9569666486009 231.84431054510426 -1 0 0
311.2118086465622 240.71688954612364 -1 0 0
290.8570685854001 245.93605366437032 -1 0 0
298.16389835094543 258.46204754816233 -1 0 0
313.8213907056854 263.68121166640907 -1 0 0
268.936579288764 273.0757070792531 -1 0 0
261.1078331113939 266.2907937255324 -1 0 0
246.4941735803032 248.02371931166903 -1 0 0
243.88459152117989 239.6730567224743 -1 0 0
224.5736842836671 253.24288342991568 -1 0 0
232.40243046103714 270.9880414319544 -1 0 0
224.5736842836671 287.6893666103438 -1 0 0
224.05176787184246 223.49364795590958 -1 0 0
217.2668545181218 189.5690811873061 -1 0 0
217.78877092994642 171.30200677344266 -1 0 0
259.02016746409527 189.5690811873061 -1 0 0
268.936579288764 199.4854930119748 -1 0 0
258.49825105227063 206.27040636569546 -1 0 0
240.75309305023183 212.53340330759153 -1 0 0
189.6052846914143 197.91974377650078 -1 0 0
73.73984126633786 207.8361556011695 -1 0 0
12.153704671026937 180.17458577446203 -1 0 0
135.84789427347343 140.50893847578718 -1 0 0
141.5889748035448 131.6363594747678 -1 0 0
301.8173132337181 229.7566448978056 -1 0 0
286.15982087897805 231.84431054510426 -1 0 0
305.4707281164908 218.79640024948756 -1 0 0
317.99672200028283 230.80047772145494 -1 0 0
307.55839376378947 212.53340330759153 -1 0 0
319.04055482393215 196.87591095285146 -1 0 0
302.3392296455428 190.61291401095542 -1 0 0
301.8173132337181 161.90751136059865 -1 0 0
300.7734804100687 150.9472667122806 -1 0 0
274.1557434070106 147.81576824133253 -1 0 0
251.19142128672524 149.38151747680655 -1 0 0
261.6297495232186 149.90343388863127 -1 0 0
386.8896883611391 284.55786813939585 -1 0 0
412.9855089523726 302.82494255325923 -1 0 0
466.2209829584887 317.9605184961746 -1 0 0
481.3565589014042 307.5221902596812 -1 0 0
495.9702184324949 311.17560514245395 -1 0 0
481.3565589014042 286.6455337866945 -1 0 0
489.7072214905989 268.3784593728311 -1 0 0
487.6195558433002 253.24288342991568 -1 0 0
465.17715013483945 239.6730567224743 -1 0 0
439.60324595543074 229.7566448978056 -1 0 0
424.46767001251527 231.84431054510426 -1 0 0
416.11700742332056 229.7566448978056 -1 0 0
403.5910135395285 240.71688954612364 -1 0 0
387.41160477296376 249.06755213531835 -1 0 0
374.88561088917174 237.06347466335095 -1 0 0
382.19244065471713 223.49364795590958 -1 0 0
362.88153341720437 220.8840658967862 -1 0 0
341.4829605323929 226.10323001503284 -1 0 0
387.41160477296376 169.214341126144 -1 0 0
398.37184942128187 160.34176212512463 -1 0 0
380.6266914192431 158.77601288965064 -1 0 0
384.8020227138405 149.38151747680655 -1 0 0
369.1445303591004 154.6006815950533 -1 0 0
366.0130318881524 147.2938518295079 -1 0 0
349.3117067097629 146.77193541768324 -1 0 0
344.6144590033409 138.9431892403132 -1 0 0
330.00079947225015 142.5966041230859 -1 0 0
335.2199635904969 129.54869382746918 -1 0 0
340.43912770874357 117.02269994367713 -1 0 0
325.30355176582816 114.93503429637845 -1 0 0
305.99264452831545 135.81169076936519 -1 0 0
295.5543162918221 124.32952970922244 -1 0 0
304.94881170466607 112.32545223725508 -1 0 0
275.19957623066 121.19803123827445 -1 0 0
262.67358234686793 124.32952970922244 -1 0 0
243.3626751093552 113.89120147272908 -1 0 0
236.05584534380984 122.2418640619238 -1 0 0
191.1710339268883 108.6720373544824 -1 0 0
198.4778636924337 123.80761329739781 -1 0 0
218.3106873417711 119.63228200280045 -1 0 0
225.61751710731647 101.36520758893703 -1 0 0
221.4421858127191 83.6200495868983 -1 0 0
236.05584534380984 66.39680799668425 -1 0 0
244.9284243448292 91.97071217609299 -1 0 0
261.1078331113939 85.18579882237229 -1 0 0
263.7174151705173 103.45287323623572 -1 0 0
336.7857128259709 100.32137476528771 -1 0 0
334.69804717867225 86.75154805784635 -1 0 0
336.26379641414627 66.39680799668425 -1 0 0
292.9447342326987 99.27754194163835 -1 0 0
366.53494829997703 133.20210871024187 -1 0 0
367.57878112362636 123.80761329739781 -1 0 0
362.3596170053796 108.6720373544824 -1 0 0
412.9855089523726 184.87183348088405 -1 0 0
415.59509101149587 168.17050830249465 -1 0 0
429.16491771893726 204.18274071839681 -1 0 0
441.1689951909047 201.57315865927347 -1 0 0
460.47990242841746 206.79232277752016 -1 0 0
464.13331731119 194.26632889372812 -1 0 0
444.82241007367725 171.30200677344266 -1 0 0
434.90599824900875 145.7281025940339 -1 0 0
420.2923387179179 152.51301594775458 -1 0 0
419.2485058942686 133.20210871024187 -1 0 0
418.2046730706192 122.2418640619238 -1 0 0
405.6786791868272 123.80761329739781 -1 0 0
392.10885247938586 136.85552359301454 -1 0 0
380.6266914192431 130.5925266511185 -1 0 0
383.7581898901911 123.28569688557313 -1 0 0
386.3677719493145 114.41311788455376 -1 0 0
384.8020227138405 107.1062881190084 -1 0 0
362.88153341720437 195.31016171737744 -1 0 0
327.3912174131269 187.4814155400074 -1 0 0
364.969199064503 87.27346446967098 -1 0 0
365.49111547632765 75.79130340952825 -1 0 0
372.2760288300484 295.51811278771385 -1 0 0
417.16084024696994 260.54971319546104 -1 0 0
434.384081837184 252.72096701809105 -1 0 0
430.20875054258653 265.2469609018831 -1 0 0
444.3004936618527 273.0757070792531 -1 0 0
489.7072214905989 195.8320781292021 -1 0 0
477.70314401863146 165.5609262433713 -1 0 0
456.30457113382 153.03493235957927 -1 0 0
410.3759268932492 100.32137476528771 -1 0 0
416.11700742332056 77.3570526450023 -1 0 0
405.6786791868272 66.39680799668425 -1 0 0
402.5471807158792 77.3570526450023 -1 0 0
380.10477500741837 64.83105876121024 -1 0 0
357.6623692989576 56.48039617201552 -1 0 0
348.7897902979383 55.95847976019088 -1 0 0
101.40141109304528 94.05837782339171 -1 0 0
507.9742959044622 290.29894866946717 -1 0 0
502.2332153743909 231.32239413327957 -1 0 0
507.45237949263765 215.14298536671484 -1 0 0
467.78673219396273 224.0155643677342 -1 0 0
494.92638560884546 158.25409647782595 -1 0 0
507.45237949263765 154.6006815950533 -1 0 0
756.6674661389169 343.01250626375867 -1 0 0
777.0222062000789 340.92484061645996 -1 0 0
750.4044691970208 323.7015990262459 -1 0 0
731.6154783713328 347.70975397018066 -1 0 0
747.2729707260728 360.7576642657974 -1 0 0
709.173072662872 329.4426795563173 -1 0 0
712.8264875456447 319.52626773164855 -1 0 0
692.9936638963072 314.8290200252265 -1 0 0
672.6389238351453 277.2510383738504 -1 0 0
589.6542143550229 273.5976234910777 -1 0 0
601.1363754151656 240.71688954612358 -1 0 0
641.8458555374898 289.7770322576424 -1 0 0
621.4911154763276 278.8167876093244 -1 0 0
748.8387199615469 237.06347466335086 -1 0 0
715.9579860165927 235.49772542787684 -1 0 0
775.456456964605 269.944208608305 -1 0 0
793.7235313784684 274.64145631472707 -1 0 0
801.0303611440137 300.7372769059605 -1 0 0
826.0823489115978 231.32239413327952 -1 0 0
792.679698554819 222.97173154408483 -1 0 0
877.2301572704154 258.98396395998697 -1 0 0
876.7082408585906 239.15114031064957 -1 0 0
848.5247546200586 248.54563572349358 -1 0 0
916.8958045690903 284.5578681393958 -1 0 0
923.6807179228108 251.67713419444158 -1 0 0
927.8560492174082 222.44981513226017 -1 0 0
906.9793927444215 215.1429853667148 -1 0 0
825.2994742938608 202.6169914829227 -1 0 0
818.5145609401401 201.57315865927336 -1 0 0
836.2597189421789 169.2143411261439 -1 0 0
863.3993723570616 193.22249607007868 -1 0 0
878.0130318881523 194.78824530555266 -1 0 0
873.837700593555 171.30200677344257 -1 0 0
863.9212887688864 173.9115888325659 -1 0 0
859.2240410624643 163.9951770078972 -1 0 0
825.8213907056854 158.25409647782584 -1 0 0
802.8570685854002 162.95134418424786 -1 0 0
803.9009014090494 151.46918312410517 -1 0 0
782.5023285242379 158.77601288965053 -1 0 0
768.4105854049719 173.9115888325659 -1 0 0
748.0558453438098 181.21841859811127 -1 0 0
763.7133376985499 205.22657354204605 -1 0 0
743.3585976373878 217.75256742583812 -1 0 0
755.3626751093552 208.8799884248187 -1 0 0
735.0079350481931 199.48549301197468 -1 0 0
739.7051827546152 177.04308730351394 -1 0 0
737.0956006954917 158.25409647782584 -1 0 0
750.1435109911084 150.94726671228045 -1 0 0
747.0120125201605 135.28977435754044 -1 0 0
717.784693457979 153.03493235957916 -1 0 0
708.390198045135 150.94726671228045 -1 0 0
695.3422877495183 157.21026365417652 -1 0 0
707.3463652214857 180.69650218628664 -1 0 0
674.9875476883562 172.34583959709192 -1 0 0
673.9437148647067 126.93911176834573 -1 0 0
649.9355599207721 132.6801922984171 -1 0 0
644.7163958025254 105.01862247170962 -1 0 0
659.3300553336162 105.01862247170962 -1 0 0
661.4177209809147 80.4885511159502 -1 0 0
683.3382102775508 99.79945835346294 -1 0 0
698.4737862204663 105.01862247170962 -1 0 0
714.653194987031 102.40904041258625 -1 0 0
702.6491175150636 84.14196599872288 -1 0 0
724.5696068116997 83.6200495868982 -1 0 0
734.4860186363685 71.09405570310615 -1 0 0
749.0996781674592 57.524228995664785 -1 0 0
774.6735823468679 89.36113011696958 -1 0 0
777.8050808178159 79.44471829230083 -1 0 0
755.3626751093552 99.79945835346294 -1 0 0
787.1995762306599 114.41311788455367 -1 0 0
780.4146628769392 126.93911176834573 -1 0 0
769.4544182286212 143.64043694673512 -1 0 0
785.1119105833612 138.42127282848844 -1 0 0
823.2118086465621 134.76785794571572 -1 0 0
816.4268952928414 121.19803123827435 -1 0 0
821.1241429992634 101.36520758893694 -1 0 0
813.2953968218934 93.01454499974226 -1 0 0
796.594071643504 90.40496294061889 -1 0 0
787.7214926424847 89.36113011696958 -1 0 0
792.9406567607314 77.87896905682683 -1 0 0
860.2678738861135 138.42127282848844 -1 0 0
857.1363754151656 119.63228200280035 -1 0 0
843.0446322958995 105.01862247170962 -1 0 0
834.6939697067048 119.63228200280035 -1 0 0
873.3157841817304 117.54461635550167 -1 0 0
884.2760288300483 115.97886712002767 -1 0 0
881.1445303591004 76.83513623317752 -1 0 0
900.9773540084378 75.79130340952815 -1 0 0
920.2882612459505 170.25817394979325 -1 0 0
918.7225120104765 132.6801922984171 -1 0 0
899.9335211847886 131.11444306294308 -1 0 0
906.7184345385091 120.67611482644972 -1 0 0
886.8856108891717 168.69242471431923 -1 0 0
892.626691419243 158.25409647782584 -1 0 0
944.81833260171 132.6801922984171 -1 0 0
933.3361715415673 123.80761329739772 -1 0 0
939.0772520716386 112.32545223725499 -1 0 0
920.2882612459505 118.58844917915098 -1 0 0
940.6430013071125 73.18172135040484 -1 0 0
928.1170074233205 54.39273052471674 -1 0 0
900.9773540084378 59.08997823113879 -1 0 0
883.232196006399 62.22147670208679 -1 0 0
887.4075273009963 41.34482022910001 -1 0 0
857.6582918269903 83.09813317507353 -1 0 0
840.4350502367761 88.31729729332025 -1 0 0
769.9763346404459 52.82698128924274 -1 0 0
721.9600247525765 55.43656334836611 -1 0 0
728.2230216944724 37.16948893450269 -1 0 0
732.9202694008944 32.47224122808064 -1 0 0
676.0313805120055 64.83105876121016 -1 0 0
720.916191928927 125.37336253287172 -1 0 0
725.6134396353491 115.97886712002767 -1 0 0
851.9172112969188 217.2306510140135 -1 0 0
948.9936638963072 217.75256742583812 -1 0 0
962.041574191924 222.4498151322601 -1 0 0
973.001818840242 184.87183348088396 -1 0 0
953.1689951909048 173.38967242074125 -1 0 0
949.515580308132 162.4294277724232 -1 0 0
1002.7510543142482 188.52524836365666 -1 0 0
1013.1893825507417 176.52117089168925 -1 0 0
994.9223081368782 94.05837782339157 -1 0 0
992.8346424895794 64.83105876121016 -1 0 0
980.8305650176122 61.17764387843742 -1 0 0
1006.9263856088454 63.26530952573611 -1 0 0
1013.1893825507417 55.95847976019074 -1 0 0
998.0538066078262 48.651649994645375 -1 0 0
973.5237352520667 50.73931564194405 -1 0 0
963.0854070155734 51.78314846559342 -1 0 0
944.2964161898852 48.12973358282074 -1 0 0
936.98958642434 33.51607405173001 -1 0 0
923.4197597168985 34.037990463554685 -1 0 0
909.849933009457 34.559906875379326 -1 0 0
963.0854070155734 69.52830646763215 -1 0 0
663.5053866282135 44.476318700048054 -1 0 0
657.764306098142 46.56398434734669 -1 0 0
650.4574763325968 44.476318700048054 -1 0 0
634.7999839778566 44.99823511187269 -1 0 0
637.4095660369801 36.12565611085332 -1 0 0
623.8397393295386 41.86673664092469 -1 0 0
623.317822917714 34.037990463554685 -1 0 0
605.0507485038506 43.43248587639869 -1 0 0
596.7000859146559 42.91056946457405 -1 0 0
582.6083427953898 55.43656334836611 -1 0 0
571.1261817352471 45.52015152369737 -1 0 0
560.6878534987537 58.04614540748942 -1 0 0
555.9906057923316 75.79130340952815 -1 0 0
547.1180267913124 77.87896905682683 -1 0 0
539.2892806139423 72.13788852675552 -1 0 0
588.3494233254611 75.79130340952815 -1 0 0
569.5604324997731 90.40496294061889 -1 0 0
561.2097699105784 145.72810259403383 -1 0 0
569.5604324997731 142.07468771126108 -1 0 0
595.6562530910066 142.59660412308583 -1 0 0
604.5288320920258 142.07468771126108 -1 0 0
614.9671603285193 145.72810259403383 -1 0 0
649.4136435089474 268.37845937283106 -1 0 0
661.4177209809147 260.0277967836363 -1 0 0
653.06705839172 243.32647160524695 -1 0 0
666.1149686873368 206.79232277752007 -1 0 0
691.166956454921 225.05939719138348 -1 0 0
681.2505446302523 240.71688954612353 -1 0 0
693.2546221022196 251.15521778261694 -1 0 0
704.7367831623623 230.80047772145485 -1 0 0
730.8326037535958 228.19089566233149 -1 0 0
723.0038575762258 286.12361737486975 -1 0 0
728.7449381062971 299.69344408231115 -1 0 0
709.9559472806089 299.1715276704865 -1 0 0
561.2097699105784 305.95644102420715 -1 0 0
554.9467729686824 297.6057784350125 -1 0 0
545.0303611440137 282.47020249209703 -1 0 0
547.639943203137 257.41821472451295 -1 0 0
542.942695496715 245.41413725254557 -1 0 0
531.982450848397 244.37030442889622 -1 0 0
515.2811256700076 260.0277967836363 -1 0 0
523.6317882592022 277.2510383738504 -1 0 0
539.2892806139423 208.8799884248187 -1 0 0
115.49315421231134 51.670771114691505 -1 0 0
106.09865879946733 44.36394134914614 -1 0 0
92.52883209202592 15.136622286964673 -1 0 0
84.17816950283124 11.48320740419199 -1 0 0
81.56858744370786 31.316031053529407 -1 0 0
59.64809814707179 36.53519517177609 -1 0 0
57.03851608794845 28.706448994406088 -1 0 0
65.38917867714315 19.83386999338672 -1 0 0
61.73576379437045 5.22021046229599 -1 0 0
52.86318479335109 20.355786405211358 -1 0 0
46.078271439630406 22.443452052510036 -1 0 0
39.293358085909716 35.49136234812677 -1 0 0
50.25360273422775 31.316031053529407 -1 0 0
47.6440206751044 41.75435929002282 -1 0 0
41.90294014503306 7.829792521419308 -1 0 0
41.90294014503306 3.654461226821989 -1 0 0
29.89886267306567 6.785959697769989 -1 0 0
25.723531378468326 13.048956639665992 -1 0 0
19.460534436572303 22.443452052510036 -1 0 0
11.631788259202253 15.136622286964673 -1 0 0
225.09560069549178 25.05303411163341 -1 0 0
219.8764365772451 20.355786405211358 -1 0 0
222.48601863636847 16.702371522438675 -1 0 0
212.56960681169974 21.399619228860725 -1 0 0
217.78877092994642 6.785959697769989 -1 0 0
221.96410222454378 5.22021046229599 -1 0 0
230.83668122556315 5.7421268741206255 -1 0 0
235.53392893198514 4.176377638646625 -1 0 0
236.57776175563453 11.48320740419199 -1 0 0
233.96817969651116 25.05303411163341 -1 0 0
242.8407586975305 27.140699758932087 -1 0 0
244.9284243448292 18.268120757912676 -1 0 0
368.62261394727574 32.88178028900341 -1 0 0
374.363694477347 25.05303411163341 -1 0 0
368.62261394727574 24.009201287984045 -1 0 0
362.88153341720437 21.92153564068536 -1 0 0
372.2760288300484 10.439374580542673 -1 0 0
370.18836318274975 18.790037169737356 -1 0 0
362.3596170053796 8.873625345068673 -1 0 0
347.7459574742889 16.18045511061399 -1 0 0
405.6786791868272 24.009201287984045 -1 0 0
412.46359254054784 25.05303411163341 -1 0 0
408.8101776577752 35.49136234812677 -1 0 0
402.0252643040545 38.10094440725009 -1 0 0
396.80610018580785 47.49543982009414 -1 0 0
376.9732765364704 56.36801882111351 -1 0 0
348.7897902979383 43.32010852549683 -1 0 0
421.33617154156724 38.10094440725009 -1 0 0
418.72658948244396 30.794114641704724 -1 0 0
430.20875054258653 23.487284876159357 -1 0 0
421.33617154156724 16.18045511061399 -1 0 0
420.81425512974255 10.439374580542673 -1 0 0
435.42791466083327 12.527040227841356 -1 0 0
430.7306669544113 3.1325448149973067 -1 0 0
404.1129299513532 3.1325448149973067 -1 0 0
403.5910135395285 14.614705875139991 -1 0 0
390.0211868320871 2.088711991347942 -1 0 0
447.4319921328007 40.71052646637346 -1 0 0
452.12923983922275 30.794114641704724 -1 0 0
445.86624289732674 25.574950523458043 -1 0 0
441.6909116027293 15.136622286964673 -1 0 0
451.607323427398 14.092789463315356 -1 0 0
464.13331731119 20.355786405211358 -1 0 0
468.3086486057875 35.49136234812677 -1 0 0
475.0935619595082 42.79819211367213 -1 0 0
462.567568075716 75.67892605862629 -1 0 0
471.44014707673546 68.89401270490556 -1 0 0
480.31272607775475 67.85017988125624 -1 0 0
491.7948871378975 67.85017988125624 -1 0 0
455.78265472199547 68.37209629308092 -1 0 0
445.86624289732674 67.32826346943156 -1 0 0
439.081329543606 79.33234094139893 -1 0 0
436.4717474844827 68.37209629308092 -1 0 0
487.09763943147544 150.83488936137857 -1 0 0
198.4778636924337 5.22021046229599 -1 0 0
203.69702781068037 4.176377638646625 -1 0 0
188.0395354559403 7.829792521419308 -1 0 0
342.00487694421753 10.439374580542673 -1 0 0
389.49927042026246 14.092789463315356 -1 0 0
481.8784753132287 10.961290992367307 -1 0 0
476.13739478315745 10.439374580542673 -1 0 0
494.92638560884546 20.355786405211358 -1 0 0
481.8784753132287 26.09686693528272 -1 0 0
482.9223081368782 18.268120757912676 -1 0 0
473.52781272403416 25.574950523458043 -1 0 0
494.92638560884546 5.22021046229599 -1 0 0
697.6909116027292 18.268120757912676 -1 0 0
710.2169054865212 16.18045511061399 -1 0 0
667.4197597168985 30.794114641704724 -1 0 0
652.8061001858077 26.09686693528272 -1 0 0
638.1924406547171 26.09686693528272 -1 0 0
635.5828585955937 14.614705875139991 -1 0 0
628.7979452418731 27.140699758932087 -1 0 0
622.5349482999769 20.355786405211358 -1 0 0
614.1842857107823 25.05303411163341 -1 0 0
610.5308708280096 18.790037169737356 -1 0 0
605.3117067097629 14.614705875139991 -1 0 0
582.3473845894775 30.794114641704724 -1 0 0
583.3912174131268 21.92153564068536 -1 0 0
572.9528891766334 20.355786405211358 -1 0 0
566.6898922347374 31.316031053529407 -1 0 0
560.4268952928414 21.399619228860725 -1 0 0
556.251563998244 39.14477723089946 -1 0 0
547.9009014090494 37.05711158360077 -1 0 0
545.8132357617507 28.706448994406088 -1 0 0
532.765325466134 38.62286081907477 -1 0 0
516.0640002877445 36.53519517177609 -1 0 0
518.1516659350432 52.71460393834082 -1 0 0
504.58183922760185 43.32010852549683 -1 0 0
510.8448361694979 27.140699758932087 -1 0 0
517.1078331113939 19.83386999338672 -1 0 0
510.8448361694979 17.74620434608804 -1 0 0
517.1078331113939 10.439374580542673 -1 0 0
525.4584957005886 5.22021046229599 -1 0 0
529.1119105833612 19.83386999338672 -1 0 0
530.6776598188353 26.09686693528272 -1 0 0
539.5502388198547 21.399619228860725 -1 0 0
549.4666506445234 17.74620434608804 -1 0 0
554.1638983509454 16.702371522438675 -1 0 0
576.0843876475814 14.614705875139991 -1 0 0
579.2158861185295 5.22021046229599 -1 0 0
720.6552337230147 30.794114641704724 -1 0 0
751.4483020206702 29.228365406230726 -1 0 0
748.3168035497222 23.487284876159357 -1 0 0
756.1455497270922 16.702371522438675 -1 0 0
760.3208810216895 27.662616170756724 -1 0 0
769.1934600227089 34.44752952447745 -1 0 0
773.3687913173062 31.316031053529407 -1 0 0
787.982450848397 22.443452052510036 -1 0 0
786.9386180247477 12.527040227841356 -1 0 0
799.4646119085396 17.74620434608804 -1 0 0
800.5084447321891 3.654461226821989 -1 0 0
823.9946832642992 20.355786405211358 -1 0 0
822.4289340288251 8.873625345068673 -1 0 0
804.6837760267864 76.20084247045092 -1 0 0
639.2362734783663 79.33234094139893 -1 0 0
646.5431032439118 78.2885081177496 -1 0 0
626.1883631827496 10.439374580542673 -1 0 0
768.6715436108842 17.74620434608804 -1 0 0
767.627710787235 8.873625345068673 -1 0 0
761.3647138453389 6.785959697769989 -1 0 0
900.455437596613 33.40369670082809 -1 0 0
887.929443712821 28.706448994406088 -1 0 0
880.1006975354511 27.662616170756724 -1 0 0
868.6185364753084 30.794114641704724 -1 0 0
960.47582495645 37.05711158360077 -1 0 0
953.1689951909048 34.44752952447745 -1 0 0
952.64707877908 23.487284876159357 -1 0 0
943.252583366236 25.05303411163341 -1 0 0
977.699066546664 14.092789463315356 -1 0 0
994.9223081368782 16.702371522438675 -1 0 0
1010.0578840797934 15.136622286964673 -1 0 0
986.5716455476835 42.79819211367213 -1 0 0
939.3382102775508 7.942169872321317 -1 0 0
902.8040614498241 2.72300575407468 -1 0 0
917.4177209809147 6.898337048671952 -1 0 0
851.6562530910064 2.72300575407468 -1 0 0
842.2617576781624 20.468163756113412 -1 0 0
855.8315843856038 18.380498108814685 -1 0 0
993.6175171073164 3.7668385777239513 -1 0 0
1006.1435109911084 3.7668385777239513 -1 0 0
985.2668545181217 3.7668385777239513 -1 0 0
979.0038575762258 2.72300575407468 -1 0 0
1016.5818392276017 2.72300575407468 -1 0 0
677.3361715415671 18.380498108814685 -1 0 0
671.0731745996711 18.380498108814685 -1 0 0
687.7744997780605 14.205166814217318 -1 0 0
680.4676700125152 31.950324816256053 -1 0 0
963.0854070155734 7.829792521419308 -1 0 0
956.8224100736772 3.654461226821989 -1 0 0
948.4717474844828 5.7421268741206255 -1 0 0
948.4717474844828 18.790037169737356 -1 0 0
928.1170074233205 11.48320740419199 -1 0 0
911.4156822449311 16.18045511061399 -1 0 0
906.1965181266845 12.527040227841356 -1 0 0
900.9773540084378 18.268120757912676 -1 0 0
892.1047750074183 14.614705875139991 -1 0 0
887.929443712821 19.83386999338672 -1 0 0
877.4911154763276 5.22021046229599 -1 0 0
902.0211868320871 7.829792521419308 -1 0 0
737.6175171073164 8.873625345068673 -1 0 0
724.5696068116997 8.873625345068673 -1 0 0
701.0833682795896 6.785959697769989 -1 0 0
658.2862225099668 17.74620434608804 -1 0 0
654.6328076271941 5.7421268741206255 -1 0 0
615.489076740344 2.088711991347942 -1 0 0
751.7092602265825 3.1325448149973067 -1 0 0
711.521696516083 7.307876109594625 -1 0 0
390.0211868320871 86.63917070694428 -1 0 0
420.81425512974255 84.55150505964565 -1 0 0
487.09763943147544 46.97352340826946 -1 0 0
978.2209829584888 25.05303411163341 -1 0 0
1018.4085466689882 17.74620434608804 -1 0 0
892.626691419243 316.39476926070057 -1 0 0
845.6542143550229 309.6098559069799 -1 0 0
826.8652235293348 315.8728528488759 -1 0 0
810.6858147627701 316.39476926070057 -1 0 0
913.5033478922298 353.4508345002521 -1 0 0
932.8142551297425 337.27142573368735 -1 0 0
590.1568391512257 642.5362159893035 -1 0 0
577.8811148755015 655.8349172880048 -1 0 0
620.8461498405364 656.8578943109818 -1 0 0
224.95404194842848 304.9537984068859 -1 0 0
194.2647312591178 302.9078443609318 -1 0 0
325.2057902001768 214.93182038490787 -1 0 0
403.9750209694075 219.0237284768159 -1 0 0
674.0409550353417 309.04570649879395 -1 0 0
995.2557402501269 80.92183037491779 -1 0 0
1003.4395564339432 413.3893628424504 -1 0 0
