30.70202247191012 87.76449438202235 -1 0 0
63.06157303370787 76.25887640449426 -1 0 0
70.6121348314607 70.86561797752796 -1 0 0
53.713258426966306 47.85438202247178 -1 0 0
31.42112359550562 43.180224719101005 -1 0 0
46.52224719101124 67.98921348314596 -1 0 0
62.70202247191013 32.75325842696617 -1 0 0
51.19640449438203 41.02292134831448 -1 0 0
46.52224719101124 37.06786516853919 -1 0 0
40.76943820224719 47.494831460674035 -1 0 0
86.43235955056181 25.562247191011085 -1 0 0
76.00539325842696 32.03415730337067 -1 0 0
105.12898876404495 39.944269662921236 -1 0 0
108.36494382022472 32.393707865168416 -1 0 0
98.65707865168541 27.719550561797625 -1 0 0
127.42112359550563 63.674606741572916 -1 0 0
108.00539325842699 61.15775280898865 -1 0 0
84.63460674157305 92.0791011235954 -1 0 0
86.07280898876405 32.393707865168416 -1 0 0
126.34247191011237 44.61842696629201 -1 0 0
145.75820224719104 42.10157303370774 -1 0 0
137.12898876404495 65.11280898876392 -1 0 0
99.73573033707868 80.93303370786505 -1 0 0
25.308764044943825 114.0116853932583 -1 0 0
17.039101123595504 114.0116853932583 -1 0 0
24.949213483146075 129.47235955056172 -1 0 0
49.39865168539326 123.71955056179766 -1 0 0
67.01662921348314 119.04539325842686 -1 0 0
79.24134831460675 124.43865168539317 -1 0 0
87.51101123595508 106.46112359550551 -1 0 0
71.33123595505619 101.06786516853921 -1 0 0
35.376179775280896 143.8543820224718 -1 0 0
40.40988764044944 129.83191011235945 -1 0 0
14.881797752808982 150.68584269662912 -1 0 0
27.466067415730347 167.94426966292124 -1 0 0
61.62337078651685 145.6521348314606 -1 0 0
58.38741573033708 175.1352808988763 -1 0 0
41.128988764044934 172.2588764044943 -1 0 0
22.07280898876405 185.92179775280889 -1 0 0
78.1626966292135 180.16898876404485 -1 0 0
91.10651685393259 165.7869662921347 -1 0 0
92.90426966292137 154.28134831460665 -1 0 0
95.42112359550563 140.61842696629202 -1 0 0
114.83685393258428 128.75325842696617 -1 0 0
108.36494382022472 148.88808988764035 -1 0 0
120.94921348314608 166.865617977528 -1 0 0
126.34247191011237 147.09033707865157 -1 0 0
139.28629213483148 128.75325842696617 -1 0 0
115.91550561797754 107.89932584269651 -1 0 0
103.33123595505619 113.65213483146057 -1 0 0
51.55595505617978 107.180224719101 -1 0 0
38.25258426966292 107.180224719101 -1 0 0
5.533483146067412 106.46112359550551 -1 0 0
105.12898876404495 100.3487640449437 -1 0 0
107.64584269662923 91.71955056179765 -1 0 0
124.18516853932586 98.91056179775269 -1 0 0
132.45483146067417 91.35999999999987 -1 0 0
134.61213483146068 80.93303370786505 -1 0 0
142.1626966292135 102.86561797752796 -1 0 0
141.80314606741578 92.7982022471909 -1 0 0
162.29752808988766 84.16898876404483 -1 0 0
156.9042696629214 101.42741573033696 -1 0 0
163.3761797752809 93.5173033707864 -1 0 0
178.4773033707866 86.32629213483135 -1 0 0
186.0278651685394 74.46112359550551 -1 0 0
189.26382022471913 101.06786516853921 -1 0 0
197.53348314606748 89.20269662921338 -1 0 0
187.10651685393267 91.00044943820212 -1 0 0
179.55595505617984 106.82067415730326 -1 0 0
192.85932584269668 117.96674157303362 -1 0 0
174.88179775280904 119.04539325842686 -1 0 0
164.45483146067423 138.10157303370775 -1 0 0
167.69078651685396 163.27011235955047 -1 0 0
141.80314606741578 155.71955056179766 -1 0 0
147.91550561797754 173.33752808988754 -1 0 0
182.43235955056184 154.6408988764044 -1 0 0
183.87056179775286 179.44988764044933 -1 0 0
209.03910112359557 144.5734831460673 -1 0 0
215.87056179775286 121.92179775280889 -1 0 0
226.2975280898877 133.7869662921347 -1 0 0
229.1739325842697 116.88808988764035 -1 0 0
201.8480898876405 78.41617977528078 -1 0 0
221.26382022471913 85.24764044943808 -1 0 0
235.28629213483148 78.41617977528078 -1 0 0
244.63460674157304 92.7982022471909 -1 0 0
231.69078651685396 93.87685393258414 -1 0 0
221.26382022471913 73.74202247191 -1 0 0
251.1065168539326 73.38247191011224 -1 0 0
239.24134831460677 146.37123595505608 -1 0 0
203.64584269662922 176.93303370786506 -1 0 0
19.555955056179776 15.907415730337071 -1 0 0
30.70202247191012 19.143370786516844 -1 0 0
129.21887640449444 32.08719101123596 -1 0 0
137.84808988764047 32.08719101123596 -1 0 0
111.24134831460677 17.34561797752809 -1 0 0
103.33123595505619 11.592808988764046 -1 0 0
103.33123595505619 6.918651685393233 -1 0 0
92.90426966292137 7.997303370786522 -1 0 0
89.30876404494386 15.188314606741569 -1 0 0
74.92674157303371 8.356853932584272 -1 0 0
57.30876404494383 14.469213483146069 -1 0 0
58.74696629213483 9.795056179775274 -1 0 0
50.47730337078653 23.457977528089888 -1 0 0
69.89303370786516 19.86247191011236 -1 0 0
118.07280898876408 25.97483146067416 -1 0 0
123.10651685393259 19.50292134831461 -1 0 0
147.19640449438202 23.098426966292138 -1 0 0
154.02786516853934 37.48044943820225 -1 0 0
162.29752808988766 41.795056179775294 -1 0 0
159.42112359550563 19.143370786516844 -1 0 0
144.67955056179778 18.064719101123593 -1 0 0
175.60089887640459 38.559101123595504 -1 0 0
178.11775280898877 24.89617977528089 -1 0 0
171.64584269662922 7.278202247191002 -1 0 0
171.64584269662922 16.98606741573034 -1 0 0
182.79191011235957 9.075955056179774 -1 0 0
200.05033707865175 35.68269662921348 -1 0 0
192.14022471910113 2.6040449438201905 -1 0 0
193.2188764044944 43.233258426966295 -1 0 0
210.83685393258432 31.008539325842705 -1 0 0
215.51101123595512 45.75011235955057 -1 0 0
207.24134831460677 57.97483146067416 -1 0 0
211.55595505617984 65.88494382022472 -1 0 0
154.02786516853934 64.08719101123596 -1 0 0
152.58966292134835 73.07595505617978 -1 0 0
114.47730337078654 81.70516853932584 -1 0 0
159.0615730337079 64.80629213483145 -1 0 0
225.93797752808996 12.311910112359547 -1 0 0
214.0728089887641 11.592808988764046 -1 0 0
203.64584269662922 12.311910112359547 -1 0 0
238.5222471910113 37.12089887640448 -1 0 0
228.0952808988765 33.165842696629205 -1 0 0
224.49977528089894 54.738876404494384 -1 0 0
220.9042696629214 50.783820224719115 -1 0 0
248.94921348314614 43.59280898876405 -1 0 0
194.2975280898877 59.05348314606743 -1 0 0
193.57842696629223 18.424269662921343 -1 0 0
195.37617977528095 34.96359550561798 -1 0 0
79.60089887640449 23.457977528089888 -1 0 0
37.53348314606742 7.278202247191002 -1 0 0
23.511011235955053 5.839999999999963 -1 0 0
27.825617977528097 7.997303370786522 -1 0 0
3.3761797752808893 9.795056179775274 -1 0 0
242.4773033707866 16.62651685393257 -1 0 0
246.7919101123596 162.2444943820225 -1 0 0
152.23011235955062 88.17707865168539 -1 0 0
73.30876404494374 203.25393258426962 -1 0 0
92.0053932584269 193.18651685393252 -1 0 0
45.982921348314534 204.69213483146063 -1 0 0
14.342471910112293 208.28764044943816 -1 0 0
8.589662921348246 178.08539325842693 -1 0 0
27.28629213483139 263.6584269662921 -1 0 0
218.56719101123596 184.55730337078646 -1 0 0
229.3537078651686 195.34382022471905 -1 0 0
227.19640449438205 208.28764044943816 -1 0 0
212.0952808988764 216.91685393258425 -1 0 0
190.52224719101125 221.95056179775278 -1 0 0
137.3087640449438 194.62471910112356 -1 0 0
149.53348314606743 214.0404494382022 -1 0 0
134.43235955056176 234.89438202247183 -1 0 0
156.00539325842692 232.0179775280899 -1 0 0
270.3424719101124 209.7258426966292 -1 0 0
278.97168539325855 181.68089887640443 -1 0 0
263.1514606741573 161.54606741573028 -1 0 0
263.8705617977528 142.13033707865162 -1 0 0
272.49977528089886 121.27640449438196 -1 0 0
286.1626966292135 116.96179775280893 -1 0 0
258.8368539325843 93.95056179775274 -1 0 0
256.6795505617978 113.36629213483138 -1 0 0
286.881797752809 86.75955056179767 -1 0 0
301.2638202247191 98.26516853932578 -1 0 0
282.56719101123593 138.5348314606741 -1 0 0
291.91550561797754 158.66966292134825 -1 0 0
239.4211235955056 262.2202247191011 -1 0 0
209.93797752808987 247.11910112359547 -1 0 0
181.1739325842697 269.4112359550562 -1 0 0
150.9716853932584 253.59101123595502 -1 0 0
138.02786516853934 280.9168539325843 -1 0 0
111.42112359550558 271.5685393258427 -1 0 0
89.8480898876404 281.6359550561798 -1 0 0
132.99415730337074 330.5348314606742 -1 0 0
12.185168539325753 337.7258426966293 -1 0 0
55.331235955056115 390.22022471910117 -1 0 0
77.6233707865168 383.0292134831461 -1 0 0
204.18516853932587 288.82696629213484 -1 0 0
233.6683146067416 293.8606741573034 -1 0 0
227.91550561797752 276.60224719101126 -1 0 0
276.81438202247193 272.2876404494382 -1 0 0
263.1514606741573 249.9955056179775 -1 0 0
245.89303370786521 201.8157303370786 -1 0 0
316.36494382022477 219.07415730337075 -1 0 0
323.55595505617976 200.37752808988762 -1 0 0
337.93797752808996 223.3887640449438 -1 0 0
359.51101123595515 216.91685393258425 -1 0 0
342.252584269663 196.78202247191007 -1 0 0
335.061573033708 149.3213483146067 -1 0 0
320.67955056179784 149.3213483146067 -1 0 0
309.8930337078652 147.16404494382016 -1 0 0
294.7919101123596 180.24269662921344 -1 0 0
307.7357303370787 185.27640449438198 -1 0 0
286.1626966292135 313.9955056179775 -1 0 0
310.61213483146065 282.35505617977526 -1 0 0
321.3986516853933 306.8044943820225 -1 0 0
317.80314606741575 332.69213483146075 -1 0 0
324.2750561797753 368.647191011236 -1 0 0
264.5896629213483 401.7258426966293 -1 0 0
352.3200000000001 279.4786516853933 -1 0 0
327.8705617977529 266.5348314606742 -1 0 0
332.1851685393259 244.96179775280896 -1 0 0
350.16269662921354 252.152808988764 -1 0 0
372.45483146067426 266.5348314606742 -1 0 0
381.08404494382034 244.24269662921347 -1 0 0
383.9604494382024 216.91685393258425 -1 0 0
404.814382022472 218.35505617977523 -1 0 0
361.6683146067416 183.11910112359547 -1 0 0
343.690786516854 160.82696629213478 -1 0 0
368.8593258426967 137.09662921348306 -1 0 0
381.08404494382034 173.7707865168539 -1 0 0
364.5447191011237 163.70337078651679 -1 0 0
397.623370786517 168.73707865168532 -1 0 0
409.8480898876405 242.08539325842693 -1 0 0
398.34247191011247 316.87191011235956 -1 0 0
392.58966292134846 340.60224719101126 -1 0 0
419.9155056179776 359.29887640449437 -1 0 0
450.83685393258435 334.8494382022472 -1 0 0
470.97168539325855 340.60224719101126 -1 0 0
504.0503370786518 358.5797752808989 -1 0 0
476.7244943820226 298.8943820224719 -1 0 0
449.39865168539336 275.1640449438202 -1 0 0
438.6121348314608 264.3775280898876 -1 0 0
439.3312359550563 224.1078651685393 -1 0 0
455.1514606741574 206.84943820224714 -1 0 0
461.623370786517 237.05168539325842 -1 0 0
481.75820224719115 248.5573033707865 -1 0 0
493.26382022471927 215.47865168539323 -1 0 0
482.4773033707866 206.84943820224714 -1 0 0
427.82561797752817 166.57977528089884 -1 0 0
407.6907865168541 128.46741573033702 -1 0 0
391.8705617977529 120.55730337078643 -1 0 0
400.499775280899 109.05168539325834 -1 0 0
391.1514606741574 134.22022471910105 -1 0 0
378.9267415730338 114.08539325842689 -1 0 0
378.9267415730338 90.3550561797752 -1 0 0
355.9155056179776 105.45617977528083 -1 0 0
332.9042696629214 111.92808988764038 -1 0 0
455.8705617977529 166.57977528089884 -1 0 0
480.32000000000016 170.17528089887634 -1 0 0
488.9492134831462 183.11910112359547 -1 0 0
483.19640449438214 154.35505617977523 -1 0 0
470.2525842696631 183.11910112359547 -1 0 0
443.64584269662936 144.28764044943816 -1 0 0
463.061573033708 142.13033707865162 -1 0 0
395.46606741573044 148.60224719101117 -1 0 0
415.60089887640464 111.20898876404488 -1 0 0
415.60089887640464 95.38876404494374 -1 0 0
398.34247191011247 87.4786516853932 -1 0 0
338.6570786516854 83.88314606741558 -1 0 0
352.3200000000001 83.88314606741558 -1 0 0
314.02786516853945 67.32314606741573 -1 0 0
298.9267415730338 77.39056179775282 -1 0 0
271.6008988764046 71.63775280898878 -1 0 0
257.5784269662922 75.59280898876405 -1 0 0
355.01662921348327 68.04224719101123 -1 0 0
358.2525842696631 59.05348314606743 -1 0 0
325.89303370786524 69.84 -1 0 0
367.2413483146069 85.66022471910114 -1 0 0
349.26382022471927 141.39056179775284 -1 0 0
260.814382022472 41.07595505617977 -1 0 0
266.9267415730338 37.48044943820225 -1 0 0
257.93797752808996 18.424269662921343 -1 0 0
261.1739325842698 50.42426966292135 -1 0 0
284.18516853932596 56.17707865168539 -1 0 0
280.94921348314614 40.716404494382026 -1 0 0
287.4211235955057 36.76134831460675 -1 0 0
294.25258426966303 51.14337078651685 -1 0 0
325.1739325842698 44.671460674157295 -1 0 0
319.061573033708 50.783820224719115 -1 0 0
308.9941573033709 51.502921348314615 -1 0 0
300.72449438202256 64.08719101123596 -1 0 0
337.7582022471911 55.81752808988764 -1 0 0
336.67955056179784 63.008539325842705 -1 0 0
346.02786516853945 48.26696629213484 -1 0 0
358.2525842696631 43.233258426966295 -1 0 0
378.38741573033724 52.941123595505616 -1 0 0
383.061573033708 47.54786516853934 -1 0 0
367.2413483146069 33.165842696629205 -1 0 0
371.55595505618 57.25573033707866 -1 0 0
377.308764044944 19.143370786516844 -1 0 0
281.66831460674166 16.62651685393257 -1 0 0
293.5334831460675 23.098426966292138 -1 0 0
271.9604494382023 24.536629213483156 -1 0 0
312.94921348314614 24.177078651685388 -1 0 0
325.5334831460675 28.13213483146066 -1 0 0
338.1177528089889 6.559101123595501 -1 0 0
331.2862921348316 19.86247191011236 -1 0 0
311.1514606741574 4.042247191011229 -1 0 0
394.56719101123616 19.50292134831461 -1 0 0
391.33123595505634 14.109662921348317 -1 0 0
406.43235955056196 14.109662921348317 -1 0 0
411.4660674157305 5.480449438202231 -1 0 0
404.27505617977545 5.839999999999963 -1 0 0
386.2975280898878 4.76134831460673 -1 0 0
378.02786516853945 2.9635955056179593 -1 0 0
394.9267415730338 5.839999999999963 -1 0 0
399.2413483146069 12.311910112359547 -1 0 0
353.2188764044945 15.188314606741569 -1 0 0
424.7694382022473 10.154606741573025 -1 0 0
428.72449438202256 18.424269662921343 -1 0 0
450.6570786516854 17.34561797752809 -1 0 0
447.4211235955058 29.570337078651683 -1 0 0
424.4098876404496 47.18831460674157 -1 0 0
417.57842696629234 46.82876404494382 -1 0 0
405.3537078651687 57.97483146067416 -1 0 0
396.0053932584271 62.289438202247204 -1 0 0
374.07280898876417 76.31191011235954 -1 0 0
422.2525842696631 75.59280898876405 -1 0 0
443.82561797752817 54.019775280898884 -1 0 0
439.1514606741574 47.18831460674157 -1 0 0
447.061573033708 79.18831460674157 -1 0 0
435.55595505618 95.72764044943823 -1 0 0
424.7694382022473 93.57033707865169 -1 0 0
439.8705617977529 112.62651685393259 -1 0 0
431.9604494382024 143.1883146067416 -1 0 0
417.93797752808996 145.34561797752812 -1 0 0
413.98292134831473 155.4130337078652 -1 0 0
452.814382022472 39.997303370786526 -1 0 0
436.27505617977545 33.52539325842697 -1 0 0
167.87056179775294 478.3101123595507 -1 0 0
114.65707865168547 545.9056179775282 -1 0 0
38.43235955056182 515.7033707865169 -1 0 0
9.668314606741625 485.50112359550576 -1 0 0
39.87056179775289 581.8606741573035 -1 0 0
80.14022471910118 620.6921348314607 -1 0 0
232.5896629213484 520.01797752809 -1 0 0
254.16269662921357 485.50112359550576 -1 0 0
284.3649438202248 543.0292134831461 -1 0 0
281.48853932584285 512.8269662921349 -1 0 0
351.96044943820243 571.7932584269664 -1 0 0
386.4773033707866 512.8269662921349 -1 0 0
420.99415730337097 472.55730337078654 -1 0 0
472.76943820224733 427.9730337078653 -1 0 0
488.58966292134846 532.9617977528092 -1 0 0
531.7357303370788 508.5123595505618 -1 0 0
543.241348314607 534.4000000000002 -1 0 0
595.0166292134834 551.6584269662923 -1 0 0
577.7582022471912 599.1191011235957 -1 0 0
692.8143820224722 534.4000000000002 -1 0 0
711.5110112359553 590.4898876404496 -1 0 0
809.3087640449442 540.1528089887641 -1 0 0
902.7919101123598 553.0966292134833 -1 0 0
954.5671910112363 560.2876404494383 -1 0 0
826.5671910112361 459.61348314606744 -1 0 0
786.2975280898879 432.28764044943836 -1 0 0
671.2413483146071 475.4337078651687 -1 0 0
632.4098876404497 334.4898876404495 -1 0 0
603.6458426966293 292.7820224719102 -1 0 0
584.9492134831462 284.15280898876415 -1 0 0
583.5110112359552 242.4449438202248 -1 0 0
534.6121348314608 251.0741573033709 -1 0 0
517.3537078651686 220.8719101123597 -1 0 0
527.4211235955056 192.10786516853943 -1 0 0
458.5671910112362 17.705168539325843 -1 0 0
456.0503370786519 30.648988764044933 -1 0 0
466.8368539325845 19.50292134831461 -1 0 0
475.4660674157306 34.60404494382023 -1 0 0
465.7582022471912 53.30067415730338 -1 0 0
456.0503370786519 75.9523595505618 -1 0 0
473.30876404494404 78.82876404494382 -1 0 0
471.15146067415753 61.210786516853936 -1 0 0
479.42112359550583 67.32314606741573 -1 0 0
479.42112359550583 48.26696629213484 -1 0 0
486.97168539325867 50.783820224719115 -1 0 0
493.803146067416 59.05348314606743 -1 0 0
485.8930337078654 39.63775280898875 -1 0 0
500.27505617977556 46.10966292134832 -1 0 0
503.1514606741576 22.019775280898884 -1 0 0
498.11775280898905 17.705168539325843 -1 0 0
493.803146067416 15.188314606741569 -1 0 0
493.0840449438205 29.210786516853933 -1 0 0
499.55595505618004 31.008539325842705 -1 0 0
481.93797752809013 27.41303370786516 -1 0 0
473.6683146067418 22.738876404494388 -1 0 0
467.55595505618004 34.60404494382023 -1 0 0
508.9042696629216 75.59280898876405 -1 0 0
520.4098876404497 81.70516853932584 -1 0 0
513.5784269662923 90.69393258426967 -1 0 0
507.1065168539329 106.51415730337081 -1 0 0
472.2301123595508 114.42426966292136 -1 0 0
470.7919101123598 134.91865168539329 -1 0 0
486.2525842696632 131.32314606741573 -1 0 0
503.1514606741576 120.89617977528091 -1 0 0
511.06157303370816 131.68269662921352 -1 0 0
521.8480898876406 115.86247191011236 -1 0 0
537.6683146067418 104.35685393258427 -1 0 0
545.9379775280902 105.07595505617978 -1 0 0
535.5110112359553 63.008539325842705 -1 0 0
542.7020224719104 76.6714606741573 -1 0 0
563.5559550561801 70.91865168539326 -1 0 0
571.8256179775283 11.952359550561797 -1 0 0
581.5334831460677 15.907415730337068 -1 0 0
595.9155056179778 8.356853932584272 -1 0 0
540.5447191011239 7.278202247191002 -1 0 0
533.3537078651688 21.660224719101116 -1 0 0
539.8256179775283 25.615280898876392 -1 0 0
511.7806741573036 24.177078651685388 -1 0 0
561.3986516853936 97.16584269662923 -1 0 0
559.6008988764047 84.94112359550562 -1 0 0
588.0053932584273 81.3456179775281 -1 0 0
612.8143820224722 96.44674157303372 -1 0 0
576.8593258426969 104.35685393258427 -1 0 0
574.7020224719104 116.58157303370787 -1 0 0
560.679550561798 119.81752808988762 -1 0 0
552.7694382022474 113.3456179775281 -1 0 0
521.4885393258429 144.26696629213487 -1 0 0
523.2862921348318 157.92988764044946 -1 0 0
538.3874157303374 52.941123595505616 -1 0 0
545.9379775280902 25.25573033707866 -1 0 0
557.0840449438205 39.63775280898875 -1 0 0
550.9716853932587 50.42426966292135 -1 0 0
551.3312359550565 58.69393258426966 -1 0 0
625.0391011235957 81.70516853932584 -1 0 0
452.0952808988767 91.77258426966294 -1 0 0
449.2188764044946 112.62651685393259 -1 0 0
465.03910112359574 152.89617977528093 -1 0 0
550.2525842696632 139.95235955056182 -1 0 0
578.6570786516857 132.76134831460678 -1 0 0
594.8368539325845 127.36808988764045 -1 0 0
594.8368539325845 141.03101123595508 -1 0 0
576.1402247191014 144.98606741573036 -1 0 0
585.488539325843 159.00853932584272 -1 0 0
602.3874157303374 151.45797752808988 -1 0 0
636.1851685393261 124.13213483146069 -1 0 0
629.7132584269665 116.94112359550563 -1 0 0
626.117752808989 20.581573033707866 -1 0 0
609.5784269662925 11.592808988764046 -1 0 0
639.0615730337081 19.143370786516844 -1 0 0
614.9716853932586 65.52539325842697 -1 0 0
655.6008988764047 71.63775280898878 -1 0 0
646.6121348314608 78.10966292134832 -1 0 0
653.4435955056182 102.19955056179776 -1 0 0
648.4098876404496 123.41303370786518 -1 0 0
660.9941573033709 134.19955056179776 -1 0 0
657.3986516853935 150.0197752808989 -1 0 0
676.4548314606743 147.8624719101124 -1 0 0
667.1065168539327 74.87370786516854 -1 0 0
678.9716853932586 84.22202247191011 -1 0 0
677.8930337078654 74.15460674157305 -1 0 0
698.7469662921351 92.49168539325845 -1 0 0
685.0840449438203 100.04224719101127 -1 0 0
690.117752808989 142.4692134831461 -1 0 0
695.870561797753 152.89617977528093 -1 0 0
712.7694382022474 68.401797752809 -1 0 0
723.55595505618 75.59280898876405 -1 0 0
728.5896629213485 95.72764044943823 -1 0 0
724.2750561797754 107.59280898876405 -1 0 0
716.0053932584273 135.63775280898878 -1 0 0
713.8480898876406 150.73887640449442 -1 0 0
724.2750561797754 150.3793258426967 -1 0 0
724.6346067415733 161.16584269662923 -1 0 0
612.814382022472 158.28943820224723 -1 0 0
608.499775280899 166.19955056179774 -1 0 0
692.2750561797754 8.356853932584272 -1 0 0
707.7357303370788 4.401797752808961 -1 0 0
722.4773033707867 7.278202247191002 -1 0 0
747.2862921348316 6.918651685393233 -1 0 0
758.432359550562 6.918651685393233 -1 0 0
755.1964044943821 78.10966292134832 -1 0 0
766.7020224719104 105.79505617977532 -1 0 0
776.050337078652 113.3456179775281 -1 0 0
782.1626966292137 131.68269662921352 -1 0 0
757.7132584269665 125.92988764044945 -1 0 0
742.6121348314608 119.09842696629214 -1 0 0
739.0166292134834 151.45797752808988 -1 0 0
744.050337078652 140.31191011235958 -1 0 0
760.2301123595507 145.34561797752812 -1 0 0
762.3874157303372 137.43550561797755 -1 0 0
770.6570786516857 153.97483146067418 -1 0 0
771.3761797752811 161.16584269662923 -1 0 0
778.2076404494384 71.27820224719102 -1 0 0
779.6458426966294 87.45797752808988 -1 0 0
749.4435955056182 102.19955056179776 -1 0 0
540.7244943820227 153.63595505617974 -1 0 0
560.1402247191014 175.92808988764043 -1 0 0
579.5559550561801 175.20898876404493 -1 0 0
576.679550561798 195.34382022471905 -1 0 0
582.4323595505621 214.04044943820224 -1 0 0
554.3874157303374 234.17528089887642 -1 0 0
544.3200000000003 217.63595505617977 -1 0 0
555.1065168539328 149.3213483146067 -1 0 0
561.5784269662925 135.6584269662921 -1 0 0
605.4435955056183 186.71460674157302 -1 0 0
607.6008988764048 201.81573033707863 -1 0 0
610.4773033707869 227.70337078651684 -1 0 0
655.7806741573038 284.5123595505618 -1 0 0
678.0728089887643 293.1415730337079 -1 0 0
672.3200000000003 261.50112359550565 -1 0 0
649.3087640449442 220.51235955056177 -1 0 0
647.870561797753 197.5011235955056 -1 0 0
623.421123595506 180.96179775280896 -1 0 0
636.364943820225 170.17528089887637 -1 0 0
661.5334831460677 173.7707865168539 -1 0 0
639.9604494382025 138.53483146067416 -1 0 0
627.0166292134834 138.53483146067416 -1 0 0
688.859325842697 185.9955056179775 -1 0 0
695.3312359550565 206.13033707865168 -1 0 0
679.5110112359554 212.60224719101123 -1 0 0
696.7694382022476 227.70337078651684 -1 0 0
634.2076404494385 210.4449438202247 -1 0 0
632.7694382022476 193.90561797752807 -1 0 0
754.2975280898879 259.3438202247191 -1 0 0
737.7582022471914 205.41123595505616 -1 0 0
752.1402247191014 207.5685393258427 -1 0 0
760.7694382022476 185.276404494382 -1 0 0
751.421123595506 173.7707865168539 -1 0 0
783.0615730337083 178.80449438202243 -1 0 0
772.9941573033711 206.8494382022472 -1 0 0
793.1289887640454 225.54606741573033 -1 0 0
791.6907865168542 277.3213483146067 -1 0 0
762.2076404494385 307.523595505618 -1 0 0
743.5110112359554 342.7595505617978 -1 0 0
772.9941573033711 367.208988764045 -1 0 0
700.364943820225 365.0516853932585 -1 0 0
741.3537078651689 244.24269662921347 -1 0 0
834.1177528089892 308.961797752809 -1 0 0
821.8930337078656 285.95056179775287 -1 0 0
870.7919101123599 317.59101123595514 -1 0 0
834.1177528089892 249.276404494382 -1 0 0
826.9267415730341 200.37752808988762 -1 0 0
816.1402247191015 198.9393258426966 -1 0 0
821.1739325842701 175.20898876404493 -1 0 0
812.544719101124 158.66966292134828 -1 0 0
807.5110112359555 148.6022471910112 -1 0 0
793.8480898876409 142.84943820224714 -1 0 0
801.7582022471914 130.62471910112356 -1 0 0
801.039101123596 110.48988764044938 -1 0 0
802.4773033707869 95.38876404494378 -1 0 0
798.8817977528093 83.88314606741565 -1 0 0
831.9604494382027 128.46741573033705 -1 0 0
818.2975280898879 136.3775280898876 -1 0 0
764.364943820225 234.17528089887642 -1 0 0
852.0952808988768 220.51235955056177 -1 0 0
901.7132584269668 263.65842696629215 -1 0 0
872.230112359551 206.8494382022472 -1 0 0
854.2525842696632 193.90561797752807 -1 0 0
837.7132584269666 109.77078651685387 -1 0 0
849.9379775280903 99.70337078651679 -1 0 0
854.2525842696632 129.18651685393252 -1 0 0
874.3874157303374 135.6584269662921 -1 0 0
888.0503370786521 102.57977528089883 -1 0 0
775.690786516854 5.120898876404462 -1 0 0
790.7919101123597 7.278202247191002 -1 0 0
798.3424719101124 5.480449438202231 -1 0 0
824.9492134831461 5.839999999999963 -1 0 0
814.8817977528089 52.941123595505616 -1 0 0
830.3424719101124 55.457977528089884 -1 0 0
813.0840449438202 69.84 -1 0 0
820.9941573033708 73.07595505617978 -1 0 0
856.9492134831462 84.22202247191011 -1 0 0
860.1851685393258 9.075955056179774 -1 0 0
865.9379775280898 67.32314606741573 -1 0 0
885.3537078651685 65.88494382022472 -1 0 0
876.0053932584269 108.31191011235956 -1 0 0
877.443595505618 120.89617977528091 -1 0 0
864.8593258426968 129.88494382022472 -1 0 0
862.3424719101124 139.95235955056182 -1 0 0
895.4211235955056 141.03101123595508 -1 0 0
882.8368539325844 143.54786516853935 -1 0 0
891.4660674157303 3.3231460674156916 -1 0 0
870.9716853932586 4.401797752808961 -1 0 0
972.7244943820225 42.514157303370794 -1 0 0
943.2413483146067 78.10966292134832 -1 0 0
930.6570786516854 106.51415730337081 -1 0 0
923.8256179775282 119.09842696629214 -1 0 0
957.9829213483147 104.35685393258427 -1 0 0
947.196404494382 125.21078651685396 -1 0 0
951.1514606741573 143.1883146067416 -1 0 0
975.9604494382023 145.34561797752812 -1 0 0
987.4660674157304 136.71640449438203 -1 0 0
991.4211235955056 149.3006741573034 -1 0 0
994.2975280898877 141.03101123595508 -1 0 0
1019.1065168539326 138.87370786516857 -1 0 0
1020.1851685393259 121.6152808988764 -1 0 0
1002.567191011236 74.15460674157305 -1 0 0
999.3312359550562 52.941123595505616 -1 0 0
893.8031460674158 378.7146067415731 -1 0 0
920.4098876404495 313.9955056179775 -1 0 0
940.5447191011236 358.5797752808989 -1 0 0
975.7806741573036 358.5797752808989 -1 0 0
909.6233707865171 419.7033707865169 -1 0 0
842.7469662921349 405.32134831460684 -1 0 0
967.8705617977529 472.1977528089888 -1 0 0
568.0503370786516 413.9505617977529 -1 0 0
890.7469662921349 164.24269662921347 -1 0 0
885.3537078651685 175.74831460674156 -1 0 0
847.6008988764046 160.2876404494382 -1 0 0
860.9042696629215 156.69213483146066 -1 0 0
841.4885393258428 175.74831460674156 -1 0 0
877.8031460674158 188.3325842696629 -1 0 0
903.690786516854 189.77078651685392 -1 0 0
882.8368539325844 216.01797752808992 -1 0 0
914.8368539325844 215.29887640449437 -1 0 0
923.8256179775282 216.7370786516854 -1 0 0
940.005393258427 216.7370786516854 -1 0 0
927.4211235955056 245.14157303370786 -1 0 0
953.6683146067417 240.10786516853932 -1 0 0
970.2076404494383 236.15280898876404 -1 0 0
989.9829213483147 237.59101123595505 -1 0 0
989.2638202247191 209.54606741573033 -1 0 0
961.93797752809 199.1191011235955 -1 0 0
979.196404494382 189.05168539325842 -1 0 0
989.2638202247191 169.63595505617974 -1 0 0
1005.443595505618 181.86067415730338 -1 0 0
946.8368539325844 176.46741573033708 -1 0 0
930.6570786516854 175.74831460674156 -1 0 0
1018.3874157303371 169.99550561797756 -1 0 0
1021.623370786517 257.72584269662923 -1 0 0
992.4997752808989 86.32629213483133 -1 0 0
1017.6683146067417 103.94426966292123 -1 0 0
1002.3874157303372 273.0067415730337 -1 0 0
