31.633086336462927 128.24057120368812 -1 0 0
5.928020839189631 127.78960514233245 -1 0 0
31.633086336462927 146.73017971927067 -1 0 0
14.270892974269568 159.13174640655163 -1 0 0
7.280919023256647 149.21049305672688 -1 0 0
48.54431363730062 164.99430520417536 -1 0 0
40.20144150222068 162.96495792807488 -1 0 0
60.49491426322592 141.76955304435828 -1 0 0
67.71037124491666 123.7309105901314 -1 0 0
73.79841307321821 165.67075429620888 -1 0 0
53.73042334289084 183.03294765840226 -1 0 0
27.123425722906205 197.68934465246159 -1 0 0
17.20217237308143 228.80600288600291 -1 0 0
46.06400029984443 226.10020651786888 -1 0 0
75.82776034931875 227.45310470193593 -1 0 0
84.8470815764322 209.63994527838688 -1 0 0
81.46483611626466 190.02292160941516 -1 0 0
90.03319128202244 164.09237308146402 -1 0 0
105.81700342947094 179.19973613687904 -1 0 0
111.22859616573896 187.31712524128113 -1 0 0
105.36603736811526 211.2183264931317 -1 0 0
120.02243436217458 231.96276531549265 -1 0 0
130.84561983471073 213.0221907385544 -1 0 0
135.58076347894527 188.21905736399248 -1 0 0
154.5213380558835 228.35503682464727 -1 0 0
174.81481081688872 208.06156406364204 -1 0 0
201.64729146755118 199.49320889788427 -1 0 0
185.18703022806918 187.0916422106033 -1 0 0
154.07037199452782 166.79816944959805 -1 0 0
126.78692528250969 168.8275167256986 -1 0 0
120.02243436217458 145.8282475965593 -1 0 0
148.65877925825978 146.73017971927067 -1 0 0
152.7174738104608 132.9757148479227 -1 0 0
136.9336616630123 129.3679863570773 -1 0 0
189.47120781094807 139.51472273757992 -1 0 0
182.2557508292573 124.40735968216492 -1 0 0
92.73898765015647 102.98647176777051 -1 0 0
131.74755195742208 109.29999662674992 -1 0 0
161.06034594554072 105.4667851052267 -1 0 0
182.2557508292573 109.75096268810559 -1 0 0
209.3137145105976 104.56485298251536 -1 0 0
23.89230186840574 67.1718506025 -1 0 0
59.94320046475888 66.9007912145575 -1 0 0
89.21761436254938 69.88244448192505 -1 0 0
115.23931560502987 69.88244448192505 -1 0 0
146.14008583047544 56.05841569685731 -1 0 0
177.58297483180598 44.131802627387096 -1 0 0
213.36281404021662 46.30027773092714 -1 0 0
237.7581589550421 24.344467307584257 -1 0 0
241.55299038623713 59.04006896422487 -1 0 0
209.29692322107906 64.19019733513247 -1 0 0
201.16514158280393 64.73231611101745 -1 0 0
256.1901973351324 82.62223571522277 -1 0 0
253.75066284364982 115.69148104420837 -1 0 0
254.02172223159235 150.1160233129065 -1 0 0
224.47624894585934 152.555557804389 -1 0 0
215.26022975581412 161.22945821854915 -1 0 0
272.76559884559884 8.453910533910642 -1 0 0
263.899797979798 62.75694083694084 -1 0 0
174.1191716796912 73.76003298289014 -1 0 0
151.51329847641534 67.19703753677778 -1 0 0
134.3765881448998 88.3444673075842 -1 0 0
155.88862877382357 87.97985644946684 -1 0 0
44.68231704803127 87.25063473323215 -1 0 0
37.39009988568424 89.07368902381891 -1 0 0
19.15955697981665 91.62596503064036 -1 0 0
60.360583947077394 97.09512790240063 -1 0 0
298.45147429770816 66.10320496242574 -1 0 0
315.5881846292237 47.50805119844079 -1 0 0
334.91256010944335 47.14344034032343 -1 0 0
313.76513033863694 82.87530443582392 -1 0 0
334.547949251326 106.93962107156915 -1 0 0
340.746333839321 85.42758044264538 -1 0 0
337.1002252581474 130.27471599107966 -1 0 0
334.91256010944335 146.6822046063605 -1 0 0
315.5881846292237 126.62860740990614 -1 0 0
304.64985888570317 108.03345364592118 -1 0 0
275.1163793781976 121.52405539626321 -1 0 0
279.4917096756059 112.40878394332941 -1 0 0
293.71153314218253 102.19967991604356 -1 0 0
217.14325293753865 139.7545983021308 -1 0 0
225.52930267423778 119.70100110567645 -1 0 0
219.3309180862428 129.1808834167276 -1 0 0
271.4702707970241 148.8698697550646 -1 0 0
304.2852480275858 144.12992859953903 -1 0 0
296.9930308652387 131.3685485654317 -1 0 0
323.245012649688 166.73580180281482 -1 0 0
328.71417552144834 185.69556642491713 -1 0 0
299.90991773017754 165.27735837034544 -1 0 0
336.7356144000301 210.1244939187797 -1 0 0
327.6203429470963 228.71964768276464 -1 0 0
311.9420760480501 211.5829373512491 -1 0 0
320.6927366428666 254.24240775097925 -1 0 0
292.98231142594784 230.17809111523403 -1 0 0
292.6177005678305 189.70628586420796 -1 0 0
279.1270988174885 210.1244939187797 -1 0 0
264.5426644927944 211.5829373512491 -1 0 0
260.16733419538616 226.16737167594314 -1 0 0
243.75984558010538 230.17809111523403 -1 0 0
249.95823016810036 208.3014396281929 -1 0 0
272.1994925132588 188.61245328985595 -1 0 0
257.6150581885647 160.17280635670252 -1 0 0
244.8536781544574 191.1647292966774 -1 0 0
223.34163752553363 208.3014396281929 -1 0 0
218.60169637000809 233.82419969640756 -1 0 0
228.08157868105926 254.6070186090966 -1 0 0
222.97702666741637 247.6794123048669 -1 0 0
204.3818729034314 248.773244879219 -1 0 0
202.19420775472724 232.7303671220555 -1 0 0
166.09773280110943 256.7946837578007 -1 0 0
143.12724873971626 255.33624032533132 -1 0 0
118.6983212458537 252.78396431850987 -1 0 0
99.37394576563403 237.10569741946372 -1 0 0
93.17556117763908 256.7946837578007 -1 0 0
31.92093701392396 252.78396431850987 -1 0 0
325.960404040404 22.860836940836936 -1 0 0
355.8824819624819 23.969062049062146 -1 0 0
373.6140836940837 23.969062049062146 -1 0 0
396.886810966811 31.72663780663783 -1 0 0
420.1595382395382 33.94308802308812 -1 0 0
446.7569408369409 8.453910533910642 -1 0 0
474.46256854256853 10.670360750360802 -1 0 0
504.3846464646465 6.237460317460354 -1 0 0
4.575122655122605 193.5275036075036 -1 0 0
1.2504473304473018 255.58810966810975 -1 0 0
7.899797979797974 271.1032611832612 -1 0 0
20.09027417027411 295.4842135642136 -1 0 0
32.28075036075031 275.5361616161616 -1 0 0
16.765598845598806 317.6487157287158 -1 0 0
40.03832611832606 302.1335642135643 -1 0 0
59.98637806637801 275.5361616161616 -1 0 0
45.53387530218701 315.8148670377242 -1 0 0
76.30271396712956 319.16592867450015 -1 0 0
103.11120706133697 318.55664474054083 -1 0 0
130.22434212252398 317.94736080658157 -1 0 0
21.467159910796294 341.10015029703345 -1 0 0
45.53387530218701 339.2722984951556 -1 0 0
68.99130675961845 339.2722984951556 -1 0 0
102.19728116039808 346.2790637356871 -1 0 0
139.0589591649332 344.1465699668297 -1 0 0
160.68853882048688 349.0208414385038 -1 0 0
169.21851389591654 336.2258788253593 -1 0 0
202.72913026367576 321.2984224433575 -1 0 0
163.7349584902832 314.90094113678526 -1 0 0
234.41189482955724 320.6891385093982 -1 0 0
264.87609152752015 321.2984224433575 -1 0 0
253.9089807162535 341.404792264013 -1 0 0
228.31905548996463 338.6630145611964 -1 0 0
204.86162403253317 340.4908663630742 -1 0 0
265.1807334944998 377.0479024006297 -1 0 0
254.82290661719236 374.91540863177227 -1 0 0
231.9747590937202 368.2132853582204 -1 0 0
212.17303124004428 372.4782728959352 -1 0 0
190.8480935514702 370.3457791270779 -1 0 0
145.7610824384851 363.33901388654635 -1 0 0
124.74078671689064 368.2132853582204 -1 0 0
91.23017034913141 363.9482978205056 -1 0 0
62.28918348606663 359.6833102827908 -1 0 0
34.26212252394073 363.9482978205056 -1 0 0
8.367555330672234 363.9482978205056 -1 0 0
0.7515061561814865 341.10015029703345 -1 0 0
9.281481231611123 391.0614328816926 -1 0 0
38.83175202863517 384.66395157512045 -1 0 0
70.20987462753699 383.44538370720187 -1 0 0
90.62088641517217 392.8892846835704 -1 0 0
99.76014542456105 408.1213830325518 -1 0 0
63.812393320964766 407.5120990985926 -1 0 0
38.22246809467591 411.1678027023482 -1 0 0
16.897530406101854 409.03530893349074 -1 0 0
12.632542868387034 431.2741725230037 -1 0 0
25.732147448511096 462.9569370888851 -1 0 0
27.559999250388874 480.0168872397444 -1 0 0
14.460394670264812 498.6000472255017 -1 0 0
47.05708513708515 452.59911021157774 -1 0 0
47.36172710406479 433.1020243248815 -1 0 0
71.73308446243512 432.4927403909222 -1 0 0
74.47486216525179 444.6784190701074 -1 0 0
109.81333033488879 471.1822701973352 -1 0 0
96.71372575476475 435.2345180937389 -1 0 0
118.34330541031842 441.0227154663518 -1 0 0
126.56863851876842 411.7770866363074 -1 0 0
116.82009557542028 386.7964453439778 -1 0 0
167.6953040610184 429.1416787541463 -1 0 0
145.7610824384851 453.20839414553706 -1 0 0
146.67500833942395 484.8911587114185 -1 0 0
176.52992110342763 481.5400970746425 -1 0 0
198.15950075898132 457.1687397162722 -1 0 0
237.76295646633315 466.30799872566104 -1 0 0
242.02794400404792 457.77802365023143 -1 0 0
272.7967826689905 456.55945578231297 -1 0 0
270.05500496617384 487.02365248027587 -1 0 0
271.27357283409236 440.4134315323926 -1 0 0
237.76295646633315 436.75772792863705 -1 0 0
263.9621656265812 415.43279024006296 -1 0 0
226.7958456550665 410.5585187683889 -1 0 0
235.02117876351647 392.8892846835704 -1 0 0
209.43125353722758 456.55945578231297 -1 0 0
197.8548587920017 437.36701186259626 -1 0 0
186.887747980735 412.6910125372463 -1 0 0
176.83456307040728 397.4589141882648 -1 0 0
203.64305616461465 388.62429714585556 -1 0 0
264.57144956054054 393.19392665055005 -1 0 0
114.99464252918794 296.3045879949776 -1 0 0
81.69031914694247 292.9367350686831 -1 0 0
105.63949551170326 277.59429396000826 -1 0 0
141.93746593954384 272.3554116302168 -1 0 0
167.38346582710216 273.1038233916156 -1 0 0
169.2544952305991 297.42720563707576 -1 0 0
143.06008358164198 298.1756173984745 -1 0 0
4.97811360356807 340.46088191750533 -1 0 0
198.81675980585067 298.92402915987327 -1 0 0
191.70684807256237 274.22644103371374 -1 0 0
225.38537733550717 299.29823504057265 -1 0 0
250.08296546166676 290.6914997844868 -1 0 0
265.42540657034164 285.45261745469537 -1 0 0
303.5944064016792 269.7359704653211 -1 0 0
280.7678476790165 295.5561762335788 -1 0 0
306.96225932797364 301.9176762054684 -1 0 0
340.2665827102191 303.04029384756655 -1 0 0
300.6007593560841 322.12479376323535 -1 0 0
298.35552407188766 342.3319113210022 -1 0 0
291.9940240999981 367.4037053278612 -1 0 0
327.54358276643995 343.45452896310036 -1 0 0
320.807876913851 365.90688180506356 -1 0 0
309.20749461216997 388.3592346470269 -1 0 0
323.801523959446 407.817940443395 -1 0 0
302.84599464028037 423.5345874327693 -1 0 0
329.0404062892375 430.2702932853582 -1 0 0
41.355242967710446 504.5465624707183 -1 0 0
46.86038717415336 539.1965877700943 -1 0 0
40.05991491913564 546.6447240493994 -1 0 0
33.25944266411793 541.4634118551002 -1 0 0
4.76222559547228 542.7587399036751 -1 0 0
5.733721631903382 562.188660632297 -1 0 0
6.381385656190784 571.2559569723206 -1 0 0
4.76222559547228 585.5045655066434 -1 0 0
4.76222559547228 555.7120203894231 -1 0 0
22.896818275519504 591.0097097130864 -1 0 0
23.544482299806905 618.8592627574446 -1 0 0
29.04962650624982 667.7578965911433 -1 0 0
66.93797192706279 621.1260868424506 -1 0 0
47.83188321058446 592.3050377616612 -1 0 0
73.4146121699368 564.7793167294466 -1 0 0
65.96647589063167 554.4166923408482 -1 0 0
130.7328783193718 509.7278746650175 -1 0 0
115.18894173647418 549.8830441708365 -1 0 0
98.02584509285802 578.0564292273383 -1 0 0
90.57770881355292 587.7713895916494 -1 0 0
122.96091002792296 577.408765203051 -1 0 0
118.75109387005487 589.3905496523679 -1 0 0
120.04642191862968 603.6391581866907 -1 0 0
106.12164539645056 621.7737508667379 -1 0 0
114.54127771218677 661.9289203725567 -1 0 0
130.08521429508437 658.0429362268325 -1 0 0
46.86038717415336 674.5583688461611 -1 0 0
156.9632713030115 593.2765337980923 -1 0 0
179.95534416521429 584.8569014823561 -1 0 0
190.64180056595637 585.5045655066434 -1 0 0
200.35676093026743 586.4760615430745 -1 0 0
210.39555330672212 676.1775289068795 -1 0 0
227.23481793819454 588.0952216037931 -1 0 0
204.89040910027921 569.6367969116021 -1 0 0
164.73523959446032 555.3881883772793 -1 0 0
195.17544873596822 518.1475069807537 -1 0 0
220.43434568317684 515.2330188714604 -1 0 0
247.31240269110396 511.9946987500234 -1 0 0
279.0479398811866 508.4325466164428 -1 0 0
275.80961975974964 560.8933325837222 -1 0 0
297.50636457337754 555.3881883772793 -1 0 0
288.76290024549763 578.7040932516257 -1 0 0
285.20074811191694 599.7531740409662 -1 0 0
296.5348685369465 597.1625179438166 -1 0 0
263.8278353104327 600.0770060531099 -1 0 0
248.93156275182244 563.4839886808718 -1 0 0
289.7343962819287 674.8822008583048 -1 0 0
391.1046104833119 44.15279173928526 -1 0 0
411.5923824516033 43.36480050973559 -1 0 0
445.2133415790559 49.1434028597665 -1 0 0
448.1026427540714 43.36480050973559 -1 0 0
482.24892936789047 28.655630891475045 -1 0 0
512.4552598339612 26.816984689192484 -1 0 0
508.777967429396 38.63685313243755 -1 0 0
550.2788388523454 24.978338486909923 -1 0 0
592.5677015048444 23.139692284627365 -1 0 0
568.4026371319878 47.30475665748394 -1 0 0
543.1869177863983 40.475499334720126 -1 0 0
528.7404119113211 68.31785611214184 -1 0 0
522.4364820749237 76.98575963718824 -1 0 0
507.9899761998464 67.26720113940895 -1 0 0
485.6635580292724 63.06458124847737 -1 0 0
477.25831824740925 68.31785611214184 -1 0 0
450.4666164427204 63.06458124847737 -1 0 0
422.8869234084819 62.53925376211093 -1 0 0
397.9338678060757 67.7925286257754 -1 0 0
376.65810460823457 88.54296433725007 -1 0 0
363.26225370589015 106.66676261689253 -1 0 0
362.7369262195237 126.89187084200074 -1 0 0
366.1515548809056 150.00628024212443 -1 0 0
380.59806075598294 166.81675980585078 -1 0 0
392.15526545604473 148.95562526939153 -1 0 0
385.0633443900977 134.24645565113101 -1 0 0
392.9432566855944 110.60671876464087 -1 0 0
407.9150900470381 85.91632690541782 -1 0 0
419.4722947471 107.45475384644219 -1 0 0
419.4722947471 123.2145784374356 -1 0 0
419.7349584902832 146.32898783755928 -1 0 0
414.744347369802 166.81675980585078 -1 0 0
442.5867041472237 166.55409606266753 -1 0 0
441.2733854313076 151.31959895804056 -1 0 0
448.89063398362106 130.04383576019944 -1 0 0
452.83059013136943 106.66676261689253 -1 0 0
434.1814643653605 88.01763685088362 -1 0 0
457.82120125185065 84.86567193268495 -1 0 0
475.9449995314931 45.991437941567824 -1 0 0
488.55285920428787 103.51479769869383 -1 0 0
475.6823357883099 128.20518955791684 -1 0 0
468.85307846554605 147.6423065534754 -1 0 0
471.4797158973783 171.2820434399656 -1 0 0
494.8567890406852 174.95933584453073 -1 0 0
536.6203242068177 169.18073349449978 -1 0 0
555.2694499728267 181.26326568092807 -1 0 0
593.0930289912109 163.13946740128563 -1 0 0
597.5583126253257 140.28772174434516 -1 0 0
571.5546020501865 150.26894398530763 -1 0 0
557.3707599182924 149.48095275575798 -1 0 0
522.9618095612901 153.68357264668958 -1 0 0
517.9711984408088 126.3665433556343 -1 0 0
554.7441224864602 103.77746144187705 -1 0 0
560.5227248364912 125.05322463971818 -1 0 0
581.2731605479657 123.2145784374356 -1 0 0
587.5770903843631 105.3534439009764 -1 0 0
600.4476138003411 85.91632690541782 -1 0 0
572.6052570229194 84.07768070313527 -1 0 0
587.8397541275464 69.10584734169151 -1 0 0
567.3519821592549 66.7418736530425 -1 0 0
497.2207627293342 147.11697906710899 -1 0 0
355.57544123985684 188.5992601338056 -1 0 0
355.57544123985684 166.60506962013454 -1 0 0
390.01917355371904 189.42922958715167 -1 0 0
416.57819606079346 189.42922958715167 -1 0 0
370.92987612675927 211.83840482749576 -1 0 0
363.87513577331754 233.83259534116678 -1 0 0
359.3103037799142 258.31669421487607 -1 0 0
375.4947081201626 278.6509458218549 -1 0 0
367.60999831337494 298.15522797548766 -1 0 0
390.01917355371904 298.98519742883377 -1 0 0
404.54363898727536 276.99100691516276 -1 0 0
411.1833946140439 254.16684694814566 -1 0 0
382.9644332002773 233.83259534116678 -1 0 0
401.6387459005641 213.49834373418793 -1 0 0
426.12284477427335 216.81822154757216 -1 0 0
419.8980738741778 232.17265643447462 -1 0 0
439.4023560278106 254.9968164014917 -1 0 0
438.98737130113756 276.1610374618167 -1 0 0
446.8720811079253 301.060121062199 -1 0 0
419.06810442083173 296.9102737954686 -1 0 0
465.13140908153895 278.6509458218549 -1 0 0
472.60113416165365 257.901709488203 -1 0 0
496.6702483086899 275.3310680084706 -1 0 0
482.56076760180656 294.42036543543037 -1 0 0
512.4396679222654 261.2215873015873 -1 0 0
519.0794235490339 231.75767170780156 -1 0 0
498.33018721538207 230.51271752778246 -1 0 0
476.33599670171105 230.0977328011094 -1 0 0
484.6356912351718 209.76348119413052 -1 0 0
503.7249886621316 210.1784659208036 -1 0 0
497.91520248870904 189.84421431382464 -1 0 0
466.3763632615581 194.40904630722812 -1 0 0
445.6271269279062 190.67418376717077 -1 0 0
456.8317145480782 218.47816045426433 -1 0 0
448.94700474129047 236.322503701205 -1 0 0
615.0416431476172 21.83776765802746 -1 0 0
653.8990858492157 19.434214501227544 -1 0 0
682.3411315380146 23.03954423642743 -1 0 0
701.5695567924139 24.241320814827372 -1 0 0
730.0116024812128 22.23835985082745 -1 0 0
709.9819928412136 37.0602709844269 -1 0 0
666.3174438260152 37.46086317722689 -1 0 0
624.6558557748167 48.27685238282649 -1 0 0
605.8280227132175 48.27685238282649 -1 0 0
614.2404587620172 63.899947902025886 -1 0 0
643.483688836416 61.49639474522597 -1 0 0
678.3352096100148 60.294618166826034 -1 0 0
701.9701489852139 64.30054009482588 -1 0 0
798.5128674500102 20.235398886827525 -1 0 0
810.5306332340098 14.627108187627746 -1 0 0
854.5957744420082 27.04546616442728 -1 0 0
850.1892603212083 39.06323194842682 -1 0 0
857.3999197916081 65.90290886602581 -1 0 0
835.7679413804088 63.499355709225895 -1 0 0
802.5187893780101 61.095802552426015 -1 0 0
784.8927328948107 43.87033826202665 -1 0 0
639.0771747156163 84.7307419276251 -1 0 0
661.5103375124154 83.52896534922516 -1 0 0
664.3144828620152 101.95620621802448 -1 0 0
610.6351290268173 105.96212814602431 -1 0 0
613.8398665692172 125.99173778602359 -1 0 0
657.9050077772156 125.99173778602359 -1 0 0
648.6913873428158 130.7988440996234 -1 0 0
616.644011918817 170.8580633796219 -1 0 0
627.4600011244166 144.0183864620229 -1 0 0
578.1871614100185 187.2823432844213 -1 0 0
574.5818316748187 200.90247783962076 -1 0 0
582.9942677236182 198.09833249002088 -1 0 0
541.7332718652199 202.50484661082072 -1 0 0
533.7214280092202 202.9054388036207 -1 0 0
619.8487494612169 222.93504844361993 -1 0 0
605.4274305204175 254.5818316748188 -1 0 0
633.0682918236164 251.77768632521884 -1 0 0
648.6913873428158 250.57590974681895 -1 0 0
655.9020468132156 250.97650193961894 -1 0 0
677.5340252244148 226.94097037161978 -1 0 0
666.3174438260152 228.14274695001976 -1 0 0
668.3204047900151 204.50780757482067 -1 0 0
675.531064260415 188.08352767002123 -1 0 0
689.5517910084144 167.65332583722198 -1 0 0
718.3944288900133 128.3952909428235 -1 0 0
714.3885069620134 166.45154925882207 -1 0 0
712.7861381908134 187.6829354772213 -1 0 0
689.1511988156144 210.1160982740204 -1 0 0
696.361858286014 236.15459080601946 -1 0 0
699.5665958284139 250.57590974681895 -1 0 0
728.4092337100129 256.98538483161866 -1 0 0
711.5843616124135 226.1397859860198 -1 0 0
726.406272746013 228.54333914281975 -1 0 0
725.204496167613 209.31491388842042 -1 0 0
763.2607544836114 244.96761904761914 -1 0 0
799.3140518356101 245.36821124041913 -1 0 0
846.9845227788084 250.57590974681895 -1 0 0
855.7975510204082 223.73623282921992 -1 0 0
830.960835066809 215.72438897322021 -1 0 0
812.9341863908097 230.94689229961963 -1 0 0
794.1063533292104 237.35636738441943 -1 0 0
779.6850343884108 203.7066231892207 -1 0 0
759.6554247484116 197.2971481044209 -1 0 0
746.0352901932121 212.11905923802036 -1 0 0
750.041212121212 190.88767301962116 -1 0 0
747.637658964412 170.45747118682192 -1 0 0
764.4625310620114 170.8580633796219 -1 0 0
741.6287760724125 125.5911455932236 -1 0 0
771.2725983396112 189.6858964412212 -1 0 0
863.4088026836077 181.2734603924215 -1 0 0
854.5957744420082 179.2704994284216 -1 0 0
821.7472146324094 191.28826521242115 -1 0 0
832.1626116452089 172.05983995802183 -1 0 0
786.8956938588107 179.67109162122154 -1 0 0
794.9075377148104 151.6296381252226 -1 0 0
832.1626116452089 158.84029759562236 -1 0 0
857.8005119844081 157.23792882442243 -1 0 0
869.4176855756076 169.25569460842195 -1 0 0
862.2070261052079 127.99469875002352 -1 0 0
830.560242874009 127.19351436442355 -1 0 0
823.3495834036094 129.99765971402343 -1 0 0
812.5335941980097 143.21720207642292 -1 0 0
775.679112460411 150.8284537396227 -1 0 0
797.3110908716102 125.19055340042361 -1 0 0
856.9993275988081 125.99173778602359 -1 0 0
854.5957744420082 107.56449691722428 -1 0 0
826.9549131388092 101.55561402522447 -1 0 0
802.5187893780101 100.35383744682454 -1 0 0
762.0589779052116 101.95620621802448 -1 0 0
751.643580892412 85.53192631322509 -1 0 0
773.6761514964112 86.73370289162506 -1 0 0
790.9016157868106 87.53488727722501 -1 0 0
811.7324098124097 84.7307419276251 -1 0 0
834.1655726092089 93.1431779764248 -1 0 0
845.7827462004085 92.34199359082481 -1 0 0
637.4748059444163 230.94689229961963 -1 0 0
691.6746897546898 4.021010101010195 -1 0 0
769.2504473304474 6.237460317460354 -1 0 0
628.5058585858586 6.237460317460354 -1 0 0
880.0729581529582 6.237460317460354 -1 0 0
739.3283694083693 0.6963347763348268 -1 0 0
706.0816161616162 2.9127849927851157 -1 0 0
662.860836940837 2.9127849927851157 -1 0 0
827.986378066378 2.9127849927851157 -1 0 0
913.3197113997114 2.9127849927851157 -1 0 0
975.3803174603177 2.9127849927851157 -1 0 0
969.8391919191921 15.10326118326125 -1 0 0
946.5664646464649 19.5361616161617 -1 0 0
1004.1941702741706 21.75261183261186 -1 0 0
1020.8175468975471 6.237460317460354 -1 0 0
1017.4928715728718 64.97339105339113 -1 0 0
979.813217893218 31.72663780663783 -1 0 0
984.2461183261186 52.782914862914865 -1 0 0
956.5404906204907 60.54049062049068 -1 0 0
924.4019624819628 33.94308802308812 -1 0 0
878.9647330447333 30.618412698412758 -1 0 0
898.9127849927852 33.94308802308812 -1 0 0
935.4662228968723 74.84127209010333 -1 0 0
874.823281422762 81.89721182136773 -1 0 0
882.4513243754803 98.10680309589408 -1 0 0
905.335453233635 93.33927625044514 -1 0 0
938.7081411517775 95.62768913626063 -1 0 0
1003.7372073237008 98.10680309589408 -1 0 0
1002.593000880793 119.46532336350523 -1 0 0
1022.9980157793145 121.56303517550275 -1 0 0
995.3463600757108 138.53543074530094 -1 0 0
969.7924161841045 126.13986094713373 -1 0 0
946.3361841044958 126.90266524240556 -1 0 0
888.172356590019 125.56775772567985 -1 0 0
904.0005457169094 122.89794269222847 -1 0 0
922.8799520248872 131.0980888664006 -1 0 0
940.6151518899571 150.74029946965015 -1 0 0
953.9642270572141 159.89395101291208 -1 0 0
965.4062914862915 149.2146908791065 -1 0 0
979.1367688011844 146.1634736980192 -1 0 0
977.6111602106407 157.41483705327866 -1 0 0
1010.9838481287832 169.6197057776279 -1 0 0
989.434626787354 179.72686268997958 -1 0 0
960.2573624932066 183.15948201870282 -1 0 0
926.5032724274283 161.22885852963776 -1 0 0
900.9493285358221 159.3218477914582 -1 0 0
906.4796596765428 148.64258765765263 -1 0 0
886.0746447780215 145.78207155038328 -1 0 0
908.5773714885404 184.4943895354285 -1 0 0
971.1273237008303 105.54414497479439 -1 0 0
863.1905159198666 148.07048443619877 -1 0 0
996.4365945165946 196.85217893217896 -1 0 0
995.3283694083697 212.3673304473305 -1 0 0
933.1598193437154 186.41699218530383 -1 0 0
937.9993088585297 200.61282809542547 -1 0 0
963.8099196042054 235.13451996776675 -1 0 0
904.1228822548303 205.7749502445606 -1 0 0
876.3764757032288 200.2901954611045 -1 0 0
892.5081074192763 228.35923464702688 -1 0 0
908.3171065010027 248.36245797492555 -1 0 0
873.1501493600194 248.36245797492555 -1 0 0
981.8773471261785 277.7220276981317 -1 0 0
952.1951447686514 276.10886452652693 -1 0 0
1023.4969569535806 279.9804561383783 -1 0 0
1001.5579378197561 297.4026183917094 -1 0 0
1000.2674072824724 318.37373962257095 -1 0 0
977.3604902456852 319.9869027941757 -1 0 0
947.6782878881581 319.9869027941757 -1 0 0
940.2577372987764 293.53102677985805 -1 0 0
967.3588785817359 286.1104761904763 -1 0 0
921.8676771424824 280.6257214070202 -1 0 0
908.9623717696445 318.37373962257095 -1 0 0
894.4439032252019 273.52780345195936 -1 0 0
868.9559251138472 276.7541297951688 -1 0 0
839.918988024962 279.01255823541544 -1 0 0
844.1132122711343 309.98529113022636 -1 0 0
820.5610299657052 296.4347204887466 -1 0 0
807.3330919585463 273.2051708176384 -1 0 0
791.52409287682 303.85527107812834 -1 0 0
778.9414201383031 314.5021480107196 -1 0 0
746.6781567062085 307.40423005565873 -1 0 0
757.6476662731205 295.7894552201047 -1 0 0
764.1003189595395 270.94674237739184 -1 0 0
772.811400086205 274.4957013549222 -1 0 0
730.869157624482 282.23888457862495 -1 0 0
540.7497820505613 253.57435430370495 -1 0 0
588.5785708663631 271.24358838852345 -1 0 0
563.5979295740335 286.1710447705253 -1 0 0
529.7826712392946 269.41573658664566 -1 0 0
502.06025224414833 318.463093270366 -1 0 0
473.11926538108355 317.2445254024475 -1 0 0
448.1386240887539 313.2841798317123 -1 0 0
458.49645096606133 344.0530184966549 -1 0 0
492.6163512677798 345.2715863645734 -1 0 0
454.2314634283465 362.94082044939194 -1 0 0
446.31077228687616 371.47079552482154 -1 0 0
467.6357099754502 396.45143681715115 -1 0 0
492.6163512677798 402.23963418976416 -1 0 0
511.19951125353725 382.13326436910853 -1 0 0
536.7894364798261 375.73578306253637 -1 0 0
541.3590659845205 363.8547463503308 -1 0 0
569.3861269466464 341.9205247277975 -1 0 0
586.1414351305261 296.8335136148123 -1 0 0
606.2478049511817 271.5482303555031 -1 0 0
628.7913105076743 267.2832428177883 -1 0 0
653.7719518000038 271.24358838852345 -1 0 0
670.8319019508631 284.34319296864754 -1 0 0
697.9450370120501 290.4360323082401 -1 0 0
700.9914566818464 277.64106969509567 -1 0 0
659.5601491726168 316.3305995015086 -1 0 0
639.1491373849815 297.138155581792 -1 0 0
618.1288416633871 288.6081805063623 -1 0 0
618.7381255973464 314.19810573265124 -1 0 0
606.2478049511817 347.70872210041045 -1 0 0
590.7110646352205 354.41084537396233 -1 0 0
582.7903734937502 361.7222525814734 -1 0 0
585.8367931635464 387.0075358407827 -1 0 0
552.3261767957872 386.702893873803 -1 0 0
564.8164974419519 389.14002960964 -1 0 0
601.3735334795076 386.702893873803 -1 0 0
622.0891872341223 364.46403028429006 -1 0 0
639.1491373849815 339.7880309589401 -1 0 0
660.1694331065761 337.6555371900827 -1 0 0
684.845432431926 337.0462532561234 -1 0 0
688.1964940687019 322.1187968741216 -1 0 0
703.7332343846631 314.19810573265124 -1 0 0
702.210024549765 342.8344506287364 -1 0 0
692.7661235733964 362.94082044939194 -1 0 0
712.8724933940518 362.3315365154327 -1 0 0
716.5281969978075 383.04719027004745 -1 0 0
685.4547163658852 384.26575813796603 -1 0 0
658.646223271678 389.44467157661967 -1 0 0
632.4470141114297 393.10037518037524 -1 0 0
353.7451906823336 320.75390491182696 -1 0 0
380.12670527164033 314.8601622908116 -1 0 0
412.9632713030116 321.8765225539251 -1 0 0
425.0314109555668 341.8029857011675 -1 0 0
393.8787713873429 341.8029857011675 -1 0 0
361.32285976649615 340.1190592380202 -1 0 0
369.1811832611833 367.3425370589007 -1 0 0
351.21930098761266 375.2008605535878 -1 0 0
350.3773377560391 404.66957365866455 -1 0 0
358.23566125072625 409.72135304810627 -1 0 0
371.1457641348551 393.443397237683 -1 0 0
356.83238919810356 438.0674485110849 -1 0 0
364.4100582822661 456.8712940162291 -1 0 0
338.5898525140084 467.5361616161616 -1 0 0
385.7397934821311 438.0674485110849 -1 0 0
398.08858754521094 387.5496546166676 -1 0 0
393.59811697681835 374.07824291148967 -1 0 0
293.6851468300819 454.62605873203273 -1 0 0
414.6471977661589 372.3943164483424 -1 0 0
439.9060947133675 368.1845002904743 -1 0 0
426.9959918292387 400.17910309027195 -1 0 0
450.8516167238246 436.6641764584622 -1 0 0
476.3911680815578 440.59333820580576 -1 0 0
498.0015576919474 424.8766912164315 -1 0 0
535.8899031127604 442.5579190794776 -1 0 0
515.4021311444689 403.2663016060419 -1 0 0
513.9988590918462 457.4326028372782 -1 0 0
482.8462195236222 462.4843822267199 -1 0 0
502.2113738498155 474.27186746875054 -1 0 0
471.9822552051124 376.5717494049962 -1 0 0
584.8676958827607 429.2724109368264 -1 0 0
571.1468135904498 418.04623451584484 -1 0 0
546.5115931110736 406.5082198609471 -1 0 0
554.6193871928936 431.4552785742395 -1 0 0
547.1352695789059 465.4456460711005 -1 0 0
563.6626959764621 450.1655726092089 -1 0 0
593.5991664324131 457.96152845711276 -1 0 0
618.2343869117893 430.2079256385749 -1 0 0
602.9543134498977 415.86336687843175 -1 0 0
620.4172545492023 408.69108749836016 -1 0 0
654.4076220460635 413.6804992410187 -1 0 0
651.601077940818 430.5197638724911 -1 0 0
638.5038721163395 465.4456460711005 -1 0 0
305.97876951331506 483.71876688967575 -1 0 0
304.6018837727929 507.1258244785516 -1 0 0
312.1747553456645 516.7640246622062 -1 0 0
304.2576623376624 561.1685897940441 -1 0 0
309.42098386462027 594.2138475665746 -1 0 0
326.63205562114655 639.3068555686735 -1 0 0
346.5968988587171 597.3118404827493 -1 0 0
340.7451344614982 579.7565472910926 -1 0 0
331.10693427784344 567.0203541912631 -1 0 0
365.529077790896 493.70118850846103 -1 0 0
354.5139918667192 487.50520267611165 -1 0 0
380.3305995015087 485.0956526301979 -1 0 0
393.41101403646866 493.3569670733305 -1 0 0
420.2602859766497 505.4047173028989 -1 0 0
429.5542647251739 484.75143119506737 -1 0 0
448.4864436573528 504.37205299750735 -1 0 0
447.1095579168307 493.3569670733305 -1 0 0
383.4285924176834 574.2490043290042 -1 0 0
364.1521920503739 567.3645756263936 -1 0 0
377.9210494555949 597.3118404827493 -1 0 0
381.01904237176973 665.4676846385935 -1 0 0
440.91357208448125 649.2892771874588 -1 0 0
437.8155791683065 636.2088626524989 -1 0 0
455.0266509248328 628.2917696444968 -1 0 0
490.48145874327696 657.894813065722 -1 0 0
406.4914285714287 603.5078263150989 -1 0 0
415.7854073199528 602.8193834448379 -1 0 0
432.3080362062181 601.4424977043158 -1 0 0
440.22512921422015 581.4776544667452 -1 0 0
432.99647907647915 568.3972399317852 -1 0 0
418.19495736586657 571.4952328479599 -1 0 0
468.45128689492327 480.62077397350106 -1 0 0
475.3357155975338 500.92983864620214 -1 0 0
536.9513524858979 484.75143119506737 -1 0 0
543.8357811885085 551.5303896103894 -1 0 0
512.1674091565001 557.0379325724779 -1 0 0
510.4463019808474 573.2163400236125 -1 0 0
501.8407661025843 582.8545402072673 -1 0 0
482.5643657352748 589.3947474747473 -1 0 0
466.73017971927067 584.5756473829199 -1 0 0
459.8457510166602 569.0856828020462 -1 0 0
473.9588298570117 560.4801469237831 -1 0 0
481.87592286501376 561.8570326643052 -1 0 0
488.07190869736326 602.8193834448379 -1 0 0
468.45128689492327 600.4098333989242 -1 0 0
551.7528741965106 625.193776728322 -1 0 0
522.4940522104158 596.2791761773577 -1 0 0
540.7377882723338 585.952533123442 -1 0 0
533.8533595697232 574.5932257641347 -1 0 0
545.9011097992915 571.8394542830904 -1 0 0
570.340831693559 487.8494241112422 -1 0 0
1020.3305995015086 363.9267090196959 -1 0 0
1002.906038492532 371.54995446112326 -1 0 0
1011.0738014654899 385.7074102809167 -1 0 0
990.3821352673301 399.3203485691797 -1 0 0
983.3034073574333 391.15258559622185 -1 0 0
977.8582320421282 369.91640186653166 -1 0 0
960.9781885646822 345.4131129476583 -1 0 0
934.8413470512173 342.6905252900057 -1 0 0
931.5742418620342 353.5808759206161 -1 0 0
920.6838912314239 394.9642083169356 -1 0 0
916.3277509791798 411.2997342628511 -1 0 0
926.1290665467291 442.3372335600907 -1 0 0
916.8722685107102 441.79271602856016 -1 0 0
919.0503386368323 475.0082854519218 -1 0 0
925.5845490151985 462.4843822267199 -1 0 0
942.4645924926446 472.2856977942692 -1 0 0
948.4542853394803 494.0663990554899 -1 0 0
940.2865223665225 494.0663990554899 -1 0 0
919.0503386368323 504.4122321545697 -1 0 0
996.3718281141659 578.4666164427204 -1 0 0
969.6904690691705 587.7234144787392 -1 0 0
949.5433204025413 569.2098184067015 -1 0 0
945.7316976818277 583.367274226495 -1 0 0
939.742004834992 592.6240722625139 -1 0 0
911.9716107269356 590.9905196679223 -1 0 0
902.7148126909166 581.7337216319034 -1 0 0
889.6463919341841 590.4460021363918 -1 0 0
886.9238042765315 580.6446865688424 -1 0 0
899.4477075017334 412.3887693259121 -1 0 0
896.7251198440808 367.73833174040954 -1 0 0
901.6257776278555 336.1563149116395 -1 0 0
887.468321808062 331.8001746593954 -1 0 0
877.6670062405127 385.7074102809167 -1 0 0
874.3999010513296 342.1460077584752 -1 0 0
843.9069192856206 339.96793763235314 -1 0 0
814.5029725829727 318.7317539026629 -1 0 0
802.5235868893011 341.0569726954142 -1 0 0
814.5029725829727 355.21442851520766 -1 0 0
839.5507790333764 366.104779145818 -1 0 0
837.3727089072544 381.35127002867256 -1 0 0
848.2630595378647 411.8442517943816 -1 0 0
858.6088926369446 452.13854912764 -1 0 0
868.4102082044939 464.66245235284197 -1 0 0
888.0128393395926 444.51530368621275 -1 0 0
880.9341114296958 442.8817510916212 -1 0 0
897.2696373756113 461.39534716365887 -1 0 0
882.5676640242874 496.7889867131425 -1 0 0
893.4580146548977 487.5321886771237 -1 0 0
871.677313393677 496.244469181612 -1 0 0
853.70823485317 487.5321886771237 -1 0 0
839.5507790333764 471.19666273120816 -1 0 0
844.4514368171511 516.3916178482413 -1 0 0
827.0268758081746 503.3231970915087 -1 0 0
811.2358673937896 501.1451269653866 -1 0 0
795.9893765109349 491.3438113978373 -1 0 0
780.1983680965499 488.07670620865423 -1 0 0
762.7738070875733 499.5115743707951 -1 0 0
576.5488113041359 566.487230749049 -1 0 0
581.4494690879105 577.9220989111898 -1 0 0
589.0727145293379 589.3569670733308 -1 0 0
597.7849950338261 583.9117917580256 -1 0 0
645.7025378085118 587.7234144787392 -1 0 0
681.6406948895261 592.6240722625139 -1 0 0
675.1064845111597 582.8227566949646 -1 0 0
716.4898169074792 571.9324060643542 -1 0 0
779.6538505650194 592.6240722625139 -1 0 0
778.0202979704278 584.4563092895561 -1 0 0
800.345516763179 588.2679320102698 -1 0 0
736.6369655741083 492.9773639924289 -1 0 0
820.4926654298083 457.5837244429452 -1 0 0
831.3830160604188 445.6043387492738 -1 0 0
835.7391563126629 418.92297970427836 -1 0 0
813.9584550514421 385.7074102809167 -1 0 0
783.465473285733 387.88548040703876 -1 0 0
778.5648155019584 417.83394464121733 -1 0 0
807.4242446730759 418.92297970427836 -1 0 0
809.602314799198 442.8817510916212 -1 0 0
792.1777537902213 461.39534716365887 -1 0 0
764.407359682165 331.2556571278649 -1 0 0
732.8253428533948 333.43372725398694 -1 0 0
745.3492460785968 396.59776091152713 -1 0 0
756.2395967092071 418.92297970427836 -1 0 0
750.794421393902 436.8920582447854 -1 0 0
754.6060441146155 447.2378913438653 -1 0 0
771.4860875920616 440.70368096549913 -1 0 0
727.9246850696201 455.95017184835365 -1 0 0
720.3014396281928 434.1694705871328 -1 0 0
733.9143779164558 410.21069919979004 -1 0 0
699.0652558985026 459.7617945690673 -1 0 0
695.7981507093195 436.8920582447854 -1 0 0
707.2330188714604 411.8442517943816 -1 0 0
678.9181072318735 495.15543411855094 -1 0 0
709.4110889975825 495.15543411855094 -1 0 0
656.5928884391221 491.88832892936784 -1 0 0
663.1270988174883 461.39534716365887 -1 0 0
680.0071422949345 406.3990764790764 -1 0 0
761.6847720245123 369.3718843350011 -1 0 0
625.0108716103521 490.2547763347763 -1 0 0
600.5075826914787 483.7205659564101 -1 0 0
1020.8319394314199 621.4031431195067 -1 0 0
987.0670549652368 618.4238886077846 -1 0 0
978.1292914300707 620.0790300031858 -1 0 0
963.5640471505408 656.1611124229306 -1 0 0
934.1025303124005 616.1066906542231 -1 0 0
946.0195483592886 611.4722947470999 -1 0 0
958.9296512434175 603.5276160491745 -1 0 0
933.7715020333202 600.5483615374525 -1 0 0
902.3238155206986 625.3754824684695 -1 0 0
886.4344581248478 619.7480017241057 -1 0 0
897.3583913344952 600.5483615374525 -1 0 0
870.5451007289969 598.8932201420513 -1 0 0
862.6004220310714 631.9960480500739 -1 0 0
885.4413732876071 673.3745829351024 -1 0 0
832.8078769138509 656.1611124229306 -1 0 0
835.4561031464929 620.0790300031858 -1 0 0
828.504509285808 601.2104180956129 -1 0 0
805.001501471112 603.5276160491745 -1 0 0
785.4708330053786 677.6779505631455 -1 0 0
741.1130436086281 601.5414463746932 -1 0 0
678.2608481850041 666.3222413373063 -1 0 0
676.7448346170423 617.0518003785536 -1 0 0
716.9191941680252 594.6906002511198 -1 0 0
701.759058488409 607.9557189707838 -1 0 0
618.7573156425103 629.1799089222466 -1 0 0
610.0402376267311 604.1656850508798 -1 0 0
628.2324004422705 598.4806341710238 -1 0 0
640.7395123779538 596.5856172110717 -1 0 0
477.3890504300893 674.6603159610952 -1 0 0
444.7947587189144 679.5873600569705 -1 0 0
322.63572871572876 677.8218759018758 -1 0 0
358.4707393039861 44.57257397724936 -1 0 0
359.11600457262796 70.70581735724599 -1 0 0
523.5986791851726 187.00768576301047 -1 0 0
