22.213615023474176 345.2769953051643 -1 0 0
35.71126760563379 367.57746478873236 -1 0 0
46.861502347417854 322.9765258215962 -1 0 0
60.35915492957747 297.15492957746477 -1 0 0
15.171361502347423 308.3051643192488 -1 0 0
16.93192488262912 286.5915492957746 -1 0 0
39.232394366197184 253.7276995305164 -1 0 0
60.94600938967136 252.55399061032858 -1 0 0
42.16666666666666 224.97183098591543 -1 0 0
45.68779342723005 206.77934272300465 -1 0 0
70.92253521126759 183.89201877934266 -1 0 0
77.96478873239437 197.97652582159617 -1 0 0
89.11502347417843 210.88732394366193 -1 0 0
102.02582159624416 235.53521126760558 -1 0 0
122.5657276995305 250.7934272300469 -1 0 0
106.72065727699533 314.76056338028167 -1 0 0
134.88967136150234 330.01877934272295 -1 0 0
99.67840375586854 365.23004694835674 -1 0 0
150.73474178403757 294.80751173708916 -1 0 0
181.83802816901408 253.7276995305164 -1 0 0
221.7441314553991 263.70422535211264 -1 0 0
202.96478873239437 313.58685446009383 -1 0 0
290.9929577464789 356.4272300469483 -1 0 0
302.7300469483568 317.1079812206572 -1 0 0
283.9507042253521 281.89671361502343 -1 0 0
306.2511737089202 261.9436619718309 -1 0 0
279.25586854460096 231.42723004694827 -1 0 0
347.9178403755869 243.7511737089201 -1 0 0
381.36854460093895 232.0140845070422 -1 0 0
363.1760563380282 304.1971830985915 -1 0 0
319.1619718309859 290.6995305164319 -1 0 0
433.01173708920186 339.4084507042253 -1 0 0
481.13380281690144 356.4272300469483 -1 0 0
454.1384976525822 301.26291079812205 -1 0 0
478.19953051643193 272.5070422535211 -1 0 0
479.96009389671366 233.18779342723 -1 0 0
454.1384976525822 226.14553990610327 -1 0 0
431.25117370892025 222.62441314553988 -1 0 0
425.9694835680752 242.57746478873236 -1 0 0
426.556338028169 284.83098591549293 -1 0 0
381.36854460093895 198.5633802816901 -1 0 0
408.3638497652582 198.5633802816901 -1 0 0
417.1666666666667 172.15492957746474 -1 0 0
455.8990610328639 168.04694835680746 -1 0 0
490.5234741784038 169.22065727699527 -1 0 0
458.2464788732395 131.66197183098586 -1 0 0
431.25117370892025 159.244131455399 -1 0 0
437.7065727699531 145.15962441314548 -1 0 0
447.0962441314554 109.36150234741778 -1 0 0
434.7723004694836 101.73239436619713 -1 0 0
481.13380281690144 97.03755868544597 -1 0 0
495.218309859155 107.01408450704218 -1 0 0
466.46244131455404 88.8215962441314 -1 0 0
475.26525821596243 77.6713615023474 -1 0 0
495.80516431924883 73.56338028169012 -1 0 0
479.3732394366197 45.981220657276936 -1 0 0
488.76291079812205 45.981220657276936 -1 0 0
464.1150234741784 64.76056338028161 -1 0 0
448.2699530516432 76.49765258215956 -1 0 0
453.55164319248826 39.5258215962441 -1 0 0
453.55164319248826 19.57276995305159 -1 0 0
438.2934272300469 36.00469483568071 -1 0 0
427.14319248826297 28.962441314553928 -1 0 0
434.7723004694836 17.812206572769867 -1 0 0
418.34037558685446 41.28638497652577 -1 0 0
408.3638497652582 33.6572769953051 -1 0 0
415.9929577464789 23.09389671361498 -1 0 0
398.97417840375584 15.464788732394311 -1 0 0
399.5610328638498 27.201877934272257 -1 0 0
392.518779342723 39.5258215962441 -1 0 0
382.5422535211267 37.765258215962376 -1 0 0
372.56572769953056 21.333333333333258 -1 0 0
376.0868544600939 13.704225352112642 -1 0 0
382.5422535211267 12.53051643192481 -1 0 0
396.03990610328646 12.53051643192481 -1 0 0
371.3920187793428 33.07042253521121 -1 0 0
365.5234741784038 52.43661971830978 -1 0 0
383.12910798122067 53.610328638497606 -1 0 0
408.3638497652582 60.06572769953044 -1 0 0
398.97417840375584 89.99530516431918 -1 0 0
397.21361502347423 112.29577464788726 -1 0 0
392.518779342723 129.90140845070417 -1 0 0
393.6924882629108 153.37558685446004 -1 0 0
369.0446009389671 178.6103286384976 -1 0 0
362.00234741784044 154.54929577464785 -1 0 0
345.5704225352113 146.3333333333333 -1 0 0
354.3732394366197 134.00938967136145 -1 0 0
326.2042253521127 183.89201877934266 -1 0 0
325.0305164319249 216.7558685446009 -1 0 0
282.77699530516435 193.86854460093892 -1 0 0
297.44835680751174 181.54460093896708 -1 0 0
302.1431924882629 142.8122065727699 -1 0 0
271.6267605633803 155.13615023474173 -1 0 0
320.92253521126764 121.68544600938964 -1 0 0
313.293427230047 105.84037558685439 -1 0 0
332.65962441314554 95.86384976525818 -1 0 0
341.46244131455404 76.49765258215956 -1 0 0
358.481220657277 90.58215962441307 -1 0 0
348.5046948356808 56.54460093896705 -1 0 0
336.180751173709 62.41314553990605 -1 0 0
328.55164319248826 62.99999999999994 -1 0 0
319.74882629107987 53.610328638497606 -1 0 0
327.3779342723005 45.39436619718305 -1 0 0
329.1384976525822 38.352112676056265 -1 0 0
344.39671361502354 37.765258215962376 -1 0 0
347.9178403755869 27.78873239436615 -1 0 0
339.7018779342723 14.877934272300422 -1 0 0
330.31220657277 25.441314553990537 -1 0 0
321.5093896713615 29.549295774647817 -1 0 0
314.46713615023475 21.333333333333258 -1 0 0
310.35915492957747 11.356807511737031 -1 0 0
316.2276995305165 13.117370892018698 -1 0 0
324.443661971831 11.356807511737031 -1 0 0
297.44835680751174 12.53051643192481 -1 0 0
298.6220657276995 23.09389671361498 -1 0 0
292.1666666666667 37.17840375586849 -1 0 0
304.4906103286385 37.765258215962376 -1 0 0
306.8380281690141 61.826291079812165 -1 0 0
285.1244131455399 66.52112676056333 -1 0 0
288.0586854460094 82.3661971830985 -1 0 0
276.90845070422534 89.40845070422529 -1 0 0
265.75821596244134 78.25821596244123 -1 0 0
263.9976525821596 107.01408450704218 -1 0 0
243.45774647887328 173.32863849765252 -1 0 0
234.65492957746483 156.89671361502343 -1 0 0
217.63615023474182 234.3615023474178 -1 0 0
240.52347417840377 206.77934272300465 -1 0 0
208.83333333333331 202.67136150234737 -1 0 0
210.59389671361504 185.06572769953047 -1 0 0
198.2699530516432 156.89671361502343 -1 0 0
224.09154929577466 144.5727699530516 -1 0 0
253.4342723004695 124.61971830985907 -1 0 0
266.34507042253523 134.59624413145536 -1 0 0
223.50469483568077 109.94835680751169 -1 0 0
205.89906103286387 109.36150234741778 -1 0 0
190.05399061032864 117.57746478873236 -1 0 0
150.14788732394368 177.4366197183098 -1 0 0
126.67370892018778 213.8215962441314 -1 0 0
179.49061032863852 161.0046948356807 -1 0 0
162.47183098591552 151.02816901408445 -1 0 0
172.44835680751174 114.05633802816897 -1 0 0
154.25586854460096 108.18779342722996 -1 0 0
169.51408450704224 97.03755868544597 -1 0 0
147.21361502347418 88.8215962441314 -1 0 0
140.75821596244134 109.36150234741778 -1 0 0
129.60798122065728 111.70892018779334 -1 0 0
118.45774647887322 114.64319248826286 -1 0 0
99.67840375586854 144.5727699530516 -1 0 0
110.8286384976526 148.68075117370887 -1 0 0
113.17605633802816 197.3896713615023 -1 0 0
128.4342723004695 161.0046948356807 -1 0 0
153.08215962441318 132.24882629107975 -1 0 0
66.22769953051642 148.68075117370887 -1 0 0
46.861502347417854 166.87323943661966 -1 0 0
22.213615023474176 199.150234741784 -1 0 0
19.866197183098592 182.71830985915489 -1 0 0
12.237089201877922 138.70422535211262 -1 0 0
29.25586854460093 155.13615023474173 -1 0 0
52.7300469483568 123.4460093896713 -1 0 0
63.293427230046966 136.35680751173703 -1 0 0
85.59389671361504 114.64319248826286 -1 0 0
18.105633802816897 97.03755868544597 -1 0 0
4.021126760563391 110.53521126760558 -1 0 0
24.56103286384976 90.58215962441307 -1 0 0
36.8849765258216 80.60563380281684 -1 0 0
39.232394366197184 70.04225352112672 -1 0 0
13.410798122065728 68.86854460093889 -1 0 0
53.31690140845072 85.8873239436619 -1 0 0
48.62206572769952 101.73239436619713 -1 0 0
75.03051643192487 81.19248826291073 -1 0 0
86.18075117370893 92.92957746478868 -1 0 0
84.42018779342726 70.62910798122061 -1 0 0
91.46244131455398 65.93427230046944 -1 0 0
73.85680751173709 61.826291079812165 -1 0 0
87.3544600938967 48.32863849765254 -1 0 0
104.9600938967136 48.32863849765254 -1 0 0
121.97887323943661 54.784037558685384 -1 0 0
138.99765258215962 51.84976525821588 -1 0 0
143.69248826291079 65.93427230046944 -1 0 0
124.91314553990611 66.52112676056333 -1 0 0
168.34037558685446 49.502347417840326 -1 0 0
183.01173708920186 49.502347417840326 -1 0 0
197.09624413145542 54.197183098591495 -1 0 0
175.96948356807513 76.49765258215956 -1 0 0
163.6455399061033 74.15023474178395 -1 0 0
161.88497652582163 64.17370892018772 -1 0 0
152.49530516431923 61.826291079812165 -1 0 0
156.01643192488262 80.60563380281684 -1 0 0
194.16197183098592 84.71361502347412 -1 0 0
217.04929577464787 94.10328638497646 -1 0 0
196.50938967136153 95.86384976525818 -1 0 0
234.65492957746483 101.73239436619713 -1 0 0
240.52347417840377 85.8873239436619 -1 0 0
252.26056338028175 89.40845070422529 -1 0 0
265.75821596244134 58.89201877934266 -1 0 0
255.1948356807512 58.305164319248775 -1 0 0
245.80516431924883 61.826291079812165 -1 0 0
228.19953051643193 70.04225352112672 -1 0 0
208.83333333333331 62.41314553990605 -1 0 0
221.7441314553991 49.502347417840326 -1 0 0
217.63615023474182 37.765258215962376 -1 0 0
231.72065727699533 43.63380281690138 -1 0 0
250.5 45.39436619718305 -1 0 0
254.60798122065725 27.201877934272257 -1 0 0
262.23708920187795 17.812206572769867 -1 0 0
264.5845070422535 37.17840375586849 -1 0 0
273.387323943662 13.117370892018698 -1 0 0
195.9225352112676 15.464788732394311 -1 0 0
168.92723004694835 23.68075117370887 -1 0 0
90.8755868544601 29.549295774647817 -1 0 0
113.17605633802816 20.74647887323937 -1 0 0
69.16197183098592 21.920187793427147 -1 0 0
65.64084507042253 16.63849765258209 -1 0 0
32.19014084507043 37.765258215962376 -1 0 0
53.31690140845072 21.333333333333258 -1 0 0
53.90375586854461 53.610328638497606 -1 0 0
70.92253521126759 45.39436619718305 -1 0 0
127.26056338028167 41.28638497652577 -1 0 0
140.75821596244134 35.41784037558682 -1 0 0
156.6032863849765 27.201877934272257 -1 0 0
155.42957746478874 17.812206572769867 -1 0 0
146.0399061032864 206.77934272300465 -1 0 0
174.2089201877934 198.5633802816901 -1 0 0
180.0774647887324 16.63849765258209 -1 0 0
84.42018779342726 24.85446009389665 -1 0 0
73.2699530516432 30.136150234741706 -1 0 0
50.38262910798122 30.136150234741706 -1 0 0
89.11502347417843 39.5258215962441 -1 0 0
16.93192488262912 113.46948356807508 -1 0 0
33.36384976525821 110.53521126760558 -1 0 0
142.6078921078921 10.177822177822065 -1 0 0
134.1163836163836 7.180819180819071 -1 0 0
127.62287712287711 6.181818181818073 -1 0 0
111.63886113886115 8.67932067932054 -1 0 0
99.15134865134864 5.182817182817075 -1 0 0
87.66283716283716 8.17982017982007 -1 0 0
73.67682317682316 9.178821178821067 -1 0 0
65.18531468531468 6.681318681318544 -1 0 0
47.702797202797186 8.17982017982007 -1 0 0
32.21828171828169 13.174825174825061 -1 0 0
12.238261738261698 29.158841158841025 -1 0 0
7.243256743256708 16.171828171828054 -1 0 0
2.747752247752217 29.658341658341556 -1 0 0
3.247252747252716 37.15084915084901 -1 0 0
19.730769230769212 52.13586413586404 -1 0 0
11.2392607392607 36.65134865134854 -1 0 0
31.21928071928069 27.160839160839032 -1 0 0
43.207292707292694 50.637362637362514 -1 0 0
46.70379620379619 42.64535464535453 -1 0 0
450.7997002997004 11.176823176823063 -1 0 0
471.2792207792209 10.177822177822065 -1 0 0
478.27222777222784 18.16983016983005 -1 0 0
489.7607392607393 16.67132867132858 -1 0 0
176.07442557442556 8.17982017982007 -1 0 0
165.58491508491505 10.177822177822065 -1 0 0
155.59490509490507 8.67932067932054 -1 0 0
188.56193806193806 6.181818181818073 -1 0 0
167.08341658341658 3.184815184815079 -1 0 0
146.6038961038961 2.185814185814081 -1 0 0
