132.88109161793366 697.503313840156 -1 0 0
363.2810916179337 687.0736842105263 -1 0 0
509.29590643274855 639.6662768031189 -1 0 0
551.0144249512671 640.614424951267 -1 0 0
631.6070175438597 662.4218323586745 -1 0 0
679.0144249512671 752.4959064327486 -1 0 0
788.9996101364524 674.7477582846004 -1 0 0
819.3403508771931 593.2070175438597 -1 0 0
916.0514619883041 601.7403508771929 -1 0 0
60.82183235867437 617.8588693957115 -1 0 0
93.05886939571141 591.3107212475634 -1 0 0
182.18479532163735 595.1033138401559 -1 0 0
317.7699805068226 582.77738791423 -1 0 0
213.47368421052624 578.0366471734892 -1 0 0
289.32553606237815 513.5625730994152 -1 0 0
335.7847953216374 523.0440545808966 -1 0 0
423.0144249512671 523.9922027290448 -1 0 0
461.8884990253412 521.1477582846004 -1 0 0
493.1773879142301 521.1477582846004 -1 0 0
514.9847953216375 566.6588693957115 -1 0 0
596.5255360623781 550.540350877193 -1 0 0
631.6070175438597 608.37738791423 -1 0 0
694.1847953216375 572.3477582846003 -1 0 0
751.0736842105264 583.7255360623782 -1 0 0
660.9996101364524 499.3403508771929 -1 0 0
697.0292397660819 483.2218323586744 -1 0 0
718.8366471734893 567.6070175438597 -1 0 0
760.5551656920078 552.4366471734893 -1 0 0
740.6440545808967 516.4070175438596 -1 0 0
759.6070175438597 517.3551656920077 -1 0 0
900.8810916179337 496.4959064327485 -1 0 0
843.0440545808968 510.71812865497077 -1 0 0
35.22183235867436 545.7996101364522 -1 0 0
110.12553606237812 545.7996101364522 -1 0 0
73.14775828460034 563.814424951267 -1 0 0
138.56998050682253 568.5551656920078 -1 0 0
185.97738791422995 544.8514619883041 -1 0 0
260.88109161793363 540.1107212475633 -1 0 0
259.9329434697855 501.23664717348925 -1 0 0
211.57738791422997 497.44405458089665 -1 0 0
172.70331384015591 496.4959064327485 -1 0 0
144.25886939571143 511.6662768031189 -1 0 0
127.19220272904478 487.014424951267 -1 0 0
106.3329434697855 474.6884990253411 -1 0 0
91.16257309941513 459.5181286549707 -1 0 0
51.340350877192876 523.9922027290448 -1 0 0
76.94035087719288 529.6810916179337 -1 0 0
371.81442495126703 484.1699805068226 -1 0 0
354.74775828460037 476.5847953216374 -1 0 0
335.7847953216374 487.9625730994151 -1 0 0
412.58479532163744 461.414424951267 -1 0 0
436.28849902534114 468.051461988304 -1 0 0
424.91072124756334 493.65146198830405 -1 0 0
546.2736842105264 520.1996101364522 -1 0 0
485.59220272904486 493.65146198830405 -1 0 0
579.4588693957115 469.94775828460035 -1 0 0
612.6440545808967 463.3107212475633 -1 0 0
636.3477582846004 491.7551656920078 -1 0 0
39.96257309941511 498.39220272904475 -1 0 0
41.858869395711444 466.15516569200776 -1 0 0
10.569980506822551 457.6218323586744 -1 0 0
137.6218323586744 457.6218323586744 -1 0 0
216.3181286549707 470.8959064327485 -1 0 0
770.9847953216375 505.02923976608184 -1 0 0
792.7922027290449 491.7551656920078 -1 0 0
821.2366471734894 452.8810916179337 -1 0 0
851.5773879142301 491.7551656920078 -1 0 0
777.6218323586745 477.5329434697855 -1 0 0
792.7922027290449 463.3107212475633 -1 0 0
797.5329434697857 448.14035087719293 -1 0 0
789.9477582846005 434.86627680311886 -1 0 0
770.0366471734893 445.2959064327485 -1 0 0
762.4514619883041 467.10331384015586 -1 0 0
748.229239766082 471.8440545808966 -1 0 0
726.4218323586746 468.99961013645225 -1 0 0
714.0959064327486 479.4292397660819 -1 0 0
301.65146198830405 483.2218323586744 -1 0 0
324.4070175438596 464.2588693957115 -1 0 0
286.4810916179337 468.051461988304 -1 0 0
278.8959064327485 450.98479532163736 -1 0 0
8.835655572497688 527.3571340939762 -1 0 0
57.93855267539479 497.69080042764244 -1 0 0
162.28220901905115 470.07042080726285 -1 0 0
689.1153758522181 744.228262965105 -1 0 0
965.3191720560143 595.8965946334367 -1 0 0
960.2042869411291 532.4720192088613 -1 0 0
971.4570341938766 482.3461450829871 -1 0 0
1016.4680232048656 501.78270851955057 -1 0 0
935.6528383896806 456.7717195085615 -1 0 0
974.5259652628075 460.8636276004696 -1 0 0
904.9635277003702 469.04744378428575 -1 0 0
880.4120791489214 470.07042080726285 -1 0 0
232.86762360446576 444.49599523283723 -1 0 0
201.15533589217804 442.4500411868832 -1 0 0
195.01747375431592 460.8636276004696 -1 0 0
179.67281840966055 470.07042080726285 -1 0 0
174.5579332947754 440.40408714092916 -1 0 0
182.74174947859166 436.31217904902104 -1 0 0
192.97151970836188 427.1053858422278 -1 0 0
165.35114008798223 451.65683439367643 -1 0 0
137.7307604676026 425.05943179627377 -1 0 0
121.36312809997024 426.0824088192508 -1 0 0
141.82266855951067 407.66882240566446 -1 0 0
109.08740382424597 438.35813309497513 -1 0 0
75.32916206600422 440.40408714092916 -1 0 0
68.16832290516501 435.28920202604405 -1 0 0
78.39809313493524 421.99050072734275 -1 0 0
55.89259862944075 425.05943179627377 -1 0 0
20.088402825244934 440.40408714092916 -1 0 0
6.789701526543611 435.28920202604405 -1 0 0
23.157333894176002 424.0364547732968 -1 0 0
21.111379848221958 414.82966156650355 -1 0 0
55.89259862944075 403.57691431375633 -1 0 0
110.11038084722297 454.72576546260746 -1 0 0
46.68580542264752 432.220270957113 -1 0 0
51.80069053753266 447.5649263017683 -1 0 0
158.19030092714306 428.1283628652049 -1 0 0
169.44304817989033 425.05943179627377 -1 0 0
288.10838284522504 434.266225003067 -1 0 0
334.1423488791911 439.3811101179522 -1 0 0
371.99249872934087 446.54194927879126 -1 0 0
391.4290621659043 440.40408714092916 -1 0 0
407.7966945335367 436.31217904902104 -1 0 0
424.16432690116903 446.54194927879126 -1 0 0
430.30218903903125 439.3811101179522 -1 0 0
439.5089822458244 437.33515607199814 -1 0 0
451.7847065215487 437.33515607199814 -1 0 0
447.69279842964056 446.54194927879126 -1 0 0
470.19829293513516 423.01347775031974 -1 0 0
6.789701526543611 485.4150761519182 -1 0 0
30.31817305501516 474.1623288991709 -1 0 0
79.4210701579123 429.1513398881819 -1 0 0
84.53595527279738 437.33515607199814 -1 0 0
91.69679443363657 437.33515607199814 -1 0 0
131.59289832974045 440.40408714092916 -1 0 0
148.98350772034988 435.28920202604405 -1 0 0
222.63785337469554 460.8636276004696 -1 0 0
307.54494628178844 455.7487424855845 -1 0 0
301.40708414392634 440.40408714092916 -1 0 0
296.2921990290412 419.9445466813887 -1 0 0
333.1193718562141 427.1053858422278 -1 0 0
357.67082040766263 435.28920202604405 -1 0 0
368.9235676604099 426.0824088192508 -1 0 0
380.17631491315706 410.7377534745955 -1 0 0
385.2912000280423 429.1513398881819 -1 0 0
403.7047864416286 415.8526385894806 -1 0 0
429.27921201605426 413.80668454352656 -1 0 0
454.85363759047976 408.69179942864145 -1 0 0
441.5549362917785 406.6458453826874 -1 0 0
425.18730392414614 432.220270957113 -1 0 0
393.4750162118584 418.92156965841167 -1 0 0
485.5429482797905 432.220270957113 -1 0 0
240.02846276530488 427.1053858422278 -1 0 0
253.3271640640062 443.47301820986024 -1 0 0
258.44204917889135 462.90958164642365 -1 0 0
244.12037085721298 483.3691221059642 -1 0 0
292.20029093713316 448.58790332474535 -1 0 0
502.93355767039986 436.31217904902104 -1 0 0
494.7497414865837 429.1513398881819 -1 0 0
486.5659253027675 452.6798114166534 -1 0 0
464.06043079727294 467.0014897383317 -1 0 0
470.19829293513516 437.33515607199814 -1 0 0
515.2092819461241 450.6338573706994 -1 0 0
522.3701211069633 441.4270641639062 -1 0 0
514.1863049231471 434.266225003067 -1 0 0
501.9105806474229 421.99050072734275 -1 0 0
500.8876036244459 412.7837075205495 -1 0 0
492.7037874406297 412.7837075205495 -1 0 0
491.6808104176526 408.69179942864145 -1 0 0
533.6228683597105 406.6458453826874 -1 0 0
551.0134777503199 454.72576546260746 -1 0 0
537.7147764516187 441.4270641639062 -1 0 0
538.7377534745957 431.1972939341359 -1 0 0
557.1513398881821 431.1972939341359 -1 0 0
563.2892020260442 447.5649263017683 -1 0 0
571.4730182098604 445.5189722558143 -1 0 0
559.1972939341362 480.3001910370331 -1 0 0
538.7377534745957 476.20828294512495 -1 0 0
587.840650577493 443.47301820986024 -1 0 0
626.7137774506197 462.90958164642365 -1 0 0
668.6558353926777 467.0014897383317 -1 0 0
654.3341570709994 470.07042080726285 -1 0 0
672.7477434845858 450.6338573706994 -1 0 0
570.4500411868834 424.0364547732968 -1 0 0
557.1513398881821 421.99050072734275 -1 0 0
595.001489738332 424.0364547732968 -1 0 0
573.5189722558144 416.8756156124576 -1 0 0
588.86362760047 408.69179942864145 -1 0 0
582.7257654626077 412.7837075205495 -1 0 0
539.7607304975727 416.8756156124576 -1 0 0
530.5539372907795 420.9675237043657 -1 0 0
606.2542369910792 444.49599523283723 -1 0 0
614.4380531748955 438.35813309497513 -1 0 0
631.8286625655049 447.5649263017683 -1 0 0
637.966524703367 439.3811101179522 -1 0 0
649.2192719561142 440.40408714092916 -1 0 0
697.2991920360344 445.5189722558143 -1 0 0
708.5519392887816 438.35813309497513 -1 0 0
707.5289622658046 455.7487424855845 -1 0 0
818.010480747323 441.4270641639062 -1 0 0
811.8726186094609 444.49599523283723 -1 0 0
600.1163748532172 437.33515607199814 -1 0 0
343.3491420859843 460.8636276004696 -1 0 0
355.62486636170854 458.8176735545155 -1 0 0
348.46402720086934 434.266225003067 -1 0 0
902.9175736544158 455.7487424855845 -1 0 0
915.1932979301403 444.49599523283723 -1 0 0
954.0664248032672 424.0364547732968 -1 0 0
941.7907005275428 430.17431691115894 -1 0 0
931.5609302977726 442.4500411868832 -1 0 0
924.4000911369334 424.0364547732968 -1 0 0
931.5609302977726 423.01347775031974 -1 0 0
919.2852060220482 433.24324798009 -1 0 0
915.1932979301403 426.0824088192508 -1 0 0
926.4460451828875 433.24324798009 -1 0 0
905.9865047233471 424.0364547732968 -1 0 0
898.8256655625079 431.1972939341359 -1 0 0
889.6188723557146 439.3811101179522 -1 0 0
898.8256655625079 425.05943179627377 -1 0 0
885.5269642638066 425.05943179627377 -1 0 0
892.6878034246457 450.6338573706994 -1 0 0
882.4580331948754 454.72576546260746 -1 0 0
920.3081830450252 468.02446676130876 -1 0 0
971.4570341938766 409.7147764516185 -1 0 0
1001.1233678602102 478.254236991079 -1 0 0
1008.2842070210495 442.4500411868832 -1 0 0
985.7787125155548 445.5189722558143 -1 0 0
991.9165746534169 436.31217904902104 -1 0 0
945.882608619451 447.5649263017683 -1 0 0
978.6178733547157 424.0364547732968 -1 0 0
784.2522389890813 419.9445466813887 -1 0 0
790.3901011269434 416.8756156124576 -1 0 0
796.5279632648055 416.8756156124576 -1 0 0
802.6658254026677 424.0364547732968 -1 0 0
800.6198713567137 431.1972939341359 -1 0 0
811.8726186094609 431.1972939341359 -1 0 0
765.8386525754948 425.05943179627377 -1 0 0
757.6548363916787 424.0364547732968 -1 0 0
734.1263648632071 430.17431691115894 -1 0 0
753.5629282997705 445.5189722558143 -1 0 0
737.1952959321383 443.47301820986024 -1 0 0
735.1493418861841 459.8406505774926 -1 0 0
743.3331580700004 448.58790332474535 -1 0 0
722.8736176104599 454.72576546260746 -1 0 0
716.7357554725978 443.47301820986024 -1 0 0
718.7817095185518 426.0824088192508 -1 0 0
737.1952959321383 417.8985926354347 -1 0 0
736.1723189091613 401.5309602678023 -1 0 0
746.4020891389314 402.5539372907793 -1 0 0
755.6088823457247 402.5539372907793 -1 0 0
695.2532379900803 421.99050072734275 -1 0 0
697.2991920360344 411.7607304975725 -1 0 0
706.5059852428275 411.7607304975725 -1 0 0
711.6208703577126 408.69179942864145 -1 0 0
721.8506405874829 419.9445466813887 -1 0 0
729.011479748322 412.7837075205495 -1 0 0
709.5749163117586 419.9445466813887 -1 0 0
692.1843069211492 434.266225003067 -1 0 0
675.8166745535169 432.220270957113 -1 0 0
669.6788124156546 417.8985926354347 -1 0 0
685.02346776031 418.92156965841167 -1 0 0
679.908582645425 410.7377534745955 -1 0 0
655.3571340939764 448.58790332474535 -1 0 0
664.5639273007696 437.33515607199814 -1 0 0
613.4150761519185 413.80668454352656 -1 0 0
597.0474437842861 414.82966156650355 -1 0 0
605.2312599681022 416.8756156124576 -1 0 0
619.5529382897805 428.1283628652049 -1 0 0
621.5988923357346 411.7607304975725 -1 0 0
616.4840072208495 405.62286835971037 -1 0 0
518.2782130150553 421.99050072734275 -1 0 0
417.46592240855773 411.2506471743024 -1 0 0
421.791858211017 412.0140476100305 -1 0 0
438.07773417321664 432.88032618659884 -1 0 0
418.22932284428583 430.08119125559574 -1 0 0
413.3944534180078 417.1033838482179 -1 0 0
408.30511717982046 423.9739877697709 -1 0 0
400.1621791987206 431.607992127052 -1 0 0
396.59964383198945 422.70165371022404 -1 0 0
394.0549757128957 427.28205632459265 -1 0 0
389.47457309852706 413.2863816695774 -1 0 0
385.6575709198865 419.902518779221 -1 0 0
548.0073969180642 428.55439038413954 -1 0 0
563.2754056326264 430.08119125559574 -1 0 0
603.9900955381255 428.0454567603208 -1 0 0
580.0702152186448 425.5007886412271 -1 0 0
575.2353457923667 434.1526602461456 -1 0 0
615.1866352621378 445.6036667820673 -1 0 0
634.5261129672499 436.69732836523934 -1 0 0
576.762146663823 381.2235633689968 -1 0 0
607.2981640929473 380.2056961213593 -1 0 0
608.3160313405848 394.455837588284 -1 0 0
617.9857701931409 390.6388354096435 -1 0 0
627.9099758576062 386.8218332310029 -1 0 0
633.7627125315217 386.0584327952748 -1 0 0
625.6197745504219 392.9290367168278 -1 0 0
587.7042195759259 393.18350352873716 -1 0 0
598.6462924880287 399.79964063838077 -1 0 0
595.8471575570256 392.42010309300906 -1 0 0
592.0301553783851 394.455837588284 -1 0 0
565.056673315992 401.07197469792766 -1 0 0
575.2353457923667 398.52730657883393 -1 0 0
565.5656069398107 391.4022358453716 -1 0 0
554.8780008396172 392.9290367168278 -1 0 0
560.221803889714 389.36650135009666 -1 0 0
555.8958680872547 407.6881118075712 -1 0 0
441.1313359161291 382.4958974285437 -1 0 0
449.78320752104764 380.9690965570875 -1 0 0
464.28781579988174 369.00915639734706 -1 0 0
473.19415421670965 384.5316319238186 -1 0 0
475.99328914771274 383.76823148809046 -1 0 0
484.1362271288125 376.8976275665375 -1 0 0
482.8638930692657 399.5451738264714 -1 0 0
489.2255633669999 400.0541074502902 -1 0 0
484.1362271288125 413.03191485766797 -1 0 0
457.41721187832877 397.00050570737767 -1 0 0
426.626727637295 397.50943933119646 -1 0 0
431.46159706357304 398.27283976692456 -1 0 0
421.28292458719824 396.74603889546836 -1 0 0
420.51952415147014 384.5316319238186 -1 0 0
430.44372981593557 371.044890892622 -1 0 0
428.1535285087512 385.04056554763736 -1 0 0
465.8146166713379 405.3979105003869 -1 0 0
507.5471738244745 415.57658297676164 -1 0 0
542.9180606798768 411.75958079812114 -1 0 0
550.2975982252486 415.83104978867107 -1 0 0
564.8022065040826 412.26851442193987 -1 0 0
571.4183436137262 407.9425786194806 -1 0 0
565.8200737517201 415.57658297676164 -1 0 0
565.5656069398107 420.15698559113036 -1 0 0
583.632750585376 419.902518779221 -1 0 0
576.762146663823 415.83104978867107 -1 0 0
593.3024894379321 411.50511398621177 -1 0 0
603.7356287262161 411.50511398621177 -1 0 0
622.8206396194189 417.1033838482179 -1 0 0
596.3560911808445 449.92960258452655 -1 0 0
515.6901118055742 427.79098994841144 -1 0 0
507.80164063638387 426.77312270077397 -1 0 0
459.707413185513 427.02758951268333 -1 0 0
434.76966561839487 426.00972226504587 -1 0 0
460.2163468093318 409.97831311475557 -1 0 0
401.9434468820862 447.1304676535235 -1 0 0
388.2022390389802 467.7422794181825 -1 0 0
464.0333489879723 461.1261423085388 -1 0 0
729.7610164089801 431.57723240253557 -1 0 0
728.1503253797517 424.86601978075 -1 0 0
723.3182522920661 412.78583706153586 -1 0 0
724.6604948164232 406.3430729446217 -1 0 0
720.9022157482233 405.8061759348788 -1 0 0
713.6541061166948 432.3825779171499 -1 0 0
680.6349400175096 427.55050482946416 -1 0 0
686.0039101149381 428.62429884894993 -1 0 0
658.08526560831 427.01360781972136 -1 0 0
665.064926734967 426.2082623051071 -1 0 0
653.5216410254958 411.71204304205014 -1 0 0
658.3537141131814 415.2018736053787 -1 0 0
660.2328536472813 406.3430729446217 -1 0 0
661.84354467651 393.18909620592194 -1 0 0
648.6895679378101 391.57840517669337 -1 0 0
657.0114715888242 387.551677603622 -1 0 0
667.2125147739384 386.4778835841363 -1 0 0
673.923727395724 387.01478059387915 -1 0 0
587.7517573319968 496.8102190862917 -1 0 0
727.4031749955642 418.5236891953786 -1 0 0
742.271092188443 414.3186217064835 -1 0 0
744.2234449511444 399.00016156836585 -1 0 0
671.6860307677048 407.10993458266347 -1 0 0
670.3344019319884 414.91934563346854 -1 0 0
681.1474326177187 410.7142781445735 -1 0 0
656.0672086660946 433.8421493334963 -1 0 0
748.8790553852782 420.0254990128411 -1 0 0
756.8386474178295 411.615364035051 -1 0 0
760.743352943232 411.1648210898122 -1 0 0
762.3953437424408 403.9561339659922 -1 0 0
763.4466106146647 398.5496186231271 -1 0 0
762.3953437424408 427.0840051549149 -1 0 0
752.6335799289345 449.3107904533602 -1 0 0
801.2922180147201 407.41029654615596 -1 0 0
789.5781014385124 403.20522905726085 -1 0 0
786.5744818035873 407.41029654615596 -1 0 0
808.8012671020326 408.3113824366335 -1 0 0
811.2041628099728 388.18713088263576 -1 0 0
805.1969235401226 414.61898366997605 -1 0 0
805.497285503615 418.5236891953786 -1 0 0
809.1016290655251 424.53092846522867 -1 0 0
777.2632609353199 431.43925362555626 -1 0 0
765.8495063226046 414.91934563346854 -1 0 0
740.0183774622493 428.1352720271387 -1 0 0
748.7288744035319 428.4356339906312 -1 0 0
719.2934019812666 447.959161617644 -1 0 0
701.5720461352088 423.62984257475114 -1 0 0
709.9821811129989 426.63346220967617 -1 0 0
766.3501410869832 445.0074837443258 -1 0 0
763.7926985295406 497.69080042764244 -1 0 0
321.3551360919781 435.28920202604405 -1 0 0
370.45803319487527 409.20328794013 -1 0 0
360.73975147659354 394.8816096184516 -1 0 0
320.33215906900114 378.0024887393308 -1 0 0
373.0154757523178 393.3471440839861 -1 0 0
403.31272374230673 505.88863812085214 -1 0 0
295.2740352000376 384.26966749924736 -1 0 0
305.83647681729855 379.7429068061356 -1 0 0
218.0173193709289 389.70178033098165 -1 0 0
196.89243613640696 392.4178367468487 -1 0 0
205.94595752263066 392.11605270064126 -1 0 0
202.3245489681412 397.8499495785829 -1 0 0
215.60304700126923 451.56750980351006 -1 0 0
223.75121624887055 433.1586829848552 -1 0 0
232.50295358888678 427.4247861069136 -1 0 0
223.44943220266308 424.406945644839 -1 0 0
239.44398665165824 421.9926732751794 -1 0 0
266.0009827179144 479.331642054596 -1 0 0
191.76210735088023 495.92976459600607 -1 0 0
324.84887172836824 446.1353969717759 -1 0 0
349.59516351737966 427.1230020607061 -1 0 0
390.0342257091787 392.71962079305615 -1 0 0
311.2685896490327 399.0570857634127 -1 0 0
307.64718109454327 393.926756977886 -1 0 0
296.1793873386599 395.7374612551307 -1 0 0
292.256194737963 395.1338931627158 -1 0 0
307.3453970483358 415.0516402124079 -1 0 0
299.8007958931494 412.9391518889557 -1 0 0
304.0257725400538 409.6195273806737 -1 0 0
341.4469942697783 458.5085428662815 -1 0 0
9.517664536770132 423.97522261370096 -1 0 0
1.1822746171460095 420.5021434805242 -1 0 0
1.8768904437813612 444.1190815861259 -1 0 0
179.6985420624292 423.97522261370096 -1 0 0
77.59001554703379 406.60982694781734 -1 0 0
60.22461988115018 423.2806067870656 -1 0 0
19.242286109664956 460.09524559873876 -1 0 0
17.85305445639425 428.83753340014835 -1 0 0
97.03925869282337 428.142917573513 -1 0 0
88.00925294656392 428.142917573513 -1 0 0
93.56617955964667 421.1967593071596 -1 0 0
253.32781968577555 471.9037146515396 -1 0 0
513.114138847394 514.2752800762955 -1 0 0
372.8017418670546 457.3167822921974 -1 0 0
459.62872019647244 405.2205952945466 -1 0 0
119.26696514515432 411.47213773426483 -1 0 0
204.70471182130152 428.142917573513 -1 0 0
299.86708007034355 430.22676505341906 -1 0 0
291.53169015071944 428.142917573513 -1 0 0
277.6393736180126 432.31061253332507 -1 0 0
250.5493563792342 433.00522835996037 -1 0 0
809.0594317962738 418.4100811469233 -1 0 0
880.1563348931769 416.8756156124578 -1 0 0
888.0844068212489 416.8756156124578 -1 0 0
891.4090821459241 414.3181730550152 -1 0 0
892.176314913157 426.3381530749952 -1 0 0
788.0884028252449 426.3381530749952 -1 0 0
791.9245666614087 423.7807105175527 -1 0 0
794.9934977303398 429.40708414392634 -1 0 0
810.8496415864836 427.61687435371647 -1 0 0
683.7447464815885 412.5279632648054 -1 0 0
676.3281630650051 421.73475647159864 -1 0 0
680.1643269011689 420.4560351928773 -1 0 0
490.146344883187 419.4330581699003 -1 0 0
520.8356555724977 414.3181730550151 -1 0 0
535.4130781499202 416.3641271009692 -1 0 0
414.7017894386315 412.2722190090611 -1 0 0
941.7907005275428 393.3471440839861 -1 0 0
