101.8924050632911 139.13132911392398 -1 0 0
160.84810126582275 125.0332278481012 -1 0 0
186.0537974683544 109.22626582278474 -1 0 0
169.39240506329114 98.54588607594928 -1 0 0
157.43037974683543 100.68196202531638 -1 0 0
137.35126582278477 98.97310126582272 -1 0 0
145.46835443037972 81.884493670886 -1 0 0
129.23417721518982 81.03006329113919 -1 0 0
120.68987341772149 76.75791139240499 -1 0 0
107.87341772151896 84.02056962025307 -1 0 0
106.59177215189868 101.53639240506322 -1 0 0
96.7658227848101 86.58386075949358 -1 0 0
86.93987341772149 88.7199367088607 -1 0 0
83.0949367088607 93.84651898734171 -1 0 0
68.99683544303792 91.2832278481012 -1 0 0
68.56962025316452 99.40031645569613 -1 0 0
93.34810126582273 107.51740506329105 -1 0 0
88.22151898734174 97.26424050632903 -1 0 0
115.13607594936704 142.54905063291133 -1 0 0
141.19620253164553 140.84018987341764 -1 0 0
135.2151898734177 155.79272151898726 -1 0 0
139.06012658227846 168.6091772151898 -1 0 0
126.24367088607595 186.55221518987335 -1 0 0
104.88291139240502 160.91930379746827 -1 0 0
101.03797468354426 183.5617088607594 -1 0 0
77.54113924050628 163.05537974683537 -1 0 0
74.97784810126578 186.55221518987335 -1 0 0
90.35759493670881 193.38765822784802 -1 0 0
58.7436708860759 249.78006329113916 -1 0 0
86.93987341772149 267.2958860759493 -1 0 0
115.13607594936704 238.24525316455689 -1 0 0
132.6518987341772 205.34968354430373 -1 0 0
157.8575949367088 190.82436708860752 -1 0 0
179.64556962025316 178.86234177215184 -1 0 0
186.0537974683544 195.95094936708853 -1 0 0
183.06329113924048 215.17563291139234 -1 0 0
224.503164556962 208.34018987341764 -1 0 0
222.36708860759492 190.3971518987341 -1 0 0
212.96835443037972 175.4446202531645 -1 0 0
208.26898734177217 140.84018987341764 -1 0 0
236.03797468354432 141.6946202531645 -1 0 0
249.7088607594937 175.01740506329105 -1 0 0
257.8259493670886 190.3971518987341 -1 0 0
273.2056962025316 189.54272151898726 -1 0 0
297.9841772151899 187.40664556962017 -1 0 0
303.9651898734178 215.60284810126575 -1 0 0
321.05379746835445 228.8465189873417 -1 0 0
327.46202531645577 239.09968354430373 -1 0 0
328.3164556962025 185.6977848101265 -1 0 0
326.18037974683546 172.02689873417714 -1 0 0
322.7626582278481 147.67563291139234 -1 0 0
329.59810126582283 129.73259493670878 -1 0 0
347.9683544303798 107.94462025316449 -1 0 0
299.2658227848101 118.62499999999994 -1 0 0
294.5664556962025 92.56487341772146 -1 0 0
307.38291139240505 92.56487341772146 -1 0 0
262.52531645569616 86.58386075949358 -1 0 0
259.96202531645565 74.6218354430379 -1 0 0
294.5664556962025 55.39715189873411 -1 0 0
47.208860759493604 39.162974683544235 -1 0 0
77.11392405063287 59.669303797468274 -1 0 0
96.33860759493666 61.80537974683537 -1 0 0
77.96835443037969 74.6218354430379 -1 0 0
58.7436708860759 72.91297468354423 -1 0 0
25.42088607594931 106.2357594936708 -1 0 0
18.585443037974613 88.29272151898726 -1 0 0
8.759493670886002 66.07753164556954 -1 0 0
13.458860759493602 53.68829113924045 -1 0 0
30.547468354430322 66.07753164556954 -1 0 0
31.829113924050574 55.82436708860752 -1 0 0
34.39240506329108 101.96360759493663 -1 0 0
40.37341772151893 93.41930379746827 -1 0 0
43.363924050632846 81.884493670886 -1 0 0
53.18987341772146 137.84968354430373 -1 0 0
40.80063291139234 115.20727848101257 -1 0 0
54.0443037974683 103.24525316455689 -1 0 0
23.712025316455627 123.75158227848095 -1 0 0
30.120253164556914 133.57753164556954 -1 0 0
35.67405063291133 168.6091772151898 -1 0 0
48.49050632911386 180.9984177215189 -1 0 0
124.53481012658224 53.68829113924045 -1 0 0
149.31329113924048 48.988924050632846 -1 0 0
172.38291139240502 38.7357594936708 -1 0 0
186.48101265822783 37.88132911392398 -1 0 0
227.92088607594937 78.46677215189865 -1 0 0
221.9398734177215 87.01107594936701 -1 0 0
204.85126582278485 84.4477848101265 -1 0 0
188.1898734177215 85.72943037974676 -1 0 0
168.53797468354426 85.72943037974676 -1 0 0
178.79113924050628 92.56487341772146 -1 0 0
223.64873417721515 108.3718354430379 -1 0 0
206.13291139240508 103.6724683544303 -1 0 0
228.3481012658228 104.95411392405055 -1 0 0
242.87341772151896 103.24525316455689 -1 0 0
246.2911392405063 88.29272151898726 -1 0 0
281.32278481012656 90.85601265822777 -1 0 0
250.13607594936707 241.2357594936708 -1 0 0
286.4493670886076 253.62499999999991 -1 0 0
307.8101265822785 51.124999999999915 -1 0 0
335.1518987341773 47.707278481012594 -1 0 0
350.5316455696203 30.191455696202468 -1 0 0
339.85126582278485 32.75474683544297 -1 0 0
327.46202531645577 28.055379746835374 -1 0 0
225.78481012658224 22.074367088607517 -1 0 0
262.52531645569616 53.68829113924045 -1 0 0
272.35126582278485 55.39715189873411 -1 0 0
225.78481012658224 55.82436708860752 -1 0 0
229.62974683544303 63.51424050632903 -1 0 0
208.26898734177217 59.669303797468274 -1 0 0
198.01582278481013 43.00791139240499 -1 0 0
192.88924050632912 66.93196202531638 -1 0 0
204.4240506329114 70.34968354430373 -1 0 0
173.66455696202527 65.65031645569613 -1 0 0
165.12025316455694 57.533227848101205 -1 0 0
156.57594936708855 69.9224683544303 -1 0 0
142.90506329113921 61.37816455696196 -1 0 0
181.78164556962025 146.8212025316455 -1 0 0
8.759493670886002 125.88765822784802 -1 0 0
243.72784810126583 58.81487341772146 -1 0 0
236.03797468354432 43.86234177215181 -1 0 0
323.61708860759495 35.745253164556885 -1 0 0
312.9367088607595 40.01740506329105 -1 0 0
174.51898734177215 26.77373417721512 -1 0 0
220.65822784810123 38.7357594936708 -1 0 0
222.79430379746836 35.745253164556885 -1 0 0
221.08544303797467 7.97626582278474 -1 0 0
240.7373417721519 10.112341772151808 -1 0 0
270.6424050632911 22.501582278480953 -1 0 0
278.3322784810126 19.51107594936701 -1 0 0
284.74050632911394 26.77373417721512 -1 0 0
282.6044303797469 49.84335443037966 -1 0 0
253.12658227848104 50.69778481012651 -1 0 0
206.9873417721519 38.7357594936708 -1 0 0
190.753164556962 72.91297468354423 -1 0 0
273.4131175468484 47.64650766609884 -1 0 0
237.0758091993186 25.568143100511094 -1 0 0
248.5749574105622 23.72827938671213 -1 0 0
233.39608177172062 32.46763202725725 -1 0 0
353.90715502555366 204.4948892674617 -1 0 0
352.5272572402045 235.77257240204432 -1 0 0
29.631175468483832 148.37904599659288 -1 0 0
