468.1679012345679 186.1495370370371 -1 0 0
449.7746913580247 201.32947530864203 -1 0 0
423.8469135802469 176.3989197530865 -1 0 0
438.02962962962965 154.18302469135813 -1 0 0
461.96296296296293 150.96975308641984 -1 0 0
464.06820987654316 134.0169753086421 -1 0 0
465.84104938271605 87.7569444444445 -1 0 0
437.36481481481485 118.7816358024692 -1 0 0
471.0487654320988 110.69305555555562 -1 0 0
410.883024691358 97.17515432098772 -1 0 0
404.7888888888889 128.6430555555556 -1 0 0
411.54783950617286 119.88966049382722 -1 0 0
431.0216049382716 327.6996913580247 -1 0 0
417.9469135802469 283.1570987654321 -1 0 0
283.8209876543211 315.4006172839506 -1 0 0
334.34691358024696 263.5450617283951 -1 0 0
196.95185185185187 264.4314814814815 -1 0 0
91.91111111111114 244.0438271604939 -1 0 0
372.462962962963 229.41790123456792 -1 0 0
405.2604938271606 191.3018518518519 -1 0 0
385.7592592592593 166.03888888888892 -1 0 0
383.54320987654324 150.9697530864198 -1 0 0
380.88395061728403 112.41049382716054 -1 0 0
390.1913580246914 91.13641975308644 -1 0 0
363.1555555555556 84.04506172839507 -1 0 0
343.65432098765433 94.23888888888888 -1 0 0
351.1888888888889 77.39691358024692 -1 0 0
337.44938271604946 130.13888888888894 -1 0 0
339.22222222222223 157.61790123456794 -1 0 0
326.3691358024692 146.53765432098768 -1 0 0
328.58518518518525 161.60679012345682 -1 0 0
303.76543209876553 188.19938271604943 -1 0 0
290.9123456790124 192.63148148148153 -1 0 0
271.8543209876544 198.39320987654324 -1 0 0
216.00987654320988 209.4734567901235 -1 0 0
194.73580246913582 214.791975308642 -1 0 0
227.97654320987658 196.6203703703704 -1 0 0
242.6024691358025 160.7203703703704 -1 0 0
270.52469135802477 142.99197530864203 -1 0 0
287.8098765432099 148.31049382716054 -1 0 0
305.9814814814816 143.87839506172844 -1 0 0
321.9370370370371 120.38827160493832 -1 0 0
314.84567901234567 97.34135802469137 -1 0 0
327.25555555555565 76.51049382716053 -1 0 0
298.0037037037037 77.39691358024692 -1 0 0
299.3333333333334 101.33024691358025 -1 0 0
305.09506172839514 68.97592592592594 -1 0 0
287.8098765432099 107.53518518518524 -1 0 0
290.02592592592595 119.9450617283951 -1 0 0
263.8765432098766 108.42160493827166 -1 0 0
262.9901234567902 98.67098765432098 -1 0 0
258.55802469135807 94.6820987654321 -1 0 0
254.5691358024692 85.37469135802473 -1 0 0
275.8432098765433 71.63518518518521 -1 0 0
242.6024691358025 64.98703703703706 -1 0 0
223.10123456790126 82.71543209876546 -1 0 0
247.47777777777782 104.87592592592597 -1 0 0
222.21481481481487 117.28580246913586 -1 0 0
236.84074074074078 150.08333333333337 -1 0 0
209.80493827160495 135.45740740740743 -1 0 0
212.46419753086423 113.74012345679017 -1 0 0
212.020987654321 88.03395061728395 -1 0 0
195.62222222222226 102.2166666666667 -1 0 0
196.06543209876548 149.19691358024696 -1 0 0
169.47283950617287 135.45740740740743 -1 0 0
176.56419753086425 134.12777777777782 -1 0 0
199.16790123456792 139.88950617283953 -1 0 0
157.50617283950623 183.76728395061733 -1 0 0
121.60617283950619 181.9944444444445 -1 0 0
85.70617283950621 210.3598765432099 -1 0 0
27.20246913580249 183.76728395061733 -1 0 0
106.53703703703708 166.48209876543214 -1 0 0
112.29876543209882 155.4018518518519 -1 0 0
92.79753086419755 138.1166666666667 -1 0 0
114.95802469135803 128.3660493827161 -1 0 0
147.7555555555556 125.26358024691362 -1 0 0
164.1543209876544 115.512962962963 -1 0 0
186.75802469135806 100.88703703703703 -1 0 0
204.9296296296297 75.62407407407409 -1 0 0
220.8851851851852 72.96481481481482 -1 0 0
196.50864197530865 74.29444444444448 -1 0 0
208.91851851851857 61.88456790123462 -1 0 0
186.31481481481484 66.31666666666672 -1 0 0
179.66666666666669 78.28333333333336 -1 0 0
173.01851851851853 80.49938271604941 -1 0 0
164.1543209876544 93.3524691358025 -1 0 0
181.43950617283957 98.22777777777782 -1 0 0
154.40370370370374 105.31913580246919 -1 0 0
121.60617283950619 108.86481481481488 -1 0 0
133.12962962962968 118.61543209876547 -1 0 0
103.43456790123462 124.3771604938272 -1 0 0
56.011111111111155 134.57098765432104 -1 0 0
20.554320987654368 145.20802469135808 -1 0 0
3.712345679012373 148.75370370370374 -1 0 0
3.26913580246918 136.34382716049387 -1 0 0
20.99753086419756 104.43271604938278 -1 0 0
14.349382716049407 95.56851851851854 -1 0 0
42.71481481481485 119.50185185185191 -1 0 0
50.69259259259264 103.54629629629633 -1 0 0
65.76172839506178 110.19444444444449 -1 0 0
76.39876543209881 81.82901234567902 -1 0 0
102.10493827160498 96.01172839506177 -1 0 0
85.26296296296299 68.08950617283955 -1 0 0
120.7197530864198 80.49938271604941 -1 0 0
124.26543209876546 87.59074074074078 -1 0 0
149.52839506172842 72.52160493827165 -1 0 0
153.07407407407413 83.15864197530868 -1 0 0
153.96049382716052 69.41913580246916 -1 0 0
136.342901234568 24.931944444444454 -1 0 0
146.75833333333344 26.150771604938285 -1 0 0
167.36759259259267 30.804475308641983 -1 0 0
148.30956790123466 54.95941358024692 -1 0 0
152.18765432098775 47.97885802469136 -1 0 0
161.71666666666675 58.28348765432099 -1 0 0
174.34814814814823 45.98441358024692 -1 0 0
187.09043209876552 56.953858024691364 -1 0 0
207.81049382716057 46.206018518518526 -1 0 0
222.87962962962976 54.23919753086422 -1 0 0
72.63148148148159 40.721296296296316 -1 0 0
37.369290123456814 13.159182098765434 -1 0 0
18.9760802469136 29.945756172839502 -1 0 0
24.460802469135814 62.16157407407408 -1 0 0
55.92870370370371 36.34459876543211 -1 0 0
51.16419753086421 32.13410493827161 -1 0 0
0.7353395061728492 34.15625 -1 0 0
99.33487654320996 25.596759259259272 -1 0 0
310.85679012345685 95.56851851851854 -1 0 0
98.75024975024976 13.625811688311686 -1 0 0
414.8104395604396 146.09590409590396 -1 0 0
