936.6956999364273 289.48798982835353 -1 0 0
934.2115397329944 239.1837457088366 -1 0 0
932.3484195804194 200.05822250476794 -1 0 0
1010.5994659885569 182.6691010807374 -1 0 0
1010.5994659885569 147.89085823267635 -1 0 0
973.337062937063 113.11261538461531 -1 0 0
970.85290273363 62.187331214240224 -1 0 0
935.4536198347108 70.8818919262555 -1 0 0
976.4422631913542 31.7563687221868 -1 0 0
946.0113006993007 15.609327399872754 -1 0 0
920.5486586141132 5.67268658614104 -1 0 0
903.1595371900827 23.682848061029798 -1 0 0
841.0555321042594 33.619488874761515 -1 0 0
877.0758550540369 155.96437889383336 -1 0 0
816.2139300699301 182.04806102987916 -1 0 0
803.7931290527654 213.72110362364907 -1 0 0
871.4864945963129 257.19390718372534 -1 0 0
860.3077736808647 277.06718881118877 -1 0 0
829.8768111888112 301.28775079465987 -1 0 0
832.3609713922441 322.40311252383975 -1 0 0
863.4129739351556 354.0761551176097 -1 0 0
792.6144081373172 370.8442364907819 -1 0 0
738.583923712651 332.96079338842975 -1 0 0
727.4052027972027 285.1407094723458 -1 0 0
713.7423216783217 310.60335155753336 -1 0 0
684.5534392879847 341.0343140495868 -1 0 0
641.0806357279084 364.0127959313414 -1 0 0
617.4811137952955 337.30807374443737 -1 0 0
591.3974316592498 303.77191099809284 -1 0 0
637.3543954227591 321.78207247298155 -1 0 0
580.8397507946598 280.7934291163382 -1 0 0
616.8600737444373 254.08870692943415 -1 0 0
658.469757151939 237.94166560712011 -1 0 0
677.100958677686 268.9936681500318 -1 0 0
723.0579224411952 220.5525441830896 -1 0 0
652.8803966942148 211.2369434202161 -1 0 0
710.0160813731723 190.12158169103623 -1 0 0
710.0160813731723 131.7438169103623 -1 0 0
744.7943242212333 106.28117482517479 -1 0 0
755.9730451366814 106.28117482517479 -1 0 0
761.5624055944055 55.97693070565789 -1 0 0
796.3406484424665 160.93269930069926 -1 0 0
715.6054418308963 39.82988938334385 -1 0 0
638.5964755244754 20.57764780673861 -1 0 0
655.3645568976477 67.77669167196431 -1 0 0
663.4380775588048 95.10245390972659 -1 0 0
650.3962364907819 128.01757660521292 -1 0 0
588.2922314049587 75.85021233312136 -1 0 0
589.5343115066752 5.67268658614104 -1 0 0
576.4924704386522 128.01757660521292 -1 0 0
585.8080712015256 158.44853909726632 -1 0 0
605.0603127781309 206.8896630642085 -1 0 0
560.9664691671964 228.62606484424663 -1 0 0
541.7142275905912 199.43718245390968 -1 0 0
798.2037685950414 112.49157533375707 -1 0 0
519.3567857596948 110.62845518118236 -1 0 0
530.5355066751429 312.46647171010807 -1 0 0
575.2503903369358 342.8974342021615 -1 0 0
949.6060419580419 361.2181157024794 -1 0 0
883.7757965670693 405.9329993642722 -1 0 0
847.7554736172918 397.23843865225695 -1 0 0
896.196597584234 443.1954024157661 -1 0 0
801.7985098537825 436.98500190718386 -1 0 0
692.4954609027336 491.6365263827083 -1 0 0
713.6108226319136 450.6478830260649 -1 0 0
670.1380190718373 408.4171595677051 -1 0 0
652.7488976478068 381.0913973299429 -1 0 0
707.4004221233313 383.57555753337573 -1 0 0
626.665215511761 450.6478830260649 -1 0 0
639.0860165289256 424.5642008900192 -1 0 0
622.9389752066115 484.1840457724095 -1 0 0
632.8756160203434 512.7518881118882 -1 0 0
564.5612104259378 495.36276668785774 -1 0 0
542.2037685950414 521.4464488239034 -1 0 0
564.5612104259378 542.5618105530833 -1 0 0
557.1087298156389 571.1296528925621 -1 0 0
619.2127349014621 586.0346141131597 -1 0 0
670.1380190718373 577.3400534011445 -1 0 0
668.8959389701208 597.213335028608 -1 0 0
737.2103445645265 646.8965390972666 -1 0 0
817.9455511760966 660.5594202161476 -1 0 0
825.3980317863954 677.9485416401781 -1 0 0
779.4410680228863 645.65445899555 -1 0 0
789.3777088366179 613.3603763509219 -1 0 0
852.7237940241578 650.622779402416 -1 0 0
831.6084322949778 634.4757380801018 -1 0 0
939.6694011443103 674.2223013350288 -1 0 0
952.0902021614748 663.0435804195806 -1 0 0
975.6897240940878 645.65445899555 -1 0 0
979.4159643992372 629.507417673236 -1 0 0
996.8050858232676 634.4757380801018 -1 0 0
978.1738842975207 598.4554151303244 -1 0 0
1005.499646535283 566.1613324856962 -1 0 0
979.4159643992372 574.8558931977116 -1 0 0
969.4793235855053 546.2880508582329 -1 0 0
942.1535613477432 568.6454926891291 -1 0 0
922.2802797202799 563.6771722822633 -1 0 0
892.4703572790846 577.3400534011445 -1 0 0
857.6921144310235 576.097973299428 -1 0 0
896.196597584234 602.1816554354738 -1 0 0
888.7441169739352 624.5390972663702 -1 0 0
868.8708353464717 609.6341360457725 -1 0 0
885.0178766687858 646.8965390972666 -1 0 0
897.4386776859504 661.8015003178641 -1 0 0
941.0429802924348 651.2438194532741 -1 0 0
844.7817724094089 627.6442975206612 -1 0 0
866.518174189447 630.7494977749524 -1 0 0
838.5713719008264 596.5922949777496 -1 0 0
821.1822504767958 604.0447755880484 -1 0 0
753.4888849332485 630.1284577240941 -1 0 0
662.8170375079466 663.0435804195806 -1 0 0
805.0352091544819 459.9634837889384 -1 0 0
533.6407069294341 385.4386776859505 -1 0 0
536.124867132867 405.3119593134139 -1 0 0
666.5432778130959 641.3071786395425 -1 0 0
697.5952803560076 639.4440584869677 -1 0 0
438.97962110616663 352.21303496503504 -1 0 0
401.7172180546727 323.024152574698 -1 0 0
380.6018563254927 299.42463064208516 -1 0 0
378.738736172918 344.76055435473614 -1 0 0
338.3711328671329 314.3295918626828 -1 0 0
306.0770502225048 354.6971951684679 -1 0 0
278.1302479338843 331.7187132867133 -1 0 0
273.7829675778766 293.83527018436104 -1 0 0
300.48768976478067 252.22558677685947 -1 0 0
293.65624920534003 224.278784488239 -1 0 0
316.6347310870947 221.79462428480605 -1 0 0
337.1290527654164 250.98350667514302 -1 0 0
394.88577749523205 223.03670438652253 -1 0 0
450.779382072473 290.1090298792117 -1 0 0
430.2850603941513 265.2674278448823 -1 0 0
496.73634583598226 266.50950794659883 -1 0 0
483.69450476795936 210.61590336935788 -1 0 0
508.5361068022887 205.647582962492 -1 0 0
474.3789040050859 165.27997965670687 -1 0 0
399.23305785123966 154.10125874125868 -1 0 0
379.35977622377624 178.32182072472978 -1 0 0
361.97065479974566 166.52205975842335 -1 0 0
486.79970502225046 120.56509599491412 -1 0 0
468.1685034965035 93.23933375715188 -1 0 0
470.0316236490782 52.25069040050851 -1 0 0
422.8325797838525 128.63861665607118 -1 0 0
425.9377800381437 81.43957279084546 -1 0 0
390.53849713922443 80.19749268912898 -1 0 0
444.56898156389065 25.545968213604514 -1 0 0
347.0656935791481 50.387570247933795 -1 0 0
329.6765721551176 1.3254062301334208 -1 0 0
320.9820114431024 34.24052892561975 -1 0 0
293.0352091544819 44.798209790209704 -1 0 0
261.9832066115702 93.23933375715188 -1 0 0
275.64608773045137 123.04925619834702 -1 0 0
265.7094469167196 141.68045772409403 -1 0 0
309.80329052765416 161.55373935155748 -1 0 0
242.730965034965 177.70078067387155 -1 0 0
227.8260038143674 165.27997965670687 -1 0 0
207.95272218690397 140.4383776223776 -1 0 0
214.16312269548627 110.00741513032416 -1 0 0
227.20496376350917 74.6081322314049 -1 0 0
237.14160457724088 51.008610298792036 -1 0 0
194.91088111888106 29.893248569612133 -1 0 0
153.30119771137953 62.80837126509846 -1 0 0
180.62695994914168 116.83885568976474 -1 0 0
151.4380775588048 102.55493452002536 -1 0 0
119.76503496503493 80.81853273998722 -1 0 0
139.01727654164011 136.09109726636993 -1 0 0
129.70167577876666 155.96437889383336 -1 0 0
134.04895613477427 179.56390082644626 -1 0 0
137.15415638906546 205.02654291163378 -1 0 0
157.64847806738712 193.8478219961856 -1 0 0
181.86904005085816 182.04806102987916 -1 0 0
190.5636007628735 215.58422377622372 -1 0 0
198.01608137317228 241.66790591226953 -1 0 0
220.37352320406865 230.48918499682134 -1 0 0
254.53072600127143 245.39414621741892 -1 0 0
211.05792244119516 271.4778283534647 -1 0 0
180.00591989828348 265.2674278448823 -1 0 0
175.65863954227586 303.1508709472346 -1 0 0
223.47872345835984 331.7187132867133 -1 0 0
210.43688239033693 354.6971951684679 -1 0 0
158.89055816910357 350.97095486331847 -1 0 0
129.70167577876666 323.64519262555626 -1 0 0
124.73335537190079 278.3092689129052 -1 0 0
75.05015130324213 275.2040686586141 -1 0 0
89.95511252383974 247.87830642085186 -1 0 0
96.78655308328032 316.8137520661157 -1 0 0
43.998148760330515 311.8454316592498 -1 0 0
21.640706929434135 276.4461487603305 -1 0 0
34.0615079465988 244.15206611570244 -1 0 0
57.661029879211654 200.67926255562617 -1 0 0
85.60783216783213 162.79581945327396 -1 0 0
68.21871074380161 143.54357787666873 -1 0 0
90.57615257469799 98.20765416401774 -1 0 0
51.45062937062932 44.17716973935146 -1 0 0
58.282069930069845 18.71452765416394 -1 0 0
27.851107438016466 5.67268658614104 -1 0 0
11.704066115702421 103.79701462174184 -1 0 0
23.503827082008847 136.09109726636993 -1 0 0
274.40400762873486 203.16342275905907 -1 0 0
250.80448569612201 201.3003026064844 -1 0 0
78.15535155753332 338.5501538461539 -1 0 0
4.872625556261853 329.8555931341386 -1 0 0
331.5396923076923 73.36605212968841 -1 0 0
319.1188912905276 101.93389446916713 -1 0 0
511.1517660521297 13.435687221869056 -1 0 0
512.3938461538462 232.66282517482514 -1 0 0
73.93957024793387 657.1436999364272 -1 0 0
126.10693452002543 657.1436999364272 -1 0 0
146.6012561983471 653.4174596312778 -1 0 0
101.88637253655435 623.6075371900826 -1 0 0
128.59109472345838 621.7444170375079 -1 0 0
163.99037762237762 626.7127374443738 -1 0 0
168.95869802924352 642.2387387158295 -1 0 0
195.66342021614753 602.4921754609027 -1 0 0
226.0943827082009 590.6924144945963 -1 0 0
217.39982199618566 672.669701207883 -1 0 0
244.10454418308962 664.5961805467259 -1 0 0
245.96766433566432 631.0600178003814 -1 0 0
263.3567857596949 600.629055308328 -1 0 0
300.6191888111889 582.6188938334393 -1 0 0
305.5875092180547 626.0916973935156 -1 0 0
302.4823089637636 665.2172205975842 -1 0 0
281.9879872854418 665.8382606484424 -1 0 0
263.97782581055316 590.071374443738 -1 0 0
314.28206993006995 606.8394558169103 -1 0 0
337.26055181182454 575.7874532739986 -1 0 0
363.9652739987286 578.8926535282899 -1 0 0
388.8068760330579 587.5872142403051 -1 0 0
404.9539173553719 596.9028150031786 -1 0 0
422.3430387794024 618.6392167832167 -1 0 0
396.88039669421494 644.1018588684043 -1 0 0
375.765034965035 670.8065810553082 -1 0 0
440.97424030514946 645.964979020979 -1 0 0
429.79551938970127 586.3451341385887 -1 0 0
465.81584233947876 591.3134545454545 -1 0 0
202.49486077558808 645.3439389701207 -1 0 0
141.63293579148123 435.4324017800381 -1 0 0
91.94973172282263 393.8227183725365 -1 0 0
165.2324577240941 396.3068785759694 -1 0 0
188.21093960584872 460.2740038143674 -1 0 0
232.30478321678322 481.38936554354734 -1 0 0
227.9575028607756 433.5692816274634 -1 0 0
221.74710235219328 405.0014392879847 -1 0 0
268.9461462174189 511.19928798474245 -1 0 0
272.6723865225684 461.5160839160838 -1 0 0
274.5355066751431 436.67448188175456 -1 0 0
317.3872701843611 404.3803992371265 -1 0 0
270.8092663699937 389.47543801652887 -1 0 0
364.58631404958686 444.12696249205334 -1 0 0
351.54447298156396 431.08512142403043 -1 0 0
374.5229548633185 495.05224666242844 -1 0 0
416.1326382708202 500.6416071201525 -1 0 0
454.01608137317237 517.4096884933249 -1 0 0
333.53431150667524 485.7366458995549 -1 0 0
432.27967959313423 453.4425632549268 -1 0 0
361.4811137952957 379.5387972027971 -1 0 0
433.5217596948507 380.7808773045136 -1 0 0
485.0680839160839 462.13712396694206 -1 0 0
467.6789624920535 431.08512142403043 -1 0 0
490.03640432294975 386.9912778130959 -1 0 0
493.7626446280992 582.6188938334393 -1 0 0
518.6042466624285 577.0295333757151 -1 0 0
491.8995244755245 615.5340165289256 -1 0 0
467.6789624920535 654.6595397329943 -1 0 0
478.85768340750167 673.2907412587413 -1 0 0
498.7309650349651 672.669701207883 -1 0 0
463.3316821360458 631.0600178003814 -1 0 0
484.4470438652256 631.0600178003814 -1 0 0
506.18344564526393 639.7545785123967 -1 0 0
52.82420851875401 482.9419656706931 -1 0 0
30.466766687857632 377.3651570247935 -1 0 0
6.867244755244868 463.06868404322955 -1 0 0
71.45541004450105 439.4691621106167 -1 0 0
24.256366179275343 603.4237355371902 -1 0 0
124.86485441830905 643.170298792117 -1 0 0
65.24500953591868 640.6861385886842 -1 0 0
322.3555905912271 623.2970171646537 -1 0 0
352.16551303242215 675.4643814367453 -1 0 0
1016.678367450731 607.1499758423397 -1 0 0
995.5630057215511 607.1499758423397 -1 0 0
132.3173350286078 2.256966306420867 -1 0 0
92.57077177368096 5.983206611570293 -1 0 0
708.0214621741895 426.4273210425938 -1 0 0
398.74351684678965 28.651168467895655 -1 0 0
995.2390009990008 579.6955044955047 -1 0 0
