18.681818181818134 591.0785123966942 -1 0 0
7.772727272727251 560.3347107438016 -1 0 0
4.797520661157023 510.7479338842975 -1 0 0
82.15289256198344 520.6652892561983 -1 0 0
125.78925619834706 532.5661157024792 -1 0 0
112.89669421487599 569.2603305785124 -1 0 0
129.7561983471074 593.0619834710743 -1 0 0
213.06198347107437 573.2272727272726 -1 0 0
186.28512396694208 543.4752066115702 -1 0 0
169.42561983471074 504.797520661157 -1 0 0
226.9462809917355 515.7066115702479 -1 0 0
308.26859504132227 565.293388429752 -1 0 0
309.2603305785123 485.9545454545454 -1 0 0
354.8801652892561 522.6487603305785 -1 0 0
406.4504132231404 541.49173553719 -1 0 0
355.8719008264463 594.0537190082644 -1 0 0
405.45867768595036 590.0867768595041 -1 0 0
391.57438016528926 511.7396694214876 -1 0 0
431.2438016528925 485.9545454545454 -1 0 0
455.0454545454544 510.7479338842975 -1 0 0
477.85537190082636 473.0619834710743 -1 0 0
522.4834710743801 546.4504132231405 -1 0 0
532.4008264462809 567.2768595041322 -1 0 0
558.185950413223 566.2851239669421 -1 0 0
605.789256198347 565.293388429752 -1 0 0
653.3925619834711 598.0206611570247 -1 0 0
702.9793388429753 583.1446280991735 -1 0 0
786.2851239669421 563.3099173553718 -1 0 0
796.202479338843 596.0371900826445 -1 0 0
739.6735537190082 505.78925619834706 -1 0 0
589.9214876033056 510.7479338842975 -1 0 0
564.1363636363635 500.83057851239664 -1 0 0
544.3016528925618 477.0289256198347 -1 0 0
565.1280991735537 449.26033057851237 -1 0 0
620.6652892561983 434.3842975206611 -1 0 0
640.5 492.896694214876 -1 0 0
674.2190082644627 470.0867768595041 -1 0 0
684.1363636363635 412.5661157024793 -1 0 0
648.4338842975205 402.6487603305784 -1 0 0
624.6322314049587 386.78099173553716 -1 0 0
745.6239669421486 399.6735537190082 -1 0 0
721.8223140495868 394.7148760330578 -1 0 0
722.8140495867767 451.2438016528925 -1 0 0
766.4504132231405 436.3677685950413 -1 0 0
783.3099173553719 392.7314049586777 -1 0 0
769.4256198347107 355.0454545454545 -1 0 0
715.8719008264463 353.06198347107437 -1 0 0
679.1776859504132 347.11157024793386 -1 0 0
654.384297520661 361.9876033057851 -1 0 0
655.3760330578511 332.2355371900826 -1 0 0
636.5330578512396 343.14462809917353 -1 0 0
704.9628099173553 330.25206611570246 -1 0 0
741.6570247933885 342.15289256198344 -1 0 0
760.5 326.2851239669422 -1 0 0
799.1776859504132 320.3347107438017 -1 0 0
795.2107438016528 366.9462809917355 -1 0 0
751.5743801652893 298.5165289256198 -1 0 0
782.3181818181818 292.5661157024793 -1 0 0
778.3512396694214 268.76446280991735 -1 0 0
760.5 273.7231404958677 -1 0 0
758.5165289256197 260.83057851239664 -1 0 0
758.5165289256197 247.93801652892557 -1 0 0
781.3264462809916 240.99586776859502 -1 0 0
793.2272727272727 246.94628099173553 -1 0 0
746.6157024793388 245.95454545454544 -1 0 0
713.888429752066 272.7314049586777 -1 0 0
726.7809917355371 287.6074380165289 -1 0 0
714.8801652892562 314.38429752066116 -1 0 0
720.8305785123966 299.5082644628099 -1 0 0
694.0537190082644 310.4173553719008 -1 0 0
668.2685950413222 302.4834710743801 -1 0 0
637.5247933884298 313.39256198347107 -1 0 0
655.3760330578511 306.45041322314046 -1 0 0
647.4421487603306 288.59917355371897 -1 0 0
639.5082644628098 275.7066115702479 -1 0 0
658.3512396694214 273.7231404958677 -1 0 0
673.2272727272727 279.6735537190082 -1 0 0
684.1363636363635 263.8057851239669 -1 0 0
701.9876033057851 260.83057851239664 -1 0 0
681.1611570247933 237.0289256198347 -1 0 0
695.0454545454545 241.98760330578511 -1 0 0
689.095041322314 223.14462809917353 -1 0 0
703.9710743801652 211.24380165289256 -1 0 0
704.9628099173553 195.3760330578512 -1 0 0
668.2685950413222 178.5165289256198 -1 0 0
656.3677685950413 240.00413223140492 -1 0 0
653.3925619834711 257.8553719008264 -1 0 0
587.9380165289256 362.9793388429752 -1 0 0
554.2190082644627 383.805785123967 -1 0 0
537.3595041322312 411.57438016528914 -1 0 0
462.9793388429751 430.4173553719008 -1 0 0
455.0454545454544 406.6157024793388 -1 0 0
483.8057851239669 401.6570247933884 -1 0 0
515.5413223140495 388.7644628099173 -1 0 0
477.85537190082636 370.9132231404958 -1 0 0
482.8140495867768 343.14462809917353 -1 0 0
511.5743801652891 352.0702479338843 -1 0 0
532.4008264462809 340.16942148760324 -1 0 0
552.2355371900826 322.31818181818176 -1 0 0
576.0371900826447 317.35950413223134 -1 0 0
586.9462809917354 330.25206611570246 -1 0 0
573.0619834710742 335.21074380165294 -1 0 0
615.7066115702478 318.35123966942143 -1 0 0
575.0454545454545 273.7231404958677 -1 0 0
535.3760330578511 294.5495867768595 -1 0 0
506.6157024793387 323.30991735537185 -1 0 0
491.7396694214876 295.5413223140496 -1 0 0
517.5247933884298 305.4586776859503 -1 0 0
520.5 295.5413223140496 -1 0 0
490.7479338842975 268.76446280991735 -1 0 0
468.92975206611567 285.62396694214874 -1 0 0
439.1776859504131 321.3264462809917 -1 0 0
420.33471074380157 360.995867768595 -1 0 0
405.45867768595036 371.90495867768595 -1 0 0
388.5991735537189 406.6157024793388 -1 0 0
429.2603305785123 397.69008264462803 -1 0 0
412.400826446281 415.5413223140495 -1 0 0
398.51652892561975 467.11157024793386 -1 0 0
434.2190082644628 441.3264462809917 -1 0 0
374.7148760330578 468.1033057851239 -1 0 0
343.97107438016525 456.2024793388429 -1 0 0
318.1859504132231 442.31818181818176 -1 0 0
205.12809917355372 449.26033057851237 -1 0 0
263.6404958677685 505.78925619834706 -1 0 0
127.77272727272725 504.797520661157 -1 0 0
119.8388429752066 466.1198347107437 -1 0 0
98.02066115702473 431.4090909090909 -1 0 0
3.8057851239669276 429.4256198347107 -1 0 0
26.615702479338836 409.59090909090907 -1 0 0
59.34297520661153 372.896694214876 -1 0 0
40.5 363.97107438016525 -1 0 0
25.62396694214874 339.1776859504132 -1 0 0
239.83884297520655 441.3264462809917 -1 0 0
270.5826446280991 413.5578512396694 -1 0 0
239.83884297520655 403.64049586776855 -1 0 0
193.2272727272727 391.7396694214876 -1 0 0
152.5661157024793 401.6570247933884 -1 0 0
76.20247933884292 397.69008264462803 -1 0 0
125.78925619834706 371.90495867768595 -1 0 0
151.57438016528926 356.0371900826446 -1 0 0
159.5082644628099 322.31818181818176 -1 0 0
134.7148760330578 303.47520661157023 -1 0 0
107.93801652892557 318.35123966942143 -1 0 0
109.92148760330576 297.5247933884297 -1 0 0
57.3595041322314 327.2768595041322 -1 0 0
77.19421487603302 339.1776859504132 -1 0 0
56.3677685950413 344.1363636363636 -1 0 0
36.53305785123962 317.35950413223134 -1 0 0
14.714876033057806 315.3760330578512 -1 0 0
47.442148760330554 274.7148760330578 -1 0 0
34.549586776859485 276.698347107438 -1 0 0
20.66528925619832 258.8471074380165 -1 0 0
11.739669421487577 275.7066115702479 -1 0 0
4.797520661157023 262.81404958677683 -1 0 0
58.35123966942143 234.0537190082644 -1 0 0
63.309917355371844 281.6570247933884 -1 0 0
114.88016528925618 271.7396694214876 -1 0 0
100.00413223140492 249.92148760330574 -1 0 0
115.87190082644622 255.87190082644625 -1 0 0
149.59090909090907 266.78099173553716 -1 0 0
165.45867768595036 281.6570247933884 -1 0 0
146.61570247933884 287.6074380165289 -1 0 0
191.2438016528925 303.47520661157023 -1 0 0
216.0371900826446 303.47520661157023 -1 0 0
216.0371900826446 349.095041322314 -1 0 0
250.74793388429742 357.0289256198347 -1 0 0
266.61570247933884 381.82231404958674 -1 0 0
291.4090909090908 377.85537190082647 -1 0 0
325.1280991735537 385.78925619834706 -1 0 0
347.9380165289255 385.78925619834706 -1 0 0
305.29338842975204 354.05371900826435 -1 0 0
333.06198347107437 349.095041322314 -1 0 0
371.7396694214876 355.0454545454545 -1 0 0
382.64876033057845 330.25206611570246 -1 0 0
399.5082644628099 300.49999999999994 -1 0 0
420.33471074380157 310.4173553719008 -1 0 0
415.37603305785126 290.58264462809916 -1 0 0
359.83884297520655 313.39256198347107 -1 0 0
332.0702479338842 318.35123966942143 -1 0 0
309.2603305785123 324.30165289256195 -1 0 0
302.3181818181818 305.4586776859503 -1 0 0
281.49173553719 333.2272727272727 -1 0 0
253.72314049586777 318.35123966942143 -1 0 0
241.82231404958674 295.5413223140496 -1 0 0
267.6074380165289 286.61570247933884 -1 0 0
294.38429752066116 278.68181818181813 -1 0 0
405.45867768595036 343.14462809917353 -1 0 0
411.4090909090908 326.2851239669422 -1 0 0
458.0206611570247 272.7314049586777 -1 0 0
411.4090909090908 267.77272727272725 -1 0 0
384.63223140495865 263.8057851239669 -1 0 0
334.0537190082644 278.68181818181813 -1 0 0
327.1115702479338 288.59917355371897 -1 0 0
371.7396694214876 281.6570247933884 -1 0 0
351.9049586776859 272.7314049586777 -1 0 0
621.6570247933882 253.8884297520661 -1 0 0
634.5495867768593 182.48347107438013 -1 0 0
428.26859504132227 245.95454545454544 -1 0 0
382.64876033057845 239.01239669421483 -1 0 0
360.8305785123966 241.98760330578511 -1 0 0
333.06198347107437 235.0454545454545 -1 0 0
278.51652892561975 245.95454545454544 -1 0 0
232.89669421487594 247.93801652892557 -1 0 0
204.13636363636357 265.78925619834706 -1 0 0
246.78099173553716 259.8388429752066 -1 0 0
248.76446280991738 279.6735537190082 -1 0 0
220.995867768595 243.97107438016528 -1 0 0
192.23553719008265 246.94628099173553 -1 0 0
171.40909090909082 242.97933884297515 -1 0 0
537.3595041322312 268.7644628099174 -1 0 0
553.7231404958676 254.88016528925624 -1 0 0
545.293388429752 243.4752066115703 -1 0 0
543.3099173553718 236.03719008264468 -1 0 0
565.6239669421486 241.98760330578517 -1 0 0
573.0619834710743 251.409090909091 -1 0 0
594.8801652892561 247.9380165289257 -1 0 0
601.3264462809916 256.36776859504135 -1 0 0
609.7561983471073 247.9380165289257 -1 0 0
586.4504132231403 231.07851239669426 -1 0 0
585.9545454545454 215.21074380165294 -1 0 0
603.3099173553718 221.16115702479345 -1 0 0
609.7561983471073 207.77272727272737 -1 0 0
621.1611570247933 210.74793388429757 -1 0 0
613.7231404958677 193.88842975206617 -1 0 0
654.3842975206611 224.63223140495876 -1 0 0
663.3099173553718 229.09504132231413 -1 0 0
643.4752066115701 229.09504132231413 -1 0 0
554.7148760330577 201.82231404958682 -1 0 0
553.2272727272726 186.45041322314054 -1 0 0
553.2272727272726 175.0454545454546 -1 0 0
570.086776859504 184.46694214876038 -1 0 0
571.0785123966941 195.3760330578513 -1 0 0
580.4999999999999 190.41735537190087 -1 0 0
588.4338842975205 195.8719008264463 -1 0 0
584.4669421487603 204.30165289256203 -1 0 0
598.8471074380165 199.83884297520666 -1 0 0
557.690082644628 216.69834710743808 -1 0 0
551.2438016528924 225.12809917355378 -1 0 0
536.3677685950412 222.64876033057857 -1 0 0
517.0289256198346 229.59090909090915 -1 0 0
507.11157024793374 246.45041322314057 -1 0 0
483.80578512396676 238.02066115702485 -1 0 0
475.8719008264461 247.44214876033064 -1 0 0
530.9132231404957 205.29338842975213 -1 0 0
525.4586776859503 218.68181818181824 -1 0 0
505.6239669421486 223.64049586776866 -1 0 0
507.11157024793374 201.3264462809918 -1 0 0
512.0702479338842 188.92975206611575 -1 0 0
520.995867768595 188.43388429752068 -1 0 0
527.4421487603305 177.02892561983475 -1 0 0
494.71487603305775 178.5165289256199 -1 0 0
483.80578512396676 190.41735537190087 -1 0 0
474.88016528925607 185.9545454545455 -1 0 0
494.71487603305775 195.8719008264463 -1 0 0
486.7809917355371 209.26033057851245 -1 0 0
474.88016528925607 200.83057851239676 -1 0 0
469.4256198347106 222.15289256198352 -1 0 0
460.0041322314048 207.77272727272737 -1 0 0
462.48347107437996 195.8719008264463 -1 0 0
461.4917355371899 182.48347107438022 -1 0 0
440.16942148760313 192.40082644628106 -1 0 0
433.2272727272726 216.69834710743808 -1 0 0
447.6074380165288 212.73140495867773 -1 0 0
422.8140495867767 215.21074380165294 -1 0 0
413.39256198347096 202.81404958677692 -1 0 0
421.8223140495866 194.38429752066122 -1 0 0
430.2520661157023 190.41735537190087 -1 0 0
432.73140495867756 175.54132231404964 -1 0 0
412.4008264462808 180.9958677685951 -1 0 0
400.49999999999983 186.9462809917356 -1 0 0
410.9132231404957 189.4256198347108 -1 0 0
393.5578512396693 207.2768595041323 -1 0 0
372.2355371900825 173.06198347107443 -1 0 0
404.46694214876015 233.06198347107443 -1 0 0
438.185950413223 203.309917355372 -1 0 0
718.3512396694214 232.5661157024794 -1 0 0
732.2355371900825 242.48347107438025 -1 0 0
16.533057851239676 237.2768595041323 -1 0 0
40.8305785123967 246.20247933884306 -1 0 0
32.400826446281 228.35123966942155 -1 0 0
10.58264462809916 222.8966942148761 -1 0 0
20.5 202.5661157024794 -1 0 0
27.442148760330582 210.50000000000006 -1 0 0
45.29338842975207 230.33471074380174 -1 0 0
42.81404958677686 201.5743801652893 -1 0 0
68.59917355371903 197.607438016529 -1 0 0
97.85537190082644 212.48347107438022 -1 0 0
119.17768595041323 234.79752066115708 -1 0 0
118.18595041322314 179.26033057851245 -1 0 0
209.92148760330585 192.64876033057857 -1 0 0
180.16942148760333 210.50000000000006 -1 0 0
192.07024793388436 236.78099173553727 -1 0 0
153.3925619834711 238.26859504132238 -1 0 0
164.79752066115705 222.8966942148761 -1 0 0
150.9132231404959 203.06198347107446 -1 0 0
165.29338842975213 207.02892561983478 -1 0 0
155.3760330578513 213.47520661157031 -1 0 0
141.98760330578514 223.39256198347113 -1 0 0
266.4504132231406 221.90495867768604 -1 0 0
239.1776859504133 229.34297520661164 -1 0 0
229.7561983471075 218.92975206611578 -1 0 0
253.06198347107443 227.35950413223148 -1 0 0
295.706611570248 227.35950413223148 -1 0 0
310.5826446280993 222.40082644628106 -1 0 0
309.09504132231416 208.02066115702485 -1 0 0
283.805785123967 209.50826446281 -1 0 0
285.7892561983472 195.12809917355378 -1 0 0
297.19421487603313 195.62396694214883 -1 0 0
346.28512396694225 184.21900826446284 -1 0 0
333.88842975206614 188.68181818181822 -1 0 0
322.97933884297527 202.5661157024794 -1 0 0
362.6487603305785 210.00413223140498 -1 0 0
351.73966942148763 233.30991735537197 -1 0 0
348.2685950413223 220.41735537190087 -1 0 0
339.8388429752067 221.40909090909096 -1 0 0
340.83057851239676 209.50826446281 -1 0 0
338.3512396694215 198.59917355371908 -1 0 0
352.2355371900827 175.29338842975213 -1 0 0
336.8636363636364 142.07024793388436 -1 0 0
320.00413223140504 126.20247933884302 -1 0 0
310.0867768595042 134.13636363636368 -1 0 0
236.69834710743808 207.52479338842983 -1 0 0
225.29338842975213 201.5743801652893 -1 0 0
235.706611570248 198.10330578512404 -1 0 0
244.13636363636368 193.64049586776866 -1 0 0
12.566115702479323 143.55785123966947 -1 0 0
32.400826446281 147.02892561983478 -1 0 0
27.93801652892563 169.83884297520666 -1 0 0
34.384297520661164 181.73966942148766 -1 0 0
27.442148760330582 187.69008264462815 -1 0 0
20.995867768595048 178.26859504132238 -1 0 0
11.078512396694208 180.25206611570255 -1 0 0
2.152892561983464 182.2355371900827 -1 0 0
7.607438016528931 153.97107438016536 -1 0 0
66.11983471074382 174.79752066115708 -1 0 0
52.73140495867769 174.79752066115708 -1 0 0
52.235537190082646 164.88016528925627 -1 0 0
88.9297520661157 171.82231404958688 -1 0 0
85.45867768595045 188.68181818181822 -1 0 0
92.400826446281 204.54958677685957 -1 0 0
51.243801652892564 251.16115702479345 -1 0 0
84.96280991735537 244.2190082644629 -1 0 0
157.8553719008265 193.14462809917364 -1 0 0
145.45867768595045 197.11157024793394 -1 0 0
135.0454545454546 185.21074380165297 -1 0 0
142.97933884297524 191.65702479338847 -1 0 0
148.43388429752068 186.20247933884303 -1 0 0
167.77272727272728 188.68181818181822 -1 0 0
187.11157024793394 192.64876033057857 -1 0 0
182.64876033057854 185.21074380165297 -1 0 0
177.69008264462812 173.805785123967 -1 0 0
198.02066115702482 172.81404958677692 -1 0 0
206.45041322314054 168.35123966942155 -1 0 0
222.3181818181818 181.24380165289259 -1 0 0
213.3925619834711 176.28512396694222 -1 0 0
205.45867768595045 176.28512396694222 -1 0 0
230.7479338842976 172.31818181818187 -1 0 0
234.21900826446284 166.36776859504138 -1 0 0
225.29338842975213 167.35950413223145 -1 0 0
214.3842975206612 169.34297520661164 -1 0 0
222.8140495867769 162.40082644628106 -1 0 0
230.25206611570255 156.45041322314054 -1 0 0
245.12809917355375 168.84710743801662 -1 0 0
247.11157024793394 174.79752066115708 -1 0 0
236.202479338843 180.7479338842976 -1 0 0
258.5165289256199 178.7644628099174 -1 0 0
257.52479338842977 186.20247933884303 -1 0 0
276.3677685950414 184.21900826446284 -1 0 0
263.47520661157034 187.69008264462815 -1 0 0
310.0867768595042 189.1776859504133 -1 0 0
305.62396694214885 197.607438016529 -1 0 0
318.02066115702485 186.20247933884303 -1 0 0
307.11157024793397 179.26033057851245 -1 0 0
322.97933884297527 175.29338842975213 -1 0 0
329.4256198347108 166.36776859504138 -1 0 0
339.8388429752067 162.89669421487608 -1 0 0
342.81404958677695 151.98760330578517 -1 0 0
356.202479338843 136.6157024793389 -1 0 0
368.5991735537191 139.0950413223141 -1 0 0
352.2355371900827 155.95454545454552 -1 0 0
358.18595041322317 168.84710743801662 -1 0 0
312.0702479338844 161.904958677686 -1 0 0
298.18595041322317 168.35123966942155 -1 0 0
294.2190082644629 158.43388429752073 -1 0 0
281.32644628099183 170.83057851239676 -1 0 0
282.81404958677695 159.4256198347108 -1 0 0
271.90495867768607 155.95454545454552 -1 0 0
278.84710743801656 141.5743801652893 -1 0 0
289.2603305785125 147.02892561983478 -1 0 0
293.22727272727275 133.64049586776866 -1 0 0
297.19421487603313 121.24380165289261 -1 0 0
285.7892561983472 121.24380165289261 -1 0 0
268.9297520661157 142.5661157024794 -1 0 0
260.5000000000001 145.54132231404964 -1 0 0
258.02066115702485 165.87190082644634 -1 0 0
242.64876033057854 152.48347107438022 -1 0 0
233.22727272727275 149.01239669421494 -1 0 0
229.26033057851245 141.5743801652893 -1 0 0
231.24380165289256 135.12809917355378 -1 0 0
243.64049586776864 140.0867768595042 -1 0 0
258.02066115702485 157.9380165289257 -1 0 0
209.42561983471077 157.9380165289257 -1 0 0
181.65702479338844 161.409090909091 -1 0 0
189.59090909090915 151.98760330578517 -1 0 0
194.0537190082645 153.97107438016536 -1 0 0
206.94628099173556 149.01239669421494 -1 0 0
210.4173553719009 136.11983471074387 -1 0 0
192.56611570247938 139.0950413223141 -1 0 0
187.60743801652896 137.11157024793394 -1 0 0
179.6735537190083 134.63223140495873 -1 0 0
171.24380165289259 138.10330578512404 -1 0 0
160.3347107438017 133.64049586776866 -1 0 0
163.30991735537194 144.05371900826452 -1 0 0
138.51652892561984 178.26859504132238 -1 0 0
147.93801652892566 167.8553719008265 -1 0 0
155.8719008264463 166.86363636363643 -1 0 0
158.35123966942152 174.30165289256203 -1 0 0
173.7231404958678 157.9380165289257 -1 0 0
24.466942148760324 159.92148760330582 -1 0 0
83.97107438016528 160.91322314049592 -1 0 0
80.50000000000003 146.53305785123973 -1 0 0
99.34297520661161 150.50000000000006 -1 0 0
92.89669421487602 150.9958677685951 -1 0 0
111.73966942148759 154.46694214876038 -1 0 0
136.03719008264463 152.48347107438022 -1 0 0
152.400826446281 152.48347107438022 -1 0 0
144.96280991735543 135.12809917355378 -1 0 0
133.55785123966947 135.12809917355378 -1 0 0
120.16942148760333 129.6735537190083 -1 0 0
126.61570247933885 140.0867768595042 -1 0 0
121.16115702479343 145.54132231404964 -1 0 0
143.97107438016533 153.47520661157031 -1 0 0
149.9214876033058 138.59917355371906 -1 0 0
137.5247933884298 143.06198347107443 -1 0 0
194.54958677685957 298.2685950413224 -1 0 0
253.72314049586777 195.3760330578512 -1 0 0
268.5991735537189 196.3677685950413 -1 0 0
107.77272727272728 99.17768595041326 -1 0 0
182.64876033057854 146.78099173553724 -1 0 0
11.739669421487577 473.0619834710743 -1 0 0
2.8140495867768323 372.896694214876 -1 0 0
4.797520661157023 301.49173553719004 -1 0 0
