907.2657342657342 518.2657342657343 -1 0 0
876.111888111888 529.5944055944057 -1 0 0
863.8391608391607 489.94405594405595 -1 0 0
837.4055944055942 516.3776223776224 -1 0 0
806.2517482517483 554.1398601398603 -1 0 0
770.3776223776223 531.4825174825176 -1 0 0
750.5524475524475 489.94405594405595 -1 0 0
759.048951048951 455.0139860139861 -1 0 0
748.6643356643356 371.937062937063 -1 0 0
808.13986013986 397.4265734265735 -1 0 0
894.048951048951 373.8251748251749 -1 0 0
937.4755244755245 373.8251748251749 -1 0 0
871.3916083916083 407.8111888111888 -1 0 0
907.2657342657342 435.18881118881126 -1 0 0
641.986013986014 412.5314685314686 -1 0 0
689.1888111888111 425.7482517482518 -1 0 0
712.7902097902097 336.0629370629371 -1 0 0
631.6013986013985 331.3426573426574 -1 0 0
591.006993006993 319.06993006993014 -1 0 0
583.4545454545454 304.90909090909093 -1 0 0
560.7972027972028 311.51748251748256 -1 0 0
598.5594405594405 384.20979020979024 -1 0 0
600.4475524475524 420.08391608391617 -1 0 0
591.006993006993 445.5734265734266 -1 0 0
612.7202797202797 458.7902097902099 -1 0 0
538.13986013986 465.39860139860144 -1 0 0
527.7552447552447 413.47552447552454 -1 0 0
523.9790209790209 394.59440559440566 -1 0 0
514.5384615384615 351.1678321678322 -1 0 0
505.0979020979021 289.80419580419584 -1 0 0
510.76223776223776 267.1468531468532 -1 0 0
483.38461538461536 256.7622377622378 -1 0 0
459.78321678321674 244.4895104895105 -1 0 0
446.5664335664335 261.48251748251755 -1 0 0
420.1328671328671 274.69930069930075 -1 0 0
478.6643356643357 337.951048951049 -1 0 0
470.1678321678321 351.1678321678322 -1 0 0
459.78321678321674 391.7622377622378 -1 0 0
470.1678321678321 378.5454545454546 -1 0 0
428.62937062937056 404.979020979021 -1 0 0
469.2237762237762 431.41258741258747 -1 0 0
499.4335664335664 489.0 -1 0 0
403.13986013986016 491.8321678321679 -1 0 0
339.8881118881119 427.6363636363637 -1 0 0
356.8811188811188 388.93006993007 -1 0 0
368.2097902097902 362.49650349650364 -1 0 0
346.49650349650346 347.39160839160843 -1 0 0
373.87412587412587 306.79720279720283 -1 0 0
362.5454545454545 334.17482517482523 -1 0 0
332.3356643356643 309.62937062937067 -1 0 0
315.3426573426573 309.62937062937067 -1 0 0
282.3006993006993 322.84615384615387 -1 0 0
281.3566433566433 370.99300699300704 -1 0 0
255.86713286713288 358.7202797202798 -1 0 0
230.37762237762234 331.3426573426574 -1 0 0
213.38461538461536 342.67132867132875 -1 0 0
227.54545454545456 385.1538461538462 -1 0 0
235.09790209790208 426.69230769230774 -1 0 0
261.53146853146853 501.27272727272737 -1 0 0
304.013986013986 490.88811188811195 -1 0 0
222.82517482517483 513.5454545454546 -1 0 0
183.17482517482517 472.00699300699307 -1 0 0
147.3006993006993 490.88811188811195 -1 0 0
102.93006993006992 490.88811188811195 -1 0 0
60.447552447552475 477.67132867132875 -1 0 0
343.6643356643357 562.6363636363637 -1 0 0
484.32867132867125 569.2447552447553 -1 0 0
508.8741258741259 552.2517482517484 -1 0 0
561.7412587412587 542.8111888111889 -1 0 0
605.1678321678321 552.2517482517484 -1 0 0
662.7552447552447 569.2447552447553 -1 0 0
698.6293706293706 556.9720279720281 -1 0 0
927.090909090909 326.6223776223776 -1 0 0
857.230769230769 329.4545454545455 -1 0 0
870.4475524475524 298.30069930069936 -1 0 0
929.9230769230769 273.7552447552448 -1 0 0
939.3636363636363 263.3706293706294 -1 0 0
927.090909090909 251.09790209790214 -1 0 0
907.2657342657342 239.76923076923083 -1 0 0
883.6643356643356 250.1538461538462 -1 0 0
846.8461538461538 268.0909090909091 -1 0 0
822.3006993006993 280.36363636363643 -1 0 0
768.4895104895104 283.1958041958042 -1 0 0
791.1468531468531 274.69930069930075 -1 0 0
791.1468531468531 252.986013986014 -1 0 0
768.4895104895104 234.10489510489515 -1 0 0
748.6643356643356 273.7552447552448 -1 0 0
718.4545454545454 266.2027972027972 -1 0 0
705.2377622377621 286.02797202797206 -1 0 0
675.972027972028 291.69230769230774 -1 0 0
690.1328671328671 266.2027972027972 -1 0 0
661.8111888111888 271.8671328671329 -1 0 0
379.53846153846155 319.06993006993014 -1 0 0
379.53846153846155 313.40559440559446 -1 0 0
379.53846153846155 316.2377622377623 -1 0 0
379.53846153846155 316.2377622377623 -1 0 0
379.53846153846155 316.2377622377623 -1 0 0
391.8111888111888 390.81818181818187 -1 0 0
619.3286713286712 242.6013986013986 -1 0 0
594.7832167832167 236.937062937063 -1 0 0
162.4055944055944 420.08391608391617 -1 0 0
170.90209790209792 392.70629370629376 -1 0 0
142.58041958041957 388.93006993007 -1 0 0
113.31468531468533 365.3286713286714 -1 0 0
91.60139860139861 357.77622377622384 -1 0 0
84.99300699300699 373.8251748251749 -1 0 0
52.89510489510491 375.7132867132868 -1 0 0
10.412587412587442 387.98601398601403 -1 0 0
10.412587412587442 440.85314685314694 -1 0 0
71.77622377622379 432.3566433566434 -1 0 0
93.48951048951051 427.6363636363637 -1 0 0
88.76923076923077 414.4195804195805 -1 0 0
872.3356643356642 150.08391608391614 -1 0 0
880.8321678321677 144.41958041958048 -1 0 0
894.9930069930069 138.7552447552448 -1 0 0
911.9860139860139 106.65734265734267 -1 0 0
608.9440559440559 266.2027972027972 -1 0 0
703.3496503496503 230.32867132867136 -1 0 0
688.2447552447552 231.27272727272734 -1 0 0
521.1468531468531 229.38461538461542 -1 0 0
715.6223776223776 151.972027972028 -1 0 0
739.2237762237762 169.90909090909096 -1 0 0
183.17482517482517 311.51748251748256 -1 0 0
162.4055944055944 298.30069930069936 -1 0 0
131.25174825174827 294.5244755244756 -1 0 0
81.21678321678326 305.8531468531469 -1 0 0
57.61538461538464 314.3496503496504 -1 0 0
31.181818181818187 339.8391608391609 -1 0 0
20.79720279720283 303.02097902097904 -1 0 0
2.860139860139867 320.0139860139861 -1 0 0
32.125874125874134 268.0909090909091 -1 0 0
19.85314685314688 261.48251748251755 -1 0 0
50.06293706293707 256.7622377622378 -1 0 0
84.04895104895104 263.3706293706294 -1 0 0
96.32167832167835 244.4895104895105 -1 0 0
91.60139860139861 231.27272727272734 -1 0 0
117.09090909090912 233.1608391608392 -1 0 0
822.3006993006993 254.87412587412592 -1 0 0
825.132867132867 237.88111888111894 -1 0 0
821.3566433566432 216.16783216783222 -1 0 0
861.0069930069928 216.16783216783222 -1 0 0
865.7272727272727 197.28671328671328 -1 0 0
880.8321678321677 223.7202797202798 -1 0 0
906.3216783216783 211.4475524475525 -1 0 0
730.7272727272726 244.4895104895105 -1 0 0
747.7202797202797 210.50349650349654 -1 0 0
709.0139860139859 193.51048951048955 -1 0 0
679.7482517482517 171.79720279720283 -1 0 0
669.3636363636363 187.84615384615387 -1 0 0
650.4825174825174 177.46153846153845 -1 0 0
647.6503496503497 203.89510489510496 -1 0 0
631.6013986013985 217.11188811188816 -1 0 0
610.8321678321678 207.6713286713287 -1 0 0
615.5524475524475 196.3426573426574 -1 0 0
596.6713286713286 206.72727272727275 -1 0 0
581.5664335664335 226.55244755244757 -1 0 0
563.6293706293706 239.76923076923083 -1 0 0
560.7972027972028 250.1538461538462 -1 0 0
541.9160839160838 233.1608391608392 -1 0 0
541.9160839160838 256.7622377622378 -1 0 0
552.3006993006993 222.7762237762238 -1 0 0
569.2937062937062 206.72727272727275 -1 0 0
539.083916083916 216.16783216783222 -1 0 0
212.4405594405594 304.90909090909093 -1 0 0
207.72027972027973 286.02797202797206 -1 0 0
219.04895104895104 283.1958041958042 -1 0 0
236.04195804195803 286.972027972028 -1 0 0
248.3146853146853 256.7622377622378 -1 0 0
270.97202797202794 244.4895104895105 -1 0 0
282.3006993006993 265.2587412587413 -1 0 0
279.4685314685314 289.80419580419584 -1 0 0
312.5104895104895 286.02797202797206 -1 0 0
304.9580419580419 271.8671328671329 -1 0 0
326.67132867132864 265.2587412587413 -1 0 0
351.21678321678314 280.36363636363643 -1 0 0
144.46853146853147 267.1468531468532 -1 0 0
124.64335664335664 263.3706293706294 -1 0 0
123.6993006993007 256.7622377622378 -1 0 0
131.25174825174827 249.20979020979024 -1 0 0
91.60139860139861 283.1958041958042 -1 0 0
32.125874125874134 214.27972027972032 -1 0 0
9.468531468531495 227.49650349650352 -1 0 0
53.839160839160854 213.33566433566438 -1 0 0
47.230769230769226 206.72727272727275 -1 0 0
84.99300699300699 192.5664335664336 -1 0 0
113.31468531468533 187.84615384615387 -1 0 0
71.54020979020981 221.59615384615384 -1 0 0
107.41433566433568 219.23601398601397 -1 0 0
102.69405594405598 211.68356643356643 -1 0 0
86.17307692307693 221.59615384615384 -1 0 0
140.4562937062937 203.18706293706293 -1 0 0
159.8094405594406 213.57167832167832 -1 0 0
142.8164335664336 220.6520979020979 -1 0 0
154.1451048951049 238.11713286713285 -1 0 0
157.9213286713287 256.5262237762238 -1 0 0
180.10664335664336 260.7744755244755 -1 0 0
206.06818181818187 242.3653846153846 -1 0 0
215.50874125874128 234.81293706293707 -1 0 0
236.75 224.90034965034965 -1 0 0
203.70804195804197 223.01223776223776 -1 0 0
197.0996503496504 206.49125874125872 -1 0 0
178.21853146853147 207.43531468531467 -1 0 0
165.47377622377627 192.80244755244755 -1 0 0
156.0332167832168 186.6660839160839 -1 0 0
161.69755244755248 176.75349650349648 -1 0 0
150.36888111888112 169.20104895104893 -1 0 0
134.31993006993008 173.92132867132864 -1 0 0
131.0157342657343 192.80244755244755 -1 0 0
121.10314685314688 181.9458041958042 -1 0 0
119.21503496503499 148.90384615384613 -1 0 0
105.05419580419584 132.3828671328671 -1 0 0
98.91783216783219 116.33391608391605 -1 0 0
89.47727272727275 128.60664335664333 -1 0 0
72.95629370629374 127.66258741258738 -1 0 0
50.77097902097904 119.63811188811187 -1 0 0
49.826923076923094 137.5751748251748 -1 0 0
69.65209790209792 138.51923076923075 -1 0 0
34.722027972028 156.4562937062937 -1 0 0
42.27447552447555 173.92132867132864 -1 0 0
15.36888111888115 183.83391608391608 -1 0 0
129.1276223776224 110.6695804195804 -1 0 0
190.96328671328672 123.41433566433562 -1 0 0
199.45979020979024 101.22902097902096 -1 0 0
193.32342657342662 107.36538461538458 -1 0 0
176.33041958041963 105.94930069930066 -1 0 0
165.47377622377627 95.56468531468528 -1 0 0
155.56118881118886 98.86888111888109 -1 0 0
142.3444055944056 107.36538461538458 -1 0 0
181.99475524475525 81.40384615384613 -1 0 0
188.13111888111888 93.67657342657338 -1 0 0
194.26748251748256 79.04370629370624 -1 0 0
205.12412587412592 136.63111888111888 -1 0 0
222.1171328671329 138.51923076923075 -1 0 0
217.86888111888112 150.79195804195803 -1 0 0
200.4038461538462 147.4877622377622 -1 0 0
184.8269230769231 139.4632867132867 -1 0 0
216.45279720279723 179.11363636363635 -1 0 0
216.92482517482517 166.84090909090907 -1 0 0
228.25349650349654 161.6486013986014 -1 0 0
244.30244755244755 140.8793706293706 -1 0 0
264.1276223776224 133.79895104895104 -1 0 0
248.5506993006993 121.05419580419579 -1 0 0
236.27797202797206 132.8548951048951 -1 0 0
256.5751748251748 110.19755244755243 -1 0 0
292.9213286713287 113.97377622377621 -1 0 0
305.66608391608395 109.25349650349648 -1 0 0
325.9632867132867 116.33391608391605 -1 0 0
329.26748251748256 140.8793706293706 -1 0 0
316.99475524475525 130.9667832167832 -1 0 0
313.21853146853147 156.92832167832165 -1 0 0
306.6101398601399 176.75349650349648 -1 0 0
308.97027972027973 192.80244755244755 -1 0 0
292.9213286713287 197.05069930069928 -1 0 0
237.69405594405598 183.3618881118881 -1 0 0
247.60664335664336 173.4493006993007 -1 0 0
229.66958041958043 199.88286713286712 -1 0 0
245.71853146853147 201.770979020979 -1 0 0
252.32692307692307 211.68356643356643 -1 0 0
222.58916083916085 220.6520979020979 -1 0 0
275.9283216783217 225.84440559440557 -1 0 0
292.9213286713287 229.6206293706294 -1 0 0
320.2989510489511 242.3653846153846 -1 0 0
342.9562937062937 239.0611888111888 -1 0 0
376.47027972027973 242.3653846153846 -1 0 0
365.6136363636364 258.8863636363636 -1 0 0
391.5751748251748 248.9737762237762 -1 0 0
394.40734265734267 273.5192307692308 -1 0 0
424.14510489510496 232.4527972027972 -1 0 0
436.4178321678322 240.00524475524475 -1 0 0
440.66608391608395 221.59615384615384 -1 0 0
277.8164335664336 96.9807692307692 -1 0 0
269.7919580419581 90.3723776223776 -1 0 0
240.05419580419584 80.45979020979019 -1 0 0
216.45279720279723 94.62062937062933 -1 0 0
206.54020979020981 87.06818181818181 -1 0 0
114.96678321678326 115.86188811188808 -1 0 0
21.0332167832168 141.82342657342656 -1 0 0
23.86538461538464 131.91083916083915 -1 0 0
9.704545454545482 140.40734265734264 -1 0 0
7.344405594405615 150.31993006993005 -1 0 0
19.145104895104907 161.6486013986014 -1 0 0
24.337412587412615 155.04020979020976 -1 0 0
271.208041958042 125.30244755244752 -1 0 0
354.28496503496507 113.97377622377621 -1 0 0
343.90034965034965 107.83741258741256 -1 0 0
360.4213286713287 102.64510489510488 -1 0 0
411.40034965034965 109.25349650349648 -1 0 0
441.1381118881119 105.94930069930066 -1 0 0
455.29895104895104 105.47727272727269 -1 0 0
446.8024475524476 116.80594405594402 -1 0 0
460.01923076923083 141.82342657342656 -1 0 0
447.2744755244755 142.7674825174825 -1 0 0
432.1695804195805 138.99125874125872 -1 0 0
409.9842657342657 133.79895104895104 -1 0 0
409.0402097902098 153.15209790209786 -1 0 0
394.87937062937067 148.90384615384613 -1 0 0
384.0227272727273 141.82342657342656 -1 0 0
369.38986013986016 137.5751748251748 -1 0 0
376.94230769230774 130.02272727272725 -1 0 0
367.97377622377627 118.69405594405592 -1 0 0
373.16608391608395 107.36538461538458 -1 0 0
426.5052447552448 199.41083916083915 -1 0 0
408.0961538461539 186.6660839160839 -1 0 0
423.6730769230769 178.64160839160837 -1 0 0
387.7989510489511 198.4667832167832 -1 0 0
394.40734265734267 185.24999999999997 -1 0 0
383.5506993006993 171.5611888111888 -1 0 0
372.69405594405595 170.14510489510488 -1 0 0
359.94930069930075 161.6486013986014 -1 0 0
348.14860139860144 146.0716783216783 -1 0 0
342.0122377622378 169.20104895104893 -1 0 0
329.26748251748256 176.75349650349648 -1 0 0
329.26748251748256 167.31293706293704 -1 0 0
331.15559440559446 156.4562937062937 -1 0 0
332.57167832167835 191.8583916083916 -1 0 0
338.708041958042 203.6590909090909 -1 0 0
338.23601398601403 216.8758741258741 -1 0 0
320.2989510489511 209.3234265734266 -1 0 0
308.97027972027973 222.5402097902098 -1 0 0
360.4213286713287 226.78846153846152 -1 0 0
377.4143356643357 221.59615384615384 -1 0 0
370.8059440559441 211.68356643356643 -1 0 0
358.06118881118886 209.3234265734266 -1 0 0
400.54370629370635 221.59615384615384 -1 0 0
412.34440559440566 203.18706293706293 -1 0 0
437.3618881118881 176.75349650349648 -1 0 0
447.2744755244755 166.84090909090907 -1 0 0
460.01923076923083 214.0437062937063 -1 0 0
465.6835664335665 199.41083916083915 -1 0 0
454.8269230769231 190.91433566433565 -1 0 0
316.5227272727273 73.85139860139856 -1 0 0
334.45979020979024 77.1555944055944 -1 0 0
357.58916083916085 77.62762237762234 -1 0 0
378.3583916083916 82.34790209790208 -1 0 0
257.04720279720283 79.04370629370624 -1 0 0
272.1520979020979 74.7954545454545 -1 0 0
217.39685314685318 72.43531468531467 -1 0 0
207.48426573426576 70.54720279720277 -1 0 0
405.263986013986 88.95629370629365 -1 0 0
391.1031468531469 95.56468531468528 -1 0 0
387.7989510489511 111.14160839160837 -1 0 0
460.4912587412588 87.06818181818181 -1 0 0
432.64160839160843 84.70804195804192 -1 0 0
439.72202797202794 83.76398601398597 -1 0 0
436.4178321678322 73.85139860139856 -1 0 0
420.3688811188812 72.90734265734261 -1 0 0
421.31293706293707 84.70804195804192 -1 0 0
151.31293706293707 121.99825174825173 -1 0 0
155.56118881118886 142.7674825174825 -1 0 0
222.1171328671329 120.11013986013984 -1 0 0
214.56468531468533 109.25349650349648 -1 0 0
204.65209790209792 123.88636363636363 -1 0 0
499.4335664335664 167.0769230769231 -1 0 0
239.34615384615392 62.07517482517477 -1 0 0
256.81118881118886 65.37937062937058 -1 0 0
291.26923076923083 55.46678321678317 -1 0 0
304.95804195804203 55.938811188811144 -1 0 0
305.43006993007 70.09965034965029 -1 0 0
298.8216783216784 63.01923076923072 -1 0 0
286.5489510489511 71.98776223776218 -1 0 0
283.71678321678326 85.67657342657338 -1 0 0
325.7272727272728 56.88286713286709 -1 0 0
323.3671328671329 47.44230769230765 -1 0 0
329.97552447552454 42.72202797202792 -1 0 0
339.88811188811195 50.746503496503465 -1 0 0
342.7202797202798 62.07517482517477 -1 0 0
344.1363636363637 44.61013986013981 -1 0 0
354.5209790209791 47.44230769230765 -1 0 0
366.79370629370635 40.36188811188805 -1 0 0
383.3146853146854 55.46678321678317 -1 0 0
374.3461538461539 51.21853146853141 -1 0 0
387.5629370629371 45.55419580419576 -1 0 0
396.0594405594406 42.72202797202792 -1 0 0
408.80419580419584 40.36188811188805 -1 0 0
407.8601398601399 30.921328671328638 -1 0 0
397.9475524475525 30.449300699300636 -1 0 0
407.8601398601399 67.73951048951045 -1 0 0
389.451048951049 67.26748251748248 -1 0 0
426.26923076923083 59.24300699300693 -1 0 0
430.51748251748256 50.27447552447546 -1 0 0
438.06993006993014 40.36188811188805 -1 0 0
423.909090909091 32.8094405594405 -1 0 0
430.0454545454546 24.784965034965012 -1 0 0
438.5419580419581 12.512237762237703 -1 0 0
450.8146853146854 4.015734265734238 -1 0 0
472.52797202797206 78.59615384615383 -1 0 0
498.01748251748256 105.50174825174821 -1 0 0
489.99300699300704 96.53321678321674 -1 0 0
485.27272727272737 88.50874125874122 -1 0 0
489.99300699300704 78.59615384615383 -1 0 0
498.4895104895105 78.59615384615383 -1 0 0
478.19230769230774 106.91783216783213 -1 0 0
506.513986013986 210.763986013986 -1 0 0
499.4335664335665 197.54720279720277 -1 0 0
510.2902097902098 188.10664335664333 -1 0 0
519.2587412587413 161.6730769230769 -1 0 0
532.9475524475525 156.4807692307692 -1 0 0
540.027972027972 174.8898601398601 -1 0 0
541.444055944056 196.60314685314682 -1 0 0
479.6083916083917 227.28496503496504 -1 0 0
307.0821678321678 127.81730769230774 -1 0 0
578.7342657342656 166.1328671328672 -1 0 0
597.6153846153845 161.4125874125874 -1 0 0
504.1538461538461 246.3776223776224 -1 0 0
583.4545454545453 145.36363636363637 -1 0 0
603.2797202797201 126.48251748251755 -1 0 0
653.3146853146851 140.6433566433567 -1 0 0
650.4825174825173 127.42657342657344 -1 0 0
700.5174825174823 141.5874125874126 -1 0 0
688.2447552447551 130.25874125874128 -1 0 0
698.6293706293704 117.04195804195808 -1 0 0
793.9790209790208 200.11888111888118 -1 0 0
791.1468531468529 224.66433566433568 -1 0 0
777.9300699300697 189.73426573426576 -1 0 0
770.3776223776222 176.51748251748256 -1 0 0
756.216783216783 180.29370629370635 -1 0 0
830.7972027972025 160.46853146853152 -1 0 0
818.5244755244753 170.85314685314685 -1 0 0
799.6433566433564 163.3006993006993 -1 0 0
797.7552447552446 150.08391608391614 -1 0 0
810.0279720279718 140.6433566433567 -1 0 0
552.3006993006992 151.972027972028 -1 0 0
489.9930069930069 143.47552447552448 -1 0 0
503.20979020979007 154.80419580419584 -1 0 0
482.44055944055935 163.3006993006993 -1 0 0
466.3916083916083 177.46153846153845 -1 0 0
558.9090909090908 118.93006993006998 -1 0 0
574.9580419580418 119.87412587412587 -1 0 0
558.9090909090908 184.06993006993014 -1 0 0
275.6923076923076 153.8601398601399 -1 0 0
302.12587412587413 154.56818181818184 -1 0 0
282.30069930069925 133.3269230769231 -1 0 0
338.47202797202794 123.41433566433568 -1 0 0
452.7027972027972 60.16258741258741 -1 0 0
471.1118881118881 68.18706293706293 -1 0 0
508.4020979020978 88.9562937062937 -1 0 0
520.6748251748252 84.23601398601397 -1 0 0
540.0279720279719 85.18006993006992 -1 0 0
517.3706293706293 71.01923076923077 -1 0 0
481.49650349650346 66.77097902097901 -1 0 0
514.0664335664335 138.99125874125875 -1 0 0
439.9580419580419 29.480769230769226 -1 0 0
304.01398601398597 97.45279720279721 -1 0 0
311.5664335664335 103.58916083916085 -1 0 0
532.4755244755245 144.18356643356645 -1 0 0
531.5314685314685 130.49475524475525 -1 0 0
516.8986013986014 106.89335664335664 -1 0 0
506.986013986014 105.00524475524475 -1 0 0
494.7132867132866 126.7185314685315 -1 0 0
475.8321678321678 116.80594405594405 -1 0 0
774.1538461538461 140.6433566433567 -1 0 0
759.9930069930069 131.20279720279723 -1 0 0
740.1678321678321 121.76223776223776 -1 0 0
806.2517482517483 123.65034965034965 -1 0 0
785.4825174825174 117.04195804195808 -1 0 0
844.0139860139859 105.71328671328672 -1 0 0
871.3916083916083 110.43356643356645 -1 0 0
876.111888111888 121.76223776223776 -1 0 0
863.8391608391607 92.49650349650352 -1 0 0
850.6223776223776 90.60839160839163 -1 0 0
844.9580419580418 82.1118881118881 -1 0 0
830.7972027972028 92.49650349650352 -1 0 0
863.8391608391607 71.72727272727275 -1 0 0
882.7202797202797 77.39160839160843 -1 0 0
876.111888111888 68.89510489510491 -1 0 0
894.9930069930069 84.0 -1 0 0
919.5384615384614 167.0769230769231 -1 0 0
925.2027972027972 146.3076923076924 -1 0 0
922.3706293706293 134.97902097902102 -1 0 0
932.7552447552446 117.04195804195808 -1 0 0
939.3636363636363 97.21678321678326 -1 0 0
911.9860139860139 68.89510489510491 -1 0 0
922.3706293706293 50.95804195804204 -1 0 0
933.6993006993007 64.17482517482517 -1 0 0
912.9300699300697 57.5664335664336 -1 0 0
901.6013986013986 53.790209790209815 -1 0 0
888.3846153846152 57.5664335664336 -1 0 0
891.2167832167831 49.069930069930024 -1 0 0
854.3986013986014 57.5664335664336 -1 0 0
872.3356643356642 57.5664335664336 -1 0 0
851.5664335664335 47.181818181818244 -1 0 0
812.8601398601397 70.7832167832168 -1 0 0
784.5384615384614 78.33566433566438 -1 0 0
786.4265734265733 95.32867132867136 -1 0 0
776.041958041958 91.55244755244757 -1 0 0
755.2727272727273 110.43356643356645 -1 0 0
744.8881118881118 84.0 -1 0 0
683.5244755244755 114.20979020979024 -1 0 0
675.972027972028 107.60139860139861 -1 0 0
629.2412587412587 169.22552447552445 -1 0 0
641.5139860139859 151.76048951048946 -1 0 0
617.9125874125873 141.84790209790205 -1 0 0
626.8811188811188 133.35139860139856 -1 0 0
621.2167832167831 111.63811188811182 -1 0 0
613.1923076923076 105.02972027972024 -1 0 0
602.3356643356642 103.61363636363632 -1 0 0
604.2237762237762 111.63811188811182 -1 0 0
585.3426573426573 98.89335664335658 -1 0 0
574.4860139860139 105.97377622377618 -1 0 0
559.8531468531468 105.50174825174821 -1 0 0
548.0524475524476 99.36538461538457 -1 0 0
552.3006993006993 91.81293706293701 -1 0 0
562.2132867132866 85.20454545454541 -1 0 0
566.4615384615383 79.54020979020976 -1 0 0
634.9055944055943 126.74300699300696 -1 0 0
647.1783216783216 111.63811188811182 -1 0 0
692.020979020979 105.50174825174821 -1 0 0
703.8216783216783 102.19755244755243 -1 0 0
716.5664335664335 100.30944055944053 -1 0 0
727.4230769230769 109.27797202797201 -1 0 0
648.5944055944055 91.81293706293701 -1 0 0
835.9895104895104 127.6870629370629 -1 0 0
750.5524475524476 63.49125874125872 -1 0 0
731.6713286713286 78.59615384615383 -1 0 0
698.6293706293706 82.3723776223776 -1 0 0
690.1328671328671 75.291958041958 -1 0 0
668.4195804195804 82.84440559440554 -1 0 0
677.3881118881118 95.5891608391608 -1 0 0
642.4580419580419 76.70804195804192 -1 0 0
655.6748251748252 79.54020979020976 -1 0 0
632.0734265734266 65.37937062937058 -1 0 0
643.8741258741259 67.73951048951045 -1 0 0
616.4965034965035 67.73951048951045 -1 0 0
617.4405594405594 59.24300699300693 -1 0 0
607.5279720279719 52.63461538461533 -1 0 0
599.5034965034964 48.85839160839157 -1 0 0
718.4545454545454 49.330419580419544 -1 0 0
734.5034965034964 55.938811188811144 -1 0 0
740.1678321678321 67.73951048951045 -1 0 0
803.4195804195804 47.44230769230765 -1 0 0
817.1083916083916 48.85839160839157 -1 0 0
829.8531468531468 39.41783216783213 -1 0 0
835.9895104895104 34.22552447552442 -1 0 0
846.8461538461538 30.449300699300636 -1 0 0
849.2062937062936 18.176573426573384 -1 0 0
824.1888111888111 60.65909090909087 -1 0 0
793.9790209790209 29.03321678321674 -1 0 0
805.3076923076923 32.33741258741253 -1 0 0
785.4825174825174 26.201048951048904 -1 0 0
770.8496503496503 25.729020979020902 -1 0 0
734.0314685314685 31.393356643356583 -1 0 0
711.3741258741259 30.921328671328638 -1 0 0
701.9335664335664 40.36188811188805 -1 0 0
594.3111888111887 62.07517482517477 -1 0 0
604.2237762237762 84.26048951048946 -1 0 0
617.9125874125873 80.95629370629364 -1 0 0
584.8706293706293 75.291958041958 -1 0 0
557.020979020979 48.85839160839157 -1 0 0
632.5454545454545 12.984265734265705 -1 0 0
631.6013986013986 19.12062937062933 -1 0 0
526.8111888111887 56.88286713286709 -1 0 0
518.3146853146852 46.97027972027968 -1 0 0
505.0979020979021 54.522727272727224 -1 0 0
684.4685314685314 55.938811188811144 -1 0 0
676.9160839160838 48.85839160839157 -1 0 0
661.3391608391607 45.55419580419576 -1 0 0
651.4265734265734 47.914335664335624 -1 0 0
641.041958041958 34.22552447552442 -1 0 0
607.5279720279719 36.11363636363632 -1 0 0
619.8006993006993 38.94580419580416 -1 0 0
597.1433566433566 43.66608391608386 -1 0 0
591.4790209790209 22.424825174825116 -1 0 0
842.125874125874 189.99475524475523 -1 0 0
846.3741258741259 176.777972027972 -1 0 0
835.5174825174824 60.65909090909087 -1 0 0
767.5454545454545 35.641608391608344 -1 0 0
759.048951048951 29.50524475524469 -1 0 0
738.2797202797202 20.53671328671322 -1 0 0
726.951048951049 19.12062937062933 -1 0 0
719.3986013986014 24.31293706293701 -1 0 0
832.6853146853147 13.928321678321652 -1 0 0
543.8041958041957 59.71503496503493 -1 0 0
527.7552447552447 38.00174825174821 -1 0 0
545.6923076923076 33.75349650349645 -1 0 0
562.2132867132866 41.305944055943996 -1 0 0
667.7115384615383 161.55506993006992 -1 0 0
663.4632867132866 150.93444055944053 -1 0 0
662.9912587412587 131.81730769230768 -1 0 0
620.5087412587411 97.12325174825175 -1 0 0
720.8146853146852 125.20891608391608 -1 0 0
574.9580419580418 94.99912587412587 -1 0 0
489.99300699300693 51.21853146853141 -1 0 0
480.5524475524475 40.83391608391605 -1 0 0
481.02447552447546 34.22552447552442 -1 0 0
481.49650349650346 25.729020979020902 -1 0 0
474.4160839160839 21.008741258741225 -1 0 0
461.67132867132864 34.6975524475524 -1 0 0
469.22377622377616 35.641608391608344 -1 0 0
456.9510489510489 29.50524475524469 -1 0 0
456.9510489510489 23.840909090909065 -1 0 0
465.4475524475524 24.784965034965012 -1 0 0
502.7377622377622 38.94580419580416 -1 0 0
508.40209790209786 33.75349650349645 -1 0 0
512.6503496503497 25.729020979020902 -1 0 0
521.1468531468531 29.03321678321674 -1 0 0
538.13986013986 23.840909090909065 -1 0 0
497.5454545454545 38.94580419580416 -1 0 0
494.2412587412587 34.6975524475524 -1 0 0
490.9370629370629 27.14510489510485 -1 0 0
485.7447552447552 7.791958041957969 -1 0 0
564.5734265734266 56.88286713286709 -1 0 0
502.7377622377622 19.592657342657276 -1 0 0
525.3951048951049 10.62412587412581 -1 0 0
564.1013986013986 24.784965034965012 -1 0 0
550.4125874125873 27.14510489510485 -1 0 0
567.4055944055943 12.984265734265705 -1 0 0
551.3566433566433 12.984265734265705 -1 0 0
540.972027972028 12.984265734265705 -1 0 0
534.3636363636363 19.12062937062933 -1 0 0
468.2797202797202 16.28846153846149 -1 0 0
607.527972027972 20.53671328671322 -1 0 0
607.527972027972 12.512237762237703 -1 0 0
607.527972027972 4.487762237762183 -1 0 0
599.0314685314685 4.487762237762183 -1 0 0
589.1188811188811 7.319930069930024 -1 0 0
582.9825174825174 11.568181818181756 -1 0 0
566.4615384615383 4.959790209790185 -1 0 0
515.0104895104894 122.02272727272722 -1 0 0
584.8706293706293 115.41433566433562 -1 0 0
663.6993006993007 92.28496503496501 -1 0 0
681.1643356643356 68.6835664335664 -1 0 0
698.1573426573426 67.73951048951045 -1 0 0
699.1013986013985 55.46678321678317 -1 0 0
709.486013986014 60.65909090909087 -1 0 0
687.7727272727273 62.54720279720277 -1 0 0
663.6993006993007 57.354895104895064 -1 0 0
608.472027972028 64.43531468531464 -1 0 0
469.22377622377616 2.5996503496502896 -1 0 0
460.2552447552447 6.375874125874077 -1 0 0
498.01748251748245 4.487762237762183 -1 0 0
364.90559440559434 65.37937062937058 -1 0 0
350.27272727272725 64.43531468531464 -1 0 0
558.9090909090909 170.85314685314685 -1 0 0
675.972027972028 152.91608391608395 -1 0 0
404.08391608391605 351.1678321678322 -1 0 0
415.4125874125874 329.4545454545455 -1 0 0
395.5874125874126 303.02097902097904 -1 0 0
-87.76923076923075 463.5104895104896 -1 0 0
927.798951048951 30.424825174825173 -1 0 0
885.7884615384615 31.84090909090906 -1 0 0
935.3513986013986 31.84090909090906 -1 0 0
941.4877622377622 46.945804195804186 -1 0 0
934.4073426573427 47.41783216783216 -1 0 0
911.75 36.089160839160854 -1 0 0
941.4877622377622 21.92832167832165 -1 0 0
874.9318181818182 22.8723776223776 -1 0 0
919.9521344040572 12.663961038961133 -1 0 0
911.6942384538538 20.40573849227701 -1 0 0
903.9524610005378 3.889946591869716 -1 0 0
884.8560766156918 4.406065088757487 -1 0 0
862.1468627526319 5.954420579420627 -1 0 0
839.4376488895718 2.341591101206575 -1 0 0
796.0836951510028 11.115605548297935 -1 0 0
796.5998136478904 19.889619995389296 -1 0 0
785.2452067163605 12.663961038961133 -1 0 0
787.8257992007991 11.115605548297935 -1 0 0
769.245533312841 9.051131560747024 -1 0 0
746.5363194497809 19.889619995389296 -1 0 0
741.8912529777914 11.115605548297935 -1 0 0
707.8274321832014 9.051131560747024 -1 0 0
686.6665738108045 11.115605548297935 -1 0 0
660.3445304695305 20.92185698916478 -1 0 0
651.0543975255514 16.276790517175186 -1 0 0
640.7320275877969 12.663961038961133 -1 0 0
636.603079612695 8.01889456697154 -1 0 0
794.5353396603396 100.4041055098748 -1 0 0
798.1481691385536 91.63009106278344 -1 0 0
731.0527645431491 92.66232805655886 -1 0 0
717.6336836240682 85.95278759701841 -1 0 0
724.3432240836087 74.59818066548843 -1 0 0
711.9563801583032 77.69489164681477 -1 0 0
724.8593425804963 65.3080477215093 -1 0 0
869.8886402059477 15.244553523399759 -1 0 0
787.8257992007991 5.438302082532914 -1 0 0
728.9882905555983 11.115605548297935 -1 0 0
663.4412414508569 9.567250057634737 -1 0 0
654.6672270037654 6.470539076308397 -1 0 0
644.8609755628986 5.438302082532914 -1 0 0
864.7274552370704 28.147515945592943 -1 0 0
856.9856777837547 30.211989933143855 -1 0 0
784.2129697225851 43.63107085222475 -1 0 0
772.3422442941674 43.63107085222475 -1 0 0
764.6004668408514 47.760018827326576 -1 0 0
757.8909263813109 44.66330784600021 -1 0 0
750.6652674248828 42.08271536156158 -1 0 0
738.7945419964651 41.05047836778613 -1 0 0
791.4386286790132 49.82449281487749 -1 0 0
773.8905997848306 62.21133674018296 -1 0 0
768.7294148159533 66.34028471528478 -1 0 0
757.3748078844233 88.53338008145704 -1 0 0
769.245533312841 83.37219511257979 -1 0 0
753.7619784062092 98.33963152232388 -1 0 0
799.6965246292168 67.88864020594795 -1 0 0
808.986657573196 58.08238876508114 -1 0 0
800.2126431261046 58.08238876508114 -1 0 0
827.5669234611541 50.85672980865294 -1 0 0
692.3438772765696 17.30902751095067 -1 0 0
675.8280853761623 25.566923461154317 -1 0 0
692.8599957734573 33.308700914470194 -1 0 0
635.5708426189196 54.469559286867025 -1 0 0
595.3135998616768 184.01530200568664 -1 0 0
579.3139264581573 191.2409609621148 -1 0 0
598.4103108430031 137.04851878890344 -1 0 0
592.7330073772382 124.14555636671025 -1 0 0
552.4757646199955 139.11299277645435 -1 0 0
476.6063455774995 130.8550968262507 -1 0 0
860.5985072619687 130.8550968262507 -1 0 0
926.6616748635979 21.954093982940208 -1 0 0
921.5004898947204 19.889619995389296 -1 0 0
805.373828094982 14.728435026511988 -1 0 0
812.0833685545224 9.051131560747024 -1 0 0
721.76263159917 11.115605548297935 -1 0 0
673.7636113886114 18.341264504726098 -1 0 0
811.5672500576345 79.75936563436568 -1 0 0
832.2119899331437 71.50146968416203 -1 0 0
761.503755859525 159.75773265196344 -1 0 0
751.1813859217705 147.370888726658 -1 0 0
897.759039037885 20.40573849227701 -1 0 0
831.6958714362559 5.438302082532914 -1 0 0
660.8606489664182 31.760345423807024 -1 0 0
648.9899235380005 23.502449473603406 -1 0 0
734.6655940213632 200.5310939060939 -1 0 0
722.7948685929455 213.95017482517483 -1 0 0
398.41439329900874 116.40377891339432 -1 0 0
402.54334127411056 107.11364596941522 -1 0 0
453.12295396910787 129.3067413355875 -1 0 0
439.1877545531392 125.6939118573734 -1 0 0
418.54301467763014 125.17779336048568 -1 0 0
422.1558441558442 104.01693498808885 -1 0 0
574.9269192346115 50.856729808652915 -1 0 0
543.4436909244602 48.792255821102 -1 0 0
753.7619784062092 73.41932586644124 -1 0 0
763.5682298470759 80.9030440713133 -1 0 0
586.7976446630292 108.51538365480671 -1 0 0
844.7278634826712 46.58116402827942 -1 0 0
836.2119082840237 47.61340102205487 -1 0 0
807.8253909551987 25.162246407438715 -1 0 0
197.39920656266798 185.59883385844932 -1 0 0
191.72190309690296 174.76034542380705 -1 0 0
199.4636805502189 158.24455352339976 -1 0 0
176.23834819027115 153.08336855452248 -1 0 0
145.78735687389525 156.6961980327366 -1 0 0
278.9459290709289 111.27777030661656 -1 0 0
464.2324694536231 47.79519518942607 -1 0 0
862.6629812495196 116.40377891339435 -1 0 0
872.4692326903864 170.6313974487051 -1 0 0
853.3728483055404 163.92185698916464 -1 0 0
149.4001863521094 343.01497540920604 -1 0 0
170.04492622761845 336.8215534465533 -1 0 0
107.0784696073157 312.0478655959424 -1 0 0
874.4046770537155 33.162083109198505 -1 0 0
912.3393865749636 44.258630792284634 -1 0 0
768.2132963190654 100.95540036886189 -1 0 0
82.30478175670478 154.115605548298 -1 0 0
57.01497540920613 157.21231652962436 -1 0 0
77.1435967878275 169.0830419580421 -1 0 0
373.91173249827074 150.50277607008388 -1 0 0
353.7831111196494 130.37415469146254 -1 0 0
331.07389725658936 89.60079343733204 -1 0 0
395.58870936755534 64.44001671405533 -1 0 0
680.4731518481518 29.695871436256137 -1 0 0
680.4731518481518 40.53435987089841 -1 0 0
685.6343368170292 40.01824137401067 -1 0 0
757.3748078844233 20.92185698916478 -1 0 0
822.9218569891646 30.72810843003157 -1 0 0
626.7968281718281 107.11364596941524 -1 0 0
636.0869611158073 114.33930492584342 -1 0 0
538.5405652040268 121.56496388227158 -1 0 0
692.3438772765696 173.17681357104436 -1 0 0
729.5044090524859 143.75805924844389 -1 0 0
808.986657573196 185.0475389994621 -1 0 0
820.341264504726 201.04721240298164 -1 0 0
689.7632847921309 213.43405632828708 -1 0 0
267.1958041958042 193.03846153846152 -1 0 0
753.3846153846155 6.115384615384528 -1 0 0
577.5541958041958 83.68269230769228 -1 0 0
