213.47343591454924 457.75611397881204 -1 0 0
254.39251683363017 518.1117583344563 -1 0 0
160.27863071974411 502.767102989801 -1 0 0
35.9526869332609 415.7006190242163 -1 0 0
19.58709847576435 427.25279911186084 -1 0 0
86.9748156536913 433.0288891556831 -1 0 0
107.8329185897163 503.6255452468447 -1 0 0
264.42913755556555 435.9169341775943 -1 0 0
315.1303723846725 435.9169341775943 -1 0 0
313.8467968193786 395.80519776216164 -1 0 0
225.92187059675015 399.01413667539623 -1 0 0
104.94487356780513 388.1037443703985 -1 0 0
5.146873366208588 406.0738022845124 -1 0 0
160.78041065808745 431.7453135903893 -1 0 0
362.8280812691946 524.2496204723185 -1 0 0
383.2876217287351 452.6412288639269 -1 0 0
344.41449485560815 419.9059641286622 -1 0 0
414.99990944102274 532.4334366561347 -1 0 0
428.29861073972404 489.46840169109976 -1 0 0
476.3785308196441 504.8130570357551 -1 0 0
555.1477615888748 534.4793907020887 -1 0 0
630.8480612891743 528.3415285642266 -1 0 0
655.3995098406232 457.75611397881204 -1 0 0
688.1347745758877 437.2965735192716 -1 0 0
759.7431661842793 441.3884816111797 -1 0 0
749.5133959545091 507.8819881046861 -1 0 0
845.6732361143493 472.0777923004904 -1 0 0
868.1787306198438 526.2955745182725 -1 0 0
929.5573519984652 472.0777923004904 -1 0 0
1000.1427665838797 459.8020680247661 -1 0 0
889.6612481023612 415.81405603675415 -1 0 0
868.1787306198438 403.5383317610298 -1 0 0
762.8120972532105 400.4694006920988 -1 0 0
729.0538554949686 369.7800900027881 -1 0 0
697.341567782681 405.5842858069839 -1 0 0
663.5833260244392 367.73413595683405 -1 0 0
628.8021072432205 413.7681019908 -1 0 0
686.0888205299339 355.45841168110974 -1 0 0
555.1477615888748 472.0777923004904 -1 0 0
508.0908185319319 434.22764245034045 -1 0 0
556.1707386118519 389.2166534393515 -1 0 0
430.3445647856781 421.9519181746162 -1 0 0
458.9879214290347 398.42344664614467 -1 0 0
426.25265669377 356.48138870408684 -1 0 0
460.01089845201176 343.1826874053855 -1 0 0
493.7691402102535 339.0907793134774 -1 0 0
375.1038055449189 384.1017683244664 -1 0 0
344.41449485560815 384.1017683244664 -1 0 0
312.70220714332044 355.45841168110974 -1 0 0
269.7371721782855 389.2166534393515 -1 0 0
277.9209883621017 355.45841168110974 -1 0 0
4.244998018778763 187.97683830942657 -1 0 0
7.714535474330205 184.40817121228793 -1 0 0
16.73533285876395 183.02035623006734 -1 0 0
30.31609375620817 184.5073008538751 -1 0 0
36.16474260985203 184.40817121228793 -1 0 0
45.97857712698324 181.83080053102114 -1 0 0
40.030798631752205 191.14898684021642 -1 0 0
31.803038380015927 194.32113537100633 -1 0 0
16.041425367653666 192.93332038878575 -1 0 0
11.679721137817566 194.71765393735507 -1 0 0
3.749349810842844 200.4671731494117 -1 0 0
21.295296371774416 207.10885913575305 -1 0 0
24.863963468913045 197.98893210973213 -1 0 0
35.47083511874173 208.2984148347993 -1 0 0
27.04481558383109 218.7070272014536 -1 0 0
27.540463791767014 228.91738028493356 -1 0 0
17.230981066699876 229.9086767008054 -1 0 0
7.714535474330205 213.05663763098414 -1 0 0
6.425850133696813 208.49667411797364 -1 0 0
5.434553717824975 234.66689949699025 -1 0 0
39.93166899016502 223.6635092808128 -1 0 0
61.83931978093269 222.96960178970252 -1 0 0
67.68796863457655 231.39562132461316 -1 0 0
59.856726949189 181.33515232308523 -1 0 0
53.809818812370786 193.82548716307042 -1 0 0
54.503726303481066 186.58902332720598 -1 0 0
58.76630089172999 184.90381942022384 -1 0 0
77.20441422694623 182.32644873895705 -1 0 0
67.29145006822782 188.57161615894967 -1 0 0
64.2184311790251 212.46185978146102 -1 0 0
42.5090396714318 205.91930343670688 -1 0 0
87.31563766883899 194.02374644624476 -1 0 0
89.49648978375704 183.02035623006734 -1 0 0
80.77308132408484 197.98893210973213 -1 0 0
76.70876601901028 205.32452558718379 -1 0 0
80.87221096567204 215.73313795383808 -1 0 0
95.14687935422651 214.74184153796625 -1 0 0
83.94522985487473 224.15915748874872 -1 0 0
98.02163896025485 210.5783965913045 -1 0 0
77.9994952697796 164.43354843247036 -1 0 0
76.41342100438465 167.80395624643464 -1 0 0
70.86216107550233 164.43354843247036 -1 0 0
68.87956824375865 168.79525266230647 -1 0 0
54.406640572029794 177.51866112197865 -1 0 0
53.01882558980921 183.06992105086098 -1 0 0
49.45015849267058 171.57088262674762 -1 0 0
57.182270536470945 169.7865490781783 -1 0 0
34.97723082094171 174.34651259118877 -1 0 0
35.96852723681355 179.89777252007107 -1 0 0
27.04685949396699 171.76914190992198 -1 0 0
30.81378587427999 176.1308461397581 -1 0 0
28.2364151930132 177.12214255562992 -1 0 0
22.883414547305264 174.54477187436314 -1 0 0
21.49559956508468 178.31169825467612 -1 0 0
3.850523362565922 174.1482533080144 -1 0 0
77.20645813708211 159.67532563628555 -1 0 0
74.23256888946659 158.28751065406496 -1 0 0
51.23449204123991 157.4944735213675 -1 0 0
54.20838128885543 158.6840292204137 -1 0 0
70.66390179232798 159.47706635311118 -1 0 0
67.69001254471245 153.92580642422885 -1 0 0
42.70934286474207 156.50317710549567 -1 0 0
45.286713546008855 153.7275471410545 -1 0 0
33.58941583872114 167.80395624643464 -1 0 0
40.72675003299838 168.3987340959577 -1 0 0
21.099080998735946 165.62310413151658 -1 0 0
14.358265370807427 157.89099208771623 -1 0 0
17.332154618422955 156.70143638867 -1 0 0
7.220931176530183 166.01962269786532 -1 0 0
16.340858202551114 166.6144005473884 -1 0 0
30.81378587427999 241.1598910209508 -1 0 0
30.615526591105613 254.83978155998219 -1 0 0
23.279933113653996 248.0989659320537 -1 0 0
11.38437612319191 253.25370729458726 -1 0 0
0.8766341149503951 259.598004356167 -1 0 0
18.32345103429479 262.1753750374338 -1 0 0
46.07975067870632 255.83107797585404 -1 0 0
64.51786401392256 244.3320395517407 -1 0 0
89.69679297706732 240.5651131714277 -1 0 0
104.76449849831928 247.10766951618183 -1 0 0
118.2461297541763 248.29722521522808 -1 0 0
135.29642810717198 242.9442245695201 -1 0 0
160.67361635349107 243.34074313586882 -1 0 0
152.34672646016762 230.45388972953492 -1 0 0
146.2006886817622 222.12699983621147 -1 0 0
134.30513169130015 209.63666499622627 -1 0 0
114.87572194021206 214.79140635875984 -1 0 0
114.28094409068896 203.2923679346465 -1 0 0
122.40957470083806 199.1289229879848 -1 0 0
99.213238569437 178.5099575378505 -1 0 0
79.18905096882581 174.54477187436314 -1 0 0
79.78382881834891 169.7865490781783 -1 0 0
62.33701189900451 168.3987340959577 -1 0 0
24.271229529525836 163.44225201659853 -1 0 0
89.69679297706732 260.5893007720388 -1 0 0
70.06912394280486 261.58059718791066 -1 0 0
101.19583140118067 235.01385324254537 -1 0 0
82.95597734913879 234.41907539302227 -1 0 0
114.67746265703771 161.45965918485484 -1 0 0
127.56431606337159 165.22658556516782 -1 0 0
132.7190574259052 178.5099575378505 -1 0 0
123.00435255036116 181.08732821911727 -1 0 0
120.8235004354431 188.62118097974326 -1 0 0
114.28094409068896 188.02640313022016 -1 0 0
131.33124244368463 168.99351194548083 -1 0 0
128.75387176241784 158.6840292204137 -1 0 0
122.40957470083806 158.28751065406496 -1 0 0
118.2461297541763 159.2788070699368 -1 0 0
110.11749914402722 177.12214255562992 -1 0 0
107.7383877459348 171.37262334357325 -1 0 0
105.16101706466802 169.39003051182956 -1 0 0
100.00627570213442 187.03510671434833 -1 0 0
164.4405427338041 216.17922134098043 -1 0 0
176.7326182906149 238.38426105650964 -1 0 0
180.69780395410226 256.2275965422028 -1 0 0
181.68910036997408 221.33396270351398 -1 0 0
195.96376875852863 209.2401464298775 -1 0 0
182.48213750267158 205.47322004956456 -1 0 0
197.1533244575748 197.54284872258984 -1 0 0
177.92217398966113 190.80203309466134 -1 0 0
184.66298961758963 189.41421811244075 -1 0 0
175.3448033083943 181.08732821911727 -1 0 0
195.96376875852863 184.45773603308155 -1 0 0
193.5846573604362 172.56217904261945 -1 0 0
184.861248900764 169.7865490781783 -1 0 0
182.48213750267158 179.89777252007107 -1 0 0
158.0962456722243 185.8455510153021 -1 0 0
156.70843069000372 193.77592234227686 -1 0 0
166.026616999199 200.71499725337972 -1 0 0
157.69972710587555 204.68018291686707 -1 0 0
144.41635513319292 209.8349242794006 -1 0 0
149.57109649572647 197.14633015624108 -1 0 0
138.46857663796183 194.37070019179995 -1 0 0
138.46857663796183 188.02640313022016 -1 0 0
141.04594731922865 181.48384678546603 -1 0 0
143.2267994341467 166.01962269786532 -1 0 0
151.95020789381888 168.002215529609 -1 0 0
150.16587434524956 161.0631406185061 -1 0 0
162.06143133571166 158.88228850358806 -1 0 0
132.1242795763821 154.52058427375195 -1 0 0
173.95698832617373 162.05443703437794 -1 0 0
187.04210101568202 157.4944735213675 -1 0 0
191.00728667916943 165.22658556516782 -1 0 0
180.10302610457916 159.2788070699368 -1 0 0
10.103355445567823 363.1813261292987 -1 0 0
38.79167811191248 347.1059729110884 -1 0 0
29.641092433854265 330.041367187142 -1 0 0
55.85628383585886 328.06286217567 -1 0 0
57.09284946802889 310.25631707242155 -1 0 0
80.0929702263914 308.27781206094954 -1 0 0
116.69531293862423 347.1059729110884 -1 0 0
132.77066615683464 321.1380946355178 -1 0 0
110.26517165134008 310.9982564517236 -1 0 0
160.46973631744322 376.04160870386704 -1 0 0
178.77090767355963 383.21368937045327 -1 0 0
211.41624036284838 338.6973266123322 -1 0 0
189.65268523665586 331.77255907218006 -1 0 0
200.2871496733181 319.6542158769138 -1 0 0
150.08258500721496 338.4500134858982 -1 0 0
51.65196068648077 354.52536670410854 -1 0 0
59.56598073236895 391.6223356692094 -1 0 0
60.30792011167097 367.13833615224286 -1 0 0
213.88937162718844 342.15971038240826 -1 0 0
203.2549071905262 358.48237672705267 -1 0 0
261.5533559944694 337.04482526752327 -1 0 0
271.78312622423977 331.92994015263815 -1 0 0
255.41549385660738 303.28658350928157 -1 0 0
230.86404530515878 286.91895114164913 -1 0 0
213.4734359145494 267.4823877050857 -1 0 0
189.94496438607788 292.0338362565343 -1 0 0
199.15175759287115 249.06880129149934 -1 0 0
206.31259675371027 220.42544464814267 -1 0 0
219.6112980524116 211.21865144134946 -1 0 0
210.40450484561833 190.759110981809 -1 0 0
219.6112980524116 188.71315693585495 -1 0 0
309.6332760743896 331.92994015263815 -1 0 0
313.72518416629765 307.37849160118964 -1 0 0
333.16174760286117 296.12574434844237 -1 0 0
341.34556378667736 272.59727281997084 -1 0 0
323.9549543960679 262.3675025902006 -1 0 0
334.1847246258381 249.06880129149934 -1 0 0
39.56734200845548 286.91895114164913 -1 0 0
5.809100250213715 294.07979030248833 -1 0 0
6.8320772731907295 274.64322686592493 -1 0 0
22.176732617846113 294.07979030248833 -1 0 0
59.565469754835 151.8052496583173 -1 0 0
56.47916544974947 151.95956487357157 -1 0 0
51.23244813110407 153.34840181086005 -1 0 0
50.15224162432414 150.26209750577453 -1 0 0
32.714622300590925 154.58292353289426 -1 0 0
37.03544832771066 157.0519669769627 -1 0 0
48.30045904127284 164.61341252442224 -1 0 0
79.78076295314519 148.10168449221467 -1 0 0
91.50871931247016 145.3240106176377 -1 0 0
101.23057787348958 148.5646301379775 -1 0 0
122.06313193281687 150.10778229052028 -1 0 0
118.51388198196854 146.40421712441764 -1 0 0
80.55233902941656 190.84699911764918 -1 0 0
32.560307085336646 159.5210104210311 -1 0 0
73.60815434297413 145.16969540238344 -1 0 0
72.83657826670274 141.00318459051798 -1 0 0
65.89239358026032 147.02147798543473 -1 0 0
131.32204484807346 136.37372813288968 -1 0 0
137.80328388875307 140.6945541600094 -1 0 0
103.39099088704944 140.38592372950083 -1 0 0
146.5992511582468 140.38592372950083 -1 0 0
152.308914122655 136.0650977023811 -1 0 0
147.3708272345182 131.1270108142443 -1 0 0
129.77889269553071 148.10168449221467 -1 0 0
117.74230590569715 132.8244781820413 -1 0 0
114.03874073959452 133.28742382780416 -1 0 0
110.48949078874617 129.27522823119295 -1 0 0
134.40834915315898 132.51584775153276 -1 0 0
70.98479568365144 150.4164127210288 -1 0 0
959.2236856647994 419.9059641286622 -1 0 0
1015.4874219285357 374.89497511767314 -1 0 0
992.9819274230412 365.6881819108799 -1 0 0
977.6372720783856 346.25161847431644 -1 0 0
927.5113979525117 356.4813887040868 -1 0 0
876.3625468036605 355.45841168110974 -1 0 0
896.8220872632011 333.9758941985922 -1 0 0
941.83307627419 312.49337671607475 -1 0 0
1007.3036057447194 305.3325375552356 -1 0 0
1013.4414678825816 258.27559449829255 -1 0 0
989.9129963541101 260.3215485442466 -1 0 0
950.016892458006 276.6891809118789 -1 0 0
919.3275817686954 283.8500200727181 -1 0 0
903.9829264240402 285.89597411867214 -1 0 0
889.6612481023619 272.59727281997084 -1 0 0
886.5923170334308 299.19467541737345 -1 0 0
906.0288804699941 267.4823877050857 -1 0 0
891.7072021483158 245.99987022256826 -1 0 0
957.1777316188452 239.86200808470613 -1 0 0
798.6162930574068 374.89497511767314 -1 0 0
794.5243849654986 319.6542158769139 -1 0 0
798.6162930574068 283.8500200727181 -1 0 0
835.4434658845796 283.8500200727181 -1 0 0
850.7881212292349 269.5283417510398 -1 0 0
874.3165927577064 241.90796213066014 -1 0 0
854.880029321143 242.93093915363715 -1 0 0
834.4204888616025 249.06880129149934 -1 0 0
825.2136956548094 260.3215485442466 -1 0 0
807.8230862641999 256.22964045233846 -1 0 0
705.5253839664975 300.2176524403505 -1 0 0
697.3415677826813 277.71215793485595 -1 0 0
651.3076017487153 310.4474226701207 -1 0 0
671.7671422082558 262.3675025902006 -1 0 0
672.7901192312328 238.83903106172912 -1 0 0
700.4104988516126 231.6781919008899 -1 0 0
708.5943150354286 249.06880129149934 -1 0 0
723.9389703800841 214.28758251028054 -1 0 0
763.8350742761879 276.6891809118789 -1 0 0
756.6742351153488 252.1377323604304 -1 0 0
750.5363729774866 238.83903106172912 -1 0 0
756.6742351153488 223.49437571707378 -1 0 0
765.881028322142 213.26460548730356 -1 0 0
477.40150784262147 303.28658350928157 -1 0 0
418.06884050995404 326.815055037753 -1 0 0
426.25265669377035 303.28658350928157 -1 0 0
402.72418516529876 276.6891809118789 -1 0 0
365.8970123381259 294.07979030248833 -1 0 0
368.9659434070569 317.60826183095986 -1 0 0
384.3105987517123 250.09177831447636 -1 0 0
372.034874475988 232.70116892386693 -1 0 0
347.4834259245394 230.6552148779129 -1 0 0
320.8860233271368 213.26460548730356 -1 0 0
254.39251683363034 250.09177831447636 -1 0 0
251.32358576469923 281.804066026764 -1 0 0
232.9099993511129 227.58628380898182 -1 0 0
272.80610324721675 220.42544464814267 -1 0 0
283.035873476987 210.19567441837245 -1 0 0
298.3805288216423 209.1726973953954 -1 0 0
315.7711382122517 202.01185823455617 -1 0 0
328.04686248797606 192.80506502776308 -1 0 0
352.5983110394245 207.12674334944137 -1 0 0
333.16174760286117 180.52934075203873 -1 0 0
339.2996097407232 173.36850159119962 -1 0 0
348.5064029475165 167.23063945333743 -1 0 0
364.8740353151488 192.80506502776308 -1 0 0
376.12678256789616 203.0348352575333 -1 0 0
462.056852497966 232.70116892386693 -1 0 0
446.7121971533108 241.90796213066014 -1 0 0
432.39051883163233 168.2536164763145 -1 0 0
455.91899036010386 152.90896113165914 -1 0 0
503.9989104400241 232.70116892386693 -1 0 0
493.7691402102537 263.39047961317766 -1 0 0
520.3665428076565 272.59727281997084 -1 0 0
534.6882211293348 298.1716983943964 -1 0 0
545.940968382082 341.1367333594313 -1 0 0
576.6302790713927 329.8839861066841 -1 0 0
596.0668425079562 357.50436572706377 -1 0 0
628.8021072432209 362.6192508419488 -1 0 0
499.907002348116 213.26460548730356 -1 0 0
514.2286806697944 210.19567441837245 -1 0 0
514.2286806697944 183.59827182096984 -1 0 0
491.72318616429976 185.64422586692388 -1 0 0
471.2636457047593 187.69017991287788 -1 0 0
479.4474618885754 174.39147861417658 -1 0 0
496.83807127918493 169.27659349929155 -1 0 0
520.3665428076565 166.20766243036047 -1 0 0
519.3435657846793 192.80506502776308 -1 0 0
542.8720373131508 190.759110981809 -1 0 0
540.826083267197 173.36850159119962 -1 0 0
549.0098994510131 181.55231777501572 -1 0 0
552.0788305199442 283.8500200727181 -1 0 0
558.2166926578063 249.06880129149934 -1 0 0
534.6882211293348 249.06880129149934 -1 0 0
575.6073020484157 256.22964045233846 -1 0 0
603.2276816687953 274.64322686592493 -1 0 0
601.1817276228412 244.97689319959125 -1 0 0
609.3655438066575 224.5173527400508 -1 0 0
597.0898195309331 203.0348352575333 -1 0 0
578.6762331173468 214.28758251028054 -1 0 0
563.3315777726914 192.80506502776308 -1 0 0
635.9629464040601 253.1607093834074 -1 0 0
646.1927166338303 225.54032976302778 -1 0 0
623.6872221283357 203.0348352575333 -1 0 0
669.7211881623017 216.33353655623458 -1 0 0
685.0658435069571 227.58628380898182 -1 0 0
694.2726367137502 217.3565135792116 -1 0 0
692.2266826677962 198.94292716562518 -1 0 0
846.1811477831001 219.97476246319474 -1 0 0
864.3310697891659 218.27320727512608 -1 0 0
888.9090891723803 204.09358070788707 -1 0 0
881.5356833574159 206.92950602133487 -1 0 0
893.4465696738966 191.2373859535904 -1 0 0
878.6997580439682 185.37647363913163 -1 0 0
868.8685502906825 182.729610013247 -1 0 0
880.5903749196 174.03277238534045 -1 0 0
889.4762742350698 174.03277238534045 -1 0 0
852.4201834726854 178.9483762619833 -1 0 0
840.1311737810781 176.67963601122503 -1 0 0
845.6139627204105 174.22183407290362 -1 0 0
844.8577159701579 187.64521388988985 -1 0 0
838.051495217883 203.33733395763434 -1 0 0
903.6559008023088 194.64049632972774 -1 0 0
906.6808878033198 181.59523988786788 -1 0 0
913.4871085555944 174.97808082315638 -1 0 0
919.3480208700532 169.49529188382397 -1 0 0
927.099550060144 169.49529188382397 -1 0 0
937.1198195009928 172.14215550970857 -1 0 0
925.9651799347648 177.62494444904098 -1 0 0
919.9152059327428 194.0733112670382 -1 0 0
914.0542936182841 184.43116520131568 -1 0 0
913.1089851804682 239.8262396573293 -1 0 0
928.2339201855231 257.78709997583206 -1 0 0
920.8605143705587 274.42452848139243 -1 0 0
951.2994460682319 271.96672654307105 -1 0 0
934.2838941875449 223.5669345268953 -1 0 0
934.8510792502345 213.92478846117277 -1 0 0
939.9557448144407 209.5763696472195 -1 0 0
939.1994980641878 200.8795320193129 -1 0 0
906.869949490883 213.92478846117277 -1 0 0
908.004319616262 203.33733395763434 -1 0 0
946.1947805040257 171.00778538432945 -1 0 0
950.1650759428527 169.49529188382397 -1 0 0
965.1009492603444 169.49529188382397 -1 0 0
970.5837381996769 172.14215550970857 -1 0 0
960.3744070712647 179.70462301223603 -1 0 0
965.668134323034 176.86869769878825 -1 0 0
952.0556928184844 188.96864570283216 -1 0 0
944.6822870035203 182.729610013247 -1 0 0
945.0604103786466 177.43588276147779 -1 0 0
934.8510792502345 188.2123989525794 -1 0 0
949.9760142552894 201.25765539443933 -1 0 0
963.3993940722756 196.5311132053596 -1 0 0
972.6634167628719 198.61079176855466 -1 0 0
974.1759102633773 205.41701252082936 -1 0 0
973.9868485758142 213.92478846117277 -1 0 0
973.797786888251 223.94505790202163 -1 0 0
972.8524784504351 237.1793760314447 -1 0 0
939.5776214393143 217.89508389999972 -1 0 0
951.6775694433582 271.58860316794465 -1 0 0
991.3805238316273 262.7027038524749 -1 0 0
1013.6898029640834 261.56833372709576 -1 0 0
1001.5898549600394 249.657447410615 -1 0 0
999.6992380844075 241.14967147027164 -1 0 0
1016.7147899650943 234.5325124055601 -1 0 0
1009.9085692128197 225.26848971496398 -1 0 0
1017.6600984029102 219.0294540253788 -1 0 0
1009.5304458376932 216.3825903994942 -1 0 0
1017.471036715347 211.27792483528816 -1 0 0
1005.9382737739926 202.2029638322552 -1 0 0
1013.1226179013938 200.50140864418654 -1 0 0
1017.2819750277838 194.64049632972774 -1 0 0
1003.6695335232343 208.63106120940353 -1 0 0
1000.0773614595339 212.03417158554092 -1 0 0
994.2164491450751 216.3825903994942 -1 0 0
988.7336602057427 223.94505790202163 -1 0 0
985.5196115171685 197.47642164317557 -1 0 0
985.8977348922948 190.67020089090084 -1 0 0
990.6242770813747 202.77014889494478 -1 0 0
994.0273874575118 188.77958401526897 -1 0 0
983.4399329539734 183.48585676349975 -1 0 0
986.6539816425476 178.9483762619833 -1 0 0
977.2008972643883 172.70934057239813 -1 0 0
991.1914621440642 172.89840225996133 -1 0 0
988.5445985181794 176.1124509485355 -1 0 0
992.3258322694431 179.70462301223603 -1 0 0
1006.6945205242455 175.54526588584594 -1 0 0
1000.2664231470972 180.2718080749256 -1 0 0
992.8930173321328 169.68435357138713 -1 0 0
998.3758062714652 170.06247694651353 -1 0 0
1013.8788646516464 172.14215550970857 -1 0 0
1017.0929133402205 170.2515386340767 -1 0 0
1022.5757022795531 172.70934057239813 -1 0 0
1022.0085172168634 177.43588276147779 -1 0 0
1020.6850854039212 181.4061782003047 -1 0 0
1019.7397769661052 185.37647363913163 -1 0 0
1013.1226179013938 186.69990545207392 -1 0 0
1011.9882477760146 180.08274638736242 -1 0 0
1003.1023484605448 231.8856487796755 -1 0 0
1018.416345153163 173.0874639475245 -1 0 0
898.3621735505395 171.38590875945582 -1 0 0
858.4701574747072 169.49529188382397 -1 0 0
859.0373425373967 198.98891514368103 -1 0 0
886.0731638589325 227.348168278159 -1 0 0
1023.1428873422426 198.61079176855466 -1 0 0
849.6736792276798 106.39723110344556 -1 0 0
833.4859109519995 104.68034658935825 -1 0 0
837.4102184127705 103.94453894046369 -1 0 0
825.6372960304576 102.96346207527093 -1 0 0
818.7697579741083 101.24657756118363 -1 0 0
817.5434118926174 103.94453894046369 -1 0 0
811.6569507014609 104.18980815676187 -1 0 0
805.5252202940062 102.96346207527093 -1 0 0
792.7712210465005 100.0202314796927 -1 0 0
785.4131445575548 107.6235771849365 -1 0 0
793.7522979116931 118.66069191835493 -1 0 0
796.9407977235696 124.05661467691505 -1 0 0
801.8461820495335 117.92488426946038 -1 0 0
798.1671438050605 117.6796150531622 -1 0 0
794.7333747768859 110.81207699681293 -1 0 0
789.8279904509222 137.05588314071898 -1 0 0
803.5630665636207 126.50930683989694 -1 0 0
805.5252202940062 116.20799975537304 -1 0 0
806.9968355917954 112.52896151090023 -1 0 0
817.5434118926174 116.69853818796943 -1 0 0
801.8461820495335 130.43361430066793 -1 0 0
798.6576822376569 141.71599825038453 -1 0 0
789.8279904509222 148.82880552303197 -1 0 0
783.4509908271693 151.7720361186102 -1 0 0
786.1489522064493 158.63957417495948 -1 0 0
799.8840283191479 154.7152667141885 -1 0 0
795.959720858377 148.33826709043558 -1 0 0
803.8083357799188 164.52603536611596 -1 0 0
801.6009128332352 176.29895774842893 -1 0 0
807.2421048080935 188.8076877796365 -1 0 0
787.6205675042385 192.73199524040749 -1 0 0
780.9982986641875 178.01584226251626 -1 0 0
821.4677193533885 182.67595737218184 -1 0 0
819.2602964067047 167.22399674539602 -1 0 0
810.6758738362681 164.52603536611596 -1 0 0
819.9961040555993 155.20580514678485 -1 0 0
815.5812581622318 159.8659202564504 -1 0 0
813.8643736481445 150.0551516045229 -1 0 0
812.1474891340572 139.75384451999903 -1 0 0
836.4291415475777 121.1133840813368 -1 0 0
825.1467575978612 122.09446094652957 -1 0 0
839.1271029268579 128.9619990028788 -1 0 0
834.7122570334905 130.43361430066793 -1 0 0
833.4859109519995 123.56607624431868 -1 0 0
826.3731036793521 140.98019060149 -1 0 0
823.9204115163702 150.54569003711927 -1 0 0
847.9567947135926 146.62138257634828 -1 0 0
847.9567947135926 140.4896521688936 -1 0 0
849.9189484439781 134.6031909777371 -1 0 0
840.1081797920505 143.67815198077002 -1 0 0
844.5230256854179 129.94307586807156 -1 0 0
853.8432559047492 111.05734621311112 -1 0 0
850.9000253091708 110.81207699681293 -1 0 0
856.7864865003274 107.3783079686383 -1 0 0
858.5033710144146 109.34046169902382 -1 0 0
859.4844478796074 105.661423454551 -1 0 0
879.3512543997605 109.34046169902382 -1 0 0
885.7282540235134 113.26476915979481 -1 0 0
892.8410612961609 116.69853818796943 -1 0 0
911.236252518525 126.26403762359874 -1 0 0
926.4429439290126 120.62284564874042 -1 0 0
918.3490597911724 115.47219210647849 -1 0 0
911.9720601674195 115.2269228901803 -1 0 0
901.9160222991937 116.69853818796943 -1 0 0
898.236984054721 132.39576803105342 -1 0 0
891.8599844309681 135.82953705922804 -1 0 0
888.6714846190918 129.69780665177336 -1 0 0
889.4072922679862 140.98019060149 -1 0 0
883.5208310768298 144.4139596296646 -1 0 0
872.7289855597095 131.4146911658607 -1 0 0
874.9364085063933 125.52822997470417 -1 0 0
882.2944849953387 131.4146911658607 -1 0 0
882.539754211637 128.9619990028788 -1 0 0
857.2770249329238 131.4146911658607 -1 0 0
861.2013323936947 130.43361430066793 -1 0 0
858.2581017981164 120.37757643244224 -1 0 0
868.314139666342 119.3964995672495 -1 0 0
865.8614475033603 121.358653297635 -1 0 0
874.691139290095 120.62284564874042 -1 0 0
864.8803706381676 148.82880552303197 -1 0 0
857.0317557166255 147.35719022524285 -1 0 0
875.4269469389897 150.79095925341747 -1 0 0
887.935676970197 146.62138257634828 -1 0 0
871.7479086945167 164.52603536611596 -1 0 0
869.7857549641312 172.86518872025434 -1 0 0
857.5222941492219 162.56388163573047 -1 0 0
861.691870826291 159.13011260755584 -1 0 0
865.1256398544657 155.9416127956794 -1 0 0
839.6176413594543 157.16795887717032 -1 0 0
845.749371766909 165.01657379871233 -1 0 0
831.2784880053158 162.56388163573047 -1 0 0
834.9575262497887 187.3360724818474 -1 0 0
824.6562191652648 192.73199524040749 -1 0 0
826.8636421119485 183.16649580477818 -1 0 0
899.7085993525102 151.7720361186102 -1 0 0
900.9349454340011 144.4139596296646 -1 0 0
908.2930219229467 143.18761354817366 -1 0 0
912.9531370326122 142.69707511557726 -1 0 0
905.1045221110702 147.8477286578392 -1 0 0
900.9349454340011 135.09372941033348 -1 0 0
894.8032150265464 163.7902277172214 -1 0 0
910.5004448696303 166.2429198802033 -1 0 0
913.6889446815067 157.65849730976672 -1 0 0
922.5186364682415 155.451074363083 -1 0 0
943.3665198535874 141.71599825038453 -1 0 0
936.7442510135363 131.4146911658607 -1 0 0
952.9320192892167 124.54715310951141 -1 0 0
963.9691340226351 132.39576803105342 -1 0 0
953.6678269381114 134.6031909777371 -1 0 0
953.6678269381114 130.67888351696612 -1 0 0
948.2719041795511 131.90522959845705 -1 0 0
950.2340579099367 129.69780665177336 -1 0 0
971.8177489441772 134.11265254514072 -1 0 0
978.4400177842282 131.65996038215889 -1 0 0
985.5528250568757 134.84846019403528 -1 0 0
989.967670950243 135.82953705922804 -1 0 0
1007.1365160911162 138.5274984385081 -1 0 0
1009.0986698215016 142.69707511557726 -1 0 0
1012.5324388496763 141.47072903408636 -1 0 0
1015.9662078778509 143.18761354817366 -1 0 0
1012.7777080659745 144.4139596296646 -1 0 0
1018.664169257131 146.13084414375191 -1 0 0
1022.3432075016037 157.16795887717032 -1 0 0
1022.3432075016037 163.7902277172214 -1 0 0
1007.3817853074145 152.99838220010116 -1 0 0
1003.4574778466434 160.35645868904675 -1 0 0
991.6845554643303 147.8477286578392 -1 0 0
985.7980942731739 148.33826709043558 -1 0 0
989.967670950243 152.26257455120657 -1 0 0
994.6277860599085 156.43215122827576 -1 0 0
983.345402110192 162.07334320313407 -1 0 0
973.2893642419664 167.46926596169422 -1 0 0
977.9494793516319 165.01657379871233 -1 0 0
981.1379791635082 157.41322809346852 -1 0 0
981.1379791635082 152.50784376750477 -1 0 0
977.7042101353337 148.82880552303197 -1 0 0
966.1765569693189 144.90449806226098 -1 0 0
961.7617110759516 144.90449806226098 -1 0 0
959.0637496966715 148.33826709043558 -1 0 0
966.1765569693189 150.0551516045229 -1 0 0
975.7420564049482 155.6963435793812 -1 0 0
972.0630181604753 153.48892063269753 -1 0 0
958.3279420477769 159.13011260755584 -1 0 0
944.5928659350784 159.13011260755584 -1 0 0
942.6307122046929 138.77276765480627 -1 0 0
944.8381351513765 149.56461317192654 -1 0 0
949.4982502610422 150.0551516045229 -1 0 0
939.9327508254129 153.48892063269753 -1 0 0
937.2347894461327 148.33826709043558 -1 0 0
940.178020041711 146.62138257634828 -1 0 0
944.102327502482 147.35719022524285 -1 0 0
931.1030590386781 148.33826709043558 -1 0 0
924.480790198627 152.0173053349084 -1 0 0
921.5375596030487 144.90449806226098 -1 0 0
908.2930219229467 151.28149768601386 -1 0 0
908.783560355543 147.11192100894465 -1 0 0
913.4436754652086 151.28149768601386 -1 0 0
918.5943290074705 152.99838220010116 -1 0 0
928.1598284430999 150.54569003711927 -1 0 0
951.9509424240239 142.69707511557726 -1 0 0
935.2726357157472 139.75384451999903 -1 0 0
925.2165978475215 143.18761354817366 -1 0 0
840.1081797920505 117.6796150531622 -1 0 0
849.6736792276798 128.9619990028788 -1 0 0
853.3527174721528 114.24584602498756 -1 0 0
854.8243327699419 118.66069191835493 -1 0 0
719.6053699146154 200.49987571158474 -1 0 0
739.1655899143958 191.56287864271948 -1 0 0
747.428096638441 206.40166622875984 -1 0 0
759.9061680176112 198.98227243573967 -1 0 0
776.0939362932917 198.64502726332967 -1 0 0
764.7962230175565 187.17869140138941 -1 0 0
769.5176554312965 169.979187608479 -1 0 0
762.7727519830963 177.06133622908916 -1 0 0
756.3650937073063 173.5202619187841 -1 0 0
739.5028350868058 179.42205243595924 -1 0 0
705.6096952596 180.09654278077923 -1 0 0
692.1198883631997 184.14348484969935 -1 0 0
695.4923400872998 175.03786519462912 -1 0 0
716.0642956043102 167.11260364299395 -1 0 0
693.4688690528398 166.43811329817393 -1 0 0
695.8295852597098 149.57585467767353 -1 0 0
697.0099433631449 141.81921571224333 -1 0 0
700.5510176734499 146.20340295357346 -1 0 0
708.3076566388801 142.83095122947338 -1 0 0
715.7270504319002 155.30902260864366 -1 0 0
715.3898052594902 144.68579967772843 -1 0 0
719.6053699146154 139.7957446777833 -1 0 0
730.9030831903506 141.14472536742335 -1 0 0
743.0439093971108 137.09778329850326 -1 0 0
740.0087028454209 151.7679482983386 -1 0 0
734.6127800868607 160.03045502238376 -1 0 0
759.7375454314063 161.37943571202382 -1 0 0
770.1921457761165 152.4424386431586 -1 0 0
780.8153687070317 142.83095122947338 -1 0 0
771.8783716381666 139.2898769191683 -1 0 0
780.9839912932367 132.03910571235312 -1 0 0
775.7566911208817 145.86615778116345 -1 0 0
769.0117876726815 145.19166743634344 -1 0 0
832.245257499558 154.12866450520863 -1 0 0
789.4151206034869 216.5190214010601 -1 0 0
804.9283985343473 212.47207933214 -1 0 0
816.5633569824926 224.61290553890026 -1 0 0
711.1742406043652 134.73706709163318 -1 0 0
856.8641550854885 199.3195176081497 -1 0 0
729.8371840545215 128.67585158386427 -1 0 0
742.6136663135212 129.35545170402384 -1 0 0
749.2737474910849 127.8603314396728 -1 0 0
758.3803891012232 145.12217449172567 -1 0 0
759.0599892213826 158.85009691894882 -1 0 0
760.5551094857337 153.0055358855766 -1 0 0
688.1097366767244 150.28713540493834 -1 0 0
689.3330168930116 135.7436928335237 -1 0 0
689.8766969891393 125.5496910311303 -1 0 0
690.1485370372031 119.16144990163042 -1 0 0
697.6241383589584 123.64681069468352 -1 0 0
702.2454191760432 118.88960985356658 -1 0 0
706.4589399210327 123.91865074274735 -1 0 0
712.4394209784367 125.5496910311303 -1 0 0
712.4394209784367 128.9476916319281 -1 0 0
721.0023824924473 121.33617028614101 -1 0 0
717.4684618676175 116.44304942099217 -1 0 0
724.2644630692131 126.09337112725794 -1 0 0
720.0509423242238 131.66609211256633 -1 0 0
724.9440631893726 134.38449259320458 -1 0 0
735.0021449677341 120.79249019001337 -1 0 0
738.1283055204682 125.5496910311303 -1 0 0
758.9240691973507 128.13217148773663 -1 0 0
759.8755093655741 131.66609211256633 -1 0 0
750.0892676352764 131.80201213659825 -1 0 0
770.6131912640952 131.53017208853444 -1 0 0
774.9626320331164 132.4816122567578 -1 0 0
771.9723915044143 127.18073131951324 -1 0 0
765.7200703989464 127.04481129548132 -1 0 0
774.6907919850527 123.3749706466197 -1 0 0
768.3025508555527 121.06433023807719 -1 0 0
774.011191864893 115.62752927680069 -1 0 0
769.1180709997442 111.14216848374758 -1 0 0
760.5551094857337 110.1907283155242 -1 0 0
759.6036693175104 116.03528934889643 -1 0 0
755.6619886205848 106.9286477387583 -1 0 0
763.0016699183082 108.83152807520507 -1 0 0
732.147824463064 97.41424605652445 -1 0 0
698.1678184550859 108.28784797907743 -1 0 0
709.0414203776389 108.69560805117317 -1 0 0
712.7112610265006 109.23928814730081 -1 0 0
719.3713422040643 112.22952867600289 -1 0 0
725.3518232614684 112.63728874809863 -1 0 0
721.9538226606705 116.44304942099217 -1 0 0
713.7986212187558 113.58872891632201 -1 0 0
717.7403019156814 104.48208730618389 -1 0 0
720.7305424443833 101.76368682554563 -1 0 0
712.8471810505325 99.0452863449074 -1 0 0
697.2163782868626 97.00648598442869 -1 0 0
690.1485370372031 102.98696704183286 -1 0 0
690.9640571813945 112.09360865197097 -1 0 0
742.0699862173936 105.16168742634345 -1 0 0
737.0409453282128 108.83152807520507 -1 0 0
734.0507047995109 111.82176860390715 -1 0 0
726.3032634296917 97.82200612862016 -1 0 0
722.9052628288939 99.31712639297122 -1 0 0
717.3325418435855 126.7729712474175 -1 0 0
753.6231882601061 133.56897244901313 -1 0 0
753.3513482120424 117.12264954115173 -1 0 0
749.4096675151168 114.5401690845454 -1 0 0
747.5067871786702 120.1128900698538 -1 0 0
626.6033709146143 173.64749532473894 -1 0 0
613.9290841624055 172.67255018995363 -1 0 0
598.9799254290309 166.98537023703943 -1 0 0
605.3170688051354 158.21086402397177 -1 0 0
607.591940786301 151.22375722467717 -1 0 0
612.9541390276202 143.42419614639482 -1 0 0
617.1789012783564 139.03694303986097 -1 0 0
624.8159715008412 136.7620710586953 -1 0 0
578.5060775985397 143.26170529059726 -1 0 0
580.4559678681103 154.14859262903303 -1 0 0
586.4681295326196 167.96031537182472 -1 0 0
578.0186050311471 171.8600959109659 -1 0 0
592.8052729087241 178.52222099866543 -1 0 0
587.443074667405 141.63679673262178 -1 0 0
635.5403679834794 143.26170529059726 -1 0 0
646.2647644661178 149.7613395224992 -1 0 0
626.4408800588167 153.17364749424775 -1 0 0
644.1523833407496 168.44778793921736 -1 0 0
652.1144352748295 156.42346461019872 -1 0 0
664.7887220270384 137.0870527702904 -1 0 0
663.0013226132653 147.64895839713108 -1 0 0
652.1144352748295 143.91166871378746 -1 0 0
654.7142889675903 135.94961677970755 -1 0 0
677.3005179234495 155.77350118700855 -1 0 0
672.100810537928 189.24661748130367 -1 0 0
657.9641060835413 196.3962151363958 -1 0 0
648.2146547356883 181.93452897041394 -1 0 0
168.53040691557635 125.36011836603315 -1 0 0
158.73496758966752 131.4550583910431 -1 0 0
155.25214471823324 131.89041124997237 -1 0 0
154.16376257091005 127.53688266067957 -1 0 0
145.0213525333951 126.88385337228564 -1 0 0
168.31273048611172 132.9787933972956 -1 0 0
161.56476117270785 128.62526480800275 -1 0 0
170.05414192182883 131.23738196157845 -1 0 0
173.5369647932631 128.18991194907346 -1 0 0
177.45514052362665 122.31264835352815 -1 0 0
180.06725767720235 116.00003189905357 -1 0 0
183.76775697810126 117.52376690530606 -1 0 0
168.53040691557635 119.26517834102319 -1 0 0
166.7889954798592 139.9444391401641 -1 0 0
166.57131905039458 174.99034428397135 -1 0 0
164.17687832628354 176.07872643129457 -1 0 0
212.9363985263632 184.78578360988024 -1 0 0
206.6237820718886 200.0231336724051 -1 0 0
206.40610564242394 164.97722852859786 -1 0 0
203.5763120593836 173.2489328482542 -1 0 0
204.01166491831287 177.16710857861779 -1 0 0
219.68436783976705 176.29640286075923 -1 0 0
230.5681893129991 177.16710857861779 -1 0 0
239.2752464915848 172.16055070093103 -1 0 0
241.66968721569583 166.50096353485034 -1 0 0
238.8398936326555 135.80858698033592 -1 0 0
229.9151600246052 132.76111696783093 -1 0 0
232.30960074871624 128.18991194907346 -1 0 0
233.18030646657482 122.31264835352815 -1 0 0
226.65001358263558 119.04750191155854 -1 0 0
223.82021999959525 117.52376690530606 -1 0 0
230.3505128835345 112.5172090276193 -1 0 0
240.14595220944332 117.08841404637678 -1 0 0
213.5894278147571 119.04750191155854 -1 0 0
215.98386853886814 115.56467904012429 -1 0 0
217.50760354512065 124.27173621870993 -1 0 0
216.6368978272621 134.28485197408344 -1 0 0
200.74651847634328 138.8560569928409 -1 0 0
207.49448778974715 144.0802912999923 -1 0 0
201.18187133527255 144.29796772945696 -1 0 0
207.92984064867645 150.3929077544669 -1 0 0
204.01166491831287 155.181789202689 -1 0 0
185.2914919843537 135.80858698033592 -1 0 0
188.55663842632336 124.05405978924529 -1 0 0
199.4404598995554 121.22426620620496 -1 0 0
195.73996059865652 122.09497192406353 -1 0 0
257.1247137076854 195.01657579471836 -1 0 0
243.19342222194834 182.39134288576915 -1 0 0
254.29492012464505 174.99034428397135 -1 0 0
263.00197730323066 170.41913926521391 -1 0 0
251.90047940053395 154.96411277322437 -1 0 0
258.64844871393785 148.43381988928513 -1 0 0
250.81209725321077 138.42070413391164 -1 0 0
248.6353329585644 129.71364695532597 -1 0 0
259.51915443179644 126.88385337228564 -1 0 0
263.21965373269535 128.8429412374674 -1 0 0
265.1787415978771 132.10808767943703 -1 0 0
265.1787415978771 124.27173621870993 -1 0 0
265.831770886271 112.95256188654858 -1 0 0
270.1852994755638 116.00003189905357 -1 0 0
271.4913580523517 110.55812116243754 -1 0 0
275.1918573532506 113.17023831601323 -1 0 0
258.21309585500853 114.47629689280107 -1 0 0
241.88736364516046 112.95256188654858 -1 0 0
235.79242362015052 114.69397332226572 -1 0 0
222.9495142817367 126.666176942821 -1 0 0
261.04288943804886 163.23581709288072 -1 0 0
268.6615644693114 161.27672922769898 -1 0 0
263.21965373269535 154.96411277322437 -1 0 0
273.88579877646276 141.9035270053459 -1 0 0
278.89235665414947 136.02626340980058 -1 0 0
272.7974166291395 132.10808767943703 -1 0 0
279.5453859425434 129.9313233847906 -1 0 0
276.7155923595031 125.36011836603315 -1 0 0
271.273681622887 122.31264835352815 -1 0 0
279.32770951307873 118.39447262316462 -1 0 0
281.7221502371898 113.6055911749425 -1 0 0
286.5110316854119 112.95256188654858 -1 0 0
285.64032596755334 117.52376690530606 -1 0 0
287.1640609738059 123.18335407138672 -1 0 0
285.4226495380887 129.06061766693205 -1 0 0
281.7221502371898 144.0802912999923 -1 0 0
279.32770951307873 156.48784777947685 -1 0 0
271.70903448181633 208.51251442152613 -1 0 0
277.8039745068263 197.4110165188294 -1 0 0
280.1984152309373 190.4453707759609 -1 0 0
282.15750309611917 170.63681569467855 -1 0 0
274.53882806485666 172.59590355986032 -1 0 0
239.05757006212013 213.0837194402836 -1 0 0
205.75307635403001 212.6483665813543 -1 0 0
296.30647101132075 126.666176942821 -1 0 0
299.78929388275503 132.76111696783093 -1 0 0
299.78929388275503 141.4681741464166 -1 0 0
290.2115309863108 142.55655629373982 -1 0 0
291.29991313363405 151.0459370428608 -1 0 0
303.2721167541893 147.99846703035587 -1 0 0
292.38829528095727 119.04750191155854 -1 0 0
302.83676389526 123.83638335978065 -1 0 0
310.0200860675932 126.88385337228564 -1 0 0
319.38017253457275 115.34700261065964 -1 0 0
310.89079178545177 114.47629689280107 -1 0 0
309.1493803497346 116.6530611874475 -1 0 0
333.9644933087037 115.56467904012429 -1 0 0
346.58972621765287 117.7414433347707 -1 0 0
357.0381948319557 115.56467904012429 -1 0 0
337.8826690390673 124.70708907763921 -1 0 0
332.8761111613805 137.33232198658843 -1 0 0
328.95793543101695 128.18991194907346 -1 0 0
324.60440684172414 124.48941264817458 -1 0 0
312.8498796506335 145.82170273570944 -1 0 0
284.33426739076555 141.0328212874873 -1 0 0
263.43733016216 136.02626340980058 -1 0 0
266.7024766041296 141.0328212874873 -1 0 0
319.1624961051081 145.82170273570944 -1 0 0
326.5634947069059 149.52220203660835 -1 0 0
333.7468168792391 147.99846703035587 -1 0 0
340.27710976317826 134.28485197408344 -1 0 0
320.2508782524313 131.67273482050774 -1 0 0
323.9513775533302 133.19646982676022 -1 0 0
327.21652399529984 121.65961906513425 -1 0 0
350.50790194801647 141.0328212874873 -1 0 0
355.7321362551678 137.33232198658843 -1 0 0
353.3376955310568 129.27829409639668 -1 0 0
349.2018433712286 130.14899981425526 -1 0 0
356.1674891140971 146.69240845356802 -1 0 0
339.1887276158551 156.48784777947685 -1 0 0
348.1134612239054 152.78734847857794 -1 0 0
333.7468168792391 164.1065228107393 -1 0 0
323.29834826493635 179.34387287326422 -1 0 0
293.0413245693511 162.80046423395146 -1 0 0
298.9185881648965 160.4060235098404 -1 0 0
299.3539410238257 176.7317557196885 -1 0 0
290.4292074157755 173.0312564187896 -1 0 0
310.89079178545177 174.1196385661128 -1 0 0
253.42421440678646 118.17679619369997 -1 0 0
249.50603867642295 119.70053119995247 -1 0 0
244.93483365766545 122.96567764192208 -1 0 0
233.18030646657482 118.17679619369997 -1 0 0
299.78929388275503 136.6792926981945 -1 0 0
333.7468168792391 158.01158278572936 -1 0 0
252.1181558299986 183.697401462557 -1 0 0
179.84958124773772 125.79547122496243 -1 0 0
388.6232491382888 124.29217532006811 -1 0 0
384.0632856252783 111.40532191373418 -1 0 0
390.4075826868581 107.83665481659555 -1 0 0
391.7953976690787 111.60358119690854 -1 0 0
389.4162862709863 115.56876686039591 -1 0 0
376.72769214782676 119.73221180705764 -1 0 0
377.7189885636986 114.18095187817534 -1 0 0
371.77121006846744 108.0349140997699 -1 0 0
362.0565051929234 109.22446979881612 -1 0 0
368.2025429713289 104.66450628580564 -1 0 0
370.38339508624694 119.73221180705764 -1 0 0
347.9800960875433 110.01750693151361 -1 0 0
339.05842834469667 107.83665481659555 -1 0 0
331.72283486724507 110.01750693151361 -1 0 0
337.075835512953 106.8453584007237 -1 0 0
338.661909778348 104.06972843628255 -1 0 0
361.8582459097491 131.231250231171 -1 0 0
365.2286537237133 138.1703251422739 -1 0 0
365.8234315732364 129.4469166826017 -1 0 0
362.2547644760978 116.56006327626775 -1 0 0
354.32439314912307 121.91306392197569 -1 0 0
366.6164687059339 101.29409847184138 -1 0 0
398.1396947306585 119.3356932407089 -1 0 0
399.72576899605343 110.81054406421107 -1 0 0
408.4491774557256 121.51654535562697 -1 0 0
412.01784455286423 128.65387954990422 -1 0 0
412.8108816855617 181.9856267238093 -1 0 0
436.60199566648595 153.2380306635259 -1 0 0
414.1986966677823 158.7892905924082 -1 0 0
422.72384584428016 156.60843847749015 -1 0 0
390.4075826868581 171.2796254323934 -1 0 0
387.03717487289384 186.3473309536454 -1 0 0
329.3437234691527 187.33862736951724 -1 0 0
417.96562304809527 108.23317338294427 -1 0 0
433.429847135696 106.64709911754935 -1 0 0
450.2818862055173 112.19835904643166 -1 0 0
424.1116608265007 114.57747044452408 -1 0 0
420.93951229571076 126.67128671816053 -1 0 0
416.97432663222344 133.2138430629147 -1 0 0
416.5778080658747 118.93917467436017 -1 0 0
393.579731217648 103.67320986993381 -1 0 0
398.3379540138328 103.07843202041072 -1 0 0
394.76928691669417 100.50106133914392 -1 0 0
437.79155136553214 123.8956567537194 -1 0 0
429.06814290585993 119.93047109023202 -1 0 0
424.3099201096751 128.05910170038112 -1 0 0
427.68032792363937 144.71288148702806 -1 0 0
435.8089585337884 129.8434352489504 -1 0 0
439.57588491410144 133.61036162926342 -1 0 0
436.9985142328346 139.35988084132012 -1 0 0
421.73254942840833 140.74769582354068 -1 0 0
456.4279239839227 134.4033987619609 -1 0 0
461.58266534645634 144.91114077020242 -1 0 0
469.7112959566055 154.62584564574647 -1 0 0
486.3650757432524 162.35795768954685 -1 0 0
493.1058913711809 154.0310677962234 -1 0 0
505.79448549434045 155.61714206161832 -1 0 0
511.94052327274585 145.50591861972555 -1 0 0
508.3718561756072 164.73706908763927 -1 0 0
518.8795981838488 142.92854793845873 -1 0 0
494.09718778705275 110.21576621468796 -1 0 0
507.18230047656107 100.89757990549266 -1 0 0
512.3370418390946 105.85406198485185 -1 0 0
516.1039682194076 103.27669130358508 -1 0 0
519.4743760333719 104.46624700263128 -1 0 0
489.3389649908679 107.83665481659555 -1 0 0
476.6503708677084 108.23317338294427 -1 0 0
479.2277415489752 115.76702614357029 -1 0 0
476.8486301508827 121.3182860724526 -1 0 0
470.1078145229542 124.49043460324249 -1 0 0
468.91825882390793 134.00688019561218 -1 0 0
461.979183912805 130.0416945321248 -1 0 0
459.20355394836395 122.11132320515007 -1 0 0
458.4105168156665 103.67320986993381 -1 0 0
445.3254041261581 108.62969194929302 -1 0 0
499.05366986641195 106.05232126802623 -1 0 0
513.5265975381408 99.50976492327209 -1 0 0
497.8641141673657 100.30280205596955 -1 0 0
487.1581128759499 114.57747044452408 -1 0 0
481.8051122302419 108.0349140997699 -1 0 0
326.9646120710603 100.89757990549266 -1 0 0
322.80116712439855 105.25928413532877 -1 0 0
385.2528413243246 105.06102485215439 -1 0 0
38.967454383592816 148.56565209304532 -1 0 0
94.99154218390443 135.37629998661032 -1 0 0
68.28172452903185 139.57040358530932 -1 0 0
645.0854283177506 124.74336848255003 -1 0 0
638.1719022833454 125.58648141357503 -1 0 0
633.7877150420154 132.5000074479802 -1 0 0
629.0662826282752 133.5117429652102 -1 0 0
616.5882112491049 128.11582020665008 -1 0 0
621.81551142146 123.90025555152499 -1 0 0
626.0310760765852 119.8533134826049 -1 0 0
628.3917922834552 126.26097175839504 -1 0 0
665.826006420966 171.6204474475411 -1 0 0
670.0415710760911 184.60438658532638 -1 0 0
679.4844359035714 173.98116365441115 -1 0 0
664.982893489941 126.59821693080507 -1 0 0
650.8185962487207 127.44132986183007 -1 0 0
631.0897536627352 104.50865813794957 -1 0 0
623.6703598697151 102.65380968969451 -1 0 0
638.6777700419605 104.67728072415456 -1 0 0
615.9137209042849 100.29309348282447 -1 0 0
620.12928555941 98.4382450345694 -1 0 0
632.2701117661703 98.4382450345694 -1 0 0
644.5795605591356 104.34003555174456 -1 0 0
652.3361995245658 101.64207417246449 -1 0 0
648.9637478004657 100.46171606902948 -1 0 0
653.3479350417958 98.60686762077441 -1 0 0
672.7395324553712 103.83416779312954 -1 0 0
667.1749871106061 102.31656451728452 -1 0 0
662.622177283071 111.59080675855974 -1 0 0
663.8025353865061 108.55560020686964 -1 0 0
667.1749871106061 106.8693743448196 -1 0 0
662.959422455481 104.34003555174456 -1 0 0
678.3040778001364 99.95584831041445 -1 0 0
681.8451521104414 98.4382450345694 -1 0 0
679.6530584897764 117.32397468952986 -1 0 0
681.1706617656214 114.12014555163478 -1 0 0
678.6413229725464 109.06146796548465 -1 0 0
677.2923422829062 123.39438779290998 -1 0 0
673.9198905588062 119.1788231377849 -1 0 0
672.7395324553712 113.27703262060977 -1 0 0
671.8964195243462 126.42959434460008 -1 0 0
759.9174095233582 98.4382450345694 -1 0 0
751.317657626903 99.95584831041445 -1 0 0
558.6540894268713 152.14402776332923 -1 0 0
551.8580882252757 173.69706014553245 -1 0 0
558.6540894268713 173.11454575682424 -1 0 0
574.1878064590899 156.8041428729948 -1 0 0
544.4795726349719 157.19248579880022 -1 0 0
539.2369431365981 163.6001440745904 -1 0 0
551.0814023736648 145.3480265617336 -1 0 0
546.8096301898047 135.63945341659704 -1 0 0
539.6252860624036 136.99865365691616 -1 0 0
540.0136289882091 127.67842343758502 -1 0 0
554.3823172430112 126.90173758597412 -1 0 0
547.0038016527075 122.629965402114 -1 0 0
540.9844863027228 121.46493662469761 -1 0 0
545.6446014123883 116.4164785892266 -1 0 0
536.1301997301545 116.4164785892266 -1 0 0
533.4117992495162 120.1057363843785 -1 0 0
565.8384335542723 136.41613926820796 -1 0 0
586.420608621962 131.1735097698342 -1 0 0
603.3135258944995 132.92105293595878 -1 0 0
606.8086122267487 126.31922319726593 -1 0 0
596.1291817670985 123.98916564243312 -1 0 0
583.8963796042265 121.65910808760034 -1 0 0
571.857748904257 124.57168003114133 -1 0 0
566.2267764800779 122.0474510134058 -1 0 0
562.1491757591205 99.13521839088348 -1 0 0
587.5856373993784 97.3876752247589 -1 0 0
591.6632381203357 98.16436107636983 -1 0 0
549.3338592075402 104.96036227796542 -1 0 0
553.2172884655948 100.88276155700807 -1 0 0
544.4795726349719 100.88276155700807 -1 0 0
548.3630018930265 108.64962007311732 -1 0 0
540.9844863027228 106.51373398118729 -1 0 0
605.8377549122351 97.3876752247589 -1 0 0
599.4300966364449 97.3876752247589 -1 0 0
602.7310115057913 101.46527594571626 -1 0 0
605.8377549122351 104.57201935215997 -1 0 0
602.1484971170831 108.26127714731187 -1 0 0
613.0220990396361 117.96985029244844 -1 0 0
611.6628987993171 111.95053494246376 -1 0 0
608.9444983186787 115.83396420051841 -1 0 0
610.8862129477061 120.6882507730867 -1 0 0
633.6042741073258 120.49407931018396 -1 0 0
635.9343316621586 101.65944740861899 -1 0 0
610.4978700219007 97.3876752247589 -1 0 0
606.4202693009433 108.64962007311732 -1 0 0
611.6628987993171 105.15453374086816 -1 0 0
612.2454131880252 102.24196179732719 -1 0 0
591.2748951945302 120.29990784728125 -1 0 0
594.1874671380713 117.38733590374025 -1 0 0
579.8187788832691 119.52322199567031 -1 0 0
580.59546473488 132.92105293595878 -1 0 0
589.7215234913084 133.69773878756973 -1 0 0
661.7591362282218 132.92105293595878 -1 0 0
676.5161674088295 142.62962608109535 -1 0 0
685.8670562801977 107.63328575808163 -1 0 0
630.4975307008818 96.2589258522532 -1 0 0
641.4426694781885 93.2543779526004 -1 0 0
688.0131619228068 90.24983005294757 -1 0 0
677.497244274022 90.24983005294757 -1 0 0
671.0589273461947 88.9621666673821 -1 0 0
658.1822934905398 92.82515682407856 -1 0 0
739.0904762169044 94.75665190242678 -1 0 0
685.0086140231541 103.98490616564608 -1 0 0
698.5290795715916 104.19951672990699 -1 0 0
698.7436901358525 99.90730544468872 -1 0 0
683.9355612018495 92.39593569555673 -1 0 0
685.223224587415 94.75665190242678 -1 0 0
662.689115340019 95.40048359520954 -1 0 0
640.369616656884 100.12191600894963 -1 0 0
510.9451390366022 95.91299406176601 -1 0 0
523.372112662377 99.5102759008061 -1 0 0
524.8437279601662 104.5791730376353 -1 0 0
537.4342143968065 99.34676308994065 -1 0 0
549.043623968254 94.11435314224599 -1 0 0
523.699138284108 87.90086632935856 -1 0 0
516.9951130386243 91.49814816839864 -1 0 0
501.1343703846747 88.22789195108948 -1 0 0
492.6317042196709 99.67378871167156 -1 0 0
483.4749868112052 96.24001968349694 -1 0 0
468.92234664417947 98.85622465734427 -1 0 0
467.77775696812125 103.92512179417348 -1 0 0
474.481782213605 117.82371071773743 -1 0 0
604.6379796625098 87.24681508589674 -1 0 0
590.7393907389459 86.75627665330036 -1 0 0
522.5545486080498 94.76840438570783 -1 0 0
528.2774969883409 93.29678908791868 -1 0 0
477.91555124177967 95.42245562916963 -1 0 0
506.20326752150396 96.4035324943624 -1 0 0
526.1518304470899 109.15753174186814 -1 0 0
532.0382916382463 109.15753174186814 -1 0 0
534.0004453686319 112.59130077004276 -1 0 0
516.9951130386243 109.81158298532996 -1 0 0
505.38570346717665 103.59809617244257 -1 0 0
502.4424728715984 102.12648087465342 -1 0 0
473.9912437810086 131.88581245216685 -1 0 0
520.4288820667988 152.3249138103491 -1 0 0
527.9504713666099 150.52627289082906 -1 0 0
556.0746748354686 139.24388894111243 -1 0 0
407.9852098548948 96.2068061437899 -1 0 0
432.61637090164027 91.18491894008451 -1 0 0
446.9646200550842 94.05456877077329 -1 0 0
439.07308302069004 99.31559346036941 -1 0 0
382.1583613786957 98.3590435168065 -1 0 0
352.0270381564634 95.96766865789917 -1 0 0
360.63598764852975 100.75041837571382 -1 0 0
379.76698651978836 95.01111871433623 -1 0 0
389.33248595541767 99.55473094626015 -1 0 0
392.6804107578879 96.92421860146209 -1 0 0
475.90025584786287 99.31559346036941 -1 0 0
471.8349185877203 95.4893936861177 -1 0 0
412.76795957270946 111.75074272668753 -1 0 0
411.8114096291465 115.81607998682998 -1 0 0
489.05281757185315 94.53284374255476 -1 0 0
467.29130635579645 88.55440659528645 -1 0 0
355.6141004448244 95.01111871433623 -1 0 0
780.2027066438201 234.74712296982102 -1 0 0
141.76591466457054 145.9632435126149 -1 0 0
117.30439815909799 171.11968946426566 -1 0 0
4.530378971492436 152.50188783379357 -1 0 0
1.972936414049879 155.05933039123613 -1 0 0
5.55335599446945 155.5708189027246 -1 0 0
10.668241109354565 154.0363533682591 -1 0 0
10.156752597866056 150.45593378783948 -1 0 0
11.6912181323316 148.921468253374 -1 0 0
13.737172178285649 153.01337634528204 -1 0 0
15.27163771275117 147.89849123039693 -1 0 0
17.829080270193728 151.47891081081656 -1 0 0
19.875034316147776 148.40997974188548 -1 0 0
21.40949985061332 151.47891081081656 -1 0 0
24.478430919544383 146.8755142074199 -1 0 0
25.501407942521396 153.01337634528204 -1 0 0
29.593316034429495 149.94444527635102 -1 0 0
30.61629305740653 149.43295676486247 -1 0 0
31.12778156889504 143.8065831384889 -1 0 0
35.21968966080312 143.29509462700034 -1 0 0
40.33457477568825 142.78360611551182 -1 0 0
40.84606328717676 143.29509462700034 -1 0 0
48.00690244801592 145.34104867295437 -1 0 0
44.42648286759633 142.27211760402335 -1 0 0
44.93797137908484 139.20318653509224 -1 0 0
50.05285649396997 140.22616355806926 -1 0 0
52.610299051412525 143.29509462700034 -1 0 0
58.236672677786146 141.24914058104633 -1 0 0
59.25964970076316 142.78360611551182 -1 0 0
61.81709225820574 140.73765206955778 -1 0 0
56.70220714332061 137.15723248913824 -1 0 0
52.610299051412525 137.6687210006267 -1 0 0
63.35155779267128 136.13425546616116 -1 0 0
67.44346588457934 133.0653243972301 -1 0 0
67.44346588457934 136.13425546616116 -1 0 0
70.0009084420219 135.62276695467267 -1 0 0
74.60430504541851 135.11127844318415 -1 0 0
75.11579355690701 135.11127844318415 -1 0 0
78.1847246258381 138.69169802360378 -1 0 0
80.23067867179216 135.11127844318415 -1 0 0
81.76514420625766 139.20318653509224 -1 0 0
86.88002932114279 140.73765206955778 -1 0 0
88.41449485560834 139.7146750465808 -1 0 0
93.01789145900494 138.18020951211523 -1 0 0
92.50640294751642 134.08830142020713 -1 0 0
91.99491443602788 130.50788183978756 -1 0 0
88.92598336709685 129.99639332829904 -1 0 0
83.81109825221174 132.0423473742531 -1 0 0
81.76514420625766 131.01937035127605 -1 0 0
87.39151783263131 135.11127844318415 -1 0 0
94.04086848198196 128.97341630532202 -1 0 0
98.13277657389007 126.41597374787946 -1 0 0
99.15575359686707 126.927462259368 -1 0 0
103.24766168877518 127.43895077085648 -1 0 0
99.66724210835561 131.53085886276457 -1 0 0
98.13277657389007 135.62276695467267 -1 0 0
103.24766168877518 131.01937035127605 -1 0 0
105.80510424621774 126.927462259368 -1 0 0
108.3625468036603 122.32406565597137 -1 0 0
112.96594340705687 122.8355541674599 -1 0 0
119.10380554491904 122.8355541674599 -1 0 0
124.73017917129265 123.8585311904369 -1 0 0
122.68422512533861 126.41597374787946 -1 0 0
125.24166768278117 131.01937035127605 -1 0 0
128.82208726320076 127.95043928234502 -1 0 0
128.82208726320076 122.32406565597137 -1 0 0
133.93697237808587 118.7436460755518 -1 0 0
134.4484608895744 122.32406565597137 -1 0 0
132.91399535510885 127.95043928234502 -1 0 0
135.98292642403993 127.95043928234502 -1 0 0
139.5633460044595 121.81257714448289 -1 0 0
139.5633460044595 116.69769202959775 -1 0 0
144.1667426078561 116.69769202959775 -1 0 0
145.70120814232163 120.78960012150583 -1 0 0
148.2586506997642 122.32406565597137 -1 0 0
148.7701392112527 115.67471500662073 -1 0 0
150.30460474571822 117.72066905257476 -1 0 0
154.39651283762632 120.78960012150583 -1 0 0
156.95395539506887 115.67471500662073 -1 0 0
159.51139795251143 116.69769202959775 -1 0 0
161.04586348697697 121.30108863299435 -1 0 0
163.60330604441953 116.18620351810924 -1 0 0
165.64926009037362 121.81257714448289 -1 0 0
186.6202890614025 112.09429542620114 -1 0 0
190.71219715331063 114.6517379836437 -1 0 0
194.29261673373026 113.62876096066668 -1 0 0
191.22368566479918 111.07131840322413 -1 0 0
196.85005929117278 111.07131840322413 -1 0 0
199.40750184861537 109.02536435727008 -1 0 0
204.52238696350048 112.60578393768965 -1 0 0
196.85005929117278 115.16322649513221 -1 0 0
201.4534558945694 119.76662309852881 -1 0 0
208.61429505540855 112.09429542620114 -1 0 0
214.24066868178215 106.97941031131603 -1 0 0
213.21769165880517 111.07131840322413 -1 0 0
217.30959975071323 111.07131840322413 -1 0 0
220.8900193311328 106.46792179982752 -1 0 0
225.49341593452942 106.97941031131603 -1 0 0
224.47043891155238 111.58280691471263 -1 0 0
230.60830104941454 108.00238733429305 -1 0 0
236.23467467578814 104.933456265362 -1 0 0
236.74616318727672 108.51387584578157 -1 0 0
239.81509425620771 108.00238733429305 -1 0 0
245.4414678825814 108.00238733429305 -1 0 0
249.53337597448947 108.00238733429305 -1 0 0
255.15974960086305 106.46792179982752 -1 0 0
256.6942151353286 102.88750221940793 -1 0 0
249.53337597448947 100.84154817345386 -1 0 0
257.71719215830564 102.88750221940793 -1 0 0
263.34356578467924 101.35303668494242 -1 0 0
269.9929164340299 102.88750221940793 -1 0 0
267.94696238807586 103.39899073089646 -1 0 0
273.061847502961 100.84154817345386 -1 0 0
280.2226866638001 101.35303668494242 -1 0 0
283.8031062442197 98.28410561601135 -1 0 0
284.3145947557083 101.86452519643092 -1 0 0
284.3145947557083 108.51387584578157 -1 0 0
293.009899451013 101.35303668494242 -1 0 0
298.12478456589804 100.33005966196538 -1 0 0
303.23966968078315 98.79559412749983 -1 0 0
308.35455479566826 97.26112859303429 -1 0 0
295.055853496967 100.84154817345386 -1 0 0
300.68222712334057 103.91047924238495 -1 0 0
306.30860074971423 101.35303668494242 -1 0 0
311.42348586459946 101.86452519643092 -1 0 0
315.0039054450189 98.28410561601135 -1 0 0
322.16474460585806 95.72666305856875 -1 0 0
318.0728365139501 99.30708263898836 -1 0 0
323.6992101403236 98.28410561601135 -1 0 0
334.9519573930709 97.77261710452282 -1 0 0
332.3945148356283 95.21517454708027 -1 0 0
338.02088846200195 93.68070901261471 -1 0 0
341.6013080424215 98.79559412749983 -1 0 0
299.9149943561076 94.70368603559177 -1 0 0
303.49541393652726 94.70368603559177 -1 0 0
311.1677416088549 92.6577319896377 -1 0 0
316.28262672374 94.19219752410325 -1 0 0
326.51239695351023 92.6577319896377 -1 0 0
342.8800293211426 89.58880092070666 -1 0 0
352.0868225279358 91.12326645517217 -1 0 0
357.2017076428209 91.63475496666068 -1 0 0
361.2936157347291 96.7496400815458 -1 0 0
365.3855238266371 93.16922050112623 -1 0 0
364.87403531514866 89.07731240921812 -1 0 0
369.4774319185453 91.12326645517217 -1 0 0
374.5923170334304 92.6577319896377 -1 0 0
380.218690659804 90.10028943219515 -1 0 0
386.86804130915465 94.19219752410325 -1 0 0
387.37952982064314 92.6577319896377 -1 0 0
394.0288804699938 92.14624347814919 -1 0 0
391.98292642403976 89.58880092070666 -1 0 0
400.16674260785595 91.63475496666068 -1 0 0
403.23567367678703 89.58880092070666 -1 0 0
410.3965128376262 86.51986985177558 -1 0 0
418.0688405099538 90.61177794368363 -1 0 0
419.60330604441936 88.5658238977296 -1 0 0
439.0398694809828 86.51986985177558 -1 0 0
434.9479613890747 87.5428468747526 -1 0 0
445.68922013033347 89.07731240921812 -1 0 0
450.29261673373003 89.07731240921812 -1 0 0
449.78112822224153 83.45093878284449 -1 0 0
455.40750184861514 87.5428468747526 -1 0 0
459.49940994052326 84.98540431731003 -1 0 0
459.49940994052326 88.0543353862411 -1 0 0
466.6602491013624 85.49689282879852 -1 0 0
471.7751342162475 87.03135836326406 -1 0 0
477.40150784262113 90.10028943219515 -1 0 0
479.44746188857516 84.98540431731003 -1 0 0
484.0508584919718 86.00838134028704 -1 0 0
490.70020914132243 86.00838134028704 -1 0 0
492.74616318727647 90.10028943219515 -1 0 0
507.5793300204433 86.51986985177558 -1 0 0
502.4644449055582 93.68070901261471 -1 0 0
494.280628721742 89.58880092070666 -1 0 0
512.6942151353285 87.5428468747526 -1 0 0
529.5733360144493 88.5658238977296 -1 0 0
536.7341751752884 87.5428468747526 -1 0 0
540.3145947557081 84.47391580582156 -1 0 0
543.8950143361277 89.07731240921812 -1 0 0
550.0328764739897 87.03135836326406 -1 0 0
552.5903190314324 92.14624347814919 -1 0 0
555.1477615888749 84.47391580582156 -1 0 0
559.239669680783 88.0543353862411 -1 0 0
563.331577772691 90.10028943219515 -1 0 0
569.4694399105532 86.51986985177558 -1 0 0
612.9459633870766 89.58880092070666 -1 0 0
617.0378714789847 84.47391580582156 -1 0 0
616.5263829674961 91.63475496666068 -1 0 0
623.1757336168469 86.00838134028704 -1 0 0
624.7101991513124 92.14624347814919 -1 0 0
629.313595754709 88.0543353862411 -1 0 0
630.8480612891744 92.6577319896377 -1 0 0
635.451457892571 90.61177794368363 -1 0 0
635.9629464040596 87.5428468747526 -1 0 0
640.5663430074562 87.03135836326406 -1 0 0
644.1467625878757 87.03135836326406 -1 0 0
648.7501591912724 86.51986985177558 -1 0 0
653.8650443061575 86.51986985177558 -1 0 0
658.4684409095541 86.51986985177558 -1 0 0
665.6292800703933 86.51986985177558 -1 0 0
674.8360732771864 93.68070901261471 -1 0 0
676.370538811652 97.77261710452282 -1 0 0
693.7611482022613 92.6577319896377 -1 0 0
698.3645448056579 91.63475496666068 -1 0 0
703.4794299205431 90.10028943219515 -1 0 0
706.0368724779856 93.16922050112623 -1 0 0
710.1287805698937 92.14624347814919 -1 0 0
717.2896197307329 96.7496400815458 -1 0 0
801.6852241263374 110.5598298917356 -1 0 0
866.6442650853784 134.59978993169565 -1 0 0
867.6672421083553 140.22616355806926 -1 0 0
671.2556536967669 156.59379592570164 -1 0 0
