319.21147679324895 525.9962869198313 -1 0 0
184.32540084388185 484.67983122362875 -1 0 0
366.6038818565401 427.56590717299576 -1 0 0
195.26210970464135 378.95831223628693 -1 0 0
234.14818565400842 404.4772995780591 -1 0 0
362.9583122362869 371.6671729957806 -1 0 0
74.95831223628687 631.7178059071731 -1 0 0
90.75578059071734 710.705147679325 -1 0 0
153.9456540084388 572.1735021097047 -1 0 0
87.11021097046411 546.6545147679326 -1 0 0
77.38869198312237 257.4393248945148 -1 0 0
955.970970464135 495.61654008438825 -1 0 0
907.3633755274261 522.350717299578 -1 0 0
835.6671729957807 533.2874261603375 -1 0 0
821.0848945147679 572.1735021097047 -1 0 0
776.1228691983124 512.6291983122363 -1 0 0
615.7178059071731 476.17350210970477 -1 0 0
575.6165400843882 436.07223628692 -1 0 0
570.7557805907172 387.464641350211 -1 0 0
693.4899578059072 436.07223628692 -1 0 0
755.464641350211 397.18616033755274 -1 0 0
765.1861603375528 382.6038818565401 -1 0 0
800.4266666666668 365.59122362869203 -1 0 0
850.2494514767934 374.0975527426161 -1 0 0
856.325400843882 301.18616033755285 -1 0 0
857.5405907172997 265.9456540084388 -1 0 0
773.6924894514767 251.36337552742626 -1 0 0
657.0342616033755 304.831729957806 -1 0 0
599.9203375527427 323.05957805907184 -1 0 0
585.3380590717301 359.5152742616034 -1 0 0
548.8823628691983 336.4266666666667 -1 0 0
449.23679324894516 348.5785654008439 -1 0 0
448.02160337552743 318.19881856540087 -1 0 0
407.9203375527427 297.5405907172996 -1 0 0
116.27476793248944 89.74312236286923 -1 0 0
149.0848945147679 95.81907172995786 -1 0 0
153.9456540084388 160.22413502109703 -1 0 0
42.148185654008415 143.21147679324903 -1 0 0
37.28742616033754 110.40135021097046 -1 0 0
51.86970464135016 45.996286919831284 -1 0 0
462.6038818565401 264.7304641350211 -1 0 0
485.69248945147683 241.64185654008443 -1 0 0
503.9203375527427 425.1355274261604 -1 0 0
512.4266666666668 404.4772995780591 -1 0 0
528.224135021097 380.1735021097047 -1 0 0
503.9203375527427 354.65451476793254 -1 0 0
557.3886919831224 556.3760337552743 -1 0 0
587.7684388185655 697.33805907173 -1 0 0
511.21147679324895 714.3507172995782 -1 0 0
553.7431223628693 722.8570464135022 -1 0 0
428.5785654008439 699.7684388185655 -1 0 0
293.69248945147683 743.5152742616034 -1 0 0
268.1735021097046 716.7810970464136 -1 0 0
256.0216033755274 611.0595780590718 -1 0 0
181.89502109704637 551.5152742616034 -1 0 0
712.9329957805907 377.74312236286926 -1 0 0
770.0469198312236 313.3380590717301 -1 0 0
723.8697046413502 267.16084388185664 -1 0 0
957.1861603375529 257.4393248945148 -1 0 0
982.7051476793248 280.52793248945153 -1 0 0
982.7051476793248 219.76843881856544 -1 0 0
991.2114767932488 157.79375527426166 -1 0 0
1002.1481856540087 106.75578059071734 -1 0 0
954.7557805907172 104.32540084388187 -1 0 0
965.692489451477 101.89502109704647 -1 0 0
914.6545147679324 117.69248945147683 -1 0 0
900.0722362869199 118.90767932489457 -1 0 0
842.9583122362869 123.76843881856544 -1 0 0
808.9329957805908 188.17350210970463 -1 0 0
170.95831223628687 321.84438818565405 -1 0 0
194.0469198312236 237.9962869198312 -1 0 0
213.48995780590718 241.64185654008443 -1 0 0
252.37603375527428 202.7557805907173 -1 0 0
17.844388185654 265.9456540084388 -1 0 0
39.71780590717303 240.42666666666668 -1 0 0
118.70514767932492 290.24945147679324 -1 0 0
202.55324894514771 267.16084388185664 -1 0 0
163.66717299578062 442.14818565400856 -1 0 0
215.92033755274258 436.07223628692 -1 0 0
325.2874261603376 414.19881856540087 -1 0 0
409.1355274261603 444.5785654008439 -1 0 0
446.80641350210976 439.71780590717304 -1 0 0
404.27476793248945 549.084894514768 -1 0 0
862.4013502109705 484.67983122362875 -1 0 0
846.60388185654 431.21147679324895 -1 0 0
721.4393248945148 348.5785654008439 -1 0 0
773.6924894514767 600.1228691983123 -1 0 0
788.2747679324896 572.1735021097047 -1 0 0
646.0975527426161 602.5532489451477 -1 0 0
753.0342616033755 692.4772995780592 -1 0 0
281.5405907172996 343.71780590717304 -1 0 0
310.70514767932497 340.07223628691986 -1 0 0
359.31274261603374 306.0469198312236 -1 0 0
420.0722362869198 200.32540084388185 -1 0 0
429.7937552742617 173.591223628692 -1 0 0
371.464641350211 121.33805907172996 -1 0 0
310.70514767932497 105.5405907172996 -1 0 0
307.0595780590717 143.21147679324903 -1 0 0
416.4266666666667 54.50261603375529 -1 0 0
603.5659071729958 138.35071729957806 -1 0 0
655.8190717299578 156.5785654008439 -1 0 0
737.2367932489452 120.12286919831222 -1 0 0
793.1355274261604 151.71780590717304 -1 0 0
727.5152742616033 172.37603375527428 -1 0 0
743.3127426160338 160.22413502109703 -1 0 0
670.4013502109705 216.1228691983122 -1 0 0
613.2874261603375 228.27476793248945 -1 0 0
603.5659071729958 171.16084388185664 -1 0 0
578.0469198312236 165.084894514768 -1 0 0
559.8190717299578 144.42666666666668 -1 0 0
529.4393248945148 143.21147679324903 -1 0 0
501.48995780590724 134.70514767932494 -1 0 0
452.8823628691984 152.93299578059077 -1 0 0
486.9076793248945 196.67983122362872 -1 0 0
223.21147679324895 15.616540084388205 -1 0 0
172.17350210970463 33.844388185654054 -1 0 0
229.28742616033756 132.27476793248945 -1 0 0
282.75578059071734 66.65451476793251 -1 0 0
308.27476793248945 44.78109704641354 -1 0 0
708.07223628692 32.62919831223631 -1 0 0
783.4140084388187 15.616540084388205 -1 0 0
750.60388185654 11.970970464135075 -1 0 0
824.7304641350211 44.78109704641354 -1 0 0
806.5026160337554 30.198818565400824 -1 0 0
776.1228691983124 42.35071729957806 -1 0 0
760.325400843882 37.48995780590718 -1 0 0
739.6671729957807 37.48995780590718 -1 0 0
1008.2241350210971 132.27476793248945 -1 0 0
913.4393248945149 148.0722362869198 -1 0 0
868.4772995780593 206.40135021097046 -1 0 0
825.945654008439 220.9836286919832 -1 0 0
836.8823628691983 202.7557805907173 -1 0 0
716.5785654008439 219.76843881856544 -1 0 0
688.6291983122363 194.2494514767932 -1 0 0
553.7431223628693 262.30008438818567 -1 0 0
911.0089451476792 387.464641350211 -1 0 0
907.3633755274261 301.18616033755285 -1 0 0
911.0089451476792 228.27476793248945 -1 0 0
473.5405907172996 664.5279324894515 -1 0 0
480.83172995780586 525.9962869198313 -1 0 0
65.23679324894513 436.07223628692 -1 0 0
224.42666666666668 304.831729957806 -1 0 0
372.6798312236288 230.70514767932494 -1 0 0
992.4266666666667 177.23679324894525 -1 0 0
852.6798312236286 44.78109704641354 -1 0 0
886.7051476793248 32.62919831223631 -1 0 0
919.5152742616034 32.62919831223631 -1 0 0
576.8317299578059 44.78109704641354 -1 0 0
540.3760337552744 32.62919831223631 -1 0 0
518.5026160337551 21.69248945147682 -1 0 0
324.0722362869198 19.262109704641336 -1 0 0
348.3760337552743 27.768438818565436 -1 0 0
-124.33282700421944 160.22413502109703 -1 0 0
568.325400843882 81.23679324894513 -1 0 0
525.7937552742617 83.66717299578062 -1 0 0
495.4140084388186 67.86970464135025 -1 0 0
472.3254008438819 83.66717299578062 -1 0 0
337.4393248945148 89.74312236286923 -1 0 0
343.5152742616034 121.33805907172996 -1 0 0
678.9076793248945 101.89502109704647 -1 0 0
711.7178059071731 100.67983122362872 -1 0 0
680.1228691983124 30.198818565400824 -1 0 0
620.5785654008438 44.78109704641354 -1 0 0
593.8443881856541 66.65451476793251 -1 0 0
241.43932489451478 49.641856540084405 -1 0 0
125.99628691983119 50.85704641350216 -1 0 0
99.26210970464135 66.65451476793251 -1 0 0
286.40135021097046 163.86970464135027 -1 0 0
920.7304641350212 326.70514767932497 -1 0 0
940.1735021097047 313.3380590717301 -1 0 0
926.8064135021096 532.07223628692 -1 0 0
1019.1608438818565 493.18616033755285 -1 0 0
1002.1481856540087 315.76843881856547 -1 0 0
1002.1481856540087 315.76843881856547 -1 0 0
790.7051476793249 126.19881856540083 -1 0 0
821.0848945147679 109.18616033755282 -1 0 0
721.4393248945148 72.73046413502114 -1 0 0
214.70514767932494 64.22413502109703 -1 0 0
331.3633755274262 685.1861603375529 -1 0 0
782.198818565401 217.33805907173007 -1 0 0
141.79375527426166 207.61654008438825 -1 0 0
189.18616033755274 211.26210970464135 -1 0 0
721.4393248945148 606.198818565401 -1 0 0
283.27981351981356 189.5495437895439 -1 0 0
190.18890442890455 136.3547385947387 -1 0 0
184.0510422910424 168.0670263070264 -1 0 0
113.46562770562781 101.57351981351998 -1 0 0
825.4576356976355 312.3067865467867 -1 0 0
727.2518414918417 244.79030303030316 -1 0 0
644.3907026307027 243.76732600732612 -1 0 0
782.4926007326009 172.15893439893458 -1 0 0
958.4446486846487 139.4236696636698 -1 0 0
879.6754179154178 383.9151781551783 -1 0 0
793.745347985348 397.21387945387966 -1 0 0
673.0340592740595 369.5934998335 -1 0 0
20.374718614718734 435.06402930402953 -1 0 0
154.38470862470874 247.85923409923427 -1 0 0
302.7163769563771 269.34175158175174 -1 0 0
427.5195737595738 269.34175158175174 -1 0 0
416.26682650682665 366.5245687645689 -1 0 0
773.2858075258075 194.66442890442906 -1 0 0
424.4506426906428 104.64245088245099 -1 0 0
504.24285048285054 225.35373959373976 -1 0 0
463.3237695637697 143.51557775557788 -1 0 0
389.66942390942404 189.5495437895439 -1 0 0
656.666426906427 413.581511821512 -1 0 0
603.4716217116219 433.01807525807544 -1 0 0
751.8032900432901 281.61747585747605 -1 0 0
854.1009923409924 170.1129803529805 -1 0 0
528.7942990342991 187.50358974358988 -1 0 0
543.1159773559774 313.32976356976377 -1 0 0
641.2367932489452 95.81907172995786 -1 0 0
715.3633755274262 180.88236286919837 -1 0 0
723.8697046413502 200.32540084388197 -1 0 0
839.3127426160338 66.65451476793251 -1 0 0
753.0342616033755 66.65451476793251 -1 0 0
795.5659071729958 64.22413502109713 -1 0 0
633.945654008439 512.6291983122363 -1 0 0
652.1735021097047 461.59122362869203 -1 0 0
935.3127426160337 87.31274261603384 -1 0 0
872.1228691983124 75.16084388185662 -1 0 0
852.6798312236286 93.38869198312246 -1 0 0
825.945654008439 84.88236286919836 -1 0 0
608.4266666666668 98.24945147679333 -1 0 0
584.1228691983123 88.52793248945149 -1 0 0
499.0595780590717 89.74312236286923 -1 0 0
266.9583122362869 144.42666666666668 -1 0 0
242.65451476793254 234.35071729957806 -1 0 0
136.9329957805907 634.1481856540086 -1 0 0
559.8190717299578 182.0975527426161 -1 0 0
398.19881856540087 24.122869198312305 -1 0 0
378.75578059071734 80.02160337552749 -1 0 0
400.6291983122363 80.02160337552749 -1 0 0
448.02160337552743 118.90767932489457 -1 0 0
369.0342616033755 152.93299578059077 -1 0 0
140.5785654008439 36.27476793248954 -1 0 0
61.591223628692006 3.4646413502109743 -1 0 0
970.553248945148 155.36337552742626 -1 0 0
869.6055423055083 562.3619307211812 -1 0 0
576.5356956274844 656.5629528676889 -1 0 0
827.7384213515047 24.631095968199954 -1 0 0
552.9854400908574 6.314230550823462 -1 0 0
920.6310959681997 414.5186598523567 -1 0 0
974.2733446905165 409.2852697331063 -1 0 0
1012.215423055082 424.9854400908576 -1 0 0
941.5646564452013 239.20009085746744 -1 0 0
589.6191709256103 11.547620670073957 -1 0 0
621.0195116411129 6.314230550823462 -1 0 0
499.3431913685406 279.75886428165825 -1 0 0
