28.802352941176455 303.0105882352941 -1 0 0
86.80470588235292 250.59882352941176 -1 0 0
182.5435294117647 284.8411764705882 -1 0 0
257.3176470588236 294.62470588235294 -1 0 0
334.8870588235295 274.3588235294118 -1 0 0
383.1058823529412 267.3705882352941 -1 0 0
428.52941176470597 262.4788235294117 -1 0 0
450.89176470588245 246.40588235294115 -1 0 0
487.23058823529425 247.8035294117647 -1 0 0
575.2823529411766 278.55176470588236 -1 0 0
559.9082352941177 238.01999999999998 -1 0 0
576.6800000000001 197.4882352941176 -1 0 0
540.3411764705884 200.2835294117647 -1 0 0
504.0023529411766 215.6576470588235 -1 0 0
462.77176470588245 214.95882352941175 -1 0 0
432.0235294117648 210.76588235294113 -1 0 0
359.3458823529412 238.01999999999998 -1 0 0
290.16235294117644 229.63411764705882 -1 0 0
248.9317647058824 244.3094117647059 -1 0 0
219.58117647058825 249.20117647058822 -1 0 0
183.9411764705883 235.22470588235288 -1 0 0
149.69882352941178 255.49058823529413 -1 0 0
65.14117647058819 254.79176470588231 -1 0 0
7.8376470588235065 245.0082352941176 -1 0 0
12.729411764705844 218.4529411764706 -1 0 0
29.501176470588206 180.71647058823527 -1 0 0
50.46588235294118 181.41529411764702 -1 0 0
8.536470588235261 184.21058823529407 -1 0 0
84.00941176470586 184.21058823529407 -1 0 0
143.40941176470588 211.46470588235292 -1 0 0
211.19529411764708 205.17529411764707 -1 0 0
283.1741176470589 200.9823529411764 -1 0 0
380.3105882352942 180.71647058823527 -1 0 0
439.71058823529415 179.31882352941173 -1 0 0
455.084705882353 162.54705882352937 -1 0 0
490.0258823529413 191.19882352941173 -1 0 0
517.9788235294119 185.6082352941176 -1 0 0
576.6800000000001 162.54705882352937 -1 0 0
550.124705882353 149.9682352941176 -1 0 0
511.68941176470594 156.95647058823525 -1 0 0
399.17882352941183 174.42705882352936 -1 0 0
342.57411764705887 171.63176470588232 -1 0 0
314.62117647058824 163.9447058823529 -1 0 0
346.7670588235295 198.88588235294114 -1 0 0
253.82352941176472 167.4388235294117 -1 0 0
190.2305882352941 177.22235294117644 -1 0 0
239.14823529411765 171.63176470588232 -1 0 0
135.0235294117647 176.52352941176466 -1 0 0
105.67294117647057 171.63176470588232 -1 0 0
5.042352941176432 128.3047058823529 -1 0 0
52.56235294117644 135.9917647058823 -1 0 0
70.73176470588234 122.71411764705873 -1 0 0
137.81882352941173 135.29294117647052 -1 0 0
142.71058823529413 154.85999999999996 -1 0 0
150.39764705882354 168.83647058823524 -1 0 0
179.74823529411762 159.7517647058823 -1 0 0
206.30352941176469 157.655294117647 -1 0 0
188.13411764705884 134.59411764705877 -1 0 0
199.31529411764708 142.28117647058818 -1 0 0
237.75058823529415 135.9917647058823 -1 0 0
291.56000000000006 140.1847058823529 -1 0 0
281.0776470588236 145.775294117647 -1 0 0
351.65882352941185 140.1847058823529 -1 0 0
368.4305882352942 129.7023529411764 -1 0 0
405.4682352941176 152.06470588235288 -1 0 0
407.564705882353 129.7023529411764 -1 0 0
425.03529411764714 124.81058823529406 -1 0 0
504.7011764705883 140.88352941176464 -1 0 0
542.4376470588236 129.7023529411764 -1 0 0
565.4988235294119 125.50941176470582 -1 0 0
589.9576470588237 140.88352941176464 -1 0 0
587.8611764705884 115.02705882352939 -1 0 0
568.9929411764707 98.95411764705875 -1 0 0
536.8470588235296 115.72588235294108 -1 0 0
520.7741176470589 105.94235294117641 -1 0 0
521.4729411764707 117.12352941176465 -1 0 0
515.8823529411766 131.09999999999994 -1 0 0
483.0376470588236 119.91882352941174 -1 0 0
478.8447058823531 110.135294117647 -1 0 0
488.62823529411776 105.94235294117641 -1 0 0
499.11058823529424 115.02705882352939 -1 0 0
450.89176470588245 112.93058823529407 -1 0 0
434.8188235294118 122.01529411764699 -1 0 0
474.6517647058824 144.37764705882347 -1 0 0
459.97647058823543 128.3047058823529 -1 0 0
434.1200000000001 152.76352941176467 -1 0 0
404.769411764706 113.62941176470582 -1 0 0
347.46588235294126 120.61764705882348 -1 0 0
346.7670588235295 103.84588235294109 -1 0 0
360.044705882353 96.85764705882342 -1 0 0
385.9011764705884 94.06235294117641 -1 0 0
218.18352941176474 154.85999999999996 -1 0 0
254.52235294117648 127.6058823529411 -1 0 0
245.43764705882356 115.02705882352939 -1 0 0
195.82117647058826 119.91882352941174 -1 0 0
117.55294117647057 112.23176470588226 -1 0 0
69.33411764705878 103.14705882352933 -1 0 0
26.88058823529414 97.24705882352943 -1 0 0
36.31470588235294 83.62 -1 0 0
49.94176470588238 104.58470588235295 -1 0 0
1.7229411764705986 92.35529411764706 -1 0 0
13.602941176470594 82.57176470588236 -1 0 0
2.7711764705882445 77.68 -1 0 0
5.915882352941183 55.66705882352943 -1 0 0
15.350000000000009 65.45058823529412 -1 0 0
37.712352941176476 66.49882352941177 -1 0 0
52.03823529411767 58.462352941176476 -1 0 0
79.29235294117649 70.69176470588236 -1 0 0
98.8594117647059 86.06588235294119 -1 0 0
112.13705882352944 82.57176470588236 -1 0 0
102.35352941176473 103.5364705882353 -1 0 0
127.16176470588238 90.95764705882354 -1 0 0
142.88529411764708 98.64470588235294 -1 0 0
146.03 116.11529411764707 -1 0 0
161.40411764705883 97.24705882352943 -1 0 0
197.0441176470588 88.51176470588236 -1 0 0
202.98411764705887 102.83764705882353 -1 0 0
216.26176470588237 112.62117647058824 -1 0 0
231.28647058823532 94.10235294117648 -1 0 0
218.70764705882354 82.92117647058824 -1 0 0
218.70764705882354 95.5 -1 0 0
233.7323529411765 75.23411764705882 -1 0 0
259.2394117647059 112.97058823529412 -1 0 0
277.05941176470594 102.13882352941177 -1 0 0
289.98764705882354 98.99411764705883 -1 0 0
286.4935294117647 122.40470588235296 -1 0 0
282.65 78.72823529411765 -1 0 0
287.54176470588243 89.9094117647059 -1 0 0
267.62529411764706 72.78823529411765 -1 0 0
250.50411764705882 71.74000000000001 -1 0 0
275.3123529411765 66.84823529411766 -1 0 0
272.5170588235294 55.317647058823525 -1 0 0
281.25235294117647 45.8835294117647 -1 0 0
285.0958823529412 36.79882352941178 -1 0 0
290.33705882352945 28.412941176470586 -1 0 0
285.794705882353 20.376470588235293 -1 0 0
289.28882352941173 9.894117647058835 -1 0 0
277.75823529411764 22.123529411764707 -1 0 0
268.32411764705887 14.087058823529418 -1 0 0
273.5652941176471 31.20823529411766 -1 0 0
263.0829411764706 43.08823529411765 -1 0 0
271.4688235294118 41.34117647058824 -1 0 0
255.3958823529412 32.605882352941194 -1 0 0
248.40764705882353 43.43764705882353 -1 0 0
255.04647058823534 56.71529411764706 -1 0 0
243.8652941176471 48.329411764705895 -1 0 0
234.43117647058824 35.75058823529412 -1 0 0
241.07000000000002 34.70235294117646 -1 0 0
240.02176470588236 27.36470588235295 -1 0 0
247.01000000000002 27.01529411764705 -1 0 0
251.90176470588236 11.641176470588249 -1 0 0
237.5758823529412 9.894117647058835 -1 0 0
229.19000000000003 14.785882352941174 -1 0 0
222.2017647058824 23.521176470588244 -1 0 0
234.43117647058824 49.02823529411766 -1 0 0
218.00882352941179 64.0529411764706 -1 0 0
227.4429411764706 66.84823529411766 -1 0 0
256.09470588235297 44.83529411764707 -1 0 0
263.0829411764706 8.845882352941175 -1 0 0
260.6370588235294 14.087058823529418 -1 0 0
284.0476470588236 1.5082352941176396 -1 0 0
275.3123529411765 13.73764705882354 -1 0 0
270.77 3.954117647058837 -1 0 0
245.2629411764706 4.303529411764714 -1 0 0
232.33470588235295 5.0023529411764684 -1 0 0
219.4064705882353 7.448235294117638 -1 0 0
222.90058823529415 13.73764705882354 -1 0 0
216.96058823529413 24.22 -1 0 0
212.0688235294118 28.412941176470586 -1 0 0
206.12882352941182 35.75058823529412 -1 0 0
216.61117647058828 46.58235294117648 -1 0 0
222.2017647058824 40.64235294117648 -1 0 0
206.47823529411764 49.72705882352944 -1 0 0
192.15235294117647 75.23411764705882 -1 0 0
188.65823529411765 62.65529411764706 -1 0 0
195.9958823529412 52.1729411764706 -1 0 0
189.3570588235294 47.98000000000002 -1 0 0
189.00764705882355 36.44941176470587 -1 0 0
195.6464705882353 36.099999999999994 -1 0 0
196.69470588235296 22.123529411764707 -1 0 0
183.7664705882353 11.291764705882343 -1 0 0
180.97117647058823 5.0023529411764684 -1 0 0
174.33235294117648 7.448235294117638 -1 0 0
185.86294117647063 2.5564705882352996 -1 0 0
193.8994117647059 6.400000000000006 -1 0 0
196.34529411764706 13.73764705882354 -1 0 0
205.08058823529413 23.521176470588244 -1 0 0
210.32176470588237 20.027058823529416 -1 0 0
177.4770588235294 28.412941176470586 -1 0 0
182.0194117647059 38.196470588235286 -1 0 0
158.95823529411766 76.28235294117647 -1 0 0
147.77705882352942 88.86117647058823 -1 0 0
141.48764705882354 71.39058823529412 -1 0 0
172.93470588235297 78.72823529411765 -1 0 0
169.09117647058824 40.64235294117648 -1 0 0
167.69352941176473 33.654117647058825 -1 0 0
157.21117647058824 24.91882352941178 -1 0 0
162.8017647058824 14.785882352941174 -1 0 0
168.39235294117648 17.23176470588237 -1 0 0
178.5252941176471 17.930588235294124 -1 0 0
157.91 3.954117647058837 -1 0 0
144.28294117647062 16.18352941176471 -1 0 0
135.89705882352942 16.18352941176471 -1 0 0
145.33117647058825 24.22 -1 0 0
146.03 35.05176470588236 -1 0 0
136.5958823529412 29.810588235294123 -1 0 0
151.27117647058824 46.232941176470604 -1 0 0
128.55941176470589 57.064705882352946 -1 0 0
126.4629411764706 73.13764705882353 -1 0 0
115.28176470588235 68.24588235294118 -1 0 0
95.36529411764707 64.40235294117647 -1 0 0
102.00411764705885 41.34117647058824 -1 0 0
118.07705882352943 33.654117647058825 -1 0 0
122.61941176470589 44.83529411764707 -1 0 0
131.35470588235296 40.99176470588236 -1 0 0
137.9935294117647 41.34117647058824 -1 0 0
129.95705882352942 34.0035294117647 -1 0 0
118.77588235294118 26.665882352941193 -1 0 0
126.81235294117647 18.62941176470588 -1 0 0
118.4264705882353 14.785882352941174 -1 0 0
128.9088235294118 5.701176470588223 -1 0 0
111.08882352941177 16.18352941176471 -1 0 0
102.00411764705885 12.340000000000003 -1 0 0
146.03 47.98000000000002 -1 0 0
141.83705882352942 63.354117647058835 -1 0 0
108.29352941176471 31.907058823529407 -1 0 0
110.39000000000001 25.967058823529413 -1 0 0
86.63000000000002 13.038823529411758 -1 0 0
79.99117647058824 11.291764705882343 -1 0 0
91.17235294117648 20.027058823529416 -1 0 0
84.88294117647061 39.244705882352946 -1 0 0
85.93117647058824 29.810588235294123 -1 0 0
66.01470588235296 35.75058823529412 -1 0 0
65.66529411764708 11.291764705882343 -1 0 0
54.48411764705884 13.73764705882354 -1 0 0
39.11000000000001 3.255294117647054 -1 0 0
29.32647058823531 3.954117647058837 -1 0 0
3.1205882352941217 8.845882352941175 -1 0 0
21.290000000000006 18.62941176470588 -1 0 0
18.494705882352946 27.36470588235295 -1 0 0
16.398235294117654 40.99176470588236 -1 0 0
21.639411764705898 44.136470588235284 -1 0 0
33.170000000000016 44.136470588235284 -1 0 0
61.12294117647059 47.281176470588235 -1 0 0
76.8464705882353 58.1129411764706 -1 0 0
75.79823529411766 50.42588235294119 -1 0 0
48.54411764705884 22.123529411764707 -1 0 0
37.01352941176472 27.36470588235295 -1 0 0
31.4229411764706 14.087058823529418 -1 0 0
35.96529411764706 33.30470588235295 -1 0 0
64.9664705882353 2.5564705882352996 -1 0 0
140.7888235294118 34.0035294117647 -1 0 0
396.62637058823543 138.23149411764712 -1 0 0
342.60094013840836 84.6452948096885 -1 0 0
323.2747698961938 74.98220968858122 -1 0 0
311.85476020761246 88.5983750865051 -1 0 0
302.19167508650526 84.6452948096885 -1 0 0
309.21937335640143 74.98220968858122 -1 0 0
308.3409110726644 60.926813148788845 -1 0 0
300.8739816608997 56.095270588235195 -1 0 0
304.3878307958478 45.99295432525943 -1 0 0
296.9209013840831 42.91833633217985 -1 0 0
302.63090622837376 33.25525121107256 -1 0 0
308.3409110726644 28.423708650518932 -1 0 0
311.85476020761246 21.396010380622755 -1 0 0
305.7055242214533 13.489849826989513 -1 0 0
317.5647650519031 17.882161245674638 -1 0 0
288.1362785467128 10.415231833909928 -1 0 0
339.5263221453288 24.47062837370234 -1 0 0
331.18093044982703 29.30217093425594 -1 0 0
330.7416993079585 21.83524152249126 -1 0 0
332.9378550173011 14.807543252595053 -1 0 0
334.6947795847751 56.5345017301037 -1 0 0
332.4986238754326 48.628341176470514 -1 0 0
321.9570764705883 43.796798615916856 -1 0 0
345.67555813148795 70.58989826989611 -1 0 0
351.3855629757786 76.73913425605528 -1 0 0
361.92711038062293 82.44913910034593 -1 0 0
383.8886674740485 77.17836539792378 -1 0 0
374.2255823529413 82.88837024221445 -1 0 0
375.1040446366783 92.55145536332171 -1 0 0
530.5918688581316 84.20606366781998 -1 0 0
495.0141463667821 87.28068166089956 -1 0 0
486.2295235294119 92.55145536332171 -1 0 0
469.97797128027696 103.5322339100345 -1 0 0
448.4556453287198 87.71991280276808 -1 0 0
449.3341076124568 71.90759169550162 -1 0 0
459.43642387543264 65.75835570934245 -1 0 0
453.28718788927347 53.89911487889265 -1 0 0
434.83947993079596 74.1037474048442 -1 0 0
433.52178650519045 98.26146020761237 -1 0 0
411.9994605536333 84.6452948096885 -1 0 0
400.57945086505197 76.73913425605528 -1 0 0
395.7479083044983 73.6645162629757 -1 0 0
392.2340591695503 62.244506574394364 -1 0 0
555.1888128027683 49.50680346020752 -1 0 0
551.2357325259518 61.80527543252585 -1 0 0
538.9372605536335 76.29990311418676 -1 0 0
536.7411048442907 65.75835570934245 -1 0 0
580.2249878892735 79.81375224913486 -1 0 0
586.8134550173013 99.57915363321791 -1 0 0
568.8049782006922 72.34682283737015 -1 0 0
586.3742238754328 37.64756262975769 -1 0 0
592.0842287197233 27.545246366781925 -1 0 0
583.299605882353 33.25525121107256 -1 0 0
573.6365207612457 62.68373771626286 -1 0 0
583.7388370242215 49.50680346020752 -1 0 0
570.1226716262977 22.713703806228267 -1 0 0
560.4595865051904 24.47062837370234 -1 0 0
556.5065062283738 30.180633217992977 -1 0 0
555.6280439446368 13.050618685121009 -1 0 0
555.6280439446368 39.84371833910026 -1 0 0
541.5726474048445 24.47062837370234 -1 0 0
544.647265397924 40.28294948096877 -1 0 0
538.498029411765 49.946034602076026 -1 0 0
516.5364723183393 19.639085813148682 -1 0 0
521.3680148788928 51.7029591695501 -1 0 0
505.9949249134949 64.87989342560545 -1 0 0
513.901085467128 59.16988858131478 -1 0 0
504.6772314878894 74.1037474048442 -1 0 0
491.06106608996555 46.87141660899644 -1 0 0
484.4725989619379 54.77757716262968 -1 0 0
479.6410564013842 76.73913425605528 -1 0 0
470.85643356401397 53.459883737024114 -1 0 0
473.491820415225 44.675260899653864 -1 0 0
463.8287352941178 42.479105190311344 -1 0 0
459.87565501730114 83.32760138408295 -1 0 0
469.97797128027696 32.376788927335525 -1 0 0
487.5472169550174 23.15293494809677 -1 0 0
488.4256792387544 37.20833148788918 -1 0 0
488.4256792387544 15.246774394463557 -1 0 0
461.63257958477516 25.349090657439348 -1 0 0
449.3341076124568 41.60064290657428 -1 0 0
434.83947993079596 38.08679377162619 -1 0 0
429.5687062283738 31.059095501730013 -1 0 0
429.1294750865053 26.227552941176356 -1 0 0
430.0079373702423 21.83524152249126 -1 0 0
419.9056211072665 24.909859515570844 -1 0 0
414.1956162629758 27.106015224913392 -1 0 0
417.27023425605546 38.08679377162619 -1 0 0
401.8971442906575 41.161411764705775 -1 0 0
428.6902439446368 57.85219515570927 -1 0 0
377.3002003460208 21.396010380622755 -1 0 0
384.327898615917 17.882161245674638 -1 0 0
399.26175743944646 17.0036989619376 -1 0 0
403.2148377162631 19.639085813148682 -1 0 0
385.2063608996541 31.93755778546702 -1 0 0
397.50483287197244 34.5729446366781 -1 0 0
359.7309546712803 13.050618685121009 -1 0 0
354.89941211072664 15.246774394463557 -1 0 0
350.0678695501731 28.423708650518932 -1 0 0
349.6286384083046 16.564467820069098 -1 0 0
369.3940397923876 26.227552941176356 -1 0 0
364.12326608996545 41.161411764705775 -1 0 0
346.99325155709346 49.06757231833902 -1 0 0
343.47940242214537 53.459883737024114 -1 0 0
393.9909837370243 81.13144567474039 -1 0 0
375.5432757785468 61.80527543252585 -1 0 0
320.63938304498276 13.050618685121009 -1 0 0
325.47092560553637 17.882161245674638 -1 0 0
419.9056211072665 13.929080968858017 -1 0 0
437.0356356401385 12.172156401383972 -1 0 0
444.06333391003466 17.882161245674638 -1 0 0
456.8010370242215 13.050618685121009 -1 0 0
451.96949446366796 20.956779238754223 -1 0 0
567.926515916955 8.093002768166087 -1 0 0
588.1311484429066 3.2614602076124584 -1 0 0
576.2719076124567 58.60458408304495 -1 0 0
591.6449975778547 72.65998062283734 -1 0 0
526.6387885813149 3.2614602076124584 -1 0 0
555.6280439446367 6.775309342560548 -1 0 0
523.5641705882354 11.167620761245672 -1 0 0
542.4511096885814 13.36377647058822 -1 0 0
517.4149346020762 3.7006913494809623 -1 0 0
513.022623183391 8.971465051903124 -1 0 0
405.4109934256056 5.018384775086503 -1 0 0
393.9909837370243 12.485314186851213 -1 0 0
389.1594411764707 8.093002768166087 -1 0 0
370.7117332179932 8.093002768166087 -1 0 0
381.69251176470596 5.018384775086503 -1 0 0
319.76092076124576 9.849927335640132 -1 0 0
344.35786470588243 1.943766782006918 -1 0 0
350.5071006920416 6.336078200692043 -1 0 0
343.4794024221454 14.242238754325259 -1 0 0
333.8163173010381 3.2614602076124584 -1 0 0
294.7247456747406 7.21454048442905 -1 0 0
296.92090138408315 4.139922491349466 -1 0 0
329.424005882353 6.336078200692043 -1 0 0
352.2640252595157 0.18684221453287364 -1 0 0
318.00399619377174 25.223017301038055 -1 0 0
634.2504183391004 128.44233564013837 -1 0 0
453.2871878892734 3.2614602076124584 -1 0 0
434.8394799307959 8.093002768166087 -1 0 0
459.4364238754326 6.775309342560548 -1 0 0
483.59413667820075 9.410696193771628 -1 0 0
420.34485224913504 3.2614602076124584 -1 0 0
360.60941695501737 22.587630449826975 -1 0 0
312.2939913494811 129.76002906574388 -1 0 0
402.99522214532885 91.54691972318335 -1 0 0
381.47289619377176 12.046083044982709 -1 0 0
426.27447266436 9.849927335640132 -1 0 0
475.02912941176487 8.093002768166087 -1 0 0
413.5367695501732 96.81769342560548 -1 0 0
333.5967017301039 39.71764498269894 -1 0 0
200.5096657439448 66.94997577854669 -1 0 0
411.77984498269905 8.971465051903124 -1 0 0
535.4234114186852 13.050618685121208 -1 0 0
4.832192041522717 21.8352415224914 -1 0 0
50.51223079584793 69.27220484429074 -1 0 0
40.84914567474067 13.929080968858218 -1 0 0
465.1464287197233 12.172156401384143 -1 0 0
499.4064577854672 4.265995847750901 -1 0 0
74.07121626297578 41.03533840830448 -1 0 0
94.71507993079584 9.410696193771628 -1 0 0
155.3289775086505 14.681469896193759 -1 0 0
208.91517681660898 15.120701038062293 -1 0 0
189.14977543252593 23.905323875432515 -1 0 0
23.998866089965418 65.19305121107264 -1 0 0
208.03671453287194 65.19305121107264 -1 0 0
506.65377162629767 22.587630449826975 -1 0 0
109.39010989010993 4.1703296703298065 -1 0 0
87.43406593406598 2.3901098901100113 -1 0 0
535.4560439560439 5.3571428571429465 -1 0 0
