54.252784394741006 554.5861669161202 -1 0 0
55.69098664193204 524.383919725109 -1 0 0
4.994357428448925 500.2940320846595 -1 0 0
28.005593383505108 473.6872905116258 -1 0 0
42.387615855415234 469.3726837700527 -1 0 0
68.99435742844892 473.6872905116258 -1 0 0
92.72469450710062 477.28279612960324 -1 0 0
20.814582147550045 434.13672871387297 -1 0 0
41.66851473181971 438.451335455446 -1 0 0
3.5561551812578913 433.41762759027745 -1 0 0
14.342672035190501 468.6535826464572 -1 0 0
4.994357428448925 470.0917848936482 -1 0 0
108.54491922620174 483.7547062419629 -1 0 0
108.54491922620174 452.11425680376055 -1 0 0
147.3763799003591 488.78841410713136 -1 0 0
156.72469450710065 474.4063916352213 -1 0 0
138.74716641721298 463.61987478128873 -1 0 0
84.09548102395456 464.33897590488425 -1 0 0
67.55615518125792 408.9681893880303 -1 0 0
50.29772821496577 416.87830174758085 -1 0 0
36.63480686665117 393.86706579252467 -1 0 0
22.252784394741045 383.79965006218754 -1 0 0
10.028065293617471 401.7771781520752 -1 0 0
6.432559675639923 349.28279612960324 -1 0 0
86.97188551833659 654.9007736576932 -1 0 0
156.72469450710065 646.9906612981426 -1 0 0
285.44379563069623 631.1704365790415 -1 0 0
273.2190765295726 561.4176275902774 -1 0 0
264.58986304642656 539.1254927588168 -1 0 0
197.71345855204447 467.2153803992662 -1 0 0
186.2078405745164 465.7771781520752 -1 0 0
199.15166079923551 450.67605455656957 -1 0 0
227.91570574305575 458.58616691612013 -1 0 0
269.62357091159504 462.1816725340977 -1 0 0
260.99435742844895 465.0580770284797 -1 0 0
254.52244731608945 439.889537702637 -1 0 0
241.57862709137038 434.13672871387297 -1 0 0
309.89323383294334 542.0018972531988 -1 0 0
336.49997540597707 589.4625714105022 -1 0 0
318.5224473160894 595.9344815228617 -1 0 0
388.27525630485354 637.642346691401 -1 0 0
376.05053720372996 607.4400995003898 -1 0 0
194.83705405766247 424.06931298353584 -1 0 0
214.9718855183366 426.2266163543224 -1 0 0
218.56739113631417 411.84459388241225 -1 0 0
231.51121136103328 416.1592006239853 -1 0 0
197.71345855204447 398.9007736576932 -1 0 0
179.01682933856134 412.5636950060078 -1 0 0
140.18536866440402 445.6423466914011 -1 0 0
130.83705405766244 438.451335455446 -1 0 0
132.99435742844895 419.7547062419628 -1 0 0
107.10671697901074 379.4850433206145 -1 0 0
94.16289675429167 391.7097624217381 -1 0 0
77.62357091159502 398.9007736576932 -1 0 0
78.3426720351905 370.85582983746843 -1 0 0
74.747166417213 388.8333579273561 -1 0 0
50.29772821496577 367.9794253430864 -1 0 0
31.60109900148262 378.765942197019 -1 0 0
35.91570574305569 370.85582983746843 -1 0 0
51.73593046215681 347.1254927588168 -1 0 0
31.60109900148262 352.1592006239853 -1 0 0
119.33143608013435 380.92324556780557 -1 0 0
143.06177315878605 377.32773994982796 -1 0 0
143.06177315878605 365.8221219722999 -1 0 0
117.17413270934784 364.38391972510885 -1 0 0
144.49997540597704 356.47380736555834 -1 0 0
165.3539079902467 378.765942197019 -1 0 0
161.75840237226922 390.99066129814264 -1 0 0
158.70222259698832 427.4850433206145 -1 0 0
136.0505372037299 394.765942197019 -1 0 0
177.39885181047148 376.4288635453336 -1 0 0
179.19660461946023 363.8445938824122 -1 0 0
203.64604282170745 387.21538039926617 -1 0 0
198.97188551833668 369.95695343297405 -1 0 0
203.64604282170745 359.1704365790414 -1 0 0
254.70222259698832 423.1704365790415 -1 0 0
240.679750686876 387.9344815228617 -1 0 0
236.00559338350521 356.2940320846594 -1 0 0
222.70222259698832 363.4850433206145 -1 0 0
218.02806529361754 357.3726837700527 -1 0 0
235.64604282170745 371.3951556801651 -1 0 0
243.91570574305575 371.3951556801651 -1 0 0
252.90446978799957 396.92324556780557 -1 0 0
265.48873945092095 392.9681893880303 -1 0 0
284.1853686644041 404.11425680376055 -1 0 0
241.75840237226925 342.9906612981426 -1 0 0
278.7921102374378 368.1592006239853 -1 0 0
279.5112113610333 378.9457174779179 -1 0 0
282.3876158554153 354.85582983746843 -1 0 0
291.7359304621569 348.0243691633111 -1 0 0
202.3876158554152 287.08054893859213 -1 0 0
11.46626754080847 229.19290848915392 -1 0 0
52.45503158575229 239.26032421949103 -1 0 0
49.578627091370294 324.8333579273562 -1 0 0
8.589863046426439 333.4625714105023 -1 0 0
68.27525630485344 301.8221219723 -1 0 0
161.21907652957256 403.754706241963 -1 0 0
221.62357091159495 323.93448152286174 -1 0 0
289.938177653168 324.65358264645727 -1 0 0
298.56739113631403 335.79965006218765 -1 0 0
310.79211023743767 323.93448152286174 -1 0 0
325.1741327093478 333.2827961296033 -1 0 0
320.1404248441793 323.2153803992662 -1 0 0
362.20784057451635 314.58616691612013 -1 0 0
353.57862709137027 327.1704365790415 -1 0 0
361.12918888912316 322.85582983746843 -1 0 0
337.03930124867367 336.1592006239853 -1 0 0
305.75840237226913 352.33897590488425 -1 0 0
303.96064956328036 376.06931298353595 -1 0 0
310.07300911384215 362.4063916352213 -1 0 0
311.5112113610332 374.99066129814264 -1 0 0
307.91570574305564 396.5636950060079 -1 0 0
311.15166079923546 386.49627927567076 -1 0 0
345.3089641700219 382.54122309589553 -1 0 0
347.1067169790108 373.1929084891539 -1 0 0
335.6010990014827 353.4176275902775 -1 0 0
349.2640203497972 358.0917848936483 -1 0 0
315.1067169790107 356.2940320846595 -1 0 0
369.7584023722692 373.9120096127494 -1 0 0
353.938177653168 368.87830174758085 -1 0 0
381.62357091159504 343.35021185994043 -1 0 0
373.3539079902466 339.39515568016515 -1 0 0
383.42132372058376 327.1704365790415 -1 0 0
347.1067169790108 336.51875118578306 -1 0 0
390.9718855183366 335.79965006218765 -1 0 0
399.96064956328036 322.85582983746843 -1 0 0
405.3539079902466 335.79965006218765 -1 0 0
411.4662675408085 340.8333579273561 -1 0 0
412.185368664404 363.12549275881685 -1 0 0
384.49997540597707 370.31650399477184 -1 0 0
391.6909866419321 398.3614478149966 -1 0 0
363.2864922599097 416.3389759048843 -1 0 0
332.72469450710065 411.30526803971577 -1 0 0
320.85952596777486 399.08054893859213 -1 0 0
303.96064956328047 453.7322343318505 -1 0 0
347.1067169790108 445.4625714105023 -1 0 0
364.00559338350524 441.50751523072694 -1 0 0
322.6572787767636 415.6198747812888 -1 0 0
343.1516607992355 408.069312983536 -1 0 0
395.6460428217074 390.81088601724383 -1 0 0
404.6348068666513 381.1030208487045 -1 0 0
399.96064956328047 388.2940320846596 -1 0 0
422.2527843947411 378.58616691612025 -1 0 0
449.5786270913704 353.4176275902775 -1 0 0
436.99435742844895 352.33897590488425 -1 0 0
471.1516607992355 378.945717477918 -1 0 0
456.05053720372996 369.5974028711764 -1 0 0
445.26402034979736 376.4288635453337 -1 0 0
429.08424506889844 365.2827961296034 -1 0 0
443.46626754080853 391.5299871408393 -1 0 0
432.3202001250782 392.96818938803034 -1 0 0
411.1067169790108 405.91200961274944 -1 0 0
413.62357091159504 394.04684107342365 -1 0 0
438.0730091138423 413.1030208487045 -1 0 0
422.2527843947411 421.0131332082551 -1 0 0
413.26402034979736 433.95695343297416 -1 0 0
454.6123349565389 416.69852646668204 -1 0 0
461.80334619249396 437.5524590509517 -1 0 0
399.6010990014827 462.7209983767944 -1 0 0
491.2864922599097 453.0131332082551 -1 0 0
508.18536866440405 426.4063916352213 -1 0 0
497.7584023722692 404.11425680376067 -1 0 0
477.6235709115951 366.0018972531989 -1 0 0
470.0730091138423 349.1030208487045 -1 0 0
456.05053720372996 326.81088601724383 -1 0 0
449.5786270913704 318.9007736576932 -1 0 0
414.34267203519056 351.9794253430865 -1 0 0
479.78087428238155 335.44009950038986 -1 0 0
474.7471664172131 325.013133208255 -1 0 0
494.5224473160894 331.4850433206146 -1 0 0
499.19660461946023 325.013133208255 -1 0 0
489.8482900127187 364.5636950060079 -1 0 0
485.1741327093479 354.136728713873 -1 0 0
478.70222259698835 354.136728713873 -1 0 0
499.556155181258 353.0580770284797 -1 0 0
511.78087428238155 354.49627927567076 -1 0 0
521.8482900127186 360.2490882644348 -1 0 0
513.2190765295726 380.38391972510897 -1 0 0
507.8258181026063 370.31650399477184 -1 0 0
524.3651439453029 410.945717477918 -1 0 0
549.8932338329433 318.5412230958955 -1 0 0
545.2190765295726 330.76594219701906 -1 0 0
567.4213237205837 332.8333579273562 -1 0 0
530.3876158554152 348.8333579273562 -1 0 0
530.0280652936175 338.22661635432246 -1 0 0
550.8819978778871 355.4850433206146 -1 0 0
562.9269416981118 340.92324556780557 -1 0 0
542.2527843947411 346.6760545565696 -1 0 0
543.5112113610332 379.93448152286174 -1 0 0
595.1966046194602 330.0468410734237 -1 0 0
609.9381776531682 323.2153803992664 -1 0 0
584.0505372037298 342.631110736345 -1 0 0
583.6909866419321 352.33897590488436 -1 0 0
566.0730091138422 369.5974028711765 -1 0 0
575.7808742823815 379.3052680397159 -1 0 0
593.0393012486737 381.8221219723001 -1 0 0
609.2190765295726 381.8221219723001 -1 0 0
614.6123349565389 368.5187511857833 -1 0 0
624.679750686876 346.2266163543226 -1 0 0
613.8932338329433 332.563695006008 -1 0 0
579.7359304621568 408.0693129835361 -1 0 0
568.5898630464266 405.1929084891541 -1 0 0
547.3763799003591 401.2378523093788 -1 0 0
612.8145821475501 405.1929084891541 -1 0 0
563.556155181258 419.21538039926645 -1 0 0
561.7584023722692 404.1142568037608 -1 0 0
628.81458214755 333.4625714105023 -1 0 0
645.3539079902466 340.6535826464573 -1 0 0
639.2415484396848 337.41762759027756 -1 0 0
679.1516607992354 332.383919725109 -1 0 0
634.5673911363141 416.15920062398544 -1 0 0
653.9831214733927 417.23785230937875 -1 0 0
655.4213237205837 406.09178489364837 -1 0 0
654.3426720351904 395.3052680397158 -1 0 0
663.3314360801343 387.0356051183675 -1 0 0
656.1404248441793 377.687290511626 -1 0 0
625.2190765295725 377.687290511626 -1 0 0
628.0954810239544 366.9007736576933 -1 0 0
664.0505372037298 335.61987478128884 -1 0 0
666.9269416981117 433.41762759027756 -1 0 0
684.5449192262017 430.5412230958956 -1 0 0
645.3539079902466 438.8108860172439 -1 0 0
614.4325596756398 440.24908826443493 -1 0 0
606.1628967542915 435.2153803992664 -1 0 0
586.3876158554151 433.7771781520754 -1 0 0
586.7471664172128 442.76594219701917 -1 0 0
546.4775034958645 426.94571747791804 -1 0 0
645.7134585520444 374.4513354554461 -1 0 0
714.0280652936175 334.9007736576933 -1 0 0
690.6572787767635 350.0018972531989 -1 0 0
680.5898630464264 397.82212197230007 -1 0 0
687.7808742823814 410.40639163522144 -1 0 0
694.252784394741 397.1030208487046 -1 0 0
713.6685147318196 354.316503994772 -1 0 0
746.0280652936175 396.7434702869068 -1 0 0
720.1404248441793 414.7209983767945 -1 0 0
730.9269416981118 419.39515568016526 -1 0 0
746.3876158554151 422.2715601745473 -1 0 0
738.4775034958645 443.4850433206147 -1 0 0
761.8482900127185 411.12549275881696 -1 0 0
776.9494136082241 419.75470624196305 -1 0 0
787.7359304621567 434.49627927567093 -1 0 0
776.2303124846287 392.069312983536 -1 0 0
785.5786270913701 382.7209983767944 -1 0 0
770.1179529340669 360.42886354533374 -1 0 0
779.4662675408084 353.5974028711765 -1 0 0
746.747166417213 337.41762759027756 -1 0 0
752.4999754059769 328.069312983536 -1 0 0
715.8258181026061 343.5299871408394 -1 0 0
703.2415484396848 342.4513354554461 -1 0 0
702.8819978778871 367.61987478128884 -1 0 0
724.4550315857522 358.631110736345 -1 0 0
782.7022225969882 342.8108860172439 -1 0 0
757.1741327093478 355.0356051183675 -1 0 0
804.0954810239546 330.765942197019 -1 0 0
802.2977282149658 338.31650399477184 -1 0 0
801.5786270913703 380.7434702869067 -1 0 0
818.1179529340669 414.1816725340977 -1 0 0
825.6685147318198 373.19290848915387 -1 0 0
819.9157057430558 361.6872905116258 -1 0 0
828.185368664404 349.8221219723 -1 0 0
826.0280652936176 333.6423466914011 -1 0 0
857.6685147318198 343.35021185994043 -1 0 0
848.679750686876 333.2827961296033 -1 0 0
849.7584023722692 394.4063916352213 -1 0 0
840.4100877655276 413.4625714105022 -1 0 0
802.2977282149658 446.54122309589553 -1 0 0
806.6123349565389 458.04684107342354 -1 0 0
837.1741327093479 449.0580770284797 -1 0 0
843.2864922599097 433.59740287117637 -1 0 0
856.2303124846287 432.87830174758085 -1 0 0
866.6572787767635 426.4063916352213 -1 0 0
881.0393012486737 435.39515568016515 -1 0 0
880.679750686876 412.0243691633112 -1 0 0
878.5224473160895 388.65358264645727 -1 0 0
865.5786270913703 370.6760545565696 -1 0 0
858.747166417213 358.0917848936482 -1 0 0
869.8932338329433 358.0917848936482 -1 0 0
848.3202001250781 369.9569534329741 -1 0 0
915.9157057430558 363.4850433206145 -1 0 0
896.8595259677747 360.9681893880303 -1 0 0
915.556155181258 339.7547062419629 -1 0 0
896.1404248441793 333.6423466914011 -1 0 0
887.870761922831 356.65358264645727 -1 0 0
941.8033461924939 369.9569534329741 -1 0 0
932.0954810239546 366.72099837679434 -1 0 0
934.6123349565389 353.0580770284797 -1 0 0
931.3763799003592 340.8333579273561 -1 0 0
939.6460428217074 333.6423466914011 -1 0 0
947.9157057430558 318.5412230958954 -1 0 0
952.5898630464266 353.0580770284797 -1 0 0
946.4775034958648 340.8333579273561 -1 0 0
931.7359304621568 381.46257141050216 -1 0 0
895.0617731587861 398.3614478149966 -1 0 0
896.1404248441793 430.3614478149966 -1 0 0
888.5898630464266 421.7322343318505 -1 0 0
905.4887394509209 444.38391972510897 -1 0 0
925.9831214733929 437.91200961274944 -1 0 0
934.2527843947411 417.4176275902775 -1 0 0
949.7134585520445 416.698526466682 -1 0 0
943.241548439685 395.84459388241237 -1 0 0
957.2640203497973 393.32773994982807 -1 0 0
981.3539079902466 409.8670657925247 -1 0 0
981.7134585520445 388.65358264645727 -1 0 0
974.5224473160895 376.4288635453337 -1 0 0
993.2190765295726 363.4850433206145 -1 0 0
996.8145821475501 346.2266163543224 -1 0 0
1015.5112113610332 346.2266163543224 -1 0 0
983.1516607992355 345.86706579252467 -1 0 0
1011.9157057430558 432.5187511857831 -1 0 0
960.4999754059771 422.81088601724383 -1 0 0
951.870761922831 449.77717815207524 -1 0 0
991.7808742823815 437.5524590509516 -1 0 0
1020.9044697879995 375.70976242173816 -1 0 0
975.9606495632805 336.87830174758085 -1 0 0
371.01682933856125 538.3258918846751 -1 0 0
392.5898630464265 531.13488064872 -1 0 0
448.6797506868759 519.629262671192 -1 0 0
442.20784057451635 495.89892559254025 -1 0 0
488.2303124846287 509.5618469408549 -1 0 0
546.4775034958648 485.8315098622032 -1 0 0
511.9606495632804 620.3034199745628 -1 0 0
519.870761922831 605.9213975026527 -1 0 0
505.48873945092083 651.943869412765 -1 0 0
452.99435742844895 662.7303862666976 -1 0 0
337.938177653168 664.1685885138886 -1 0 0
624.1404248441793 541.2022963790571 -1 0 0
593.938177653168 529.6966784015291 -1 0 0
670.8819978778871 541.2022963790571 -1 0 0
576.6797506868759 670.6404986262481 -1 0 0
542.1628967542916 610.2360042442257 -1 0 0
682.3876158554152 519.629262671192 -1 0 0
748.0055933835052 603.2247682891694 -1 0 0
763.8258181026065 551.4494873902931 -1 0 0
783.9606495632805 542.1011727835515 -1 0 0
783.6010990014828 480.258476154338 -1 0 0
719.241548439685 484.57308289591106 -1 0 0
701.2640203497973 524.1236446936639 -1 0 0
806.0730091138423 594.4157795251245 -1 0 0
828.3651439453029 553.4270154801808 -1 0 0
872.2303124846287 553.4270154801808 -1 0 0
891.6460428217075 605.2022963790571 -1 0 0
926.1628967542918 575.0000491880459 -1 0 0
905.308964170022 553.4270154801808 -1 0 0
917.5336832711456 534.7303862666976 -1 0 0
877.9831214733929 467.13488064872 -1 0 0
860.0055933835052 462.82027390714705 -1 0 0
770.8370540576624 462.10117278355153 -1 0 0
766.5224473160895 441.9663413228773 -1 0 0
1018.926941698112 598.0112851431021 -1 0 0
1016.7696383273254 519.629262671192 -1 0 0
982.2527843947412 527.5393750307426 -1 0 0
945.5786270913703 587.943869412765 -1 0 0
532.0954810239544 452.8333579273562 -1 0 0
529.9381776531679 439.8895377026371 -1 0 0
455.87076192283087 382.3614478149966 -1 0 0
450.83705405766233 394.58616691612025 -1 0 0
624.8595259677747 374.45133545544604 -1 0 0
1011.735930462157 327.7097624217382 -1 0 0
707.7088115136896 393.6964498915718 -1 0 0
