328.576923076923 433.57692307692304 -1 0 0
309.3461538461538 408.96153846153845 -1 0 0
275.5 430.5 -1 0 0
277.80769230769226 402.80769230769226 -1 0 0
207.03846153846152 410.5 -1 0 0
231.65384615384616 435.1153846153846 -1 0 0
171.65384615384616 418.96153846153845 -1 0 0
142.42307692307693 440.5 -1 0 0
116.26923076923075 423.57692307692304 -1 0 0
85.49999999999997 427.4230769230769 -1 0 0
44.730769230769226 432.80769230769226 -1 0 0
98.57692307692307 385.88461538461536 -1 0 0
141.65384615384616 378.96153846153845 -1 0 0
170.1153846153846 360.5 -1 0 0
208.5769230769231 385.1153846153846 -1 0 0
228.57692307692304 362.0384615384615 -1 0 0
264.73076923076917 362.0384615384615 -1 0 0
294.73076923076917 349.7307692307692 -1 0 0
329.3461538461538 367.4230769230769 -1 0 0
354.73076923076917 387.4230769230769 -1 0 0
408.576923076923 395.1153846153846 -1 0 0
367.03846153846143 358.96153846153845 -1 0 0
448.576923076923 369.7307692307692 -1 0 0
481.6538461538461 399.7307692307692 -1 0 0
455.49999999999983 434.3461538461538 -1 0 0
430.88461538461536 445.1153846153846 -1 0 0
535.4999999999999 388.96153846153845 -1 0 0
517.0384615384614 358.96153846153845 -1 0 0
539.3461538461538 328.1923076923077 -1 0 0
590.8846153846154 421.2692307692307 -1 0 0
572.4230769230768 374.3461538461538 -1 0 0
603.1923076923076 371.2692307692308 -1 0 0
642.4230769230768 400.5 -1 0 0
650.1153846153845 358.96153846153845 -1 0 0
638.576923076923 344.3461538461538 -1 0 0
659.3461538461538 317.4230769230769 -1 0 0
709.3461538461538 322.03846153846155 -1 0 0
723.9615384615383 326.65384615384613 -1 0 0
668.576923076923 303.57692307692304 -1 0 0
679.3461538461538 292.8076923076923 -1 0 0
674.7307692307692 271.2692307692308 -1 0 0
651.6538461538461 260.5 -1 0 0
619.3461538461538 263.57692307692304 -1 0 0
617.0384615384614 298.1923076923077 -1 0 0
541.6538461538461 300.5 -1 0 0
481.6538461538461 288.96153846153845 -1 0 0
452.4230769230769 311.2692307692308 -1 0 0
423.96153846153845 302.03846153846155 -1 0 0
388.576923076923 280.5 -1 0 0
419.3461538461538 278.96153846153845 -1 0 0
442.42307692307685 272.8076923076923 -1 0 0
547.8076923076923 267.4230769230769 -1 0 0
577.8076923076923 268.1923076923077 -1 0 0
737.8076923076923 267.4230769230769 -1 0 0
727.8076923076923 294.3461538461538 -1 0 0
744.7307692307692 337.4230769230769 -1 0 0
761.6538461538461 248.19230769230765 -1 0 0
706.2692307692307 230.49999999999997 -1 0 0
504.7307692307692 285.88461538461536 -1 0 0
492.4230769230769 247.4230769230769 -1 0 0
508.57692307692304 271.2692307692308 -1 0 0
507.80769230769226 218.96153846153845 -1 0 0
449.3461538461538 235.88461538461536 -1 0 0
410.1153846153845 242.03846153846152 -1 0 0
363.1923076923076 248.19230769230765 -1 0 0
340.88461538461536 248.19230769230765 -1 0 0
311.6538461538461 257.4230769230769 -1 0 0
336.2692307692307 299.7307692307692 -1 0 0
338.576923076923 333.57692307692304 -1 0 0
296.2692307692307 318.1923076923077 -1 0 0
480.8846153846153 251.26923076923077 -1 0 0
481.6538461538461 192.80769230769226 -1 0 0
568.576923076923 221.26923076923077 -1 0 0
544.7307692307692 245.88461538461536 -1 0 0
525.4999999999999 235.11538461538458 -1 0 0
543.9615384615383 206.65384615384616 -1 0 0
554.7307692307692 185.88461538461536 -1 0 0
422.42307692307685 212.03846153846152 -1 0 0
444.73076923076917 208.19230769230768 -1 0 0
401.653846153846 228.19230769230768 -1 0 0
376.2692307692307 238.96153846153845 -1 0 0
360.88461538461536 195.1153846153846 -1 0 0
307.80769230769226 224.34615384615384 -1 0 0
247.03846153846152 268.96153846153845 -1 0 0
235.5 287.4230769230769 -1 0 0
196.26923076923077 291.2692307692308 -1 0 0
193.9615384615384 272.8076923076923 -1 0 0
134.7307692307692 299.7307692307692 -1 0 0
147.03846153846152 349.7307692307692 -1 0 0
111.65384615384615 362.80769230769226 -1 0 0
110.11538461538463 345.88461538461536 -1 0 0
117.03846153846152 326.65384615384613 -1 0 0
51.65384615384616 352.0384615384615 -1 0 0
56.269230769230774 321.2692307692308 -1 0 0
24.730769230769226 325.1153846153846 -1 0 0
65.49999999999997 302.80769230769226 -1 0 0
19.34615384615384 303.57692307692304 -1 0 0
20.884615384615387 360.5 -1 0 0
7.038461538461547 395.1153846153846 -1 0 0
43.19230769230768 410.5 -1 0 0
277.03846153846155 288.96153846153845 -1 0 0
297.80769230769226 284.3461538461538 -1 0 0
311.6538461538461 287.4230769230769 -1 0 0
268.5769230769231 312.80769230769226 -1 0 0
88.76923076923075 368.1923076923077 -1 0 0
209.9230769230769 333.1923076923077 -1 0 0
187.99999999999994 316.2692307692308 -1 0 0
223.38461538461533 311.2692307692308 -1 0 0
249.15384615384613 335.5 -1 0 0
264.5384615384615 334.7307692307692 -1 0 0
227.99999999999991 244.73076923076923 -1 0 0
207.23076923076923 274.3461538461538 -1 0 0
160.3076923076923 243.96153846153845 -1 0 0
132.2307692307692 239.34615384615384 -1 0 0
105.69230769230768 278.1923076923077 -1 0 0
116.84615384615381 282.8076923076923 -1 0 0
101.84615384615381 309.7307692307692 -1 0 0
83.76923076923075 327.4230769230769 -1 0 0
98.76923076923076 293.1923076923077 -1 0 0
169.34615384615384 288.96153846153845 -1 0 0
157.8076923076923 314.3461538461538 -1 0 0
144.7307692307692 328.96153846153845 -1 0 0
80.88461538461539 229.73076923076923 -1 0 0
61.65384615384615 218.96153846153845 -1 0 0
45.5 245.88461538461536 -1 0 0
27.038461538461547 245.88461538461536 -1 0 0
13.961538461538451 268.96153846153845 -1 0 0
42.423076923076934 278.1923076923077 -1 0 0
70.11538461538461 268.96153846153845 -1 0 0
193.9615384615384 238.96153846153845 -1 0 0
422.42307692307685 337.4230769230769 -1 0 0
380.88461538461536 334.3461538461538 -1 0 0
473.9615384615384 355.1153846153846 -1 0 0
512.4230769230769 337.4230769230769 -1 0 0
617.8076923076923 245.88461538461536 -1 0 0
588.576923076923 231.26923076923075 -1 0 0
280.11538461538464 238.96153846153845 -1 0 0
278.5769230769231 219.73076923076923 -1 0 0
270.11538461538464 189.73076923076923 -1 0 0
202.42307692307693 221.26923076923077 -1 0 0
117.99999999999997 233.76923076923075 -1 0 0
94.9230769230769 224.53846153846152 -1 0 0
21.076923076923066 220.30769230769232 -1 0 0
70.30769230769229 206.07692307692307 -1 0 0
155.69230769230768 225.69230769230768 -1 0 0
161.46153846153845 210.3076923076923 -1 0 0
147.99999999999997 198.76923076923077 -1 0 0
184.5384615384615 191.07692307692307 -1 0 0
96.07692307692307 198.0 -1 0 0
64.53846153846152 180.3076923076923 -1 0 0
51.076923076923066 202.61538461538458 -1 0 0
31.846153846153825 209.53846153846152 -1 0 0
246.46153846153845 223.76923076923075 -1 0 0
229.9230769230769 210.3076923076923 -1 0 0
255.30769230769224 189.53846153846152 -1 0 0
236.07692307692304 168.76923076923077 -1 0 0
219.15384615384613 198.76923076923077 -1 0 0
334.15384615384613 205.3076923076923 -1 0 0
320.30769230769226 191.8461538461538 -1 0 0
305.30769230769226 197.61538461538458 -1 0 0
291.07692307692304 204.15384615384613 -1 0 0
348.7692307692307 177.61538461538458 -1 0 0
362.23076923076917 161.46153846153845 -1 0 0
343.7692307692307 164.53846153846152 -1 0 0
322.6153846153846 164.53846153846152 -1 0 0
323.7692307692307 136.46153846153845 -1 0 0
288.38461538461536 179.9230769230769 -1 0 0
239.9230769230769 253.38461538461536 -1 0 0
79.15384615384613 252.2307692307692 -1 0 0
37.99999999999997 188.0 -1 0 0
11.846153846153825 194.53846153846152 -1 0 0
13.769230769230761 178.76923076923077 -1 0 0
6.461538461538453 174.53846153846152 -1 0 0
22.230769230769212 153.38461538461536 -1 0 0
32.23076923076921 125.69230769230768 -1 0 0
46.076923076923066 142.23076923076923 -1 0 0
55.30769230769229 144.53846153846152 -1 0 0
64.53846153846152 144.9230769230769 -1 0 0
65.69230769230768 160.69230769230768 -1 0 0
47.615384615384585 173.0 -1 0 0
79.15384615384613 174.15384615384613 -1 0 0
108.38461538461536 186.46153846153845 -1 0 0
94.9230769230769 174.9230769230769 -1 0 0
106.07692307692307 170.3076923076923 -1 0 0
101.07692307692307 146.46153846153845 -1 0 0
129.9230769230769 163.76923076923077 -1 0 0
125.69230769230768 151.46153846153845 -1 0 0
145.3076923076923 153.38461538461536 -1 0 0
159.15384615384613 177.23076923076923 -1 0 0
174.15384615384613 178.76923076923077 -1 0 0
139.9230769230769 183.76923076923077 -1 0 0
181.46153846153845 172.23076923076923 -1 0 0
202.23076923076923 172.23076923076923 -1 0 0
209.15384615384613 161.84615384615384 -1 0 0
199.1538461538461 159.53846153846152 -1 0 0
203.76923076923072 149.9230769230769 -1 0 0
184.15384615384613 149.9230769230769 -1 0 0
169.5384615384615 142.6153846153846 -1 0 0
185.69230769230768 118.0 -1 0 0
157.2307692307692 126.07692307692307 -1 0 0
122.61538461538458 110.69230769230768 -1 0 0
151.46153846153842 101.46153846153845 -1 0 0
29.153846153846136 102.61538461538461 -1 0 0
51.076923076923066 104.15384615384613 -1 0 0
66.07692307692307 105.69230769230768 -1 0 0
83.38461538461536 107.23076923076923 -1 0 0
96.84615384615381 103.0 -1 0 0
106.46153846153844 101.46153846153845 -1 0 0
119.92307692307689 100.69230769230768 -1 0 0
221.46153846153842 105.69230769230768 -1 0 0
230.3076923076923 106.84615384615384 -1 0 0
222.61538461538458 124.9230769230769 -1 0 0
237.6153846153846 129.9230769230769 -1 0 0
204.15384615384613 137.23076923076923 -1 0 0
261.8461538461538 141.07692307692307 -1 0 0
278.38461538461536 143.38461538461536 -1 0 0
278.7692307692307 166.07692307692307 -1 0 0
311.8461538461538 169.53846153846152 -1 0 0
334.9230769230769 190.69230769230768 -1 0 0
327.6153846153846 181.46153846153845 -1 0 0
349.5384615384615 187.61538461538458 -1 0 0
338.38461538461536 228.38461538461536 -1 0 0
303.7692307692307 239.9230769230769 -1 0 0
292.99999999999994 249.53846153846152 -1 0 0
361.07692307692304 303.7692307692307 -1 0 0
369.5384615384615 263.38461538461536 -1 0 0
384.15384615384613 277.6153846153846 -1 0 0
353.38461538461536 279.53846153846155 -1 0 0
380.30769230769226 197.61538461538458 -1 0 0
377.6153846153846 187.61538461538458 -1 0 0
361.07692307692304 146.07692307692307 -1 0 0
381.8461538461538 149.15384615384613 -1 0 0
372.6153846153846 141.84615384615384 -1 0 0
368.38461538461536 124.53846153846152 -1 0 0
359.5384615384615 124.9230769230769 -1 0 0
353.38461538461536 129.9230769230769 -1 0 0
342.23076923076917 113.76923076923077 -1 0 0
348.7692307692307 111.07692307692307 -1 0 0
354.5384615384615 104.15384615384613 -1 0 0
323.38461538461536 117.61538461538461 -1 0 0
305.30769230769226 114.9230769230769 -1 0 0
322.23076923076917 104.15384615384613 -1 0 0
282.99999999999994 111.46153846153845 -1 0 0
267.99999999999994 111.46153846153845 -1 0 0
262.23076923076917 104.15384615384613 -1 0 0
249.15384615384613 106.07692307692307 -1 0 0
194.9230769230769 98.76923076923077 -1 0 0
113.38461538461537 123.0 -1 0 0
135.3076923076923 118.76923076923077 -1 0 0
95.69230769230768 163.76923076923077 -1 0 0
11.846153846153825 85.11538461538461 -1 0 0
11.846153846153825 63.57692307692309 -1 0 0
9.923076923076906 52.03846153846155 -1 0 0
19.923076923076906 26.65384615384616 -1 0 0
32.6153846153846 15.884615384615387 -1 0 0
41.84615384615384 37.423076923076934 -1 0 0
29.153846153846136 53.576923076923094 -1 0 0
38.769230769230745 60.11538461538461 -1 0 0
49.923076923076906 56.65384615384616 -1 0 0
52.99999999999997 31.65384615384616 -1 0 0
56.46153846153846 31.269230769230774 -1 0 0
-30.076923076923077 149.34615384615384 -1 0 0
67.99999999999997 55.5 -1 0 0
68.38461538461536 83.19230769230768 -1 0 0
38.38461538461536 77.80769230769232 -1 0 0
87.61538461538458 58.576923076923094 -1 0 0
81.84615384615384 35.88461538461539 -1 0 0
81.07692307692307 29.730769230769226 -1 0 0
84.9230769230769 4.730769230769226 -1 0 0
54.53846153846151 4.730769230769226 -1 0 0
34.923076923076906 3.961538461538453 -1 0 0
99.9230769230769 15.5 -1 0 0
102.23076923076921 27.80769230769232 -1 0 0
120.30769230769229 7.807692307692321 -1 0 0
132.2307692307692 17.423076923076934 -1 0 0
135.3076923076923 8.961538461538453 -1 0 0
141.46153846153842 10.884615384615387 -1 0 0
156.8461538461538 10.884615384615387 -1 0 0
152.61538461538458 10.5 -1 0 0
144.15384615384613 30.5 -1 0 0
155.69230769230768 29.346153846153836 -1 0 0
168.76923076923072 29.346153846153836 -1 0 0
163.0 30.88461538461539 -1 0 0
154.9230769230769 35.88461538461539 -1 0 0
134.53846153846152 36.269230769230774 -1 0 0
117.99999999999997 41.269230769230774 -1 0 0
104.92307692307692 58.576923076923094 -1 0 0
121.84615384615383 66.65384615384616 -1 0 0
66.84615384615384 130.5 -1 0 0
76.84615384615384 188.19230769230768 -1 0 0
157.99999999999997 151.65384615384613 -1 0 0
171.46153846153845 91.65384615384613 -1 0 0
166.46153846153845 78.19230769230768 -1 0 0
164.9230769230769 73.96153846153845 -1 0 0
143.38461538461536 72.4230769230769 -1 0 0
177.99999999999994 74.34615384615384 -1 0 0
192.61538461538458 74.34615384615384 -1 0 0
176.46153846153845 58.576923076923094 -1 0 0
180.69230769230768 38.96153846153845 -1 0 0
179.9230769230769 17.038461538461547 -1 0 0
194.9230769230769 11.65384615384616 -1 0 0
191.46153846153845 6.269230769230774 -1 0 0
212.61538461538458 7.807692307692321 -1 0 0
212.99999999999997 29.346153846153836 -1 0 0
210.69230769230768 25.5 -1 0 0
204.9230769230769 30.5 -1 0 0
214.15384615384613 45.88461538461539 -1 0 0
199.5384615384615 62.80769230769232 -1 0 0
211.8461538461538 64.73076923076923 -1 0 0
210.69230769230768 58.576923076923094 -1 0 0
199.9230769230769 52.03846153846155 -1 0 0
223.38461538461533 56.65384615384616 -1 0 0
230.3076923076923 60.11538461538461 -1 0 0
219.5384615384615 75.11538461538461 -1 0 0
212.23076923076923 78.96153846153845 -1 0 0
223.76923076923072 81.65384615384613 -1 0 0
214.15384615384613 92.4230769230769 -1 0 0
240.30769230769224 93.96153846153845 -1 0 0
248.76923076923072 95.5 -1 0 0
238.76923076923072 82.03846153846155 -1 0 0
254.53846153846152 63.19230769230768 -1 0 0
257.23076923076917 82.03846153846155 -1 0 0
271.46153846153845 71.65384615384613 -1 0 0
239.9230769230769 52.80769230769232 -1 0 0
248.38461538461536 48.576923076923094 -1 0 0
259.9230769230769 44.730769230769226 -1 0 0
260.6923076923077 37.80769230769232 -1 0 0
254.53846153846152 17.038461538461547 -1 0 0
237.2307692307692 7.423076923076934 -1 0 0
230.3076923076923 5.5 -1 0 0
259.9230769230769 5.115384615384613 -1 0 0
274.15384615384613 6.269230769230774 -1 0 0
271.8461538461538 22.423076923076934 -1 0 0
291.8461538461538 20.115384615384613 -1 0 0
296.07692307692304 12.038461538461547 -1 0 0
307.23076923076917 14.34615384615384 -1 0 0
285.6923076923077 31.65384615384616 -1 0 0
277.99999999999994 46.65384615384616 -1 0 0
271.8461538461538 41.65384615384616 -1 0 0
279.9230769230769 55.11538461538461 -1 0 0
276.4615384615384 63.57692307692309 -1 0 0
286.07692307692304 75.11538461538461 -1 0 0
280.6923076923077 89.73076923076923 -1 0 0
279.15384615384613 96.65384615384613 -1 0 0
251.46153846153845 116.26923076923076 -1 0 0
274.9230769230769 125.88461538461539 -1 0 0
299.5384615384615 89.73076923076923 -1 0 0
314.15384615384613 93.96153846153845 -1 0 0
303.38461538461536 76.26923076923077 -1 0 0
314.15384615384613 73.5769230769231 -1 0 0
321.07692307692304 77.03846153846155 -1 0 0
332.23076923076917 76.65384615384613 -1 0 0
339.5384615384615 80.5 -1 0 0
332.23076923076917 68.19230769230768 -1 0 0
317.23076923076917 64.34615384615384 -1 0 0
298.7692307692307 64.34615384615384 -1 0 0
294.15384615384613 71.65384615384613 -1 0 0
302.99999999999994 55.11538461538461 -1 0 0
326.07692307692304 54.730769230769226 -1 0 0
318.7692307692307 35.88461538461539 -1 0 0
309.15384615384613 33.576923076923094 -1 0 0
297.23076923076917 31.65384615384616 -1 0 0
326.4615384615384 21.65384615384616 -1 0 0
326.8461538461538 14.730769230769226 -1 0 0
341.4615384615384 11.65384615384616 -1 0 0
351.07692307692304 20.884615384615387 -1 0 0
367.99999999999994 23.961538461538453 -1 0 0
360.6923076923076 7.807692307692321 -1 0 0
347.99999999999994 32.423076923076934 -1 0 0
361.4615384615384 37.80769230769232 -1 0 0
356.4615384615384 42.423076923076934 -1 0 0
333.7692307692307 39.34615384615384 -1 0 0
339.5384615384615 48.19230769230768 -1 0 0
333.38461538461536 57.807692307692314 -1 0 0
353.38461538461536 68.19230769230768 -1 0 0
354.5384615384615 85.88461538461539 -1 0 0
332.6153846153846 93.96153846153845 -1 0 0
343.38461538461536 93.96153846153845 -1 0 0
381.8461538461538 99.73076923076923 -1 0 0
383.38461538461536 110.5 -1 0 0
382.99999999999994 87.80769230769232 -1 0 0
369.5384615384615 89.73076923076923 -1 0 0
368.38461538461536 61.65384615384616 -1 0 0
383.7692307692307 73.5769230769231 -1 0 0
383.38461538461536 64.34615384615384 -1 0 0
371.4615384615384 50.11538461538461 -1 0 0
384.5384615384615 49.730769230769226 -1 0 0
382.6153846153846 20.884615384615387 -1 0 0
333.38461538461536 17.423076923076934 -1 0 0
219.5384615384615 37.423076923076934 -1 0 0
191.07692307692304 39.730769230769226 -1 0 0
132.99999999999997 73.96153846153845 -1 0 0
391.2692307692307 40.5 -1 0 0
407.80769230769226 29.730769230769226 -1 0 0
408.576923076923 18.576923076923094 -1 0 0
400.1153846153845 20.884615384615387 -1 0 0
393.576923076923 9.346153846153868 -1 0 0
389.73076923076917 10.5 -1 0 0
426.6538461538461 11.65384615384616 -1 0 0
428.1923076923076 26.269230769230774 -1 0 0
437.4230769230769 22.423076923076934 -1 0 0
418.576923076923 23.961538461538453 -1 0 0
414.3461538461538 65.5 -1 0 0
407.03846153846155 72.42307692307693 -1 0 0
394.3461538461538 67.03846153846155 -1 0 0
392.4230769230769 59.34615384615386 -1 0 0
390.88461538461536 80.88461538461542 -1 0 0
402.4230769230769 82.03846153846155 -1 0 0
413.1923076923076 81.65384615384616 -1 0 0
427.03846153846155 79.34615384615387 -1 0 0
418.96153846153845 73.5769230769231 -1 0 0
424.3461538461538 69.73076923076923 -1 0 0
423.1923076923076 85.88461538461542 -1 0 0
427.80769230769226 113.19230769230772 -1 0 0
410.1153846153845 120.5 -1 0 0
393.96153846153845 123.19230769230771 -1 0 0
423.576923076923 175.11538461538464 -1 0 0
399.3461538461538 187.03846153846155 -1 0 0
421.6538461538461 168.1923076923077 -1 0 0
433.96153846153845 172.80769230769232 -1 0 0
415.5 167.80769230769232 -1 0 0
437.4230769230769 132.42307692307693 -1 0 0
426.6538461538461 99.73076923076924 -1 0 0
438.576923076923 44.730769230769226 -1 0 0
437.80769230769226 35.11538461538464 -1 0 0
433.576923076923 8.192307692307708 -1 0 0
441.6538461538461 187.8076923076923 -1 0 0
443.1923076923076 200.88461538461536 -1 0 0
456.6538461538461 215.1153846153846 -1 0 0
480.1153846153845 210.88461538461536 -1 0 0
277.80769230769226 158.57692307692307 -1 0 0
490.49999999999994 211.26923076923075 -1 0 0
500.49999999999994 190.5 -1 0 0
505.49999999999994 198.96153846153845 -1 0 0
513.9615384615383 181.26923076923075 -1 0 0
480.8846153846153 163.57692307692307 -1 0 0
459.34615384615375 166.26923076923077 -1 0 0
465.49999999999994 152.8076923076923 -1 0 0
446.2692307692307 145.1153846153846 -1 0 0
447.42307692307685 125.88461538461539 -1 0 0
455.1153846153845 118.57692307692305 -1 0 0
458.1923076923076 123.19230769230768 -1 0 0
474.34615384615375 120.5 -1 0 0
483.9615384615384 101.65384615384615 -1 0 0
472.42307692307685 96.65384615384613 -1 0 0
439.73076923076917 80.5 -1 0 0
458.9615384615384 75.5 -1 0 0
474.73076923076917 80.88461538461539 -1 0 0
483.1923076923076 85.11538461538461 -1 0 0
490.8846153846153 77.80769230769232 -1 0 0
503.576923076923 100.11538461538461 -1 0 0
508.9615384615384 112.42307692307692 -1 0 0
512.4230769230769 101.65384615384615 -1 0 0
512.0384615384614 66.65384615384616 -1 0 0
510.49999999999994 29.346153846153836 -1 0 0
495.1153846153845 35.88461538461539 -1 0 0
485.8846153846153 27.80769230769232 -1 0 0
481.26923076923066 21.269230769230774 -1 0 0
486.26923076923066 16.269230769230774 -1 0 0
453.1923076923076 48.19230769230768 -1 0 0
448.9615384615384 36.65384615384616 -1 0 0
450.8846153846153 28.576923076923094 -1 0 0
458.1923076923076 28.576923076923094 -1 0 0
466.2692307692307 20.115384615384613 -1 0 0
445.8846153846153 7.423076923076934 -1 0 0
455.49999999999994 7.423076923076934 -1 0 0
470.49999999999994 3.961538461538453 -1 0 0
515.5 4.730769230769226 -1 0 0
529.3461538461538 35.88461538461539 -1 0 0
537.4230769230769 35.88461538461539 -1 0 0
543.576923076923 35.88461538461539 -1 0 0
532.0384615384614 59.34615384615384 -1 0 0
520.8846153846152 59.34615384615384 -1 0 0
544.7307692307692 73.5769230769231 -1 0 0
533.9615384615383 85.11538461538461 -1 0 0
520.8846153846152 123.19230769230768 -1 0 0
524.3461538461538 145.1153846153846 -1 0 0
499.73076923076917 132.4230769230769 -1 0 0
520.8846153846152 167.8076923076923 -1 0 0
555.8846153846152 174.34615384615384 -1 0 0
548.9615384615383 145.1153846153846 -1 0 0
562.8076923076922 138.57692307692307 -1 0 0
578.1923076923076 139.73076923076923 -1 0 0
598.1923076923076 159.34615384615384 -1 0 0
612.8076923076922 155.8846153846154 -1 0 0
581.2692307692307 175.8846153846154 -1 0 0
613.1923076923076 187.8076923076923 -1 0 0
630.8846153846152 187.03846153846152 -1 0 0
601.2692307692307 197.4230769230769 -1 0 0
625.1153846153845 203.57692307692307 -1 0 0
622.8076923076922 130.5 -1 0 0
618.576923076923 137.4230769230769 -1 0 0
610.4999999999999 142.03846153846152 -1 0 0
608.1923076923076 128.57692307692307 -1 0 0
600.4999999999999 93.96153846153845 -1 0 0
641.2692307692307 95.5 -1 0 0
590.4999999999999 48.19230769230768 -1 0 0
577.8076923076922 49.730769230769226 -1 0 0
565.4999999999999 55.88461538461539 -1 0 0
582.0384615384614 38.96153846153845 -1 0 0
584.3461538461538 35.11538461538461 -1 0 0
564.3461538461538 14.34615384615384 -1 0 0
571.2692307692307 10.884615384615387 -1 0 0
590.4999999999999 11.65384615384616 -1 0 0
595.4999999999999 11.65384615384616 -1 0 0
601.6538461538461 14.34615384615384 -1 0 0
609.3461538461538 8.961538461538453 -1 0 0
603.1923076923076 7.423076923076934 -1 0 0
608.9615384615383 46.65384615384616 -1 0 0
629.730769230769 62.03846153846155 -1 0 0
627.8076923076922 52.423076923076934 -1 0 0
631.2692307692307 45.88461538461539 -1 0 0
619.3461538461538 50.11538461538461 -1 0 0
636.6538461538461 35.88461538461539 -1 0 0
625.8846153846152 33.96153846153845 -1 0 0
631.2692307692307 33.576923076923094 -1 0 0
627.4230769230769 23.961538461538453 -1 0 0
633.9615384615383 22.423076923076934 -1 0 0
636.2692307692307 26.269230769230774 -1 0 0
632.0384615384614 8.961538461538453 -1 0 0
623.1923076923076 7.807692307692321 -1 0 0
671.2692307692307 11.65384615384616 -1 0 0
655.1153846153845 7.807692307692321 -1 0 0
663.576923076923 144.73076923076923 -1 0 0
662.8076923076922 177.03846153846152 -1 0 0
645.4999999999999 179.73076923076923 -1 0 0
671.6538461538461 187.03846153846152 -1 0 0
673.9615384615383 215.88461538461536 -1 0 0
676.6538461538461 160.8846153846154 -1 0 0
677.4230769230769 132.4230769230769 -1 0 0
665.1153846153845 165.1153846153846 -1 0 0
677.4230769230769 170.8846153846154 -1 0 0
658.9615384615383 18.192307692307708 -1 0 0
601.6538461538461 37.03846153846155 -1 0 0
560.8846153846152 41.65384615384616 -1 0 0
417.03846153846143 50.88461538461539 -1 0 0
508.9615384615384 87.03846153846155 -1 0 0
588.1923076923076 143.19230769230768 -1 0 0
470.30769230769226 183.19230769230768 -1 0 0
490.30769230769226 175.1153846153846 -1 0 0
714.5384615384614 67.03846153846155 -1 0 0
715.3076923076923 60.5 -1 0 0
686.8461538461538 53.19230769230768 -1 0 0
692.2307692307692 45.88461538461539 -1 0 0
700.3076923076923 58.19230769230767 -1 0 0
720.6923076923076 46.65384615384616 -1 0 0
727.6153846153845 48.19230769230768 -1 0 0
744.5384615384614 47.03846153846155 -1 0 0
753.7692307692307 46.65384615384616 -1 0 0
764.5384615384614 36.65384615384616 -1 0 0
766.0769230769231 62.03846153846155 -1 0 0
763.3846153846154 68.19230769230768 -1 0 0
765.3076923076923 78.96153846153845 -1 0 0
705.6923076923076 85.88461538461539 -1 0 0
687.2307692307692 118.19230769230768 -1 0 0
728.0 133.19230769230768 -1 0 0
693.3846153846154 141.26923076923077 -1 0 0
695.3076923076923 153.57692307692307 -1 0 0
708.0 169.73076923076923 -1 0 0
703.7692307692307 137.8076923076923 -1 0 0
744.5384615384614 209.34615384615384 -1 0 0
695.3076923076923 207.4230769230769 -1 0 0
703.0 220.5 -1 0 0
747.2307692307692 223.57692307692307 -1 0 0
765.6923076923076 222.03846153846152 -1 0 0
763.0 193.57692307692307 -1 0 0
759.5384615384614 166.26923076923077 -1 0 0
745.3076923076923 152.03846153846152 -1 0 0
753.0 118.19230769230768 -1 0 0
764.5384615384614 119.73076923076923 -1 0 0
737.2307692307692 164.73076923076923 -1 0 0
694.9230769230769 176.26923076923075 -1 0 0
346.8461538461538 166.65384615384613 -1 0 0
704.1538461538462 13.192307692307708 -1 0 0
721.4615384615383 16.269230769230774 -1 0 0
745.6923076923076 17.038461538461547 -1 0 0
657.6153846153845 42.03846153846155 -1 0 0
665.6923076923076 38.576923076923094 -1 0 0
710.6923076923076 6.269230769230774 -1 0 0
754.9230769230769 18.192307692307708 -1 0 0
696.0769230769231 8.192307692307708 -1 0 0
611.8461538461538 19.730769230769226 -1 0 0
462.6153846153846 65.88461538461539 -1 0 0
471.46153846153845 64.73076923076923 -1 0 0
731.0769230769231 4.730769230769226 -1 0 0
723.7692307692307 3.5769230769230944 -1 0 0
760.4038461538462 4.346153846153854 -1 0 0
580.1153846153845 294.53846153846155 -1 0 0
561.6538461538462 254.1538461538462 -1 0 0
560.1153846153845 295.69230769230774 -1 0 0
585.1153846153845 215.30769230769232 -1 0 0
604.3461538461538 217.23076923076925 -1 0 0
617.0384615384614 222.61538461538464 -1 0 0
631.2692307692307 226.0769230769231 -1 0 0
633.9615384615383 222.61538461538464 -1 0 0
640.8846153846152 217.23076923076925 -1 0 0
662.0384615384614 199.1538461538462 -1 0 0
667.0384615384614 253.76923076923077 -1 0 0
458.0 287.2307692307693 -1 0 0
703.0 259.1538461538462 -1 0 0
723.0 243.00000000000006 -1 0 0
442.42307692307685 174.92307692307693 -1 0 0
402.8076923076922 176.84615384615387 -1 0 0
527.0384615384614 202.61538461538464 -1 0 0
541.2692307692307 181.0769230769231 -1 0 0
241.26923076923072 183.76923076923077 -1 0 0
237.42307692307685 233.0 -1 0 0
226.65384615384608 229.1538461538462 -1 0 0
22.6153846153846 214.92307692307693 -1 0 0
9.923076923076906 213.76923076923077 -1 0 0
40.69230769230768 154.92307692307696 -1 0 0
36.46153846153845 163.00000000000003 -1 0 0
114.53846153846152 165.69230769230774 -1 0 0
179.9230769230769 227.61538461538464 -1 0 0
679.3461538461538 395.1153846153846 -1 0 0
709.3461538461538 432.80769230769226 -1 0 0
750.1153846153845 418.1923076923077 -1 0 0
742.4230769230769 190.11538461538447 -1 0 0
518.576923076923 310.11538461538447 -1 0 0
514.7307692307692 317.0384615384614 -1 0 0
584.153846153846 92.13461538461534 -1 0 0
544.5384615384614 97.32692307692304 -1 0 0
558.9615384615383 102.90384615384612 -1 0 0
643.1923076923076 77.71153846153844 -1 0 0
