67.12958715596335 379.13474770642193 -1 0 0
511.3337155963304 351.0877293577981 -1 0 0
533.3165137614681 348.055619266055 -1 0 0
468.88417431192664 365.4902522935779 -1 0 0
468.88417431192664 384.4409403669724 -1 0 0
448.4174311926606 400.3595183486238 -1 0 0
453.7236238532111 392.77924311926597 -1 0 0
441.5951834862386 376.8606651376146 -1 0 0
393.8394495412845 372.31249999999994 -1 0 0
381.711009174312 376.8606651376146 -1 0 0
398.3876146788992 409.4558486238531 -1 0 0
26.95412844036701 626.2517201834862 -1 0 0
83.8061926605505 650.5086009174312 -1 0 0
109.57912844036701 626.2517201834862 -1 0 0
70.16169724770646 577.7379587155963 -1 0 0
76.22591743119273 539.8365825688072 -1 0 0
48.93692660550465 537.5625 -1 0 0
22.405963302752355 566.3675458715595 -1 0 0
6.4873853211009305 556.5131880733944 -1 0 0
20.131880733944968 528.4661697247706 -1 0 0
39.840596330275275 504.20928899082566 -1 0 0
44.388761467889935 489.04873853211 -1 0 0
21.647935779816578 486.0166284403669 -1 0 0
4.971330275229377 505.7253440366972 -1 0 0
39.840596330275275 472.37213302752286 -1 0 0
60.3073394495413 472.37213302752286 -1 0 0
33.01834862385323 445.84116972477057 -1 0 0
14.067660550458752 433.7127293577981 -1 0 0
9.519495412844094 449.6313073394495 -1 0 0
7.245412844036707 457.96961009174305 -1 0 0
80.77408256880739 426.13245412844026 -1 0 0
49.69495412844043 435.22878440366964 -1 0 0
95.93463302752298 462.5177752293577 -1 0 0
123.22362385321104 465.5498853211009 -1 0 0
129.28784403669732 408.69782110091734 -1 0 0
153.54472477064223 412.4879587155963 -1 0 0
43.63073394495416 376.8606651376146 -1 0 0
51.969036697247766 373.07052752293566 -1 0 0
580.3142201834864 537.5625 -1 0 0
553.7832568807341 643.6863532110091 -1 0 0
615.1834862385322 639.8962155963302 -1 0 0
695.534403669725 645.2024082568807 -1 0 0
665.2133027522937 632.3159403669724 -1 0 0
626.5538990825689 523.9180045871559 -1 0 0
638.6823394495414 513.3056192660549 -1 0 0
656.875 507.24139908256876 -1 0 0
111.09518348623855 533.772362385321 -1 0 0
126.25573394495416 504.96731651376143 -1 0 0
155.06077981651384 525.4340596330275 -1 0 0
141.41628440366975 501.1771788990825 -1 0 0
186.89793577981658 630.0418577981651 -1 0 0
192.9621559633028 592.8985091743118 -1 0 0
114.12729357798167 614.1232798165137 -1 0 0
174.01146788990832 373.8285550458715 -1 0 0
192.20412844036701 367.7643348623852 -1 0 0
177.8016055045872 349.5716743119266 -1 0 0
114.12729357798167 376.8606651376146 -1 0 0
34.53440366972478 403.3916284403669 -1 0 0
113.36926605504591 441.29300458715596 -1 0 0
145.2064220183487 442.0510321100917 -1 0 0
156.5768348623854 452.66341743119256 -1 0 0
180.8337155963303 425.37442660550454 -1 0 0
195.99426605504595 425.37442660550454 -1 0 0
209.63876146788996 396.56938073394485 -1 0 0
204.3325688073395 380.6508027522935 -1 0 0
211.15481651376157 362.4581422018348 -1 0 0
230.8635321100918 385.956995412844 -1 0 0
255.87844036697254 393.5372706422018 -1 0 0
268.006880733945 428.40653669724765 -1 0 0
223.28325688073406 425.37442660550454 -1 0 0
230.8635321100918 435.22878440366964 -1 0 0
214.18692660550465 442.0510321100917 -1 0 0
195.23623853211018 436.7448394495412 -1 0 0
197.5103211009175 447.3572247706421 -1 0 0
177.04357798165142 463.2758027522935 -1 0 0
171.737385321101 489.04873853211 -1 0 0
157.33486238532117 484.50057339449535 -1 0 0
179.31766055045875 477.67832568807336 -1 0 0
199.78440366972484 479.19438073394485 -1 0 0
217.21903669724776 482.9845183486238 -1 0 0
226.31536697247714 482.9845183486238 -1 0 0
203.57454128440372 461.75974770642193 -1 0 0
237.68577981651384 458.7276376146789 -1 0 0
226.31536697247714 456.4535550458715 -1 0 0
261.9426605504588 453.4214449541284 -1 0 0
252.84633027522946 477.67832568807336 -1 0 0
278.6192660550459 474.6462155963302 -1 0 0
278.6192660550459 495.1129587155963 -1 0 0
242.23394495412853 501.1771788990825 -1 0 0
220.25114678899087 510.27350917431187 -1 0 0
240.71788990825692 545.1427752293578 -1 0 0
201.3004587155964 509.5154816513761 -1 0 0
280.13532110091745 550.4489678899082 -1 0 0
271.7970183486239 565.6095183486239 -1 0 0
315.7626146788992 567.8836009174311 -1 0 0
347.5997706422019 558.7872706422017 -1 0 0
281.651376146789 643.6863532110091 -1 0 0
229.34747706422024 610.3331422018348 -1 0 0
92.90252293577987 501.93520642201827 -1 0 0
70.91972477064223 429.9225917431192 -1 0 0
283.1674311926607 398.08543577981646 -1 0 0
271.7970183486239 388.9891055045871 -1 0 0
288.4736238532111 376.8606651376146 -1 0 0
265.7327981651377 372.31249999999994 -1 0 0
304.3922018348624 367.0063073394495 -1 0 0
289.98967889908266 361.700114678899 -1 0 0
330.16513761467894 382.16685779816504 -1 0 0
335.4713302752294 400.3595183486238 -1 0 0
311.2144495412845 389.74713302752286 -1 0 0
329.40711009174316 433.7127293577981 -1 0 0
365.7924311926607 429.9225917431192 -1 0 0
509.8176605504588 542.8686926605503 -1 0 0
474.1903669724772 582.2861238532109 -1 0 0
468.88417431192664 627.7677752293578 -1 0 0
477.2224770642203 647.4764908256881 -1 0 0
408.2419724770643 661.120986238532 -1 0 0
432.4988532110092 642.9283256880733 -1 0 0
387.0172018348624 573.1897935779816 -1 0 0
440.83715596330273 560.3033256880733 -1 0 0
401.4197247706423 514.8216743119265 -1 0 0
378.6788990825689 502.6932339449541 -1 0 0
350.631880733945 492.08084862385317 -1 0 0
344.5676605504588 467.0659403669724 -1 0 0
323.34288990825695 456.4535550458715 -1 0 0
309.69839449541297 482.9845183486238 -1 0 0
296.81192660550465 470.8560779816513 -1 0 0
289.98967889908266 456.4535550458715 -1 0 0
310.45642201834875 414.00401376146783 -1 0 0
353.66399082568813 388.9891055045871 -1 0 0
330.9231651376147 354.1198394495412 -1 0 0
362.76032110091757 364.7322247706421 -1 0 0
399.14564220183496 328.3469036697247 -1 0 0
498.44724770642216 409.4558486238531 -1 0 0
490.8669724770643 393.5372706422018 -1 0 0
496.1731651376147 435.22878440366964 -1 0 0
481.0126146788991 440.53497706422013 -1 0 0
462.0619266055046 429.9225917431192 -1 0 0
447.6594036697249 433.7127293577981 -1 0 0
431.74082568807347 444.325114678899 -1 0 0
412.79013761467894 454.93749999999994 -1 0 0
430.224770642202 473.1301605504586 -1 0 0
446.9013761467891 460.2436926605504 -1 0 0
408.2419724770643 473.1301605504586 -1 0 0
322.5848623853212 516.337729357798 -1 0 0
326.37500000000006 542.8686926605503 -1 0 0
371.8566513761469 488.29071100917423 -1 0 0
370.34059633027533 464.0338302752293 -1 0 0
390.04931192660564 425.37442660550454 -1 0 0
405.2098623853212 387.47305045871553 -1 0 0
553.7832568807341 346.5395642201835 -1 0 0
545.4449541284405 365.4902522935779 -1 0 0
562.8795871559635 385.956995412844 -1 0 0
543.170871559633 395.0533256880733 -1 0 0
528.0103211009175 385.956995412844 -1 0 0
519.6720183486239 380.6508027522935 -1 0 0
496.1731651376147 380.6508027522935 -1 0 0
515.1238532110092 391.2631880733944 -1 0 0
537.8646788990827 424.61639908256876 -1 0 0
520.4300458715597 449.6313073394495 -1 0 0
502.237385321101 470.8560779816513 -1 0 0
502.237385321101 457.2115825688073 -1 0 0
486.31880733944956 467.82396788990826 -1 0 0
492.3830275229359 493.5969036697247 -1 0 0
461.3038990825689 479.19438073394485 -1 0 0
464.336009174312 504.96731651376143 -1 0 0
448.4174311926606 510.27350917431187 -1 0 0
450.691513761468 537.5625 -1 0 0
514.3658256880735 523.9180045871559 -1 0 0
535.5905963302753 501.93520642201827 -1 0 0
535.5905963302753 526.950114678899 -1 0 0
546.2029816513761 470.8560779816513 -1 0 0
546.961009174312 449.6313073394495 -1 0 0
563.6376146788991 460.2436926605504 -1 0 0
568.9438073394497 458.7276376146789 -1 0 0
571.9759174311928 444.325114678899 -1 0 0
571.9759174311928 426.13245412844026 -1 0 0
598.5068807339451 470.8560779816513 -1 0 0
623.5217889908258 461.75974770642193 -1 0 0
669.7614678899083 532.2563073394494 -1 0 0
644.7465596330276 520.127866972477 -1 0 0
769.0630733944956 573.1897935779816 -1 0 0
724.3394495412845 555.7551605504586 -1 0 0
724.3394495412845 525.4340596330275 -1 0 0
700.0825688073396 495.1129587155963 -1 0 0
684.1639908256882 473.8881880733944 -1 0 0
655.3589449541284 470.8560779816513 -1 0 0
655.3589449541284 449.6313073394495 -1 0 0
660.665137614679 444.325114678899 -1 0 0
639.4403669724772 440.53497706422013 -1 0 0
625.0378440366974 428.40653669724765 -1 0 0
609.119266055046 391.2631880733944 -1 0 0
608.3612385321103 372.31249999999994 -1 0 0
571.9759174311928 370.7964449541284 -1 0 0
620.4896788990827 348.055619266055 -1 0 0
635.6502293577983 346.5395642201835 -1 0 0
659.1490825688074 364.7322247706421 -1 0 0
665.2133027522937 379.13474770642193 -1 0 0
642.4724770642204 380.6508027522935 -1 0 0
638.6823394495414 396.56938073394485 -1 0 0
667.4873853211011 414.00401376146783 -1 0 0
681.1318807339451 401.87557339449535 -1 0 0
696.2924311926606 370.03841743119256 -1 0 0
711.4529816513764 380.6508027522935 -1 0 0
684.9220183486241 380.6508027522935 -1 0 0
711.4529816513764 363.9741972477063 -1 0 0
694.7763761467891 349.5716743119266 -1 0 0
720.5493119266057 356.3939220183485 -1 0 0
763.7568807339451 348.055619266055 -1 0 0
769.0630733944956 358.66800458715596 -1 0 0
808.480504587156 349.5716743119266 -1 0 0
790.2878440366974 391.2631880733944 -1 0 0
803.1743119266055 465.5498853211009 -1 0 0
786.4977064220184 483.74254587155957 -1 0 0
767.5470183486241 514.8216743119265 -1 0 0
778.9174311926606 534.5303899082569 -1 0 0
814.5447247706422 541.3526376146788 -1 0 0
796.3520642201836 521.6439220183486 -1 0 0
799.3841743119267 605.7849770642201 -1 0 0
709.9369266055046 465.5498853211009 -1 0 0
687.9541284403672 437.502866972477 -1 0 0
712.211009174312 433.7127293577981 -1 0 0
737.9839449541287 433.7127293577981 -1 0 0
732.6777522935781 420.0682339449541 -1 0 0
706.1467889908258 415.5200688073394 -1 0 0
711.4529816513764 412.4879587155963 -1 0 0
732.6777522935781 398.84346330275224 -1 0 0
766.7889908256882 398.08543577981646 -1 0 0
756.1766055045873 370.7964449541284 -1 0 0
741.0160550458718 370.7964449541284 -1 0 0
809.2385321100919 367.7643348623852 -1 0 0
805.4483944954129 393.5372706422018 -1 0 0
784.9816513761468 451.90538990825684 -1 0 0
762.9988532110092 458.7276376146789 -1 0 0
762.9988532110092 426.8904816513761 -1 0 0
737.2259174311928 468.581995412844 -1 0 0
567.4277522935781 401.87557339449535 -1 0 0
599.2649082568807 425.37442660550454 -1 0 0
590.1685779816514 404.1496559633027 -1 0 0
588.6525229357799 382.16685779816504 -1 0 0
477.980504587156 356.3939220183485 -1 0 0
416.580275229358 388.9891055045871 -1 0 0
364.2763761467891 398.84346330275224 -1 0 0
368.066513761468 391.2631880733944 -1 0 0
344.5676605504588 375.34461009174305 -1 0 0
772.8532110091744 380.6508027522935 -1 0 0
747.080275229358 392.77924311926597 -1 0 0
728.1295871559635 380.6508027522935 -1 0 0
605.3291284403672 343.50745412844026 -1 0 0
391.5653669724772 470.8560779816513 -1 0 0
395.3555045871561 490.5647935779816 -1 0 0
411.27408256880733 429.9225917431192 -1 0 0
347.5997706422019 416.27809633027516 -1 0 0
264.21674311926614 436.7448394495412 -1 0 0
272.5550458715597 451.90538990825684 -1 0 0
308.1823394495413 426.8904816513761 -1 0 0
89.11238532110099 448.1152522935779 -1 0 0
65.6135321100918 447.3572247706421 -1 0 0
453.7236238532111 414.00401376146783 -1 0 0
427.19266055045875 401.87557339449535 -1 0 0
474.94839449541297 423.1003440366972 -1 0 0
524.2201834862387 440.53497706422013 -1 0 0
697.0504587155965 399.60149082568796 -1 0 0
785.7396788990827 370.7964449541284 -1 0 0
745.5642201834864 359.4260321100917 -1 0 0
815.3027522935781 451.14736238532106 -1 0 0
632.6181192660551 449.6313073394495 -1 0 0
601.5389908256882 444.325114678899 -1 0 0
559.8474770642204 416.27809633027516 -1 0 0
524.2201834862387 488.29071100917423 -1 0 0
256.6364678899083 431.43864678899075 -1 0 0
316.92904073587374 354.45203679369246 -1 0 0
397.70827858081464 638.4822601839684 -1 0 0
642.651773981603 406.5676741130091 -1 0 0
319.53482260183966 365.7437582128777 -1 0 0
172.74244415243098 390.0643889618921 -1 0 0
