26.68181818181813 474.9318181818182 -1 0 0
71.3246753246753 484.6720779220779 -1 0 0
136.25974025974023 446.52272727272725 -1 0 0
170.35064935064935 414.8668831168831 -1 0 0
217.4285714285714 463.5681818181818 -1 0 0
166.29220779220776 490.3538961038961 -1 0 0
117.59090909090908 395.3863636363636 -1 0 0
94.86363636363632 371.0357142857143 -1 0 0
68.07792207792204 394.5746753246753 -1 0 0
15.318181818181811 398.6331168831169 -1 0 0
16.941558441558414 347.49675324675326 -1 0 0
47.785714285714285 317.4642857142857 -1 0 0
74.57142857142856 293.1136363636364 -1 0 0
96.48701298701297 330.4512987012987 -1 0 0
109.47402597402593 353.1785714285714 -1 0 0
133.8246753246753 321.52272727272725 -1 0 0
167.91558441558436 357.237012987013 -1 0 0
184.96103896103892 369.4123376623376 -1 0 0
226.35714285714283 391.32792207792204 -1 0 0
221.48701298701297 431.9123376623376 -1 0 0
269.3766233766234 394.5746753246753 -1 0 0
278.30519480519473 469.25 -1 0 0
260.44805194805195 494.4123376623376 -1 0 0
319.70129870129864 429.4772727272727 -1 0 0
309.9610389610389 385.6461038961039 -1 0 0
54.92591866617842 231.7521359802204 -1 0 0
48.5492381823551 224.50590815769388 -1 0 0
40.14361390822431 219.8683223512769 -1 0 0
22.462818021259594 230.01304130281403 -1 0 0
11.448551731019279 221.60741702868327 -1 0 0
23.62221447286383 277.54829581858803 -1 0 0
83.04128261758136 249.43293186718512 -1 0 0
90.57735955300892 230.01304130281403 -1 0 0
76.66460213375801 210.882999851344 -1 0 0
89.99766132720681 213.49164186745355 -1 0 0
116.95362882700549 206.24541404492703 -1 0 0
65.36048673061661 208.5642069481355 -1 0 0
129.12729156885007 212.91194364165145 -1 0 0
143.04004898810098 210.30330162554188 -1 0 0
154.34416439124237 219.57847323837584 -1 0 0
152.31522060093494 208.27435783523447 -1 0 0
170.57571471370176 207.40481049653127 -1 0 0
199.2707768909068 207.40481049653127 -1 0 0
213.4733834230588 225.08560638349599 -1 0 0
232.8932739874299 218.4190767867716 -1 0 0
232.8932739874299 204.2164702546196 -1 0 0
228.83538640681502 248.27353541558088 -1 0 0
213.76323253595984 241.02730759305436 -1 0 0
223.90795148749697 265.37463307674346 -1 0 0
203.61851358442271 265.37463307674346 -1 0 0
177.53209342332724 260.4471981574254 -1 0 0
167.9670726975922 266.24418041544664 -1 0 0
148.25733302032006 266.82387864124877 -1 0 0
143.6197472139031 253.20097033489893 -1 0 0
132.60548092366275 268.2731242057541 -1 0 0
117.53332705280762 266.24418041544664 -1 0 0
121.3013655205214 276.67874847988486 -1 0 0
163.85714285714283 297.1720779220779 -1 0 0
180.9025974025974 327.20454545454544 -1 0 0
204.44155844155844 331.262987012987 -1 0 0
193.88961038961037 306.10064935064935 -1 0 0
199.57142857142856 284.18506493506493 -1 0 0
210.93506493506496 296.3603896103896 -1 0 0
223.11038961038957 300.41883116883116 -1 0 0
245.83766233766227 289.0551948051948 -1 0 0
259.63636363636357 308.5357142857143 -1 0 0
236.90909090909088 358.0487012987013 -1 0 0
271.81168831168833 334.5097402597402 -1 0 0
288.04545454545456 312.5941558441558 -1 0 0
298.59740259740255 334.5097402597402 -1 0 0
306.7142857142857 357.237012987013 -1 0 0
370.83766233766227 361.2954545454545 -1 0 0
409.79870129870125 371.8474025974026 -1 0 0
415.4805194805195 407.5616883116883 -1 0 0
390.3181818181818 435.1590909090909 -1 0 0
429.2792207792208 457.0746753246753 -1 0 0
356.2272727272727 492.788961038961 -1 0 0
262.8831168831169 277.6915584415584 -1 0 0
247.4610389610389 264.70454545454544 -1 0 0
266.94155844155847 261.4577922077922 -1 0 0
274.24675324675326 254.9642857142857 -1 0 0
292.9155844155844 241.97727272727275 -1 0 0
296.9740259740259 270.3863636363636 -1 0 0
292.9155844155844 259.02272727272725 -1 0 0
280.74025974025966 285.80844155844153 -1 0 0
271.81168831168833 300.41883116883116 -1 0 0
3.1428571428571104 310.1590909090909 -1 0 0
92.42857142857139 198.95779220779218 -1 0 0
78.9820070534357 98.43536579250866 -1 0 0
68.0132460846747 97.39072189072193 -1 0 0
49.73197780340644 106.27019505590937 -1 0 0
40.85250463821899 99.4800096942954 -1 0 0
27.794455865884483 111.49341456484314 -1 0 0
16.825694897123526 112.01573651573653 -1 0 0
3.2453241738956535 122.9844974844975 -1 0 0
83.68290461147609 124.55146333717764 -1 0 0
75.32575339718204 117.23895602467033 -1 0 0
63.83467047752769 131.86397064968494 -1 0 0
72.19182169182176 139.17647796219228 -1 0 0
33.01767537481828 142.83273161844593 -1 0 0
14.736407093550014 153.8014925872069 -1 0 0
31.450709522138137 157.98006819435392 -1 0 0
17.870338798910296 169.47115111400828 -1 0 0
104.05346069631793 143.3550535693393 -1 0 0
95.69630948202382 133.95325845325848 -1 0 0
100.39720704006425 126.11842918985779 -1 0 0
102.48649484363779 117.7612779755637 -1 0 0
112.93293386150538 122.9844974844975 -1 0 0
113.97757776329213 93.73446823446824 -1 0 0
130.69188019188027 94.25679018536164 -1 0 0
136.95974360260084 124.55146333717764 -1 0 0
132.2588460445604 133.95325845325848 -1 0 0
104.57578264721127 167.90418526132814 -1 0 0
88.90612412040991 164.24793160507448 -1 0 0
76.37039729896878 174.1720486720487 -1 0 0
68.0132460846747 194.02028280599714 -1 0 0
26.749811964097745 196.10957060957062 -1 0 0
19.95962660248381 205.51136572565147 -1 0 0
169.34370455799035 187.23009744438318 -1 0 0
161.50887529458964 195.06492670778388 -1 0 0
154.19636798208234 182.52919988634278 -1 0 0
144.7945728660015 179.39526818098247 -1 0 0
140.09367530796106 168.4265072122215 -1 0 0
125.99098263383985 167.90418526132814 -1 0 0
119.7231192231193 183.05152183723612 -1 0 0
160.4642313928029 145.9666633238062 -1 0 0
164.64280699994993 135.5202243059386 -1 0 0
163.07584114726978 120.89520968092398 -1 0 0
149.4954704240419 112.01573651573653 -1 0 0
140.61599725885446 115.67199017199019 -1 0 0
151.58475822761545 96.86839993982852 -1 0 0
166.20977285263007 91.64518043089473 -1 0 0
157.33029968744262 91.12285848000136 -1 0 0
138.52670945528098 86.42196092196093 -1 0 0
130.69188019188027 77.54248775677348 -1 0 0
130.16955824098687 64.48443898443901 -1 0 0
134.8704557990273 60.305863377291985 -1 0 0
141.13831920974786 39.93530729245015 -1 0 0
136.43742165170744 79.10945360945362 -1 0 0
154.71868993297574 49.337102408530995 -1 0 0
169.34370455799035 43.59156094870383 -1 0 0
164.64280699994993 39.93530729245015 -1 0 0
168.2990606562036 33.14512193083624 -1 0 0
162.55351919637639 30.011190225475957 -1 0 0
166.73209480352347 67.61837068979929 -1 0 0
171.95531431245723 81.19874141302712 -1 0 0
168.82138260709695 75.97552190409334 -1 0 0
158.37494358922936 84.85499506928078 -1 0 0
176.13388991960426 95.30143408714838 -1 0 0
166.73209480352347 113.58270236841668 -1 0 0
171.43299236156383 120.89520968092398 -1 0 0
184.49104113389836 193.49796085510374 -1 0 0
660.6103896103896 458.6980519480519 -1 0 0
632.2012987012986 431.9123376623376 -1 0 0
634.6363636363635 400.2564935064935 -1 0 0
602.9805194805194 431.10064935064935 -1 0 0
580.2532467532467 461.1331168831169 -1 0 0
585.9350649350649 406.75 -1 0 0
546.1623376623377 409.18506493506493 -1 0 0
531.5519480519481 435.9707792207792 -1 0 0
512.0714285714284 402.6915584415584 -1 0 0
522.6233766233765 371.0357142857143 -1 0 0
461.74675324675326 417.30194805194805 -1 0 0
495.83766233766227 368.60064935064935 -1 0 0
501.5194805194805 351.5551948051948 -1 0 0
499.89610389610385 337.7564935064935 -1 0 0
496.64935064935065 329.63961038961037 -1 0 0
482.85064935064935 342.6266233766234 -1 0 0
466.6168831168831 324.7694805194805 -1 0 0
457.68831168831167 312.59415584415586 -1 0 0
478.7922077922078 297.1720779220779 -1 0 0
458.49999999999994 289.8668831168831 -1 0 0
651.6818181818182 328.8279220779221 -1 0 0
654.1168831168832 278.50324675324674 -1 0 0
607.0389610389609 306.9123376623377 -1 0 0
610.2857142857142 270.3863636363636 -1 0 0
570.512987012987 267.9512987012987 -1 0 0
542.9155844155844 297.1720779220779 -1 0 0
533.1753246753246 298.79545454545456 -1 0 0
524.2467532467533 283.3733766233766 -1 0 0
529.1168831168832 260.6461038961039 -1 0 0
512.0714285714284 259.02272727272725 -1 0 0
481.22727272727263 272.0097402597403 -1 0 0
406.55194805194805 332.0746753246753 -1 0 0
416.29220779220776 323.1461038961039 -1 0 0
402.49350649350646 293.1136363636364 -1 0 0
408.17532467532465 280.1266233766234 -1 0 0
410.61038961038963 268.762987012987 -1 0 0
359.474025974026 319.0876623376623 -1 0 0
325.3831168831169 298.79545454545456 -1 0 0
324.5714285714286 279.31493506493507 -1 0 0
331.064935064935 268.762987012987 -1 0 0
319.70129870129875 255.77597402597408 -1 0 0
328.6298701298701 251.71753246753246 -1 0 0
336.74675324675326 241.97727272727275 -1 0 0
341.6168831168832 226.55519480519484 -1 0 0
361.90909090909093 249.28246753246754 -1 0 0
344.8636363636364 262.2694805194805 -1 0 0
360.2857142857142 289.8668831168831 -1 0 0
363.5324675324674 277.69155844155847 -1 0 0
361.0974025974026 266.3279220779221 -1 0 0
370.8376623376624 249.28246753246754 -1 0 0
375.70779220779224 239.54220779220776 -1 0 0
371.64935064935065 216.81493506493507 -1 0 0
263.69480519480516 226.55519480519484 -1 0 0
281.55194805194805 216.81493506493507 -1 0 0
280.7402597402598 196.5227272727273 -1 0 0
266.1298701298702 196.5227272727273 -1 0 0
249.89610389610397 182.724025974026 -1 0 0
239.34415584415586 161.62012987012992 -1 0 0
205.2532467532468 154.31493506493513 -1 0 0
205.2532467532468 172.9837662337663 -1 0 0
192.26623376623377 178.66558441558442 -1 0 0
178.46753246753252 174.6071428571429 -1 0 0
101.35714285714288 99.12012987012992 -1 0 0
46.974025974026006 134.83441558441558 -1 0 0
161.42207792207796 59.34740259740266 -1 0 0
180.90259740259745 36.620129870129915 -1 0 0
186.58441558441564 22.009740259740283 -1 0 0
197.13636363636368 27.69155844155847 -1 0 0
192.26623376623377 33.37337662337666 -1 0 0
187.3961038961039 47.98376623376629 -1 0 0
183.33766233766235 42.3019480519481 -1 0 0
183.33766233766235 54.47727272727275 -1 0 0
191.45454545454547 54.47727272727275 -1 0 0
191.45454545454547 60.159090909090935 -1 0 0
189.01948051948057 67.46428571428572 -1 0 0
206.06493506493507 65.0292207792208 -1 0 0
210.93506493506496 61.78246753246759 -1 0 0
218.24025974025977 65.0292207792208 -1 0 0
213.37012987012992 68.27597402597405 -1 0 0
191.45454545454547 78.01623376623382 -1 0 0
183.33766233766235 74.76948051948057 -1 0 0
200.38311688311688 86.13311688311688 -1 0 0
205.2532467532468 76.39285714285717 -1 0 0
222.2987012987013 74.76948051948057 -1 0 0
221.48701298701303 82.07467532467535 -1 0 0
218.24025974025977 91.81493506493513 -1 0 0
219.05194805194807 97.49675324675326 -1 0 0
210.12337662337666 99.12012987012992 -1 0 0
202.81818181818184 95.87337662337666 -1 0 0
193.07792207792207 97.49675324675326 -1 0 0
191.45454545454547 88.56818181818187 -1 0 0
189.83116883116884 101.55519480519484 -1 0 0
184.96103896103895 112.10714285714289 -1 0 0
189.01948051948057 116.16558441558442 -1 0 0
200.38311688311688 107.23701298701303 -1 0 0
213.37012987012992 113.73051948051949 -1 0 0
234.47402597402598 102.36688311688312 -1 0 0
243.40259740259745 87.75649350649354 -1 0 0
243.40259740259745 95.87337662337666 -1 0 0
243.40259740259745 74.76948051948057 -1 0 0
236.09740259740258 67.46428571428572 -1 0 0
238.5324675324676 53.66558441558442 -1 0 0
232.85064935064935 31.750000000000057 -1 0 0
258.8246753246753 22.009740259740283 -1 0 0
262.0714285714286 13.892857142857167 -1 0 0
242.59090909090907 25.25649350649354 -1 0 0
241.7792207792208 14.704545454545496 -1 0 0
227.16883116883116 23.63311688311694 -1 0 0
219.05194805194807 22.009740259740283 -1 0 0
219.05194805194807 37.431818181818244 -1 0 0
251.5194805194805 30.938311688311728 -1 0 0
259.6363636363637 30.938311688311728 -1 0 0
271.00000000000006 27.69155844155847 -1 0 0
275.05844155844153 22.009740259740283 -1 0 0
284.79870129870136 14.704545454545496 -1 0 0
285.61038961038963 19.574675324675354 -1 0 0
283.987012987013 25.25649350649354 -1 0 0
276.6818181818182 30.938311688311728 -1 0 0
268.5649350649351 44.73701298701303 -1 0 0
277.49350649350646 39.055194805194844 -1 0 0
257.20129870129875 42.3019480519481 -1 0 0
256.38961038961037 50.41883116883122 -1 0 0
238.5324675324676 47.98376623376629 -1 0 0
242.59090909090907 36.620129870129915 -1 0 0
240.15584415584414 44.73701298701303 -1 0 0
223.11038961038963 50.41883116883122 -1 0 0
215.80519480519484 45.54870129870136 -1 0 0
205.2532467532468 43.11363636363643 -1 0 0
204.44155844155847 33.37337662337666 -1 0 0
203.62987012987014 27.69155844155847 -1 0 0
205.2532467532468 22.821428571428612 -1 0 0
208.5 16.327922077922096 -1 0 0
197.13636363636368 44.73701298701303 -1 0 0
190.64285714285717 25.25649350649354 -1 0 0
296.974025974026 17.139610389610425 -1 0 0
304.2792207792208 23.63311688311694 -1 0 0
314.0194805194805 22.009740259740283 -1 0 0
312.39610389610385 28.5032467532468 -1 0 0
338.37012987013 16.327922077922096 -1 0 0
344.8636363636364 30.938311688311728 -1 0 0
345.6753246753247 25.25649350649354 -1 0 0
351.35714285714283 25.25649350649354 -1 0 0
351.35714285714283 33.37337662337666 -1 0 0
337.55844155844153 26.06818181818187 -1 0 0
349.7337662337663 17.951298701298754 -1 0 0
332.68831168831167 28.5032467532468 -1 0 0
322.1363636363637 34.99675324675326 -1 0 0
295.35064935064935 33.37337662337666 -1 0 0
316.45454545454544 50.41883116883122 -1 0 0
308.3376623376624 51.23051948051949 -1 0 0
308.3376623376624 36.620129870129915 -1 0 0
308.3376623376624 42.3019480519481 -1 0 0
296.974025974026 44.73701298701303 -1 0 0
287.2337662337663 44.73701298701303 -1 0 0
291.29220779220776 50.41883116883122 -1 0 0
294.5389610389611 53.66558441558442 -1 0 0
288.85714285714283 53.66558441558442 -1 0 0
282.36363636363643 50.41883116883122 -1 0 0
272.6233766233766 52.04220779220782 -1 0 0
265.3181818181818 52.04220779220782 -1 0 0
262.0714285714286 61.78246753246759 -1 0 0
272.6233766233766 61.78246753246759 -1 0 0
256.38961038961037 65.0292207792208 -1 0 0
247.4610389610389 60.159090909090935 -1 0 0
261.2597402597402 71.52272727272731 -1 0 0
247.4610389610389 73.14610389610391 -1 0 0
468.2402597402598 259.02272727272725 -1 0 0
482.85064935064935 241.97727272727275 -1 0 0
492.59090909090907 243.60064935064935 -1 0 0
490.15584415584414 232.23701298701297 -1 0 0
512.0714285714284 243.60064935064935 -1 0 0
500.70779220779224 237.91883116883122 -1 0 0
522.6233766233765 241.97727272727275 -1 0 0
538.0454545454545 245.224025974026 -1 0 0
546.9740259740258 249.28246753246754 -1 0 0
581.8766233766235 228.99025974025977 -1 0 0
581.8766233766235 216.00324675324674 -1 0 0
597.2987012987012 221.685064935065 -1 0 0
614.3441558441557 226.55519480519484 -1 0 0
626.5194805194806 204.63961038961037 -1 0 0
658.1753246753246 218.43831168831167 -1 0 0
649.2467532467533 204.63961038961037 -1 0 0
663.0454545454545 201.39285714285717 -1 0 0
663.8571428571429 176.2305194805195 -1 0 0
654.1168831168832 167.30194805194805 -1 0 0
656.5519480519481 130.77597402597405 -1 0 0
643.5649350649351 127.5292207792208 -1 0 0
637.0714285714284 128.34090909090912 -1 0 0
620.0259740259739 135.6461038961039 -1 0 0
611.0974025974026 182.724025974026 -1 0 0
583.5 195.71103896103898 -1 0 0
573.7597402597403 201.39285714285717 -1 0 0
562.3961038961038 198.95779220779224 -1 0 0
313.20779220779224 187.59415584415586 -1 0 0
327.00649350649354 184.3474025974026 -1 0 0
339.99350649350646 167.30194805194805 -1 0 0
327.8181818181818 164.86688311688312 -1 0 0
327.8181818181818 154.31493506493513 -1 0 0
315.64285714285717 153.50324675324674 -1 0 0
295.35064935064935 179.47727272727275 -1 0 0
437.39610389610385 388.8928571428571 -1 0 0
263.69480519480516 162.4318181818182 -1 0 0
260.44805194805195 152.69155844155847 -1 0 0
248.2727272727273 161.62012987012992 -1 0 0
262.8831168831169 120.224025974026 -1 0 0
254.76623376623382 129.15259740259745 -1 0 0
231.22727272727275 127.5292207792208 -1 0 0
215.80519480519484 119.41233766233768 -1 0 0
223.11038961038963 131.58766233766238 -1 0 0
195.51298701298703 134.0227272727273 -1 0 0
194.70129870129867 128.34090909090912 -1 0 0
200.38311688311688 121.84740259740266 -1 0 0
187.3961038961039 142.13961038961043 -1 0 0
224.73376623376623 185.9707792207792 -1 0 0
232.03896103896108 196.5227272727273 -1 0 0
252.3311688311689 100.74350649350652 -1 0 0
268.5649350649351 99.12012987012992 -1 0 0
258.8246753246753 99.12012987012992 -1 0 0
258.8246753246753 91.81493506493513 -1 0 0
269.3766233766234 70.71103896103898 -1 0 0
273.435064935065 73.14610389610391 -1 0 0
285.61038961038963 82.88636363636368 -1 0 0
279.9285714285714 93.43831168831173 -1 0 0
274.24675324675326 91.81493506493513 -1 0 0
281.55194805194805 87.75649350649354 -1 0 0
287.2337662337663 91.81493506493513 -1 0 0
292.9155844155844 85.32142857142861 -1 0 0
301.84415584415586 82.07467532467535 -1 0 0
289.6688311688312 105.61363636363637 -1 0 0
298.59740259740255 99.12012987012992 -1 0 0
294.5389610389611 116.16558441558442 -1 0 0
281.55194805194805 113.73051948051949 -1 0 0
270.18831168831167 112.91883116883122 -1 0 0
279.1168831168831 103.17857142857144 -1 0 0
261.2597402597402 110.48376623376629 -1 0 0
237.72077922077918 116.97727272727275 -1 0 0
232.85064935064935 120.224025974026 -1 0 0
266.1298701298702 142.95129870129875 -1 0 0
266.1298701298702 133.21103896103898 -1 0 0
283.987012987013 125.09415584415586 -1 0 0
309.9610389610389 125.90584415584419 -1 0 0
304.2792207792208 116.97727272727275 -1 0 0
303.4675324675325 108.86038961038963 -1 0 0
314.8311688311688 93.43831168831173 -1 0 0
311.5844155844156 86.13311688311688 -1 0 0
304.2792207792208 72.33441558441564 -1 0 0
300.2207792207792 59.34740259740266 -1 0 0
291.29220779220776 63.405844155844186 -1 0 0
284.79870129870136 59.34740259740266 -1 0 0
308.3376623376624 61.78246753246759 -1 0 0
300.2207792207792 70.71103896103898 -1 0 0
295.35064935064935 76.39285714285717 -1 0 0
314.0194805194805 60.159090909090935 -1 0 0
331.064935064935 39.86688311688317 -1 0 0
327.8181818181818 46.36038961038963 -1 0 0
319.70129870129875 71.52272727272731 -1 0 0
310.7727272727273 68.27597402597405 -1 0 0
326.19480519480516 59.34740259740266 -1 0 0
321.3246753246753 53.66558441558442 -1 0 0
333.50000000000006 73.95779220779224 -1 0 0
330.25324675324674 82.07467532467535 -1 0 0
319.70129870129875 99.12012987012992 -1 0 0
319.70129870129875 108.86038961038963 -1 0 0
321.3246753246753 117.78896103896108 -1 0 0
312.39610389610385 114.54220779220782 -1 0 0
296.1623376623376 142.95129870129875 -1 0 0
312.39610389610385 136.45779220779224 -1 0 0
319.70129870129875 135.6461038961039 -1 0 0
272.6233766233766 157.56168831168833 -1 0 0
290.4805194805195 159.185064935065 -1 0 0
294.5389610389611 152.69155844155847 -1 0 0
292.10389610389615 167.30194805194805 -1 0 0
325.3831168831169 212.75649350649354 -1 0 0
313.20779220779224 203.01623376623377 -1 0 0
310.7727272727273 219.25 -1 0 0
344.051948051948 216.81493506493507 -1 0 0
333.50000000000006 197.33441558441558 -1 0 0
357.8506493506494 185.15909090909093 -1 0 0
380.5779220779221 199.7694805194805 -1 0 0
381.38961038961037 193.27597402597405 -1 0 0
374.08441558441564 190.84090909090912 -1 0 0
363.5324675324674 174.6071428571429 -1 0 0
375.70779220779224 171.36038961038963 -1 0 0
383.8246753246753 169.73701298701297 -1 0 0
382.20129870129875 158.37337662337666 -1 0 0
372.4610389610389 158.37337662337666 -1 0 0
349.7337662337663 137.2694805194805 -1 0 0
332.68831168831167 130.77597402597405 -1 0 0
341.6168831168832 133.21103896103898 -1 0 0
348.11038961038963 122.65909090909093 -1 0 0
335.1233766233766 121.84740259740266 -1 0 0
330.25324675324674 113.73051948051949 -1 0 0
330.25324675324674 108.86038961038963 -1 0 0
327.00649350649354 99.12012987012992 -1 0 0
336.74675324675326 103.17857142857144 -1 0 0
337.55844155844153 87.75649350649354 -1 0 0
339.1818181818182 73.14610389610391 -1 0 0
340.8051948051948 61.78246753246759 -1 0 0
344.8636363636364 53.66558441558442 -1 0 0
338.37012987013 51.23051948051949 -1 0 0
345.6753246753247 44.73701298701303 -1 0 0
338.37012987013 39.86688311688317 -1 0 0
353.79220779220776 44.73701298701303 -1 0 0
365.15584415584414 22.009740259740283 -1 0 0
373.27272727272725 22.009740259740283 -1 0 0
378.14285714285717 13.892857142857167 -1 0 0
390.3181818181818 16.327922077922096 -1 0 0
381.38961038961037 22.009740259740283 -1 0 0
380.5779220779221 25.25649350649354 -1 0 0
374.08441558441564 27.69155844155847 -1 0 0
365.9675324675325 33.37337662337666 -1 0 0
362.7207792207792 27.69155844155847 -1 0 0
386.2597402597402 33.37337662337666 -1 0 0
386.2597402597402 39.055194805194844 -1 0 0
402.49350649350646 30.938311688311728 -1 0 0
404.9285714285714 17.951298701298754 -1 0 0
408.98701298701303 25.25649350649354 -1 0 0
425.2207792207792 19.574675324675354 -1 0 0
447.1363636363636 16.327922077922096 -1 0 0
464.1818181818182 16.327922077922096 -1 0 0
457.68831168831167 22.009740259740283 -1 0 0
457.68831168831167 27.69155844155847 -1 0 0
467.4285714285714 22.821428571428612 -1 0 0
466.6168831168831 27.69155844155847 -1 0 0
443.8896103896104 22.009740259740283 -1 0 0
443.8896103896104 27.69155844155847 -1 0 0
427.6558441558442 25.25649350649354 -1 0 0
434.9610389610389 27.69155844155847 -1 0 0
418.7272727272727 33.37337662337666 -1 0 0
425.2207792207792 39.055194805194844 -1 0 0
432.525974025974 45.54870129870136 -1 0 0
434.9610389610389 39.055194805194844 -1 0 0
443.07792207792204 42.3019480519481 -1 0 0
443.8896103896104 31.750000000000057 -1 0 0
451.19480519480516 39.055194805194844 -1 0 0
456.87662337662346 42.3019480519481 -1 0 0
471.487012987013 44.73701298701303 -1 0 0
480.4155844155844 45.54870129870136 -1 0 0
476.35714285714283 33.37337662337666 -1 0 0
479.60389610389603 20.386363636363683 -1 0 0
505.5779220779221 16.327922077922096 -1 0 0
516.9415584415585 19.574675324675354 -1 0 0
508.012987012987 33.37337662337666 -1 0 0
516.9415584415585 36.620129870129915 -1 0 0
512.8831168831168 29.314935064935128 -1 0 0
524.2467532467533 22.009740259740283 -1 0 0
363.5324675324674 122.65909090909093 -1 0 0
356.2272727272727 133.21103896103898 -1 0 0
366.7792207792208 129.96428571428572 -1 0 0
373.27272727272725 133.21103896103898 -1 0 0
378.14285714285717 123.4707792207792 -1 0 0
377.33116883116884 103.17857142857144 -1 0 0
377.33116883116884 93.43831168831173 -1 0 0
384.6363636363637 90.19155844155847 -1 0 0
369.2142857142857 85.32142857142861 -1 0 0
364.34415584415586 82.07467532467535 -1 0 0
374.08441558441564 74.76948051948057 -1 0 0
365.15584415584414 70.71103896103898 -1 0 0
359.474025974026 59.34740259740266 -1 0 0
361.0974025974026 50.41883116883122 -1 0 0
366.7792207792208 44.73701298701303 -1 0 0
370.025974025974 59.34740259740266 -1 0 0
387.8831168831169 53.66558441558442 -1 0 0
379.76623376623365 44.73701298701303 -1 0 0
391.1298701298701 42.3019480519481 -1 0 0
370.025974025974 39.055194805194844 -1 0 0
412.23376623376623 40.678571428571445 -1 0 0
408.98701298701303 30.938311688311728 -1 0 0
404.1168831168831 44.73701298701303 -1 0 0
415.4805194805195 50.41883116883122 -1 0 0
418.7272727272727 44.73701298701303 -1 0 0
408.17532467532465 53.66558441558442 -1 0 0
400.05844155844153 53.66558441558442 -1 0 0
392.7532467532468 61.78246753246759 -1 0 0
388.69480519480516 65.84090909090912 -1 0 0
408.98701298701303 59.34740259740266 -1 0 0
401.6818181818182 65.0292207792208 -1 0 0
395.1883116883116 71.52272727272731 -1 0 0
397.6233766233766 80.45129870129875 -1 0 0
389.5064935064936 83.69805194805195 -1 0 0
392.7532467532468 91.0032467532468 -1 0 0
402.49350649350646 93.43831168831173 -1 0 0
404.1168831168831 99.12012987012992 -1 0 0
396.0 95.87337662337666 -1 0 0
391.9415584415584 101.55519480519484 -1 0 0
379.76623376623365 116.16558441558442 -1 0 0
345.6753246753247 73.95779220779224 -1 0 0
349.7337662337663 110.48376623376629 -1 0 0
357.038961038961 105.61363636363637 -1 0 0
364.34415584415586 108.86038961038963 -1 0 0
361.0974025974026 113.73051948051949 -1 0 0
415.4805194805195 237.91883116883122 -1 0 0
438.20779220779224 238.7305194805195 -1 0 0
391.1298701298701 238.7305194805195 -1 0 0
401.6818181818182 216.00324675324674 -1 0 0
412.23376623376623 223.30844155844153 -1 0 0
419.5389610389611 213.5681818181818 -1 0 0
400.8701298701299 195.71103896103898 -1 0 0
401.6818181818182 165.67857142857144 -1 0 0
395.1883116883116 150.25649350649354 -1 0 0
391.1298701298701 133.21103896103898 -1 0 0
386.2597402597402 122.65909090909093 -1 0 0
396.81168831168833 117.78896103896108 -1 0 0
404.1168831168831 105.61363636363637 -1 0 0
410.61038961038963 128.34090909090912 -1 0 0
402.49350649350646 124.28246753246759 -1 0 0
407.3636363636363 137.2694805194805 -1 0 0
411.42207792207785 144.57467532467535 -1 0 0
422.7857142857143 137.2694805194805 -1 0 0
422.7857142857143 127.5292207792208 -1 0 0
424.409090909091 121.84740259740266 -1 0 0
430.9025974025974 116.16558441558442 -1 0 0
424.409090909091 116.16558441558442 -1 0 0
432.525974025974 104.8019480519481 -1 0 0
427.6558441558442 94.25000000000006 -1 0 0
419.5389610389611 73.14610389610391 -1 0 0
409.79870129870125 74.76948051948057 -1 0 0
423.59740259740255 65.84090909090912 -1 0 0
437.39610389610385 56.100649350649405 -1 0 0
442.2662337662337 59.34740259740266 -1 0 0
445.512987012987 54.47727272727275 -1 0 0
437.39610389610385 71.52272727272731 -1 0 0
426.8441558441558 61.78246753246759 -1 0 0
503.14285714285717 36.620129870129915 -1 0 0
502.3311688311688 46.36038961038963 -1 0 0
522.6233766233765 56.100649350649405 -1 0 0
515.3181818181818 59.34740259740266 -1 0 0
511.2597402597403 70.71103896103898 -1 0 0
508.8246753246753 56.100649350649405 -1 0 0
514.5064935064934 47.98376623376629 -1 0 0
511.2597402597403 39.86688311688317 -1 0 0
536.422077922078 42.3019480519481 -1 0 0
532.3636363636363 34.99675324675326 -1 0 0
524.2467532467533 36.620129870129915 -1 0 0
533.987012987013 56.912337662337734 -1 0 0
551.8441558441559 59.34740259740266 -1 0 0
547.7857142857142 34.185064935064986 -1 0 0
563.2077922077922 46.36038961038963 -1 0 0
582.6883116883116 78.8279220779221 -1 0 0
578.6298701298701 51.23051948051949 -1 0 0
528.3051948051948 44.73701298701303 -1 0 0
521.0 73.95779220779224 -1 0 0
524.2467532467533 83.69805194805195 -1 0 0
540.4805194805194 93.43831168831173 -1 0 0
551.8441558441559 86.13311688311688 -1 0 0
555.9025974025974 97.49675324675326 -1 0 0
580.2532467532467 90.19155844155847 -1 0 0
589.1818181818182 82.07467532467535 -1 0 0
595.6753246753246 93.43831168831173 -1 0 0
602.9805194805194 112.10714285714289 -1 0 0
605.4155844155844 91.0032467532468 -1 0 0
611.9090909090908 113.73051948051949 -1 0 0
594.0519480519481 130.77597402597405 -1 0 0
553.4675324675325 114.54220779220782 -1 0 0
565.6428571428571 102.36688311688312 -1 0 0
569.7012987012986 119.41233766233768 -1 0 0
548.5974025974026 108.86038961038963 -1 0 0
430.95517781232064 228.14327117005692 -1 0 0
432.84859488430914 212.36479557015275 -1 0 0
430.95517781232064 201.951001674216 -1 0 0
425.90606562035134 195.63961143425433 -1 0 0
413.91442416442413 170.07848096240957 -1 0 0
426.2216351323494 171.0251894984038 -1 0 0
415.49227172441454 154.61557487450347 -1 0 0
404.13176929248357 148.6197541465399 -1 0 0
424.643787572359 154.30000536250537 -1 0 0
435.68872049229185 137.89039073860505 -1 0 0
439.79112414826693 106.64900905079477 -1 0 0
442.31568024425167 96.86635417885418 -1 0 0
451.151626580198 93.07952003487719 -1 0 0
450.20491804420374 102.2310358828216 -1 0 0
447.68036194821906 113.27596880275453 -1 0 0
442.0001107322536 127.79216635466636 -1 0 0
442.63124975624976 142.93950293057438 -1 0 0
444.5246668282382 157.7712699944843 -1 0 0
444.2090973162401 165.3449382824383 -1 0 0
454.938460724175 170.70961998640573 -1 0 0
456.83187779616344 162.18924316245747 -1 0 0
469.77022778808487 127.4765968426683 -1 0 0
471.3480753480753 117.37837245872961 -1 0 0
459.9875729161443 87.71483833090977 -1 0 0
487.12655094797947 95.28850661886378 -1 0 0
493.12237167594304 92.13281149888294 -1 0 0
506.37629117986256 114.53824685074687 -1 0 0
484.28642533999675 122.42748465069894 -1 0 0
492.4912326519469 132.52570903463763 -1 0 0
501.32717898789326 129.6855834266549 -1 0 0
500.380470451899 150.82874073052648 -1 0 0
483.0241472920044 155.24671389849965 -1 0 0
477.659465588037 165.3449382824383 -1 0 0
466.29896315610597 164.39822974644406 -1 0 0
492.1756631399488 164.08266023444597 -1 0 0
480.8151607080178 171.0251894984038 -1 0 0
501.9583180118894 174.8120236423808 -1 0 0
515.8433765398051 159.03354804247664 -1 0 0
523.4170448277591 151.14431024252457 -1 0 0
535.4086862836862 156.19342243449387 -1 0 0
546.7691887156172 139.1526687865974 -1 0 0
556.5518435875579 159.66468706647282 -1 0 0
565.3877899235042 174.8120236423808 -1 0 0
581.7974045474045 162.82038218645363 -1 0 0
528.7817265317265 177.0210102263674 -1 0 0
454.6228912121769 206.05340533019108 -1 0 0
469.4546582760868 197.53302850624283 -1 0 0
475.1349094920523 211.10251752216038 -1 0 0
501.01160947589517 205.737835818193 -1 0 0
501.01160947589517 196.90188948224665 -1 0 0
510.16312532383955 221.51631141809716 -1 0 0
530.3595740917169 210.15580898616616 -1 0 0
547.4003277396134 194.0617638742639 -1 0 0
542.6667850596422 179.86113583435014 -1 0 0
551.5027313955885 181.75455290633863 -1 0 0
461.5654204761347 234.4546614100186 -1 0 0
462.512129012129 222.4630199540914 -1 0 0
377.62393028464453 267.27389065781927 -1 0 0
480.8151607080178 112.96039929075644 -1 0 0
477.9750351000351 107.91128709878711 -1 0 0
528.1505875077303 100.02204929883504 -1 0 0
524.3637533637534 138.5215297626012 -1 0 0
518.3679326357897 133.15684805863378 -1 0 0
557.4985521235521 194.0617638742639 -1 0 0
446.32467532467524 79.63961038961037 -1 0 0
451.19480519480516 65.84090909090907 -1 0 0
457.68831168831167 53.66558441558442 -1 0 0
453.6298701298701 50.41883116883116 -1 0 0
465.8051948051947 61.782467532467535 -1 0 0
472.29870129870125 69.08766233766232 -1 0 0
467.4285714285714 73.95779220779218 -1 0 0
469.8636363636363 78.01623376623377 -1 0 0
464.1818181818182 80.4512987012987 -1 0 0
485.2857142857143 73.95779220779218 -1 0 0
489.34415584415586 74.76948051948051 -1 0 0
484.47402597402584 82.88636363636363 -1 0 0
492.59090909090907 82.88636363636363 -1 0 0
430.9025974025974 65.84090909090907 -1 0 0
495.02597402597405 52.04220779220776 -1 0 0
593.2402597402597 156.75 -1 0 0
626.5194805194806 193.27597402597405 -1 0 0
624.0844155844156 181.91233766233768 -1 0 0
546.9740259740258 208.6980519480519 -1 0 0
538.0454545454545 196.52272727272725 -1 0 0
350.54545454545456 56.10064935064935 -1 0 0
440.6428571428572 63.40584415584413 -1 0 0
445.512987012987 65.02922077922074 -1 0 0
605.4155844155844 202.20454545454544 -1 0 0
594.0519480519481 207.07467532467535 -1 0 0
590.8051948051948 174.60714285714283 -1 0 0
138.69480519480516 196.52272727272725 -1 0 0
469.05194805194805 176.23051948051943 -1 0 0
