474.7307692307693 -21.76223776223776 -1 0 0
186.47902097902093 303.62237762237766 -1 0 0
243.75174825174824 289.1468531468532 -1 0 0
271.4440559440559 273.4125874125874 -1 0 0
242.49300699300696 261.4545454545455 -1 0 0
196.548951048951 255.79020979020981 -1 0 0
148.71678321678317 269.006993006993 -1 0 0
107.80769230769229 229.98601398601403 -1 0 0
78.22727272727269 236.90909090909093 -1 0 0
70.67482517482514 191.5944055944056 -1 0 0
96.47902097902096 204.1818181818182 -1 0 0
20.95454545454541 255.16083916083917 -1 0 0
23.472027972027945 145.02097902097904 -1 0 0
41.09440559440557 156.34965034965037 -1 0 0
73.19230769230765 170.82517482517483 -1 0 0
101.513986013986 141.8741258741259 -1 0 0
56.199300699300665 125.51048951048948 -1 0 0
39.83566433566429 122.99300699300704 -1 0 0
30.39510489510485 111.6643356643357 -1 0 0
28.506993006992985 128.02797202797206 -1 0 0
23.472027972027945 86.48951048951051 -1 0 0
17.17832167832165 76.41958041958043 -1 0 0
8.996503496503465 80.19580419580421 -1 0 0
30.39510489510485 78.30769230769232 -1 0 0
36.05944055944053 75.79020979020981 -1 0 0
22.842657342657304 64.46153846153845 -1 0 0
49.905594405594364 75.79020979020981 -1 0 0
41.09440559440557 85.23076923076928 -1 0 0
42.98251748251744 92.7832167832168 -1 0 0
36.05944055944053 99.07692307692308 -1 0 0
58.71678321678317 110.40559440559446 -1 0 0
53.68181818181816 96.55944055944053 -1 0 0
63.75174825174821 86.48951048951051 -1 0 0
59.97552447552445 66.34965034965035 -1 0 0
80.11538461538457 66.34965034965035 -1 0 0
74.4510489510489 80.82517482517483 -1 0 0
76.96853146853144 116.6993006993007 -1 0 0
127.9475524475524 197.25874125874128 -1 0 0
111.58391608391602 161.3846153846154 -1 0 0
143.05244755244755 144.3916083916084 -1 0 0
131.72377622377618 125.51048951048948 -1 0 0
121.6538461538461 114.8111888111888 -1 0 0
109.69580419580419 106.62937062937065 -1 0 0
90.18531468531468 121.10489510489515 -1 0 0
88.92657342657338 93.41258741258741 -1 0 0
85.77972027972024 83.34265734265739 -1 0 0
85.15034965034961 74.53146853146853 -1 0 0
87.66783216783213 68.86713286713291 -1 0 0
95.84965034965032 81.4545454545455 -1 0 0
110.95454545454541 88.3776223776224 -1 0 0
99.6258741258741 102.85314685314688 -1 0 0
159.41608391608386 156.979020979021 -1 0 0
219.8356643356643 219.91608391608395 -1 0 0
216.0594405594405 204.8111888111888 -1 0 0
172.00349650349648 196.62937062937067 -1 0 0
194.66083916083912 167.04895104895107 -1 0 0
335.63986013986016 267.1188811188811 -1 0 0
285.2902097902097 214.88111888111885 -1 0 0
252.56293706293704 196.0 -1 0 0
248.78671328671325 157.60839160839163 -1 0 0
219.20629370629368 159.49650349650352 -1 0 0
292.8426573426573 249.49650349650352 -1 0 0
328.71678321678314 204.1818181818182 -1 0 0
312.35314685314677 189.70629370629374 -1 0 0
287.80769230769226 181.52447552447555 -1 0 0
378.4370629370629 260.1958041958042 -1 0 0
426.8986013986014 260.1958041958042 -1 0 0
397.31818181818187 208.58741258741262 -1 0 0
353.89160839160826 223.06293706293704 -1 0 0
374.03146853146853 167.67832167832168 -1 0 0
401.09440559440554 172.0839160839161 -1 0 0
385.9895104895105 160.75524475524477 -1 0 0
425.63986013986016 193.4825174825175 -1 0 0
447.6678321678322 185.93006993006995 -1 0 0
464.66083916083915 233.76223776223776 -1 0 0
477.8776223776224 258.3076923076923 -1 0 0
538.2972027972028 301.10489510489515 -1 0 0
575.43006993007 275.3006993006993 -1 0 0
572.9125874125874 338.23776223776224 -1 0 0
594.3111888111888 355.8601398601399 -1 0 0
535.7797202797203 254.5314685314685 -1 0 0
515.0104895104895 231.87412587412584 -1 0 0
502.4230769230769 221.17482517482517 -1 0 0
511.8636363636364 202.2937062937063 -1 0 0
533.2622377622378 200.40559440559437 -1 0 0
554.6608391608391 219.91608391608395 -1 0 0
569.7657342657343 243.20279720279726 -1 0 0
589.9055944055945 235.65034965034965 -1 0 0
589.2762237762238 204.8111888111888 -1 0 0
611.3041958041958 213.62237762237766 -1 0 0
615.0804195804196 186.5594405594406 -1 0 0
620.1153846153846 160.75524475524477 -1 0 0
600.6048951048951 171.45454545454547 -1 0 0
608.7867132867133 152.5734265734266 -1 0 0
587.3881118881119 155.0909090909091 -1 0 0
582.3531468531469 167.04895104895107 -1 0 0
567.2482517482517 175.23076923076925 -1 0 0
580.465034965035 185.3006993006993 -1 0 0
547.7377622377622 154.46153846153848 -1 0 0
569.7657342657343 154.46153846153848 -1 0 0
564.1013986013986 146.90909090909093 -1 0 0
556.548951048951 139.35664335664336 -1 0 0
541.4440559440559 138.0979020979021 -1 0 0
535.7797202797203 156.34965034965037 -1 0 0
525.7097902097902 170.82517482517483 -1 0 0
523.8216783216783 141.8741258741259 -1 0 0
524.451048951049 131.17482517482517 -1 0 0
524.451048951049 119.84615384615387 -1 0 0
509.3461538461538 154.46153846153848 -1 0 0
323.0524475524476 168.30769230769232 -1 0 0
268.92657342657344 167.04895104895107 -1 0 0
280.2552447552447 156.979020979021 -1 0 0
306.6888111888112 129.28671328671328 -1 0 0
287.1783216783216 128.65734265734267 -1 0 0
287.80769230769226 146.2797202797203 -1 0 0
83.4195804195804 102.02622377622373 -1 0 0
139.1188811188811 133.80944055944056 -1 0 0
159.57342657342653 115.55769230769228 -1 0 0
168.06993006993005 119.01923076923072 -1 0 0
152.020979020979 109.26398601398597 -1 0 0
142.26573426573427 99.50874125874122 -1 0 0
120.55244755244753 100.45279720279719 -1 0 0
131.56643356643357 92.5856643356643 -1 0 0
119.9230769230769 92.5856643356643 -1 0 0
118.66433566433564 76.22202797202794 -1 0 0
107.02097902097898 76.22202797202794 -1 0 0
98.52447552447549 71.81643356643355 -1 0 0
124.01398601398597 70.55769230769228 -1 0 0
116.77622377622376 64.89335664335661 -1 0 0
117.09090909090907 59.85839160839157 -1 0 0
109.53846153846152 59.85839160839157 -1 0 0
109.53846153846152 52.93531468531464 -1 0 0
117.40559440559436 52.305944055944025 -1 0 0
101.041958041958 47.900349650349625 -1 0 0
101.67132867132864 53.56468531468528 -1 0 0
100.09790209790208 59.85839160839157 -1 0 0
111.11188811188808 43.4947552447552 -1 0 0
111.11188811188808 48.2150349650349 -1 0 0
117.72027972027969 44.12412587412584 -1 0 0
126.53146853146852 43.8094405594405 -1 0 0
126.53146853146852 52.93531468531464 -1 0 0
134.08391608391608 55.45279720279714 -1 0 0
134.08391608391608 60.80244755244752 -1 0 0
132.8251748251748 65.52272727272722 -1 0 0
125.58741258741257 59.543706293706265 -1 0 0
149.18881118881117 56.39685314685309 -1 0 0
155.16783216783213 70.24300699300697 -1 0 0
136.91608391608392 85.03321678321676 -1 0 0
151.70629370629368 96.04720279720277 -1 0 0
172.7902097902098 74.64860139860137 -1 0 0
185.69230769230765 65.52272727272722 -1 0 0
188.20979020979016 71.50174825174823 -1 0 0
189.78321678321674 78.42482517482514 -1 0 0
189.46853146853144 86.29195804195801 -1 0 0
164.29370629370626 59.85839160839157 -1 0 0
170.9020979020979 54.82342657342653 -1 0 0
161.77622377622376 54.508741258741225 -1 0 0
152.96503496503496 49.15909090909085 -1 0 0
163.34965034965032 47.900349650349625 -1 0 0
150.44755244755245 45.068181818181785 -1 0 0
147.30069930069928 47.270979020978984 -1 0 0
141.32167832167832 46.32692307692304 -1 0 0
137.2307692307692 42.865384615384556 -1 0 0
133.13986013986013 37.830419580419544 -1 0 0
128.10489510489506 37.830419580419544 -1 0 0
124.64335664335663 35.94230769230765 -1 0 0
121.49650349650345 38.45979020979016 -1 0 0
113.94405594405592 37.830419580419544 -1 0 0
110.79720279720277 34.998251748251704 -1 0 0
105.44755244755243 34.6835664335664 -1 0 0
106.70629370629368 38.45979020979016 -1 0 0
100.09790209790208 36.8863636363636 -1 0 0
97.58041958041954 38.45979020979016 -1 0 0
93.80419580419579 42.236013986013944 -1 0 0
102.61538461538458 42.55069930069928 -1 0 0
93.80419580419579 34.6835664335664 -1 0 0
92.5454545454545 31.53671328671325 -1 0 0
97.58041958041954 33.11013986013981 -1 0 0
151.70629370629368 39.71853146853144 -1 0 0
144.15384615384616 38.77447552447549 -1 0 0
141.32167832167832 37.201048951048904 -1 0 0
161.77622377622376 42.236013986013944 -1 0 0
168.06993006993005 45.6975524475524 -1 0 0
173.73426573426573 47.58566433566429 -1 0 0
179.71328671328666 47.270979020978984 -1 0 0
176.56643356643357 51.99125874125869 -1 0 0
174.36363636363635 61.43181818181815 -1 0 0
185.37762237762237 51.36188811188808 -1 0 0
184.11888111888112 56.08216783216781 -1 0 0
193.5594405594405 57.34090909090903 -1 0 0
197.65034965034963 59.543706293706265 -1 0 0
196.39160839160834 66.15209790209786 -1 0 0
205.2027972027972 61.11713286713282 -1 0 0
202.37062937062936 71.1870629370629 -1 0 0
204.25874125874125 83.77447552447549 -1 0 0
197.02097902097904 82.20104895104892 -1 0 0
218.4195804195804 76.22202797202794 -1 0 0
214.32867132867128 87.55069930069928 -1 0 0
229.7482517482517 80.94230769230766 -1 0 0
223.76923076923075 68.35489510489508 -1 0 0
218.10489510489506 67.09615384615381 -1 0 0
218.4195804195804 60.48776223776222 -1 0 0
211.81118881118877 59.85839160839157 -1 0 0
207.09090909090904 57.97027972027968 -1 0 0
230.06293706293704 63.00524475524472 -1 0 0
234.78321678321677 59.85839160839157 -1 0 0
234.78321678321677 71.81643356643355 -1 0 0
243.59440559440557 70.55769230769228 -1 0 0
253.66433566433565 63.94930069930067 -1 0 0
250.8321678321678 68.9842657342657 -1 0 0
245.16783216783213 64.89335664335661 -1 0 0
240.76223776223773 62.06118881118877 -1 0 0
239.81818181818178 67.41083916083912 -1 0 0
221.88111888111885 99.82342657342654 -1 0 0
248.62937062937056 87.23601398601396 -1 0 0
235.72727272727272 95.10314685314682 -1 0 0
239.18881118881117 104.8583916083916 -1 0 0
253.97902097902096 111.15209790209788 -1 0 0
253.97902097902096 127.83041958041954 -1 0 0
251.4615384615384 137.90034965034963 -1 0 0
266.56643356643355 123.42482517482517 -1 0 0
225.3426573426573 132.23601398601397 -1 0 0
198.59440559440557 126.57167832167829 -1 0 0
190.09790209790205 137.90034965034963 -1 0 0
172.47552447552445 106.43181818181813 -1 0 0
191.98601398601394 101.71153846153844 -1 0 0
170.27272727272728 85.9772727272727 -1 0 0
156.74125874125875 87.86538461538458 -1 0 0
164.6083916083916 76.22202797202794 -1 0 0
145.41258741258738 72.13111888111885 -1 0 0
146.98601398601394 83.14510489510486 -1 0 0
126.53146853146852 76.53671328671327 -1 0 0
126.53146853146852 84.40384615384613 -1 0 0
150.44755244755245 62.375874125874105 -1 0 0
144.15384615384616 59.85839160839157 -1 0 0
139.1188811188811 54.82342657342653 -1 0 0
229.9055944055944 114.81118881118879 -1 0 0
218.5769230769231 118.90209790209788 -1 0 0
214.486013986014 107.25874125874122 -1 0 0
301.0244755244755 118.90209790209788 -1 0 0
289.06643356643355 114.49650349650346 -1 0 0
294.41608391608395 109.77622377622374 -1 0 0
306.6888111888112 108.20279720279717 -1 0 0
300.3951048951049 100.96503496503493 -1 0 0
284.3461538461538 100.02097902097898 -1 0 0
283.0874125874126 109.46153846153842 -1 0 0
275.22027972027973 109.14685314685312 -1 0 0
270.18531468531467 94.35664335664332 -1 0 0
252.8776223776224 92.78321678321674 -1 0 0
266.40909090909093 85.5454545454545 -1 0 0
286.54895104895104 87.4335664335664 -1 0 0
292.2132867132867 70.44055944055938 -1 0 0
269.8706293706294 65.09090909090904 -1 0 0
261.37412587412587 67.60839160839154 -1 0 0
245.32517482517483 76.73426573426568 -1 0 0
238.71678321678323 86.17482517482514 -1 0 0
254.13636363636363 78.30769230769226 -1 0 0
261.6888111888112 73.90209790209784 -1 0 0
272.7027972027972 73.58741258741256 -1 0 0
273.01748251748256 78.9370629370629 -1 0 0
280.56993006993 74.21678321678317 -1 0 0
290.0104895104895 78.30769230769226 -1 0 0
295.36013986013984 82.71328671328666 -1 0 0
304.1713286713287 82.08391608391602 -1 0 0
307.63286713286715 89.6363636363636 -1 0 0
298.506993006993 92.15384615384612 -1 0 0
320.22027972027973 93.41258741258738 -1 0 0
317.07342657342656 99.70629370629368 -1 0 0
309.2062937062937 100.3356643356643 -1 0 0
316.44405594405595 114.81118881118879 -1 0 0
320.22027972027973 130.86013986013984 -1 0 0
326.82867132867136 117.95804195804192 -1 0 0
330.60489510489515 103.79720279720276 -1 0 0
329.9755244755245 86.48951048951045 -1 0 0
340.36013986013984 82.08391608391602 -1 0 0
322.73776223776224 80.8251748251748 -1 0 0
316.44405594405595 83.65734265734261 -1 0 0
323.0524475524476 87.4335664335664 -1 0 0
340.0454545454546 98.44755244755241 -1 0 0
337.52797202797206 91.20979020979017 -1 0 0
326.1993006993007 93.72727272727269 -1 0 0
350.7447552447553 92.15384615384612 -1 0 0
353.89160839160843 94.98601398601396 -1 0 0
356.09440559440566 102.22377622377618 -1 0 0
350.7447552447553 111.34965034965032 -1 0 0
343.50699300699307 110.72027972027969 -1 0 0
349.8006993006993 124.25174825174823 -1 0 0
337.2132867132867 136.20979020979019 -1 0 0
302.5979020979021 162.6433566433566 -1 0 0
293.47202797202794 166.4195804195804 -1 0 0
349.486013986014 160.1258741258741 -1 0 0
324.3111888111888 159.18181818181816 -1 0 0
340.36013986013984 169.56643356643355 -1 0 0
359.87062937062944 143.7622377622377 -1 0 0
349.486013986014 137.4685314685314 -1 0 0
366.1643356643357 123.62237762237758 -1 0 0
362.7027972027972 113.55244755244752 -1 0 0
363.3321678321679 107.25874125874122 -1 0 0
372.1433566433567 107.57342657342654 -1 0 0
372.45804195804203 98.1328671328671 -1 0 0
365.2202797202798 97.18881118881116 -1 0 0
368.68181818181824 89.95104895104892 -1 0 0
372.45804195804203 94.35664335664332 -1 0 0
366.479020979021 93.09790209790206 -1 0 0
354.5209790209791 88.69230769230766 -1 0 0
346.6538461538462 89.00699300699297 -1 0 0
301.65384615384613 77.04895104895101 -1 0 0
463.4020979020978 206.06993006992997 -1 0 0
482.28321678321674 199.14685314685306 -1 0 0
467.1783216783216 160.12587412587402 -1 0 0
382.2132867132866 135.26573426573415 -1 0 0
380.32517482517477 126.76923076923069 -1 0 0
390.39510489510485 124.8811188811188 -1 0 0
384.1013986013985 117.32867132867122 -1 0 0
397.94755244755237 117.95804195804186 -1 0 0
404.24125874125866 108.51748251748242 -1 0 0
411.79370629370624 103.79720279720269 -1 0 0
429.1013986013985 111.34965034965026 -1 0 0
425.01048951048944 104.42657342657333 -1 0 0
483.22727272727263 110.72027972027962 -1 0 0
474.73076923076917 115.44055944055933 -1 0 0
467.1783216783216 125.19580419580407 -1 0 0
460.56993006993 117.32867132867122 -1 0 0
452.07342657342656 117.32867132867122 -1 0 0
454.590909090909 107.88811188811178 -1 0 0
427.8426573426573 122.9930069930069 -1 0 0
414.625874125874 131.4895104895104 -1 0 0
404.24125874125866 128.34265734265725 -1 0 0
395.7447552447552 140.3006993006992 -1 0 0
411.79370629370624 148.16783216783207 -1 0 0
423.12237762237754 154.14685314685306 -1 0 0
430.6748251748251 140.3006993006992 -1 0 0
452.07342657342656 138.41258741258733 -1 0 0
441.6888111888111 131.4895104895104 -1 0 0
447.6678321678321 155.090909090909 -1 0 0
463.4020979020978 149.74125874125866 -1 0 0
473.47202797202794 140.3006993006992 -1 0 0
484.17132867132864 142.5034965034964 -1 0 0
496.12937062937056 135.8951048951048 -1 0 0
481.0244755244755 163.2727272727272 -1 0 0
496.4440559440559 153.20279720279711 -1 0 0
506.1993006993006 177.43356643356634 -1 0 0
