10.597179058092266 301.404733444896 -1 0 0
45.114032990676556 305.00023906287356 -1 0 0
55.900549844609145 305.00023906287356 -1 0 0
30.01290939517094 332.32608175950276 -1 0 0
22.102797035620362 330.8878795123117 -1 0 0
23.54099928281137 327.29237389433416 -1 0 0
14.911785799665328 326.5732727707387 -1 0 0
11.136504900788903 316.32608175950264 -1 0 0
22.642122878316997 313.8092278269184 -1 0 0
7.900549844609138 328.19125029882855 -1 0 0
1.7881902940473295 329.62945254601954 -1 0 0
14.012909395170936 335.02271097298586 -1 0 0
3.5859431030360978 326.3934974898398 -1 0 0
29.114032990676545 328.19125029882855 -1 0 0
27.316280181687787 343.29237389433416 -1 0 0
22.642122878316997 342.57327277073864 -1 0 0
15.810662204159694 341.4946210853454 -1 0 0
6.821898159215863 342.2137222089409 -1 0 0
2.147740855845091 353.3597896246712 -1 0 0
8.260100406406888 355.87664355725553 -1 0 0
13.293808271575433 348.3260817595027 -1 0 0
16.889313889552948 354.43844131006443 -1 0 0
25.51852737269903 354.07889074826676 -1 0 0
20.84437006932824 355.87664355725553 -1 0 0
14.372459956968688 361.62945254601954 -1 0 0
7.181448721013634 362.7081042314128 -1 0 0
14.372459956968688 366.663160411188 -1 0 0
20.484819507530485 364.1463064786038 -1 0 0
33.06908917045183 329.26990198422175 -1 0 0
39.900549844609145 333.22495816399703 -1 0 0
37.74324647382263 338.97776715276115 -1 0 0
44.215156586182175 332.50585704040157 -1 0 0
46.37245995696869 336.46091322017685 -1 0 0
47.451111642361944 339.6968682763566 -1 0 0
6.462347597418112 368.4609132201768 -1 0 0
4.3050442266316 372.7755199617499 -1 0 0
12.57470714797991 374.21372220894085 -1 0 0
19.76571838393498 369.18001434377237 -1 0 0
24.080325125508004 370.25866602916557 -1 0 0
25.158976810901258 377.44967726512067 -1 0 0
30.911785799665306 365.2249581639971 -1 0 0
25.87807793449678 359.83169973703076 -1 0 0
31.990437485058578 358.3934974898398 -1 0 0
46.37245995696869 344.37102557972736 -1 0 0
46.01290939517094 349.04518288309816 -1 0 0
34.86684197944059 351.5620368156824 -1 0 0
39.540999282811384 360.19125029882855 -1 0 0
44.57470714797993 365.2249581639971 -1 0 0
40.61965096820464 374.21372220894085 -1 0 0
29.114032990676545 372.41596939995213 -1 0 0
25.87807793449678 396.1463064786038 -1 0 0
50.327516136743974 327.11259861343524 -1 0 0
57.518527372699026 330.7081042314128 -1 0 0
50.68706669854173 332.50585704040157 -1 0 0
58.956729619890034 336.8204637819746 -1 0 0
62.911785799665324 344.37102557972736 -1 0 0
60.03538130528329 347.2474300741094 -1 0 0
56.43987568730577 349.40473344489595 -1 0 0
38.46234759741813 349.40473344489595 -1 0 0
52.48481950753049 361.62945254601954 -1 0 0
50.68706669854173 366.663160411188 -1 0 0
56.080325125508004 366.663160411188 -1 0 0
57.87807793449678 371.6968682763566 -1 0 0
46.37245995696869 378.5283289505139 -1 0 0
33.78819029404735 372.05641883815434 -1 0 0
37.383695912024855 365.2249581639971 -1 0 0
28.03538130528329 349.04518288309816 -1 0 0
3.226392541238346 379.9665311977049 -1 0 0
18.68706669854171 399.0227109729858 -1 0 0
6.10279703562036 391.11259861343524 -1 0 0
8.619650968204642 406.21372220894085 -1 0 0
13.653358833373185 409.09012670332294 -1 0 0
4.3050442266316 411.9665311977049 -1 0 0
11.136504900788903 419.87664355725553 -1 0 0
20.12526894573273 413.7642840066937 -1 0 0
26.956729619890037 405.8541716471431 -1 0 0
40.260100406406885 404.41596939995213 -1 0 0
47.09156108056419 401.8991154673679 -1 0 0
41.338752091800146 396.8654076021993 -1 0 0
58.23762849629453 392.5508008606263 -1 0 0
51.04661726033948 397.2249581639971 -1 0 0
57.87807793449678 398.663160411188 -1 0 0
60.754482428878795 403.6968682763566 -1 0 0
54.28257231651924 410.8878795123116 -1 0 0
39.18144872101363 414.48338513028915 -1 0 0
27.67583074348554 417.71934018646897 -1 0 0
56.799426249103526 419.15754243365996 -1 0 0
63.630886923260825 414.1238345684915 -1 0 0
33.06908917045183 422.7530480516375 -1 0 0
62.911785799665324 368.4609132201768 -1 0 0
52.844370069328235 377.44967726512067 -1 0 0
63.630886923260825 349.04518288309816 -1 0 0
51.76571838393498 353.3597896246712 -1 0 0
44.57470714797993 360.19125029882855 -1 0 0
65.42863973224958 354.43844131006443 -1 0 0
57.15897681090128 355.87664355725553 -1 0 0
63.99043748505858 364.8654076021993 -1 0 0
70.10279703562038 401.8991154673679 -1 0 0
75.13650490078892 407.29237389433416 -1 0 0
72.26010040640689 416.6406885010757 -1 0 0
72.26010040640689 424.910351422424 -1 0 0
12.035381305283275 431.5620368156826 -1 0 0
22.821898159215866 427.24743007410945 -1 0 0
52.30504422663159 430.1238345684915 -1 0 0
45.114032990676556 433.0002390628735 -1 0 0
40.08032512550799 430.1238345684915 -1 0 0
31.451111642361948 431.5620368156826 -1 0 0
47.99043748505857 438.7530480516375 -1 0 0
18.507291417642843 453.13507052354765 -1 0 0
23.54099928281137 448.82046378197464 -1 0 0
56.61965096820465 437.3148458044466 -1 0 0
68.12526894573274 432.28113793927804 -1 0 0
61.653358833373176 435.15754243366007 -1 0 0
58.77695433899116 426.5283289505139 -1 0 0
66.68706669854174 427.24743007410945 -1 0 0
45.833134114272056 455.2923738943342 -1 0 0
32.88931388955295 456.7305761415252 -1 0 0
15.630886923260832 463.2024862538848 -1 0 0
19.226392541238347 471.8316997370308 -1 0 0
17.78819029404734 481.89911546736795 -1 0 0
16.349988046856335 487.651924456132 -1 0 0
9.15897681090126 494.12383456849153 -1 0 0
2.687066698541709 490.528328950514 -1 0 0
5.563471192923742 481.89911546736795 -1 0 0
24.260100406406874 484.77551996175 -1 0 0
33.60841501314846 487.651924456132 -1 0 0
40.08032512550799 487.651924456132 -1 0 0
45.114032990676556 481.89911546736795 -1 0 0
46.55223523786756 471.8316997370308 -1 0 0
32.88931388955295 466.7979918718623 -1 0 0
38.64212287831698 478.3036098493904 -1 0 0
55.181448721013645 471.8316997370308 -1 0 0
63.09156108056418 465.3597896246713 -1 0 0
63.810662204159684 457.4496772651208 -1 0 0
63.810662204159684 479.74181209658144 -1 0 0
55.181448721013645 489.090126703323 -1 0 0
66.68706669854174 491.966531197705 -1 0 0
71.72077456371026 477.5845087257949 -1 0 0
72.43987568730576 460.32608175950276 -1 0 0
78.9117857996653 466.7979918718623 -1 0 0
86.10279703562037 462.48338513028926 -1 0 0
88.26010040640689 455.2923738943342 -1 0 0
87.54099928281138 448.1013626583792 -1 0 0
82.50729141764285 441.6294525460196 -1 0 0
83.22639254123835 483.337317714559 -1 0 0
82.50729141764285 493.404733444896 -1 0 0
73.87807793449677 486.93282333253643 -1 0 0
78.19268467606979 475.42720535500837 -1 0 0
60.21515658618217 378.34855366961506 -1 0 0
67.40616782213723 374.7530480516375 -1 0 0
61.473583552474295 307.337317714559 -1 0 0
66.50729141764285 308.05641883815446 -1 0 0
71.18144872101364 308.05641883815446 -1 0 0
65.06908917045183 301.58450872579493 -1 0 0
75.85560602438443 306.61821659096347 -1 0 0
81.24886445135071 307.337317714559 -1 0 0
73.33875209180015 327.47214917523314 -1 0 0
65.06908917045183 330.7081042314129 -1 0 0
68.66459478842937 329.26990198422186 -1 0 0
72.61965096820464 333.2249581639972 -1 0 0
73.69830265359789 335.74181209658144 -1 0 0
66.14774085584509 337.5395649055702 -1 0 0
72.26010040640689 338.2586660291657 -1 0 0
70.82189815921588 341.85417164714323 -1 0 0
72.97920153000238 345.090126703323 -1 0 0
77.65335883337318 348.3260817595028 -1 0 0
71.90054984460913 349.404733444896 -1 0 0
80.17021276595744 358.39349748983983 -1 0 0
86.28257231651925 359.8316997370308 -1 0 0
84.84437006932824 377.8092278269185 -1 0 0
72.26010040640689 380.32608175950276 -1 0 0
80.17021276595744 364.8654076021994 -1 0 0
71.18144872101364 368.46091322017696 -1 0 0
76.93425770977768 387.5170929954578 -1 0 0
76.21515658618218 381.404733444896 -1 0 0
78.01290939517094 370.6182165909634 -1 0 0
92.75448242887879 362.7081042314129 -1 0 0
87.72077456371026 365.94405928759267 -1 0 0
89.51852737269901 379.966531197705 -1 0 0
83.76571838393498 344.3710255797275 -1 0 0
77.65335883337318 342.21372220894096 -1 0 0
90.23762849629455 354.4384413100646 -1 0 0
84.84437006932824 340.05641883815446 -1 0 0
83.76571838393498 336.8204637819747 -1 0 0
80.88931388955297 328.9103514224241 -1 0 0
81.96796557494622 333.2249581639972 -1 0 0
90.23762849629455 335.022710972986 -1 0 0
97.42863973224958 309.85417164714323 -1 0 0
108.93425770977768 320.64068850107583 -1 0 0
95.99043748505858 331.06765479321064 -1 0 0
91.67583074348556 330.7081042314129 -1 0 0
90.59717905809228 340.77551996175 -1 0 0
88.08032512550803 346.16877838871625 -1 0 0
99.22639254123837 404.0564188381545 -1 0 0
90.23762849629455 399.3822615347837 -1 0 0
95.27133636146307 388.95529524264884 -1 0 0
100.66459478842937 377.8092278269185 -1 0 0
95.6308869232608 336.1013626583792 -1 0 0
97.42863973224958 340.77551996175 -1 0 0
97.06908917045185 346.16877838871625 -1 0 0
104.97920153000238 361.6294525460196 -1 0 0
98.14774085584509 362.34855366961517 -1 0 0
88.08032512550803 370.25866602916574 -1 0 0
84.84437006932824 370.9777671527612 -1 0 0
100.3050442266316 335.74181209658144 -1 0 0
102.10279703562038 342.57327277073875 -1 0 0
110.01290939517095 349.7642840066938 -1 0 0
107.1365049007889 350.1238345684916 -1 0 0
109.29380827157544 333.94405928759267 -1 0 0
107.49605546258667 345.090126703323 -1 0 0
104.97920153000238 340.05641883815446 -1 0 0
115.04661726033947 356.95529524264884 -1 0 0
111.8106622041597 365.94405928759267 -1 0 0
99.94549366483386 369.89911546736795 -1 0 0
107.49605546258667 375.2923738943342 -1 0 0
104.61965096820465 395.42720535500837 -1 0 0
116.12526894573276 366.6631604111882 -1 0 0
113.60841501314847 345.090126703323 -1 0 0
111.45111164236197 340.05641883815446 -1 0 0
114.68706669854174 333.58450872579493 -1 0 0
125.4735835524743 360.9103514224241 -1 0 0
119.72077456371026 363.42720535500837 -1 0 0
121.15897681090128 369.89911546736795 -1 0 0
125.11403299067656 367.74181209658144 -1 0 0
115.04661726033947 404.77551996175 -1 0 0
126.1926846760698 391.8316997370308 -1 0 0
120.43987568730577 400.82046378197464 -1 0 0
134.8218981592159 399.74181209658144 -1 0 0
143.0915610805642 308.05641883815446 -1 0 0
106.77695433899117 309.85417164714323 -1 0 0
156.7544824288788 311.651924456132 -1 0 0
167.90054984460915 310.57327277073875 -1 0 0
142.3724599569687 373.13507052354777 -1 0 0
151.36122400191255 370.25866602916574 -1 0 0
136.26010040640688 370.9777671527612 -1 0 0
129.4286397322496 363.42720535500837 -1 0 0
130.1477408558451 355.8766435572556 -1 0 0
117.92302175472149 373.49462108534544 -1 0 0
124.75448242887879 374.21372220894096 -1 0 0
152.08032512550804 395.42720535500837 -1 0 0
133.02414535022714 393.6294525460196 -1 0 0
145.60841501314846 406.21372220894096 -1 0 0
152.43987568730577 406.5732727707387 -1 0 0
129.78819029404735 375.2923738943342 -1 0 0
128.34998804685634 370.6182165909634 -1 0 0
141.29380827157544 344.7305761415252 -1 0 0
133.38369591202488 349.404733444896 -1 0 0
133.38369591202488 333.2249581639972 -1 0 0
130.50729141764285 335.022710972986 -1 0 0
130.50729141764285 342.21372220894096 -1 0 0
140.57470714797995 340.77551996175 -1 0 0
140.57470714797995 334.3036098493904 -1 0 0
147.04661726033947 345.8092278269185 -1 0 0
146.23762849629458 353.80922782691846 -1 0 0
141.3836959120249 354.528328950514 -1 0 0
136.17021276595747 344.1013626583792 -1 0 0
135.9904374850586 340.3260817595028 -1 0 0
135.9904374850586 336.5508008606264 -1 0 0
140.4848195075305 336.9103514224241 -1 0 0
144.2601004064069 337.090126703323 -1 0 0
145.69830265359795 340.68563232130055 -1 0 0
161.8780779344968 335.2923738943342 -1 0 0
158.46234759741816 336.01147501792974 -1 0 0
155.0466172603395 346.9777671527612 -1 0 0
150.91178579966535 350.93282333253643 -1 0 0
155.0466172603395 356.68563232130055 -1 0 0
144.08032512550807 367.8316997370308 -1 0 0
160.79942624910356 361.00023906287356 -1 0 0
151.27133636146309 377.00023906287356 -1 0 0
131.85560602438446 367.11259861343535 -1 0 0
135.9904374850586 366.5732727707387 -1 0 0
156.30504422663165 368.3710255797275 -1 0 0
159.5409992828114 370.34855366961506 -1 0 0
166.7320105187665 370.88787951231177 -1 0 0
158.64212287831705 379.15754243366007 -1 0 0
145.3387520918002 379.337317714559 -1 0 0
167.63088692326087 379.337317714559 -1 0 0
163.3162801816878 373.404733444896 -1 0 0
162.05785321539568 355.78675591680616 -1 0 0
154.14774085584511 352.1912502988286 -1 0 0
159.00167344011479 350.39349748983983 -1 0 0
150.5522352378676 338.3485536696151 -1 0 0
150.3724599569687 342.84293569208705 -1 0 0
135.8106622041597 347.5170929954578 -1 0 0
163.4960554625867 341.94405928759267 -1 0 0
157.56347119292377 345.89911546736795 -1 0 0
145.1589768109013 361.5395649055702 -1 0 0
167.09156108056425 362.0788907482668 -1 0 0
172.30504422663165 370.528328950514 -1 0 0
178.05785321539568 377.5395649055702 -1 0 0
172.66459478842938 378.2586660291657 -1 0 0
168.7095386086541 353.6294525460196 -1 0 0
168.52976332775526 350.39349748983983 -1 0 0
162.77695433899117 348.2361941190533 -1 0 0
156.12526894573276 338.3485536696151 -1 0 0
170.14774085584514 341.58450872579493 -1 0 0
170.86684197944064 347.5170929954578 -1 0 0
173.74324647382267 350.7530480516376 -1 0 0
175.5409992828114 347.5170929954578 -1 0 0
177.1589768109013 352.5508008606264 -1 0 0
175.90054984460917 358.6631604111882 -1 0 0
169.78819029404738 357.0451828830983 -1 0 0
169.06908917045186 336.9103514224241 -1 0 0
179.85560602438446 345.3597896246713 -1 0 0
180.2151565861822 341.94405928759267 -1 0 0
175.90054984460917 339.06765479321064 -1 0 0
182.91178579966535 349.13507052354777 -1 0 0
182.7320105187665 359.74181209658144 -1 0 0
179.13650490078896 362.6182165909634 -1 0 0
187.0466172603395 364.59574468085106 -1 0 0
182.91178579966535 372.14630647860383 -1 0 0
180.93425770977768 369.090126703323 -1 0 0
186.50729141764288 379.15754243366007 -1 0 0
179.85560602438446 334.7530480516376 -1 0 0
179.3162801816878 330.4384413100646 -1 0 0
188.12526894573276 336.01147501792974 -1 0 0
198.37245995696875 342.84293569208705 -1 0 0
189.20392063112604 343.5620368156825 -1 0 0
184.889313889553 344.1013626583792 -1 0 0
167.27133636146309 344.1013626583792 -1 0 0
156.84437006932828 352.1912502988286 -1 0 0
189.74324647382267 351.651924456132 -1 0 0
195.31628018168783 349.67439636624437 -1 0 0
196.39493186708108 355.78675591680616 -1 0 0
199.27133636146309 368.01147501792974 -1 0 0
189.20392063112604 371.78675591680616 -1 0 0
193.1589768109013 376.82046378197464 -1 0 0
189.20392063112604 357.5845087257949 -1 0 0
181.29380827157547 338.528328950514 -1 0 0
176.08032512550807 311.2024862538848 -1 0 0
179.3162801816878 322.70810423141285 -1 0 0
185.6084150131485 325.2249581639972 -1 0 0
182.91178579966535 322.16877838871625 -1 0 0
178.5971790580923 385.6294525460196 -1 0 0
198.19268467606986 379.337317714559 -1 0 0
202.68706669854177 329.71934018646914 -1 0 0
198.7320105187665 335.47214917523314 -1 0 0
195.13650490078896 333.85417164714323 -1 0 0
205.203920631126 334.7530480516376 -1 0 0
208.4398756873058 340.86540760219947 -1 0 0
201.6084150131485 314.25866602916574 -1 0 0
214.7320105187665 316.2361941190534 -1 0 0
196.75448242887882 362.6182165909635 -1 0 0
200.34998804685637 350.57327277073875 -1 0 0
211.4960554625867 336.37102557972753 -1 0 0
215.09156108056422 339.24743007410956 -1 0 0
208.080325125508 350.21372220894096 -1 0 0
192.79942624910356 344.2811379392781 -1 0 0
200.5297633277552 359.5620368156826 -1 0 0
213.29380827157547 353.8092278269185 -1 0 0
210.23762849629458 360.64068850107583 -1 0 0
221.38369591202488 354.34855366961517 -1 0 0
214.5522352378676 345.00023906287356 -1 0 0
226.05785321539568 341.7642840066938 -1 0 0
224.2601004064069 345.89911546736795 -1 0 0
219.0466172603395 342.6631604111882 -1 0 0
223.90054984460917 350.03394692804216 -1 0 0
228.2151565861822 353.8092278269185 -1 0 0
222.1027970356204 364.4159693999522 -1 0 0
217.78819029404738 372.50585704040174 -1 0 0
205.74324647382267 361.5395649055702 -1 0 0
218.32751613674398 347.1575424336601 -1 0 0
223.00167344011479 314.79799187186234 -1 0 0
228.57470714797995 316.0564188381545 -1 0 0
244.2151565861822 316.41596939995225 -1 0 0
253.02414535022714 314.97776715276126 -1 0 0
242.41740377719344 335.11259861343535 -1 0 0
205.02414535022703 378.43844131006466 -1 0 0
205.20392063112592 365.8541716471433 -1 0 0
213.65335883337312 371.2474300741096 -1 0 0
212.57470714797984 377.89911546736806 -1 0 0
234.32751613674392 353.8092278269185 -1 0 0
232.52976332775515 366.3934974898399 -1 0 0
228.03538130528324 365.3148458044467 -1 0 0
224.97920153000234 368.7305761415253 -1 0 0
217.96796557494613 364.9552952426489 -1 0 0
221.92302175472142 378.43844131006466 -1 0 0
231.271336361463 372.86540760219947 -1 0 0
228.2151565861821 382.03394692804216 -1 0 0
233.06908917045175 347.1575424336602 -1 0 0
236.12526894573264 341.4047334448961 -1 0 0
237.38369591202482 367.11259861343547 -1 0 0
241.1589768109012 357.4047334448961 -1 0 0
237.56347119292369 353.09012670332305 -1 0 0
241.87807793449673 353.2699019842219 -1 0 0
242.77695433899112 350.03394692804216 -1 0 0
244.75448242887873 343.38226153478377 -1 0 0
247.99043748505852 339.9665311977051 -1 0 0
245.65335883337312 362.97776715276126 -1 0 0
242.41740377719333 367.65192445613206 -1 0 0
227.31628018168772 375.9215873774804 -1 0 0
235.2263925412383 382.7530480516377 -1 0 0
241.87807793449673 379.1575424336601 -1 0 0
245.65335883337312 356.146306478604 -1 0 0
250.14774085584503 345.5395649055703 -1 0 0
252.12526894573264 352.7305761415253 -1 0 0
254.64212287831694 357.4047334448961 -1 0 0
260.75448242887876 340.50585704040174 -1 0 0
256.08032512550795 363.69686827635684 -1 0 0
260.394931867081 378.0788907482669 -1 0 0
250.68706669854166 381.6743963662444 -1 0 0
247.63088692326073 373.4047334448961 -1 0 0
254.64212287831694 372.146306478604 -1 0 0
253.92302175472142 367.83169973703093 -1 0 0
260.75448242887876 372.50585704040174 -1 0 0
264.70953860865404 369.6294525460197 -1 0 0
260.394931867081 357.04518288309833 -1 0 0
263.9904374850585 357.58450872579493 -1 0 0
262.3724599569686 353.2699019842219 -1 0 0
255.18144872101354 345.0002390628737 -1 0 0
264.5297633277551 345.5395649055703 -1 0 0
269.02414535022706 360.8204637819748 -1 0 0
273.6983026535978 361.1800143437725 -1 0 0
275.8556060243843 345.0002390628737 -1 0 0
281.96796557494616 344.460913220177 -1 0 0
269.3836959120248 351.2923738943343 -1 0 0
274.0578532153956 349.4946210853455 -1 0 0
278.7320105187664 357.4047334448961 -1 0 0
265.60841501314843 362.79799187186245 -1 0 0
268.8443700693282 370.5283289505141 -1 0 0
272.6196509682046 374.66316041118824 -1 0 0
272.08032512550795 379.5170929954579 -1 0 0
276.39493186708097 383.11259861343547 -1 0 0
263.63088692326073 390.8429356920871 -1 0 0
253.02414535022703 386.8878795123118 -1 0 0
259.4960554625866 386.3485536696152 -1 0 0
281.0690891704518 367.4721491752332 -1 0 0
284.4848195075304 380.4159693999523 -1 0 0
276.9342577097776 375.2024862538849 -1 0 0
291.3162801816877 346.97776715276126 -1 0 0
285.5634711929237 349.6743963662444 -1 0 0
294.0129093951709 353.2699019842219 -1 0 0
286.46234759741805 359.56203681568263 -1 0 0
291.3162801816877 362.6182165909635 -1 0 0
285.92302175472145 343.92158737748036 -1 0 0
295.81066220415966 387.2474300741096 -1 0 0
294.7320105187664 376.6406885010759 -1 0 0
289.87807793449673 376.2811379392781 -1 0 0
298.3275161367439 371.2474300741096 -1 0 0
300.4848195075304 384.7305761415253 -1 0 0
302.1027970356203 377.1800143437725 -1 0 0
283.9454936648338 373.04518288309833 -1 0 0
284.12526894573267 364.9552952426489 -1 0 0
306.41740377719333 348.4159693999523 -1 0 0
306.23762849629446 344.6406885010759 -1 0 0
293.65335883337315 337.44967726512084 -1 0 0
296.39493186708097 348.460913220177 -1 0 0
303.0466172603394 354.4833851302893 -1 0 0
292.1702127659574 366.34855366961517 -1 0 0
310.23762849629446 357.71934018646914 -1 0 0
300.8893138895529 347.7418120965815 -1 0 0
298.46234759741805 346.1238345684916 -1 0 0
301.24886445135064 368.2361941190534 -1 0 0
295.6758307434855 366.0788907482669 -1 0 0
296.39493186708097 360.68563232130055 -1 0 0
304.12526894573267 372.6406885010759 -1 0 0
308.34998804685625 368.5957446808511 -1 0 0
311.8556060243843 368.14630647860395 -1 0 0
309.1589768109012 374.88787951231177 -1 0 0
313.29380827157536 373.8092278269185 -1 0 0
320.4848195075304 364.19125029882866 -1 0 0
310.5971790580922 347.47214917523314 -1 0 0
320.30504422663154 355.022710972986 -1 0 0
328.30504422663154 367.60698063590735 -1 0 0
314.19268467606975 359.60698063590735 -1 0 0
324.61965096820455 352.50585704040174 -1 0 0
318.3275161367439 347.47214917523314 -1 0 0
322.6421228783169 375.24743007410956 -1 0 0
329.29380827157536 351.24743007410956 -1 0 0
331.4511116423619 359.0676547932107 -1 0 0
319.0466172603394 372.01147501792974 -1 0 0
321.02414535022706 345.13507052354777 -1 0 0
308.8893138895529 378.21372220894096 -1 0 0
302.6870666985416 365.35978962467135 -1 0 0
308.6196509682046 363.2024862538849 -1 0 0
324.2601004064068 370.6631604111882 -1 0 0
315.6758307434855 384.2811379392781 -1 0 0
307.94549366483386 385.5395649055702 -1 0 0
330.4174037771934 390.57327277073875 -1 0 0
335.6308869232608 388.4159693999522 -1 0 0
327.7207745637102 382.1238345684916 -1 0 0
331.8556060243844 372.2361941190534 -1 0 0
322.1477408558451 379.6069806359073 -1 0 0
337.78819029404735 376.1912502988286 -1 0 0
333.4735835524743 383.022710972986 -1 0 0
325.38369591202485 358.93282333253654 -1 0 0
320.17021276595744 359.651924456132 -1 0 0
313.15897681090127 355.1575424336601 -1 0 0
292.4848195075305 315.4272053550084 -1 0 0
284.0353813052833 317.58450872579493 -1 0 0
310.2825723165193 316.3260817595028 -1 0 0
303.63088692326085 317.2249581639972 -1 0 0
321.78819029404735 320.64068850107583 -1 0 0
332.57470714797995 317.2249581639972 -1 0 0
337.9679655749463 320.64068850107583 -1 0 0
354.14774085584514 320.10136265837923 -1 0 0
359.72077456371034 322.0788907482669 -1 0 0
380.93425770977774 323.337317714559 -1 0 0
390.2825723165193 326.7530480516376 -1 0 0
331.13650490078896 345.80922782691863 -1 0 0
342.2825723165193 347.2474300741096 -1 0 0
344.26010040640693 350.84293569208717 -1 0 0
334.73201051876646 351.3822615347838 -1 0 0
335.09156108056425 355.69686827635684 -1 0 0
339.58594310303613 360.1912502988288 -1 0 0
341.74324647382264 371.87664355725565 -1 0 0
351.2713363614631 366.12383456849165 -1 0 0
347.85560602438443 374.39349748984 -1 0 0
342.642122878317 385.3597896246714 -1 0 0
346.7769543389912 347.2474300741096 -1 0 0
351.2713363614631 349.22495816399726 -1 0 0
355.9454936648339 348.50585704040174 -1 0 0
353.78819029404735 354.2586660291658 -1 0 0
350.9117857996654 355.87664355725565 -1 0 0
357.203920631126 353.5395649055703 -1 0 0
360.080325125508 351.9215873774804 -1 0 0
354.327516136744 360.1912502988288 -1 0 0
351.2713363614631 378.16877838871636 -1 0 0
347.31628018168783 387.69686827635684 -1 0 0
351.63088692326085 381.0451828830984 -1 0 0
353.78819029404735 386.0788907482669 -1 0 0
356.1252689457328 366.84293569208717 -1 0 0
366.7320105187665 350.84293569208717 -1 0 0
366.012909395171 353.5395649055703 -1 0 0
365.47358355247434 358.39349748984 -1 0 0
358.642122878317 379.9665311977052 -1 0 0
359.36122400191255 377.09012670332305 -1 0 0
361.3387520918002 383.56203681568263 -1 0 0
362.7769543389912 371.33731771455905 -1 0 0
366.9117857996654 369.0002390628737 -1 0 0
369.24886445135076 371.33731771455905 -1 0 0
358.10279703562037 395.9665311977052 -1 0 0
337.24886445135076 380.86540760219947 -1 0 0
371.94549366483386 349.22495816399726 -1 0 0
376.79942624910353 350.48338513028943 -1 0 0
382.1926846760698 352.2811379392782 -1 0 0
380.93425770977774 358.5732727707388 -1 0 0
371.765718383935 362.3485536696152 -1 0 0
359.72077456371034 359.831699737031 -1 0 0
358.10279703562037 364.32608175950287 -1 0 0
374.10279703562037 366.48338513028943 -1 0 0
370.68706669854174 389.1350705235478 -1 0 0
372.3050442266317 353.0002390628737 -1 0 0
343.90054984460915 360.91035142242424 -1 0 0
368.93425770977774 357.44967726512084 -1 0 0
372.26010040640693 357.44967726512084 -1 0 0
374.327516136744 373.269901984222 -1 0 0
379.63088692326085 373.89911546736806 -1 0 0
378.10279703562037 370.21372220894114 -1 0 0
378.46234759741816 378.12383456849165 -1 0 0
381.8780779344968 365.89911546736806 -1 0 0
391.58594310303613 363.3822615347838 -1 0 0
389.6983026535979 358.88787951231194 -1 0 0
396.6196509682046 367.69686827635684 -1 0 0
396.88931388955297 373.44967726512084 -1 0 0
385.833134114272 377.22495816399726 -1 0 0
390.14774085584514 388.55080086062645 -1 0 0
384.93425770977774 390.2586660291658 -1 0 0
387.36122400191255 385.31484580444675 -1 0 0
343.81066220415977 366.75304805163773 -1 0 0
377.9679655749463 394.2586660291659 -1 0 0
379.04661726033953 389.76428400669397 -1 0 0
380.3050442266317 384.1912502988288 -1 0 0
382.6421228783171 371.60698063590746 -1 0 0
397.2039206311261 378.078890748267 -1 0 0
386.23762849629463 397.67439636624454 -1 0 0
400.26010040640693 388.1463064786041 -1 0 0
405.47358355247434 385.98900310781755 -1 0 0
410.68706669854186 386.34855366961534 -1 0 0
407.6308869232609 380.41596939995236 -1 0 0
404.03538130528335 376.28113793927827 -1 0 0
407.81066220415977 372.8654076021996 -1 0 0
411.4061678221373 369.98900310781755 -1 0 0
412.4848195075305 373.0451828830984 -1 0 0
416.79942624910365 396.95529524264896 -1 0 0
416.79942624910365 392.46091322017713 -1 0 0
412.8443700693283 390.4833851302895 -1 0 0
418.0578532153957 386.34855366961534 -1 0 0
422.55223523786765 385.4496772651209 -1 0 0
414.1027970356205 381.67439636624454 -1 0 0
411.9454936648339 378.078890748267 -1 0 0
406.7320105187665 403.0676547932108 -1 0 0
417.69830265359803 365.4946210853456 -1 0 0
418.2376284962946 360.64068850107594 -1 0 0
414.2825723165193 358.1238345684917 -1 0 0
388.57470714797995 351.2923738943344 -1 0 0
393.9679655749463 351.6519244561321 -1 0 0
416.6196509682047 353.44967726512095 -1 0 0
427.22639254123845 364.95529524264896 -1 0 0
427.9454936648339 368.7305761415254 -1 0 0
417.3387520918002 374.4833851302895 -1 0 0
407.2713363614631 390.1238345684917 -1 0 0
427.4061678221373 398.75304805163773 -1 0 0
427.9454936648339 392.10136265837934 -1 0 0
434.77695433899123 401.09012670332316 -1 0 0
434.0578532153957 396.0564188381547 -1 0 0
423.45111164236204 362.9777671527614 -1 0 0
423.2713363614632 354.88787951231194 -1 0 0
423.6308869232609 350.03394692804227 -1 0 0
426.68706669854174 357.4047334448962 -1 0 0
429.3836959120249 354.1687783887164 -1 0 0
431.36122400191255 352.7305761415254 -1 0 0
434.5971790580924 360.46091322017713 -1 0 0
432.43987568730586 366.21372220894114 -1 0 0
438.01290939517094 354.34855366961534 -1 0 0
441.9679655749463 352.7305761415254 -1 0 0
443.22639254123845 354.88787951231194 -1 0 0
429.02414535022723 351.2923738943344 -1 0 0
447.1814487210137 352.3710255797277 -1 0 0
451.13650490078896 352.1912502988288 -1 0 0
438.1926846760699 365.4946210853456 -1 0 0
443.76571838393505 370.7081042314131 -1 0 0
420.93425770977774 370.7081042314131 -1 0 0
419.4960554625868 380.5957446808513 -1 0 0
430.46234759741816 386.34855366961534 -1 0 0
429.9230217547216 375.74181209658155 -1 0 0
424.3499880468564 369.98900310781755 -1 0 0
436.2151565861823 379.1575424336603 -1 0 0
424.1702127659575 379.1575424336603 -1 0 0
430.821898159216 380.41596939995236 -1 0 0
439.6308869232609 372.1463064786041 -1 0 0
435.13650490078896 375.3822615347839 -1 0 0
441.2488644513508 376.64068850107594 -1 0 0
442.1477408558452 380.0564188381547 -1 0 0
446.46234759741816 384.1912502988288 -1 0 0
441.9679655749463 384.1912502988288 -1 0 0
438.37245995696884 390.1238345684917 -1 0 0
438.1926846760699 396.2361941190535 -1 0 0
441.60841501314854 398.03394692804227 -1 0 0
422.1926846760699 388.8654076021996 -1 0 0
422.55223523786765 393.1800143437726 -1 0 0
405.47358355247434 393.7193401864692 -1 0 0
386.4174037771935 364.41596939995236 -1 0 0
390.01290939517105 368.3710255797277 -1 0 0
393.0690891704519 393.3597896246715 -1 0 0
427.58594310303613 360.46091322017713 -1 0 0
445.9230217547216 366.93282333253666 -1 0 0
442.32751613674407 361.8991154673681 -1 0 0
448.79942624910365 372.50585704040185 -1 0 0
448.6196509682047 395.1575424336603 -1 0 0
446.821898159216 389.76428400669397 -1 0 0
459.49605546258664 364.5058570404016 -1 0 0
457.3387520918001 359.83169973703093 -1 0 0
445.7432464738225 359.3822615347837 -1 0 0
451.13650490078885 356.50585704040174 -1 0 0
454.91178579966527 363.1575424336601 -1 0 0
455.9904374850585 375.022710972986 -1 0 0
457.7881902940473 380.4159693999522 -1 0 0
458.86684197944055 389.2249581639972 -1 0 0
454.19268467606975 391.2024862538848 -1 0 0
457.7881902940473 372.8654076021994 -1 0 0
449.15897681090127 363.337317714559 -1 0 0
449.69830265359786 379.1575424336601 -1 0 0
467.13650490078885 395.337317714559 -1 0 0
469.4735835524743 399.651924456132 -1 0 0
464.61965096820455 404.68563232130055 -1 0 0
457.2488644513507 398.57327277073875 -1 0 0
477.74324647382264 341.404733444896 -1 0 0
480.08032512550795 357.404733444896 -1 0 0
471.9904374850585 404.68563232130055 -1 0 0
478.2825723165192 397.3148458044466 -1 0 0
481.87807793449673 395.6968682763567 -1 0 0
482.05785321539554 405.58450872579493 -1 0 0
492.30504422663154 393.1800143437724 -1 0 0
487.81066220415966 377.00023906287356 -1 0 0
460.30504422663154 361.5395649055702 -1 0 0
502.1926846760698 370.7081042314129 -1 0 0
490.8668419794406 402.16877838871625 -1 0 0
498.23762849629446 370.7081042314129 -1 0 0
505.6084150131484 389.2249581639972 -1 0 0
497.3387520918001 391.74181209658144 -1 0 0
502.0129093951709 399.651924456132 -1 0 0
506.50729141764276 398.7530480516376 -1 0 0
493.2039206311259 380.77551996175 -1 0 0
435.6758307434855 409.719340186469 -1 0 0
486.9117857996652 383.651924456132 -1 0 0
480.2601004064067 382.7530480516376 -1 0 0
485.4735835524741 379.5170929954578 -1 0 0
482.0578532153955 377.35978962467135 -1 0 0
491.9454936648337 359.3822615347837 -1 0 0
490.32751613674384 364.77551996175 -1 0 0
496.43987568730563 362.79799187186234 -1 0 0
496.08032512550784 366.03394692804216 -1 0 0
500.0353813052832 380.0564188381545 -1 0 0
504.1702127659573 377.71934018646914 -1 0 0
503.8106622041596 382.03394692804216 -1 0 0
515.8556060243843 397.3148458044466 -1 0 0
510.462347597418 389.9440592875927 -1 0 0
511.7207745637101 378.6182165909635 -1 0 0
503.4511116423618 356.8654076021994 -1 0 0
519.8106622041596 354.5283289505141 -1 0 0
506.1477408558449 359.92158737748036 -1 0 0
508.4848195075303 354.88787951231177 -1 0 0
511.00167344011464 369.4496772651208 -1 0 0
507.4061678221371 372.68563232130055 -1 0 0
518.7320105187663 366.03394692804216 -1 0 0
518.9117857996652 378.79799187186234 -1 0 0
522.6870666985416 379.8766435572556 -1 0 0
520.3499880468562 369.090126703323 -1 0 0
523.0466172603393 364.4159693999522 -1 0 0
528.2601004064067 359.74181209658144 -1 0 0
533.1140329906764 355.966531197705 -1 0 0
527.5409992828112 366.57327277073875 -1 0 0
530.5971790580921 368.9103514224241 -1 0 0
533.8331341142718 365.67439636624437 -1 0 0
538.5072914176427 366.03394692804216 -1 0 0
537.9679655749461 359.3822615347837 -1 0 0
514.9567296198899 356.14630647860395 -1 0 0
514.5971790580921 369.8092278269185 -1 0 0
524.1252689457326 359.74181209658144 -1 0 0
524.8443700693281 355.60698063590735 -1 0 0
542.1027970356203 373.2249581639972 -1 0 0
534.0129093951708 378.6182165909635 -1 0 0
530.9567296198899 380.4159693999522 -1 0 0
528.0803251255079 379.337317714559 -1 0 0
518.1926846760697 394.4384413100646 -1 0 0
519.091561080564 400.9103514224241 -1 0 0
519.091561080564 374.4833851302893 -1 0 0
526.8218981592157 373.58450872579493 -1 0 0
523.9454936648336 373.7642840066938 -1 0 0
526.2825723165191 362.4384413100646 -1 0 0
529.1589768109011 335.47214917523314 -1 0 0
536.3499880468562 400.37102557972753 -1 0 0
537.2488644513506 386.34855366961517 -1 0 0
545.8780779344967 387.78675591680616 -1 0 0
546.776954338991 382.3934974898399 -1 0 0
547.6758307434854 378.9777671527612 -1 0 0
551.091561080564 377.35978962467135 -1 0 0
544.0803251255079 366.03394692804216 -1 0 0
547.8556060243842 368.1912502988286 -1 0 0
553.7881902940472 356.14630647860395 -1 0 0
553.7881902940472 365.3148458044466 -1 0 0
553.6084150131484 369.090126703323 -1 0 0
554.3275161367438 372.50585704040174 -1 0 0
554.5072914176427 376.64068850107583 -1 0 0
556.1252689457326 385.2699019842219 -1 0 0
554.5072914176427 387.966531197705 -1 0 0
551.4511116423619 382.93282333253654 -1 0 0
495.54099928281124 400.9103514224241 -1 0 0
491.585943103036 408.64068850107583 -1 0 0
493.5634711929236 412.9552952426489 -1 0 0
499.31628018168766 413.4946210853455 -1 0 0
529.8780779344967 402.1687783887163 -1 0 0
546.4174037771933 354.88787951231177 -1 0 0
549.6533588333731 373.58450872579493 -1 0 0
557.5634711929237 366.57327277073875 -1 0 0
568.7095386086539 359.3822615347837 -1 0 0
572.1252689457326 359.022710972986 -1 0 0
564.5747071479797 364.4159693999522 -1 0 0
566.1926846760697 366.3934974898399 -1 0 0
572.8443700693281 366.93282333253654 -1 0 0
562.95672961989 380.77551996175 -1 0 0
561.5185273726988 378.25866602916574 -1 0 0
554.6870666985416 333.4946210853455 -1 0 0
512.6196509682045 401.6294525460197 -1 0 0
480.97920153000223 410.6182165909634 -1 0 0
470.19268467606963 410.6182165909634 -1 0 0
553.4286397322494 393.71934018646914 -1 0 0
554.8668419794404 401.4496772651208 -1 0 0
552.1702127659573 405.9440592875927 -1 0 0
547.8556060243842 401.4496772651208 -1 0 0
572.1252689457326 376.64068850107583 -1 0 0
562.95672961989 366.93282333253654 -1 0 0
553.9679655749461 361.35978962467135 -1 0 0
559.3612240019124 357.4047334448961 -1 0 0
576.4398756873056 364.77551996175 -1 0 0
584.3499880468562 358.6631604111882 -1 0 0
579.4960554625865 368.7305761415253 -1 0 0
581.6533588333731 376.46091322017696 -1 0 0
584.5297633277551 370.7081042314129 -1 0 0
583.8106622041596 368.1912502988286 -1 0 0
578.2376284962944 371.966531197705 -1 0 0
573.9230217547213 381.13507052354777 -1 0 0
562.776954338991 372.68563232130055 -1 0 0
565.6533588333731 387.42720535500837 -1 0 0
568.1702127659573 383.83169973703093 -1 0 0
576.0803251255079 389.04518288309833 -1 0 0
583.8106622041596 388.68563232130055 -1 0 0
583.6308869232606 384.37102557972753 -1 0 0
579.8556060243842 381.4946210853455 -1 0 0
542.1027970356203 397.13507052354777 -1 0 0
528.0803251255079 386.1687783887163 -1 0 0
527.1814487210135 382.57327277073875 -1 0 0
579.6758307434854 360.64068850107583 -1 0 0
576.6196509682045 355.24743007410956 -1 0 0
588.4848195075303 336.01147501792974 -1 0 0
581.833134114272 365.67439636624437 -1 0 0
575.900549844609 393.71934018646914 -1 0 0
577.3387520918 397.13507052354777 -1 0 0
560.2601004064068 397.13507052354777 -1 0 0
566.5522352378674 395.337317714559 -1 0 0
569.2488644513505 406.1238345684916 -1 0 0
573.2039206311258 404.8654076021994 -1 0 0
578.5971790580921 406.3036098493904 -1 0 0
585.6084150131484 400.9103514224241 -1 0 0
588.6645947884292 382.3934974898399 -1 0 0
557.7432464738224 408.1013626583792 -1 0 0
556.8443700693281 405.4047334448961 -1 0 0
544.0803251255079 400.37102557972753 -1 0 0
536.5297633277551 406.3036098493904 -1 0 0
530.5971790580921 393.1800143437725 -1 0 0
540.1252689457326 382.03394692804216 -1 0 0
526.2825723165191 388.8654076021994 -1 0 0
505.42863973224945 404.14630647860395 -1 0 0
549.4735835524741 408.46091322017696 -1 0 0
529.1589768109011 409.1800143437725 -1 0 0
481.3387520918 387.42720535500837 -1 0 0
587.4061678221371 362.6182165909635 -1 0 0
589.2039206311258 373.7642840066938 -1 0 0
583.8106622041596 391.92158737748036 -1 0 0
584.8893138895528 394.9777671527612 -1 0 0
577.8780779344967 402.1687783887163 -1 0 0
533.8331341142718 382.93282333253654 -1 0 0
526.2825723165191 357.58450872579493 -1 0 0
606.1926846760698 337.5395649055702 -1 0 0
620.57470714798 340.05641883815446 -1 0 0
635.6758307434856 339.337317714559 -1 0 0
647.1814487210137 337.5395649055702 -1 0 0
591.8106622041597 360.5508008606264 -1 0 0
598.2825723165193 359.83169973703093 -1 0 0
595.765718383935 361.6294525460196 -1 0 0
595.4061678221373 364.8654076021994 -1 0 0
596.4848195075306 368.46091322017696 -1 0 0
591.0915610805642 369.1800143437724 -1 0 0
592.5297633277552 366.6631604111882 -1 0 0
588.2151565861822 367.3822615347837 -1 0 0
588.57470714798 370.25866602916574 -1 0 0
600.7095386086542 362.6182165909634 -1 0 0
602.327516136744 365.8541716471433 -1 0 0
590.642122878317 376.2811379392781 -1 0 0
591.5409992828114 380.77551996175 -1 0 0
596.57470714798 373.58450872579493 -1 0 0
599.451111642362 375.74181209658144 -1 0 0
599.8106622041597 382.57327277073875 -1 0 0
595.8556060243845 382.3934974898399 -1 0 0
593.6983026535979 378.79799187186234 -1 0 0
606.1027970356204 374.4833851302893 -1 0 0
607.1814487210137 371.06765479321064 -1 0 0
602.8668419794406 369.9890031078174 -1 0 0
600.1702127659576 368.9103514224241 -1 0 0
591.1814487210137 385.090126703323 -1 0 0
586.6870666985418 383.651924456132 -1 0 0
598.9117857996654 389.04518288309833 -1 0 0
602.6870666985418 387.42720535500837 -1 0 0
597.6533588333732 385.090126703323 -1 0 0
588.6645947884293 391.2024862538848 -1 0 0
595.8556060243845 395.5170929954578 -1 0 0
589.7432464738226 395.1575424336601 -1 0 0
581.8331341142721 407.022710972986 -1 0 0
575.3612240019125 411.1575424336601 -1 0 0
567.6308869232608 423.022710972986 -1 0 0
584.3499880468563 412.5957446808511 -1 0 0
601.9679655749463 400.5508008606264 -1 0 0
606.2825723165193 394.0788907482668 -1 0 0
599.451111642362 393.71934018646914 -1 0 0
599.9904374850586 407.5620368156826 -1 0 0
598.3724599569688 412.4159693999522 -1 0 0
595.136504900789 414.7530480516376 -1 0 0
609.8780779344968 397.85417164714323 -1 0 0
602.6870666985418 381.13507052354777 -1 0 0
606.1027970356204 367.651924456132 -1 0 0
605.5634711929238 362.6182165909634 -1 0 0
611.3162801816878 364.4159693999522 -1 0 0
610.2376284962945 377.35978962467135 -1 0 0
597.6533588333732 404.50585704040174 -1 0 0
588.8443700693283 398.7530480516376 -1 0 0
564.2151565861822 414.7530480516376 -1 0 0
562.5971790580924 418.528328950514 -1 0 0
559.7207745637103 425.00023906287356 -1 0 0
606.4623475974181 423.92158737748036 -1 0 0
593.8780779344968 424.46091322017696 -1 0 0
605.5634711929238 377.5395649055702 -1 0 0
612.3949318670811 370.34855366961517 -1 0 0
616.3499880468563 367.47214917523314 -1 0 0
617.6084150131485 371.966531197705 -1 0 0
614.5522352378675 380.77551996175 -1 0 0
609.6983026535979 384.5508008606264 -1 0 0
607.3612240019125 382.57327277073875 -1 0 0
615.8106622041597 387.06765479321064 -1 0 0
618.5072914176429 391.2024862538848 -1 0 0
611.4960554625867 388.68563232130055 -1 0 0
614.1926846760699 394.0788907482668 -1 0 0
615.9904374850586 399.47214917523314 -1 0 0
612.3949318670811 401.9890031078174 -1 0 0
605.5634711929238 403.24743007410956 -1 0 0
607.3612240019125 401.6294525460196 -1 0 0
614.7320105187665 404.50585704040174 -1 0 0
619.2263925412384 406.6631604111882 -1 0 0
618.8668419794407 410.0788907482668 -1 0 0
614.5522352378675 410.9777671527612 -1 0 0
608.4398756873057 417.6294525460196 -1 0 0
604.4848195075306 411.6968682763567 -1 0 0
616.889313889553 420.50585704040174 -1 0 0
624.6196509682047 410.4384413100646 -1 0 0
623.0016734401148 417.090126703323 -1 0 0
627.8556060243845 416.37102557972753 -1 0 0
632.1702127659576 416.37102557972753 -1 0 0
632.5297633277553 409.5395649055702 -1 0 0
631.0915610805642 406.6631604111882 -1 0 0
621.7432464738226 396.4159693999522 -1 0 0
628.2151565861822 397.4946210853455 -1 0 0
627.4960554625867 393.1800143437725 -1 0 0
623.0016734401148 388.68563232130055 -1 0 0
624.0803251255081 383.651924456132 -1 0 0
621.7432464738226 379.8766435572556 -1 0 0
618.1477408558451 376.1013626583792 -1 0 0
622.2825723165193 375.2024862538848 -1 0 0
622.1027970356204 369.9890031078174 -1 0 0
625.1589768109013 368.7305761415253 -1 0 0
622.1027970356204 365.8541716471433 -1 0 0
626.7769543389912 363.337317714559 -1 0 0
628.2151565861822 366.57327277073875 -1 0 0
630.0129093951709 368.1912502988286 -1 0 0
632.889313889553 366.21372220894096 -1 0 0
636.8443700693283 363.1575424336601 -1 0 0
635.5859431030361 368.9103514224241 -1 0 0
628.3949318670811 370.1687783887163 -1 0 0
627.136504900789 372.68563232130055 -1 0 0
633.7881902940474 378.6182165909634 -1 0 0
629.1140329906766 378.79799187186234 -1 0 0
628.0353813052833 375.022710972986 -1 0 0
639.0016734401148 381.13507052354777 -1 0 0
631.9904374850586 382.3934974898399 -1 0 0
635.0466172603395 394.25866602916574 -1 0 0
638.821898159216 385.4496772651208 -1 0 0
642.0578532153958 389.9440592875927 -1 0 0
641.1589768109013 394.0788907482668 -1 0 0
635.765718383935 383.83169973703093 -1 0 0
641.6983026535979 404.50585704040174 -1 0 0
644.7544824288789 412.2361941190534 -1 0 0
639.9005498446091 416.37102557972753 -1 0 0
627.8556060243845 408.64068850107583 -1 0 0
636.4848195075306 405.7642840066938 -1 0 0
647.8106622041597 418.528328950514 -1 0 0
648.5297633277553 405.4047334448961 -1 0 0
632.5297633277553 362.4384413100646 -1 0 0
645.1140329906766 377.71934018646914 -1 0 0
643.6758307434857 383.2923738943342 -1 0 0
649.9679655749462 385.4496772651208 -1 0 0
651.765718383935 390.3036098493904 -1 0 0
648.3499880468563 389.58450872579493 -1 0 0
650.1477408558451 394.9777671527612 -1 0 0
653.3836959120249 395.337317714559 -1 0 0
649.2488644513508 399.651924456132 -1 0 0
645.8331341142721 399.47214917523314 -1 0 0
652.3050442266317 408.46091322017696 -1 0 0
652.6645947884293 414.57327277073875 -1 0 0
656.7994262491036 410.79799187186234 -1 0 0
657.3387520918002 402.88787951231177 -1 0 0
661.2938082715755 405.7642840066938 -1 0 0
662.1926846760698 413.85417164714323 -1 0 0
669.7432464738226 415.11259861343535 -1 0 0
649.7881902940474 425.719340186469 -1 0 0
642.2376284962945 369.8092278269185 -1 0 0
639.5409992828114 368.5508008606264 -1 0 0
640.7994262491036 364.9552952426489 -1 0 0
658.7769543389912 385.2699019842219 -1 0 0
645.8331341142721 365.4946210853455 -1 0 0
646.7320105187665 371.06765479321064 -1 0 0
652.3050442266317 370.7081042314129 -1 0 0
652.4848195075306 378.79799187186234 -1 0 0
660.9342577097777 399.2923738943342 -1 0 0
669.203920631126 420.68563232130055 -1 0 0
669.7432464738226 425.00023906287356 -1 0 0
667.765718383935 396.4159693999522 -1 0 0
663.8106622041597 390.4833851302893 -1 0 0
658.0578532153957 391.92158737748036 -1 0 0
653.5634711929238 365.13507052354777 -1 0 0
656.2601004064069 373.58450872579493 -1 0 0
649.6084150131485 369.8092278269185 -1 0 0
671.1814487210137 405.7642840066938 -1 0 0
676.57470714798 411.5170929954578 -1 0 0
680.889313889553 424.1013626583792 -1 0 0
671.3612240019125 386.1687783887163 -1 0 0
663.2713363614631 363.1575424336601 -1 0 0
663.0915610805642 367.83169973703093 -1 0 0
670.642122878317 363.6968682763567 -1 0 0
669.7432464738226 370.7081042314129 -1 0 0
672.6196509682047 370.34855366961517 -1 0 0
671.9005498446093 373.9440592875927 -1 0 0
671.5409992828114 377.71934018646914 -1 0 0
679.9904374850586 365.67439636624437 -1 0 0
675.3162801816878 370.7081042314129 -1 0 0
681.6084150131485 376.1013626583792 -1 0 0
657.1589768109013 368.9103514224241 -1 0 0
669.203920631126 367.651924456132 -1 0 0
668.6645947884293 364.9552952426489 -1 0 0
671.7207745637103 366.93282333253654 -1 0 0
659.136504900789 396.77551996175 -1 0 0
666.5072914176429 382.7530480516376 -1 0 0
669.203920631126 377.00023906287356 -1 0 0
655.9005498446093 383.2923738943342 -1 0 0
653.5634711929238 403.24743007410956 -1 0 0
664.5747071479799 373.1800143437724 -1 0 0
676.2601004064069 379.651924456132 -1 0 0
677.518527372699 374.4384413100646 -1 0 0
681.1140329906765 373.89911546736795 -1 0 0
681.3836959120248 371.2923738943342 -1 0 0
685.0690891704518 371.47214917523314 -1 0 0
682.9117857996653 367.6968682763567 -1 0 0
676.2601004064069 366.7081042314129 -1 0 0
684.4398756873057 383.42720535500837 -1 0 0
693.3387520918001 371.74181209658144 -1 0 0
696.215156586182 376.5957446808511 -1 0 0
692.2601004064069 387.83169973703093 -1 0 0
696.3050442266315 385.49462108534544 -1 0 0
699.4511116423619 378.21372220894096 -1 0 0
688.215156586182 364.82046378197464 -1 0 0
691.6308869232607 368.3260817595028 -1 0 0
681.0241453502271 381.35978962467135 -1 0 0
653.2488644513506 382.9777671527612 -1 0 0
657.9230217547215 365.719340186469 -1 0 0
689.1140329906765 378.6631604111882 -1 0 0
685.8780779344967 366.7081042314129 -1 0 0
694.0578532153957 378.84293569208705 -1 0 0
687.6758307434854 388.1912502988286 -1 0 0
681.4735835524742 387.022710972986 -1 0 0
681.9679655749462 394.25866602916574 -1 0 0
676.7544824288788 403.06765479321064 -1 0 0
677.8331341142721 407.2024862538848 -1 0 0
679.8106622041597 405.58450872579493 -1 0 0
670.642122878317 410.0788907482668 -1 0 0
685.5634711929238 410.4384413100646 -1 0 0
683.9454936648339 403.966531197705 -1 0 0
674.4174037771934 381.67439636624437 -1 0 0
688.6196509682046 409.1800143437724 -1 0 0
694.3724599569687 407.92158737748025 -1 0 0
691.4960554625866 411.337317714559 -1 0 0
697.7881902940474 406.84293569208705 -1 0 0
698.327516136744 373.0451828830983 -1 0 0
699.2263925412383 369.090126703323 -1 0 0
710.9117857996654 369.090126703323 -1 0 0
710.7320105187665 372.14630647860383 -1 0 0
712.3499880468563 377.89911546736795 -1 0 0
709.4735835524742 374.84293569208705 -1 0 0
710.0129093951709 383.2923738943342 -1 0 0
708.9342577097777 389.58450872579493 -1 0 0
714.8668419794406 382.93282333253654 -1 0 0
713.7881902940474 389.2249581639972 -1 0 0
710.1926846760698 395.8766435572556 -1 0 0
717.203920631126 391.38226153478365 -1 0 0
711.0915610805642 400.9103514224241 -1 0 0
709.4735835524742 403.966531197705 -1 0 0
713.0690891704518 409.35978962467135 -1 0 0
711.6308869232608 414.21372220894096 -1 0 0
719.7207745637103 371.06765479321064 -1 0 0
716.3050442266317 370.16877838871625 -1 0 0
715.5859431030361 375.022710972986 -1 0 0
720.394931867081 381.090126703323 -1 0 0
722.5522352378676 378.39349748983983 -1 0 0
721.3836959120249 376.68563232130055 -1 0 0
719.136504900789 386.7530480516376 -1 0 0
720.7544824288789 390.88787951231177 -1 0 0
722.2825723165193 395.11259861343535 -1 0 0
719.2263925412384 401.0451828830982 -1 0 0
733.6084150131485 373.35978962467135 -1 0 0
738.0129093951709 370.57327277073875 -1 0 0
728.1252689457328 368.3260817595028 -1 0 0
726.6870666985418 374.6182165909634 -1 0 0
728.8443700693282 380.28113793927804 -1 0 0
733.9679655749462 388.01147501792974 -1 0 0
733.9679655749462 396.64068850107583 -1 0 0
727.765718383935 397.8092278269185 -1 0 0
724.889313889553 401.49462108534544 -1 0 0
735.0466172603394 378.21372220894096 -1 0 0
737.2938082715755 377.13507052354777 -1 0 0
747.6308869232608 368.95529524264884 -1 0 0
748.7994262491036 373.35978962467135 -1 0 0
745.1140329906766 375.24743007410956 -1 0 0
738.642122878317 380.1013626583792 -1 0 0
743.4960554625868 383.42720535500837 -1 0 0
743.3162801816878 390.9777671527612 -1 0 0
716.3949318670811 398.6631604111882 -1 0 0
737.9679655749463 397.0451828830982 -1 0 0
731.136504900789 399.3822615347837 -1 0 0
747.6758307434857 381.58450872579493 -1 0 0
744.7994262491036 399.3822615347837 -1 0 0
734.1926846760699 410.34855366961517 -1 0 0
719.9904374850587 419.1575424336601 -1 0 0
717.2938082715756 425.26990198422186 -1 0 0
709.5634711929238 422.7530480516376 -1 0 0
703.4511116423621 422.39349748983983 -1 0 0
697.1589768109014 427.06765479321064 -1 0 0
729.698302653598 424.5508008606264 -1 0 0
720.7095386086542 435.337317714559 -1 0 0
682.9567296198901 435.337317714559 -1 0 0
757.0241453502272 424.5508008606264 -1 0 0
746.2376284962947 416.28113793927804 -1 0 0
738.6870666985418 425.9890031078174 -1 0 0
758.6421228783172 432.46091322017696 -1 0 0
767.4511116423621 433.00023906287356 -1 0 0
753.069089170452 427.42720535500837 -1 0 0
769.069089170452 418.79799187186234 -1 0 0
773.5634711929238 423.2923738943342 -1 0 0
787.5859431030362 429.22495816399714 -1 0 0
796.3949318670811 448.28113793927804 -1 0 0
750.7320105187665 451.8766435572556 -1 0 0
792.439875687306 434.9777671527612 -1 0 0
801.6084150131485 434.0788907482668 -1 0 0
798.0129093951709 427.24743007410956 -1 0 0
793.1589768109013 421.13507052354777 -1 0 0
780.57470714798 410.34855366961517 -1 0 0
777.698302653598 417.1800143437724 -1 0 0
770.1477408558452 414.4833851302893 -1 0 0
765.6533588333733 410.34855366961517 -1 0 0
765.1140329906766 414.4833851302893 -1 0 0
760.2601004064069 410.34855366961517 -1 0 0
767.4511116423621 402.25866602916574 -1 0 0
763.8556060243844 376.9103514224241 -1 0 0
777.5185273726992 398.4833851302893 -1 0 0
773.7432464738228 392.7305761415252 -1 0 0
770.3275161367441 395.24743007410956 -1 0 0
767.2713363614632 390.21372220894096 -1 0 0
769.2488644513509 383.92158737748036 -1 0 0
759.7207745637104 381.404733444896 -1 0 0
782.1926846760699 434.0788907482668 -1 0 0
784.8893138895531 417.00023906287356 -1 0 0
760.3050442266317 387.3822615347837 -1 0 0
771.2713363614632 404.9103514224241 -1 0 0
773.6084150131485 403.3822615347837 -1 0 0
768.0353813052833 397.71934018646914 -1 0 0
781.8780779344969 399.42720535500837 -1 0 0
779.9005498446093 404.7305761415253 -1 0 0
800.7095386086542 423.11259861343535 -1 0 0
802.1477408558451 416.28113793927804 -1 0 0
813.2938082715754 374.57327277073875 -1 0 0
787.4061678221373 409.8092278269185 -1 0 0
808.6196509682046 412.32608175950276 -1 0 0
811.8556060243844 415.5620368156826 -1 0 0
809.3387520918002 419.8766435572556 -1 0 0
806.8218981592158 424.9103514224241 -1 0 0
820.4848195075306 428.5058570404016 -1 0 0
815.4511116423619 435.69686827635667 -1 0 0
808.9792015300025 436.05641883815446 -1 0 0
763.4061678221371 367.11259861343535 -1 0 0
770.4174037771934 370.528328950514 -1 0 0
775.271336361463 373.7642840066938 -1 0 0
801.518527372699 372.3260817595027 -1 0 0
813.7432464738226 378.7979918718623 -1 0 0
804.394931867081 364.95529524264884 -1 0 0
780.1252689457327 378.7979918718623 -1 0 0
765.5634711929238 372.3260817595027 -1 0 0
766.642122878317 370.88787951231177 -1 0 0
762.6870666985418 376.4609132201769 -1 0 0
761.2488644513506 373.404733444896 -1 0 0
826.8668419794406 371.06765479321064 -1 0 0
825.2488644513506 375.92158737748025 -1 0 0
831.7207745637103 387.42720535500837 -1 0 0
811.765718383935 406.3036098493904 -1 0 0
818.5971790580923 399.4721491752331 -1 0 0
821.1140329906766 409.5395649055702 -1 0 0
815.3612240019125 403.06765479321064 -1 0 0
826.327516136744 400.1912502988286 -1 0 0
827.0466172603394 391.2024862538848 -1 0 0
828.8443700693282 396.23619411905327 -1 0 0
824.889313889553 395.5170929954578 -1 0 0
817.3387520918002 415.4721491752331 -1 0 0
820.394931867081 421.5845087257949 -1 0 0
824.889313889553 413.85417164714323 -1 0 0
826.5072914176429 420.14630647860383 -1 0 0
829.2039206311259 403.966531197705 -1 0 0
817.518527372699 406.1238345684915 -1 0 0
833.6983026535978 406.3036098493904 -1 0 0
840.1702127659574 396.95529524264884 -1 0 0
842.327516136744 403.966531197705 -1 0 0
847.7207745637103 398.93282333253643 -1 0 0
847.1814487210136 392.82046378197464 -1 0 0
841.4286397322495 391.02271097298586 -1 0 0
844.6645947884293 380.59574468085106 -1 0 0
839.271336361463 377.719340186469 -1 0 0
833.518527372699 368.01147501792974 -1 0 0
830.642122878317 368.01147501792974 -1 0 0
831.3612240019125 365.13507052354765 -1 0 0
829.2039206311259 368.01147501792974 -1 0 0
823.4511116423619 371.06765479321064 -1 0 0
835.8556060243844 373.404733444896 -1 0 0
848.0803251255079 373.7642840066938 -1 0 0
851.8556060243844 370.88787951231177 -1 0 0
855.9904374850586 394.2586660291657 -1 0 0
854.3724599569687 399.8316997370308 -1 0 0
842.327516136744 414.5732727707387 -1 0 0
856.3499880468563 414.5732727707387 -1 0 0
860.4848195075306 407.5620368156825 -1 0 0
862.4623475974181 403.06765479321064 -1 0 0
863.0016734401147 395.5170929954578 -1 0 0
860.1252689457327 391.5620368156826 -1 0 0
853.4735835524742 380.23619411905327 -1 0 0
860.4848195075306 372.6856323213005 -1 0 0
868.9342577097775 378.4384413100646 -1 0 0
861.203920631126 377.1800143437724 -1 0 0
857.2488644513506 370.88787951231177 -1 0 0
852.5747071479799 377.1800143437724 -1 0 0
847.900549844609 382.5732727707387 -1 0 0
848.0803251255079 403.7867559168061 -1 0 0
801.518527372699 361.1800143437724 -1 0 0
789.2938082715754 360.64068850107583 -1 0 0
777.9679655749462 361.719340186469 -1 0 0
806.5522352378675 361.0002390628735 -1 0 0
823.271336361463 424.4609132201769 -1 0 0
835.6758307434854 416.5508008606263 -1 0 0
843.2263925412383 408.4609132201769 -1 0 0
832.6196509682045 391.92158737748025 -1 0 0
832.0803251255079 413.13507052354765 -1 0 0
836.215156586182 422.66316041118813 -1 0 0
838.3724599569687 419.0676547932105 -1 0 0
869.2938082715752 406.48338513028926 -1 0 0
857.7881902940472 421.0451828830982 -1 0 0
858.6870666985416 424.82046378197464 -1 0 0
866.4174037771933 382.7530480516375 -1 0 0
863.7207745637103 387.9665311977049 -1 0 0
867.3162801816876 389.40473344489595 -1 0 0
872.3499880468563 397.49462108534544 -1 0 0
869.833134114272 413.49462108534544 -1 0 0
873.4286397322495 417.62945254601954 -1 0 0
879.1814487210136 413.49462108534544 -1 0 0
882.0578532153955 397.13507052354765 -1 0 0
875.4061678221371 403.4272053550083 -1 0 0
875.0466172603393 383.1125986134353 -1 0 0
871.091561080564 385.9890031078173 -1 0 0
874.5072914176427 391.7418120965813 -1 0 0
877.2039206311259 394.7979918718623 -1 0 0
867.4960554625866 373.94405928759267 -1 0 0
856.3499880468563 388.50585704040157 -1 0 0
850.0578532153955 387.9665311977049 -1 0 0
879.0016734401147 372.6856323213005 -1 0 0
876.8443700693281 378.6182165909634 -1 0 0
870.7320105187663 372.3260817595027 -1 0 0
887.271336361463 388.14630647860383 -1 0 0
882.7769543389911 382.7530480516375 -1 0 0
884.5747071479799 377.8991154673679 -1 0 0
884.3949318670809 410.6182165909634 -1 0 0
886.1926846760697 419.7867559168061 -1 0 0
889.0690891704518 417.26990198422186 -1 0 0
891.585943103036 417.26990198422186 -1 0 0
888.3499880468563 411.15754243366007 -1 0 0
892.4848195075303 409.3597896246713 -1 0 0
890.1477408558449 405.94405928759267 -1 0 0
882.2376284962944 403.06765479321064 -1 0 0
877.2039206311259 408.4609132201769 -1 0 0
887.6308869232607 396.23619411905327 -1 0 0
894.2825723165191 402.34855366961506 -1 0 0
898.2376284962944 398.93282333253643 -1 0 0
897.1589768109012 408.6406885010757 -1 0 0
898.5971790580921 413.13507052354765 -1 0 0
903.9904374850585 396.05641883815434 -1 0 0
892.3050442266315 393.8991154673679 -1 0 0
889.0690891704518 376.4609132201769 -1 0 0
892.4848195075303 379.87664355725553 -1 0 0
895.5409992828112 382.7530480516375 -1 0 0
898.2376284962944 392.281137939278 -1 0 0
877.0241453502271 387.7867559168061 -1 0 0
848.0803251255079 426.4384413100645 -1 0 0
897.1589768109013 404.8654076021993 -1 0 0
902.3724599569687 402.34855366961506 -1 0 0
893.5634711929238 424.1013626583791 -1 0 0
902.5522352378675 416.91035142242407 -1 0 0
903.0915610805641 421.5845087257949 -1 0 0
896.2601004064069 420.50585704040157 -1 0 0
866.2376284962945 416.91035142242407 -1 0 0
861.0241453502271 398.93282333253643 -1 0 0
914.2376284962945 418.70810423141285 -1 0 0
908.3050442266317 416.1912502988286 -1 0 0
906.1477408558451 406.84293569208705 -1 0 0
908.3050442266317 401.62945254601954 -1 0 0
914.5971790580923 411.15754243366007 -1 0 0
907.0466172603394 412.7755199617499 -1 0 0
919.8106622041597 415.4721491752331 -1 0 0
920.889313889553 409.18001434377237 -1 0 0
924.6645947884293 419.966531197705 -1 0 0
913.8780779344967 398.39349748983983 -1 0 0
913.3387520918002 392.6406885010757 -1 0 0
919.4511116423621 395.15754243366007 -1 0 0
921.7881902940474 398.03394692804204 -1 0 0
921.0690891704518 401.62945254601954 -1 0 0
926.642122878317 393.5395649055701 -1 0 0
922.327516136744 391.5620368156825 -1 0 0
929.1589768109013 398.39349748983983 -1 0 0
930.5971790580923 396.05641883815446 -1 0 0
933.1140329906766 411.15754243366007 -1 0 0
933.1140329906766 405.0451828830982 -1 0 0
930.9567296198901 416.73057614152515 -1 0 0
935.9904374850586 398.93282333253643 -1 0 0
937.0690891704518 419.4272053550083 -1 0 0
938.5072914176429 415.8316997370308 -1 0 0
942.642122878317 420.50585704040157 -1 0 0
948.7544824288789 419.966531197705 -1 0 0
948.5747071479799 415.4721491752331 -1 0 0
944.6196509682046 412.7755199617499 -1 0 0
938.5072914176429 411.15754243366007 -1 0 0
941.7432464738226 408.4609132201769 -1 0 0
939.765718383935 401.09012670332294 -1 0 0
943.0016734401148 396.7755199617499 -1 0 0
945.8780779344967 400.0114750179297 -1 0 0
947.8556060243844 405.0451828830982 -1 0 0
925.203920631126 397.6743963662443 -1 0 0
876.4848195075306 360.82046378197464 -1 0 0
883.136504900789 358.3036098493904 -1 0 0
891.2263925412384 359.92158737748025 -1 0 0
886.5522352378676 363.69686827635667 -1 0 0
899.4960554625868 359.92158737748025 -1 0 0
901.1140329906766 362.6182165909634 -1 0 0
909.203920631126 363.337317714559 -1 0 0
914.2376284962945 362.4384413100646 -1 0 0
924.4848195075306 362.4384413100646 -1 0 0
907.9454936648339 373.404733444896 -1 0 0
905.4286397322496 373.404733444896 -1 0 0
906.8668419794406 383.11259861343535 -1 0 0
918.0129093951709 382.7530480516376 -1 0 0
926.2825723165193 375.2024862538848 -1 0 0
914.7769543389912 375.2024862538848 -1 0 0
912.4398756873057 375.74181209658144 -1 0 0
901.1140329906766 374.3036098493904 -1 0 0
936.1702127659574 375.02271097298586 -1 0 0
924.5297633277553 386.66316041118813 -1 0 0
926.5072914176429 388.4609132201769 -1 0 0
918.2376284962945 388.4609132201769 -1 0 0
911.9454936648339 379.2923738943342 -1 0 0
929.2938082715754 383.966531197705 -1 0 0
925.698302653598 379.8316997370308 -1 0 0
942.4174037771934 393.5845087257949 -1 0 0
947.9005498446093 388.7305761415252 -1 0 0
943.0466172603394 379.6519244561319 -1 0 0
945.0241453502272 376.14630647860383 -1 0 0
953.8331341142721 383.3373177145589 -1 0 0
950.5971790580924 381.80922782691846 -1 0 0
949.0690891704518 378.7530480516375 -1 0 0
955.8106622041597 397.1800143437724 -1 0 0
954.5522352378676 408.41596939995213 -1 0 0
931.7207745637103 388.91035142242407 -1 0 0
936.0353813052833 381.44967726512067 -1 0 0
929.7432464738226 379.5620368156825 -1 0 0
959.5859431030361 400.95529524264884 -1 0 0
962.5522352378676 401.2249581639971 -1 0 0
960.3050442266317 392.8654076021993 -1 0 0
961.2938082715754 390.4384413100645 -1 0 0
960.4848195075306 385.5845087257949 -1 0 0
956.5297633277553 385.5845087257949 -1 0 0
950.3275161367441 397.44967726512067 -1 0 0
926.1477408558452 405.18001434377237 -1 0 0
937.7432464738226 393.13507052354765 -1 0 0
935.5859431030361 388.3710255797275 -1 0 0
942.7769543389912 383.4272053550083 -1 0 0
940.5297633277553 387.02271097298586 -1 0 0
942.7769543389912 390.4384413100645 -1 0 0
967.8106622041597 400.7305761415252 -1 0 0
968.8893138895529 395.5170929954578 -1 0 0
965.8331341142721 391.92158737748036 -1 0 0
964.0353813052833 395.5170929954578 -1 0 0
966.1926846760698 388.14630647860383 -1 0 0
970.8668419794406 386.34855366961517 -1 0 0
970.8668419794406 389.7642840066938 -1 0 0
975.1814487210137 400.5508008606264 -1 0 0
955.4061678221371 421.94405928759267 -1 0 0
951.6308869232607 403.06765479321064 -1 0 0
955.5859431030361 404.32608175950276 -1 0 0
975.5409992828114 387.966531197705 -1 0 0
981.8331341142721 377.5395649055702 -1 0 0
950.7320105187665 376.28113793927804 -1 0 0
959.3612240019125 378.79799187186234 -1 0 0
992.6196509682046 370.16877838871625 -1 0 0
994.5971790580923 379.1575424336601 -1 0 0
983.9904374850586 384.5508008606264 -1 0 0
978.0578532153957 392.1013626583792 -1 0 0
978.4174037771934 395.5170929954578 -1 0 0
973.3836959120249 404.32608175950276 -1 0 0
961.6983026535978 419.78675591680616 -1 0 0
961.518527372699 423.022710972986 -1 0 0
967.0915610805641 421.404733444896 -1 0 0
972.1252689457327 418.528328950514 -1 0 0
975.3612240019125 422.3036098493904 -1 0 0
973.0241453502271 413.49462108534544 -1 0 0
971.0466172603394 409.719340186469 -1 0 0
967.0915610805641 410.9777671527612 -1 0 0
962.9567296198901 414.39349748983983 -1 0 0
962.0578532153957 408.1013626583792 -1 0 0
966.1926846760698 407.3822615347837 -1 0 0
958.1027970356203 408.28113793927804 -1 0 0
972.6645947884293 398.21372220894096 -1 0 0
987.5859431030361 386.34855366961517 -1 0 0
989.9230217547215 382.57327277073875 -1 0 0
979.6758307434854 385.9890031078174 -1 0 0
986.3275161367438 391.3822615347837 -1 0 0
992.2601004064069 392.64068850107583 -1 0 0
993.1589768109013 398.03394692804216 -1 0 0
993.8780779344967 410.6182165909634 -1 0 0
995.8556060243844 405.58450872579493 -1 0 0
998.0129093951709 397.3148458044466 -1 0 0
995.6758307434854 386.34855366961517 -1 0 0
999.8106622041597 392.1013626583792 -1 0 0
1003.5859431030361 395.8766435572556 -1 0 0
1004.6645947884293 403.60698063590723 -1 0 0
994.7769543389911 426.4384413100646 -1 0 0
987.9454936648339 428.2361941190534 -1 0 0
996.9342577097777 421.58450872579493 -1 0 0
999.6308869232607 410.6182165909634 -1 0 0
999.0915610805641 402.34855366961517 -1 0 0
1012.0353813052833 397.67439636624437 -1 0 0
1009.1589768109013 409.35978962467135 -1 0 0
1010.9567296198901 382.03394692804216 -1 0 0
1007.5409992828114 383.83169973703093 -1 0 0
1004.1252689457327 382.93282333253654 -1 0 0
999.9904374850586 386.34855366961517 -1 0 0
1014.1926846760698 391.3822615347837 -1 0 0
1016.8893138895529 390.1238345684916 -1 0 0
1020.8443700693282 391.022710972986 -1 0 0
1016.7095386086542 386.7081042314129 -1 0 0
1017.0690891704518 385.090126703323 -1 0 0
1003.5859431030361 385.9890031078174 -1 0 0
1005.7432464738226 387.966531197705 -1 0 0
1011.3162801816878 388.8654076021994 -1 0 0
1010.4174037771934 392.64068850107583 -1 0 0
1004.1252689457327 396.95529524264884 -1 0 0
1010.7769543389911 414.03394692804216 -1 0 0
1007.5409992828114 419.78675591680616 -1 0 0
1014.3724599569687 417.6294525460196 -1 0 0
1017.6084150131485 416.9103514224241 -1 0 0
1007.7207745637103 414.39349748983983 -1 0 0
1000.1702127659574 417.8092278269185 -1 0 0
1002.8668419794406 421.404733444896 -1 0 0
1016.7095386086542 395.8766435572556 -1 0 0
1021.203920631126 384.7305761415252 -1 0 0
1021.9230217547215 395.6968682763567 -1 0 0
1022.4623475974181 404.32608175950276 -1 0 0
1016.8893138895529 403.966531197705 -1 0 0
1016.8893138895529 409.00023906287356 -1 0 0
1012.0353813052833 404.32608175950276 -1 0 0
1014.9117857996654 429.85417164714323 -1 0 0
1023.2263925412383 408.5957446808511 -1 0 0
1020.7994262491035 421.9890031078174 -1 0 0
1021.7881902940474 425.7642840066938 -1 0 0
1018.7320105187663 425.85417164714323 -1 0 0
1014.0578532153957 424.5957446808511 -1 0 0
1002.2825723165193 426.84293569208705 -1 0 0
990.8668419794406 404.01147501792974 -1 0 0
996.3499880468563 394.6631604111882 -1 0 0
999.9454936648339 430.88787951231177 -1 0 0
100.30504422663154 464.4609132201769 -1 0 0
93.83313411427197 445.0451828830982 -1 0 0
97.78819029404725 439.2923738943342 -1 0 0
96.34998804685625 431.74181209658144 -1 0 0
88.79942624910345 415.20248625388473 -1 0 0
104.26010040640685 417.719340186469 -1 0 0
102.82189815921582 414.1238345684915 -1 0 0
104.97920153000236 426.70810423141285 -1 0 0
102.46234759741807 430.30360984939034 -1 0 0
89.87807793449672 424.91035142242407 -1 0 0
84.84437006932816 426.70810423141285 -1 0 0
107.13650490078886 442.528328950514 -1 0 0
84.12526894573267 421.6743963662443 -1 0 0
112.17021276595739 432.4609132201769 -1 0 0
111.45111164236188 426.70810423141285 -1 0 0
102.82189815921582 452.59574468085106 -1 0 0
109.6533588333731 449.3597896246713 -1 0 0
120.08032512550797 444.3260817595027 -1 0 0
116.4848195075304 458.34855366961506 -1 0 0
108.57470714797986 456.91035142242407 -1 0 0
94.5522352378675 480.28113793927804 -1 0 0
69.83313411427201 471.38226153478354 -1 0 0
99.31628018168774 492.41596939995213 -1 0 0
102.19268467606976 485.9440592875926 -1 0 0
101.83313411427201 497.80922782691846 -1 0 0
102.5522352378675 473.0002390628735 -1 0 0
117.29380827157539 473.8991154673679 -1 0 0
119.81066220415966 469.40473344489595 -1 0 0
122.5072914176428 481.62945254601954 -1 0 0
121.42863973224955 488.2811379392779 -1 0 0
129.87807793449673 485.2249581639971 -1 0 0
113.51852737269898 492.41596939995213 -1 0 0
110.28257231651921 498.70810423141285 -1 0 0
120.1702127659574 497.26990198422186 -1 0 0
129.15897681090124 496.91035142242407 -1 0 0
135.99043748505852 495.29237389433416 -1 0 0
124.66459478842931 492.05641883815434 -1 0 0
137.7881902940473 491.51709299545774 -1 0 0
143.0016734401147 483.24743007410945 -1 0 0
138.86684197944052 477.3148458044465 -1 0 0
141.0241453502271 467.7867559168061 -1 0 0
134.7320105187664 463.4721491752331 -1 0 0
132.03538130528324 441.8991154673679 -1 0 0
126.46234759741809 455.92158737748025 -1 0 0
128.08032512550795 469.7642840066937 -1 0 0
122.23762849629458 409.090126703323 -1 0 0
124.75448242887884 419.15754243366007 -1 0 0
125.83313411427208 430.6631604111881 -1 0 0
134.1027970356204 411.24743007410945 -1 0 0
138.77695433899117 406.93282333253643 -1 0 0
143.81066220415974 416.28113793927804 -1 0 0
154.23762849629458 413.7642840066938 -1 0 0
163.58594310303616 406.5732727707387 -1 0 0
175.09156108056422 397.94405928759267 -1 0 0
170.41740377719344 397.2249581639971 -1 0 0
159.63088692326087 419.5170929954578 -1 0 0
162.14774085584511 426.34855366961506 -1 0 0
142.7320105187665 437.13507052354765 -1 0 0
147.40616782213726 432.1013626583791 -1 0 0
138.77695433899117 431.38226153478365 -1 0 0
137.3387520918002 420.23619411905327 -1 0 0
144.889313889553 399.02271097298586 -1 0 0
146.77695433899117 452.32608175950276 -1 0 0
160.61965096820467 466.528328950514 -1 0 0
160.79942624910356 447.2923738943342 -1 0 0
160.08032512550804 439.02271097298586 -1 0 0
150.37245995696873 417.80922782691846 -1 0 0
149.65335883337323 469.9440592875926 -1 0 0
152.52976332775523 476.95529524264884 -1 0 0
160.4398756873058 482.528328950514 -1 0 0
168.17021276595747 465.80922782691846 -1 0 0
175.90054984460917 459.337317714559 -1 0 0
165.65335883337323 458.0788907482668 -1 0 0
169.06908917045186 442.2586660291657 -1 0 0
171.0466172603395 436.8654076021994 -1 0 0
179.13650490078896 435.60698063590723 -1 0 0
181.29380827157547 425.3597896246713 -1 0 0
173.38369591202493 420.32608175950276 -1 0 0
190.1027970356204 436.14630647860383 -1 0 0
179.67583074348556 441.0002390628735 -1 0 0
174.46234759741816 447.651924456132 -1 0 0
180.03538130528335 464.91035142242407 -1 0 0
175.90054984460917 469.9440592875926 -1 0 0
175.5409992828114 477.6743963662443 -1 0 0
185.78819029404738 483.24743007410945 -1 0 0
183.63088692326087 490.6182165909634 -1 0 0
186.8668419794406 467.42720535500837 -1 0 0
157.56347119292377 455.38226153478365 -1 0 0
145.8780779344968 442.2586660291657 -1 0 0
184.5297633277552 414.39349748983983 -1 0 0
196.75448242887882 418.34855366961506 -1 0 0
197.6533588333732 429.85417164714323 -1 0 0
187.22639254123837 450.70810423141285 -1 0 0
193.51852737269905 473.8991154673679 -1 0 0
194.59717905809234 485.2249581639971 -1 0 0
193.15897681090132 463.11259861343535 -1 0 0
197.47358355247437 461.13507052354765 -1 0 0
194.23762849629458 457.3597896246713 -1 0 0
192.61965096820467 454.84293569208705 -1 0 0
196.75448242887882 444.95529524264884 -1 0 0
193.15897681090132 442.4384413100646 -1 0 0
189.38369591202493 429.49462108534544 -1 0 0
202.68706669854177 435.06765479321064 -1 0 0
196.2151565861822 411.15754243366007 -1 0 0
207.5409992828114 418.70810423141285 -1 0 0
213.6533588333732 412.95529524264884 -1 0 0
201.78819029404738 411.69686827635667 -1 0 0
214.7320105187665 434.34855366961506 -1 0 0
219.58594310303616 441.0002390628735 -1 0 0
215.45111164236198 451.06765479321064 -1 0 0
211.13650490078896 448.1912502988286 -1 0 0
219.04661726033953 462.7530480516376 -1 0 0
218.14774085584514 471.2024862538848 -1 0 0
212.39493186708108 474.0788907482668 -1 0 0
203.22639254123837 470.3036098493904 -1 0 0
204.30504422663165 478.7530480516376 -1 0 0
210.59717905809234 491.337317714559 -1 0 0
205.38369591202493 459.15754243366007 -1 0 0
201.60841501314852 452.8654076021994 -1 0 0
195.49605546258672 450.34855366961506 -1 0 0
224.26010040640693 486.48338513028926 -1 0 0
229.47358355247434 482.88787951231177 -1 0 0
227.13650490078896 442.2586660291657 -1 0 0
220.48481950753055 424.1013626583792 -1 0 0
222.46234759741816 414.21372220894096 -1 0 0
220.66459478842938 430.39349748983983 -1 0 0
190.8218981592159 400.7305761415252 -1 0 0
181.6533588333732 398.2137222089409 -1 0 0
182.3724599569687 401.9890031078173 -1 0 0
171.40616782213723 402.8878795123117 -1 0 0
185.96796557494622 407.38226153478365 -1 0 0
177.69830265359792 410.4384413100645 -1 0 0
197.6533588333732 406.66316041118813 -1 0 0
197.8331341142721 401.62945254601954 -1 0 0
204.12526894573276 407.20248625388473 -1 0 0
202.14774085584511 402.8878795123117 -1 0 0
209.69830265359792 406.30360984939034 -1 0 0
217.24886445135073 398.39349748983983 -1 0 0
222.1027970356204 394.07889074826676 -1 0 0
217.06908917045186 404.5058570404016 -1 0 0
223.72077456371028 406.66316041118813 -1 0 0
227.85560602438443 404.8654076021993 -1 0 0
230.3724599569687 406.48338513028926 -1 0 0
227.67583074348556 399.8316997370308 -1 0 0
238.28257231651926 396.59574468085106 -1 0 0
229.29380827157547 432.19125029882855 -1 0 0
240.79942624910353 414.2137222089409 -1 0 0
254.1027970356204 412.05641883815446 -1 0 0
249.78819029404738 408.28113793927804 -1 0 0
241.8780779344968 425.719340186469 -1 0 0
258.2376284962946 396.05641883815446 -1 0 0
254.8218981592159 403.24743007410945 -1 0 0
257.15897681090127 417.80922782691846 -1 0 0
238.1027970356204 439.02271097298586 -1 0 0
231.27133636146309 453.58450872579476 -1 0 0
247.45111164236198 445.1350705235476 -1 0 0
246.19268467606986 440.281137939278 -1 0 0
248.7095386086541 453.94405928759255 -1 0 0
238.28257231651926 467.6069806359072 -1 0 0
249.6084150131485 467.4272053550083 -1 0 0
230.91178579966535 468.8654076021993 -1 0 0
258.9567296198901 442.7979918718622 -1 0 0
261.2938082715755 458.4384413100645 -1 0 0
253.56347119292377 439.38226153478354 -1 0 0
255.00167344011479 432.19125029882855 -1 0 0
251.0466172603395 420.1463064786038 -1 0 0
264.52976332775523 409.18001434377237 -1 0 0
266.86684197944066 398.2137222089409 -1 0 0
271.1814487210137 409.71934018646897 -1 0 0
267.0466172603395 430.9328233325364 -1 0 0
274.7769543389912 415.47214917523297 -1 0 0
272.79942624910353 433.44967726512067 -1 0 0
269.3836959120249 438.48338513028915 -1 0 0
272.79942624910353 440.281137939278 -1 0 0
271.36122400191255 447.29237389433416 -1 0 0
268.6645947884294 454.48338513028915 -1 0 0
270.46234759741816 461.8541716471431 -1 0 0
274.05785321539565 466.16877838871613 -1 0 0
257.15897681090127 468.3260817595027 -1 0 0
257.15897681090127 473.71934018646897 -1 0 0
284.30504422663165 417.9890031078173 -1 0 0
287.1814487210137 432.19125029882855 -1 0 0
283.765718383935 438.48338513028915 -1 0 0
283.58594310303613 444.41596939995213 -1 0 0
290.2376284962946 453.94405928759255 -1 0 0
289.6983026535979 465.9890031078173 -1 0 0
279.2713363614631 460.7755199617499 -1 0 0
281.24886445135076 458.07889074826676 -1 0 0
291.58594310303613 402.6182165909634 -1 0 0
284.7544824288789 405.8541716471431 -1 0 0
289.78819029404747 409.090126703323 -1 0 0
301.29380827157553 415.5620368156825 -1 0 0
303.45111164236204 408.0114750179297 -1 0 0
297.33875209180025 407.2923738943342 -1 0 0
297.33875209180025 427.4272053550083 -1 0 0
306.32751613674407 430.6631604111881 -1 0 0
298.0578532153957 437.8541716471431 -1 0 0
299.49605546258675 441.44967726512067 -1 0 0
303.45111164236204 441.44967726512067 -1 0 0
305.9679655749463 434.97776715276115 -1 0 0
324.3050442266317 423.4721491752331 -1 0 0
313.5185273726991 417.3597896246713 -1 0 0
327.54099928281147 409.80922782691846 -1 0 0
335.45111164236204 399.74181209658144 -1 0 0
314.23762849629463 399.74181209658144 -1 0 0
319.6308869232609 399.02271097298586 -1 0 0
273.2488644513508 486.03394692804204 -1 0 0
261.7432464738227 490.34855366961506 -1 0 0
248.0803251255081 484.95529524264884 -1 0 0
253.47358355247434 482.07889074826676 -1 0 0
239.451111642362 486.7530480516375 -1 0 0
224.3499880468564 493.2249581639971 -1 0 0
220.03538130528335 495.02271097298586 -1 0 0
247.36122400191255 492.14630647860383 -1 0 0
281.1589768109013 480.28113793927804 -1 0 0
286.9117857996654 477.0451828830982 -1 0 0
304.8893138895531 471.6519244561319 -1 0 0
303.45111164236204 476.6856323213005 -1 0 0
301.29380827157553 457.62945254601954 -1 0 0
302.01290939517105 450.07889074826676 -1 0 0
311.36122400191255 447.5620368156825 -1 0 0
316.03538130528335 429.2249581639971 -1 0 0
346.5971790580923 417.719340186469 -1 0 0
333.29380827157553 410.5283289505139 -1 0 0
339.04661726033953 405.49462108534544 -1 0 0
343.00167344011487 427.4272053550083 -1 0 0
328.6196509682047 434.2586660291657 -1 0 0
334.01290939517105 440.7305761415252 -1 0 0
316.39493186708114 440.7305761415252 -1 0 0
326.4623475974182 442.8878795123117 -1 0 0
326.4623475974182 456.91035142242407 -1 0 0
313.1589768109013 454.03394692804204 -1 0 0
317.11403299067666 461.9440592875926 -1 0 0
315.3162801816879 468.4159693999522 -1 0 0
323.9454936648339 470.93282333253643 -1 0 0
337.9679655749463 466.6182165909634 -1 0 0
340.12526894573284 458.70810423141285 -1 0 0
341.92302175472156 446.84293569208705 -1 0 0
347.3162801816879 435.3373177145589 -1 0 0
358.4623475974182 422.39349748983983 -1 0 0
351.6308869232609 418.07889074826676 -1 0 0
351.6308869232609 411.60698063590723 -1 0 0
335.0915610805643 419.15754243366007 -1 0 0
316.03538130528335 405.49462108534544 -1 0 0
322.14774085584514 408.0114750179297 -1 0 0
324.3050442266317 479.56203681568246 -1 0 0
320.70953860865416 486.03394692804204 -1 0 0
311.00167344011487 479.56203681568246 -1 0 0
293.3836959120249 490.70810423141285 -1 0 0
270.7320105187665 496.82046378197464 -1 0 0
337.9679655749463 484.59574468085106 -1 0 0
330.4174037771935 488.5508008606263 -1 0 0
331.8556060243845 500.05641883815446 -1 0 0
311.00167344011487 501.13507052354765 -1 0 0
317.47358355247434 498.2586660291657 -1 0 0
313.5185273726991 492.5058570404016 -1 0 0
318.55223523786765 503.6519244561319 -1 0 0
318.55223523786765 507.60698063590723 -1 0 0
311.36122400191255 507.24743007410945 -1 0 0
302.01290939517105 507.24743007410945 -1 0 0
293.3836959120249 503.2923738943342 -1 0 0
285.8331341142721 507.966531197705 -1 0 0
281.1589768109013 501.13507052354765 -1 0 0
286.9117857996654 496.82046378197464 -1 0 0
270.7320105187665 502.93282333253643 -1 0 0
265.3387520918002 507.60698063590723 -1 0 0
254.1926846760699 495.02271097298586 -1 0 0
257.7881902940474 487.8316997370308 -1 0 0
263.9005498446092 469.49462108534544 -1 0 0
239.451111642362 502.21372220894096 -1 0 0
222.91178579966535 500.4159693999522 -1 0 0
197.02414535022714 497.5395649055702 -1 0 0
187.67583074348562 497.1800143437724 -1 0 0
355.22639254123845 445.0451828830982 -1 0 0
358.1027970356205 430.30360984939034 -1 0 0
344.79942624910365 482.4384413100645 -1 0 0
338.32751613674407 493.2249581639971 -1 0 0
339.76571838393505 504.73057614152515 -1 0 0
354.86684197944066 495.02271097298586 -1 0 0
349.11403299067666 470.2137222089409 -1 0 0
364.2151565861823 402.2586660291657 -1 0 0
370.32751613674407 406.5732727707387 -1 0 0
372.4848195075305 399.74181209658144 -1 0 0
371.04661726033953 416.64068850107583 -1 0 0
365.29380827157553 411.60698063590723 -1 0 0
357.7432464738227 467.69686827635667 -1 0 0
370.68706669854186 460.14630647860383 -1 0 0
369.9679655749463 449.3597896246713 -1 0 0
364.57470714798006 445.7642840066938 -1 0 0
364.93425770977774 470.93282333253643 -1 0 0
360.97920153000246 462.6631604111881 -1 0 0
373.2039206311261 468.4159693999522 -1 0 0
370.32751613674407 478.1238345684915 -1 0 0
377.87807793449684 477.0451828830982 -1 0 0
367.8106622041598 491.7867559168061 -1 0 0
362.0578532153957 492.14630647860383 -1 0 0
360.97920153000246 502.93282333253643 -1 0 0
348.39493186708114 500.4159693999522 -1 0 0
343.00167344011487 509.0451828830982 -1 0 0
358.1027970356205 512.6406885010758 -1 0 0
373.9230217547216 505.090126703323 -1 0 0
383.2713363614631 504.0114750179297 -1 0 0
374.6421228783171 493.2249581639971 -1 0 0
381.47358355247445 493.5845087257949 -1 0 0
390.4623475974182 497.1800143437724 -1 0 0
388.66459478842944 507.24743007410945 -1 0 0
389.7432464738227 488.1912502988286 -1 0 0
388.3050442266317 470.2137222089409 -1 0 0
396.2151565861823 468.4159693999522 -1 0 0
400.1702127659575 483.15754243366007 -1 0 0
408.43987568730586 489.62945254601954 -1 0 0
408.79942624910365 503.2923738943342 -1 0 0
419.22639254123845 495.38226153478365 -1 0 0
422.4623475974182 509.0451828830982 -1 0 0
427.8556060243845 496.1013626583791 -1 0 0
398.7320105187665 502.21372220894096 -1 0 0
389.3836959120249 450.07889074826676 -1 0 0
378.23762849629463 443.60698063590723 -1 0 0
375.00167344011487 432.82046378197464 -1 0 0
377.87807793449684 410.16877838871625 -1 0 0
378.23762849629463 416.64068850107583 -1 0 0
384.3499880468564 419.15754243366007 -1 0 0
390.1027970356205 432.4609132201769 -1 0 0
394.77695433899123 436.7755199617499 -1 0 0
399.8106622041598 448.64068850107583 -1 0 0
408.43987568730586 452.59574468085106 -1 0 0
409.1589768109013 439.2923738943342 -1 0 0
409.87807793449684 429.9440592875926 -1 0 0
395.4960554625867 416.64068850107583 -1 0 0
390.4623475974182 414.84293569208705 -1 0 0
358.55223523786765 414.2137222089409 -1 0 0
349.5634711929238 410.4384413100645 -1 0 0
414.4623475974182 415.4721491752331 -1 0 0
403.6758307434856 410.97776715276115 -1 0 0
341.65335883337326 412.59574468085106 -1 0 0
350.821898159216 414.3934974898398 -1 0 0
421.65335883337326 448.3710255797275 -1 0 0
424.8893138895531 438.84293569208694 -1 0 0
424.7095386086542 419.6069806359072 -1 0 0
421.2938082715756 405.58450872579476 -1 0 0
426.1477408558452 405.94405928759255 -1 0 0
424.3499880468564 410.7979918718623 -1 0 0
420.9342577097778 414.5732727707387 -1 0 0
415.90054984460926 422.30360984939034 -1 0 0
399.90054984460926 423.7418120965813 -1 0 0
150.28257231651924 488.91035142242407 -1 0 0
154.95672961989004 489.9890031078173 -1 0 0
155.67583074348553 493.9440592875926 -1 0 0
151.36122400191252 497.1800143437724 -1 0 0
171.49605546258664 494.6631604111881 -1 0 0
166.1027970356204 491.4272053550083 -1 0 0
168.9792015300024 485.3148458044465 -1 0 0
250.23762849629458 501.49462108534544 -1 0 0
256.70953860865404 499.69686827635667 -1 0 0
234.05785321539565 488.91035142242407 -1 0 0
212.84437006932822 500.41596939995213 -1 0 0
205.6533588333732 497.5395649055701 -1 0 0
439.3612240019125 420.59574468085106 -1 0 0
445.833134114272 414.48338513028926 -1 0 0
453.74324647382264 429.9440592875926 -1 0 0
442.23762849629446 452.23619411905327 -1 0 0
432.52976332775523 433.8991154673679 -1 0 0
445.1140329906765 472.3710255797275 -1 0 0
440.4398756873057 514.7979918718622 -1 0 0
435.4061678221372 515.8766435572555 -1 0 0
450.1477408558451 518.7530480516375 -1 0 0
462.0129093951709 499.3373177145589 -1 0 0
468.84437006932825 479.20248625388473 -1 0 0
463.81066220415966 466.6182165909634 -1 0 0
453.74324647382264 438.93282333253643 -1 0 0
460.21515658618216 438.21372220894096 -1 0 0
474.23762849629446 438.21372220894096 -1 0 0
468.12526894573267 446.84293569208705 -1 0 0
468.12526894573267 416.64068850107583 -1 0 0
461.6533588333732 415.20248625388473 -1 0 0
454.82189815921583 411.966531197705 -1 0 0
451.5859431030361 410.5283289505139 -1 0 0
483.94549366483386 418.0788907482668 -1 0 0
495.0915610805642 464.82046378197464 -1 0 0
492.5747071479799 441.44967726512067 -1 0 0
486.10279703562037 430.6631604111882 -1 0 0
483.2263925412383 435.69686827635667 -1 0 0
516.3050442266316 417.719340186469 -1 0 0
507.3162801816878 420.95529524264884 -1 0 0
517.7432464738226 405.49462108534544 -1 0 0
550.4623475974181 418.0788907482668 -1 0 0
546.5072914176428 459.06765479321064 -1 0 0
490.4174037771934 499.3373177145589 -1 0 0
503.3612240019125 505.090126703323 -1 0 0
570.95672961989 449.3597896246713 -1 0 0
574.9117857996653 471.6519244561319 -1 0 0
565.5634711929238 505.80922782691846 -1 0 0
581.0241453502271 506.8878795123117 -1 0 0
569.8780779344968 514.7979918718622 -1 0 0
556.5747071479799 515.8766435572555 -1 0 0
551.1814487210136 518.7530480516375 -1 0 0
539.3162801816878 494.6631604111882 -1 0 0
572.394931867081 418.0788907482668 -1 0 0
579.585943103036 434.97776715276115 -1 0 0
586.7769543389912 465.1800143437724 -1 0 0
587.4960554625867 450.7979918718623 -1 0 0
588.2151565861822 430.6631604111882 -1 0 0
578.1477408558451 415.92158737748025 -1 0 0
555.1365049007889 411.966531197705 -1 0 0
560.5297633277552 446.48338513028926 -1 0 0
541.4735835524745 466.2586660291657 -1 0 0
602.9567296198901 457.6294525460196 -1 0 0
611.9454936648339 455.8316997370308 -1 0 0
616.9792015300025 448.28113793927804 -1 0 0
619.4960554625867 486.7530480516376 -1 0 0
607.9904374850587 492.8654076021994 -1 0 0
597.5634711929239 500.4159693999522 -1 0 0
608.3499880468564 505.44967726512067 -1 0 0
625.2488644513509 504.01147501792974 -1 0 0
633.518527372699 505.80922782691846 -1 0 0
642.8668419794407 509.0451828830982 -1 0 0
639.6308869232608 475.24743007410945 -1 0 0
623.4511116423621 466.2586660291657 -1 0 0
635.3162801816878 457.26990198422186 -1 0 0
652.57470714798 449.00023906287356 -1 0 0
645.3836959120249 438.5732727707387 -1 0 0
650.7769543389912 431.02271097298586 -1 0 0
658.6870666985418 433.1800143437724 -1 0 0
674.5072914176429 459.06765479321064 -1 0 0
682.4174037771935 455.8316997370308 -1 0 0
679.1814487210137 473.8092278269185 -1 0 0
677.3836959120249 512.6406885010758 -1 0 0
663.7207745637103 513.0002390628736 -1 0 0
673.4286397322496 526.3036098493905 -1 0 0
689.6084150131485 506.88787951231177 -1 0 0
689.6084150131485 515.5170929954578 -1 0 0
692.1252689457328 523.0676547932106 -1 0 0
703.271336361463 463.38226153478365 -1 0 0
703.9904374850587 437.49462108534544 -1 0 0
624.5297633277553 428.14630647860383 -1 0 0
716.9342577097779 524.5058570404017 -1 0 0
711.1814487210137 473.44967726512067 -1 0 0
730.5971790580924 464.46091322017696 -1 0 0
724.8443700693284 449.35978962467135 -1 0 0
704.3499880468564 448.28113793927804 -1 0 0
749.1140329906766 521.2354769304327 -1 0 0
743.3612240019124 501.81974659335407 -1 0 0
775.7207745637103 540.6512072675114 -1 0 0
780.7544824288788 535.6174994023428 -1 0 0
783.6308869232607 526.2691847956013 -1 0 0
782.1926846760697 516.9208701888597 -1 0 0
788.6645947884293 514.0444656944776 -1 0 0
813.833134114272 516.2017690652642 -1 0 0
810.95672961989 540.6512072675114 -1 0 0
798.7320105187663 468.74109490796076 -1 0 0
791.5409992828112 458.67367917762374 -1 0 0
769.2488644513505 458.67367917762374 -1 0 0
631.900549844609 529.1455892899833 -1 0 0
645.5634711929237 530.5837915371743 -1 0 0
815.271336361463 488.87592636863496 -1 0 0
836.1252689457327 468.74109490796076 -1 0 0
839.7207745637103 447.16806120009556 -1 0 0
828.2151565861822 437.1006454697586 -1 0 0
833.2488644513505 511.8871623236911 -1 0 0
835.4061678221371 498.943342098972 -1 0 0
843.3162801816878 495.3478364809945 -1 0 0
838.2825723165191 524.1118814248147 -1 0 0
829.6533588333731 543.5276117618934 -1 0 0
856.9792015300023 514.0444656944776 -1 0 0
872.7994262491034 490.3141286158259 -1 0 0
882.1477408558449 491.752330863017 -1 0 0
882.1477408558449 507.57255558211807 -1 0 0
877.833134114272 525.5500836720057 -1 0 0
882.8668419794406 541.3703083911068 -1 0 0
864.8893138895528 546.4040162562754 -1 0 0
906.7769543389911 507.75233086301694 -1 0 0
934.4623475974179 491.93210614391586 -1 0 0
856.0803251255078 460.29165670571354 -1 0 0
870.1027970356201 431.5276117618934 -1 0 0
862.9117857996652 432.96581400908434 -1 0 0
860.0353813052832 437.9995218742529 -1 0 0
876.215156586182 434.0444656944776 -1 0 0
879.8106622041596 430.0894095147023 -1 0 0
890.5971790580921 435.1231173798709 -1 0 0
901.7432464738224 435.48266794166864 -1 0 0
908.9342577097775 426.1343533349271 -1 0 0
920.4398756873056 426.1343533349271 -1 0 0
923.3162801816876 435.48266794166864 -1 0 0
934.4623475974179 452.0219937843653 -1 0 0
936.6196509682045 438.71862299784834 -1 0 0
931.585943103036 424.69615108773604 -1 0 0
865.0690891704517 514.5837915371743 -1 0 0
911.8106622041594 470.35907243605067 -1 0 0
837.024145350227 426.49390389672476 -1 0 0
837.7432464738224 436.2017690652641 -1 0 0
948.4848195075303 447.7073870427923 -1 0 0
954.9567296198898 436.5613196270619 -1 0 0
940.215156586182 431.16806120009556 -1 0 0
932.6645947884292 432.96581400908434 -1 0 0
933.024145350227 428.6512072675113 -1 0 0
977.2488644513505 451.6624432225675 -1 0 0
970.7769543389911 455.61749940234273 -1 0 0
970.7769543389911 440.15682524503944 -1 0 0
981.9230217547213 440.15682524503944 -1 0 0
972.215156586182 426.8534544585226 -1 0 0
958.5522352378673 425.4152522113315 -1 0 0
957.833134114272 543.3478364809945 -1 0 0
452.4848195075304 326.93282333253643 -1 0 0
497.06908917045183 326.93282333253643 -1 0 0
515.765718383935 319.74181209658144 -1 0 0
1011.9454936648336 483.69686827635667 -1 0 0
994.5072914176429 519.4721491752331 -1 0 0
1008.1702127659574 527.7418120965814 -1 0 0
1002.0578532153957 532.0564188381544 -1 0 0
1019.6758307434854 466.9777671527612 -1 0 0
994.8668419794406 456.9103514224241 -1 0 0
1007.451111642362 445.7642840066938 -1 0 0
1001.698302653598 441.8092278269185 -1 0 0
991.6308869232607 436.05641883815446 -1 0 0
1007.451111642362 435.337317714559 -1 0 0
1021.833134114272 434.6182165909634 -1 0 0
1018.2376284962945 456.5508008606263 -1 0 0
1007.8106622041597 471.651924456132 -1 0 0
966.1027970356205 428.5058570404016 -1 0 0
995.2263925412383 431.74181209658144 -1 0 0
744.889313889553 513.9890031078174 -1 0 0
736.6196509682046 490.2586660291657 -1 0 0
801.8780779344967 490.7979918718623 -1 0 0
1016.3499880468563 462.35907243605067 -1 0 0
1014.3724599569687 466.8534544585226 -1 0 0
722.6870666985419 344.3710255797275 -1 0 0
738.1477408558452 328.5508008606264 -1 0 0
741.0241453502272 348.3260817595028 -1 0 0
727.0016734401148 349.404733444896 -1 0 0
709.7432464738228 348.3260817595028 -1 0 0
701.4735835524745 350.4833851302893 -1 0 0
748.2151565861824 348.68563232130055 -1 0 0
65.96796557494619 557.190533110208 -1 0 0
4.844370069328239 535.6174994023428 -1 0 0
12.035381305283275 520.5163758068372 -1 0 0
10.597179058092266 512.6062634472867 -1 0 0
18.507291417642843 510.4489600765001 -1 0 0
1.2488644513507021 502.53884771694953 -1 0 0
37.923021754721475 515.4826679416686 -1 0 0
54.46234759741814 506.8534544585226 -1 0 0
145.0690891704518 520.5163758068372 -1 0 0
152.9792015300024 525.5500836720057 -1 0 0
160.17021276595747 527.7073870427922 -1 0 0
149.38369591202488 533.4601960315563 -1 0 0
132.84437006932825 516.9208701888597 -1 0 0
169.518527372699 541.3703083911068 -1 0 0
157.29380827157541 555.752330863017 -1 0 0
168.7994262491035 560.7860387281855 -1 0 0
183.90054984460915 567.257948840545 -1 0 0
188.21515658618216 590.9882859191968 -1 0 0
167.3612240019125 615.4377241214439 -1 0 0
222.7320105187665 589.5500836720057 -1 0 0
186.77695433899115 648.5163758068372 -1 0 0
186.77695433899115 532.7410949079608 -1 0 0
183.18144872101368 521.9545780540283 -1 0 0
174.5522352378676 519.0781735596462 -1 0 0
175.27133636146309 529.1455892899833 -1 0 0
200.43987568730574 512.6062634472867 -1 0 0
205.4735835524743 526.2691847956013 -1 0 0
199.72077456371028 532.0219937843652 -1 0 0
224.88931388955294 544.2467128854888 -1 0 0
214.10279703562034 531.3028926607698 -1 0 0
199.00167344011476 539.2130050203203 -1 0 0
204.75448242887884 553.5950274922304 -1 0 0
181.74324647382267 544.2467128854888 -1 0 0
227.76571838393497 526.2691847956013 -1 0 0
222.01290939517094 531.3028926607698 -1 0 0
236.39493186708108 530.5837915371743 -1 0 0
236.39493186708108 536.3366005259383 -1 0 0
244.30504422663165 546.4040162562754 -1 0 0
246.46234759741813 567.257948840545 -1 0 0
217.69830265359792 573.7298589529046 -1 0 0
245.74324647382267 592.4264881663878 -1 0 0
271.63088692326085 622.628735357399 -1 0 0
273.78819029404735 575.8871623236911 -1 0 0
275.94549366483386 563.6624432225675 -1 0 0
298.2376284962945 556.4714319866125 -1 0 0
269.47358355247434 527.7073870427922 -1 0 0
271.63088692326085 545.6849151326799 -1 0 0
260.84437006932825 542.0894095147024 -1 0 0
258.68706669854174 532.7410949079608 -1 0 0
247.90054984460915 530.5837915371743 -1 0 0
288.1702127659575 538.4939038967249 -1 0 0
283.8556060243845 524.1118814248147 -1 0 0
308.3050442266316 583.7972746832417 -1 0 0
309.74324647382264 521.9545780540283 -1 0 0
302.55223523786754 530.5837915371743 -1 0 0
303.2713363614631 537.0557016495338 -1 0 0
312.61965096820467 531.3028926607698 -1 0 0
325.5634711929237 544.2467128854888 -1 0 0
316.9342577097777 550.7186229978485 -1 0 0
335.81066220415977 558.4489600765002 -1 0 0
330.77695433899123 564.9208701888597 -1 0 0
336.1702127659575 532.2017690652642 -1 0 0
324.3050442266317 529.68491513268 -1 0 0
327.54099928281147 535.7972746832418 -1 0 0
317.11403299067666 537.5950274922305 -1 0 0
317.11403299067666 526.8085106382979 -1 0 0
361.6983026535979 528.9658140090845 -1 0 0
348.03538130528335 536.875926368635 -1 0 0
351.2713363614631 546.5837915371743 -1 0 0
338.68706669854186 544.4264881663878 -1 0 0
332.57470714798006 548.3815443461631 -1 0 0
351.6308869232609 556.6512072675114 -1 0 0
362.4174037771935 569.2354769304328 -1 0 0
369.2488644513508 550.8983982787473 -1 0 0
358.82189815921595 596.9208701888597 -1 0 0
383.6308869232609 532.561319627062 -1 0 0
390.4623475974182 539.0332297394216 -1 0 0
392.26010040640693 551.9770499641406 -1 0 0
407.00167344011487 543.3478364809946 -1 0 0
394.0578532153957 572.8309825484102 -1 0 0
385.0690891704519 563.4826679416688 -1 0 0
404.8443700693283 593.68491513268 -1 0 0
417.78819029404747 554.8534544585226 -1 0 0
432.8893138895531 560.9658140090844 -1 0 0
431.0915610805643 548.3815443461631 -1 0 0
432.1702127659575 536.5163758068373 -1 0 0
414.91178579966544 539.0332297394216 -1 0 0
439.3612240019126 542.2691847956013 -1 0 0
455.1814487210137 541.5500836720058 -1 0 0
477.4735835524744 518.1792971551519 -1 0 0
483.22639254123845 521.4152522113317 -1 0 0
462.7320105187665 510.9882859191968 -1 0 0
459.4960554625867 559.8871623236912 -1 0 0
457.69830265359803 542.628735357399 -1 0 0
467.4061678221373 541.5500836720058 -1 0 0
474.5971790580924 570.314128615826 -1 0 0
474.23762849629463 623.8871623236912 -1 0 0
401.2488644513508 536.5163758068373 -1 0 0
487.54099928281147 558.4489600765002 -1 0 0
379.1365049007888 664.9103514224241 -1 0 0
518.2825723165193 568.6961510877361 -1 0 0
497.4286397322497 565.819746593354 -1 0 0
490.2376284962946 543.5276117618934 -1 0 0
513.2488644513506 612.5613196270618 -1 0 0
562.1477408558451 611.1231173798709 -1 0 0
543.4511116423619 660.7410949079608 -1 0 0
590.9117857996654 593.8646904135788 -1 0 0
519.0016734401148 624.7860387281855 -1 0 0
554.2376284962945 580.9208701888597 -1 0 0
546.3275161367441 567.257948840545 -1 0 0
545.6084150131485 558.628735357399 -1 0 0
544.889313889553 547.8422185034664 -1 0 0
556.57470714798 549.1006454697585 -1 0 0
563.765718383935 547.6624432225676 -1 0 0
567.3612240019125 555.9321061439158 -1 0 0
576.7095386086542 549.1006454697585 -1 0 0
584.6196509682046 550.1792971551519 -1 0 0
598.642122878317 550.8983982787473 -1 0 0
589.6533588333732 557.7298589529046 -1 0 0
617.3387520918002 606.9882859191968 -1 0 0
618.7769543389912 638.2691847956013 -1 0 0
629.203920631126 585.0557016495338 -1 0 0
640.7095386086542 573.5500836720058 -1 0 0
645.0241453502272 559.5276117618934 -1 0 0
622.0129093951709 566.3590724360506 -1 0 0
615.9005498446091 558.4489600765002 -1 0 0
604.0353813052833 557.0107578293091 -1 0 0
597.203920631126 572.1118814248148 -1 0 0
578.8668419794406 572.1118814248148 -1 0 0
571.6758307434856 564.561319627062 -1 0 0
656.889313889553 558.4489600765002 -1 0 0
659.765718383935 576.0669376045901 -1 0 0
681.6983026535979 599.4377241214439 -1 0 0
688.1702127659576 584.3366005259384 -1 0 0
678.821898159216 571.0332297394215 -1 0 0
668.3949318670811 559.1680612000956 -1 0 0
664.4398756873057 554.134353334927 -1 0 0
630.642122878317 559.1680612000956 -1 0 0
678.821898159216 628.2017690652642 -1 0 0
718.0129093951709 589.0107578293091 -1 0 0
701.1140329906766 564.2017690652642 -1 0 0
696.080325125508 555.9321061439158 -1 0 0
687.8106622041597 564.561319627062 -1 0 0
652.9342577097777 613.1006454697585 -1 0 0
611.5859431030361 578.5837915371743 -1 0 0
655.6308869232608 657.8646904135788 -1 0 0
707.4061678221373 649.9545780540282 -1 0 0
734.7320105187665 670.0894095147024 -1 0 0
787.9454936648339 637.0107578293091 -1 0 0
840.4398756873057 619.0332297394215 -1 0 0
851.9454936648339 661.4601960315563 -1 0 0
812.394931867081 663.6174994023428 -1 0 0
885.0241453502271 629.819746593354 -1 0 0
928.889313889553 642.7635668180731 -1 0 0
906.5971790580924 616.8759263686349 -1 0 0
929.6084150131485 601.0557016495338 -1 0 0
887.9005498446093 593.8646904135788 -1 0 0
885.7432464738226 603.9321061439158 -1 0 0
871.3612240019125 590.9882859191968 -1 0 0
859.8556060243843 577.3253645708821 -1 0 0
848.3499880468563 580.9208701888597 -1 0 0
801.6084150131485 560.7860387281855 -1 0 0
761.3387520918002 562.2242409753765 -1 0 0
716.7544824288789 561.505139851781 -1 0 0
760.6196509682046 580.9208701888597 -1 0 0
769.9679655749462 562.2242409753765 -1 0 0
905.1589768109013 587.3927803012192 -1 0 0
910.1926846760698 575.8871623236911 -1 0 0
887.9005498446093 578.7635668180731 -1 0 0
952.6196509682046 599.6174994023428 -1 0 0
972.0353813052833 609.6849151326799 -1 0 0
984.9792015300023 629.819746593354 -1 0 0
950.4623475974181 567.9770499641406 -1 0 0
941.8331341142721 583.7972746832417 -1 0 0
930.327516136744 577.3253645708821 -1 0 0
965.5634711929238 575.8871623236911 -1 0 0
972.7544824288789 583.7972746832417 -1 0 0
994.3275161367438 575.8871623236911 -1 0 0
988.5747071479799 588.8309825484102 -1 0 0
982.1027970356205 580.9208701888597 -1 0 0
1006.5522352378676 594.5837915371743 -1 0 0
1009.4286397322495 639.8871623236911 -1 0 0
771.4061678221373 596.0219937843652 -1 0 0
805.9230217547215 578.7635668180731 -1 0 0
875.6758307434854 584.5163758068372 -1 0 0
920.9792015300023 585.9545780540283 -1 0 0
922.9567296198901 582.1792971551519 -1 0 0
899.5859431030361 579.6624432225676 -1 0 0
953.8780779344967 577.1455892899834 -1 0 0
965.3836959120248 584.6961510877361 -1 0 0
1018.9567296198901 583.9770499641406 -1 0 0
1004.9342577097775 578.9433420989722 -1 0 0
1007.0915610805641 585.4152522113316 -1 0 0
659.585943103036 593.0002390628736 -1 0 0
420.1022806980251 465.01532510043126 -1 0 0
413.9644185601629 460.92341700852324 -1 0 0
