91.49830948581305 588.2889832571474 -1 0 0
34.7434011986227 412.46005170075375 -1 0 0
79.25705475720339 291.16034575362147 -1 0 0
133.7862803664647 267.7906776353666 -1 0 0
159.3816311626486 285.5961390587988 -1 0 0
212.79801543294542 257.7751055846859 -1 0 0
170.5100445522938 434.7168784800441 -1 0 0
231.7163181953422 440.28108517486663 -1 0 0
260.6501930084196 436.9425611579731 -1 0 0
260.6501930084196 520.4056615803119 -1 0 0
310.7280532618229 588.2889832571474 -1 0 0
348.56465878661646 399.1059556331796 -1 0 0
429.80207653102616 426.9269891072925 -1 0 0
516.6037009702585 491.47178676723445 -1 0 0
472.09004741167786 465.87643597105057 -1 0 0
532.1834797157618 420.24994107350534 -1 0 0
644.580454951178 450.29665722554734 -1 0 0
673.5143297642553 483.68189739448286 -1 0 0
762.5416368814167 619.448540748154 -1 0 0
847.1175786427201 541.5496470206376 -1 0 0
900.5339629130169 485.90758007241186 -1 0 0
833.7634825751459 460.312229276228 -1 0 0
770.3315262541684 471.4406426658731 -1 0 0
779.2342569658845 396.8802729552505 -1 0 0
963.9659192339942 468.10211864897957 -1 0 0
918.339424336449 412.46005170075375 -1 0 0
949.4989818274556 389.0903835824989 -1 0 0
910.5495349636975 377.96197019285376 -1 0 0
853.7946266765072 366.8335568032085 -1 0 0
791.4755116944942 351.25377805770535 -1 0 0
820.4093865075716 359.04366743045694 -1 0 0
839.3276892699683 342.3510473459892 -1 0 0
835.9891652530749 303.4016004822311 -1 0 0
815.9580211517135 318.9813792277343 -1 0 0
899.4211215740523 313.4171725329117 -1 0 0
862.6973573882233 283.37045638086977 -1 0 0
834.8763239141103 280.0319323639762 -1 0 0
967.3044432508879 354.5923020745989 -1 0 0
987.3355873522493 352.3666193966699 -1 0 0
1015.156620826362 364.6078741252795 -1 0 0
1001.8025247587879 311.1914898549827 -1 0 0
987.3355873522493 295.61171110947953 -1 0 0
952.8375058443493 325.65842726152147 -1 0 0
635.6777242394619 387.97754224353434 -1 0 0
403.09388439587786 373.5106048369957 -1 0 0
354.1288654814391 362.38219144735046 -1 0 0
306.27668790596476 362.38219144735046 -1 0 0
332.98488004111323 346.8024127018473 -1 0 0
282.90701978771 326.77126860048594 -1 0 0
276.2299717539229 362.38219144735046 -1 0 0
210.5723327550164 342.3510473459892 -1 0 0
218.36222212776798 315.64285521084076 -1 0 0
259.5373516694552 305.6272831601601 -1 0 0
265.1015583642777 272.24204299122465 -1 0 0
692.4326325266521 385.75185956560534 -1 0 0
738.0591274241974 393.54174893835693 -1 0 0
772.5572089320974 333.44831663427306 -1 0 0
773.6700502710619 307.8529658380892 -1 0 0
754.7517475086652 284.4832977198343 -1 0 0
768.1058435762394 277.80624968604724 -1 0 0
744.7361754579845 262.22647094054395 -1 0 0
709.1252526111199 262.22647094054395 -1 0 0
805.9424491010329 287.8218217367278 -1 0 0
819.2965451686072 283.37045638086977 -1 0 0
749.1875408138426 303.4016004822311 -1 0 0
728.0435553735167 317.86853788876977 -1 0 0
689.0941085097587 317.86853788876977 -1 0 0
641.2419309342844 335.67399931220206 -1 0 0
597.8411187146683 307.8529658380892 -1 0 0
587.8255466639876 346.8024127018473 -1 0 0
536.6348450716198 354.5923020745989 -1 0 0
535.5220037326553 377.96197019285376 -1 0 0
496.57255686889727 395.767431616286 -1 0 0
493.2340328520037 356.81798475252793 -1 0 0
473.20288875064244 331.222633956344 -1 0 0
516.6037009702585 318.9813792277343 -1 0 0
344.66971410024075 317.59032755402865 -1 0 0
312.953735939752 305.349072825419 -1 0 0
302.381743219589 291.43855608836253 -1 0 0
282.90701978771 273.07667399544806 -1 0 0
280.12491644029876 257.49689524994477 -1 0 0
281.79417844874547 298.6720247916319 -1 0 0
332.98488004111323 274.18951533441253 -1 0 0
322.41288732095035 266.39962596166094 -1 0 0
305.1638465670003 260.8354192668383 -1 0 0
300.15606054165994 244.69921985185283 -1 0 0
287.9148058130503 233.01438579272542 -1 0 0
319.6307839735391 243.58637851288833 -1 0 0
331.87203870214876 249.70700587719318 -1 0 0
329.0899353547374 238.578592487548 -1 0 0
323.5257286599149 231.9015444537609 -1 0 0
169.9536238828116 227.45017909790283 -1 0 0
434.2534418868844 352.64482973141105 -1 0 0
408.1016704212181 332.61368563004964 -1 0 0
375.82927159124716 309.80043818127706 -1 0 0
375.82927159124716 283.64866671561094 -1 0 0
368.5958028879778 265.2867846226964 -1 0 0
360.80591351522617 273.07667399544806 -1 0 0
349.67750012558105 274.18951533441253 -1 0 0
387.51410565037463 264.1739432837319 -1 0 0
398.08609837053757 276.9716186818238 -1 0 0
410.32735309914716 256.38405391098024 -1 0 0
425.90713184465045 266.9560466311432 -1 0 0
459.8487926830681 432.21298546737387 -1 0 0
443.7125932680827 323.1545342488513 -1 0 0
465.41299937789074 308.6875968423126 -1 0 0
468.7515233947844 288.100032071469 -1 0 0
453.17174464928104 280.3101426987174 -1 0 0
440.3740692511891 298.11560412214965 -1 0 0
430.3584972005085 284.7615080545754 -1 0 0
381.949898955552 250.26342654667542 -1 0 0
367.4829615490133 250.26342654667542 -1 0 0
367.4829615490133 238.02217181806574 -1 0 0
428.68923519206174 249.70700587719318 -1 0 0
434.2534418868844 260.2789985973561 -1 0 0
443.7125932680827 258.6097365889093 -1 0 0
449.27679996290533 253.0455298940867 -1 0 0
462.6308960304795 252.48910922460448 -1 0 0
463.18731669996174 269.18172930907224 -1 0 0
475.9849920980537 265.2867846226964 -1 0 0
376.3856922607295 240.80427516547704 -1 0 0
384.7320023029633 239.13501315703027 -1 0 0
390.8526296672681 244.69921985185283 -1 0 0
374.16000958280034 230.7887031147964 -1 0 0
380.8370576165876 229.1194411063496 -1 0 0
385.84484364192787 213.5396623608464 -1 0 0
411.44019443811175 228.0065997673851 -1 0 0
401.9810430569133 226.33733775893833 -1 0 0
393.07831234519716 233.01438579272542 -1 0 0
398.6425190400198 240.80427516547704 -1 0 0
419.2300838108634 246.36848186029965 -1 0 0
418.67366314138104 236.90933047910124 -1 0 0
409.7709324296649 236.90933047910124 -1 0 0
424.7942905056859 228.0065997673851 -1 0 0
512.7087562838827 297.5591834526674 -1 0 0
493.2340328520037 288.65645274095124 -1 0 0
489.8955088351102 276.4151980123416 -1 0 0
497.68539820786174 252.48910922460448 -1 0 0
492.67761218252144 240.80427516547704 -1 0 0
474.31573008960686 245.25564052133512 -1 0 0
453.7281653187634 238.02217181806574 -1 0 0
534.4091623936908 272.52025332596577 -1 0 0
517.7165423092231 257.49689524994477 -1 0 0
532.7399003852441 256.94047458046253 -1 0 0
529.4013763683505 240.80427516547704 -1 0 0
528.8449556988683 229.1194411063496 -1 0 0
528.8449556988683 220.21671039463345 -1 0 0
485.44414347925203 226.33733775893833 -1 0 0
442.8779622638593 238.9959079896597 -1 0 0
435.3662832258488 235.65738397276618 -1 0 0
431.74954887421416 233.43170129483715 -1 0 0
433.6970212174021 227.5892842652734 -1 0 0
438.9830175774835 220.0776052272629 -1 0 0
426.4635525141327 216.73908121036936 -1 0 0
418.6736631413811 214.79160886718148 -1 0 0
419.50829414560445 223.13791890941533 -1 0 0
387.51410565037463 228.4239152694968 -1 0 0
462.9091063652206 226.75465326105004 -1 0 0
449.83322063238757 222.85970857467422 -1 0 0
443.7125932680827 224.80718091786215 -1 0 0
446.21648628075286 216.1826605408871 -1 0 0
453.4499549840222 216.73908121036936 -1 0 0
470.14257506849 219.24297422303954 -1 0 0
464.57836837366733 233.153490960096 -1 0 0
484.33130214028756 239.55232865914198 -1 0 0
478.4888851107238 239.55232865914198 -1 0 0
477.6542541065005 228.4239152694968 -1 0 0
472.64646808116015 228.70212560423795 -1 0 0
493.2340328520037 212.0095055197702 -1 0 0
497.9636085426029 212.0095055197702 -1 0 0
502.9713945679432 215.34802953666374 -1 0 0
507.14454958906015 211.1748745155468 -1 0 0
514.9344389618117 210.8966641808057 -1 0 0
511.3177046101771 220.9122362314863 -1 0 0
506.30991858483674 220.9122362314863 -1 0 0
496.8507672036384 220.9122362314863 -1 0 0
490.17371916985127 222.02507757045083 -1 0 0
501.8585532289787 232.59707029061374 -1 0 0
507.14454958906015 233.43170129483715 -1 0 0
542.1990517664424 237.88306665069518 -1 0 0
548.3196791307472 230.64959794742583 -1 0 0
544.9811551138537 225.6418119220855 -1 0 0
542.4772621011836 220.9122362314863 -1 0 0
536.0784244021376 230.64959794742583 -1 0 0
534.6873727284319 223.6943395788976 -1 0 0
534.6873727284319 219.24297422303954 -1 0 0
532.4616900505029 213.40055719347583 -1 0 0
527.7321143599037 215.0698192019226 -1 0 0
523.0025386693045 215.0698192019226 -1 0 0
519.942224987152 210.06203317658228 -1 0 0
508.2573909280246 216.1826605408871 -1 0 0
559.1698821856512 237.6048563159541 -1 0 0
563.6212475415093 229.5367566084613 -1 0 0
556.9441995077223 225.6418119220855 -1 0 0
564.1776682109916 221.74686723570971 -1 0 0
566.4033508889206 215.904450206146 -1 0 0
548.5978894654884 218.13013288407504 -1 0 0
544.4247344443714 212.84413652399357 -1 0 0
538.8605277495489 211.1748745155468 -1 0 0
555.2749374992754 208.94919183761778 -1 0 0
556.6659891729811 216.1826605408871 -1 0 0
565.8469302194384 211.1748745155468 -1 0 0
410.3273530991472 216.73908121036936 -1 0 0
346.3389761086875 230.3713876126847 -1 0 0
346.3389761086875 240.94338033284762 -1 0 0
441.4869105901537 232.59707029061374 -1 0 0
499.6328705510496 237.0484356464718 -1 0 0
559.7263028551336 221.19044656622745 -1 0 0
570.5765059100374 235.6573839727661 -1 0 0
574.7496609311544 219.52118455778063 -1 0 0
577.2535539438246 212.00950551977013 -1 0 0
569.463664571073 218.9647638882984 -1 0 0
590.6076500113988 221.46865690096854 -1 0 0
584.2088123123528 221.74686723570963 -1 0 0
580.5920779607181 227.5892842652734 -1 0 0
591.1640706808811 230.37138761268469 -1 0 0
599.2321703883738 220.91223623148628 -1 0 0
606.4656390916431 230.37138761268469 -1 0 0
602.2924840705263 237.604856315954 -1 0 0
593.111543024069 240.66516999810645 -1 0 0
588.3819673334698 233.43170129483707 -1 0 0
581.7049192996826 244.56011468448224 -1 0 0
570.2982955752964 252.3500040572339 -1 0 0
558.613461516169 245.1165353539645 -1 0 0
542.4772621011834 253.7410557309395 -1 0 0
551.1017824781585 272.102937823854 -1 0 0
553.0492548213463 298.2547092895202 -1 0 0
541.9208414317012 298.8111299590024 -1 0 0
579.4792366217536 274.88504117126536 -1 0 0
590.6076500113988 263.478417446879 -1 0 0
581.1484986302004 251.23716271826936 -1 0 0
599.788591057856 246.7857973624113 -1 0 0
610.9170044475012 252.90642472671612 -1 0 0
620.9325764981819 261.5309451036911 -1 0 0
634.5648829004972 270.4336758154073 -1 0 0
623.1582591761108 300.20218163270806 -1 0 0
656.5434993450463 291.29945092099194 -1 0 0
676.0182227769254 260.4181037647266 -1 0 0
679.3567467938191 250.40253171404595 -1 0 0
696.8839978825102 242.05622167181207 -1 0 0
724.1486106871407 272.9375688280774 -1 0 0
716.6369316491302 290.4648199167686 -1 0 0
684.9209534886415 293.2469232641798 -1 0 0
648.4753996375537 244.00369401499998 -1 0 0
664.8898093872803 244.8383250192234 -1 0 0
648.7536099722948 263.478417446879 -1 0 0
635.6777242394618 247.34221803189354 -1 0 0
627.88783486671 249.8461110445637 -1 0 0
620.0979454939585 242.05622167181207 -1 0 0
619.5415248244763 234.26633229906048 -1 0 0
573.0803989227077 211.17487451554675 -1 0 0
546.9286274570416 210.89666418080563 -1 0 0
627.88783486671 227.5892842652734 -1 0 0
612.0298457864658 237.04843564647177 -1 0 0
693.2672635308754 261.5309451036911 -1 0 0
672.4014884252907 274.60683083652424 -1 0 0
736.1116550810094 275.1632515060065 -1 0 0
970.6429672677815 377.96197019285376 -1 0 0
612.4040838661487 403.7746008826045 -1 0 0
937.7107771728417 365.9244510324546 -1 0 0
784.2642237262884 307.6147607227643 -1 0 0
