111.42207792207789 476.26785714285717 -1 0 0
81.50974025974028 447.9724025974026 -1 0 0
87.97727272727275 427.7613636363636 -1 0 0
49.172077922077904 402.6996753246753 -1 0 0
11.983766233766232 421.29383116883116 -1 0 0
57.25649350649348 451.20616883116884 -1 0 0
21.68506493506493 464.14123376623377 -1 0 0
168.01298701298703 455.24837662337666 -1 0 0
207.6266233766234 464.94967532467535 -1 0 0
217.3279220779221 488.3944805194805 -1 0 0
244.00649350649354 488.3944805194805 -1 0 0
256.1331168831169 445.5470779220779 -1 0 0
227.02922077922076 435.8457792207792 -1 0 0
201.96753246753255 422.9107142857143 -1 0 0
217.3279220779221 418.06006493506493 -1 0 0
237.53896103896108 416.4431818181818 -1 0 0
269.0681818181818 418.86850649350646 -1 0 0
296.55519480519484 436.6542207792208 -1 0 0
307.0649350649351 424.5275974025974 -1 0 0
313.5324675324676 401.0827922077922 -1 0 0
376.5909090909092 424.5275974025974 -1 0 0
345.8701298701299 422.10227272727275 -1 0 0
355.5714285714286 407.55032467532465 -1 0 0
345.8701298701299 484.35227272727275 -1 0 0
350.7207792207793 449.5892857142857 -1 0 0
104.14610389610384 402.6996753246753 -1 0 0
125.97402597402599 413.2094155844156 -1 0 0
159.12012987012992 412.400974025974 -1 0 0
146.99350649350646 409.97564935064935 -1 0 0
136.4837662337663 408.35876623376623 -1 0 0
138.90909090909093 376.82954545454544 -1 0 0
121.1233766233766 365.5113636363636 -1 0 0
112.23051948051949 357.42694805194805 -1 0 0
100.10389610389609 350.150974025974 -1 0 0
99.29545454545456 340.4496753246753 -1 0 0
74.23376623376623 354.1931818181818 -1 0 0
62.91558441558442 353.3847402597402 -1 0 0
21.68506493506493 401.0827922077922 -1 0 0
10.366883116883116 364.70292207792204 -1 0 0
18.451298701298697 354.1931818181818 -1 0 0
24.91883116883116 384.10551948051943 -1 0 0
45.12987012987014 376.02110389610385 -1 0 0
73.4253246753247 381.6801948051948 -1 0 0
51.597402597402606 340.4496753246753 -1 0 0
41.08766233766232 357.42694805194805 -1 0 0
36.237012987012974 371.1704545454545 -1 0 0
31.386363636363626 375.2126623376623 -1 0 0
52.405844155844136 389.76461038961037 -1 0 0
38.66233766233768 344.49188311688306 -1 0 0
28.152597402597394 338.8327922077922 -1 0 0
29.769480519480506 329.939935064935 -1 0 0
29.769480519480506 320.2386363636363 -1 0 0
22.49350649350646 317.81331168831167 -1 0 0
14.409090909090878 321.85551948051943 -1 0 0
7.133116883116884 325.89772727272725 -1 0 0
5.516233766233768 337.21590909090907 -1 0 0
8.75 348.5340909090909 -1 0 0
3.090909090909065 310.5373376623376 -1 0 0
13.600649350649348 307.3035714285714 -1 0 0
23.301948051948045 303.26136363636357 -1 0 0
19.259740259740227 294.36850649350646 -1 0 0
29.769480519480506 291.94318181818176 -1 0 0
33.81168831168833 288.7094155844155 -1 0 0
47.55519480519479 291.94318181818176 -1 0 0
33.81168831168833 317.81331168831167 -1 0 0
50.78896103896103 316.1964285714285 -1 0 0
52.405844155844136 329.939935064935 -1 0 0
92.01948051948051 318.6217532467532 -1 0 0
97.67857142857144 310.5373376623376 -1 0 0
75.85064935064935 294.36850649350646 -1 0 0
69.38311688311688 288.7094155844155 -1 0 0
54.83116883116884 293.5600649350649 -1 0 0
58.06493506493508 280.62499999999994 -1 0 0
71.0 307.3035714285714 -1 0 0
73.4253246753247 323.47240259740255 -1 0 0
87.16883116883116 297.6022727272727 -1 0 0
81.50974025974028 308.9204545454545 -1 0 0
112.23051948051949 334.79058441558436 -1 0 0
108.99675324675326 322.663961038961 -1 0 0
68.57467532467535 336.4074675324675 -1 0 0
6.324675324675297 295.9853896103896 -1 0 0
10.366883116883116 278.19967532467524 -1 0 0
20.068181818181813 271.7321428571428 -1 0 0
6.324675324675297 265.2646103896103 -1 0 0
11.983766233766232 252.32954545454538 -1 0 0
7.133116883116884 241.01136363636357 -1 0 0
5.516233766233768 228.07629870129858 -1 0 0
4.707792207792181 202.20616883116872 -1 0 0
15.217532467532465 215.94967532467524 -1 0 0
6.324675324675297 190.8879870129869 -1 0 0
10.366883116883116 181.18668831168821 -1 0 0
7.133116883116884 170.676948051948 -1 0 0
14.409090909090878 173.10227272727263 -1 0 0
13.600649350649348 118.12824675324663 -1 0 0
16.025974025973994 107.6185064935064 -1 0 0
37.04545454545456 116.51136363636351 -1 0 0
27.344155844155864 123.78733766233756 -1 0 0
18.451298701298697 156.93344155844147 -1 0 0
6.324675324675297 147.23214285714278 -1 0 0
13.600649350649348 139.14772727272714 -1 0 0
20.876623376623343 140.7646103896103 -1 0 0
35.428571428571445 155.3165584415583 -1 0 0
34.62012987012986 144.80681818181807 -1 0 0
62.91558441558442 122.97889610389598 -1 0 0
57.25649350649348 87.40746753246742 -1 0 0
112.23051948051949 116.51136363636351 -1 0 0
170.84253246753244 311.54788961038963 -1 0 0
152.65259740259737 308.3141233766234 -1 0 0
136.4837662337662 319.6323051948052 -1 0 0
126.78246753246748 331.3547077922078 -1 0 0
137.29220779220776 339.0349025974026 -1 0 0
128.8035714285714 344.69399350649354 -1 0 0
140.525974025974 360.4586038961039 -1 0 0
166.80032467532467 361.2670454545455 -1 0 0
150.63149350649346 339.8433441558442 -1 0 0
155.07792207792207 327.3125 -1 0 0
172.45941558441555 331.3547077922078 -1 0 0
164.77922077922076 336.60957792207796 -1 0 0
180.54383116883113 346.7150974025974 -1 0 0
185.79870129870127 324.07873376623377 -1 0 0
180.13961038961034 307.101461038961 -1 0 0
172.05519480519476 302.65503246753246 -1 0 0
195.90422077922074 303.8676948051948 -1 0 0
198.32954545454547 332.56737012987014 -1 0 0
193.88311688311686 347.11931818181824 -1 0 0
187.0113636363636 368.13879870129875 -1 0 0
200.7548701298701 367.73457792207796 -1 0 0
204.79707792207793 356.01217532467535 -1 0 0
212.8814935064935 348.33198051948057 -1 0 0
226.62500000000003 353.99107142857144 -1 0 0
216.92370129870127 306.2930194805195 -1 0 0
238.75162337662337 323.27029220779224 -1 0 0
250.06980519480518 323.27029220779224 -1 0 0
240.77272727272728 330.950487012987 -1 0 0
240.77272727272728 342.67288961038963 -1 0 0
238.75162337662337 357.2248376623377 -1 0 0
223.39123376623377 335.8011363636364 -1 0 0
256.5373376623377 348.7362012987013 -1 0 0
250.47402597402598 364.9050324675325 -1 0 0
267.85551948051955 318.4196428571429 -1 0 0
201.1590909090909 325.2913961038961 -1 0 0
160.33279220779215 296.1875 -1 0 0
199.54220779220776 142.17938311688306 -1 0 0
206.81818181818178 149.0511363636363 -1 0 0
228.24188311688314 150.6680194805194 -1 0 0
222.58279220779224 148.64691558441552 -1 0 0
210.86038961038963 147.0300324675324 -1 0 0
203.58441558441558 153.09334415584408 -1 0 0
195.90422077922074 151.47646103896096 -1 0 0
193.07467532467533 147.43425324675317 -1 0 0
185.39448051948048 150.26379870129864 -1 0 0
180.54383116883113 147.43425324675317 -1 0 0
175.288961038961 147.0300324675324 -1 0 0
170.84253246753244 147.83847402597397 -1 0 0
159.52435064935062 147.0300324675324 -1 0 0
152.24837662337657 148.64691558441552 -1 0 0
146.1850649350649 145.0089285714285 -1 0 0
136.88798701298697 143.39204545454538 -1 0 0
127.59090909090904 145.0089285714285 -1 0 0
119.91071428571422 146.22159090909085 -1 0 0
115.46428571428567 138.54139610389603 -1 0 0
106.5714285714285 147.83847402597397 -1 0 0
233.49675324675323 137.32873376623368 -1 0 0
229.85876623376626 145.0089285714285 -1 0 0
255.72889610389612 142.9878246753246 -1 0 0
265.02597402597405 144.60470779220773 -1 0 0
273.1103896103897 145.0089285714285 -1 0 0
289.27922077922085 142.9878246753246 -1 0 0
275.93993506493507 149.85957792207785 -1 0 0
288.875 151.47646103896096 -1 0 0
281.59902597402595 149.0511363636363 -1 0 0
219.75324675324677 360.4586038961039 -1 0 0
210.4561688311688 359.6501623376624 -1 0 0
273.5146103896104 364.096590909091 -1 0 0
265.83441558441564 338.63068181818187 -1 0 0
258.5584415584416 325.2913961038961 -1 0 0
241.58116883116887 305.8887987012987 -1 0 0
250.06980519480518 274.3595779220779 -1 0 0
167.6087662337662 228.68262987012986 -1 0 0
242.7938311688312 141.37094155844147 -1 0 0
248.04870129870133 149.0511363636363 -1 0 0
202.77597402597402 181.79301948051943 -1 0 0
199.54220779220776 178.1550324675324 -1 0 0
192.67045454545453 176.94237012987008 -1 0 0
190.24512987012983 163.60308441558436 -1 0 0
134.4626623376623 159.15665584415578 -1 0 0
246.02759740259742 259.40340909090907 -1 0 0
233.49675324675323 264.2540584415584 -1 0 0
236.73051948051946 257.3823051948052 -1 0 0
221.77435064935062 266.6793831168831 -1 0 0
271.89772727272725 260.61607142857144 -1 0 0
279.57792207792215 288.5073051948052 -1 0 0
272.3019480519481 305.48457792207796 -1 0 0
269.4724025974026 285.6777597402597 -1 0 0
265.4301948051948 274.3595779220779 -1 0 0
254.9204545454546 269.91314935064935 -1 0 0
256.9415584415584 246.06412337662334 -1 0 0
261.3879870129871 235.15016233766232 -1 0 0
271.0892857142858 231.1079545454545 -1 0 0
286.44967532467535 214.13068181818178 -1 0 0
266.2386363636364 251.72321428571428 -1 0 0
216.51948051948054 250.10633116883116 -1 0 0
222.98701298701297 252.9358766233766 -1 0 0
218.9448051948052 239.59659090909088 -1 0 0
210.05194805194802 245.2556818181818 -1 0 0
202.77597402597402 242.42613636363635 -1 0 0
225.41233766233765 238.38392857142856 -1 0 0
231.07142857142858 240.40503246753246 -1 0 0
237.53896103896105 242.42613636363635 -1 0 0
245.21915584415584 226.66152597402595 -1 0 0
236.73051948051946 221.002435064935 -1 0 0
238.34740259740258 208.87581168831167 -1 0 0
252.0909090909091 211.30113636363632 -1 0 0
263.4090909090909 196.74918831168827 -1 0 0
267.04707792207796 214.53490259740255 -1 0 0
272.70616883116884 209.6842532467532 -1 0 0
187.4155844155844 269.50892857142856 -1 0 0
178.5227272727273 391.3814935064935 -1 0 0
163.9707792207792 388.14772727272725 -1 0 0
155.0779220779221 369.5535714285714 -1 0 0
197.11688311688312 392.9983766233766 -1 0 0
216.5194805194805 376.82954545454544 -1 0 0
217.3279220779221 393.8068181818182 -1 0 0
226.22077922077924 389.76461038961037 -1 0 0
232.68831168831176 389.76461038961037 -1 0 0
242.38961038961048 398.65746753246754 -1 0 0
254.51623376623382 385.72240259740255 -1 0 0
237.53896103896108 370.362012987013 -1 0 0
168.01298701298703 350.9594155844155 -1 0 0
175.28896103896108 359.04383116883116 -1 0 0
277.96103896103904 389.76461038961037 -1 0 0
298.9805194805195 367.9366883116883 -1 0 0
320.00000000000006 357.42694805194805 -1 0 0
322.4253246753247 368.74512987012986 -1 0 0
313.5324675324676 387.3392857142857 -1 0 0
286.04545454545456 415.6347402597402 -1 0 0
360.422077922078 392.9983766233766 -1 0 0
349.91233766233773 389.76461038961037 -1 0 0
370.1233766233767 368.74512987012986 -1 0 0
382.25000000000006 345.30032467532465 -1 0 0
383.86688311688323 359.8522727272727 -1 0 0
384.6753246753247 334.79058441558436 -1 0 0
377.39935064935077 330.7483766233766 -1 0 0
365.2727272727273 330.7483766233766 -1 0 0
354.762987012987 335.59902597402595 -1 0 0
344.25324675324686 324.28084415584414 -1 0 0
341.8279220779221 337.21590909090907 -1 0 0
336.1688311688312 346.91720779220776 -1 0 0
313.5324675324676 334.79058441558436 -1 0 0
282.81168831168833 331.55681818181813 -1 0 0
308.6818181818182 91.44967532467518 -1 0 0
317.5746753246754 89.83279220779207 -1 0 0
328.0844155844157 87.40746753246742 -1 0 0
339.40259740259745 89.02435064935054 -1 0 0
354.762987012987 101.95941558441547 -1 0 0
373.35714285714295 106.00162337662323 -1 0 0
376.5909090909092 110.04383116883105 -1 0 0
382.25000000000006 111.66071428571416 -1 0 0
388.7175324675325 129.44642857142844 -1 0 0
383.86688311688323 152.08279220779207 -1 0 0
387.90909090909093 142.38149350649337 -1 0 0
375.7824675324676 148.0405844155843 -1 0 0
364.46428571428584 149.65746753246742 -1 0 0
360.422077922078 152.89123376623365 -1 0 0
356.3798701298702 146.4237012987012 -1 0 0
350.7207792207793 142.38149350649337 -1 0 0
341.8279220779221 118.12824675324663 -1 0 0
332.1266233766234 107.6185064935064 -1 0 0
322.4253246753247 105.1931818181817 -1 0 0
316.7662337662338 96.30032467532453 -1 0 0
295.74675324675326 107.6185064935064 -1 0 0
304.6396103896105 104.38474025974017 -1 0 0
304.6396103896105 91.44967532467518 -1 0 0
286.04545454545456 89.02435064935054 -1 0 0
290.89610389610397 99.53409090909076 -1 0 0
281.19480519480527 108.42694805194793 -1 0 0
272.30194805194805 89.83279220779207 -1 0 0
259.3668831168831 87.40746753246742 -1 0 0
247.24025974025977 87.40746753246742 -1 0 0
240.77272727272734 88.21590909090895 -1 0 0
255.32467532467544 115.70292207792193 -1 0 0
245.6233766233767 116.51136363636351 -1 0 0
237.53896103896108 111.66071428571416 -1 0 0
249.66558441558445 107.6185064935064 -1 0 0
235.11363636363643 90.64123376623365 -1 0 0
222.98701298701297 88.21590909090895 -1 0 0
210.8603896103896 93.0665584415583 -1 0 0
223.79545454545456 104.38474025974017 -1 0 0
216.5194805194805 106.81006493506482 -1 0 0
209.24350649350654 106.81006493506482 -1 0 0
197.9253246753247 88.21590909090895 -1 0 0
193.0746753246754 89.02435064935054 -1 0 0
183.3733766233766 89.02435064935054 -1 0 0
179.3311688311689 93.87499999999989 -1 0 0
187.41558441558442 94.68344155844142 -1 0 0
180.13961038961037 118.12824675324663 -1 0 0
180.13961038961037 104.38474025974017 -1 0 0
173.6720779220779 104.38474025974017 -1 0 0
166.39610389610397 110.04383116883105 -1 0 0
163.9707792207792 91.44967532467518 -1 0 0
152.65259740259745 91.44967532467518 -1 0 0
146.99350649350646 87.40746753246742 -1 0 0
148.61038961038963 104.38474025974017 -1 0 0
156.69480519480527 89.02435064935054 -1 0 0
143.75974025974023 112.4691558441557 -1 0 0
134.86688311688312 111.66071428571416 -1 0 0
138.10064935064935 89.02435064935054 -1 0 0
130.01623376623382 97.10876623376612 -1 0 0
123.54870129870136 98.72564935064923 -1 0 0
115.46428571428572 85.7905844155843 -1 0 0
111.42207792207789 93.0665584415583 -1 0 0
125.97402597402599 89.83279220779207 -1 0 0
103.33766233766238 96.30032467532453 -1 0 0
100.10389610389609 101.95941558441547 -1 0 0
85.55194805194805 94.68344155844142 -1 0 0
80.7012987012987 97.10876623376612 -1 0 0
90.4025974025974 107.6185064935064 -1 0 0
73.4253246753247 117.3198051948051 -1 0 0
84.74350649350652 138.3392857142856 -1 0 0
76.65909090909093 131.06331168831161 -1 0 0
62.10714285714283 138.3392857142856 -1 0 0
50.78896103896103 144.80681818181807 -1 0 0
95.25324675324674 136.7224025974025 -1 0 0
96.87012987012986 145.6152597402596 -1 0 0
92.8279220779221 149.65746753246742 -1 0 0
72.61688311688312 149.65746753246742 -1 0 0
57.25649350649348 167.44318181818176 -1 0 0
26.53571428571428 176.33603896103887 -1 0 0
300.59740259740266 135.10551948051938 -1 0 0
308.6818181818182 141.57305194805184 -1 0 0
321.61688311688323 145.6152597402596 -1 0 0
324.85064935064946 150.465909090909 -1 0 0
381.44155844155847 193.31331168831161 -1 0 0
384.6753246753247 179.5698051948051 -1 0 0
192.26623376623382 207.05681818181813 -1 0 0
176.90584415584414 206.24837662337654 -1 0 0
167.20454545454544 198.9724025974025 -1 0 0
180.13961038961037 198.16396103896096 -1 0 0
177.71428571428572 189.2711038961038 -1 0 0
171.24675324675326 192.50487012987003 -1 0 0
180.94805194805195 183.61201298701292 -1 0 0
167.20454545454544 181.18668831168821 -1 0 0
160.73701298701297 183.61201298701292 -1 0 0
176.09740259740266 175.52759740259728 -1 0 0
119.50649350649354 276.5827922077921 -1 0 0
141.33441558441558 265.2646103896103 -1 0 0
152.65259740259745 263.6477272727272 -1 0 0
138.90909090909093 252.32954545454538 -1 0 0
154.2694805194805 236.9691558441558 -1 0 0
116.27272727272731 260.41396103896096 -1 0 0
104.95454545454544 263.6477272727272 -1 0 0
111.42207792207789 249.90422077922074 -1 0 0
115.46428571428572 242.62824675324669 -1 0 0
83.1266233766234 270.92370129870125 -1 0 0
73.4253246753247 265.2646103896103 -1 0 0
85.55194805194805 282.24188311688306 -1 0 0
106.57142857142861 304.8782467532467 -1 0 0
128.39935064935065 314.5795454545454 -1 0 0
58.06493506493508 266.0730519480519 -1 0 0
48.363636363636374 272.54058441558436 -1 0 0
35.428571428571445 249.09577922077915 -1 0 0
29.769480519480506 261.22240259740255 -1 0 0
17.64285714285711 246.67045454545445 -1 0 0
28.961038961038977 243.43668831168824 -1 0 0
23.301948051948045 229.69318181818176 -1 0 0
20.068181818181813 221.60876623376612 -1 0 0
20.068181818181813 215.94967532467524 -1 0 0
34.62012987012986 215.14123376623365 -1 0 0
28.961038961038977 215.14123376623365 -1 0 0
77.46753246753246 246.67045454545445 -1 0 0
78.27597402597405 237.77759740259734 -1 0 0
77.46753246753246 256.3717532467532 -1 0 0
70.19155844155847 249.90422077922074 -1 0 0
60.49025974025972 241.01136363636357 -1 0 0
54.02272727272725 249.90422077922074 -1 0 0
61.2987012987013 249.90422077922074 -1 0 0
127.59090909090905 241.01136363636357 -1 0 0
141.33441558441558 241.01136363636357 -1 0 0
142.14285714285717 224.03409090909082 -1 0 0
129.20779220779224 219.18344155844147 -1 0 0
115.46428571428572 227.26785714285705 -1 0 0
99.29545454545456 242.62824675324669 -1 0 0
93.63636363636363 239.39448051948045 -1 0 0
92.01948051948051 248.28733766233762 -1 0 0
96.87012987012986 263.6477272727272 -1 0 0
96.87012987012986 252.32954545454538 -1 0 0
81.50974025974028 221.60876623376612 -1 0 0
87.16883116883116 233.73538961038957 -1 0 0
73.4253246753247 232.1185064935064 -1 0 0
46.74675324675326 181.18668831168821 -1 0 0
51.597402597402606 184.42045454545445 -1 0 0
37.04545454545456 169.8685064935064 -1 0 0
16.83441558441558 167.44318181818176 -1 0 0
22.49350649350646 165.01785714285705 -1 0 0
40.27922077922079 190.07954545454538 -1 0 0
27.344155844155864 184.42045454545445 -1 0 0
61.2987012987013 150.465909090909 -1 0 0
44.321428571428555 153.69967532467524 -1 0 0
134.05844155844153 257.9886363636363 -1 0 0
125.16558441558442 252.32954545454538 -1 0 0
142.14285714285717 207.05681818181813 -1 0 0
143.75974025974023 201.3977272727272 -1 0 0
133.25000000000006 201.3977272727272 -1 0 0
137.29220779220776 192.50487012987003 -1 0 0
130.01623376623382 190.07954545454538 -1 0 0
140.525974025974 173.10227272727263 -1 0 0
131.63311688311688 170.676948051948 -1 0 0
131.63311688311688 179.5698051948051 -1 0 0
140.525974025974 186.84577922077915 -1 0 0
151.03571428571428 155.3165584415583 -1 0 0
271.4935064935066 184.42045454545445 -1 0 0
271.4935064935066 195.73863636363626 -1 0 0
275.5357142857144 198.9724025974025 -1 0 0
288.4707792207793 202.20616883116872 -1 0 0
292.512987012987 266.8814935064934 -1 0 0
295.74675324675326 255.56331168831164 -1 0 0
279.5779220779221 249.90422077922074 -1 0 0
209.24350649350654 262.0308441558441 -1 0 0
201.15909090909093 252.32954545454538 -1 0 0
231.87987012987023 249.90422077922074 -1 0 0
234.30519480519482 272.54058441558436 -1 0 0
241.58116883116887 246.67045454545445 -1 0 0
241.58116883116887 252.32954545454538 -1 0 0
251.2824675324676 255.56331168831164 -1 0 0
257.75000000000006 260.41396103896096 -1 0 0
353.14610389610397 316.1964285714285 -1 0 0
378.20779220779224 312.96266233766227 -1 0 0
384.6753246753247 306.4951298701298 -1 0 0
383.05844155844164 282.24188311688306 -1 0 0
373.35714285714295 297.6022727272727 -1 0 0
346.6785714285715 287.900974025974 -1 0 0
349.10389610389615 306.4951298701298 -1 0 0
339.40259740259745 299.2191558441558 -1 0 0
324.0422077922079 304.8782467532467 -1 0 0
313.5324675324676 317.0048701298701 -1 0 0
300.59740259740266 308.9204545454545 -1 0 0
294.9383116883118 299.2191558441558 -1 0 0
300.59740259740266 295.176948051948 -1 0 0
289.2792207792208 314.5795454545454 -1 0 0
296.55519480519484 284.66720779220776 -1 0 0
292.512987012987 276.5827922077921 -1 0 0
316.7662337662338 277.3912337662337 -1 0 0
309.4902597402598 270.92370129870125 -1 0 0
324.0422077922079 276.5827922077921 -1 0 0
339.40259740259745 263.6477272727272 -1 0 0
345.06168831168833 255.56331168831164 -1 0 0
362.84740259740266 255.56331168831164 -1 0 0
355.5714285714286 248.28733766233762 -1 0 0
373.35714285714295 254.75487012987006 -1 0 0
111.42207792207789 198.9724025974025 -1 0 0
103.33766233766238 215.14123376623365 -1 0 0
97.67857142857144 222.4172077922077 -1 0 0
52.405844155844136 224.03409090909082 -1 0 0
91.21103896103898 173.10227272727263 -1 0 0
82.31818181818181 159.35876623376612 -1 0 0
92.01948051948051 159.35876623376612 -1 0 0
98.48701298701297 159.35876623376612 -1 0 0
101.7207792207792 152.08279220779207 -1 0 0
98.48701298701297 181.18668831168821 -1 0 0
88.78571428571428 183.61201298701292 -1 0 0
79.08441558441558 187.65422077922068 -1 0 0
75.85064935064935 168.2516233766233 -1 0 0
75.85064935064935 161.78409090909082 -1 0 0
66.14935064935065 175.52759740259728 -1 0 0
68.57467532467535 168.2516233766233 -1 0 0
59.68181818181819 178.7613636363635 -1 0 0
47.55519480519479 173.10227272727263 -1 0 0
47.55519480519479 166.63474025974017 -1 0 0
48.363636363636374 158.55032467532453 -1 0 0
25.72727272727275 193.31331168831161 -1 0 0
65.34090909090907 207.05681818181813 -1 0 0
66.95779220779224 195.73863636363626 -1 0 0
65.34090909090907 184.42045454545445 -1 0 0
81.50974025974028 175.52759740259728 -1 0 0
89.59415584415586 190.07954545454538 -1 0 0
100.10389610389609 196.54707792207785 -1 0 0
109.80519480519483 175.52759740259728 -1 0 0
130.8246753246753 149.65746753246742 -1 0 0
137.29220779220776 152.08279220779207 -1 0 0
117.88961038961037 155.3165584415583 -1 0 0
253.70779220779224 155.3165584415583 -1 0 0
242.38961038961048 153.69967532467524 -1 0 0
218.13636363636365 155.3165584415583 -1 0 0
210.8603896103896 156.93344155844147 -1 0 0
155.88636363636368 176.33603896103887 -1 0 0
158.31168831168833 172.29383116883105 -1 0 0
151.03571428571428 179.5698051948051 -1 0 0
146.99350649350646 185.22889610389598 -1 0 0
147.80194805194805 192.50487012987003 -1 0 0
156.69480519480527 198.16396103896096 -1 0 0
153.46103896103904 213.5243506493506 -1 0 0
126.78246753246759 210.29058441558436 -1 0 0
93.63636363636363 212.715909090909 -1 0 0
75.85064935064935 215.94967532467524 -1 0 0
74.23376623376623 193.31331168831161 -1 0 0
33.00324675324674 235.35227272727263 -1 0 0
20.068181818181813 236.9691558441558 -1 0 0
48.363636363636374 229.69318181818176 -1 0 0
174.4805194805195 165.01785714285705 -1 0 0
163.16233766233773 160.97564935064923 -1 0 0
221.37012987012992 209.48214285714278 -1 0 0
210.05194805194805 198.9724025974025 -1 0 0
207.6266233766234 203.8230519480519 -1 0 0
220.56168831168833 220.8003246753246 -1 0 0
204.39285714285717 231.31006493506487 -1 0 0
193.88311688311688 229.69318181818176 -1 0 0
187.41558441558442 220.8003246753246 -1 0 0
169.6298701298702 218.3749999999999 -1 0 0
206.00974025974034 215.14123376623365 -1 0 0
197.9253246753247 224.03409090909082 -1 0 0
190.64935064935065 249.09577922077915 -1 0 0
182.56493506493513 249.09577922077915 -1 0 0
180.94805194805195 231.31006493506487 -1 0 0
222.1785714285715 169.8685064935064 -1 0 0
239.15584415584428 173.10227272727263 -1 0 0
236.7305194805195 164.20941558441552 -1 0 0
209.24350649350654 166.63474025974017 -1 0 0
294.1298701298702 169.8685064935064 -1 0 0
353.95454545454555 166.63474025974017 -1 0 0
250.47402597402598 186.84577922077915 -1 0 0
244.00649350649354 184.42045454545445 -1 0 0
263.40909090909093 186.84577922077915 -1 0 0
238.34740259740266 201.3977272727272 -1 0 0
231.87987012987023 190.07954545454538 -1 0 0
223.79545454545456 192.50487012987003 -1 0 0
214.09415584415586 176.33603896103887 -1 0 0
251.2824675324676 195.73863636363626 -1 0 0
293.3214285714286 190.07954545454538 -1 0 0
289.2792207792208 184.42045454545445 -1 0 0
308.6818181818182 189.2711038961038 -1 0 0
324.0422077922079 217.56655844155836 -1 0 0
312.724025974026 211.90746753246742 -1 0 0
313.5324675324676 203.8230519480519 -1 0 0
306.25649350649354 201.3977272727272 -1 0 0
298.9805194805195 196.54707792207785 -1 0 0
325.65909090909093 196.54707792207785 -1 0 0
303.0227272727273 173.10227272727263 -1 0 0
298.9805194805195 152.89123376623365 -1 0 0
273.11038961038963 173.91071428571422 -1 0 0
254.51623376623382 175.52759740259728 -1 0 0
270.685064935065 157.741883116883 -1 0 0
339.40259740259745 160.97564935064923 -1 0 0
351.5292207792208 192.50487012987003 -1 0 0
340.21103896103904 176.33603896103887 -1 0 0
351.5292207792208 183.61201298701292 -1 0 0
377.39935064935077 203.8230519480519 -1 0 0
365.2727272727273 201.3977272727272 -1 0 0
331.3181818181819 213.5243506493506 -1 0 0
345.8701298701299 218.3749999999999 -1 0 0
335.36038961038963 232.1185064935064 -1 0 0
321.61688311688323 232.926948051948 -1 0 0
299.7889610389611 242.62824675324669 -1 0 0
305.44805194805195 246.67045454545445 -1 0 0
282.81168831168833 235.35227272727263 -1 0 0
339.40259740259745 237.77759740259734 -1 0 0
325.65909090909093 241.01136363636357 -1 0 0
315.95779220779224 242.62824675324669 -1 0 0
312.724025974026 253.9464285714285 -1 0 0
272.30194805194805 238.58603896103887 -1 0 0
248.0487012987014 235.35227272727263 -1 0 0
239.96428571428572 236.9691558441558 -1 0 0
370.9318181818183 166.63474025974017 -1 0 0
363.65584415584425 170.676948051948 -1 0 0
377.39935064935077 225.65097402597394 -1 0 0
363.65584415584425 220.8003246753246 -1 0 0
335.36038961038963 207.05681818181813 -1 0 0
320.80844155844164 173.91071428571422 -1 0 0
315.95779220779224 184.42045454545445 -1 0 0
330.50974025974034 178.7613636363635 -1 0 0
387.90909090909093 242.62824675324669 -1 0 0
366.8896103896105 231.31006493506487 -1 0 0
366.0811688311689 242.62824675324669 -1 0 0
359.61363636363643 235.35227272727263 -1 0 0
301.40584415584425 218.3749999999999 -1 0 0
307.8733766233767 228.07629870129858 -1 0 0
330.50974025974034 259.60551948051943 -1 0 0
322.4253246753247 263.6477272727272 -1 0 0
327.2759740259741 288.7094155844155 -1 0 0
331.3181818181819 299.2191558441558 -1 0 0
387.10064935064946 259.60551948051943 -1 0 0
192.26623376623382 256.3717532467532 -1 0 0
201.96753246753255 192.50487012987003 -1 0 0
194.69155844155847 195.73863636363626 -1 0 0
215.71103896103904 190.07954545454538 -1 0 0
228.64610389610397 179.5698051948051 -1 0 0
220.56168831168833 181.18668831168821 -1 0 0
114.65584415584415 186.84577922077915 -1 0 0
90.4025974025974 198.16396103896096 -1 0 0
85.55194805194805 209.48214285714278 -1 0 0
54.02272727272725 195.73863636363626 -1 0 0
13.600649350649348 201.3977272727272 -1 0 0
372.54870129870136 181.18668831168821 -1 0 0
364.46428571428584 193.31331168831161 -1 0 0
354.762987012987 198.16396103896096 -1 0 0
290.0876623376624 374.40422077922074 -1 0 0
199.54220779220788 311.34577922077915 -1 0 0
153.46103896103904 249.90422077922074 -1 0 0
331.3181818181819 164.20941558441552 -1 0 0
347.4870129870131 176.33603896103887 -1 0 0
343.44480519480527 155.3165584415583 -1 0 0
315.14935064935077 161.78409090909082 -1 0 0
370.9318181818183 203.8230519480519 -1 0 0
181.75649350649354 166.63474025974017 -1 0 0
