128.314558369807 644.596685082873 -1 0 0
644.9663485685585 646.828442275956 -1 0 0
781.1035373466312 557.5581545526297 -1 0 0
974.1505345483246 467.17198823276175 -1 0 0
796.7258376982134 514.0388892875081 -1 0 0
820.1592882255866 394.63987945755906 -1 0 0
948.4853268278682 357.8158857716869 -1 0 0
1007.6268924445719 312.06486331348214 -1 0 0
862.5626748941665 306.4854703307742 -1 0 0
695.1808854129297 371.2064289301859 -1 0 0
730.8890005022602 365.62703594747796 -1 0 0
649.4298629547249 392.4081222644759 -1 0 0
513.292674176652 461.5925952500538 -1 0 0
323.59331276458346 511.8071320944249 -1 0 0
216.46896749659183 483.9101671808854 -1 0 0
352.60615627466456 423.65272296764016 -1 0 0
143.93685872138914 396.87163665064224 -1 0 0
17.842577312190578 415.84157279184905 -1 0 0
12.263184329482694 352.23649278897904 -1 0 0
93.72232187701806 289.74729138265053 -1 0 0
445.2240797876157 382.36521489560164 -1 0 0
502.13388821123635 344.425342613188 -1 0 0
552.3484250556073 406.9145440195164 -1 0 0
584.7089043553132 339.9618282270216 -1 0 0
632.6916840066011 310.9489847169406 -1 0 0
670.6315562890148 293.0949271722753 -1 0 0
707.455549974887 318.7601348927316 -1 0 0
779.9876587500897 304.2537131376911 -1 0 0
923.9359977039534 288.63141278610897 -1 0 0
959.6441127932841 284.16789839994266 -1 0 0
464.1940159288226 304.2537131376911 -1 0 0
448.57171557724035 329.91892085814743 -1 0 0
428.48590083949193 357.8158857716869 -1 0 0
420.6747506637009 316.52837769964844 -1 0 0
363.76494224008036 296.44256296189997 -1 0 0
324.709191361125 285.2837769964842 -1 0 0
302.3916194302935 322.1077706823564 -1 0 0
243.25005381358974 294.2108057688168 -1 0 0
188.5720025830523 320.9918920858147 -1 0 0
155.09564468680492 293.0949271722753 -1 0 0
186.3402453899692 269.6614766449021 -1 0 0
131.66219415943172 300.9060773480663 -1 0 0
10.031427136399508 277.4726268206932 -1 0 0
27.885484681064796 281.9361412068594 -1 0 0
60.24596398077059 281.9361412068594 -1 0 0
37.92839204993905 260.73444787256943 -1 0 0
65.12965487551124 244.97266269641963 -1 0 0
77.683289086604 258.64217550405397 -1 0 0
9.614694697567636 253.62072181961688 -1 0 0
19.657602066441854 249.15720743345054 -1 0 0
22.168328908660406 237.44048216976395 -1 0 0
12.404391188921577 231.30314988878527 -1 0 0
1.524574872641177 234.65078567841 -1 0 0
17.983784171629484 228.23448374829596 -1 0 0
17.983784171629484 223.77096936212962 -1 0 0
31.653296979263825 227.95551409916052 -1 0 0
42.254143646408835 217.9126067302863 -1 0 0
41.41723469900265 236.60357322235777 -1 0 0
51.73911171701228 225.444787256942 -1 0 0
67.08244241945899 228.23448374829596 -1 0 0
60.6661404893449 227.39757480088974 -1 0 0
79.91504627968718 229.3503623448375 -1 0 0
85.77340891153047 228.79242304656674 -1 0 0
73.77771399870846 239.95120901198248 -1 0 0
53.13395996268924 246.9254502403674 -1 0 0
96.65322522781086 228.23448374829596 -1 0 0
106.69613259668508 236.60357322235777 -1 0 0
116.18110066728852 239.11430006457633 -1 0 0
118.97079715864248 246.9254502403674 -1 0 0
125.94503838702735 262.8267202410849 -1 0 0
134.5930975102246 247.4833895386382 -1 0 0
144.91497452823418 272.8696276099591 -1 0 0
163.32697137117026 256.9683576092416 -1 0 0
158.86345698500395 244.97266269641963 -1 0 0
147.42570137045277 238.55636076630552 -1 0 0
151.0523068092129 231.86108918705608 -1 0 0
148.2626103178589 223.2130300638588 -1 0 0
161.37418382722248 222.65509076558803 -1 0 0
169.74327330128435 229.6293319939729 -1 0 0
169.18533400301354 239.95120901198248 -1 0 0
180.90205926670018 235.7666642749516 -1 0 0
196.5243596182823 252.2258735739399 -1 0 0
198.75611681136544 241.34605725765948 -1 0 0
223.0264762861448 256.1314486618354 -1 0 0
270.9621869842865 266.4533256798451 -1 0 0
287.7003659324102 254.17866111788766 -1 0 0
307.50721102102324 242.74090550333645 -1 0 0
290.76903207289956 240.50914831025332 -1 0 0
268.45146014206796 239.39326971371173 -1 0 0
251.1553418956735 249.15720743345054 -1 0 0
235.53304154409136 249.71514673172138 -1 0 0
240.27552557939308 232.97696778359764 -1 0 0
234.97510224582055 233.25593743273302 -1 0 0
227.4429217191649 234.09284638013924 -1 0 0
219.35280189423844 234.65078567841 -1 0 0
209.30989452536423 240.50914831025332 -1 0 0
201.21977470043777 234.92975532754542 -1 0 0
196.19832101600065 228.79242304656674 -1 0 0
206.52019803401026 224.3289086604004 -1 0 0
197.31419961254224 219.5864246250987 -1 0 0
202.05668364784398 214.84394058979697 -1 0 0
178.06529382219998 224.049939011265 -1 0 0
183.36571715577247 227.11860515175437 -1 0 0
187.27129224366803 227.11860515175437 -1 0 0
187.8292315419388 218.4705460285571 -1 0 0
193.96656382291752 221.26024251991106 -1 0 0
182.24983855923088 215.40187988806778 -1 0 0
177.78632417306457 217.6336370811509 -1 0 0
169.13826504986733 214.56497094066157 -1 0 0
152.67905575087903 212.61218339671382 -1 0 0
140.68336083805707 213.44909234412 -1 0 0
217.12104470115526 224.60787830953578 -1 0 0
231.6274664561958 213.7280619932554 -1 0 0
229.11673961397727 215.40187988806778 -1 0 0
226.60601277175869 223.2130300638588 -1 0 0
219.07383224510306 212.61218339671382 -1 0 0
214.61031785893672 216.51775848460932 -1 0 0
239.43861663198686 212.3332137475784 -1 0 0
239.15964698285148 218.1915763794217 -1 0 0
246.13388821123635 219.30745497596328 -1 0 0
250.3184329482673 218.7495156776925 -1 0 0
254.22400803616281 215.68084953720316 -1 0 0
259.24546172059996 213.44909234412 -1 0 0
254.5029776852982 222.37612111645265 -1 0 0
248.64461505345497 230.7452105905145 -1 0 0
256.45576522924597 237.99842146803473 -1 0 0
266.2197029489848 225.23556002009042 -1 0 0
281.28406400229613 230.5359833536629 -1 0 0
291.8849106694411 225.6540144937935 -1 0 0
279.61024610748376 221.748439405898 -1 0 0
279.3312764583484 211.4265623878884 -1 0 0
273.89136830020817 217.28492501973167 -1 0 0
268.86991461577105 219.0982277391117 -1 0 0
266.08021812441706 213.7978044055392 -1 0 0
270.4042476860157 210.03171414221143 -1 0 0
291.8849106694411 233.74413431871997 -1 0 0
298.99863672239366 226.9093779149028 -1 0 0
293.0007892659827 221.1905001076272 -1 0 0
290.76903207289956 216.02956159862242 -1 0 0
300.254000143503 216.44801607232546 -1 0 0
304.5780297051016 221.0510152830595 -1 0 0
311.13381645978336 221.32998493219492 -1 0 0
377.7134246968501 272.1722034871207 -1 0 0
399.4730573294109 283.8889287508072 -1 0 0
450.2455334720528 274.96189997847466 -1 0 0
488.1854057544665 286.6786252421612 -1 0 0
420.6747506637009 254.31814594245537 -1 0 0
551.2325464590658 275.5198392767454 -1 0 0
512.7347348783812 275.5198392767454 -1 0 0
495.4386166319868 251.5284494511014 -1 0 0
411.74772189136826 268.2666283992251 -1 0 0
384.40869627609953 235.90614909951935 -1 0 0
331.96240223864527 249.2966922580183 -1 0 0
321.3615555715003 236.46408839779014 -1 0 0
352.0482169763937 242.60142067876882 -1 0 0
337.68128004592086 232.34928607304303 -1 0 0
324.9881610102604 230.39649852909528 -1 0 0
311.31864820262604 230.39649852909528 -1 0 0
356.79070101169543 233.04671019588153 -1 0 0
361.25421539786174 228.58319580971525 -1 0 0
353.30358039750297 228.02525651144447 -1 0 0
352.32718662552907 222.16689387960116 -1 0 0
343.2606730286288 222.02740905503344 -1 0 0
343.6791275023318 230.81495300279838 -1 0 0
335.8679773265408 224.3986510726843 -1 0 0
320.106192150391 196.7806558082802 -1 0 0
330.4280691684006 196.6411709837125 -1 0 0
341.7263399583841 198.4544737030926 -1 0 0
354.8379134677477 198.59395852766028 -1 0 0
363.6254574155125 198.4544737030926 -1 0 0
367.53103250340814 222.44586352873654 -1 0 0
351.3507928535552 257.0381000215255 -1 0 0
474.2369232976969 240.78811795938876 -1 0 0
466.14680347277044 236.60357322235785 -1 0 0
451.36141206859446 240.78811795938876 -1 0 0
439.9236564540432 241.06708760852413 -1 0 0
417.8850541723471 233.8138767310039 -1 0 0
403.3786324173065 253.34175217048153 -1 0 0
432.3914759273876 236.60357322235785 -1 0 0
427.64899189208586 227.9555140991606 -1 0 0
483.16395207002944 229.90830164310836 -1 0 0
461.264834612901 230.67546817823072 -1 0 0
464.19401592882264 221.19050010762726 -1 0 0
453.4536844371099 221.4694697567627 -1 0 0
493.485829088039 228.51345339743133 -1 0 0
486.79055750878956 219.02848532682793 -1 0 0
478.97940733299845 202.848245676975 -1 0 0
465.0309248762287 203.12721532611042 -1 0 0
507.1553418956733 205.91691181746432 -1 0 0
536.7261247040252 217.91260673028634 -1 0 0
541.7475783884623 220.70230322164028 -1 0 0
552.0694554064719 219.02848532682793 -1 0 0
555.4170911960966 220.1443639233695 -1 0 0
563.5072110210232 221.81818181818187 -1 0 0
533.3784889144005 221.81818181818187 -1 0 0
520.8248547033077 220.70230322164028 -1 0 0
511.3398866327043 221.53921216904646 -1 0 0
502.13388821123624 221.81818181818187 -1 0 0
504.9235847025901 227.67654445002518 -1 0 0
516.3613403171414 229.90830164310833 -1 0 0
528.0780655808279 232.4190284853269 -1 0 0
539.5158211953792 232.6979981344623 -1 0 0
547.0480017220349 231.3031498887853 -1 0 0
525.5673387386095 246.08854129296125 -1 0 0
575.5029059338451 236.32460357322242 -1 0 0
592.5200545311042 252.2258735739399 -1 0 0
644.4084092702877 269.243022171199 -1 0 0
652.2195594460787 250.55205567912756 -1 0 0
682.6272512018368 255.57350936356463 -1 0 0
703.5499748869913 250.27308602999213 -1 0 0
713.5928822558657 274.5434455047715 -1 0 0
709.6873071679702 238.83533041544095 -1 0 0
691.2753103250341 235.4876946258162 -1 0 0
575.7818755829805 217.91260673028634 -1 0 0
571.5973308459496 215.12291023893238 -1 0 0
640.7818038315276 233.4651646695846 -1 0 0
633.1101384803042 241.27631484537565 -1 0 0
772.4396929037813 229.86137619286805 -1 0 0
763.5359116022099 236.78653942742355 -1 0 0
738.8031857645117 249.31778718519064 -1 0 0
727.2612470402526 239.0949271722754 -1 0 0
734.186410274808 229.86137619286805 -1 0 0
734.186410274808 222.60644328047658 -1 0 0
751.0046638444428 237.11630910525952 -1 0 0
747.706967066083 232.16976393771984 -1 0 0
701.8689818468823 226.89344909234424 -1 0 0
679.4446437540361 233.81861232689974 -1 0 0
593.0449881610102 217.65989811293693 -1 0 0
598.6510726842218 217.65989811293693 -1 0 0
603.5976178517615 217.9896677907729 -1 0 0
631.9578101456555 218.9789768242808 -1 0 0
635.2555069240152 219.96828585778877 -1 0 0
641.5211308028987 219.96828585778877 -1 0 0
644.8188275812585 218.9789768242808 -1 0 0
654.0523785606658 220.29805553562474 -1 0 0
660.9775417952213 235.13769103824367 -1 0 0
677.1362560091841 227.5529884480162 -1 0 0
661.9668508287292 227.5529884480162 -1 0 0
676.1469469756762 239.75446652794733 -1 0 0
803.108272942527 271.412355600201 -1 0 0
811.3525148884265 255.91318074191014 -1 0 0
807.0655090765589 243.71170266197902 -1 0 0
792.2258735739398 248.6582478295187 -1 0 0
775.077850326469 252.28571428571442 -1 0 0
785.3007103393844 241.40331491712723 -1 0 0
809.7036664992467 234.47815168257173 -1 0 0
843.2196311975317 243.8567840998781 -1 0 0
830.665996986439 239.39326971371176 -1 0 0
820.3441199684293 243.5778144507427 -1 0 0
864.7002941809571 247.7623591877736 -1 0 0
855.7732654086245 240.78811795938876 -1 0 0
860.5157494439263 229.90830164310836 -1 0 0
839.5930257587717 232.97696778359767 -1 0 0
820.6230896175647 232.6979981344623 -1 0 0
800.5372748798163 223.21303006385884 -1 0 0
842.9406615483963 217.35466743201556 -1 0 0
887.8547750591949 248.04132883690903 -1 0 0
915.1938006744637 246.64648059123206 -1 0 0
778.2197029489847 231.8610891870561 -1 0 0
776.9643395278755 192.735595895817 -1 0 0
782.4042476860157 191.6197172992754 -1 0 0
788.1231254932914 192.59611107124928 -1 0 0
799.2819114587072 196.36220133457712 -1 0 0
812.254000143503 179.62402238645342 -1 0 0
778.3591877735524 198.4544737030926 -1 0 0
788.1231254932914 199.98880677333725 -1 0 0
796.3527301427855 202.91798808925887 -1 0 0
802.9085168974673 206.96304800172211 -1 0 0
807.5115161082012 209.61325966850836 -1 0 0
789.2390040898329 212.12398651072692 -1 0 0
781.8463083877449 209.8922293176438 -1 0 0
816.1595752313985 210.17119896677917 -1 0 0
814.7647269857215 203.8943818612328 -1 0 0
811.277606371529 198.59395852766028 -1 0 0
805.4192437396858 198.0360192293895 -1 0 0
820.2046351438618 193.29353519408778 -1 0 0
823.6917557580541 197.61756475568637 -1 0 0
827.039391547679 191.34074765014 -1 0 0
833.5951783023608 203.4759273875297 -1 0 0
837.0822989165531 192.31714142211388 -1 0 0
845.1724187414795 193.29353519408778 -1 0 0
841.4063284781517 203.0574729138266 -1 0 0
830.5265121618713 210.86862308961767 -1 0 0
822.1574226878095 208.21841142283137 -1 0 0
848.9385090048073 204.5918059840713 -1 0 0
850.7518117241874 219.935136686518 -1 0 0
824.9471191791633 227.18834756403825 -1 0 0
819.0887565473201 226.35143861663207 -1 0 0
811.4170911960967 226.76989309033516 -1 0 0
853.7734089115305 193.36327760637158 -1 0 0
861.0266197890506 193.64224725550702 -1 0 0
869.1167396139771 191.68945971155927 -1 0 0
875.5330415440914 191.9684293606946 -1 0 0
887.5287364569132 193.36327760637158 -1 0 0
851.8206213675827 214.00703164239084 -1 0 0
860.46868049078 210.38042620363072 -1 0 0
869.9536485613834 211.21733515103688 -1 0 0
859.9107411925091 222.93406041472346 -1 0 0
879.4386166319866 221.53921216904646 -1 0 0
888.086675755184 216.5177584846094 -1 0 0
903.708976106766 215.68084953720322 -1 0 0
947.7861806701586 239.67223936284714 -1 0 0
939.4170911960967 237.440482169764 -1 0 0
926.5844873358686 233.8138767310039 -1 0 0
920.7261247040252 229.90830164310836 -1 0 0
1018.3655019014135 254.17866111788774 -1 0 0
1001.9062926024251 244.41472339814888 -1 0 0
1013.0650785678409 233.2559374327331 -1 0 0
1005.5328980411851 232.6979981344623 -1 0 0
989.3526583913324 234.65078567841007 -1 0 0
974.288297338021 250.83102532826297 -1 0 0
967.3140561096362 233.2559374327331 -1 0 0
958.665996986439 238.5563607663056 -1 0 0
958.9449666355742 231.5821195379207 -1 0 0
958.9449666355742 220.9812728707757 -1 0 0
964.2453899691468 215.9598191863386 -1 0 0
976.5200545311042 209.26454760708913 -1 0 0
898.687522422329 178.29891655306025 -1 0 0
905.6617636507139 177.74097725478947 -1 0 0
915.1467317213173 174.39334146516475 -1 0 0
944.4385448805338 179.69376479873725 -1 0 0
954.2024826002727 184.99418813230974 -1 0 0
963.687450670876 177.74097725478947 -1 0 0
996.0479299705819 193.36327760637158 -1 0 0
987.67884049652 191.41049006242383 -1 0 0
977.6359331276458 192.52636865896542 -1 0 0
970.3827222501255 197.82679199253792 -1 0 0
988.5157494439262 203.4061849752458 -1 0 0
999.674535409342 206.19588146659976 -1 0 0
1010.8333213747578 210.1014565544953 -1 0 0
1003.3011408481021 217.07569778288018 -1 0 0
996.6058692688526 221.53921216904646 -1 0 0
987.67884049652 222.37612111645268 -1 0 0
880.8334648776638 213.17012269498466 -1 0 0
912.3570352299633 217.63363708115097 -1 0 0
920.1681854057545 204.52206357178738 -1 0 0
932.1638803185764 196.71091339599633 -1 0 0
947.2282413718877 200.61648848389189 -1 0 0
946.9492717227523 207.31176006314135 -1 0 0
899.5244313697352 209.5435172562245 -1 0 0
902.3141278610892 201.17442778216267 -1 0 0
893.3870990887565 194.75812585204858 -1 0 0
873.3012843510081 202.29030637870426 -1 0 0
861.8635287364569 202.56927602783963 -1 0 0
878.6017076845806 200.61648848389189 -1 0 0
929.3741838272224 216.5177584846094 -1 0 0
920.1681854057545 215.9598191863386 -1 0 0
965.3612685656883 224.32890866040043 -1 0 0
972.6144794432087 227.3975748008898 -1 0 0
1019.2024108488196 222.37612111645268 -1 0 0
901.4772189136829 244.41472339814888 -1 0 0
897.5716438257874 232.6979981344623 -1 0 0
831.4558369806988 214.56497094066162 -1 0 0
828.9451101384802 214.56497094066162 -1 0 0
820.0180813661477 215.68084953720322 -1 0 0
956.4342397933558 217.63363708115097 -1 0 0
941.090909090909 210.1014565544953 -1 0 0
940.5329697926383 196.43194374686092 -1 0 0
936.6273947047428 191.9684293606946 -1 0 0
907.3355815455263 190.57358111501767 -1 0 0
888.086675755184 200.33751883475648 -1 0 0
951.1338164597832 227.9555140991606 -1 0 0
942.7647269857214 228.79242304656677 -1 0 0
932.7218196168473 228.23448374829596 -1 0 0
926.3055176867332 227.67654445002518 -1 0 0
980.4256296189997 225.72375690607743 -1 0 0
327.5803975030493 224.2552916696565 -1 0 0
398.8106479156202 217.98966779077293 -1 0 0
397.16179952644023 227.22321877018027 -1 0 0
399.47018727129216 233.15907297122783 -1 0 0
407.05488986151954 225.9041400588364 -1 0 0
409.36327760637135 216.670589079429 -1 0 0
387.928248547033 220.29805553562477 -1 0 0
392.5450240367366 214.3622013345772 -1 0 0
435.7448518332496 223.26598263614855 -1 0 0
443.6593241013129 227.22321877018027 -1 0 0
445.6379421683287 220.29805553562477 -1 0 0
445.6379421683287 232.82930329339186 -1 0 0
473.6683647843868 227.8827581258522 -1 0 0
478.9446796297624 226.56367941450833 -1 0 0
453.8821841142282 201.8309535768101 -1 0 0
490.48661835402163 155.58075626031422 -1 0 0
473.50347994546894 162.17614981703375 -1 0 0
467.7325105833393 154.92121690464225 -1 0 0
402.93276888856997 202.4080505130228 -1 0 0
443.1646695845591 155.25098658247822 -1 0 0
664.3446277479426 220.08718353469752 -1 0 0
667.4135588168737 220.59867204618595 -1 0 0
670.9939783972933 220.59867204618595 -1 0 0
679.689283092598 218.0412294887435 -1 0 0
676.6203520236669 220.59867204618595 -1 0 0
683.781191184506 225.2020686495826 -1 0 0
689.4075648108796 218.55271800023195 -1 0 0
711.9130593163742 223.6676031151171 -1 0 0
718.0509214542363 226.22504567255965 -1 0 0
779.4295428328577 219.575695023209 -1 0 0
904.744228147543 223.15611460362857 -1 0 0
905.76720517052 235.94332739084135 -1 0 0
974.8181542214691 202.1850856325996 -1 0 0
955.893079296394 199.11615456366854 -1 0 0
962.5424299457449 196.04722349473744 -1 0 0
955.893079296394 210.36890181641579 -1 0 0
959.4734988768137 209.34592479343877 -1 0 0
955.3815907849057 204.23103967855366 -1 0 0
983.5134589167736 206.78848223599618 -1 0 0
897.0719004752153 199.11615456366854 -1 0 0
920.0888834921984 195.53573498324897 -1 0 0
519.3376347409495 580.686584134098 -1 0 0
