220.6930379746835 299.6289556962025 -1 0 0
260.49525316455697 314.3251582278481 -1 0 0
326.0158227848101 303.9153481012658 -1 0 0
348.0601265822784 313.1004746835443 -1 0 0
24.743670886075932 207.7776898734177 -1 0 0
40.05221518987341 214.51344936708864 -1 0 0
29.642405063291136 218.7998417721519 -1 0 0
13.721518987341767 234.10838607594937 -1 0 0
33.92879746835442 235.94541139240502 -1 0 0
288.0506329113923 256.15268987341767 -1 0 0
318.6677215189872 254.315664556962 -1 0 0
335.2009493670886 239.00712025316454 -1 0 0
338.875 225.53560126582278 -1 0 0
326.628164556962 225.53560126582278 -1 0 0
314.99367088607585 221.86155063291136 -1 0 0
297.2357594936708 228.5973101265823 -1 0 0
599.7325949367088 61.428006329113934 -1 0 0
78.62974683544303 280.03401898734177 -1 0 0
100.67405063291137 243.29351265822785 -1 0 0
76.79272151898732 244.51819620253167 -1 0 0
84.75316455696199 224.92325949367088 -1 0 0
95.16297468354426 223.08623417721518 -1 0 0
56.58544303797467 230.434335443038 -1 0 0
211.50791139240502 270.23655063291136 -1 0 0
187.62658227848098 258.6020569620253 -1 0 0
166.19462025316452 250.64161392405063 -1 0 0
112.30854430379745 299.6289556962025 -1 0 0
102.51107594936704 327.79667721518985 -1 0 0
63.933544303797454 348.6162974683544 -1 0 0
54.13607594936707 314.9375 -1 0 0
109.85917721518989 370.6606012658228 -1 0 0
183.3401898734177 366.98655063291136 -1 0 0
373.7784810126582 343.1052215189873 -1 0 0
420.92879746835433 317.3868670886076 -1 0 0
382.35126582278474 263.5007911392405 -1 0 0
423.9905063291138 245.74287974683543 -1 0 0
450.32120253164544 244.51819620253167 -1 0 0
478.4889240506329 240.23180379746833 -1 0 0
506.0443037974683 254.315664556962 -1 0 0
486.44936708860746 275.7476265822785 -1 0 0
438.6867088607594 300.24129746835445 -1 0 0
491.3481012658227 360.2507911392405 -1 0 0
518.2911392405063 332.69541139240505 -1 0 0
548.2958860759493 267.17484177215186 -1 0 0
239.06329113924048 164.91376582278482 -1 0 0
218.85601265822777 155.11629746835445 -1 0 0
283.7642405063291 166.7507911392405 -1 0 0
258.6582278481012 167.3631329113924 -1 0 0
297.8481012658227 163.07674050632912 -1 0 0
324.79113924050625 167.3631329113924 -1 0 0
332.1392405063291 163.689082278481 -1 0 0
348.6724683544303 215.7381329113924 -1 0 0
344.38607594936695 204.10363924050634 -1 0 0
310.7072784810126 208.39003164556962 -1 0 0
326.0158227848101 204.10363924050634 -1 0 0
294.1740506329113 207.16534810126586 -1 0 0
261.7199367088607 231.65901898734177 -1 0 0
281.3148734177215 234.72072784810126 -1 0 0
253.1471518987341 212.064082278481 -1 0 0
237.2262658227848 207.16534810126586 -1 0 0
213.9572784810126 223.08623417721518 -1 0 0
238.45094936708855 227.37262658227849 -1 0 0
239.67563291139234 241.45648734177215 -1 0 0
229.26582278481007 238.39477848101265 -1 0 0
212.7325949367088 244.51819620253167 -1 0 0
168.03164556962022 224.92325949367088 -1 0 0
166.80696202531644 214.51344936708864 -1 0 0
155.17246835443032 216.3504746835443 -1 0 0
144.76265822784805 203.49129746835445 -1 0 0
127.61708860759492 200.42958860759492 -1 0 0
129.45411392405063 220.02452531645565 -1 0 0
129.45411392405063 235.94541139240502 -1 0 0
143.53797468354426 238.39477848101265 -1 0 0
146.59968354430376 223.08623417721518 -1 0 0
113.53322784810123 227.37262658227849 -1 0 0
63.321202531645554 218.7998417721519 -1 0 0
48.62499999999997 215.7381329113924 -1 0 0
16.783227848101262 218.7998417721519 -1 0 0
13.721518987341767 211.45174050632912 -1 0 0
17.395569620253156 205.940664556962 -1 0 0
43.7262658227848 200.42958860759492 -1 0 0
51.68670886075947 201.65427215189874 -1 0 0
77.40506329113921 205.940664556962 -1 0 0
68.83227848101265 199.81724683544303 -1 0 0
491.3481012658227 228.5973101265823 -1 0 0
493.1851265822784 218.7998417721519 -1 0 0
506.6566455696202 228.5973101265823 -1 0 0
525.0268987341772 220.02452531645565 -1 0 0
532.9873417721518 214.51344936708864 -1 0 0
566.6661392405063 210.22705696202533 -1 0 0
559.9303797468353 227.37262658227849 -1 0 0
572.7895569620252 235.94541139240502 -1 0 0
557.4810126582278 244.51819620253167 -1 0 0
545.2341772151898 250.02927215189874 -1 0 0
571.5648734177214 335.1447784810126 -1 0 0
509.7183544303797 208.39003164556962 -1 0 0
515.2294303797468 200.42958860759492 -1 0 0
520.7405063291138 197.36787974683546 -1 0 0
533.5996835443037 193.08148734177215 -1 0 0
544.009493670886 186.34572784810126 -1 0 0
545.8465189873417 173.4865506329114 -1 0 0
408.68196202531635 212.67642405063287 -1 0 0
385.41297468354423 208.39003164556962 -1 0 0
363.36867088607585 210.22705696202533 -1 0 0
360.30696202531635 201.65427215189874 -1 0 0
401.33386075949363 201.65427215189874 -1 0 0
412.3560126582278 205.940664556962 -1 0 0
430.72626582278474 217.5751582278481 -1 0 0
422.1534810126582 204.10363924050634 -1 0 0
435.6249999999999 201.65427215189874 -1 0 0
93.81435607792461 208.28898088678733 -1 0 0
48.85118691605565 223.09223965700266 -1 0 0
19.383017588430768 243.1527305138365 -1 0 0
31.41931210253108 201.9249630977228 -1 0 0
34.46297278425759 207.73558803556432 -1 0 0
49.12788334166716 206.90549875872983 -1 0 0
94.50609714195336 200.12643633124804 -1 0 0
105.71230237921917 207.32054339714708 -1 0 0
117.05685582929074 200.40313275685955 -1 0 0
116.22676655245623 195.83764173426977 -1 0 0
28.51399963361031 195.69929352146403 -1 0 0
72.21513766029977 192.72480694614038 -1 0 0
105.97210158490296 193.8315926485864 -1 0 0
205.0294219538204 208.77319963160747 -1 0 0
186.76745786346132 208.77319963160747 -1 0 0
178.46656509511624 197.15194975592442 -1 0 0
196.17513633425236 196.0451640534784 -1 0 0
253.1746000102216 199.9189140120394 -1 0 0
260.92209992734365 201.02569971448543 -1 0 0
265.3492427371276 198.2587354583704 -1 0 0
270.32977839813464 193.8315926485864 -1 0 0
283.61120682748674 197.7053426071474 -1 0 0
303.53334947151484 207.66641392916145 -1 0 0
315.15459934719786 196.0451640534784 -1 0 0
322.9020992643199 192.1714140949174 -1 0 0
336.183527693672 202.13248541693144 -1 0 0
385.9888843037422 199.9189140120394 -1 0 0
363.29977740359914 189.9578426900254 -1 0 0
369.94049161827513 181.10355707045733 -1 0 0
390.96941996474925 182.76373562412635 -1 0 0
452.3960264505025 197.7053426071474 -1 0 0
444.6485265333805 198.2587354583704 -1 0 0
460.6969192188476 209.32659248283048 -1 0 0
483.3860261189907 206.55962822671546 -1 0 0
512.1624543825868 191.6180212436944 -1 0 0
493.9004902922277 192.1714140949174 -1 0 0
481.17245471409865 174.4628428557813 -1 0 0
439.6679908723735 178.3365928143423 -1 0 0
430.2603124015824 191.6180212436944 -1 0 0
466.78424058230064 193.8315926485864 -1 0 0
161.31138670720318 198.2587354583704 -1 0 0
124.23406567526203 193.8315926485864 -1 0 0
31.817459521020595 256.9183776880087 -1 0 0
15.76906683555353 286.2481988028278 -1 0 0
41.225137991811636 295.65587727361884 -1 0 0
160.75799385598017 295.65587727361884 -1 0 0
152.45710108763515 279.6074845881518 -1 0 0
8.574959769654498 251.38444917577866 -1 0 0
3.594424108647473 217.62748525117547 -1 0 0
195.06835063180634 234.78266363908858 -1 0 0
410.3381697575544 192.1714140949174 -1 0 0
211.11674331727343 184.42391417779535 -1 0 0
273.6501355054727 186.08409273146435 -1 0 0
464.5706691774086 176.6764142606733 -1 0 0
467.89102628474666 184.97730702901836 -1 0 0
515.4828114899249 172.8026643021123 -1 0 0
522.6769185558238 173.35605715333529 -1 0 0
506.0751330191338 173.35605715333529 -1 0 0
481.7258475653217 184.97730702901836 -1 0 0
48.30219780219784 196.3176823176823 -1 0 0
37.29320679320683 196.3176823176823 -1 0 0
16.434065934065956 195.7382617382617 -1 0 0
6.583916083916109 198.05594405594405 -1 0 0
10.060439560439592 206.16783216783216 -1 0 0
88.86163836163841 193.4205794205794 -1 0 0
93.49700299700304 191.68231768231766 -1 0 0
101.60889110889114 191.68231768231766 -1 0 0
124.78571428571435 189.36463536463535 -1 0 0
131.1593406593407 188.78521478521478 -1 0 0
136.95354645354652 189.36463536463535 -1 0 0
134.63586413586418 199.2147852147852 -1 0 0
142.7477522477523 210.80319680319684 -1 0 0
169.40109890109895 206.74725274725276 -1 0 0
164.76573426573435 191.1028971028971 -1 0 0
169.98051948051952 191.68231768231766 -1 0 0
184.46603396603402 188.78521478521478 -1 0 0
191.99850149850155 188.78521478521478 -1 0 0
189.10139860139864 196.89710289710288 -1 0 0
189.10139860139864 202.11188811188808 -1 0 0
205.3251748251749 199.2147852147852 -1 0 0
211.69880119880125 198.05594405594405 -1 0 0
199.5309690309691 189.94405594405592 -1 0 0
218.07242757242764 189.94405594405592 -1 0 0
226.18431568431575 202.69130869130865 -1 0 0
324.1063936063937 381.1528471528472 -1 0 0
473.59690309690325 219.4945054945055 -1 0 0
481.70879120879135 214.2797202797203 -1 0 0
490.40009990010003 207.9060939060939 -1 0 0
467.8026973026974 202.69130869130865 -1 0 0
479.9705294705296 188.78521478521478 -1 0 0
459.11138861138875 188.20579420579418 -1 0 0
457.9525474525476 180.67332667332667 -1 0 0
452.1583416583418 186.46753246753246 -1 0 0
445.2052947052948 187.6263736263736 -1 0 0
375.67482517482534 194.57942057942057 -1 0 0
381.4690309690311 193.4205794205794 -1 0 0
377.413086913087 185.88811188811187 -1 0 0
374.51598401598415 188.20579420579418 -1 0 0
346.7037962037963 197.47652347652345 -1 0 0
336.2742257742259 195.7382617382617 -1 0 0
333.377122877123 189.36463536463535 -1 0 0
340.33016983016995 188.20579420579418 -1 0 0
351.91858141858154 188.20579420579418 -1 0 0
303.8266733266734 186.46753246753246 -1 0 0
306.7237762237763 191.1028971028971 -1 0 0
302.0884115884117 194.57942057942057 -1 0 0
292.2382617382618 195.15884115884114 -1 0 0
291.0794205794207 187.04695304695304 -1 0 0
247.04345654345659 187.6263736263736 -1 0 0
252.25824175824184 188.78521478521478 -1 0 0
233.71678321678328 192.26173826173826 -1 0 0
223.28721278721284 189.94405594405592 -1 0 0
263.84665334665345 189.36463536463535 -1 0 0
489.2412587412589 174.29970029970028 -1 0 0
494.456043956044 177.1968031968032 -1 0 0
486.9235764235765 181.25274725274724 -1 0 0
497.93256743256757 181.8321678321678 -1 0 0
491.5589410589411 183.57042957042955 -1 0 0
488.6618381618383 188.20579420579418 -1 0 0
446.3641358641359 179.5144855144855 -1 0 0
419.1313686313688 185.3086913086913 -1 0 0
558.7717282717284 185.88811188811187 -1 0 0
551.8186813186816 183.57042957042955 -1 0 0
557.0334665334666 179.5144855144855 -1 0 0
563.9865134865137 179.5144855144855 -1 0 0
569.7807192807194 181.25274725274724 -1 0 0
576.1543456543458 175.45854145854145 -1 0 0
568.6218781218782 173.7202797202797 -1 0 0
539.6508491508492 177.77622377622376 -1 0 0
535.5949050949054 180.09390609390607 -1 0 0
524.5859140859142 179.5144855144855 -1 0 0
532.1183816183817 175.45854145854145 -1 0 0
519.3711288711291 184.72927072927072 -1 0 0
510.67982017982024 181.8321678321678 -1 0 0
496.7737262737264 159.2347652347652 -1 0 0
510.1003996003997 158.07592407592406 -1 0 0
430.7197802197803 182.99100899100898 -1 0 0
409.8606393606394 182.99100899100898 -1 0 0
415.65484515484525 180.67332667332667 -1 0 0
551.8186813186816 199.79420579420577 -1 0 0
552.398101898102 210.22377622377618 -1 0 0
559.9305694305696 202.11188811188808 -1 0 0
564.5659340659341 191.68231768231766 -1 0 0
568.6218781218782 195.15884115884114 -1 0 0
576.1543456543458 200.3736263736264 -1 0 0
