44.44444444444444 360.0277777777778 -1 0 0
50.65555555555554 328.97222222222223 -1 0 0
11.0 325.6277777777778 -1 0 0
52.08888888888887 269.7277777777778 -1 0 0
142.38888888888883 358.1166666666667 -1 0 0
132.35555555555553 333.75 -1 0 0
172.96666666666658 359.55 -1 0 0
209.7555555555555 360.5055555555556 -1 0 0
204.49999999999994 341.39444444444445 -1 0 0
236.98888888888885 362.4166666666667 -1 0 0
226.47777777777773 333.27222222222224 -1 0 0
255.62222222222218 378.66111111111115 -1 0 0
306.26666666666665 377.7055555555556 -1 0 0
396.5666666666666 377.7055555555556 -1 0 0
378.8888888888888 383.4388888888889 -1 0 0
367.90000000000003 362.89444444444445 -1 0 0
407.55555555555554 357.6388888888889 -1 0 0
440.9999999999999 341.87222222222226 -1 0 0
474.44444444444434 374.8388888888889 -1 0 0
484.9555555555555 378.18333333333334 -1 0 0
505.0222222222221 348.08333333333337 -1 0 0
521.2666666666665 329.45000000000005 -1 0 0
505.0222222222221 322.28333333333336 -1 0 0
522.6999999999999 307.95000000000005 -1 0 0
515.0555555555554 297.4388888888889 -1 0 0
490.68888888888887 291.7055555555556 -1 0 0
462.0222222222221 304.1277777777778 -1 0 0
420.4555555555555 289.3166666666667 -1 0 0
406.12222222222215 304.1277777777778 -1 0 0
404.2111111111111 333.27222222222224 -1 0 0
374.58888888888885 321.3277777777778 -1 0 0
355.47777777777776 304.1277777777778 -1 0 0
331.58888888888885 301.2611111111112 -1 0 0
315.82222222222225 306.0388888888889 -1 0 0
284.2888888888888 307.95000000000005 -1 0 0
271.86666666666656 318.9388888888889 -1 0 0
258.9666666666666 286.9277777777778 -1 0 0
194.4666666666666 314.6388888888889 -1 0 0
199.24444444444438 294.09444444444443 -1 0 0
175.35555555555553 287.40555555555557 -1 0 0
186.3444444444444 274.98333333333335 -1 0 0
147.64444444444442 261.6055555555556 -1 0 0
146.68888888888884 237.7166666666667 -1 0 0
102.73333333333329 225.7722222222223 -1 0 0
18.644444444444446 227.68333333333337 -1 0 0
5.2666666666666515 210.96111111111117 -1 0 0
32.49999999999997 186.11666666666673 -1 0 0
40.14444444444442 166.05000000000007 -1 0 0
28.677777777777777 153.62777777777785 -1 0 0
11.0 164.13888888888894 -1 0 0
17.68888888888887 147.8944444444445 -1 0 0
3.3555555555555543 149.32777777777784 -1 0 0
30.111111111111086 117.31666666666672 -1 0 0
45.877777777777766 125.91666666666676 -1 0 0
53.04444444444442 124.48333333333342 -1 0 0
63.55555555555554 160.7944444444445 -1 0 0
77.88888888888886 240.1055555555556 -1 0 0
86.01111111111109 175.12777777777785 -1 0 0
96.52222222222218 171.3055555555556 -1 0 0
6.2222222222222 106.32777777777785 -1 0 0
16.25555555555553 100.11666666666673 -1 0 0
35.366666666666646 103.46111111111115 -1 0 0
59.73333333333332 109.19444444444451 -1 0 0
52.566666666666634 91.51666666666677 -1 0 0
28.677777777777777 66.67222222222227 -1 0 0
96.04444444444442 88.17222222222227 -1 0 0
84.09999999999997 85.3055555555556 -1 0 0
71.19999999999999 70.49444444444453 -1 0 0
61.16666666666666 72.40555555555562 -1 0 0
104.64444444444442 76.70555555555563 -1 0 0
114.19999999999996 68.10555555555561 -1 0 0
132.8333333333333 67.62777777777785 -1 0 0
132.8333333333333 89.12777777777785 -1 0 0
110.37777777777775 91.51666666666677 -1 0 0
115.15555555555554 99.63888888888897 -1 0 0
112.76666666666661 117.31666666666672 -1 0 0
75.49999999999997 112.06111111111119 -1 0 0
79.3222222222222 119.70555555555563 -1 0 0
80.27777777777774 133.0833333333334 -1 0 0
88.39999999999998 144.07222222222228 -1 0 0
104.16666666666663 131.65000000000006 -1 0 0
116.11111111111109 135.47222222222229 -1 0 0
127.57777777777775 115.88333333333338 -1 0 0
158.15555555555554 91.03888888888895 -1 0 0
157.19999999999996 73.3611111111112 -1 0 0
171.05555555555551 74.79444444444454 -1 0 0
184.43333333333334 76.70555555555563 -1 0 0
143.82222222222217 128.78333333333342 -1 0 0
124.23333333333329 151.71666666666673 -1 0 0
140.95555555555555 162.7055555555556 -1 0 0
136.17777777777772 148.85000000000008 -1 0 0
132.35555555555553 186.11666666666673 -1 0 0
151.4666666666666 177.03888888888895 -1 0 0
166.27777777777774 161.2722222222223 -1 0 0
180.61111111111106 115.40555555555564 -1 0 0
179.65555555555554 97.72777777777787 -1 0 0
192.07777777777775 102.9833333333334 -1 0 0
202.11111111111106 100.11666666666673 -1 0 0
233.64444444444442 87.69444444444451 -1 0 0
233.64444444444442 74.31666666666672 -1 0 0
249.88888888888883 78.13888888888897 -1 0 0
221.2222222222222 96.29444444444454 -1 0 0
208.32222222222217 115.40555555555564 -1 0 0
210.23333333333326 145.02777777777783 -1 0 0
206.41111111111107 150.2833333333334 -1 0 0
209.7555555555555 154.58333333333337 -1 0 0
196.3777777777777 163.1833333333334 -1 0 0
180.1333333333333 173.21666666666673 -1 0 0
183.4777777777777 190.4166666666667 -1 0 0
178.7 206.66111111111113 -1 0 0
210.71111111111108 196.1500000000001 -1 0 0
195.89999999999995 188.02777777777783 -1 0 0
206.88888888888883 223.38333333333338 -1 0 0
189.68888888888884 218.12777777777782 -1 0 0
34.4111111111111 305.08333333333337 -1 0 0
30.588888888888874 265.4277777777778 -1 0 0
235.0777777777777 181.81666666666672 -1 0 0
235.0777777777777 136.42777777777783 -1 0 0
249.41111111111107 127.35000000000008 -1 0 0
259.44444444444434 141.6833333333334 -1 0 0
276.6444444444444 111.10555555555561 -1 0 0
282.8555555555555 86.73888888888894 -1 0 0
280.4666666666666 70.49444444444453 -1 0 0
296.711111111111 88.65000000000009 -1 0 0
294.8 76.70555555555563 -1 0 0
320.12222222222215 78.13888888888897 -1 0 0
316.29999999999995 123.05000000000005 -1 0 0
280.94444444444434 138.81666666666672 -1 0 0
277.12222222222215 149.32777777777784 -1 0 0
284.2888888888888 161.2722222222223 -1 0 0
288.58888888888885 181.81666666666672 -1 0 0
295.7555555555555 197.5833333333334 -1 0 0
257.05555555555554 213.35000000000005 -1 0 0
256.57777777777767 198.53888888888895 -1 0 0
233.1666666666666 208.0944444444445 -1 0 0
261.3555555555555 251.09444444444452 -1 0 0
290.97777777777776 271.6388888888889 -1 0 0
308.65555555555545 273.07222222222225 -1 0 0
330.15555555555545 270.6833333333334 -1 0 0
510.75555555555553 276.8944444444445 -1 0 0
492.5999999999999 262.56111111111113 -1 0 0
468.23333333333323 261.12777777777785 -1 0 0
446.2555555555555 270.20555555555563 -1 0 0
437.1777777777777 243.45000000000005 -1 0 0
399.91111111111104 269.7277777777778 -1 0 0
373.6333333333332 276.8944444444445 -1 0 0
408.9888888888888 240.1055555555556 -1 0 0
376.4999999999999 226.72777777777782 -1 0 0
385.0999999999999 238.19444444444446 -1 0 0
357.3888888888888 229.5944444444445 -1 0 0
342.0999999999999 231.0277777777778 -1 0 0
319.16666666666663 226.25000000000006 -1 0 0
299.57777777777767 227.68333333333337 -1 0 0
281.9 235.3277777777778 -1 0 0
269.47777777777776 222.90555555555562 -1 0 0
313.4333333333333 192.32777777777784 -1 0 0
326.811111111111 203.31666666666672 -1 0 0
347.83333333333326 207.61666666666673 -1 0 0
376.97777777777765 202.83888888888893 -1 0 0
366.94444444444434 196.1500000000001 -1 0 0
353.5666666666666 186.5944444444445 -1 0 0
365.0333333333333 167.96111111111117 -1 0 0
378.8888888888888 174.65000000000003 -1 0 0
355.47777777777776 156.4944444444445 -1 0 0
365.51111111111106 141.6833333333334 -1 0 0
333.4999999999999 134.99444444444453 -1 0 0
327.2888888888888 121.61666666666672 -1 0 0
335.411111111111 121.13888888888897 -1 0 0
358.8222222222222 69.06111111111119 -1 0 0
363.5999999999999 69.06111111111119 -1 0 0
376.4999999999999 70.97222222222229 -1 0 0
387.4888888888889 83.3944444444445 -1 0 0
397.0444444444443 70.01666666666677 -1 0 0
416.15555555555545 91.99444444444453 -1 0 0
437.6555555555554 97.25000000000007 -1 0 0
452.94444444444434 99.63888888888897 -1 0 0
446.73333333333323 67.62777777777785 -1 0 0
469.66666666666663 92.47222222222229 -1 0 0
474.9222222222221 126.3944444444445 -1 0 0
482.08888888888885 120.66111111111115 -1 0 0
518.4 107.76111111111118 -1 0 0
516.9666666666666 123.05000000000005 -1 0 0
515.5333333333333 138.33888888888896 -1 0 0
502.6333333333332 158.88333333333338 -1 0 0
452.94444444444434 183.25000000000006 -1 0 0
427.1444444444444 191.85000000000005 -1 0 0
422.84444444444443 153.15000000000006 -1 0 0
380.3222222222222 152.1944444444445 -1 0 0
408.03333333333325 136.42777777777783 -1 0 0
396.08888888888885 126.3944444444445 -1 0 0
398.4777777777777 115.40555555555564 -1 0 0
408.9888888888888 113.97222222222227 -1 0 0
417.58888888888885 118.75000000000006 -1 0 0
408.9888888888888 199.97222222222229 -1 0 0
394.65555555555545 206.66111111111113 -1 0 0
409.4666666666666 184.6833333333334 -1 0 0
417.58888888888885 194.71666666666673 -1 0 0
396.08888888888885 222.42777777777783 -1 0 0
417.58888888888885 214.3055555555556 -1 0 0
500.7222222222221 242.4944444444445 -1 0 0
509.79999999999995 245.83888888888893 -1 0 0
487.8222222222222 231.0277777777778 -1 0 0
473.01111111111106 236.76111111111115 -1 0 0
492.12222222222215 220.03888888888895 -1 0 0
469.66666666666663 218.60555555555564 -1 0 0
501.6777777777777 203.79444444444445 -1 0 0
509.3222222222222 195.67222222222227 -1 0 0
479.2222222222222 202.3611111111112 -1 0 0
462.4999999999999 202.3611111111112 -1 0 0
478.26666666666665 191.85000000000005 -1 0 0
476.83333333333326 175.12777777777785 -1 0 0
480.65555555555545 185.16111111111115 -1 0 0
412.8055555555556 52.69722222222231 -1 0 0
432.3944444444445 54.84722222222232 -1 0 0
375.06111111111113 48.3972222222223 -1 0 0
308.41111111111115 52.45833333333343 -1 0 0
333.2555555555556 45.29166666666674 -1 0 0
527.7111111111111 40.75277777777785 -1 0 0
503.82222222222225 59.625000000000085 -1 0 0
531.0555555555557 81.12500000000009 -1 0 0
131.4 40.275000000000006 -1 0 0
152.42222222222222 56.280555555555566 -1 0 0
170.81666666666666 40.513888888888886 -1 0 0
236.5111111111111 50.06944444444446 -1 0 0
242.0055555555556 61.775000000000006 -1 0 0
246.30555555555551 52.69722222222222 -1 0 0
262.7888888888889 41.46944444444446 -1 0 0
66.18888888888895 318.5805555555555 -1 0 0
554.1363636363639 337.1168831168832 -1 0 0
169.98051948051952 375.938061938062 -1 0 0
7.16333666333668 50.30369630369626 -1 0 0
7.16333666333668 31.762237762237707 -1 0 0
28.60189810189812 32.341658341658274 -1 0 0
22.228271728271753 24.229770229770168 -1 0 0
37.29320679320683 16.697302697302632 -1 0 0
91.7587412587413 14.95904095904092 -1 0 0
96.39410589410595 32.341658341658274 -1 0 0
287.02347652347663 32.341658341658274 -1 0 0
258.05244755244763 16.11788211788206 -1 0 0
298.6118881118882 17.85614385614383 -1 0 0
349.0214785214786 15.53846153846149 -1 0 0
354.2362637362638 20.753246753246685 -1 0 0
324.6858141858143 25.388611388611366 -1 0 0
418.5519480519481 32.341658341658274 -1 0 0
388.4220779220781 22.491508491508455 -1 0 0
435.355144855145 20.753246753246685 -1 0 0
442.88761238761253 21.332667332667313 -1 0 0
452.1583416583418 23.070929070929026 -1 0 0
472.43806193806205 47.406593406593345 -1 0 0
506.6238761238763 25.388611388611366 -1 0 0
540.2302697302699 31.182817182817132 -1 0 0
544.286213786214 37.556443556443526 -1 0 0
550.6598401598404 36.977022977022955 -1 0 0
522.8476523476526 30.603396603396565 -1 0 0
566.8836163836166 16.11788211788206 -1 0 0
562.2482517482518 20.753246753246685 -1 0 0
547.1833166833168 78.69530469530463 -1 0 0
559.3511488511491 101.8721278721278 -1 0 0
559.3511488511491 116.93706293706288 -1 0 0
562.8276723276725 173.14085914085913 -1 0 0
535.0154845154847 202.11188811188808 -1 0 0
530.9595404595406 233.4005994005994 -1 0 0
562.8276723276725 246.14785214785215 -1 0 0
532.6978021978024 280.3336663336664 -1 0 0
550.6598401598404 303.51048951048955 -1 0 0
563.407092907093 293.0809190809191 -1 0 0
566.304195804196 279.7542457542458 -1 0 0
565.7247752247755 261.7922077922078 -1 0 0
576.1543456543458 245.56843156843158 -1 0 0
577.8926073926076 214.2797202797203 -1 0 0
567.4630369630371 209.64435564435564 -1 0 0
554.7157842157843 158.65534465534466 -1 0 0
568.0424575424578 149.96403596403596 -1 0 0
543.1273726273729 123.31068931068927 -1 0 0
491.5589410589411 31.182817182817132 -1 0 0
478.2322677322678 29.44455544455542 -1 0 0
450.99950049950064 47.406593406593345 -1 0 0
339.17132867132875 14.379620379620349 -1 0 0
285.8646353646355 16.697302697302632 -1 0 0
128.26223776223782 13.800199800199778 -1 0 0
185.04545454545456 30.02397602397599 -1 0 0
193.1573426573427 16.11788211788206 -1 0 0
201.84865134865143 32.9210789210789 -1 0 0
508.36213786213796 16.11788211788206 -1 0 0
147.38311688311697 28.86513486513485 -1 0 0
73.79670329670334 21.332667332667313 -1 0 0
51.77872127872133 16.11788211788206 -1 0 0
21.503996003995994 51.186063936063924 -1 0 0
40.33516483516483 63.93331668331669 -1 0 0
51.63386613386613 58.42882117882118 -1 0 0
91.3241758241758 59.29795204795204 -1 0 0
86.97852147852146 43.36388611388611 -1 0 0
140.57492507492506 11.785464535464541 -1 0 0
159.6958041958042 11.785464535464541 -1 0 0
176.78871128871126 13.52372627372628 -1 0 0
220.82467532467524 9.757492507492515 -1 0 0
206.33916083916083 11.785464535464541 -1 0 0
111.31418581418582 23.663586413586415 -1 0 0
333.9565434565435 75.81143856143856 -1 0 0
348.15234765234766 71.75549450549451 -1 0 0
376.25424575424574 122.16508491508489 -1 0 0
392.1883116883118 11.20604395604397 -1 0 0
496.33916083916085 20.766483516483532 -1 0 0
451.7237762237762 12.364885114885112 -1 0 0
570.504995004995 73.49375624375624 -1 0 0
561.5239760239759 96.38086913086913 -1 0 0
525.5999000999001 8.598651348651345 -1 0 0
516.3291708291708 10.0472027972028 -1 0 0
552.2532467532467 9.46778221778223 -1 0 0
544.4310689310689 12.075174825174827 -1 0 0
462.44305694305694 8.019230769230774 -1 0 0
404.7907092907093 16.71053946053948 -1 0 0
396.96853146853147 20.47677322677322 -1 0 0
469.3961038961039 72.91433566433567 -1 0 0
491.7037962037962 65.09215784215783 -1 0 0
408.1223776223777 8.585414585414526 -1 0 0
420.29020979020993 3.950049950049902 -1 0 0
500.25024975024985 3.950049950049902 -1 0 0
23.387112887112924 9.744255744255668 -1 0 0
243.5669330669332 5.108891108891044 -1 0 0
