108.83282051282055 636.1928205128206 -1 0 0
499.70324786324795 611.6576638176637 -1 0 0
822.8904843304844 466.13880341880326 -1 0 0
5.6159544159544525 517.7472364672363 -1 0 0
3.0778347578347893 408.6080911680911 -1 0 0
86.83578347578349 377.3046153846153 -1 0 0
60.60854700854706 291.85458689458676 -1 0 0
3.0778347578347893 302.85310541310525 -1 0 0
56.37834757834762 238.55407407407398 -1 0 0
58.91646723646729 211.48079772079757 -1 0 0
43.68774928774931 197.09811965811951 -1 0 0
3.0778347578347893 202.17435897435885 -1 0 0
4.769914529914565 177.63920227920215 -1 0 0
18.306552706552722 153.10404558404545 -1 0 0
32.68923076923081 170.87088319088306 -1 0 0
57.22438746438751 179.33128205128193 -1 0 0
36.91943019943025 158.1802849002848 -1 0 0
68.22290598290601 170.02484330484322 -1 0 0
70.76102564102567 162.41048433048417 -1 0 0
88.87794871794875 157.54575498575494 -1 0 0
67.72695156695158 149.93139601139598 -1 0 0
71.11111111111113 147.39327635327632 -1 0 0
74.91829059829062 143.58609686609682 -1 0 0
25.424957264957282 135.97173789173786 -1 0 0
97.33834757834762 157.122735042735 -1 0 0
105.79874643874646 155.0076353276353 -1 0 0
97.76136752136755 145.70119658119654 -1 0 0
87.60888888888891 147.81629629629626 -1 0 0
78.72547008547012 154.1615954415954 -1 0 0
90.57002849002852 141.89401709401704 -1 0 0
104.52968660968665 146.12421652421648 -1 0 0
119.33538461538465 151.2004558404558 -1 0 0
124.8346438746439 160.50689458689456 -1 0 0
132.02598290598294 157.96877492877488 -1 0 0
135.41014245014247 154.1615954415954 -1 0 0
141.3324216524217 155.43065527065522 -1 0 0
1.385754985755014 167.4867236467235 -1 0 0
22.536752136752163 179.33128205128193 -1 0 0
2.2317948717949014 149.71988603988592 -1 0 0
393.1022222222223 142.10552706552696 -1 0 0
374.4893447293448 142.10552706552696 -1 0 0
385.48786324786334 138.7213675213674 -1 0 0
379.5655840455841 139.56740740740725 -1 0 0
370.25914529914536 136.18324786324771 -1 0 0
399.0245014245015 138.50985754985751 -1 0 0
360.5296866096867 151.2004558404558 -1 0 0
360.5296866096867 144.00911680911676 -1 0 0
360.5296866096867 138.93287749287745 -1 0 0
352.91532763532774 143.1630769230769 -1 0 0
349.5311680911682 138.50985754985751 -1 0 0
352.91532763532774 137.24079772079767 -1 0 0
342.7628490028491 141.04797720797717 -1 0 0
343.608888888889 133.4336182336182 -1 0 0
333.8794301994303 135.12569800569796 -1 0 0
340.22472934472944 137.66381766381764 -1 0 0
393.9482621082622 138.93287749287745 -1 0 0
328.38017094017107 138.50985754985751 -1 0 0
321.18883190883196 143.1630769230769 -1 0 0
315.26655270655283 145.2781766381766 -1 0 0
307.22917378917384 142.31703703703698 -1 0 0
302.99897435897446 140.6249572649572 -1 0 0
309.3442735042736 135.12569800569796 -1 0 0
297.49971509971516 136.81777777777774 -1 0 0
294.96159544159553 142.74005698005695 -1 0 0
287.7702564102565 143.1630769230769 -1 0 0
290.30837606837616 138.08683760683755 -1 0 0
275.07965811965823 133.8566381766381 -1 0 0
282.69401709401717 138.08683760683755 -1 0 0
278.8868376068377 139.77891737891733 -1 0 0
270.4264387464388 138.93287749287745 -1 0 0
256.8898005698006 139.77891737891733 -1 0 0
243.77618233618242 145.2781766381766 -1 0 0
235.7388034188035 137.66381766381764 -1 0 0
227.27840455840462 145.70119658119654 -1 0 0
221.3561253561254 143.1630769230769 -1 0 0
215.85686609686616 143.58609686609682 -1 0 0
212.8957264957266 145.70119658119654 -1 0 0
211.2036467236468 139.77891737891733 -1 0 0
205.70438746438757 142.74005698005695 -1 0 0
198.93606837606845 143.1630769230769 -1 0 0
190.89868945868952 142.31703703703698 -1 0 0
181.59225071225077 143.1630769230769 -1 0 0
173.55487179487187 142.74005698005695 -1 0 0
166.78655270655275 140.6249572649572 -1 0 0
154.94199430199436 138.93287749287745 -1 0 0
161.2872934472935 143.1630769230769 -1 0 0
176.93903133903143 142.74005698005695 -1 0 0
250.5445014245015 142.74005698005695 -1 0 0
261.96603988604 142.74005698005695 -1 0 0
267.0422792022793 142.31703703703698 -1 0 0
298.34575498575504 142.31703703703698 -1 0 0
581.7691168091169 597.2749857549857 -1 0 0
617.302792022792 593.890826210826 -1 0 0
689.2161823361823 580.3541880341879 -1 0 0
734.9023361823362 571.8937891737891 -1 0 0
542.0052421652423 527.0536752136751 -1 0 0
526.7765242165243 498.288319088319 -1 0 0
408.33094017094027 503.36455840455835 -1 0 0
447.24877492877505 532.1299145299145 -1 0 0
428.6358974358975 499.9803988603988 -1 0 0
383.7957834757836 480.52148148148143 -1 0 0
407.48490028490033 441.60364672364665 -1 0 0
425.25173789173795 454.29424501424495 -1 0 0
444.7106552706553 444.9878062678062 -1 0 0
435.4042165242166 440.7576068376067 -1 0 0
424.4056980056981 423.836809116809 -1 0 0
389.7180626780628 429.75908831908816 -1 0 0
430.32797720797726 411.99225071225067 -1 0 0
465.0156125356126 417.9145299145298 -1 0 0
483.62849002849003 443.29572649572634 -1 0 0
499.70324786324795 440.7576068376067 -1 0 0
503.0874074074075 469.5229629629628 -1 0 0
492.08888888888896 461.9086039886039 -1 0 0
455.7091737891739 469.5229629629628 -1 0 0
472.62997150997154 475.445242165242 -1 0 0
495.47304843304846 479.6754415954415 -1 0 0
576.6928774928776 486.44376068376056 -1 0 0
721.3656980056982 494.9041595441595 -1 0 0
734.0562962962964 481.36752136752125 -1 0 0
720.5196581196583 472.9071225071224 -1 0 0
689.2161823361823 487.2898005698005 -1 0 0
689.2161823361823 470.36900284900275 -1 0 0
667.2191452991453 482.2135612535611 -1 0 0
647.760227920228 470.36900284900275 -1 0 0
627.4552706552707 464.44672364672357 -1 0 0
609.6884330484332 458.5244444444443 -1 0 0
579.2309971509973 453.448205128205 -1 0 0
609.6884330484332 434.8353276353276 -1 0 0
592.7676353276354 434.8353276353276 -1 0 0
598.6899145299146 427.22096866096854 -1 0 0
623.2250712250714 448.37196581196577 -1 0 0
641.8379487179488 455.98632478632464 -1 0 0
660.4508262108262 464.44672364672357 -1 0 0
684.9859829059831 455.98632478632464 -1 0 0
675.6795441595443 444.1417663817663 -1 0 0
719.6736182336183 449.21800569800564 -1 0 0
732.3642165242165 465.29276353276344 -1 0 0
654.5285470085471 445.8338461538461 -1 0 0
646.9141880341881 432.29720797720785 -1 0 0
642.6839886039887 422.1447293447293 -1 0 0
607.9963532763534 424.6828490028489 -1 0 0
618.148831908832 416.22245014245004 -1 0 0
622.3790313390315 407.7620512820512 -1 0 0
598.6899145299146 407.7620512820512 -1 0 0
583.4611965811968 412.8382905982905 -1 0 0
571.6166381766383 423.836809116809 -1 0 0
558.08 433.1432478632477 -1 0 0
544.5433618233619 429.75908831908816 -1 0 0
549.6196011396012 428.9130484330483 -1 0 0
537.7750427350428 421.29868945868935 -1 0 0
520.8542450142451 422.99076923076916 -1 0 0
563.1562393162394 425.52888888888884 -1 0 0
558.08 412.8382905982905 -1 0 0
570.7705982905984 416.22245014245004 -1 0 0
570.7705982905984 393.3793732193731 -1 0 0
575.0007977207979 381.5348148148147 -1 0 0
561.4641595441597 390.84125356125344 -1 0 0
558.08 397.60957264957256 -1 0 0
551.311680911681 408.6080911680911 -1 0 0
540.3131623931625 403.5318518518517 -1 0 0
536.9290028490029 411.99225071225067 -1 0 0
513.2398860398861 411.99225071225067 -1 0 0
497.16512820512827 404.3778917378916 -1 0 0
480.2443304843306 401.839772079772 -1 0 0
477.7062108262109 397.60957264957256 -1 0 0
459.0933333333335 397.60957264957256 -1 0 0
504.7794871794873 404.3778917378916 -1 0 0
507.3176068376069 391.6872934472933 -1 0 0
491.2428490028491 390.84125356125344 -1 0 0
522.5463247863249 391.6872934472933 -1 0 0
514.9319658119658 386.611054131054 -1 0 0
519.1621652421653 376.4585754985754 -1 0 0
506.47156695156707 383.22689458689445 -1 0 0
525.0844444444446 371.3823361823361 -1 0 0
528.4686039886041 366.30609686609677 -1 0 0
548.7735612535614 383.22689458689445 -1 0 0
540.3131623931625 381.5348148148147 -1 0 0
545.3894017094018 362.9219373219372 -1 0 0
558.08 374.76649572649563 -1 0 0
563.1562393162394 368.8442165242164 -1 0 0
565.694358974359 378.1506552706552 -1 0 0
569.9245584045585 366.30609686609677 -1 0 0
581.7691168091169 368.8442165242164 -1 0 0
576.6928774928776 375.6125356125355 -1 0 0
588.537435897436 366.30609686609677 -1 0 0
606.3042735042736 367.9981766381765 -1 0 0
593.6136752136754 383.22689458689445 -1 0 0
596.151794871795 393.3793732193731 -1 0 0
488.7047293447294 374.76649572649563 -1 0 0
472.62997150997154 384.0729344729344 -1 0 0
460.7854131054131 389.99521367521356 -1 0 0
451.4789743589744 392.53333333333325 -1 0 0
404.9467806267807 398.45561253561243 -1 0 0
393.1022222222223 408.6080911680911 -1 0 0
384.6418233618234 401.839772079772 -1 0 0
377.0274643874645 408.6080911680911 -1 0 0
344.87794871794875 430.6051282051281 -1 0 0
355.0304273504274 401.839772079772 -1 0 0
348.2621082621083 406.91601139601124 -1 0 0
310.19031339031346 407.7620512820512 -1 0 0
284.80911680911686 409.4541310541309 -1 0 0
283.1170370370371 377.3046153846153 -1 0 0
294.96159544159553 378.996695156695 -1 0 0
287.34723646723654 372.22837606837595 -1 0 0
369.4131054131054 389.1491737891737 -1 0 0
378.7195441595442 379.8427350427349 -1 0 0
384.6418233618234 381.5348148148147 -1 0 0
405.7928205128206 371.3823361823361 -1 0 0
417.637378917379 388.3031339031338 -1 0 0
433.7121367521368 377.3046153846153 -1 0 0
440.48045584045593 382.38085470085457 -1 0 0
445.55669515669524 390.84125356125344 -1 0 0
454.0170940170941 376.4585754985754 -1 0 0
441.32649572649575 369.6902564102563 -1 0 0
446.4027350427351 365.4600569800569 -1 0 0
453.1710541310542 368.8442165242164 -1 0 0
464.1695726495727 367.9981766381765 -1 0 0
466.7076923076924 361.22985754985746 -1 0 0
474.32205128205135 364.61401709401696 -1 0 0
487.0126495726496 362.07589743589733 -1 0 0
489.55076923076933 351.9234188034187 -1 0 0
498.0111680911682 356.1536182336181 -1 0 0
505.62552706552714 367.9981766381765 -1 0 0
515.7780056980058 356.99965811965797 -1 0 0
523.3923646723647 352.7694586894586 -1 0 0
509.8557264957265 348.53925925925915 -1 0 0
527.6225641025642 346.00113960113947 -1 0 0
513.2398860398861 343.46301994301984 -1 0 0
515.7780056980058 338.3867806267805 -1 0 0
518.3161253561254 334.15658119658104 -1 0 0
534.3908831908832 356.1536182336181 -1 0 0
536.082962962963 347.6932193732193 -1 0 0
542.0052421652423 342.61698005697997 -1 0 0
557.2339601139602 355.3075783475782 -1 0 0
565.694358974359 354.46153846153834 -1 0 0
570.7705982905984 356.1536182336181 -1 0 0
552.1577207977209 345.1550997150996 -1 0 0
547.0814814814815 350.2313390313389 -1 0 0
564.0022792022793 346.8471794871794 -1 0 0
584.3072364672365 348.53925925925915 -1 0 0
577.5389173789175 346.8471794871794 -1 0 0
580.0770370370371 340.92490028490016 -1 0 0
592.7676353276354 355.3075783475782 -1 0 0
598.6899145299146 359.53777777777765 -1 0 0
603.7661538461539 355.3075783475782 -1 0 0
607.1503133903134 362.9219373219372 -1 0 0
610.534472934473 347.6932193732193 -1 0 0
618.148831908832 337.5407407407406 -1 0 0
620.6869515669516 347.6932193732193 -1 0 0
633.3775498575499 346.00113960113947 -1 0 0
390.5641025641026 367.15213675213664 -1 0 0
370.25914529914536 373.92045584045576 -1 0 0
354.18438746438756 377.3046153846153 -1 0 0
344.87794871794875 367.9981766381765 -1 0 0
331.34131054131063 367.9981766381765 -1 0 0
336.41754985754994 382.38085470085457 -1 0 0
313.574472934473 360.3838176638175 -1 0 0
297.4997150997151 350.2313390313389 -1 0 0
281.4249572649573 355.3075783475782 -1 0 0
274.6566381766382 360.3838176638175 -1 0 0
404.1007407407408 353.61549857549846 -1 0 0
420.17549857549864 357.8456980056979 -1 0 0
415.9452991452992 367.15213675213664 -1 0 0
435.4042165242166 356.99965811965797 -1 0 0
443.01857549857556 352.7694586894586 -1 0 0
455.7091737891739 352.7694586894586 -1 0 0
469.24581196581204 347.6932193732193 -1 0 0
478.55225071225084 354.46153846153834 -1 0 0
459.9393732193733 341.77094017094004 -1 0 0
451.4789743589744 344.3090598290597 -1 0 0
448.9408547008548 339.2328205128204 -1 0 0
440.48045584045593 340.92490028490016 -1 0 0
443.01857549857556 330.77242165242154 -1 0 0
455.7091737891739 330.77242165242154 -1 0 0
459.0933333333335 319.77390313390305 -1 0 0
451.4789743589744 323.15806267806255 -1 0 0
441.32649572649575 324.85014245014236 -1 0 0
436.25025641025644 337.5407407407406 -1 0 0
432.02005698005706 333.31054131054117 -1 0 0
427.78985754985763 340.0788603988603 -1 0 0
429.48193732193744 332.4645014245013 -1 0 0
416.7913390313391 332.4645014245013 -1 0 0
418.48341880341883 332.4645014245013 -1 0 0
415.09925925925927 342.61698005697997 -1 0 0
427.78985754985763 353.61549857549846 -1 0 0
415.9452991452992 349.38529914529903 -1 0 0
401.5626210826212 345.1550997150996 -1 0 0
405.7928205128206 324.85014245014236 -1 0 0
391.41014245014253 334.15658119658104 -1 0 0
355.8764672364673 348.53925925925915 -1 0 0
366.02894586894587 346.8471794871794 -1 0 0
361.7987464387465 340.92490028490016 -1 0 0
369.4131054131054 334.15658119658104 -1 0 0
372.797264957265 329.0803418803418 -1 0 0
379.5655840455841 314.6976638176637 -1 0 0
390.5641025641026 314.6976638176637 -1 0 0
391.41014245014253 328.2343019943019 -1 0 0
391.41014245014253 321.4659829059828 -1 0 0
387.17994301994304 324.0041025641025 -1 0 0
380.41162393162404 356.99965811965797 -1 0 0
366.8749857549858 353.61549857549846 -1 0 0
352.4923076923078 339.2328205128204 -1 0 0
355.0304273504274 325.69618233618223 -1 0 0
344.0319088319089 333.31054131054117 -1 0 0
341.4937891737892 340.0788603988603 -1 0 0
335.57150997151 345.1550997150996 -1 0 0
332.18735042735045 337.5407407407406 -1 0 0
327.9571509971511 348.53925925925915 -1 0 0
316.9586324786325 351.9234188034187 -1 0 0
306.80615384615396 343.46301994301984 -1 0 0
293.2695156695157 340.0788603988603 -1 0 0
272.96455840455843 352.7694586894586 -1 0 0
269.5803988603989 348.53925925925915 -1 0 0
266.1962393162394 344.3090598290597 -1 0 0
259.4279202279203 337.5407407407406 -1 0 0
248.42940170940173 351.07737891737884 -1 0 0
246.73732193732195 369.6902564102563 -1 0 0
249.27544159544166 335.84866096866085 -1 0 0
256.8898005698006 328.2343019943019 -1 0 0
275.5026780626781 342.61698005697997 -1 0 0
283.96307692307704 346.8471794871794 -1 0 0
276.348717948718 330.77242165242154 -1 0 0
268.73435897435905 326.5422222222221 -1 0 0
265.3501994301995 313.00558404558393 -1 0 0
265.3501994301995 318.08182336182324 -1 0 0
258.5818803418804 320.6199430199429 -1 0 0
256.04376068376075 318.08182336182324 -1 0 0
180.7462108262109 307.9293447293446 -1 0 0
195.97492877492877 309.62142450142437 -1 0 0
199.35908831908833 300.3149857549856 -1 0 0
211.20364672364676 314.6976638176637 -1 0 0
206.97344729344738 318.08182336182324 -1 0 0
234.04672364672368 321.4659829059828 -1 0 0
299.1917948717949 328.2343019943019 -1 0 0
293.2695156695157 323.15806267806255 -1 0 0
200.20512820512826 271.5496296296296 -1 0 0
213.74176638176647 284.2402279202278 -1 0 0
209.51156695156698 264.78131054131046 -1 0 0
172.285811965812 280.01002849002833 -1 0 0
194.2828490028491 261.3971509971509 -1 0 0
174.82393162393168 214.86495726495713 -1 0 0
195.97492877492877 209.7887179487178 -1 0 0
202.7432478632479 235.16991452991442 -1 0 0
202.7432478632479 229.24763532763518 -1 0 0
221.3561253561254 223.325356125356 -1 0 0
231.50860398860405 226.70951566951555 -1 0 0
233.20068376068383 221.63327635327622 -1 0 0
245.04524216524217 206.40455840455826 -1 0 0
255.19772079772082 225.8634757834757 -1 0 0
250.96752136752144 219.94119658119646 -1 0 0
245.04524216524217 219.94119658119646 -1 0 0
254.351680911681 230.93971509971496 -1 0 0
249.27544159544166 229.24763532763518 -1 0 0
261.12000000000006 240.24615384615367 -1 0 0
253.50564102564107 241.0921937321936 -1 0 0
243.3531623931624 241.0921937321936 -1 0 0
235.73880341880346 234.3238746438745 -1 0 0
224.74028490028496 206.40455840455826 -1 0 0
237.43088319088324 248.70655270655263 -1 0 0
227.2784045584046 232.6317948717947 -1 0 0
240.8150427350428 259.70507122507115 -1 0 0
239.12296296296302 252.0907122507122 -1 0 0
257.73584045584056 251.24467236467225 -1 0 0
266.1962393162394 247.01447293447276 -1 0 0
273.81059829059836 259.70507122507115 -1 0 0
268.73435897435905 253.78279202279188 -1 0 0
261.12000000000006 267.3194301994301 -1 0 0
266.1962393162394 269.01150997150984 -1 0 0
261.96603988603994 277.4719088319087 -1 0 0
248.42940170940173 276.6258689458688 -1 0 0
245.8912820512821 270.70358974358965 -1 0 0
271.2724786324787 285.08626780626764 -1 0 0
272.96455840455843 276.6258689458688 -1 0 0
279.73287749287755 272.3956695156694 -1 0 0
288.1932763532764 281.70210826210814 -1 0 0
290.7313960113961 271.5496296296296 -1 0 0
287.34723646723654 243.6303133903132 -1 0 0
290.7313960113961 224.17139601139584 -1 0 0
307.6521937321938 227.5555555555554 -1 0 0
295.80763532763535 280.85606837606827 -1 0 0
303.4219943019944 276.6258689458688 -1 0 0
307.6521937321938 281.70210826210814 -1 0 0
302.57595441595447 287.6243874643874 -1 0 0
291.577435897436 291.85458689458676 -1 0 0
284.80911680911686 297.776866096866 -1 0 0
276.348717948718 296.0847863247862 -1 0 0
294.1155555555556 297.776866096866 -1 0 0
289.88535612535617 306.2372649572648 -1 0 0
300.03783475783484 308.77538461538455 -1 0 0
274.6566381766382 320.6199430199429 -1 0 0
275.5026780626781 318.08182336182324 -1 0 0
265.3501994301995 293.54666666666657 -1 0 0
322.88091168091177 324.85014245014236 -1 0 0
327.11111111111114 318.08182336182324 -1 0 0
324.5729914529915 320.6199430199429 -1 0 0
321.18883190883196 316.3897435897435 -1 0 0
318.6507122507123 313.00558404558393 -1 0 0
335.57150997151 315.54370370370356 -1 0 0
330.4952706552707 307.08330484330475 -1 0 0
332.18735042735045 305.391225071225 -1 0 0
320.342792022792 296.9308262108261 -1 0 0
320.342792022792 301.1610256410255 -1 0 0
313.574472934473 287.6243874643874 -1 0 0
309.34427350427353 263.08923076923065 -1 0 0
316.11259259259265 273.2417094017092 -1 0 0
308.4982336182337 274.9337891737891 -1 0 0
305.96011396011403 271.5496296296296 -1 0 0
318.6507122507123 281.70210826210814 -1 0 0
327.9571509971511 281.70210826210814 -1 0 0
328.80319088319095 293.54666666666657 -1 0 0
335.57150997151 293.54666666666657 -1 0 0
342.3398290598291 291.85458689458676 -1 0 0
353.3383475783476 302.00706552706544 -1 0 0
344.87794871794875 313.00558404558393 -1 0 0
343.18586894586895 306.2372649572648 -1 0 0
354.18438746438756 313.00558404558393 -1 0 0
360.10666666666674 307.9293447293446 -1 0 0
365.18290598290605 302.85310541310525 -1 0 0
366.8749857549858 310.4674643874643 -1 0 0
372.797264957265 308.77538461538455 -1 0 0
370.25914529914536 298.6229059829059 -1 0 0
358.41458689458693 294.39270655270644 -1 0 0
360.10666666666674 291.85458689458676 -1 0 0
349.10814814814825 289.31646723646713 -1 0 0
349.95418803418806 285.08626780626764 -1 0 0
342.3398290598291 279.1639886039885 -1 0 0
334.7254700854702 284.2402279202278 -1 0 0
329.6492307692309 280.01002849002833 -1 0 0
329.6492307692309 277.4719088319087 -1 0 0
333.87943019943026 275.77982905982896 -1 0 0
333.0333903133904 271.5496296296296 -1 0 0
326.2650712250713 271.5496296296296 -1 0 0
299.1917948717949 236.8619943019942 -1 0 0
294.1155555555556 228.40159544159533 -1 0 0
284.80911680911686 230.0936752136751 -1 0 0
188.36056980056983 231.7857549857549 -1 0 0
325.4190313390314 234.3238746438745 -1 0 0
319.4967521367522 236.8619943019942 -1 0 0
313.574472934473 242.7842735042734 -1 0 0
336.41754985754994 232.6317948717947 -1 0 0
337.2635897435898 238.55407407407398 -1 0 0
347.41606837606844 248.70655270655263 -1 0 0
349.10814814814825 258.01299145299134 -1 0 0
339.80170940170945 257.1669515669514 -1 0 0
338.95566951566957 252.0907122507122 -1 0 0
333.0333903133904 254.6288319088318 -1 0 0
324.5729914529915 250.39863247863232 -1 0 0
320.342792022792 254.6288319088318 -1 0 0
325.4190313390314 258.8590313390312 -1 0 0
336.41754985754994 262.2431908831907 -1 0 0
328.80319088319095 264.78131054131046 -1 0 0
343.18586894586895 269.01150997150984 -1 0 0
343.18586894586895 265.6273504273503 -1 0 0
356.7225071225072 260.55111111111097 -1 0 0
352.4923076923078 270.70358974358965 -1 0 0
356.7225071225072 269.8575498575497 -1 0 0
368.5670655270656 258.01299145299134 -1 0 0
368.5670655270656 255.47487179487163 -1 0 0
375.3353846153847 261.3971509971509 -1 0 0
382.1037037037038 262.2431908831907 -1 0 0
383.7957834757836 267.3194301994301 -1 0 0
373.6433048433049 271.5496296296296 -1 0 0
366.8749857549858 264.78131054131046 -1 0 0
364.3368660968661 271.5496296296296 -1 0 0
363.4908262108263 281.70210826210814 -1 0 0
368.5670655270656 281.70210826210814 -1 0 0
374.4893447293448 278.3179487179486 -1 0 0
383.7957834757836 277.4719088319087 -1 0 0
379.5655840455841 280.01002849002833 -1 0 0
389.7180626780628 279.1639886039885 -1 0 0
391.41014245014253 276.6258689458688 -1 0 0
394.7943019943021 272.3956695156694 -1 0 0
389.7180626780628 265.6273504273503 -1 0 0
377.8735042735043 301.1610256410255 -1 0 0
377.8735042735043 306.2372649572648 -1 0 0
382.1037037037038 309.62142450142437 -1 0 0
385.48786324786334 303.6991452991452 -1 0 0
393.1022222222223 306.2372649572648 -1 0 0
398.17846153846165 307.08330484330475 -1 0 0
401.5626210826212 309.62142450142437 -1 0 0
406.6388603988605 312.15954415954405 -1 0 0
402.408660968661 319.77390313390305 -1 0 0
397.3324216524217 316.3897435897435 -1 0 0
399.02450142450147 276.6258689458688 -1 0 0
405.7928205128206 272.3956695156694 -1 0 0
414.25321937321945 274.08774928774915 -1 0 0
418.48341880341883 250.39863247863232 -1 0 0
436.25025641025644 252.0907122507122 -1 0 0
446.4027350427351 250.39863247863232 -1 0 0
460.7854131054131 244.47635327635314 -1 0 0
472.62997150997154 247.01447293447276 -1 0 0
478.55225071225084 236.8619943019942 -1 0 0
485.32056980056984 237.70803418803405 -1 0 0
498.0111680911682 244.47635327635314 -1 0 0
518.3161253561254 239.40011396011383 -1 0 0
513.2398860398861 241.93823361823354 -1 0 0
437.9423361823362 269.01150997150984 -1 0 0
426.0977777777779 272.3956695156694 -1 0 0
422.7136182336183 283.3941880341879 -1 0 0
414.25321937321945 296.0847863247862 -1 0 0
410.8690598290599 307.08330484330475 -1 0 0
415.9452991452992 307.9293447293446 -1 0 0
421.8675783475784 304.54518518518506 -1 0 0
421.02153846153857 299.46894586894575 -1 0 0
422.7136182336183 307.9293447293446 -1 0 0
426.0977777777779 316.3897435897435 -1 0 0
417.637378917379 317.23578347578336 -1 0 0
435.4042165242166 312.15954415954405 -1 0 0
443.8646153846155 305.391225071225 -1 0 0
441.32649572649575 320.6199430199429 -1 0 0
455.7091737891739 307.08330484330475 -1 0 0
460.7854131054131 300.3149857549856 -1 0 0
465.0156125356126 301.1610256410255 -1 0 0
457.40125356125367 289.31646723646713 -1 0 0
458.24729344729354 285.9323076923076 -1 0 0
466.7076923076924 288.4704273504272 -1 0 0
487.8586894586895 274.08774928774915 -1 0 0
492.9349287749289 277.4719088319087 -1 0 0
433.7121367521368 293.54666666666657 -1 0 0
431.1740170940172 295.2387464387463 -1 0 0
486.1666096866098 292.70062678062664 -1 0 0
481.09037037037047 285.08626780626764 -1 0 0
476.0141310541311 294.39270655270644 -1 0 0
478.55225071225084 298.6229059829059 -1 0 0
476.0141310541311 302.00706552706544 -1 0 0
470.9378917378918 305.391225071225 -1 0 0
464.1695726495727 309.62142450142437 -1 0 0
469.24581196581204 315.54370370370356 -1 0 0
474.32205128205135 307.9293447293446 -1 0 0
480.2443304843306 312.15954415954405 -1 0 0
475.1680911680913 322.3120227920227 -1 0 0
470.09185185185197 329.92638176638167 -1 0 0
470.09185185185197 332.4645014245013 -1 0 0
482.7824501424502 329.92638176638167 -1 0 0
479.39829059829066 326.5422222222221 -1 0 0
487.8586894586895 323.15806267806255 -1 0 0
486.1666096866098 339.2328205128204 -1 0 0
490.39680911680915 335.002621082621 -1 0 0
486.1666096866098 346.00113960113947 -1 0 0
497.16512820512827 329.0803418803418 -1 0 0
509.0096866096867 325.69618233618223 -1 0 0
513.2398860398861 324.0041025641025 -1 0 0
532.6988034188034 331.6184615384614 -1 0 0
543.697321937322 324.85014245014236 -1 0 0
557.2339601139602 331.6184615384614 -1 0 0
494.62700854700864 308.77538461538455 -1 0 0
486.1666096866098 308.77538461538455 -1 0 0
487.0126495726496 300.3149857549856 -1 0 0
493.7809686609687 299.46894586894575 -1 0 0
499.70324786324795 301.1610256410255 -1 0 0
503.0874074074075 293.54666666666657 -1 0 0
506.47156695156707 296.0847863247862 -1 0 0
515.7780056980058 296.9308262108261 -1 0 0
507.3176068376069 316.3897435897435 -1 0 0
505.62552706552714 309.62142450142437 -1 0 0
509.8557264957265 311.3135042735041 -1 0 0
515.7780056980058 313.00558404558393 -1 0 0
514.9319658119658 313.8516239316238 -1 0 0
522.5463247863249 303.6991452991452 -1 0 0
526.7765242165243 321.4659829059828 -1 0 0
526.7765242165243 317.23578347578336 -1 0 0
530.1606837606838 308.77538461538455 -1 0 0
537.7750427350428 318.9278632478631 -1 0 0
541.1592022792023 313.00558404558393 -1 0 0
551.311680911681 318.08182336182324 -1 0 0
558.9260398860399 316.3897435897435 -1 0 0
563.1562393162394 324.85014245014236 -1 0 0
573.308717948718 324.0041025641025 -1 0 0
585.9993162393164 318.9278632478631 -1 0 0
591.0755555555555 340.0788603988603 -1 0 0
572.4626780626782 330.77242165242154 -1 0 0
542.851282051282 335.84866096866085 -1 0 0
604.6121937321938 340.92490028490016 -1 0 0
503.9334472934474 280.85606837606827 -1 0 0
517.4700854700856 282.5481481481481 -1 0 0
530.1606837606838 263.93527065527053 -1 0 0
521.7002849002849 278.3179487179486 -1 0 0
540.3131623931625 272.3956695156694 -1 0 0
540.3131623931625 242.7842735042734 -1 0 0
528.4686039886041 245.32239316239307 -1 0 0
530.1606837606838 289.31646723646713 -1 0 0
537.7750427350428 299.46894586894575 -1 0 0
537.7750427350428 291.0085470085469 -1 0 0
554.6958404558405 301.1610256410255 -1 0 0
543.697321937322 296.9308262108261 -1 0 0
543.697321937322 303.6991452991452 -1 0 0
553.8498005698007 312.15954415954405 -1 0 0
564.8483190883192 310.4674643874643 -1 0 0
564.8483190883192 302.85310541310525 -1 0 0
573.308717948718 303.6991452991452 -1 0 0
596.151794871795 331.6184615384614 -1 0 0
585.9993162393164 326.5422222222221 -1 0 0
599.5359544159545 318.08182336182324 -1 0 0
621.5329914529915 322.3120227920227 -1 0 0
548.7735612535614 272.3956695156694 -1 0 0
560.6181196581197 250.39863247863232 -1 0 0
561.4641595441597 269.01150997150984 -1 0 0
569.9245584045585 272.3956695156694 -1 0 0
580.9230769230769 265.6273504273503 -1 0 0
580.9230769230769 280.85606837606827 -1 0 0
574.1547578347579 281.70210826210814 -1 0 0
561.4641595441597 283.3941880341879 -1 0 0
553.0037606837608 280.85606837606827 -1 0 0
558.08 274.9337891737891 -1 0 0
555.5418803418804 288.4704273504272 -1 0 0
554.6958404558405 291.0085470085469 -1 0 0
562.3101994301995 293.54666666666657 -1 0 0
574.1547578347579 295.2387464387463 -1 0 0
580.0770370370371 291.85458689458676 -1 0 0
581.7691168091169 285.08626780626764 -1 0 0
585.1532763532764 298.6229059829059 -1 0 0
573.308717948718 316.3897435897435 -1 0 0
577.5389173789175 312.15954415954405 -1 0 0
580.9230769230769 307.08330484330475 -1 0 0
591.9215954415955 297.776866096866 -1 0 0
591.0755555555555 282.5481481481481 -1 0 0
596.151794871795 280.85606837606827 -1 0 0
604.6121937321938 280.01002849002833 -1 0 0
597.8438746438746 289.31646723646713 -1 0 0
607.1503133903134 292.70062678062664 -1 0 0
604.6121937321938 301.1610256410255 -1 0 0
600.3819943019945 309.62142450142437 -1 0 0
595.305754985755 303.6991452991452 -1 0 0
622.3790313390315 289.31646723646713 -1 0 0
628.3013105413106 318.08182336182324 -1 0 0
624.9171509971511 296.0847863247862 -1 0 0
638.4537891737892 292.70062678062664 -1 0 0
633.3775498575499 294.39270655270644 -1 0 0
634.2235897435899 329.0803418803418 -1 0 0
624.9171509971511 334.15658119658104 -1 0 0
643.5300284900285 331.6184615384614 -1 0 0
645.2221082621083 343.46301994301984 -1 0 0
642.6839886039887 339.2328205128204 -1 0 0
657.0666666666667 329.0803418803418 -1 0 0
644.3760683760685 324.0041025641025 -1 0 0
648.606267806268 296.0847863247862 -1 0 0
662.1429059829061 314.6976638176637 -1 0 0
664.6810256410257 305.391225071225 -1 0 0
662.9889458689458 300.3149857549856 -1 0 0
676.5255840455841 302.85310541310525 -1 0 0
678.217663817664 308.77538461538455 -1 0 0
685.8320227920228 302.85310541310525 -1 0 0
700.2147008547009 318.9278632478631 -1 0 0
693.4463817663818 312.15954415954405 -1 0 0
699.3686609686611 311.3135042735041 -1 0 0
691.7543019943022 319.77390313390305 -1 0 0
688.3701424501426 333.31054131054117 -1 0 0
695.1384615384617 333.31054131054117 -1 0 0
699.3686609686611 332.4645014245013 -1 0 0
709.5211396011397 324.0041025641025 -1 0 0
697.6765811965813 348.53925925925915 -1 0 0
706.1369800569802 346.00113960113947 -1 0 0
719.6736182336183 337.5407407407406 -1 0 0
713.7513390313392 346.00113960113947 -1 0 0
729.826096866097 333.31054131054117 -1 0 0
713.7513390313392 335.002621082621 -1 0 0
667.2191452991453 340.92490028490016 -1 0 0
661.2968660968662 341.77094017094004 -1 0 0
667.2191452991453 327.388262108262 -1 0 0
728.1340170940172 345.1550997150996 -1 0 0
744.2087749287751 340.0788603988603 -1 0 0
748.4389743589744 329.0803418803418 -1 0 0
668.0651851851853 595.5829059829059 -1 0 0
723.0577777777779 313.00558404558393 -1 0 0
713.7513390313392 313.00558404558393 -1 0 0
734.9023361823362 314.6976638176637 -1 0 0
724.7498575498576 301.1610256410255 -1 0 0
709.5211396011397 307.08330484330475 -1 0 0
705.2909401709402 296.0847863247862 -1 0 0
708.6750997150997 285.9323076923076 -1 0 0
700.2147008547009 289.31646723646713 -1 0 0
723.9038176638178 281.70210826210814 -1 0 0
727.2879772079774 288.4704273504272 -1 0 0
745.0548148148149 300.3149857549856 -1 0 0
754.3612535612535 299.46894586894575 -1 0 0
756.8993732193734 307.08330484330475 -1 0 0
747.5929344729346 311.3135042735041 -1 0 0
751.823133903134 310.4674643874643 -1 0 0
763.6676923076925 309.62142450142437 -1 0 0
770.4360113960116 301.1610256410255 -1 0 0
766.2058119658121 296.0847863247862 -1 0 0
765.3597720797721 288.4704273504272 -1 0 0
756.8993732193734 286.77834757834745 -1 0 0
749.2850142450144 291.85458689458676 -1 0 0
746.7468945868948 290.162507122507 -1 0 0
747.5929344729346 280.01002849002833 -1 0 0
753.5152136752139 279.1639886039885 -1 0 0
769.5899715099716 283.3941880341879 -1 0 0
774.6662108262109 281.70210826210814 -1 0 0
789.894928774929 282.5481481481481 -1 0 0
783.9726495726496 281.70210826210814 -1 0 0
782.2805698005699 276.6258689458688 -1 0 0
782.2805698005699 268.16547008547 -1 0 0
787.3568091168091 261.3971509971509 -1 0 0
792.4330484330486 261.3971509971509 -1 0 0
792.4330484330486 269.8575498575497 -1 0 0
828.8127635327637 250.39863247863232 -1 0 0
860.1162393162394 285.9323076923076 -1 0 0
843.1954415954417 296.9308262108261 -1 0 0
806.8157264957265 298.6229059829059 -1 0 0
783.9726495726496 314.6976638176637 -1 0 0
767.051851851852 324.85014245014236 -1 0 0
771.2820512820514 320.6199430199429 -1 0 0
758.591452991453 327.388262108262 -1 0 0
791.5870085470086 296.9308262108261 -1 0 0
780.58849002849 302.00706552706544 -1 0 0
783.9726495726496 294.39270655270644 -1 0 0
813.5840455840456 274.9337891737891 -1 0 0
815.2761253561255 279.1639886039885 -1 0 0
818.6602849002851 285.08626780626764 -1 0 0
815.2761253561255 256.3209116809116 -1 0 0
816.1221652421655 250.39863247863232 -1 0 0
823.7365242165243 254.6288319088318 -1 0 0
804.2776068376069 247.01447293447276 -1 0 0
794.9711680911682 246.16843304843292 -1 0 0
810.1998860398861 260.55111111111097 -1 0 0
805.1236467236469 265.6273504273503 -1 0 0
803.431566951567 258.01299145299134 -1 0 0
800.8934472934474 268.16547008547 -1 0 0
794.9711680911682 257.1669515669514 -1 0 0
788.2028490028491 252.0907122507122 -1 0 0
784.8186894586895 252.0907122507122 -1 0 0
791.5870085470086 252.0907122507122 -1 0 0
576.6928774928776 248.91806267806265 -1 0 0
581.346096866097 248.07202279202278 -1 0 0
573.7317378917379 247.64900284900284 -1 0 0
569.0785185185185 234.95840455840454 -1 0 0
581.346096866097 237.07350427350423 -1 0 0
586.8453561253563 240.03464387464388 -1 0 0
589.8064957264958 236.22746438746438 -1 0 0
594.0366951566953 234.95840455840454 -1 0 0
593.1906552706553 250.18712250712247 -1 0 0
596.9978347578349 242.14974358974357 -1 0 0
601.2280341880343 241.30370370370372 -1 0 0
613.4956125356126 234.95840455840454 -1 0 0
603.7661538461539 231.57424501424504 -1 0 0
613.0725925925927 225.65196581196577 -1 0 0
606.3042735042736 226.4980056980057 -1 0 0
600.3819943019944 225.65196581196577 -1 0 0
617.7258119658121 231.99726495726495 -1 0 0
617.7258119658121 242.14974358974357 -1 0 0
612.2265527065529 246.37994301994306 -1 0 0
604.6121937321938 240.45766381766379 -1 0 0
599.1129344729346 251.45618233618234 -1 0 0
636.7617094017095 249.34108262108262 -1 0 0
634.2235897435899 245.9569230769231 -1 0 0
631.2624501424503 234.95840455840454 -1 0 0
627.4552706552707 232.42028490028488 -1 0 0
623.6480911680912 232.84330484330485 -1 0 0
640.1458689458691 231.57424501424504 -1 0 0
644.3760683760685 224.80592592592592 -1 0 0
640.1458689458691 225.22894586894586 -1 0 0
595.728774928775 272.18415954415957 -1 0 0
599.9589743589744 272.60717948717945 -1 0 0
605.4582336182337 276.414358974359 -1 0 0
608.8423931623933 271.7611396011396 -1 0 0
608.8423931623933 266.2618803418803 -1 0 0
613.0725925925927 262.0316809116809 -1 0 0
617.7258119658121 264.5698005698006 -1 0 0
616.4567521367522 267.1079202279202 -1 0 0
614.3416524216525 270.49207977207976 -1 0 0
612.6495726495726 276.414358974359 -1 0 0
614.3416524216525 283.605698005698 -1 0 0
624.0711111111111 284.8747578347578 -1 0 0
616.0337321937322 289.9509971509971 -1 0 0
619.4178917378918 277.6834188034188 -1 0 0
620.6869515669516 269.6460398860399 -1 0 0
624.9171509971511 264.14678062678064 -1 0 0
629.1473504273506 264.5698005698006 -1 0 0
632.5315099715101 273.03019943019945 -1 0 0
636.7617094017095 267.1079202279202 -1 0 0
627.0322507122509 275.14529914529913 -1 0 0
624.9171509971511 271.33811965811964 -1 0 0
630.4164102564104 284.8747578347578 -1 0 0
632.1084900284901 278.5294586894587 -1 0 0
636.7617094017095 286.1438176638177 -1 0 0
643.5300284900286 289.52797720797724 -1 0 0
645.6451282051282 291.64307692307693 -1 0 0
651.5674074074075 290.3740170940171 -1 0 0
659.1817663817665 290.79703703703706 -1 0 0
666.7961253561255 289.52797720797724 -1 0 0
672.2953846153847 288.6819373219373 -1 0 0
678.6406837606838 289.10495726495725 -1 0 0
684.1399430199431 287.83589743589744 -1 0 0
687.1010826210827 284.8747578347578 -1 0 0
695.9845014245014 282.33663817663813 -1 0 0
706.5600000000001 274.29925925925926 -1 0 0
713.7513390313392 267.95396011396014 -1 0 0
717.1354985754987 273.4532193732194 -1 0 0
721.365698005698 297.1423361823362 -1 0 0
706.98301994302 302.2185754985755 -1 0 0
718.8275783475785 290.3740170940171 -1 0 0
731.0951566951568 289.52797720797724 -1 0 0
736.594415954416 289.52797720797724 -1 0 0
728.5570370370372 281.49059829059826 -1 0 0
735.7483760683762 280.6445584045584 -1 0 0
726.8649572649574 275.56831908831913 -1 0 0
738.7095156695158 275.56831908831913 -1 0 0
737.017435897436 269.6460398860399 -1 0 0
730.2491168091169 269.22301994301995 -1 0 0
742.0936752136753 254.84034188034187 -1 0 0
736.1713960113962 251.87920227920225 -1 0 0
748.8619943019944 257.8014814814815 -1 0 0
753.0921937321939 256.1094017094017 -1 0 0
758.1684330484331 248.4950427350427 -1 0 0
761.5525925925928 261.185641025641 -1 0 0
770.4360113960115 248.91806267806265 -1 0 0
773.820170940171 246.37994301994306 -1 0 0
777.2043304843306 252.3022222222222 -1 0 0
778.8964102564104 246.8029629629629 -1 0 0
779.3194301994304 242.9957834757835 -1 0 0
780.1654700854701 259.9165811965812 -1 0 0
774.666210826211 273.03019943019945 -1 0 0
770.0129914529915 277.2603988603989 -1 0 0
761.9756125356126 281.49059829059826 -1 0 0
759.860512820513 276.414358974359 -1 0 0
756.8993732193733 273.8762393162393 -1 0 0
764.5137321937324 245.9569230769231 -1 0 0
771.2820512820514 244.2648433048433 -1 0 0
762.8216524216525 238.3425641025641 -1 0 0
754.3612535612536 238.3425641025641 -1 0 0
746.7468945868948 233.26632478632476 -1 0 0
754.7842735042736 245.1108831908832 -1 0 0
749.7080341880343 248.4950427350427 -1 0 0
740.8246153846155 241.30370370370372 -1 0 0
746.3238746438748 241.30370370370372 -1 0 0
736.594415954416 232.84330484330485 -1 0 0
729.403076923077 231.15122507122507 -1 0 0
737.4404558404559 238.3425641025641 -1 0 0
730.6721367521368 243.84182336182334 -1 0 0
727.2879772079774 254.41732193732196 -1 0 0
715.4434188034189 263.30074074074076 -1 0 0
712.0592592592594 255.68638176638177 -1 0 0
719.6736182336183 237.07350427350423 -1 0 0
718.4045584045585 231.99726495726495 -1 0 0
729.826096866097 218.8836467236467 -1 0 0
701.0607407407409 222.69082621082617 -1 0 0
694.2924216524218 223.53686609686608 -1 0 0
705.7139601139603 227.7670655270655 -1 0 0
708.2520797720798 230.7282051282051 -1 0 0
709.9441595441597 233.6893447293447 -1 0 0
711.2132193732195 238.765584045584 -1 0 0
706.1369800569802 236.22746438746438 -1 0 0
699.3686609686611 232.84330484330485 -1 0 0
691.7543019943022 232.84330484330485 -1 0 0
690.9082621082622 227.34404558404555 -1 0 0
680.7557834757836 232.42028490028488 -1 0 0
673.5644444444446 238.3425641025641 -1 0 0
664.6810256410257 242.14974358974357 -1 0 0
656.6436467236468 235.8044444444444 -1 0 0
652.8364672364673 240.88068376068375 -1 0 0
649.0292877492878 241.72672364672363 -1 0 0
657.9127065527067 239.61162393162394 -1 0 0
648.606267806268 237.4965242165242 -1 0 0
656.2206267806268 247.64900284900284 -1 0 0
663.411965811966 245.9569230769231 -1 0 0
681.1788034188035 253.57128205128203 -1 0 0
649.4523076923077 259.9165811965812 -1 0 0
652.4134472934473 277.6834188034188 -1 0 0
641.4149287749289 276.414358974359 -1 0 0
644.7990883190885 280.22153846153844 -1 0 0
648.606267806268 283.18267806267806 -1 0 0
652.4134472934473 283.605698005698 -1 0 0
663.8349857549858 271.33811965811964 -1 0 0
658.3357264957266 268.37698005698 -1 0 0
659.1817663817665 263.30074074074076 -1 0 0
654.1055270655272 266.6849002849003 -1 0 0
664.6810256410257 262.0316809116809 -1 0 0
671.4493447293448 258.64752136752134 -1 0 0
671.4493447293448 268.8 -1 0 0
690.9082621082622 273.4532193732194 -1 0 0
696.4075213675216 274.29925925925926 -1 0 0
697.6765811965813 269.22301994301995 -1 0 0
704.0218803418804 269.6460398860399 -1 0 0
698.5226210826212 261.185641025641 -1 0 0
694.2924216524218 260.33960113960114 -1 0 0
684.9859829059831 259.4935612535612 -1 0 0
690.0622222222223 253.57128205128203 -1 0 0
682.0248433048434 257.3784615384615 -1 0 0
676.5255840455841 270.0690598290598 -1 0 0
684.9859829059831 265.41584045584045 -1 0 0
690.0622222222223 265.8388603988604 -1 0 0
703.1758404558407 264.5698005698006 -1 0 0
697.2535612535613 240.03464387464388 -1 0 0
702.7528205128206 242.14974358974357 -1 0 0
690.9082621082622 238.3425641025641 -1 0 0
720.9426780626782 259.07054131054133 -1 0 0
675.6795441595443 282.5481481481481 -1 0 0
668.9112250712252 284.2402279202278 -1 0 0
613.9186324786325 296.0847863247862 -1 0 0
712.0592592592593 225.8634757834757 -1 0 0
748.4389743589744 363.7679772079771 -1 0 0
802.5855270655272 292.70062678062664 -1 0 0
977.8483916083917 555.8192207792207 -1 0 0
993.1930469530472 593.6693706293706 -1 0 0
953.2969430569432 515.9231168831168 -1 0 0
928.7454945054945 549.6813586413585 -1 0 0
891.9183216783218 541.4975424575424 -1 0 0
873.5047352647354 551.7273126873126 -1 0 0
884.7574825174827 517.9690709290708 -1 0 0
904.1940459540461 497.5095304695304 -1 0 0
913.4008391608393 483.1878521478521 -1 0 0
967.6186213786216 490.3486913086912 -1 0 0
968.6415984015986 502.6244155844155 -1 0 0
944.09014985015 507.73930069930066 -1 0 0
998.3079320679323 499.5554845154844 -1 0 0
1008.5377022977025 487.2797602397602 -1 0 0
995.2390009990012 465.79724275724266 -1 0 0
974.7794605394607 454.54449550449544 -1 0 0
964.5496903096904 473.98105894105885 -1 0 0
948.182057942058 470.91212787212777 -1 0 0
935.9063336663338 447.38365634365624 -1 0 0
916.4697702297705 419.76327672327665 -1 0 0
952.2739660339661 429.99304695304687 -1 0 0
971.7105294705297 429.99304695304687 -1 0 0
993.1930469530472 419.76327672327665 -1 0 0
999.3309090909094 414.6483916083915 -1 0 0
997.2849550449553 437.15388611388596 -1 0 0
978.8713686313688 443.2917482517481 -1 0 0
1016.7215184815187 455.5674725274725 -1 0 0
1015.6985414585415 408.5105294705293 -1 0 0
944.09014985015 418.7402997002996 -1 0 0
948.182057942058 411.5794605394605 -1 0 0
958.4118281718282 413.6254145854145 -1 0 0
983.9862537462539 498.5325074925074 -1 0 0
885.7804595404597 281.6613786213785 -1 0 0
903.171068931069 272.45458541458527 -1 0 0
911.3548851148852 270.40863136863123 -1 0 0
926.6995404595406 273.47756243756237 -1 0 0
932.8374025974027 255.0639760239759 -1 0 0
947.159080919081 256.08695304695294 -1 0 0
959.4348051948053 263.2477922077921 -1 0 0
958.4118281718282 251.99504495504482 -1 0 0
966.5956443556445 273.47756243756237 -1 0 0
992.1700699300701 276.5464935064934 -1 0 0
997.2849550449553 260.178861138861 -1 0 0
978.8713686313688 262.224815184815 -1 0 0
1013.6525874125875 260.178861138861 -1 0 0
977.8483916083917 245.85718281718275 -1 0 0
974.7794605394607 237.67336663336656 -1 0 0
983.9862537462539 241.76527472527465 -1 0 0
980.9173226773229 233.58145854145843 -1 0 0
930.7914485514486 242.78825174825158 -1 0 0
937.9522877122879 242.78825174825158 -1 0 0
937.9522877122879 236.65038961038942 -1 0 0
937.9522877122879 231.53550449550437 -1 0 0
928.7454945054945 228.4665734265733 -1 0 0
942.044195804196 225.3976423576422 -1 0 0
954.3199200799202 230.51252747252735 -1 0 0
946.1361038961039 234.60443556443536 -1 0 0
949.2050349650351 238.6963436563435 -1 0 0
955.3428971028973 237.67336663336656 -1 0 0
958.4118281718282 232.55848151848141 -1 0 0
961.4807592407594 229.48955044955034 -1 0 0
967.6186213786216 237.67336663336656 -1 0 0
990.124115884116 247.90313686313672 -1 0 0
986.0322077922078 234.60443556443536 -1 0 0
1006.4917482517484 250.9720679320678 -1 0 0
1021.8364035964037 263.2477922077921 -1 0 0
975.8024375624376 419.76327672327665 -1 0 0
981.9402997002998 410.5564835164834 -1 0 0
1014.6755644355646 439.19984015984005 -1 0 0
924.6535864135865 478.072967032967 -1 0 0
904.1940459540461 464.7742657342656 -1 0 0
1016.7215184815187 490.3486913086912 -1 0 0
720.0581818181819 242.78825174825158 -1 0 0
652.5416983016984 222.32871128871113 -1 0 0
654.5876523476524 226.42061938061926 -1 0 0
660.7255144855145 226.42061938061926 -1 0 0
4.997242757242728 137.42161838161823 -1 0 0
42.84739260739257 142.53650349650334 -1 0 0
33.64059940059938 145.60543456543442 -1 0 0
43.8703696303696 154.81222777222766 -1 0 0
8.066173826173808 234.60443556443536 -1 0 0
28.525714285714248 231.53550449550437 -1 0 0
