440.99910873440285 501.03475935828885 -1 0 0
472.94206773618544 458.8244206773619 -1 0 0
332.6212121212121 524.421568627451 -1 0 0
349.16310160427804 482.2112299465241 -1 0 0
340.03654188948303 624.8137254901961 -1 0 0
256.186274509804 629.9474153297683 -1 0 0
206.5606060606061 561.4982174688058 -1 0 0
155.22370766488413 547.8083778966133 -1 0 0
147.23796791443849 499.8939393939395 -1 0 0
95.33065953654189 489.6265597147951 -1 0 0
22.31818181818176 469.09180035650627 -1 0 0
110.73172905525844 444.5641711229947 -1 0 0
286.9884135472371 484.4928698752228 -1 0 0
285.277183600713 462.8172905525847 -1 0 0
338.32531194295905 441.1417112299466 -1 0 0
422.1755793226382 421.74777183600713 -1 0 0
473.51247771836006 420.60695187165777 -1 0 0
444.9919786096257 364.70677361853836 -1 0 0
429.5909090909091 340.17914438502675 -1 0 0
384.5285204991087 355.58021390374336 -1 0 0
371.4090909090909 327.63012477718365 -1 0 0
333.19162210338686 315.6515151515152 -1 0 0
282.99554367201426 378.96702317290556 -1 0 0
132.9777183600713 366.4180035650624 -1 0 0
65.66934046345803 355.58021390374336 -1 0 0
2.3538324420676986 329.9117647058824 -1 0 0
29.163101604278044 246.0614973262032 -1 0 0
8.628342245989247 212.40730837789664 -1 0 0
4.635472370766423 177.61229946524065 -1 0 0
36.008021390374275 150.23262032085563 -1 0 0
40.57130124777178 127.41622103386806 -1 0 0
77.07754010695187 155.36631016042782 -1 0 0
113.5837789661319 119.43048128342241 -1 0 0
132.40730837789656 143.3877005347594 -1 0 0
119.28787878787871 199.8582887700535 -1 0 0
127.27361853832436 220.3930481283423 -1 0 0
102.7459893048128 253.47682709447417 -1 0 0
66.8101604278075 233.51247771836012 -1 0 0
119.85828877005345 274.01158645276297 -1 0 0
154.08288770053477 240.92780748663102 -1 0 0
167.77272727272722 282.56773618538324 -1 0 0
200.85650623885917 312.22905525846704 -1 0 0
244.7780748663101 312.22905525846704 -1 0 0
215.11675579322636 245.49108734402853 -1 0 0
239.0739750445633 206.70320855614972 -1 0 0
260.7495543672014 248.91354723707667 -1 0 0
300.1078431372549 260.89215686274514 -1 0 0
298.96702317290556 220.3930481283423 -1 0 0
304.6711229946525 191.87254901960785 -1 0 0
354.86720142602496 240.92780748663102 -1 0 0
359.4304812834225 189.59090909090912 -1 0 0
333.7620320855615 145.09893048128345 -1 0 0
391.94385026737973 243.20944741532975 -1 0 0
463.2450980392157 283.7085561497326 -1 0 0
475.7941176470589 251.76559714795013 -1 0 0
459.25222816399287 202.13992869875227 -1 0 0
440.99910873440285 153.65508021390377 -1 0 0
244.20766488413548 107.45187165775394 -1 0 0
223.102495543672 130.26827094474157 -1 0 0
205.99019607843135 110.87433155080214 -1 0 0
408.85707502374174 88.32526115859446 -1 0 0
363.27302943969613 84.07075023741686 -1 0 0
352.33285849952523 64.62155745489065 -1 0 0
284.2606837606838 83.46296296296282 -1 0 0
213.1495726495727 59.1514719848052 -1 0 0
138.39173789173793 51.85802469135797 -1 0 0
90.98433048433048 84.07075023741686 -1 0 0
68.4962013295347 46.995726495726444 -1 0 0
32.77332457293045 27.83245729303553 -1 0 0
67.25427069645212 16.89947437582134 -1 0 0
110.98620236530888 26.99145860709598 -1 0 0
144.62614980289106 26.99145860709598 -1 0 0
169.85611038107766 31.196452036793744 -1 0 0
202.65505913272023 20.263469119579554 -1 0 0
236.29500657030235 9.330486202365364 -1 0 0
288.43692509855464 26.150459921156425 -1 0 0
467.56964520367944 7.648488830486258 -1 0 0
