1.0432098765432158 285.29629629629636 -1 0 0
46.10987654320989 282.79259259259254 -1 0 0
18.986419753086423 232.7185185185185 -1 0 0
60.297530864197554 235.22222222222217 -1 0 0
48.6135802469136 202.25679012345674 -1 0 0
89.50740740740743 202.25679012345674 -1 0 0
70.31234567901235 169.2913580246913 -1 0 0
112.04074074074076 167.20493827160487 -1 0 0
18.986419753086423 159.27654320987648 -1 0 0
1.87777777777778 134.65679012345674 -1 0 0
7.719753086419757 73.73333333333329 -1 0 0
30.253086419753103 85.8345679012345 -1 0 0
26.914814814814818 100.43950617283946 -1 0 0
41.10246913580248 74.98518518518512 -1 0 0
75.73703703703704 88.7555555555555 -1 0 0
74.48518518518522 72.89876543209868 -1 0 0
59.0456790123457 57.041975308641895 -1 0 0
10.369135802469154 40.24629629629632 -1 0 0
20.38395061728397 54.64259259259262 -1 0 0
42.29135802469138 38.36851851851853 -1 0 0
73.17037037037038 36.49074074074076 -1 0 0
85.27160493827161 54.43395061728398 -1 0 0
108.84814814814816 68.412962962963 -1 0 0
106.13580246913581 45.87962962962966 -1 0 0
123.24444444444445 61.94506172839509 -1 0 0
132.63333333333335 44.00185185185188 -1 0 0
111.14320987654322 28.979629629629642 -1 0 0
160.17407407407407 41.498148148148175 -1 0 0
158.92222222222222 54.85123456790127 -1 0 0
142.64814814814815 67.36975308641978 -1 0 0
145.56913580246913 85.93888888888891 -1 0 0
110.93456790123456 89.06851851851854 -1 0 0
92.57407407407409 107.63765432098768 -1 0 0
56.479012345679024 108.26358024691362 -1 0 0
44.377777777777794 138.51666666666668 -1 0 0
87.35802469135804 128.50185185185188 -1 0 0
130.12962962962965 112.64506172839509 -1 0 0
128.0432098765432 134.1351851851852 -1 0 0
157.87901234567903 114.7314814814815 -1 0 0
179.99506172839506 90.52901234567904 -1 0 0
183.95925925925926 66.32654320987656 -1 0 0
189.80123456790125 55.26851851851855 -1 0 0
196.68641975308643 38.15987654320989 -1 0 0
225.479012345679 41.498148148148175 -1 0 0
221.51481481481483 69.66481481481485 -1 0 0
215.0469135802469 92.82407407407409 -1 0 0
215.8814814814815 111.60185185185188 -1 0 0
210.45679012345676 134.55246913580248 -1 0 0
194.80864197530863 160.63271604938274 -1 0 0
163.720987654321 133.30061728395063 -1 0 0
158.2962962962963 165.8487654320988 -1 0 0
140.83333333333337 192.65925925925922 -1 0 0
110.37160493827163 238.14320987654318 -1 0 0
186.73456790123464 202.25679012345674 -1 0 0
170.46049382716052 238.14320987654318 -1 0 0
164.20123456790128 285.2962962962963 -1 0 0
102.86049382716051 285.7135802469136 -1 0 0
244.7370370370371 231.46666666666664 -1 0 0
232.21851851851858 193.4938271604938 -1 0 0
233.05308641975313 290.30370370370366 -1 0 0
311.08518518518525 284.879012345679 -1 0 0
362.4111111111112 298.64938271604933 -1 0 0
442.1123456790124 287.3827160493827 -1 0 0
422.08271604938284 229.3802469135802 -1 0 0
342.38148148148156 241.89876543209874 -1 0 0
306.07777777777784 247.7407407407407 -1 0 0
288.5518518518519 194.74567901234565 -1 0 0
343.6333333333334 189.32098765432093 -1 0 0
401.21851851851864 199.33580246913576 -1 0 0
455.04814814814824 195.99753086419747 -1 0 0
434.6012345679013 165.11851851851847 -1 0 0
389.9518518518519 159.69382716049378 -1 0 0
332.36666666666673 170.96049382716046 -1 0 0
294.8111111111112 165.11851851851847 -1 0 0
253.50000000000006 170.96049382716046 -1 0 0
246.4061728395062 134.23950617283947 -1 0 0
274.78148148148153 145.50617283950612 -1 0 0
337.37407407407414 134.65679012345674 -1 0 0
381.188888888889 131.73580246913576 -1 0 0
425.00370370370376 137.16049382716045 -1 0 0
408.7296296296297 112.12345679012338 -1 0 0
397.8802469135803 89.17283950617278 -1 0 0
367.41851851851857 89.17283950617278 -1 0 0
363.66296296296304 120.05185185185178 -1 0 0
329.0283950617285 110.87160493827156 -1 0 0
286.8827160493828 115.46172839506167 -1 0 0
252.24814814814823 107.53333333333327 -1 0 0
249.74444444444453 88.7555555555555 -1 0 0
293.5592592592593 91.67654320987648 -1 0 0
324.02098765432106 93.76296296296289 -1 0 0
248.07530864197537 73.31604938271596 -1 0 0
369.504938271605 65.38765432098756 -1 0 0
402.47037037037046 69.14320987654315 -1 0 0
440.86049382716055 85.8345679012345 -1 0 0
435.0185185185186 70.39506172839498 -1 0 0
459.28395061728395 108.26358024691355 -1 0 0
476.39259259259256 132.25740740740736 -1 0 0
464.0827160493827 70.08209876543205 -1 0 0
459.4925925925926 49.21790123456793 -1 0 0
455.5283950617284 34.82160493827163 -1 0 0
479.1049382716049 35.447530864197546 -1 0 0
422.56296296296296 52.97345679012349 -1 0 0
411.2962962962963 31.900617283950652 -1 0 0
387.5111111111111 52.97345679012349 -1 0 0
384.17283950617286 39.62037037037038 -1 0 0
346.82592592592596 50.887037037037075 -1 0 0
351.41604938271604 37.742592592592615 -1 0 0
319.07654320987655 53.59938271604942 -1 0 0
322.20617283950617 39.62037037037038 -1 0 0
289.65802469135804 37.1166666666667 -1 0 0
278.6 54.43395061728398 -1 0 0
474.750066613376 232.29886707917618 -1 0 0
251.21770731562913 37.85615951683096 -1 0 0
257.63183527252284 47.90495998263114 -1 0 0
225.77499975328394 56.029522061363224 -1 0 0
326.04920014605614 65.00930120101447 -1 0 0
288.205845200383 71.63723342313799 -1 0 0
163.09814370725638 27.165946255341368 -1 0 0
7.633989467322785 7.041224207890821 -1 0 0
32.750971250971254 9.178839678839608 -1 0 0
49.31749115082449 20.935724769058027 -1 0 0
77.10649227315895 17.729301562634816 -1 0 0
63.21199171199172 13.988474488474424 -1 0 0
89.39778123111455 16.66049382716045 -1 0 0
121.99641716308383 12.385262885262819 -1 0 0
131.61568678235346 20.935724769058027 -1 0 0
145.51018734352067 11.316455149788396 -1 0 0
173.29918846585514 8.110031943365186 -1 0 0
197.34736251402921 8.110031943365186 -1 0 0
202.15699732366403 21.470128636795266 -1 0 0
227.80838297504962 19.33251316584642 -1 0 0
232.08361391694731 10.24764741431403 -1 0 0
258.2694034360702 11.316455149788396 -1 0 0
260.9414227747561 20.935724769058027 -1 0 0
293.0056548389882 24.142147975481237 -1 0 0
283.9207890874558 10.24764741431403 -1 0 0
309.57217473884145 7.575628075628003 -1 0 0
324.00107916774596 25.21095571095566 -1 0 0
351.2556764223432 20.401320901320844 -1 0 0
348.58365708365716 10.782051282051214 -1 0 0
371.02861952861963 8.110031943365186 -1 0 0
382.785504618838 25.74535957869284 -1 0 0
406.2992747992748 22.00453250453245 -1 0 0
402.02404385737725 10.24764741431403 -1 0 0
419.65937149270485 4.369204869204793 -1 0 0
504.0951825951827 26.279763446430024 -1 0 0
487.52866269532944 81.85776569109896 -1 0 0
486.4598549598551 52.46555296555289 -1 0 0
500.88875938875947 109.11236294569625 -1 0 0
491.803893637227 166.2935767935768 -1 0 0
490.2006820340155 288.13765863765866 -1 0 0
480.9154148320816 1.066498316498297 -1 0 0
338.02918069584734 1.098592765259383 -1 0 0
440.63472330138995 22.47474747474743 -1 0 0
472.698955365622 19.802728136061432 -1 0 0
-31.911896745230102 112.31878615211946 -1 0 0
20.994086160752808 25.74535957869284 -1 0 0
391.50000000000006 6.225274725274629 -1 0 0
46.752747252747255 3.6978021978021043 -1 0 0
98.31318681318682 7.236263736263652 -1 0 0
