56.419664268585166 230.19904076738618 -1 0 0
90.94724220623502 237.705035971223 -1 0 0
146.49160671462826 200.92565947242207 -1 0 0
86.44364508393286 182.91127098321346 -1 0 0
57.17026378896884 176.15587529976023 -1 0 0
23.39328537170266 179.90887290167865 -1 0 0
23.39328537170266 212.93525179856118 -1 0 0
109.71223021582736 268.4796163069544 -1 0 0
167.50839328537168 245.21103117505993 -1 0 0
184.02158273381295 212.18465227817745 -1 0 0
177.26618705035972 180.65947242206238 -1 0 0
129.22781774580338 170.15107913669067 -1 0 0
159.25179856115105 146.88249400479617 -1 0 0
123.97362110311748 117.60911270983217 -1 0 0
136.73381294964028 124.3645083932854 -1 0 0
180.26858513189447 106.35011990407673 -1 0 0
228.3069544364508 131.8705035971223 -1 0 0
286.85371702637883 160.39328537170263 -1 0 0
227.55635491606714 218.189448441247 -1 0 0
217.04796163069543 193.41966426858517 -1 0 0
197.5323741007194 156.6402877697842 -1 0 0
260.58273381294964 155.1390887290168 -1 0 0
257.58033573141483 218.9400479616307 -1 0 0
274.84412470023983 239.20623501199043 -1 0 0
235.81294964028777 260.9736211031175 -1 0 0
335.6426858513189 233.95203836930455 -1 0 0
304.1175059952038 247.462829736211 -1 0 0
311.6235011990408 217.43884892086334 -1 0 0
325.88489208633086 188.91606714628296 -1 0 0
385.1822541966426 256.47002398081537 -1 0 0
352.9064748201438 260.2230215827338 -1 0 0
331.13908872901675 269.98081534772183 -1 0 0
368.6690647482013 215.93764988009593 -1 0 0
341.6474820143884 164.1462829736211 -1 0 0
366.41726618705025 137.87529976019187 -1 0 0
344.6498800959232 140.12709832134294 -1 0 0
310.87290167865706 134.12230215827338 -1 0 0
299.6139088729017 148.38369304556358 -1 0 0
318.378896882494 158.89208633093529 -1 0 0
412.2038369304555 167.8992805755396 -1 0 0
429.4676258992805 150.63549160671465 -1 0 0
469.24940047961627 158.14148681055156 -1 0 0
455.7386091127097 140.12709832134294 -1 0 0
491.01678657074336 177.65707434052757 -1 0 0
476.7553956834531 200.92565947242207 -1 0 0
492.51798561151065 215.93764988009593 -1 0 0
527.7961630695443 219.6906474820144 -1 0 0
561.5731414868104 230.9496402877698 -1 0 0
568.3285371702636 192.66906474820144 -1 0 0
536.8033573141486 272.2326139088729 -1 0 0
509.78177458033565 249.71462829736208 -1 0 0
482.76019184652273 248.9640287769784 -1 0 0
448.98321342925647 236.20383693045562 -1 0 0
505.2781774580335 205.42925659472422 -1 0 0
533.8009592326138 197.9232613908873 -1 0 0
557.820143884892 170.15107913669067 -1 0 0
518.0383693045562 155.1390887290168 -1 0 0
540.556354916067 139.3764988009593 -1 0 0
583.3405275779376 164.1462829736211 -1 0 0
588.5947242206234 192.66906474820144 -1 0 0
614.8657074340526 191.16786570743403 -1 0 0
598.3525179856114 228.69784172661872 -1 0 0
656.8992805755395 224.94484412470024 -1 0 0
656.1486810551557 203.92805755395682 -1 0 0
683.9208633093524 223.44364508393284 -1 0 0
665.9064748201438 186.66426858513188 -1 0 0
694.429256594724 178.4076738609113 -1 0 0
662.1534772182252 164.1462829736211 -1 0 0
683.9208633093524 146.1318944844125 -1 0 0
655.398081534772 144.6306954436451 -1 0 0
675.6642685851318 124.3645083932854 -1 0 0
647.1414868105514 116.85851318944844 -1 0 0
611.8633093525178 129.61870503597123 -1 0 0
593.0983213429256 134.87290167865712 -1 0 0
578.0863309352517 146.1318944844125 -1 0 0
620.1199040767385 170.9016786570743 -1 0 0
610.3621103117505 154.38848920863313 -1 0 0
563.8249400479615 257.22062350119904 -1 0 0
613.3645083932853 251.2158273381295 -1 0 0
614.1151079136689 267.72901678657075 -1 0 0
671.9112709832133 262.47482014388487 -1 0 0
734.2110311750598 263.9760191846523 -1 0 0
713.1942446043164 250.4652278177458 -1 0 0
745.4700239808152 241.4580335731415 -1 0 0
731.9592326139087 203.17745803357315 -1 0 0
756.7290167865706 226.44604316546764 -1 0 0
785.251798561151 201.67625899280574 -1 0 0
749.2230215827337 176.15587529976023 -1 0 0
725.9544364508392 164.1462829736211 -1 0 0
713.9448441247001 149.13429256594725 -1 0 0
740.966426858513 140.12709832134294 -1 0 0
773.9928057553956 148.38369304556358 -1 0 0
776.2446043165467 134.87290167865712 -1 0 0
808.5203836930455 152.13669064748203 -1 0 0
816.0263788968823 183.66187050359713 -1 0 0
845.2997601918463 167.14868105515586 -1 0 0
772.4916067146281 171.65227817745802 -1 0 0
874.5731414868104 151.38609112709833 -1 0 0
860.3117505995202 191.91846522781776 -1 0 0
837.7937649880095 212.18465227817745 -1 0 0
795.009592326139 236.95443645083935 -1 0 0
848.3021582733812 240.70743405275778 -1 0 0
912.1031175059951 254.2182254196643 -1 0 0
921.1103117505994 240.70743405275778 -1 0 0
817.5275779376498 123.61390887290167 -1 0 0
920.3597122302157 149.13429256594725 -1 0 0
897.8417266187049 126.61630695443648 -1 0 0
877.5755395683451 109.35251798561154 -1 0 0
858.0599520383693 88.33573141486812 -1 0 0
844.5491606714626 96.59232613908875 -1 0 0
840.0455635491604 128.11750599520383 -1 0 0
936.1223021582733 71.07194244604318 -1 0 0
855.6205035971223 143.6924460431655 -1 0 0
831.2260191846523 150.44784172661872 -1 0 0
900.2811750599521 186.85191846522784 -1 0 0
91.51019184652279 96.95983213429263 -1 0 0
90.38429256594725 70.3135491606715 -1 0 0
85.50539568345323 82.69844124700242 -1 0 0
61.86151079136693 95.83393285371704 -1 0 0
43.84712230215828 89.07853717026381 -1 0 0
16.450239808153484 62.80755395683457 -1 0 0
4.815947242206235 73.31594724220628 -1 0 0
38.968225419664265 57.92865707434055 -1 0 0
14.198441247002407 52.67446043165472 -1 0 0
46.84952038369306 39.914268585131936 -1 0 0
25.082134292565954 44.41786570743409 -1 0 0
51.72841726618705 50.04736211031178 -1 0 0
58.108513189448445 55.67685851318947 -1 0 0
59.23441247002398 63.933453237410106 -1 0 0
68.99220623501199 69.93824940047966 -1 0 0
88.88309352517987 51.548561151079156 -1 0 0
71.24400479616307 40.66486810551561 -1 0 0
68.99220623501199 28.655275779376524 -1 0 0
52.103717026378916 25.27757793764991 -1 0 0
46.474220623501196 14.393884892086362 -1 0 0
38.21762589928059 19.648081534772214 -1 0 0
9.69484412470024 19.648081534772214 -1 0 0
26.583333333333343 15.895083932853751 -1 0 0
17.576139088729022 14.769184652278213 -1 0 0
76.87350119904076 15.144484412470064 -1 0 0
62.98741007194246 12.142086330935285 -1 0 0
64.86390887290167 22.65047961630698 -1 0 0
77.24880095923263 24.15167865707437 -1 0 0
114.77877697841728 61.68165467625903 -1 0 0
91.88549160671462 43.29196642685855 -1 0 0
131.66726618705036 74.44184652278182 -1 0 0
162.81714628297362 73.31594724220628 -1 0 0
147.05455635491606 59.80515587529979 -1 0 0
117.78117505995203 46.29436450839333 -1 0 0
123.7859712230216 35.78597122302162 -1 0 0
139.923860911271 34.284772182254216 -1 0 0
130.91666666666669 24.15167865707437 -1 0 0
117.4058752997602 22.65047961630698 -1 0 0
108.02338129496403 23.77637889688252 -1 0 0
92.63609112709833 38.78836930455639 -1 0 0
154.560551558753 14.018585131894511 -1 0 0
149.681654676259 20.023381294964068 -1 0 0
156.0617505995204 26.778776978417298 -1 0 0
171.07374100719426 26.778776978417298 -1 0 0
185.71043165467626 27.15407673860915 -1 0 0
195.09292565947243 66.93585131894488 -1 0 0
220.613309352518 67.31115107913672 -1 0 0
224.7416067146283 79.32074340527579 -1 0 0
238.6276978417266 92.83153477218228 -1 0 0
198.09532374100718 93.95743405275783 -1 0 0
218.36151079136692 98.08573141486815 -1 0 0
243.50659472422066 75.19244604316549 -1 0 0
269.7775779376499 60.55575539568349 -1 0 0
248.76079136690643 52.29916067146286 -1 0 0
355.3459232613909 107.84352517985616 -1 0 0
343.71163069544366 84.9502398081535 -1 0 0
315.939448441247 105.59172661870508 -1 0 0
307.3075539568345 89.45383693045568 -1 0 0
320.44304556354916 68.8123501199041 -1 0 0
296.423860911271 80.07134292565951 -1 0 0
285.1648681055156 59.05455635491609 -1 0 0
270.52817745803355 80.44664268585134 -1 0 0
249.88669064748197 126.98381294964031 -1 0 0
231.1217026378897 116.85071942446048 -1 0 0
288.5425659472422 128.4850119904077 -1 0 0
233.3735011990408 45.16846522781779 -1 0 0
214.60851318944844 44.41786570743409 -1 0 0
231.1217026378897 27.90467625899285 -1 0 0
263.3974820143885 24.15167865707437 -1 0 0
307.3075539568345 45.919064748201464 -1 0 0
299.05095923261393 54.550959232613934 -1 0 0
287.0413669064748 45.54376498800963 -1 0 0
348.9658273381295 46.66966426858516 -1 0 0
362.476618705036 44.04256594724225 -1 0 0
231.49700239808152 9.514988009592358 -1 0 0
211.23081534772183 15.895083932853751 -1 0 0
196.96942446043164 16.64568345323744 -1 0 0
198.09532374100718 24.52697841726622 -1 0 0
206.72721822541968 30.531774580335764 -1 0 0
178.57973621103116 51.548561151079156 -1 0 0
168.44664268585132 59.42985611510795 -1 0 0
174.45143884892087 77.44424460431657 -1 0 0
202.9742206235012 44.04256594724225 -1 0 0
279.5353717026379 5.761990407673892 -1 0 0
297.54976019184653 8.013788968824969 -1 0 0
288.91786570743403 9.514988009592358 -1 0 0
275.4070743405276 26.778776978417298 -1 0 0
298.67565947242207 18.89748201438852 -1 0 0
307.6828537170264 10.640887290167896 -1 0 0
321.5689448441247 29.781175059952062 -1 0 0
310.3099520383693 21.899880095923294 -1 0 0
378.61450839328535 4.636091127098354 -1 0 0
382.3675059952038 16.64568345323744 -1 0 0
372.98501199040766 25.652877697841763 -1 0 0
389.12290167865706 20.398681055155905 -1 0 0
393.2511990407674 27.529376498800985 -1 0 0
396.25359712230215 34.284772182254216 -1 0 0
374.8615107913669 33.15887290167868 -1 0 0
415.76918465227817 42.54136690647485 -1 0 0
421.02338129496405 28.279976019184687 -1 0 0
405.6360911270983 20.023381294964068 -1 0 0
415.39388489208636 21.149280575539606 -1 0 0
434.5341726618705 21.899880095923294 -1 0 0
445.41786570743403 17.771582733812977 -1 0 0
450.6720623501199 31.282374100719466 -1 0 0
458.1780575539569 38.78836930455639 -1 0 0
434.15887290167865 32.03297362110314 -1 0 0
448.044964028777 50.79796163069549 -1 0 0
439.03776978417267 55.301558752997636 -1 0 0
449.5461630695443 90.95503597122305 -1 0 0
400.7571942446043 94.33273381294967 -1 0 0
425.9022781774581 122.10491606714632 -1 0 0
457.0521582733813 122.48021582733816 -1 0 0
398.8806954436451 115.34952038369309 -1 0 0
366.98021582733816 91.70563549160676 -1 0 0
361.3507194244604 58.303956834532414 -1 0 0
347.0893285371703 69.18764988009596 -1 0 0
379.74040767386094 54.550959232613934 -1 0 0
379.3651079136691 43.66726618705039 -1 0 0
393.2511990407674 59.42985611510795 -1 0 0
412.7667865707434 56.05215827338134 -1 0 0
466.8099520383693 7.638489208633132 -1 0 0
245.7583932853717 35.03537170263792 -1 0 0
253.2643884892086 40.66486810551561 -1 0 0
409.3890887290168 81.57254196642688 -1 0 0
442.0401678657075 66.18525179856118 -1 0 0
463.0569544364509 98.46103117505999 -1 0 0
460.42985611510795 83.07374100719429 -1 0 0
105.39628297362111 8.389088729016805 -1 0 0
94.51258992805757 18.52218225419668 -1 0 0
114.40347721822542 15.144484412470064 -1 0 0
135.79556354916068 10.265587529976045 -1 0 0
163.94304556354916 18.89748201438852 -1 0 0
177.07853717026381 12.142086330935285 -1 0 0
156.0617505995204 5.01139088729019 -1 0 0
4.815947242206235 106.34232613908875 -1 0 0
22.079736211031175 121.72961630695445 -1 0 0
34.46462829736211 113.47302158273385 -1 0 0
22.830335731414877 108.218824940048 -1 0 0
30.71163069544365 94.33273381294967 -1 0 0
34.83992805755396 76.31834532374103 -1 0 0
334.70443645083935 45.919064748201464 -1 0 0
324.9466426858513 57.178057553956876 -1 0 0
360.60011990407673 74.06654676258995 -1 0 0
454.42505995203834 4.260791366906517 -1 0 0
248.0101918465228 17.02098321342929 -1 0 0
256.2667865707434 7.263189448441267 -1 0 0
140.48681055155876 49.30455635491609 -1 0 0
118.71942446043168 98.09352517985616 -1 0 0
58.671462829736214 115.3573141486811 -1 0 0
94.8878896882494 126.05335731414874 -1 0 0
204.10011990407673 134.6852517985612 -1 0 0
271.2787769784173 100.15767386091133 -1 0 0
273.53057553956836 125.6780575539569 -1 0 0
20.953836930455637 33.90947242206238 -1 0 0
3.31474820143886 36.161270983213456 -1 0 0
205.976618705036 68.43705035971226 -1 0 0
364.7284172661871 18.89748201438852 -1 0 0
353.09412470023983 16.270383693045602 -1 0 0
344.8375299760192 11.391486810551598 -1 0 0
336.58093525179856 9.139688249400507 -1 0 0
324.9466426858513 12.517386091127138 -1 0 0
315.939448441247 10.265587529976045 -1 0 0
329.07494004796166 21.899880095923294 -1 0 0
339.5833333333333 28.655275779376524 -1 0 0
278.7847721822542 21.149280575539606 -1 0 0
268.65167865707434 8.389088729016805 -1 0 0
240.50419664268588 20.023381294964068 -1 0 0
189.8387290167866 12.142086330935285 -1 0 0
103.14448441247004 36.161270983213456 -1 0 0
88.50779376498801 31.657673860911306 -1 0 0
81.75239808153478 27.90467625899285 -1 0 0
72.74520383693047 10.265587529976045 -1 0 0
75.74760191846522 12.142086330935285 -1 0 0
84.75479616306956 7.263189448441267 -1 0 0
19.8279376498801 23.77637889688252 -1 0 0
35.59052757793765 29.781175059952062 -1 0 0
463.0569544364509 26.403477218225447 -1 0 0
462.1187050359712 50.79796163069549 -1 0 0
471.1258992805755 39.163669064748234 -1 0 0
469.6247002398081 29.405875299760226 -1 0 0
480.1330935251798 34.66007194244608 -1 0 0
473.37769784172656 23.025779376498832 -1 0 0
488.01438848920856 11.766786570743434 -1 0 0
473.37769784172656 17.39628297362114 -1 0 0
490.6414868105515 24.902278177458072 -1 0 0
483.88609112709827 24.15167865707437 -1 0 0
492.1426858513189 38.78836930455639 -1 0 0
486.888489208633 45.919064748201464 -1 0 0
472.6270983213428 56.05215827338134 -1 0 0
491.3920863309352 62.43225419664273 -1 0 0
489.1402877697841 73.69124700239811 -1 0 0
481.2589928057553 66.56055155875302 -1 0 0
456.4892086330934 68.43705035971226 -1 0 0
468.49880095923254 77.44424460431657 -1 0 0
479.38249400479606 104.46582733812951 -1 0 0
500.02398081534767 103.33992805755399 -1 0 0
494.76978417266184 88.70323741007198 -1 0 0
516.9124700239807 102.96462829736214 -1 0 0
537.9292565947242 119.47781774580338 -1 0 0
543.9340527577938 99.21163069544369 -1 0 0
523.2925659472421 75.19244604316549 -1 0 0
518.4136690647481 64.68405275779381 -1 0 0
513.9100719424459 49.672062350119944 -1 0 0
503.77697841726615 65.80995203836935 -1 0 0
503.77697841726615 48.92146282973624 -1 0 0
511.65827338129486 28.655275779376524 -1 0 0
503.0263788968824 31.657673860911306 -1 0 0
525.919664268585 29.03057553956839 -1 0 0
533.425659472422 40.28956834532377 -1 0 0
547.6870503597122 40.66486810551561 -1 0 0
545.435251798561 29.781175059952062 -1 0 0
549.5635491606714 56.427458033573174 -1 0 0
539.0551558752998 61.30635491606719 -1 0 0
541.6822541966426 75.19244604316549 -1 0 0
560.8225419664268 70.3135491606715 -1 0 0
587.4688249400479 87.57733812949644 -1 0 0
569.4544364508392 87.57733812949644 -1 0 0
589.3453237410072 110.47062350119907 -1 0 0
633.2553956834531 96.58453237410075 -1 0 0
608.1103117505995 102.5893285371703 -1 0 0
617.8681055155874 84.57494004796166 -1 0 0
606.9844124700239 76.69364508393289 -1 0 0
618.2434052757793 68.06175059952042 -1 0 0
584.841726618705 67.31115107913672 -1 0 0
600.9796163069543 58.679256594724244 -1 0 0
572.0815347721822 60.180455635491626 -1 0 0
577.7110311750598 48.546163069544406 -1 0 0
590.8465227817745 48.17086330935254 -1 0 0
611.863309352518 49.672062350119944 -1 0 0
606.9844124700239 32.78357314148684 -1 0 0
583.7158273381294 36.53657074340532 -1 0 0
574.3333333333333 30.531774580335764 -1 0 0
562.3237410071943 27.90467625899285 -1 0 0
631.378896882494 58.679256594724244 -1 0 0
652.7709832134292 34.66007194244608 -1 0 0
638.509592326139 41.41546762589931 -1 0 0
622.3717026378896 33.90947242206238 -1 0 0
629.5023980815347 27.15407673860915 -1 0 0
614.8657074340526 27.15407673860915 -1 0 0
662.5287769784172 91.70563549160676 -1 0 0
670.4100719424459 72.56534772182258 -1 0 0
647.5167865707433 81.57254196642688 -1 0 0
643.0131894484412 72.19004796163074 -1 0 0
664.0299760191846 60.93105515587533 -1 0 0
688.7997601918464 111.22122302158277 -1 0 0
689.925659472422 86.4514388489209 -1 0 0
721.0755395683452 102.21402877697844 -1 0 0
727.0803357314148 87.2020383693046 -1 0 0
742.4676258992805 109.72002398081537 -1 0 0
763.4844124700239 110.09532374100723 -1 0 0
782.6247002398081 97.71043165467628 -1 0 0
801.7649880095923 122.48021582733816 -1 0 0
805.5179856115108 99.96223021582736 -1 0 0
797.2613908872902 75.56774580335735 -1 0 0
826.9100719424459 81.19724220623505 -1 0 0
816.776978417266 75.19244604316549 -1 0 0
807.7697841726617 81.19724220623505 -1 0 0
805.8932853717026 57.178057553956876 -1 0 0
807.019184652278 48.17086330935254 -1 0 0
785.251798561151 65.43465227817748 -1 0 0
768.7386091127098 60.55575539568349 -1 0 0
753.351318944844 66.56055155875302 -1 0 0
755.978417266187 49.29676258992808 -1 0 0
736.0875299760191 52.67446043165472 -1 0 0
739.4652278177457 71.0641486810552 -1 0 0
721.0755395683452 68.06175059952042 -1 0 0
726.3297362110311 58.679256594724244 -1 0 0
724.8285371702636 52.67446043165472 -1 0 0
714.3201438848921 54.9262589928058 -1 0 0
710.9424460431653 66.18525179856118 -1 0 0
709.4412470023981 77.81954436450843 -1 0 0
675.6642685851318 46.66966426858516 -1 0 0
668.5335731414867 34.284772182254216 -1 0 0
688.4244604316546 34.284772182254216 -1 0 0
703.0611510791366 30.156474820143927 -1 0 0
696.6810551558752 45.919064748201464 -1 0 0
769.8645083932853 7.263189448441267 -1 0 0
771.3657074340526 41.040167865707474 -1 0 0
775.4940047961629 29.405875299760226 -1 0 0
795.7601918465227 42.54136690647485 -1 0 0
833.6654676258993 63.182853717026404 -1 0 0
821.2805755395682 52.29916067146286 -1 0 0
709.4412470023981 115.72482014388493 -1 0 0
716.1966426858512 22.65047961630698 -1 0 0
662.5287769784172 2.384292565947277 -1 0 0
808.1450839328536 30.9070743405276 -1 0 0
795.3848920863309 15.895083932853751 -1 0 0
723.7026378896882 30.9070743405276 -1 0 0
710.5671462829736 45.54376498800963 -1 0 0
675.28896882494 4.260791366906517 -1 0 0
690.3009592326139 3.5101918465228152 -1 0 0
673.4124700239807 21.899880095923294 -1 0 0
700.0587529976019 9.139688249400507 -1 0 0
651.6450839328536 2.0089928057554403 -1 0 0
635.8824940047962 3.5101918465228152 -1 0 0
744.3441247002397 4.260791366906517 -1 0 0
819.4040767386091 42.16606714628301 -1 0 0
809.2709832134292 38.037769784172696 -1 0 0
833.6654676258993 37.287170263788994 -1 0 0
822.0311750599519 29.405875299760226 -1 0 0
733.8357314148681 36.53657074340532 -1 0 0
786.3776978417266 11.016187050359747 -1 0 0
796.1354916067146 6.137290167865729 -1 0 0
808.5203836930455 9.890287769784209 -1 0 0
817.5275779376498 12.892685851318973 -1 0 0
276.1576738609113 39.163669064748234 -1 0 0
422.5245803357314 91.33033573141489 -1 0 0
395.1276978417266 75.94304556354919 -1 0 0
278.0341726618705 74.81714628297365 -1 0 0
883.017386091127 8.013788968824969 -1 0 0
920.1720623501199 15.5197841726619 -1 0 0
910.4142685851318 15.895083932853751 -1 0 0
907.0365707434053 8.76438848920867 -1 0 0
893.9010791366907 5.01139088729019 -1 0 0
865.3782973621103 33.15887290167868 -1 0 0
864.2523980815347 47.795563549160704 -1 0 0
877.7631894484413 59.05455635491609 -1 0 0
898.4046762589928 53.04976019184656 -1 0 0
892.7751798561151 42.16606714628301 -1 0 0
878.8890887290167 45.16846522781779 -1 0 0
849.9910071942446 41.040167865707474 -1 0 0
845.8627098321342 67.68645083932856 -1 0 0
916.4190647482014 59.80515587529979 -1 0 0
914.1672661870505 50.79796163069549 -1 0 0
925.0509592326139 45.16846522781779 -1 0 0
932.556954436451 54.550959232613934 -1 0 0
934.0581534772182 61.68165467625903 -1 0 0
920.9226618705036 76.69364508393289 -1 0 0
899.9058752997603 85.32553956834536 -1 0 0
906.2859712230215 74.44184652278182 -1 0 0
882.2667865707434 95.08333333333337 -1 0 0
917.544964028777 103.71522781774584 -1 0 0
861.6252997601919 71.0641486810552 -1 0 0
889.3974820143885 71.0641486810552 -1 0 0
761.7955635491608 85.7008393285372 -1 0 0
913.4166666666667 33.35431654676265 -1 0 0
938.5617505995203 50.99340527577942 -1 0 0
877.0125899280575 79.89148681055161 -1 0 0
559.1336930455635 40.48501199040774 -1 0 0
698.7452038369304 69.00779376498807 -1 0 0
688.2368105515587 56.99820143884897 -1 0 0
554.6300959232614 123.05095923261395 -1 0 0
441.28956834532374 177.0941247002399 -1 0 0
860.8747002398081 11.391486810551598 -1 0 0
-42.65947242206232 266.2278177458034 -1 0 0
28.647482014388487 5.019184652278227 -1 0 0
44.119880119880094 147.8186813186813 -1 0 0
819.897102897103 257.571928071928 -1 0 0
557.2397602397602 149.69480519480516 -1 0 0
563.8061938061938 102.79170829170829 -1 0 0
549.7352647352648 110.29620379620377 -1 0 0
269.2547452547452 202.2262737262737 -1 0 0
257.05994005994 167.51798201798198 -1 0 0
