168.9399147080129 651.2048874847827 -1 0 0
464.1220078719573 255.35733757552677 -1 0 0
469.23271567595003 253.1891585071662 -1 0 0
471.5557646777649 257.0609068435244 -1 0 0
475.73725288103174 252.72454870680323 -1 0 0
481.3125704853874 252.87941864025757 -1 0 0
486.73301815628884 252.72454870680323 -1 0 0
490.140156692284 253.96350817443786 -1 0 0
491.3791161599186 256.90603691007004 -1 0 0
490.29502662573833 262.0167447140628 -1 0 0
467.9937562083154 271.77355052168525 -1 0 0
468.9229758090414 261.24239504679116 -1 0 0
463.50252813814 260.9326551798825 -1 0 0
476.66647248175764 255.97681730934406 -1 0 0
481.77718028575043 257.68038657734166 -1 0 0
503.14923110244735 252.25993890644025 -1 0 0
504.3881905700819 256.59629704316137 -1 0 0
512.7511669766155 252.87941864025757 -1 0 0
520.4946636493318 253.8086382409835 -1 0 0
529.4771197896827 252.41480883989456 -1 0 0
534.2780877267668 252.25993890644025 -1 0 0
543.7251536674805 252.72454870680323 -1 0 0
555.1855287431007 252.72454870680323 -1 0 0
522.3531028507837 258.7644761115219 -1 0 0
513.8352565107958 258.7644761115219 -1 0 0
509.0342885737117 256.90603691007004 -1 0 0
506.0917598380795 258.4547362446133 -1 0 0
509.653768307529 264.8044035162406 -1 0 0
516.6229153129736 263.1008342482431 -1 0 0
520.4946636493318 260.6229153129738 -1 0 0
524.36641198569 261.24239504679116 -1 0 0
521.8884930504207 264.8044035162406 -1 0 0
530.2514694569543 267.7469322518728 -1 0 0
543.8800236009349 268.5212819191444 -1 0 0
552.3978699409228 268.0566721187815 -1 0 0
513.6803865773414 267.43719238496413 -1 0 0
501.9102716348127 267.90180218532714 -1 0 0
482.0869201526591 263.1008342482431 -1 0 0
476.82134241521203 260.6229153129738 -1 0 0
470.161935276676 264.8044035162406 -1 0 0
466.9096666741351 265.8884930504209 -1 0 0
464.1220078719573 274.4063393904088 -1 0 0
475.427513014123 268.98589171950744 -1 0 0
475.1177731472144 266.0433629838752 -1 0 0
476.9762123486663 272.85764005586555 -1 0 0
474.65316334685144 272.85764005586555 -1 0 0
469.3875856094043 276.10990865840637 -1 0 0
467.6840163414068 278.58782759367557 -1 0 0
468.61323594213275 281.8400961962164 -1 0 0
470.626545077039 280.29139686167315 -1 0 0
471.86550454467357 283.69853539766837 -1 0 0
467.8388862748611 285.71184453257456 -1 0 0
469.8521954097673 291.2871621369303 -1 0 0
466.4450568737722 292.3712516711106 -1 0 0
463.3476582046857 279.8267870613102 -1 0 0
477.5956920824836 276.41964852531504 -1 0 0
480.8479606850245 274.5612093238632 -1 0 0
486.42327828938016 276.884258325678 -1 0 0
490.7596364261013 275.4904289245891 -1 0 0
488.74632729119503 282.9241857303967 -1 0 0
483.17100968683934 281.37548639585344 -1 0 0
480.5382208181158 284.008275264577 -1 0 0
489.5206769584667 286.9508040002092 -1 0 0
495.71547429663974 279.20730732749286 -1 0 0
498.6580030322719 272.5479001889569 -1 0 0
502.52975136863 277.19399819258666 -1 0 0
505.9368899046252 273.4771197896829 -1 0 0
511.20246764207224 274.25146945695445 -1 0 0
510.4281179748006 282.14983606312506 -1 0 0
507.4855892391684 279.98165699476453 -1 0 0
507.9501990395314 284.78262493184866 -1 0 0
503.14923110244735 288.65437326820677 -1 0 0
499.27748276608924 283.69853539766837 -1 0 0
515.6936957122477 285.8667144660289 -1 0 0
524.2115420522356 285.8667144660289 -1 0 0
519.7203139820601 278.12321779331256 -1 0 0
528.2381603220481 278.12321779331256 -1 0 0
537.2206164623989 277.50373805949533 -1 0 0
544.9641131351152 277.9683478598583 -1 0 0
535.0524373940384 272.85764005586555 -1 0 0
536.1365269282187 275.0258191242261 -1 0 0
528.3930302555024 288.3446334012981 -1 0 0
544.9641131351152 287.8800236009351 -1 0 0
536.9108765954903 290.20307260275 -1 0 0
555.1855287431007 289.4287229354784 -1 0 0
533.6586079929494 284.62775499839427 -1 0 0
564.7874646172689 262.48135451442573 -1 0 0
566.9556436856294 256.59629704316137 -1 0 0
570.6725220885332 253.1891585071662 -1 0 0
576.2478396928889 256.90603691007004 -1 0 0
580.2744579627014 262.7910943813344 -1 0 0
590.1861337037782 261.24239504679116 -1 0 0
593.903012106682 261.24239504679116 -1 0 0
594.832231707408 277.65860799294967 -1 0 0
593.5932722397733 269.29563158641605 -1 0 0
576.8673194267062 271.15407078786797 -1 0 0
583.0621167648792 281.9949661296708 -1 0 0
577.1770592936149 277.65860799294967 -1 0 0
571.9114815561678 281.37548639585344 -1 0 0
567.2653835525381 272.08329038859387 -1 0 0
560.4511064805478 277.65860799294967 -1 0 0
562.6192855489084 284.1631451980313 -1 0 0
561.070586214365 282.9241857303967 -1 0 0
569.12382275399 295.3137804067427 -1 0 0
572.2212214230765 296.5527398743773 -1 0 0
576.5575795597975 288.4995033347524 -1 0 0
579.9647180957927 291.5969020038389 -1 0 0
577.7965390274322 284.7826249318486 -1 0 0
557.66344767837 293.7650810721995 -1 0 0
553.6368294085573 295.62352027365137 -1 0 0
553.6368294085573 292.8358614714735 -1 0 0
504.69793043699053 262.7910943813344 -1 0 0
476.2018626813947 295.3137804067427 -1 0 0
474.65316334685144 293.45534120529084 -1 0 0
475.5823829475774 286.33132426639185 -1 0 0
465.05122747268325 294.3845608060168 -1 0 0
469.0778457424957 295.0040405398341 -1 0 0
468.14862614176974 298.4111790758293 -1 0 0
449.8739739941593 300.2696182772811 -1 0 0
436.5551597170874 298.7209189427379 -1 0 0
434.0772407818182 302.12805747873307 -1 0 0
429.4311427781884 305.22545614781956 -1 0 0
424.47530490764996 307.3936352161801 -1 0 0
420.4486866378375 302.4377973456417 -1 0 0
483.6356194872023 300.57935814418977 -1 0 0
488.5914573577407 300.8890980110985 -1 0 0
489.52067695846665 297.4819594751033 -1 0 0
494.7862546959137 295.9332601405601 -1 0 0
494.7862546959137 303.05727707945897 -1 0 0
493.8570350951878 300.2696182772811 -1 0 0
13.915111320233224 407.12987236076566 -1 0 0
33.738462802386884 381.11172354043896 -1 0 0
14.534591054050527 394.12079795060237 -1 0 0
2.1449963777044774 380.4922438066217 -1 0 0
33.118983068569584 411.4662304974868 -1 0 0
51.703375083088616 396.59871688587157 -1 0 0
70.907246831425 389.7844398138812 -1 0 0
69.0488076299731 417.6610278356598 -1 0 0
51.703375083088616 407.12987236076566 -1 0 0
49.84493588163671 434.386980648727 -1 0 0
36.83586147147339 446.1570955912557 -1 0 0
20.729388392223537 446.1570955912557 -1 0 0
15.773550521685127 430.67010224582316 -1 0 0
28.782624931848478 473.414203879217 -1 0 0
52.32285481690592 463.5025281381402 -1 0 0
81.43840230631912 470.31680521013044 -1 0 0
77.72152390341532 502.52975136863023 -1 0 0
19.490428924588933 558.9024071460046 -1 0 0
2.764476111521778 513.6803865773417 -1 0 0
2.764476111521778 444.2986563898038 -1 0 0
121.08510527062644 550.8491706063797 -1 0 0
130.37730127788595 487.6622377570149 -1 0 0
118.60718633535724 451.7324131956114 -1 0 0
144.00585542186664 454.8298118646979 -1 0 0
128.51886207643406 428.8116630443712 -1 0 0
107.45655112664582 439.3428185192654 -1 0 0
111.79290926336692 422.6168657061982 -1 0 0
103.73967272374202 407.12987236076566 -1 0 0
91.35007804739594 449.2544942603422 -1 0 0
93.8279969826652 377.3948451375352 -1 0 0
114.89030793245342 379.2532843389871 -1 0 0
121.08510527062644 363.76629099355455 -1 0 0
137.81105808369364 368.1026491302756 -1 0 0
139.66949728514552 378.63380460516976 -1 0 0
133.47469994697252 390.40391954769854 -1 0 0
151.43961222767425 361.28837205828535 -1 0 0
145.86429462331853 347.65981791430465 -1 0 0
150.20065276003965 389.16496008006396 -1 0 0
166.92660557310677 387.306520878612 -1 0 0
165.68764610547217 368.72212886409295 -1 0 0
179.31620024945286 370.58056806554487 -1 0 0
173.74088264509714 381.11172354043896 -1 0 0
177.45776104800095 352.61565578484306 -1 0 0
190.46683545816427 355.7130544539296 -1 0 0
188.60839625671235 341.4650205761317 -1 0 0
183.65255838617395 505.00767030389943 -1 0 0
162.59024743638565 488.2817174908322 -1 0 0
177.45776104800095 454.8298118646979 -1 0 0
198.5200719977892 433.14802118109236 -1 0 0
173.74088264509714 425.71426437528476 -1 0 0
212.14862614176985 424.4753049076502 -1 0 0
212.14862614176985 402.79351422404454 -1 0 0
189.84735572434695 391.64287901533316 -1 0 0
205.33434906977948 389.7844398138812 -1 0 0
209.6707072065006 377.3948451375352 -1 0 0
218.34342347994286 368.72212886409295 -1 0 0
220.82134241521206 360.0494125906507 -1 0 0
207.81226800504868 354.474094986295 -1 0 0
216.48498427849097 346.4208584466701 -1 0 0
209.6707072065006 332.79230430268944 -1 0 0
235.6888560268273 338.9871016408625 -1 0 0
214.00706534322177 571.2920018223507 -1 0 0
223.91874108429857 489.5206769584668 -1 0 0
212.76810587558717 465.9804470734094 -1 0 0
289.5835928689325 563.2387652827258 -1 0 0
260.46804537951937 463.5025281381402 -1 0 0
290.20307260274984 451.7324131956114 -1 0 0
264.8044035162405 426.9532238429194 -1 0 0
259.8485656457021 396.59871688587157 -1 0 0
246.22001150172142 380.4922438066217 -1 0 0
233.83041682537538 371.81952753317944 -1 0 0
240.0252141635484 350.13773684957386 -1 0 0
256.7511669766156 343.9429395114009 -1 0 0
244.98105203408682 340.22606110849705 -1 0 0
250.5563696384425 369.9610883317276 -1 0 0
254.89272777516368 361.9078517921026 -1 0 0
243.74209256645221 361.28837205828535 -1 0 0
246.8394912355387 355.7130544539296 -1 0 0
320.55757955979766 496.33495403045714 -1 0 0
321.7965390274323 459.166170001419 -1 0 0
303.8316267467305 408.3688318284003 -1 0 0
276.57451845876926 391.64287901533316 -1 0 0
283.3887955307595 371.81952753317944 -1 0 0
272.85764005586543 372.4390072669968 -1 0 0
272.2381603220481 363.1468112597372 -1 0 0
279.6719171278557 358.81045312301615 -1 0 0
282.76931579694224 345.80137871285274 -1 0 0
284.6277549983941 332.79230430268944 -1 0 0
269.1407616529616 344.56241924521817 -1 0 0
342.23937024340324 566.9556436856295 -1 0 0
362.0627217255569 506.246629771534 -1 0 0
381.8860732077105 495.71547429663985 -1 0 0
365.7796001284607 476.51160254830353 -1 0 0
365.7796001284607 463.5025281381402 -1 0 0
392.41722868260473 451.7324131956114 -1 0 0
380.02763400625867 423.23634544001555 -1 0 0
402.32890442368154 418.8999873032944 -1 0 0
354.009485185932 407.12987236076566 -1 0 0
322.41601876124963 412.7051899651214 -1 0 0
318.69914035834586 387.306520878612 -1 0 0
353.3900054521147 376.15588566990056 -1 0 0
331.08873503469187 369.9610883317276 -1 0 0
378.7886745386241 376.15588566990056 -1 0 0
389.9393097473355 373.05848700081407 -1 0 0
406.6652625604027 387.306520878612 -1 0 0
301.97318754527856 375.53640593608327 -1 0 0
313.12382275399005 369.34160859791024 -1 0 0
302.2829274121873 359.42993285683343 -1 0 0
304.45110648054776 349.82799698266524 -1 0 0
305.0705862143651 342.70398004376625 -1 0 0
317.1504410238025 355.40331458702093 -1 0 0
311.8848632863554 356.33253418774694 -1 0 0
309.09720448417755 355.0935747201123 -1 0 0
294.84917060637963 341.15528070922306 -1 0 0
301.97318754527856 338.9871016408625 -1 0 0
302.2829274121873 328.1462062990597 -1 0 0
306.3095456819997 321.9514089608866 -1 0 0
308.7874646172689 315.13713188889636 -1 0 0
322.4160187612496 312.6592129536271 -1 0 0
329.2302958332399 310.80077375217525 -1 0 0
332.3276945023264 317.61505082416556 -1 0 0
326.442637031062 314.8273920219877 -1 0 0
319.3186200921631 332.4825644357808 -1 0 0
325.2036775634274 333.1020441695981 -1 0 0
326.7523768979707 326.28776709760774 -1 0 0
332.637434369235 324.1195880292472 -1 0 0
339.1419715743167 318.23453055798285 -1 0 0
336.0445729052302 321.33192922706934 -1 0 0
325.2036775634274 342.70398004376625 -1 0 0
337.9030121066821 337.74814217322785 -1 0 0
336.97379250595617 359.42993285683343 -1 0 0
349.9828669161195 347.6598179143047 -1 0 0
344.0978094448551 349.82799698266524 -1 0 0
344.7172891786724 337.74814217322785 -1 0 0
347.81468784775893 339.91632124158843 -1 0 0
358.6555831895617 335.27022323795865 -1 0 0
351.8413061175714 332.4825644357808 -1 0 0
362.6822014593742 327.21698669833376 -1 0 0
359.8945426571963 320.40270962634344 -1 0 0
352.15104598448005 320.40270962634344 -1 0 0
350.9120865168454 310.4910338852666 -1 0 0
336.97379250595617 311.72999335290115 -1 0 0
359.5848027902877 303.9864966801849 -1 0 0
368.5672589306385 306.1546757485455 -1 0 0
371.66465759972505 308.32285481690604 -1 0 0
374.1425765349943 363.76629099355455 -1 0 0
361.75298185864824 357.26175378847284 -1 0 0
365.7796001284607 342.39424017685764 -1 0 0
384.0542522760711 339.60658137467976 -1 0 0
378.4789346717154 343.9429395114009 -1 0 0
391.17826921497004 345.4916388459441 -1 0 0
379.71789413935 334.65074350414136 -1 0 0
371.66465759972505 326.90724683142514 -1 0 0
380.0276340062586 321.33192922706934 -1 0 0
374.4523164019029 320.40270962634344 -1 0 0
372.593877200451 317.3053109572569 -1 0 0
384.3639921429797 301.8183176118244 -1 0 0
389.6295698804268 303.9864966801849 -1 0 0
383.74451240916244 307.3936352161801 -1 0 0
379.71789413934994 313.2786926874445 -1 0 0
391.17826921497004 312.6592129536272 -1 0 0
403.8776037582247 310.49103388526663 -1 0 0
402.3289044236815 303.6767568132763 -1 0 0
408.5237017618545 302.12805747873307 -1 0 0
412.24058016475834 308.3228548169061 -1 0 0
414.4087592331189 311.7299933529012 -1 0 0
405.73604295967664 312.6592129536272 -1 0 0
396.75358681932573 319.78322989252615 -1 0 0
394.27566788405653 315.44687175580503 -1 0 0
389.6295698804268 321.3319292270694 -1 0 0
392.72696854951334 325.0488076299732 -1 0 0
388.08087054588356 326.59750696451647 -1 0 0
389.6295698804268 330.6241252343289 -1 0 0
397.3730665531431 329.07542589978567 -1 0 0
400.78020508913824 326.2877670976078 -1 0 0
405.73604295967664 330.00464550051163 -1 0 0
413.7892794993016 319.1637501587088 -1 0 0
415.02823896693616 326.2877670976078 -1 0 0
427.10809377637355 322.8806285616127 -1 0 0
434.54185058218116 318.5442704248915 -1 0 0
429.58601271164275 313.8981724212618 -1 0 0
401.70942468986414 357.2617537884729 -1 0 0
412.8600598985756 339.29684150777115 -1 0 0
402.63864429059015 337.1286624394106 -1 0 0
417.81589776911403 330.00464550051163 -1 0 0
421.8425160389265 332.1728245688722 -1 0 0
426.79835390946494 334.96048337105003 -1 0 0
419.05485723674866 357.2617537884729 -1 0 0
431.75419178000334 367.4831693964584 -1 0 0
443.8340465894407 357.88123352229024 -1 0 0
451.8872831290656 358.81045312301615 -1 0 0
442.5950871218061 346.42085844667014 -1 0 0
436.40028978363307 335.889702971776 -1 0 0
434.23211071527254 327.8364664321511 -1 0 0
443.2145668556234 321.9514089608867 -1 0 0
450.648323661431 324.11958802924727 -1 0 0
444.45352632325796 326.90724683142514 -1 0 0
446.62170539161855 333.4117840365068 -1 0 0
456.22364126578674 341.77476044304035 -1 0 0
461.4892190032338 377.39484513753524 -1 0 0
476.0469927479404 384.5188620764342 -1 0 0
494.3216448955508 388.5454803462466 -1 0 0
510.4281179748006 391.0233992815159 -1 0 0
510.4281179748006 391.0233992815159 -1 0 0
508.8794186402574 366.5539497957324 -1 0 0
496.79956383082 366.5539497957324 -1 0 0
502.994361168993 352.3059159179345 -1 0 0
476.6664724817577 354.7838348532037 -1 0 0
465.8255771399549 332.1728245688722 -1 0 0
461.7989588701425 321.9514089608867 -1 0 0
460.55999940250786 315.44687175580503 -1 0 0
453.12624259670025 315.44687175580503 -1 0 0
455.60416153196945 321.3319292270694 -1 0 0
467.3742764744982 313.2786926874445 -1 0 0
473.8788136795799 313.2786926874445 -1 0 0
476.6664724817577 307.0838953492715 -1 0 0
482.8612698199307 306.7741554823628 -1 0 0
482.8612698199307 323.5001082954299 -1 0 0
473.5690738126712 319.1637501587088 -1 0 0
473.2593339457626 326.2877670976078 -1 0 0
479.7638711508442 334.34100363723275 -1 0 0
487.5073678235605 339.91632124158843 -1 0 0
493.3924252948249 345.1818989790355 -1 0 0
508.5696787733487 337.1286624394106 -1 0 0
490.9145063595556 326.59750696451647 -1 0 0
493.3924252948249 318.5442704248915 -1 0 0
487.1976279566518 317.6150508241656 -1 0 0
503.92358076971897 320.0929697594348 -1 0 0
511.3573375755266 313.2786926874445 -1 0 0
519.7203139820602 316.376091356531 -1 0 0
520.9592734496948 320.7124494932521 -1 0 0
509.4988983740747 320.0929697594348 -1 0 0
516.9326551798823 327.8364664321511 -1 0 0
519.1008342482429 355.7130544539297 -1 0 0
526.9992008544133 303.6767568132763 -1 0 0
531.0258191242257 299.9598784103725 -1 0 0
520.4946636493315 299.65013854346387 -1 0 0
549.6102111387447 305.8449358816369 -1 0 0
573.1504410238023 304.2962365470936 -1 0 0
577.1770592936147 298.10143920892057 -1 0 0
586.1595154339656 298.4111790758293 -1 0 0
593.9030121066819 294.3845608060168 -1 0 0
592.9737925059559 290.66768240311296 -1 0 0
591.115353304504 304.2962365470936 -1 0 0
597.6198905095857 305.5351960147282 -1 0 0
607.2218263837539 303.9864966801849 -1 0 0
605.363387182302 300.57935814418977 -1 0 0
613.1068838550182 302.7475372125503 -1 0 0
508.4148088398942 385.1383418102515 -1 0 0
535.6719171278555 342.7039800437663 -1 0 0
546.5128124696582 346.1111185797615 -1 0 0
539.6985353976679 378.6338046051698 -1 0 0
544.3446334012976 367.4831693964584 -1 0 0
542.7959340667545 357.5714936553815 -1 0 0
554.5660490092831 378.6338046051698 -1 0 0
559.5218868798216 359.1201929899248 -1 0 0
570.0530423547157 385.75782154406875 -1 0 0
565.0972044841773 382.6604228749823 -1 0 0
579.3452383619752 352.6156557848431 -1 0 0
569.7433024878071 344.5624192452182 -1 0 0
571.9114815561677 335.889702971776 -1 0 0
554.8757888761919 339.6065813746798 -1 0 0
529.7868596565911 335.2702232379587 -1 0 0
529.7868596565911 331.55334483505493 -1 0 0
527.9284204551392 322.8806285616127 -1 0 0
525.1407616529613 314.2079122881704 -1 0 0
533.5037380594949 321.3319292270694 -1 0 0
534.7426975271295 315.7566116227137 -1 0 0
535.3621772609467 313.5884325543531 -1 0 0
547.7517719372929 330.9338651012376 -1 0 0
540.3180151314853 325.9780272306992 -1 0 0
548.0615118042015 319.4734900256175 -1 0 0
548.3712516711101 315.1371318888964 -1 0 0
559.212147012913 318.5442704248915 -1 0 0
555.8050084769177 326.59750696451647 -1 0 0
559.5218868798216 333.7215239034154 -1 0 0
566.336163951812 332.1728245688722 -1 0 0
567.5751234194465 328.765686032877 -1 0 0
567.5751234194465 323.8098481623386 -1 0 0
575.9380998259801 324.4293278961559 -1 0 0
581.8231572972445 316.68583122343966 -1 0 0
583.6815964986963 323.5001082954299 -1 0 0
582.4426370310617 330.3143853674203 -1 0 0
585.5400357001483 333.7215239034154 -1 0 0
590.4958735706867 337.4384023063193 -1 0 0
592.0445729052299 345.8013787128528 -1 0 0
602.2659885132153 356.9520139215643 -1 0 0
605.6731270492105 342.7039800437663 -1 0 0
595.1419715743165 378.6338046051698 -1 0 0
603.5049479808499 332.1728245688722 -1 0 0
597.310150642677 330.9338651012376 -1 0 0
592.6640526390473 325.6682873637905 -1 0 0
592.9737925059559 318.5442704248915 -1 0 0
601.0270290455808 321.3319292270694 -1 0 0
603.8146878477587 323.8098481623386 -1 0 0
611.2484446535664 325.6682873637905 -1 0 0
617.7529818586479 322.26114882779535 -1 0 0
619.3016811931911 328.1462062990597 -1 0 0
623.6380393299123 320.0929697594348 -1 0 0
615.2750629233788 315.1371318888964 -1 0 0
621.7796001284604 312.96895282053583 -1 0 0
607.9961760510255 312.9689528205359 -1 0 0
553.9465692754658 307.8582450165431 -1 0 0
560.7608463474561 306.3095456819998 -1 0 0
562.3095456819993 298.10143920892057 -1 0 0
556.889098011098 295.7783902071057 -1 0 0
565.2520744176317 292.5261216045649 -1 0 0
600.4075493117634 301.3537078114614 -1 0 0
635.0984144055324 310.64590381872097 -1 0 0
638.9701627418905 314.9822619554421 -1 0 0
640.209122209525 305.3803260812739 -1 0 0
629.213356934268 324.7390677630646 -1 0 0
630.4523164019026 329.38516576669434 -1 0 0
623.7929092633666 334.4958735706871 -1 0 0
615.5848027902873 340.5358009754058 -1 0 0
628.284137333542 352.7705257182975 -1 0 0
634.0143248713521 347.0403381804875 -1 0 0
635.5630242058953 339.6065813746798 -1 0 0
633.3948451375348 334.9604833710501 -1 0 0
642.8419110782486 335.889702971776 -1 0 0
641.602951610614 325.0488076299732 -1 0 0
697.0463877872623 311.4202534859926 -1 0 0
704.1704047261613 309.25207441763206 -1 0 0
704.1704047261613 316.9955710903483 -1 0 0
691.4710701829067 315.7566116227137 -1 0 0
688.6834113807289 325.0488076299733 -1 0 0
681.8691343087385 324.4293278961559 -1 0 0
693.0197695174501 322.2611488277954 -1 0 0
686.8249721792769 332.1728245688722 -1 0 0
727.7106346112189 332.4825644357809 -1 0 0
722.7547967406805 327.8364664321511 -1 0 0
717.7989588701421 325.6682873637905 -1 0 0
711.9139013988777 336.50918270559333 -1 0 0
704.48014459307 332.7923043026895 -1 0 0
698.285347254897 334.9604833710501 -1 0 0
694.5684688519931 328.76568603287706 -1 0 0
665.45292136258 325.9780272306992 -1 0 0
659.258124024407 327.2169866983338 -1 0 0
653.9925462869599 327.2169866983338 -1 0 0
675.0548572367481 335.5799631048674 -1 0 0
669.1697997654838 331.55334483505493 -1 0 0
674.4353775029309 327.8364664321511 -1 0 0
656.7802050891379 343.013719910675 -1 0 0
666.0724010963972 338.98710164086253 -1 0 0
666.382140963306 346.7305983135788 -1 0 0
678.7717356396521 355.0935747201124 -1 0 0
653.0633266862341 363.7662909935546 -1 0 0
629.8328366680852 358.8104531230162 -1 0 0
627.9743974666333 373.3682268677228 -1 0 0
653.9925462869599 389.47469994697263 -1 0 0
675.3645971036568 387.3065208786121 -1 0 0
688.0639316469117 382.6604228749823 -1 0 0
692.7100296505413 364.6955105942805 -1 0 0
706.6483236614305 354.7838348532037 -1 0 0
726.4716751435842 343.013719910675 -1 0 0
741.3391887551995 338.98710164086253 -1 0 0
750.3216448955503 342.0845003099491 -1 0 0
731.4275130141227 338.6773617739539 -1 0 0
735.4541312839351 348.89877738193934 -1 0 0
766.1183781078915 356.9520139215643 -1 0 0
772.003435579156 345.8013787128529 -1 0 0
781.9151113202328 341.7747604430404 -1 0 0
789.658607992949 351.9961760510259 -1 0 0
782.53459105405 362.8370713928287 -1 0 0
775.1008342482423 375.846145802992 -1 0 0
755.2774827660887 369.651348464819 -1 0 0
719.6573980715939 375.846145802992 -1 0 0
727.4008947443102 385.7578215440688 -1 0 0
741.6489286221081 394.1207979506024 -1 0 0
715.3210399348728 386.68704114479476 -1 0 0
699.2145668556229 393.1915783498764 -1 0 0
690.2321107152721 414.87336903348205 -1 0 0
678.4619957727434 417.0415481018426 -1 0 0
681.2496545749212 427.88244344364534 -1 0 0
670.0990193662099 409.2980514291263 -1 0 0
651.204887484782 415.49284876729934 -1 0 0
627.354917732816 401.8642946233187 -1 0 0
599.1685898441286 403.41299395786194 -1 0 0
551.1589104732878 419.82920690402045 -1 0 0
544.6543732682062 401.24481488950136 -1 0 0
655.8509854884119 435.93567998327035 -1 0 0
672.8866781683877 463.81226800504885 -1 0 0
727.7106346112189 432.83828131418375 -1 0 0
724.3034960752237 412.0857102313041 -1 0 0
740.4099691544735 409.91753116294365 -1 0 0
747.8437259602812 403.41299395786194 -1 0 0
755.8969624999061 419.2097271702031 -1 0 0
780.3664119856895 419.82920690402045 -1 0 0
727.0911548774016 469.3875856094046 -1 0 0
417.97076770256825 635.0984144055328 -1 0 0
455.1395517316064 620.2309007939176 -1 0 0
473.7239437461254 568.1946031532642 -1 0 0
448.9447543934334 527.3089407213222 -1 0 0
416.7318082349336 517.3972649802454 -1 0 0
408.05909196149145 487.66223775701496 -1 0 0
477.44082214902926 467.8388862748613 -1 0 0
489.83041682537527 513.6803865773417 -1 0 0
514.6096061780675 500.05183243336097 -1 0 0
536.9108765954903 483.9453593541112 -1 0 0
546.822552336567 459.16617000141906 -1 0 0
605.0536473153934 498.8128729657264 -1 0 0
560.4511064805478 509.96350817443783 -1 0 0
572.8407011568937 529.7868596565914 -1 0 0
538.1498360631249 547.132292203476 -1 0 0
505.9368899046252 590.4958735706871 -1 0 0
544.3446334012978 612.7971439881101 -1 0 0
526.9992008544135 661.1165632258595 -1 0 0
610.0094851859318 600.4075493117639 -1 0 0
640.983471876797 559.521886879822 -1 0 0
647.1782692149701 528.5479001889569 -1 0 0
657.0899449560469 485.18431882174576 -1 0 0
717.7989588701425 533.5037380594953 -1 0 0
741.3391887551999 642.5321712113405 -1 0 0
732.6664724817578 576.8673194267064 -1 0 0
757.4456618344498 568.1946031532642 -1 0 0
807.0040405398339 570.6725220885335 -1 0 0
809.481959475103 535.9816569947645 -1 0 0
784.702770122411 533.5037380594953 -1 0 0
893.7312032742562 594.2127519735909 -1 0 0
886.2974464684487 563.2387652827258 -1 0 0
872.668892324468 464.12200787195746 -1 0 0
1012.671312167178 568.1946031532642 -1 0 0
994.0869201526591 535.9816569947645 -1 0 0
974.2635686705055 513.6803865773417 -1 0 0
1011.4323526995436 509.96350817443783 -1 0 0
999.0427580231975 492.61807562755337 -1 0 0
1002.7596364261012 465.3609673395921 -1 0 0
979.2194065410439 456.68825106614986 -1 0 0
981.6973254763132 438.10385905163076 -1 0 0
956.918136123621 418.28050756947715 -1 0 0
944.5285414472751 400.9350750225926 -1 0 0
934.616865706198 387.30652087861205 -1 0 0
904.8818384829675 374.916926202266 -1 0 0
901.1649600800639 388.54548034624673 -1 0 0
904.8818384829675 426.9532238429194 -1 0 0
937.0947846414672 424.4753049076502 -1 0 0
945.7675009149095 449.25449426034226 -1 0 0
922.227271029852 457.9272105337845 -1 0 0
963.112933461794 470.3168052101305 -1 0 0
871.4299328568334 421.997385972381 -1 0 0
863.9961760510258 379.87276407280444 -1 0 0
835.5001082954299 397.21819661968885 -1 0 0
830.5442704248915 440.58177798689997 -1 0 0
799.5702837340262 418.28050756947715 -1 0 0
797.0923647987571 369.9610883317275 -1 0 0
531.9550387249517 294.3845608060167 -1 0 0
547.1322922034757 295.00404053983397 -1 0 0
566.336163951812 301.198837878007 -1 0 0
41.32708954164908 636.3373738731673 -1 0 0
22.742697527129987 590.495873570687 -1 0 0
79.57996310486733 572.2212214230766 -1 0 0
157.63440956584736 597.0004107757687 -1 0 0
905.9778410889522 525.6008847119957 -1 0 0
9.849968961080062 358.8556299667409 -1 0 0
24.171647282758393 354.7637218748329 -1 0 0
