134.9999999999999 82.99999999999994 -1 0 0
197.77777777777777 90.77777777777777 -1 0 0
227.22222222222223 147.44444444444446 -1 0 0
240.5555555555556 184.66666666666663 -1 0 0
227.22222222222223 220.77777777777774 -1 0 0
287.22222222222223 261.3333333333333 -1 0 0
201.11111111111114 288.55555555555554 -1 0 0
173.8888888888889 325.22222222222223 -1 0 0
218.33333333333331 430.77777777777777 -1 0 0
288.3333333333333 379.66666666666663 -1 0 0
65.5555555555556 366.3333333333333 -1 0 0
55.0 320.77777777777777 -1 0 0
27.777777777777825 365.22222222222223 -1 0 0
66.11111111111114 243.0 -1 0 0
2.2222222222222285 300.77777777777777 -1 0 0
90.5555555555556 215.77777777777774 -1 0 0
142.22222222222223 179.66666666666663 -1 0 0
70.0 129.1111111111111 -1 0 0
38.33333333333337 139.1111111111111 -1 0 0
18.33333333333337 113.55555555555554 -1 0 0
82.77777777777784 77.4444444444444 -1 0 0
105.5555555555556 58.55555555555554 -1 0 0
171.66666666666669 25.22222222222217 -1 0 0
247.77777777777777 47.4444444444444 -1 0 0
42.22222222222223 24.66666666666663 -1 0 0
9.444444444444457 51.333333333333314 -1 0 0
141.66666666666669 19.111111111111086 -1 0 0
217.22222222222223 4.111111111111086 -1 0 0
295.00000000000006 221.33333333333331 -1 0 0
88.33333333333336 276.88888888888886 -1 0 0
151.11111111111114 274.1111111111111 -1 0 0
190.5555555555556 148.55555555555554 -1 0 0
64.44444444444446 38.55555555555554 -1 0 0
