168.04545454545453 587.0340909090909 -1 0 0
295.8863636363636 605.4431818181818 -1 0 0
321.4545454545455 569.6477272727273 -1 0 0
482.0227272727272 591.1249999999999 -1 0 0
563.8409090909091 578.8522727272726 -1 0 0
516.7954545454546 535.8977272727273 -1 0 0
654.8636363636364 497.03409090909076 -1 0 0
697.8181818181819 485.78409090909076 -1 0 0
704.9772727272729 447.94318181818176 -1 0 0
785.7727272727274 545.1022727272726 -1 0 0
823.6136363636364 577.8295454545454 -1 0 0
890.0909090909091 555.3295454545454 -1 0 0
925.8863636363636 478.6249999999999 -1 0 0
863.5000000000001 460.21590909090895 -1 0 0
832.8181818181819 472.4886363636363 -1 0 0
798.0454545454546 478.6249999999999 -1 0 0
778.6136363636364 507.2613636363637 -1 0 0
742.8181818181819 467.3749999999999 -1 0 0
571.0000000000001 526.6931818181818 -1 0 0
529.0681818181819 466.3522727272727 -1 0 0
491.22727272727275 492.9431818181818 -1 0 0
445.2045454545455 504.19318181818176 -1 0 0
431.9090909090909 468.39772727272714 -1 0 0
370.5454545454546 465.3295454545454 -1 0 0
346.0 518.5113636363636 -1 0 0
276.4545454545455 514.4204545454545 -1 0 0
262.1363636363636 480.67045454545445 -1 0 0
207.93181818181816 461.23863636363626 -1 0 0
218.1590909090909 431.5795454545454 -1 0 0
94.40909090909089 376.35227272727263 -1 0 0
128.15909090909088 480.67045454545445 -1 0 0
93.38636363636364 570.6704545454545 -1 0 0
127.13636363636363 525.6704545454545 -1 0 0
49.5 542.8011363636364 -1 0 0
155.86363636363635 363.3125 -1 0 0
212.62499999999997 335.1875 -1 0 0
255.57954545454538 345.4147727272727 -1 0 0
187.05681818181816 333.14204545454544 -1 0 0
132.85227272727272 332.6306818181818 -1 0 0
62.2840909090909 348.99431818181813 -1 0 0
18.818181818181813 353.08522727272725 -1 0 0
317.4545454545454 356.15340909090907 -1 0 0
389.0454545454545 362.2897727272727 -1 0 0
407.4545454545454 418.5397727272727 -1 0 0
427.9090909090909 345.9261363636363 -1 0 0
354.7840909090909 327.51704545454544 -1 0 0
379.840909090909 340.8125 -1 0 0
288.72727272727275 321.1249999999999 -1 0 0
267.25 299.64772727272714 -1 0 0
250.88636363636363 283.2840909090908 -1 0 0
230.43181818181822 304.7613636363635 -1 0 0
200.77272727272728 299.64772727272714 -1 0 0
140.43181818181816 297.60227272727263 -1 0 0
74.9772727272727 313.96590909090895 -1 0 0
95.43181818181814 299.64772727272714 -1 0 0
109.74999999999996 265.89772727272714 -1 0 0
23.84090909090907 302.71590909090895 -1 0 0
431.9090909090909 309.8749999999999 -1 0 0
469.75 349.7613636363635 -1 0 0
527.0227272727274 328.2840909090908 -1 0 0
656.9090909090909 374.3068181818181 -1 0 0
755.0909090909091 364.0795454545453 -1 0 0
777.5909090909091 410.10227272727263 -1 0 0
836.9090909090909 409.0795454545454 -1 0 0
896.2272727272726 414.1931818181818 -1 0 0
872.7045454545454 383.51136363636357 -1 0 0
925.8863636363636 359.98863636363626 -1 0 0
710.0909090909091 283.2840909090908 -1 0 0
651.7954545454546 306.8068181818181 -1 0 0
600.6590909090909 301.6931818181817 -1 0 0
540.3181818181819 290.4431818181817 -1 0 0
497.3636363636364 311.92045454545445 -1 0 0
406.3409090909091 281.23863636363626 -1 0 0
387.93181818181824 276.1249999999999 -1 0 0
346.0 268.96590909090895 -1 0 0
288.72727272727275 272.0340909090908 -1 0 0
84.7840909090909 246.72159090909076 -1 0 0
48.47727272727272 268.1988636363635 -1 0 0
74.55681818181819 252.8579545454544 -1 0 0
41.31818181818181 228.82386363636348 -1 0 0
23.42045454545456 220.64204545454533 -1 0 0
44.89772727272728 202.2329545454544 -1 0 0
168.1363636363636 241.6079545454544 -1 0 0
149.72727272727272 234.96022727272714 -1 0 0
136.94318181818178 225.24431818181802 -1 0 0
127.2272727272727 235.9829545454544 -1 0 0
142.05681818181816 251.83522727272714 -1 0 0
87.85227272727272 204.27840909090895 -1 0 0
97.05681818181816 184.84659090909076 -1 0 0
123.64772727272728 184.33522727272714 -1 0 0
174.27272727272722 211.43749999999986 -1 0 0
204.44318181818178 208.88068181818167 -1 0 0
209.55681818181816 226.77840909090895 -1 0 0
210.5795454545454 251.83522727272714 -1 0 0
198.81818181818178 264.1079545454544 -1 0 0
205.97727272727266 277.40340909090895 -1 0 0
317.4545454545454 253.88068181818167 -1 0 0
311.31818181818176 221.15340909090895 -1 0 0
298.02272727272725 203.76704545454533 -1 0 0
269.3863636363636 224.22159090909076 -1 0 0
379.3295454545454 240.07386363636348 -1 0 0
406.94318181818176 238.02840909090895 -1 0 0
444.7840909090909 235.9829545454544 -1 0 0
464.72727272727263 278.4261363636362 -1 0 0
356.31818181818176 209.90340909090895 -1 0 0
375.75 206.83522727272714 -1 0 0
394.6704545454545 190.9829545454544 -1 0 0
380.35227272727263 175.64204545454533 -1 0 0
353.2499999999999 193.53977272727258 -1 0 0
295.97727272727263 175.1306818181817 -1 0 0
293.4204545454545 190.9829545454544 -1 0 0
268.36363636363626 191.49431818181802 -1 0 0
256.090909090909 183.82386363636348 -1 0 0
238.7045454545454 187.91477272727258 -1 0 0
147.17045454545453 151.6079545454544 -1 0 0
166.60227272727272 130.64204545454533 -1 0 0
172.22727272727272 165.9261363636362 -1 0 0
166.09090909090904 187.40340909090895 -1 0 0
185.0113636363636 184.33522727272714 -1 0 0
145.12499999999997 205.3011363636362 -1 0 0
95.52272727272725 157.74431818181802 -1 0 0
23.42045454545456 180.75568181818167 -1 0 0
212.11363636363635 137.28977272727258 -1 0 0
241.2613636363636 132.68749999999983 -1 0 0
287.7954545454545 132.68749999999983 -1 0 0
369.10227272727263 133.71022727272714 -1 0 0
404.89772727272725 140.86931818181802 -1 0 0
431.48863636363626 131.66477272727258 -1 0 0
406.94318181818176 160.3011363636362 -1 0 0
447.340909090909 180.24431818181802 -1 0 0
467.7954545454545 188.93749999999986 -1 0 0
470.35227272727263 210.9261363636362 -1 0 0
448.8749999999999 212.46022727272714 -1 0 0
420.23863636363626 185.3579545454544 -1 0 0
343.02272727272725 157.74431818181802 -1 0 0
188.59090909090904 165.9261363636362 -1 0 0
113.93181818181816 131.66477272727258 -1 0 0
60.75 189.96022727272725 -1 0 0
39.27272727272728 165.92613636363632 -1 0 0
24.443181818181813 153.65340909090907 -1 0 0
25.97727272727272 125.52840909090907 -1 0 0
57.17045454545453 125.52840909090907 -1 0 0
78.64772727272725 126.03977272727269 -1 0 0
140.0113636363636 125.52840909090907 -1 0 0
150.74999999999997 111.21022727272727 -1 0 0
122.62499999999999 109.67613636363632 -1 0 0
115.4659090909091 116.83522727272725 -1 0 0
101.6590909090909 103.53977272727269 -1 0 0
110.35227272727272 93.31249999999997 -1 0 0
108.30681818181816 78.4829545454545 -1 0 0
79.1590909090909 111.21022727272727 -1 0 0
200.35227272727266 123.4829545454545 -1 0 0
187.05681818181816 113.25568181818178 -1 0 0
183.47727272727272 124.50568181818178 -1 0 0
177.85227272727272 98.42613636363632 -1 0 0
164.04545454545453 98.42613636363632 -1 0 0
212.11363636363635 102.51704545454544 -1 0 0
206.48863636363635 91.26704545454544 -1 0 0
242.79545454545448 102.0056818181818 -1 0 0
228.47727272727266 102.51704545454544 -1 0 0
260.18181818181813 115.30113636363632 -1 0 0
242.79545454545448 115.30113636363632 -1 0 0
299.0454545454545 113.76704545454545 -1 0 0
288.30681818181813 106.09659090909089 -1 0 0
277.05681818181813 109.67613636363632 -1 0 0
273.47727272727263 98.42613636363632 -1 0 0
259.1590909090909 82.57386363636363 -1 0 0
287.7954545454545 76.94886363636363 -1 0 0
311.8295454545454 89.7329545454545 -1 0 0
328.19318181818176 98.42613636363632 -1 0 0
336.8863636363635 105.58522727272724 -1 0 0
333.30681818181813 120.92613636363632 -1 0 0
33.136363636363626 103.02840909090905 -1 0 0
137.9659090909091 54.448863636363626 -1 0 0
155.86363636363635 48.31249999999999 -1 0 0
149.72727272727272 41.153409090909065 -1 0 0
89.89772727272725 41.66477272727269 -1 0 0
89.89772727272725 46.26704545454544 -1 0 0
59.21590909090909 44.732954545454504 -1 0 0
59.72727272727272 51.89204545454544 -1 0 0
67.39772727272728 49.33522727272725 -1 0 0
42.34090909090909 42.6875 -1 0 0
48.47727272727272 48.823863636363626 -1 0 0
31.602272727272723 45.24431818181813 -1 0 0
19.840909090909093 48.31249999999999 -1 0 0
78.64772727272725 64.67613636363632 -1 0 0
82.22727272727272 52.403409090909065 -1 0 0
77.625 54.448863636363626 -1 0 0
72.51136363636363 53.42613636363632 -1 0 0
27.511363636363626 71.32386363636363 -1 0 0
170.18181818181816 78.99431818181816 -1 0 0
186.54545454545453 77.46022727272725 -1 0 0
124.67045454545455 91.77840909090907 -1 0 0
137.4545454545454 69.78977272727269 -1 0 0
126.71590909090911 70.30113636363632 -1 0 0
222.34090909090904 73.36931818181816 -1 0 0
233.0795454545454 77.46022727272725 -1 0 0
213.1363636363636 69.78977272727269 -1 0 0
196.77272727272722 69.78977272727269 -1 0 0
187.05681818181816 66.21022727272725 -1 0 0
189.10227272727272 59.05113636363632 -1 0 0
162.5113636363636 63.653409090909065 -1 0 0
127.2272727272727 53.42613636363632 -1 0 0
105.23863636363635 58.028409090909065 -1 0 0
218.7613636363636 57.51704545454544 -1 0 0
230.0113636363636 60.073863636363626 -1 0 0
255.57954545454538 60.073863636363626 -1 0 0
280.6363636363636 55.982954545454504 -1 0 0
294.44318181818176 64.67613636363632 -1 0 0
306.715909090909 66.72159090909088 -1 0 0
260.69318181818176 67.2329545454545 -1 0 0
349.6704545454545 100.47159090909086 -1 0 0
339.9545454545454 94.84659090909088 -1 0 0
338.93181818181813 84.1079545454545 -1 0 0
351.2045454545454 81.03977272727269 -1 0 0
355.80681818181813 73.88068181818178 -1 0 0
368.0795454545454 71.83522727272725 -1 0 0
360.9204545454545 64.16477272727269 -1 0 0
371.6590909090909 60.58522727272725 -1 0 0
397.22727272727263 67.2329545454545 -1 0 0
388.02272727272725 75.92613636363632 -1 0 0
375.23863636363626 80.52840909090907 -1 0 0
384.44318181818176 95.86931818181816 -1 0 0
368.590909090909 107.11931818181817 -1 0 0
400.2954545454545 119.90340909090907 -1 0 0
389.0454545454545 125.52840909090907 -1 0 0
420.23863636363626 116.83522727272725 -1 0 0
418.7045454545454 104.05113636363632 -1 0 0
418.7045454545454 93.31249999999997 -1 0 0
409.4999999999999 76.94886363636363 -1 0 0
413.590909090909 71.32386363636363 -1 0 0
368.590909090909 34.50568181818181 -1 0 0
327.68181818181813 76.94886363636363 -1 0 0
383.1647727272727 51.764204545454525 -1 0 0
411.8011363636363 64.80397727272725 -1 0 0
482.0227272727272 261.8068181818181 -1 0 0
527.0227272727274 264.8749999999999 -1 0 0
567.9318181818184 276.1249999999999 -1 0 0
607.8181818181819 254.64772727272714 -1 0 0
592.4772727272729 236.23863636363626 -1 0 0
566.9090909090909 174.87499999999986 -1 0 0
548.5000000000001 218.85227272727258 -1 0 0
487.1363636363635 227.80113636363623 -1 0 0
494.80681818181813 207.85795454545442 -1 0 0
524.465909090909 181.77840909090895 -1 0 0
540.8295454545454 204.7897727272726 -1 0 0
536.7386363636363 149.5624999999999 -1 0 0
520.3749999999999 162.85795454545442 -1 0 0
507.590909090909 152.11931818181807 -1 0 0
470.2613636363635 139.33522727272714 -1 0 0
520.3749999999999 135.7556818181817 -1 0 0
508.10227272727263 128.59659090909076 -1 0 0
502.98863636363626 125.01704545454533 -1 0 0
498.89772727272714 116.32386363636351 -1 0 0
483.55681818181813 118.8806818181817 -1 0 0
549.0113636363635 129.61931818181807 -1 0 0
577.6477272727271 135.24431818181807 -1 0 0
574.0681818181818 125.01704545454533 -1 0 0
591.965909090909 130.64204545454533 -1 0 0
621.1136363636363 132.6874999999999 -1 0 0
649.7499999999999 130.64204545454533 -1 0 0
679.4090909090908 130.64204545454533 -1 0 0
700.3749999999999 143.42613636363623 -1 0 0
712.1363636363635 184.33522727272714 -1 0 0
701.9090909090908 178.71022727272714 -1 0 0
698.3295454545454 195.0738636363635 -1 0 0
689.1249999999999 181.77840909090895 -1 0 0
691.6818181818181 217.0624999999999 -1 0 0
709.5795454545454 231.3806818181817 -1 0 0
722.3636363636363 257.97159090909076 -1 0 0
656.9090909090909 242.11931818181804 -1 0 0
631.8522727272726 189.96022727272714 -1 0 0
626.7386363636363 213.48295454545442 -1 0 0
608.840909090909 206.3238636363635 -1 0 0
640.5454545454545 170.01704545454533 -1 0 0
620.090909090909 163.36931818181807 -1 0 0
601.6818181818181 161.83522727272714 -1 0 0
596.0568181818181 181.77840909090895 -1 0 0
551.5681818181818 157.23295454545442 -1 0 0
681.965909090909 260.0170454545453 -1 0 0
573.5568181818181 244.16477272727263 -1 0 0
522.9318181818181 225.7556818181817 -1 0 0
501.4545454545454 229.33522727272714 -1 0 0
668.1590909090909 157.48863636363626 -1 0 0
521.3977272727274 120.41477272727269 -1 0 0
540.318181818182 108.14204545454542 -1 0 0
486.1136363636365 102.0056818181818 -1 0 0
495.318181818182 96.89204545454544 -1 0 0
464.63636363636374 123.4829545454545 -1 0 0
576.6250000000001 102.0056818181818 -1 0 0
582.7613636363637 92.28977272727269 -1 0 0
562.3068181818182 96.89204545454544 -1 0 0
552.0795454545456 96.89204545454544 -1 0 0
547.4772727272729 87.68749999999997 -1 0 0
554.1250000000001 105.58522727272724 -1 0 0
601.6818181818182 99.96022727272725 -1 0 0
597.0795454545455 112.74431818181816 -1 0 0
631.3409090909092 102.0056818181818 -1 0 0
620.0909090909092 78.99431818181816 -1 0 0
605.2613636363637 87.68749999999997 -1 0 0
544.409090909091 63.142045454545446 -1 0 0
509.1250000000001 50.86931818181813 -1 0 0
505.5454545454546 43.71022727272725 -1 0 0
488.159090909091 36.03977272727269 -1 0 0
473.84090909090924 37.573863636363626 -1 0 0
461.05681818181836 44.732954545454504 -1 0 0
453.38636363636374 49.33522727272725 -1 0 0
447.76136363636374 59.05113636363632 -1 0 0
436.51136363636374 56.49431818181813 -1 0 0
430.3750000000001 44.732954545454504 -1 0 0
426.284090909091 53.9375 -1 0 0
432.93181818181836 64.16477272727269 -1 0 0
531.1136363636365 55.47159090909088 -1 0 0
524.4659090909092 53.42613636363632 -1 0 0
493.27272727272737 62.630681818181785 -1 0 0
485.09090909090924 87.68749999999997 -1 0 0
464.1250000000001 80.52840909090907 -1 0 0
522.4204545454546 77.46022727272725 -1 0 0
527.0227272727274 98.42613636363632 -1 0 0
539.8068181818182 71.83522727272725 -1 0 0
564.3522727272729 65.18749999999997 -1 0 0
594.5227272727274 77.46022727272725 -1 0 0
589.409090909091 59.05113636363632 -1 0 0
601.1704545454546 54.448863636363626 -1 0 0
624.1818181818182 59.05113636363632 -1 0 0
616.0000000000001 59.05113636363632 -1 0 0
680.9431818181819 111.72159090909088 -1 0 0
654.3522727272729 103.53977272727269 -1 0 0
653.8409090909091 94.84659090909088 -1 0 0
642.5909090909091 93.82386363636363 -1 0 0
648.2159090909091 86.66477272727269 -1 0 0
640.5454545454546 80.52840909090907 -1 0 0
640.5454545454546 71.83522727272725 -1 0 0
633.8977272727274 73.36931818181816 -1 0 0
677.8750000000001 91.26704545454544 -1 0 0
667.1363636363637 82.57386363636363 -1 0 0
698.3295454545456 79.50568181818178 -1 0 0
680.9431818181819 67.2329545454545 -1 0 0
688.1022727272729 54.448863636363626 -1 0 0
698.3295454545456 69.78977272727269 -1 0 0
697.8181818181819 60.073863636363626 -1 0 0
725.9431818181819 95.86931818181816 -1 0 0
723.8977272727274 84.1079545454545 -1 0 0
723.8977272727274 76.94886363636363 -1 0 0
734.6363636363637 71.83522727272725 -1 0 0
741.284090909091 76.94886363636363 -1 0 0
753.5568181818182 72.34659090909088 -1 0 0
773.5000000000001 69.78977272727269 -1 0 0
735.1477272727274 104.56249999999999 -1 0 0
751.5113636363637 92.28977272727269 -1 0 0
760.7159090909091 99.96022727272725 -1 0 0
770.4318181818182 102.0056818181818 -1 0 0
693.2159090909092 102.51704545454544 -1 0 0
709.0681818181819 97.40340909090907 -1 0 0
699.3522727272729 91.77840909090907 -1 0 0
647.1931818181819 48.31249999999999 -1 0 0
625.2045454545455 41.153409090909065 -1 0 0
656.909090909091 56.49431818181813 -1 0 0
558.7272727272729 39.107954545454504 -1 0 0
489.18181818181836 45.755681818181806 -1 0 0
468.21590909090924 58.028409090909065 -1 0 0
459.52272727272737 55.47159090909088 -1 0 0
558.2159090909092 80.52840909090907 -1 0 0
568.4431818181819 73.88068181818178 -1 0 0
768.3863636363637 52.403409090909065 -1 0 0
664.0681818181819 69.78977272727269 -1 0 0
759.6931818181819 61.09659090909088 -1 0 0
740.7727272727274 49.33522727272725 -1 0 0
727.4772727272729 50.86931818181813 -1 0 0
733.6136363636365 45.755681818181806 -1 0 0
721.8522727272729 43.19886363636362 -1 0 0
716.7386363636365 34.50568181818181 -1 0 0
588.8977272727274 46.26704545454544 -1 0 0
562.8181818181819 53.42613636363632 -1 0 0
530.0909090909092 44.732954545454504 -1 0 0
536.2272727272729 40.13068181818181 -1 0 0
499.409090909091 33.99431818181813 -1 0 0
719.0397727272729 134.86079545454538 -1 0 0
740.5170454545456 136.90624999999994 -1 0 0
755.346590909091 134.60511363636357 -1 0 0
758.4147727272729 151.99147727272725 -1 0 0
758.9261363636365 179.09374999999994 -1 0 0
767.3636363636365 201.84943181818176 -1 0 0
794.9772727272727 198.26988636363632 -1 0 0
788.8409090909092 149.43465909090907 -1 0 0
711.880681818182 119.26420454545449 -1 0 0
697.818181818182 123.09943181818176 -1 0 0
810.0625000000001 142.78693181818176 -1 0 0
783.6363636363636 116.83522727272725 -1 0 0
764.715909090909 120.92613636363632 -1 0 0
790.2840909090909 96.89204545454544 -1 0 0
819.4318181818181 104.56249999999999 -1 0 0
809.715909090909 99.96022727272725 -1 0 0
830.6818181818181 118.36931818181816 -1 0 0
844.9999999999999 125.52840909090907 -1 0 0
830.6818181818181 143.42613636363635 -1 0 0
850.625 147.00568181818178 -1 0 0
797.4431818181818 81.03977272727269 -1 0 0
850.625 88.71022727272725 -1 0 0
858.8068181818181 96.89204545454544 -1 0 0
869.5454545454545 105.58522727272724 -1 0 0
848.0681818181818 110.18749999999997 -1 0 0
850.1136363636363 100.9829545454545 -1 0 0
820.4545454545454 89.22159090909088 -1 0 0
834.7727272727273 79.50568181818178 -1 0 0
827.6136363636363 73.36931818181816 -1 0 0
873.6363636363636 89.22159090909088 -1 0 0
863.4090909090909 82.57386363636363 -1 0 0
861.3636363636363 75.41477272727269 -1 0 0
894.6022727272726 89.22159090909088 -1 0 0
907.8977272727273 103.02840909090905 -1 0 0
918.1249999999999 92.8011363636363 -1 0 0
909.9431818181818 91.26704545454544 -1 0 0
936.5340909090909 116.83522727272725 -1 0 0
924.2613636363636 116.83522727272725 -1 0 0
887.4431818181818 106.09659090909089 -1 0 0
896.6477272727273 118.36931818181816 -1 0 0
882.840909090909 139.84659090909088 -1 0 0
867.5 127.5738636363636 -1 0 0
857.7840909090909 132.68749999999997 -1 0 0
871.0795454545454 176.15340909090907 -1 0 0
841.4204545454545 184.84659090909088 -1 0 0
821.9886363636363 166.9488636363636 -1 0 0
827.6136363636363 196.6079545454545 -1 0 0
827.1022727272726 212.46022727272728 -1 0 0
795.3977272727273 223.1988636363636 -1 0 0
779.5454545454545 239.56249999999994 -1 0 0
771.8749999999999 263.5965909090909 -1 0 0
731.4772727272726 247.7443181818182 -1 0 0
796.9318181818181 263.08522727272725 -1 0 0
824.0340909090909 273.8238636363636 -1 0 0
839.3749999999999 256.9488636363636 -1 0 0
854.2045454545454 263.08522727272725 -1 0 0
879.7727272727273 260.01704545454544 -1 0 0
863.4090909090909 248.7670454545454 -1 0 0
863.9204545454545 223.71022727272725 -1 0 0
903.8068181818181 206.3238636363636 -1 0 0
882.3295454545454 222.68749999999997 -1 0 0
934.9999999999999 256.43749999999994 -1 0 0
940.1136363636363 199.16477272727272 -1 0 0
942.1590909090909 164.39204545454544 -1 0 0
919.1477272727273 141.89204545454544 -1 0 0
909.9431818181818 184.84659090909088 -1 0 0
820.965909090909 145.47159090909088 -1 0 0
811.7613636363635 56.87784090909089 -1 0 0
784.1477272727271 55.85511363636363 -1 0 0
812.3636363636364 362.0340909090908 -1 0 0
573.0454545454546 446.9204545454545 -1 0 0
616.0000000000001 446.9204545454545 -1 0 0
645.6590909090909 425.44318181818176 -1 0 0
640.5454545454546 462.26136363636357 -1 0 0
607.8181818181819 558.3977272727273 -1 0 0
572.0227272727274 399.8749999999999 -1 0 0
532.1363636363636 425.44318181818176 -1 0 0
484.06818181818187 417.2613636363635 -1 0 0
527.0227272727274 248.51136363636348 -1 0 0
477.93181818181824 243.3977272727271 -1 0 0
936.5340909090909 93.31249999999997 -1 0 0
944.2045454545454 81.55113636363632 -1 0 0
928.8636363636363 66.21022727272725 -1 0 0
917.1022727272726 69.78977272727269 -1 0 0
906.3636363636363 73.36931818181816 -1 0 0
870.0568181818181 66.21022727272725 -1 0 0
870.5681818181818 52.91477272727269 -1 0 0
942.6704545454545 67.2329545454545 -1 0 0
913.0113636363636 35.528409090909065 -1 0 0
912.4999999999999 48.31249999999999 -1 0 0
919.6590909090909 30.41477272727269 -1 0 0
820.4545454545454 27.346590909090878 -1 0 0
840.9090909090909 35.528409090909065 -1 0 0
713.0681818181818 50.357954545454504 -1 0 0
789.7727272727273 39.107954545454504 -1 0 0
784.1477272727273 39.107954545454504 -1 0 0
784.6590909090909 44.732954545454504 -1 0 0
797.9545454545454 29.39204545454544 -1 0 0
556.5909090909091 66.72159090909088 -1 0 0
606.7045454545454 81.55113636363632 -1 0 0
223.87499999999997 126.03977272727258 -1 0 0
218.7613636363636 113.7670454545453 -1 0 0
22.39772727272728 109.16477272727258 -1 0 0
52.05681818181819 100.98295454545439 -1 0 0
51.54545454545453 90.24431818181802 -1 0 0
112.39772727272725 70.81249999999983 -1 0 0
195.6590909090909 88.19886363636363 -1 0 0
268.27272727272725 63.142045454545446 -1 0 0
269.2954545454545 85.13068181818178 -1 0 0
285.6590909090909 95.86931818181816 -1 0 0
449.2954545454545 76.94886363636363 -1 0 0
450.31818181818176 96.38068181818178 -1 0 0
433.44318181818176 109.67613636363632 -1 0 0
437.5340909090909 98.42613636363632 -1 0 0
437.02272727272725 81.55113636363632 -1 0 0
318.89772727272725 52.91477272727269 -1 0 0
327.0795454545454 41.153409090909065 -1 0 0
290.2613636363636 32.97159090909088 -1 0 0
76.0909090909091 73.88068181818178 -1 0 0
629.2954545454546 85.13068181818178 -1 0 0
619.0681818181819 89.7329545454545 -1 0 0
705.4886363636364 86.15340909090907 -1 0 0
742.8181818181819 421.35227272727263 -1 0 0
182.36363636363635 288.39772727272714 -1 0 0
840.0965909090909 96.25284090909089 -1 0 0
843.1647727272727 91.90624999999999 -1 0 0
791.0929070929072 129.25224775224768 -1 0 0
804.5334665334666 124.45204795204785 -1 0 0
247.71028971028971 156.13336663336656 -1 0 0
44.18181818181822 126.3721278721278 -1 0 0
336.99400599400605 59.16933066933051 -1 0 0
345.6343656343657 48.60889110889092 -1 0 0
