104.07142857142858 572.0097402597403 -1 0 0
135.24025974025975 581.75 -1 0 0
129.8831168831169 564.7045454545455 -1 0 0
129.39610389610394 554.9642857142858 -1 0 0
119.65584415584416 540.8409090909091 -1 0 0
156.6688311688312 551.0681818181818 -1 0 0
149.3636363636364 542.788961038961 -1 0 0
166.89610389610394 533.5357142857142 -1 0 0
162.02597402597402 528.1785714285714 -1 0 0
153.2597402597403 521.3603896103896 -1 0 0
144.0064935064935 511.62012987012986 -1 0 0
154.23376623376626 511.62012987012986 -1 0 0
176.63636363636365 512.5941558441558 -1 0 0
191.2467532467533 514.5422077922078 -1 0 0
167.8701298701299 491.6525974025974 -1 0 0
172.25324675324677 485.32142857142856 -1 0 0
196.60389610389612 498.9577922077922 -1 0 0
202.935064935065 495.5487012987013 -1 0 0
206.83116883116887 500.9058441558442 -1 0 0
216.08441558441558 497.98376623376623 -1 0 0
221.4415584415584 505.77597402597405 -1 0 0
193.68181818181822 490.67857142857144 -1 0 0
175.6623376623377 459.99675324675326 -1 0 0
173.71428571428575 471.19805194805195 -1 0 0
198.55194805194807 466.81493506493507 -1 0 0
208.77922077922082 479.47727272727275 -1 0 0
220.95454545454547 469.25 -1 0 0
236.05194805194807 470.711038961039 -1 0 0
217.5454545454546 459.02272727272725 -1 0 0
205.37012987012986 457.56168831168833 -1 0 0
231.18181818181822 450.7435064935065 -1 0 0
248.2272727272728 453.17857142857144 -1 0 0
243.3571428571429 445.3863636363636 -1 0 0
189.62337662337669 415.1915584415583 -1 0 0
196.92857142857147 397.1720779220778 -1 0 0
206.18181818181824 405.4512987012986 -1 0 0
209.59090909090915 380.61363636363626 -1 0 0
222.74025974025983 397.1720779220778 -1 0 0
227.61038961038966 385.9707792207791 -1 0 0
237.8376623376624 414.21753246753235 -1 0 0
238.81168831168836 406.42532467532453 -1 0 0
279.72077922077926 441.4902597402596 -1 0 0
273.3896103896104 435.15909090909076 -1 0 0
259.2662337662339 429.31493506493496 -1 0 0
285.07792207792204 436.62012987012974 -1 0 0
285.07792207792204 426.39285714285705 -1 0 0
272.41558441558436 426.39285714285705 -1 0 0
271.92857142857144 418.11363636363626 -1 0 0
289.9480519480519 433.21103896103887 -1 0 0
288.48701298701303 416.6525974025973 -1 0 0
262.67532467532465 407.8863636363635 -1 0 0
246.1168831168831 403.01623376623365 -1 0 0
234.42857142857142 403.5032467532467 -1 0 0
238.8116883116883 385.4837662337661 -1 0 0
250.987012987013 385.4837662337661 -1 0 0
269.98051948051943 402.0422077922077 -1 0 0
283.12987012987014 387.43181818181813 -1 0 0
260.2402597402597 395.71103896103887 -1 0 0
228.58441558441555 377.2045454545454 -1 0 0
230.5324675324675 371.3603896103895 -1 0 0
223.7142857142857 366.97727272727263 -1 0 0
263.1623376623377 370.3863636363635 -1 0 0
283.12987012987014 359.18506493506476 -1 0 0
296.76623376623377 374.28246753246736 -1 0 0
295.7922077922078 383.04870129870113 -1 0 0
312.3506493506494 383.5357142857141 -1 0 0
325.5 386.45779220779207 -1 0 0
314.78571428571433 372.8214285714284 -1 0 0
308.4545454545455 359.18506493506476 -1 0 0
280.6948051948052 345.54870129870113 -1 0 0
264.1363636363636 353.8279220779219 -1 0 0
251.47402597402598 359.18506493506476 -1 0 0
241.73376623376626 352.36688311688295 -1 0 0
231.5064935064935 341.16558441558425 -1 0 0
240.27272727272728 337.75649350649337 -1 0 0
263.1623376623377 342.1396103896102 -1 0 0
258.2922077922078 331.91233766233745 -1 0 0
241.2467532467533 329.96428571428555 -1 0 0
241.73376623376626 322.65909090909076 -1 0 0
253.42207792207793 324.1201298701297 -1 0 0
263.6493506493507 315.8409090909089 -1 0 0
249.03896103896105 331.91233766233745 -1 0 0
320.1428571428571 379.6396103896102 -1 0 0
306.9935064935065 331.91233766233745 -1 0 0
356.18181818181824 370.38636363636346 -1 0 0
351.3116883116884 352.8538961038959 -1 0 0
358.6168831168832 348.95779220779207 -1 0 0
393.1948051948052 331.91233766233745 -1 0 0
376.1493506493507 334.34740259740244 -1 0 0
380.0454545454546 326.5551948051947 -1 0 0
377.6103896103896 328.9902597402596 -1 0 0
362.02597402597405 332.88636363636346 -1 0 0
355.2077922077922 331.91233766233745 -1 0 0
340.1103896103896 330.9383116883115 -1 0 0
327.448051948052 330.9383116883115 -1 0 0
321.1168831168832 324.1201298701297 -1 0 0
315.27272727272725 315.3538961038959 -1 0 0
306.9935064935065 325.0941558441557 -1 0 0
303.0974025974026 321.68506493506476 -1 0 0
284.5909090909091 321.68506493506476 -1 0 0
285.56493506493507 312.431818181818 -1 0 0
276.7987012987013 311.944805194805 -1 0 0
355.2077922077922 321.68506493506476 -1 0 0
337.67532467532465 299.76948051948034 -1 0 0
325.5 294.8993506493505 -1 0 0
313.8116883116884 302.20454545454527 -1 0 0
253.9090909090909 303.1785714285713 -1 0 0
268.51948051948057 299.76948051948034 -1 0 0
272.4155844155845 291.49025974025955 -1 0 0
262.1883116883117 281.74999999999983 -1 0 0
215.43506493506496 251.06818181818164 -1 0 0
253.9090909090909 263.7305194805193 -1 0 0
259.26623376623377 264.70454545454527 -1 0 0
263.1623376623377 273.95779220779207 -1 0 0
272.9025974025974 270.54870129870113 -1 0 0
285.07792207792215 272.4967532467531 -1 0 0
284.1038961038961 264.70454545454527 -1 0 0
293.8441558441559 262.26948051948034 -1 0 0
287.02597402597405 247.17207792207773 -1 0 0
283.12987012987014 238.89285714285697 -1 0 0
294.33116883116884 274.931818181818 -1 0 0
296.76623376623377 272.4967532467531 -1 0 0
272.4155844155845 279.8019480519479 -1 0 0
393.68181818181824 317.3019480519479 -1 0 0
385.8896103896104 315.3538961038959 -1 0 0
388.8116883116884 304.1525974025972 -1 0 0
365.92207792207796 300.2564935064933 -1 0 0
385.8896103896104 294.8993506493505 -1 0 0
405.8571428571429 291.49025974025955 -1 0 0
400.98701298701303 283.21103896103875 -1 0 0
388.32467532467535 288.08116883116867 -1 0 0
385.4025974025974 276.392857142857 -1 0 0
380.0454545454546 262.26948051948034 -1 0 0
369.33116883116884 271.0357142857141 -1 0 0
361.0519480519481 280.28896103896085 -1 0 0
341.57142857142856 284.67207792207773 -1 0 0
353.7467532467533 269.08766233766215 -1 0 0
350.82467532467535 269.08766233766215 -1 0 0
362.5129870129871 260.80844155844136 -1 0 0
356.18181818181824 262.26948051948034 -1 0 0
350.3376623376623 260.3214285714284 -1 0 0
344.4935064935065 243.76298701298686 -1 0 0
344.98051948051955 253.0162337662336 -1 0 0
329.3961038961039 268.1136363636362 -1 0 0
320.1428571428571 253.99025974025957 -1 0 0
330.8571428571429 240.84090909090892 -1 0 0
323.06493506493507 247.17207792207773 -1 0 0
302.12337662337666 241.8149350649349 -1 0 0
306.5064935064935 234.0227272727271 -1 0 0
301.1493506493507 228.66558441558425 -1 0 0
295.3051948051948 211.1331168831167 -1 0 0
288.0 207.72402597402578 -1 0 0
325.98701298701303 222.82142857142838 -1 0 0
317.7077922077922 219.89935064935048 -1 0 0
316.73376623376623 231.83116883116867 -1 0 0
309.9155844155845 238.64935064935045 -1 0 0
291.4090909090909 228.9090909090907 -1 0 0
296.27922077922085 222.09090909090895 -1 0 0
303.0974025974026 276.63636363636346 -1 0 0
419.49350649350663 268.1136363636362 -1 0 0
428.7467532467534 257.8863636363635 -1 0 0
438.0000000000001 251.55519480519467 -1 0 0
435.07792207792215 279.8019480519479 -1 0 0
432.6428571428572 271.52272727272714 -1 0 0
426.7987012987014 279.8019480519479 -1 0 0
434.1038961038962 292.9512987012986 -1 0 0
426.7987012987014 292.9512987012986 -1 0 0
441.896103896104 302.2045454545453 -1 0 0
456.99350649350663 292.9512987012986 -1 0 0
456.0194805194807 303.1785714285713 -1 0 0
459.9155844155846 313.405844155844 -1 0 0
468.1948051948053 315.84090909090895 -1 0 0
490.5974025974027 310.4837662337661 -1 0 0
480.857142857143 300.25649350649337 -1 0 0
470.62987012987026 291.0032467532466 -1 0 0
473.5519480519482 284.6720779220778 -1 0 0
478.4220779220781 279.8019480519479 -1 0 0
486.2142857142859 281.7499999999999 -1 0 0
490.1103896103897 281.26298701298686 -1 0 0
491.57142857142867 278.34090909090895 -1 0 0
494.0064935064936 289.54220779220765 -1 0 0
502.28571428571445 307.56168831168816 -1 0 0
509.59090909090924 306.5876623376622 -1 0 0
531.0194805194807 312.431818181818 -1 0 0
525.1753246753248 311.45779220779207 -1 0 0
516.896103896104 299.76948051948034 -1 0 0
545.6298701298703 299.76948051948034 -1 0 0
536.8636363636365 289.54220779220765 -1 0 0
527.1233766233768 285.15909090909076 -1 0 0
503.7467532467534 281.7499999999999 -1 0 0
513.9740259740261 272.0097402597401 -1 0 0
532.9675324675326 262.75649350649337 -1 0 0
524.6883116883118 268.1136363636362 -1 0 0
541.2467532467534 259.34740259740244 -1 0 0
547.0909090909092 289.54220779220765 -1 0 0
544.6558441558443 283.2110389610388 -1 0 0
564.6233766233768 296.36038961038946 -1 0 0
559.7532467532469 283.2110389610388 -1 0 0
555.37012987013 271.52272727272714 -1 0 0
567.5454545454547 278.34090909090895 -1 0 0
562.6753246753248 283.2110389610388 -1 0 0
563.6493506493508 286.62012987012974 -1 0 0
576.3116883116884 279.8019480519479 -1 0 0
563.1623376623378 257.8863636363635 -1 0 0
575.3376623376624 248.14610389610374 -1 0 0
587.5129870129872 259.34740259740244 -1 0 0
591.409090909091 266.16558441558425 -1 0 0
592.87012987013 253.01623376623363 -1 0 0
595.7922077922079 251.06818181818167 -1 0 0
595.7922077922079 240.35389610389598 -1 0 0
607.9675324675326 253.9902597402596 -1 0 0
612.8376623376624 248.63311688311674 -1 0 0
623.0649350649352 251.06818181818167 -1 0 0
618.1948051948053 285.15909090909076 -1 0 0
605.5324675324676 282.2370129870128 -1 0 0
595.7922077922079 281.26298701298686 -1 0 0
601.1493506493508 269.5746753246752 -1 0 0
601.1493506493508 257.8863636363635 -1 0 0
650.3376623376624 271.52272727272714 -1 0 0
377.6103896103897 246.68506493506476 -1 0 0
407.8051948051949 222.3344155844154 -1 0 0
420.9545454545455 220.38636363636346 -1 0 0
436.53896103896113 211.1331168831167 -1 0 0
420.9545454545455 208.21103896103878 -1 0 0
424.3636363636365 200.905844155844 -1 0 0
431.6688311688313 190.67857142857127 -1 0 0
400.5000000000001 205.77597402597385 -1 0 0
408.29220779220793 210.15909090909074 -1 0 0
413.6493506493507 203.34090909090892 -1 0 0
419.0064935064936 197.4967532467531 -1 0 0
402.93506493506504 194.08766233766218 -1 0 0
367.38311688311694 206.74999999999983 -1 0 0
361.53896103896113 199.93181818181802 -1 0 0
344.0064935064936 191.65259740259722 -1 0 0
336.7012987012988 191.65259740259722 -1 0 0
339.13636363636374 172.65909090909074 -1 0 0
346.4415584415585 169.73701298701283 -1 0 0
350.33766233766244 165.84090909090892 -1 0 0
366.896103896104 173.6331168831167 -1 0 0
363.48701298701303 163.89285714285697 -1 0 0
369.81818181818187 158.5357142857141 -1 0 0
327.93506493506504 171.19805194805178 -1 0 0
333.29220779220793 163.89285714285697 -1 0 0
323.0649350649352 162.43181818181802 -1 0 0
319.6558441558442 162.43181818181802 -1 0 0
317.22077922077926 153.66558441558425 -1 0 0
317.7077922077923 139.54220779220762 -1 0 0
328.42207792207796 150.25649350649337 -1 0 0
329.396103896104 141.97727272727258 -1 0 0
340.5974025974027 148.7954545454544 -1 0 0
339.62337662337677 143.4383116883115 -1 0 0
336.2142857142858 159.0227272727271 -1 0 0
336.2142857142858 151.7175324675323 -1 0 0
333.77922077922085 154.15259740259722 -1 0 0
344.0064935064936 124.44480519480504 -1 0 0
355.2077922077923 127.85389610389592 -1 0 0
356.18181818181824 124.44480519480504 -1 0 0
369.81818181818187 126.87987012986997 -1 0 0
380.53246753246765 128.34090909090892 -1 0 0
379.5584415584417 122.00974025974011 -1 0 0
378.58441558441564 144.89935064935048 -1 0 0
362.5129870129871 141.97727272727258 -1 0 0
360.07792207792215 145.38636363636346 -1 0 0
381.5064935064936 143.92532467532448 -1 0 0
398.0649350649352 121.0357142857141 -1 0 0
390.7597402597404 117.62662337662323 -1 0 0
416.57142857142867 122.49675324675309 -1 0 0
420.9545454545455 124.93181818181802 -1 0 0
404.88311688311694 136.1331168831167 -1 0 0
407.8051948051949 143.4383116883115 -1 0 0
395.1428571428572 137.1071428571427 -1 0 0
402.93506493506504 125.905844155844 -1 0 0
401.9610389610391 119.08766233766215 -1 0 0
420.4675324675326 148.7954545454544 -1 0 0
424.3636363636365 140.5162337662336 -1 0 0
424.3636363636365 143.4383116883115 -1 0 0
421.92857142857156 133.69805194805178 -1 0 0
428.2597402597404 137.1071428571427 -1 0 0
433.6168831168832 138.56818181818164 -1 0 0
438.48701298701303 125.41883116883099 -1 0 0
426.3116883116884 166.3279220779219 -1 0 0
420.9545454545455 162.43181818181802 -1 0 0
408.77922077922085 160.48376623376606 -1 0 0
406.3441558441559 182.88636363636346 -1 0 0
402.448051948052 182.88636363636346 -1 0 0
391.2467532467533 184.34740259740244 -1 0 0
387.3506493506494 152.69155844155827 -1 0 0
390.7597402597404 148.3084415584414 -1 0 0
442.38311688311694 175.09415584415567 -1 0 0
425.82467532467547 180.45129870129853 -1 0 0
449.2012987012988 152.69155844155827 -1 0 0
454.07142857142867 143.4383116883115 -1 0 0
450.17532467532476 143.4383116883115 -1 0 0
453.0974025974027 131.26298701298686 -1 0 0
457.48051948051955 124.44480519480504 -1 0 0
448.22727272727286 122.00974025974011 -1 0 0
470.62987012987026 129.80194805194787 -1 0 0
477.448051948052 132.7240259740258 -1 0 0
483.29220779220793 133.69805194805178 -1 0 0
479.396103896104 138.08116883116867 -1 0 0
499.8506493506494 139.54220779220762 -1 0 0
504.72077922077926 152.20454545454527 -1 0 0
493.51948051948057 163.89285714285697 -1 0 0
479.396103896104 165.84090909090892 -1 0 0
473.0649350649352 156.10064935064918 -1 0 0
456.99350649350663 158.5357142857141 -1 0 0
461.37662337662346 149.28246753246736 -1 0 0
474.52597402597416 150.25649350649337 -1 0 0
488.1623376623378 155.12662337662323 -1 0 0
515.922077922078 162.918831168831 -1 0 0
518.3571428571429 155.6136363636362 -1 0 0
525.6623376623378 155.6136363636362 -1 0 0
522.7402597402598 160.97077922077906 -1 0 0
536.3766233766235 181.9123376623375 -1 0 0
523.7142857142858 180.45129870129853 -1 0 0
522.2532467532468 187.26948051948034 -1 0 0
518.8441558441559 191.16558441558425 -1 0 0
528.5844155844156 190.67857142857127 -1 0 0
510.5649350649352 206.74999999999983 -1 0 0
505.6948051948053 211.62012987012972 -1 0 0
500.33766233766244 200.905844155844 -1 0 0
496.4415584415585 212.1071428571427 -1 0 0
494.0064935064936 205.28896103896088 -1 0 0
490.1103896103897 200.905844155844 -1 0 0
502.28571428571433 179.47727272727255 -1 0 0
473.0649350649352 178.0162337662336 -1 0 0
454.07142857142867 179.47727272727255 -1 0 0
487.1883116883117 213.56818181818164 -1 0 0
479.396103896104 212.59415584415567 -1 0 0
481.3441558441559 203.34090909090892 -1 0 0
471.1168831168832 206.74999999999983 -1 0 0
466.73376623376635 207.7240259740258 -1 0 0
455.53246753246765 197.4967532467531 -1 0 0
459.9155844155845 206.74999999999983 -1 0 0
462.3506493506494 195.54870129870113 -1 0 0
460.4025974025975 191.16558441558425 -1 0 0
476.9610389610391 193.1136363636362 -1 0 0
487.67532467532476 196.5227272727271 -1 0 0
488.6493506493507 192.13961038961023 -1 0 0
192.54545454545456 104.47727272727275 -1 0 0
216.8961038961039 92.30194805194805 -1 0 0
225.1753246753247 90.35389610389609 -1 0 0
231.01948051948054 91.3279220779221 -1 0 0
235.4025974025974 90.35389610389609 -1 0 0
243.1948051948052 82.56168831168833 -1 0 0
248.55194805194807 85.9707792207792 -1 0 0
269.0064935064935 90.35389610389609 -1 0 0
271.92857142857144 81.10064935064935 -1 0 0
303.58441558441564 79.15259740259741 -1 0 0
316.2467532467533 73.79545454545456 -1 0 0
320.62987012987014 69.89935064935065 -1 0 0
338.6493506493507 77.69155844155844 -1 0 0
331.83116883116884 73.30844155844156 -1 0 0
333.77922077922085 67.46428571428572 -1 0 0
339.62337662337666 66.97727272727275 -1 0 0
347.9025974025974 66.49025974025975 -1 0 0
349.3636363636364 80.1266233766234 -1 0 0
360.56493506493507 65.51623376623377 -1 0 0
357.6428571428572 61.62012987012986 -1 0 0
367.38311688311694 77.69155844155844 -1 0 0
374.6883116883117 76.71753246753246 -1 0 0
369.81818181818187 75.74350649350652 -1 0 0
374.6883116883117 69.89935064935065 -1 0 0
371.76623376623377 63.08116883116884 -1 0 0
379.07142857142856 67.9512987012987 -1 0 0
385.8896103896104 75.74350649350652 -1 0 0
397.0909090909091 73.30844155844156 -1 0 0
409.7532467532468 69.89935064935065 -1 0 0
414.62337662337666 81.58766233766232 -1 0 0
421.4415584415584 82.56168831168833 -1 0 0
423.87662337662346 71.36038961038963 -1 0 0
431.18181818181824 81.58766233766232 -1 0 0
431.18181818181824 75.25649350649351 -1 0 0
437.5129870129871 74.28246753246754 -1 0 0
443.3571428571429 76.71753246753246 -1 0 0
444.81818181818187 70.38636363636363 -1 0 0
448.22727272727275 87.91883116883116 -1 0 0
452.6103896103897 90.35389610389609 -1 0 0
450.6623376623377 74.28246753246754 -1 0 0
455.0454545454546 65.51623376623377 -1 0 0
460.4025974025974 66.49025974025975 -1 0 0
466.2467532467533 67.46428571428572 -1 0 0
462.8376623376623 73.30844155844156 -1 0 0
475.5 85.48376623376623 -1 0 0
472.0909090909091 82.56168831168833 -1 0 0
469.16883116883116 90.35389610389609 -1 0 0
483.77922077922074 85.48376623376623 -1 0 0
490.1103896103896 88.40584415584416 -1 0 0
490.5974025974026 74.28246753246754 -1 0 0
498.3896103896104 78.17857142857146 -1 0 0
500.82467532467535 84.99675324675326 -1 0 0
506.18181818181813 99.60714285714286 -1 0 0
508.12987012987014 91.81493506493507 -1 0 0
495.9545454545455 85.9707792207792 -1 0 0
517.3831168831169 81.10064935064935 -1 0 0
521.7662337662339 80.61363636363637 -1 0 0
533.9415584415585 82.56168831168833 -1 0 0
523.7142857142858 91.81493506493507 -1 0 0
528.5844155844156 105.93831168831167 -1 0 0
534.9155844155845 97.17207792207793 -1 0 0
554.396103896104 91.3279220779221 -1 0 0
568.0324675324676 90.8409090909091 -1 0 0
582.6428571428572 97.17207792207793 -1 0 0
597.7402597402598 100.58116883116884 -1 0 0
601.1493506493507 109.34740259740259 -1 0 0
591.896103896104 111.78246753246754 -1 0 0
578.2597402597404 123.47077922077924 -1 0 0
595.7922077922079 124.93181818181819 -1 0 0
583.1298701298703 136.13311688311688 -1 0 0
595.3051948051949 131.75 -1 0 0
604.5584415584417 122.98376623376623 -1 0 0
613.8116883116884 122.98376623376623 -1 0 0
617.7077922077923 122.98376623376623 -1 0 0
610.4025974025975 108.37337662337663 -1 0 0
635.2402597402598 122.98376623376623 -1 0 0
633.7792207792209 131.75 -1 0 0
631.3441558441559 126.87987012987014 -1 0 0
630.37012987013 131.75 -1 0 0
628.422077922078 141.97727272727272 -1 0 0
653.2597402597404 133.69805194805195 -1 0 0
647.9025974025975 131.26298701298703 -1 0 0
671.2792207792209 153.66558441558442 -1 0 0
631.831168831169 164.37987012987014 -1 0 0
624.0389610389611 165.8409090909091 -1 0 0
628.909090909091 159.02272727272728 -1 0 0
629.396103896104 151.2305194805195 -1 0 0
637.6753246753248 163.40584415584416 -1 0 0
680.0454545454546 170.22402597402598 -1 0 0
696.1168831168832 169.25 -1 0 0
710.2402597402598 192.1396103896104 -1 0 0
723.3896103896104 194.57467532467533 -1 0 0
711.7012987012988 208.69805194805195 -1 0 0
701.9610389610391 214.5422077922078 -1 0 0
702.935064935065 227.20454545454547 -1 0 0
692.2207792207793 224.7694805194805 -1 0 0
692.2207792207793 215.0292207792208 -1 0 0
696.6038961038962 192.1396103896104 -1 0 0
680.5324675324676 204.31493506493507 -1 0 0
673.7142857142858 189.70454545454547 -1 0 0
665.922077922078 186.29545454545456 -1 0 0
663.9740259740261 197.49675324675326 -1 0 0
671.2792207792209 206.75 -1 0 0
671.7662337662339 215.0292207792208 -1 0 0
671.7662337662339 230.61363636363637 -1 0 0
675.1753246753248 241.81493506493507 -1 0 0
686.3766233766235 235.97077922077924 -1 0 0
685.4025974025975 247.6590909090909 -1 0 0
656.6688311688313 225.7435064935065 -1 0 0
659.1038961038962 213.08116883116887 -1 0 0
650.8246753246755 222.33441558441558 -1 0 0
650.8246753246755 213.08116883116887 -1 0 0
644.0064935064936 214.5422077922078 -1 0 0
635.2402597402598 208.21103896103895 -1 0 0
646.9285714285716 199.44480519480518 -1 0 0
640.1103896103897 194.57467532467533 -1 0 0
644.0064935064936 190.67857142857144 -1 0 0
631.3441558441559 185.32142857142858 -1 0 0
617.7077922077923 215.0292207792208 -1 0 0
624.5259740259742 228.17857142857144 -1 0 0
630.857142857143 197.49675324675326 -1 0 0
