64.75619834710747 437.8264462809918 -1 0 0
47.45867768595042 393.4545454545455 -1 0 0
9.103305785123979 394.9586776859505 -1 0 0
14.367768595041298 373.14876033057857 -1 0 0
83.55785123966945 420.52892561983475 -1 0 0
68.51652892561987 400.9752066115703 -1 0 0
112.88842975206614 422.7851239669422 -1 0 0
106.87190082644626 444.5950413223141 -1 0 0
136.20247933884298 444.5950413223141 -1 0 0
139.9628099173554 419.7768595041323 -1 0 0
170.04545454545456 427.2975206611571 -1 0 0
169.29338842975207 445.34710743801656 -1 0 0
187.3429752066116 443.84297520661164 -1 0 0
204.6404958677686 416.7685950413224 -1 0 0
191.85537190082647 392.70247933884303 -1 0 0
148.98760330578511 401.7272727272728 -1 0 0
124.92148760330582 393.4545454545455 -1 0 0
83.55785123966945 352.84297520661164 -1 0 0
53.47520661157023 357.3553719008265 -1 0 0
24.89669421487605 350.5867768595042 -1 0 0
8.351239669421489 325.7685950413224 -1 0 0
36.177685950413206 319.7520661157025 -1 0 0
58.73966942148763 315.23966942148763 -1 0 0
85.81404958677689 317.4958677685951 -1 0 0
22.640495867768607 300.19834710743805 -1 0 0
28.657024793388416 275.38016528925624 -1 0 0
215.1694214876033 443.84297520661164 -1 0 0
246.75619834710744 440.83471074380174 -1 0 0
256.5330578512397 418.2727272727273 -1 0 0
210.65702479338842 387.4380165289257 -1 0 0
273.83057851239676 443.84297520661164 -1 0 0
286.6157024793389 416.7685950413224 -1 0 0
311.43388429752065 413.7603305785125 -1 0 0
340.0123966942149 419.0247933884298 -1 0 0
370.095041322314 446.0991735537191 -1 0 0
379.1198347107438 435.57024793388433 -1 0 0
409.9545454545455 441.5867768595042 -1 0 0
418.22727272727275 407.7438016528926 -1 0 0
443.797520661157 416.01652892561987 -1 0 0
456.5826446280991 438.5785123966943 -1 0 0
470.1198347107438 392.70247933884303 -1 0 0
480.64876033057845 390.4462809917356 -1 0 0
497.9462809917356 358.85950413223145 -1 0 0
540.814049586777 413.00826446280996 -1 0 0
570.8966942148761 438.5785123966943 -1 0 0
595.7148760330579 446.0991735537191 -1 0 0
622.0371900826447 446.85123966942155 -1 0 0
586.6900826446281 382.9256198347108 -1 0 0
557.3595041322315 334.7933884297521 -1 0 0
593.4586776859504 356.603305785124 -1 0 0
576.9132231404959 331.03305785123973 -1 0 0
609.2520661157025 328.7768595041323 -1 0 0
618.2768595041323 357.3553719008265 -1 0 0
639.3347107438017 365.6280991735538 -1 0 0
649.111570247934 354.34710743801656 -1 0 0
657.3842975206612 375.404958677686 -1 0 0
667.9132231404959 356.603305785124 -1 0 0
655.1280991735538 334.04132231404964 -1 0 0
624.2933884297521 330.28099173553727 -1 0 0
621.2851239669421 305.4628099173554 -1 0 0
591.9545454545455 312.9834710743802 -1 0 0
566.3842975206612 309.9752066115703 -1 0 0
515.2438016528926 315.99173553719015 -1 0 0
440.0371900826446 361.1157024793389 -1 0 0
403.18595041322317 337.80165289256206 -1 0 0
381.37603305785126 337.80165289256206 -1 0 0
377.6157024793389 314.48760330578517 -1 0 0
364.07851239669424 315.23966942148763 -1 0 0
347.53305785123973 343.0661157024794 -1 0 0
328.7314049586777 346.8264462809918 -1 0 0
332.49173553719015 366.38016528925624 -1 0 0
306.92148760330576 372.3966942148761 -1 0 0
274.58264462809916 369.38842975206614 -1 0 0
285.11157024793386 358.107438016529 -1 0 0
247.50826446280993 365.6280991735538 -1 0 0
236.9793388429752 350.5867768595042 -1 0 0
187.3429752066116 361.86776859504135 -1 0 0
164.0289256198347 369.38842975206614 -1 0 0
133.19421487603307 343.0661157024794 -1 0 0
115.14462809917359 350.5867768595042 -1 0 0
121.91322314049586 322.00826446280996 -1 0 0
170.04545454545456 334.7933884297521 -1 0 0
195.61570247933884 319.00000000000006 -1 0 0
173.80578512396696 323.51239669421494 -1 0 0
133.19421487603307 297.9421487603306 -1 0 0
124.92148760330582 300.19834710743805 -1 0 0
100.85537190082647 299.4462809917356 -1 0 0
93.33471074380166 282.90082644628103 -1 0 0
48.9628099173554 270.1157024793389 -1 0 0
6.847107438016536 224.99173553719015 -1 0 0
45.954545454545446 243.04132231404964 -1 0 0
30.161157024793393 219.72727272727275 -1 0 0
6.847107438016536 197.91735537190084 -1 0 0
48.9628099173554 198.66942148760336 -1 0 0
60.24380165289256 224.23966942148763 -1 0 0
90.32644628099172 247.55371900826452 -1 0 0
91.8305785123967 224.23966942148763 -1 0 0
121.91322314049586 273.8760330578513 -1 0 0
150.4917355371901 271.6198347107439 -1 0 0
168.54132231404958 266.35537190082647 -1 0 0
196.36776859504135 263.34710743801656 -1 0 0
209.1528925619835 289.66942148760336 -1 0 0
230.9628099173554 267.85950413223145 -1 0 0
227.9545454545455 291.17355371900834 -1 0 0
231.7148760330579 317.4958677685951 -1 0 0
249.76446280991735 319.00000000000006 -1 0 0
258.7892561983471 288.9173553719009 -1 0 0
307.6735537190083 264.0991735537191 -1 0 0
297.8966942148761 236.27272727272734 -1 0 0
286.6157024793389 275.38016528925624 -1 0 0
315.19421487603313 285.1570247933885 -1 0 0
324.2190082644628 312.23140495867773 -1 0 0
340.7644628099174 285.90909090909093 -1 0 0
330.2355371900827 268.6115702479339 -1 0 0
371.5991735537191 278.38842975206614 -1 0 0
347.53305785123973 220.47933884297527 -1 0 0
366.3347107438017 218.22314049586782 -1 0 0
343.7727272727273 203.18181818181822 -1 0 0
330.9876033057851 197.16528925619838 -1 0 0
391.9049586776859 242.28925619834718 -1 0 0
388.1446280991736 212.206611570248 -1 0 0
379.1198347107438 198.66942148760336 -1 0 0
428.75619834710744 218.22314049586782 -1 0 0
446.805785123967 238.52892561983475 -1 0 0
450.56611570247935 221.9834710743802 -1 0 0
472.37603305785126 282.14876033057857 -1 0 0
484.409090909091 259.5867768595042 -1 0 0
470.87190082644634 237.02479338842977 -1 0 0
499.4504132231406 262.5950413223141 -1 0 0
523.5165289256199 282.90082644628103 -1 0 0
536.3016528925621 266.35537190082647 -1 0 0
556.6074380165289 266.35537190082647 -1 0 0
564.8801652892562 280.6446280991736 -1 0 0
595.7148760330579 287.4132231404959 -1 0 0
578.4173553719008 258.8347107438017 -1 0 0
577.6652892561984 238.52892561983475 -1 0 0
591.9545454545455 236.27272727272734 -1 0 0
603.2355371900827 216.71900826446284 -1 0 0
632.5661157024794 251.31404958677692 -1 0 0
622.0371900826447 237.02479338842977 -1 0 0
639.3347107438017 235.52066115702488 -1 0 0
666.409090909091 261.84297520661164 -1 0 0
667.9132231404959 279.14049586776866 -1 0 0
650.6157024793389 286.66115702479345 -1 0 0
640.8388429752066 286.66115702479345 -1 0 0
619.0289256198347 281.3966942148761 -1 0 0
660.3925619834711 216.71900826446284 -1 0 0
555.8553719008265 215.96694214876038 -1 0 0
515.2438016528926 249.05785123966945 -1 0 0
577.6652892561984 216.71900826446284 -1 0 0
531.0371900826447 218.22314049586782 -1 0 0
505.46694214876044 218.22314049586782 -1 0 0
483.6570247933884 226.49586776859508 -1 0 0
474.6322314049587 200.9256198347108 -1 0 0
496.4421487603306 196.41322314049592 -1 0 0
518.2520661157025 194.15702479338847 -1 0 0
565.6322314049587 192.65289256198355 -1 0 0
585.9380165289257 180.61983471074382 -1 0 0
611.50826446281 194.15702479338847 -1 0 0
651.3677685950414 196.41322314049592 -1 0 0
646.8553719008265 173.09917355371908 -1 0 0
628.805785123967 173.09917355371908 -1 0 0
663.400826446281 198.66942148760336 -1 0 0
661.1446280991736 149.7851239669422 -1 0 0
634.8223140495868 148.2809917355372 -1 0 0
613.0123966942149 153.54545454545462 -1 0 0
586.6900826446281 149.7851239669422 -1 0 0
565.6322314049587 158.0578512396695 -1 0 0
443.797520661157 204.6859504132232 -1 0 0
446.805785123967 179.86776859504135 -1 0 0
429.50826446280996 177.61157024793397 -1 0 0
408.4504132231406 170.09090909090912 -1 0 0
265.55785123966945 188.89256198347113 -1 0 0
282.8553719008264 186.63636363636368 -1 0 0
327.97933884297527 176.85950413223145 -1 0 0
350.5413223140496 167.08264462809922 -1 0 0
337.75619834710744 152.04132231404964 -1 0 0
279.09504132231405 159.56198347107443 -1 0 0
261.797520661157 156.55371900826447 -1 0 0
275.3347107438017 135.49586776859508 -1 0 0
227.20247933884298 152.7933884297521 -1 0 0
200.88016528925618 188.89256198347113 -1 0 0
219.68181818181822 217.47107438016536 -1 0 0
247.50826446280993 221.23140495867773 -1 0 0
196.36776859504135 222.7355371900827 -1 0 0
200.88016528925618 245.29752066115705 -1 0 0
234.72314049586777 239.2809917355372 -1 0 0
158.01239669421489 221.23140495867773 -1 0 0
153.5 200.1735537190083 -1 0 0
151.24380165289256 174.603305785124 -1 0 0
167.03719008264466 176.10743801652893 -1 0 0
131.6900826446281 155.04958677685954 -1 0 0
102.3595041322314 152.04132231404964 -1 0 0
113.64049586776862 179.86776859504135 -1 0 0
85.81404958677689 174.603305785124 -1 0 0
64.75619834710744 173.8512396694215 -1 0 0
47.45867768595042 152.04132231404964 -1 0 0
54.22727272727275 132.48760330578517 -1 0 0
5.342975206611584 177.61157024793397 -1 0 0
39.93801652892563 117.44628099173555 -1 0 0
20.384297520661164 107.66942148760336 -1 0 0
30.913223140495862 105.41322314049592 -1 0 0
8.351239669421489 112.9338842975207 -1 0 0
7.599173553718998 88.86776859504135 -1 0 0
3.838842975206603 29.454545454545496 -1 0 0
24.89669421487605 24.94214876033061 -1 0 0
23.39256198347107 10.652892561983492 -1 0 0
33.92148760330576 49.76033057851242 -1 0 0
61.74793388429754 48.25619834710744 -1 0 0
77.54132231404958 62.54545454545457 -1 0 0
94.83884297520662 65.55371900826447 -1 0 0
83.55785123966945 126.4710743801653 -1 0 0
122.66528925619838 83.60330578512401 -1 0 0
137.70661157024796 86.61157024793391 -1 0 0
146.73140495867767 112.18181818181824 -1 0 0
180.57438016528926 110.67768595041326 -1 0 0
187.3429752066116 133.99173553719015 -1 0 0
198.6239669421488 106.91735537190084 -1 0 0
215.92148760330582 137.0 -1 0 0
228.70661157024796 103.15702479338847 -1 0 0
246.00413223140498 89.61983471074382 -1 0 0
267.81404958677683 101.65289256198355 -1 0 0
261.04545454545456 125.71900826446284 -1 0 0
245.25206611570255 132.48760330578517 -1 0 0
283.60743801652893 115.9421487603306 -1 0 0
295.64049586776866 130.9834710743802 -1 0 0
388.8966942148761 135.49586776859508 -1 0 0
343.02066115702485 131.7355371900827 -1 0 0
394.1611570247934 155.04958677685954 -1 0 0
415.97107438016525 156.55371900826447 -1 0 0
448.3099173553719 152.7933884297521 -1 0 0
417.47520661157023 134.7438016528926 -1 0 0
413.7148760330579 113.68595041322317 -1 0 0
430.2603305785125 109.9256198347108 -1 0 0
452.8223140495868 109.9256198347108 -1 0 0
476.1363636363637 107.66942148760336 -1 0 0
469.3677685950413 127.97520661157029 -1 0 0
492.68181818181824 134.7438016528926 -1 0 0
518.2520661157025 133.99173553719015 -1 0 0
498.69834710743805 154.29752066115708 -1 0 0
524.2685950413223 149.03305785123973 -1 0 0
548.3347107438017 143.01652892561987 -1 0 0
570.8966942148761 133.99173553719015 -1 0 0
590.4504132231406 127.22314049586784 -1 0 0
614.5165289256199 119.70247933884299 -1 0 0
624.2933884297521 88.11570247933889 -1 0 0
655.1280991735538 90.37190082644634 -1 0 0
584.4338842975206 58.03305785123974 -1 0 0
619.0289256198347 64.04958677685954 -1 0 0
604.7396694214876 46.75206611570252 -1 0 0
581.4256198347108 42.23966942148763 -1 0 0
582.1776859504132 24.19008264462815 -1 0 0
555.8553719008265 22.685950413223168 -1 0 0
664.1528925619835 37.72727272727275 -1 0 0
661.8966942148761 93.38016528925624 -1 0 0
520.50826446281 27.950413223140515 -1 0 0
473.8801652892562 10.652892561983492 -1 0 0
496.4421487603306 61.04132231404964 -1 0 0
469.3677685950413 68.56198347107443 -1 0 0
457.33471074380174 85.85950413223145 -1 0 0
446.805785123967 86.61157024793391 -1 0 0
421.23553719008265 69.31404958677689 -1 0 0
401.68181818181824 73.07438016528931 -1 0 0
408.4504132231406 54.27272727272731 -1 0 0
433.2685950413223 48.25619834710744 -1 0 0
412.21074380165294 86.61157024793391 -1 0 0
373.10330578512395 68.56198347107443 -1 0 0
363.3264462809917 88.86776859504135 -1 0 0
335.5 86.61157024793391 -1 0 0
347.53305785123973 104.6611570247934 -1 0 0
323.4669421487604 93.38016528925624 -1 0 0
291.8801652892562 95.63636363636368 -1 0 0
306.16942148760336 66.30578512396698 -1 0 0
320.4586776859504 68.56198347107443 -1 0 0
349.0371900826447 17.42148760330582 -1 0 0
370.8471074380166 20.429752066115725 -1 0 0
381.37603305785126 12.157024793388473 -1 0 0
355.05371900826447 6.140495867768607 -1 0 0
319.7066115702479 21.181818181818244 -1 0 0
309.9297520661157 33.96694214876038 -1 0 0
150.4917355371901 52.016528925619866 -1 0 0
162.52479338842977 54.27272727272731 -1 0 0
186.59090909090912 48.25619834710744 -1 0 0
209.1528925619835 54.27272727272731 -1 0 0
198.6239669421488 67.80991735537191 -1 0 0
92.58264462809916 8.39669421487605 -1 0 0
118.15289256198349 25.694214876033072 -1 0 0
109.12809917355372 6.140495867768607 -1 0 0
154.25206611570246 26.44628099173559 -1 0 0
141.46694214876032 5.388429752066145 -1 0 0
160.26859504132233 16.66942148760336 -1 0 0
182.07851239669424 27.198347107438053 -1 0 0
194.86363636363637 22.685950413223168 -1 0 0
182.8305785123967 13.661157024793397 -1 0 0
221.18595041322317 17.42148760330582 -1 0 0
240.73966942148763 30.958677685950423 -1 0 0
243.7479338842975 73.07438016528931 -1 0 0
281.3512396694215 34.71900826446284 -1 0 0
264.805785123967 8.39669421487605 -1 0 0
234.72314049586777 6.892561983471126 -1 0 0
3.838842975206603 266.35537190082647 -1 0 0
485.1611570247934 91.87603305785126 -1 0 0
483.6570247933884 75.33057851239676 -1 0 0
556.6074380165289 387.4380165289257 -1 0 0
349.7892561983472 394.9586776859505 -1 0 0
367.83884297520655 365.6280991735538 -1 0 0
420.4834710743802 345.32231404958685 -1 0 0
404.6900826446281 393.4545454545455 -1 0 0
377.6157024793389 392.70247933884303 -1 0 0
485.70247933884303 7.456611570247929 -1 0 0
594.0 7.456611570247929 -1 0 0
655.2933884297522 9.336776859504141 -1 0 0
636.8677685950414 6.704545454545439 -1 0 0
616.5619834710744 6.704545454545439 -1 0 0
533.0826446280992 6.704545454545439 -1 0 0
601.9793388429752 32.18078512396694 -1 0 0
84.89669421487605 49.572314049586794 -1 0 0
501.7066115702481 376.1570247933886 -1 0 0
439.2462537462538 329.7382617382619 -1 0 0
657.4480519480521 252.09590409590422 -1 0 0
