63.58069655105293 475.2835738324651 -1 0 0
102.20251102607838 450.23158606488096 -1 0 0
43.747872901715525 415.7851028844528 -1 0 0
64.62452937470223 390.73311511686865 -1 0 0
23.915049252378118 401.17144335336206 -1 0 0
199.27896362546676 530.6067134858798 -1 0 0
236.85694527684294 534.7820447804773 -1 0 0
232.6816139822456 494.0725646581531 -1 0 0
233.72544680589488 456.4945830067769 -1 0 0
169.00781173963597 449.18775324123163 -1 0 0
274.43492692821906 488.85340053990643 -1 0 0
336.02106352352996 526.4313821912825 -1 0 0
356.89771999651674 485.72190206895834 -1 0 0
377.7743764695035 451.2754188885302 -1 0 0
353.76622152556865 430.39876241554356 -1 0 0
409.08936117898355 430.39876241554356 -1 0 0
428.92218482832095 479.4589051270624 -1 0 0
388.21270470599677 526.4313821912825 -1 0 0
476.9384947161905 532.6943791331786 -1 0 0
530.1739687223067 504.51089289464653 -1 0 0
519.7356404858133 466.9329112432703 -1 0 0
476.9384947161905 445.0124219466343 -1 0 0
472.7631634215932 389.6892822932194 -1 0 0
443.53584435941167 371.94412429118063 -1 0 0
376.73054364585414 366.72496017293395 -1 0 0
369.42371388030875 390.73311511686865 -1 0 0
321.40740399243924 380.2947868803754 -1 0 0
304.7060788140498 351.06746781819385 -1 0 0
275.4787597518683 377.1632884094273 -1 0 0
260.86510022077766 350.0236349945446 -1 0 0
237.9007781004923 328.1031456979085 -1 0 0
230.5939483349469 393.86461358781673 -1 0 0
198.2351308018174 381.33861970402467 -1 0 0
154.39415220854525 357.3304647600899 -1 0 0
137.69282703015585 410.56593876620605 -1 0 0
126.21066597001317 386.55778382227135 -1 0 0
118.90383620446781 364.6372945256353 -1 0 0
74.0190247875463 346.8921365235965 -1 0 0
35.397210312520805 320.7963159323631 -1 0 0
74.0190247875463 307.2264892249217 -1 0 0
100.11484537877973 314.5333189904671 -1 0 0
115.77233773351979 335.4099754634538 -1 0 0
116.81617055716914 298.87582663572704 -1 0 0
119.94766902811712 279.04300298638964 -1 0 0
78.19435608214364 289.48133122288294 -1 0 0
83.41352020039035 276.95533733909093 -1 0 0
58.361532432806236 265.47317627894824 -1 0 0
560.4451206081375 454.4069173594783 -1 0 0
538.5246313115014 408.47827311890745 -1 0 0
593.8477709649162 382.382452527674 -1 0 0
588.6286068466696 331.2346441688565 -1 0 0
548.9629595479947 351.06746781819385 -1 0 0
533.3054671932546 354.19896628914194 -1 0 0
497.8151511891772 355.24279911279126 -1 0 0
474.8508290688918 350.0236349945446 -1 0 0
448.75500847765835 343.7606380526485 -1 0 0
439.3605130648143 331.2346441688565 -1 0 0
480.0699931871385 330.19081134520707 -1 0 0
529.1301358986574 328.1031456979085 -1 0 0
505.12198095472263 306.1826564012724 -1 0 0
482.1576588344372 289.48133122288294 -1 0 0
620.987424379799 478.41507230341307 -1 0 0
629.3380869689938 500.3355616000492 -1 0 0
701.362551800798 482.59040359801037 -1 0 0
663.7845701494218 459.626081477725 -1 0 0
684.6612266224087 394.9084464114661 -1 0 0
638.7325823818379 364.6372945256353 -1 0 0
636.644916734539 330.19081134520707 -1 0 0
614.724427437903 343.7606380526485 -1 0 0
729.5460380393303 465.88907841962094 -1 0 0
751.4665273359661 450.23158606488096 -1 0 0
739.9843662758236 523.2998837203346 -1 0 0
766.0801868670569 510.7738898365425 -1 0 0
819.3156608731732 494.0725646581531 -1 0 0
759.817189925161 408.47827311890745 -1 0 0
866.2881379373935 466.9329112432703 -1 0 0
868.3758035846921 526.4313821912825 -1 0 0
949.7947638293404 494.0725646581531 -1 0 0
991.5480767753138 537.9135432514253 -1 0 0
1012.4247332483006 503.46706007099715 -1 0 0
972.7590859496258 386.55778382227135 -1 0 0
917.435946296211 435.6179265337902 -1 0 0
924.7427760617561 390.73311511686865 -1 0 0
942.4879340637948 364.6372945256353 -1 0 0
889.2524600576787 375.07562276212866 -1 0 0
856.8936425245494 367.7687929965833 -1 0 0
837.0608188752119 354.19896628914194 -1 0 0
815.1403295785757 374.03178993847933 -1 0 0
805.7458341657318 336.45380828710313 -1 0 0
792.1760074582904 336.45380828710313 -1 0 0
777.5623479271997 346.8921365235965 -1 0 0
755.6418586305635 368.81262582023265 -1 0 0
725.3707067447328 379.250954056726 -1 0 0
711.8008800372914 367.7687929965833 -1 0 0
708.6693815663434 338.54147393440184 -1 0 0
693.0118892116033 313.48948616681776 -1 0 0
727.4583723920315 333.32230981615515 -1 0 0
744.1596975704208 304.0949907539737 -1 0 0
733.7213693339274 279.04300298638964 -1 0 0
776.5185151035504 311.4018205195191 -1 0 0
810.9649982839784 314.5333189904671 -1 0 0
825.5786578150692 299.9196594593764 -1 0 0
803.6581685184332 296.78816098842833 -1 0 0
802.6143356947837 263.38551063164954 -1 0 0
860.0251409954972 255.03484804245485 -1 0 0
879.8579646448345 292.612829693831 -1 0 0
894.4716241759255 277.99917016274026 -1 0 0
904.9099524124188 313.48948616681776 -1 0 0
898.6469554705229 330.19081134520707 -1 0 0
876.7264661738867 335.4099754634538 -1 0 0
849.586812759004 336.45380828710313 -1 0 0
921.6112775908081 355.24279911279126 -1 0 0
935.1811042982497 340.6291395817005 -1 0 0
962.3207577131323 351.06746781819385 -1 0 0
964.4084233604309 336.45380828710313 -1 0 0
950.8385966529896 322.8839815796618 -1 0 0
931.0057730036523 318.70865028506444 -1 0 0
902.82228676512 352.11130064184323 -1 0 0
994.679575246262 343.7606380526485 -1 0 0
1015.5562317192487 358.37429758373924 -1 0 0
993.6357424226126 315.5771518141164 -1 0 0
1014.5123988955993 316.62098463776573 -1 0 0
996.7672408935606 279.04300298638964 -1 0 0
996.7672408935606 260.2540121607015 -1 0 0
1008.2494019537032 247.7280182769095 -1 0 0
1018.6877301901967 231.0266930985201 -1 0 0
972.7590859496258 10.77796730850987 -1 0 0
940.4002684164961 47.31211613623671 -1 0 0
918.4797791198604 83.84626496396355 -1 0 0
905.953785236068 99.50375731870362 -1 0 0
901.7784539414706 118.29274814439167 -1 0 0
928.9181073563535 110.9859183788463 -1 0 0
871.5073020556399 113.07358402614497 -1 0 0
887.1647944103801 101.59142296600224 -1 0 0
902.82228676512 50.443614607184685 -1 0 0
903.8661195887694 28.523125310548657 -1 0 0
875.6826333502373 25.391626839600683 -1 0 0
852.718311229952 73.40793672747016 -1 0 0
840.1923173461598 71.32027108017145 -1 0 0
838.1046516988613 110.9859183788463 -1 0 0
819.3156608731732 116.205082497093 -1 0 0
733.7213693339274 157.95839544306648 -1 0 0
860.0251409954972 255.03484804245485 -1 0 0
897.6031226468735 247.7280182769095 -1 0 0
926.8304417090549 255.03484804245485 -1 0 0
947.7070981820416 240.42118851136414 -1 0 0
965.4522561840803 265.47317627894824 -1 0 0
965.4522561840803 247.7280182769095 -1 0 0
976.9344172442233 252.94718239515618 -1 0 0
989.4604111280152 243.55268698231214 -1 0 0
964.4084233604309 225.80752898027342 -1 0 0
934.1372714746003 221.6321976856761 -1 0 0
892.3839585286269 233.11435874581878 -1 0 0
879.8579646448345 247.7280182769095 -1 0 0
870.4634692319906 233.11435874581878 -1 0 0
845.4114814644066 233.11435874581878 -1 0 0
828.7101562860173 228.93902745122145 -1 0 0
840.1923173461598 214.32536792013073 -1 0 0
813.052663931277 233.11435874581878 -1 0 0
791.1321746346409 225.80752898027342 -1 0 0
756.6856914542129 238.33352286406546 -1 0 0
720.151542626486 274.8676716917922 -1 0 0
708.6693815663434 262.3416778080002 -1 0 0
693.0118892116033 274.8676716917922 -1 0 0
664.8284029730712 293.65666251748036 -1 0 0
669.0037342676686 264.4293434552989 -1 0 0
669.0037342676686 241.4650213350135 -1 0 0
638.7325823818379 233.11435874581878 -1 0 0
620.987424379799 260.2540121607015 -1 0 0
623.0750900270976 245.64035262961082 -1 0 0
598.0231022595137 269.64850757354554 -1 0 0
581.3217770811243 291.5689968701817 -1 0 0
595.9354366122151 316.62098463776573 -1 0 0
548.9629595479947 294.7004953411297 -1 0 0
553.1382908425921 318.70865028506444 -1 0 0
566.7081175500335 336.45380828710313 -1 0 0
560.4451206081375 276.95533733909093 -1 0 0
542.6999626060987 272.7800060444936 -1 0 0
537.4807984878521 256.0786808661042 -1 0 0
520.7794733094627 267.5608419262469 -1 0 0
489.46448859998253 267.5608419262469 -1 0 0
465.4563336560478 263.38551063164954 -1 0 0
422.659187886425 271.73617322084425 -1 0 0
410.13319400263293 296.78816098842833 -1 0 0
423.70302071007427 311.4018205195191 -1 0 0
394.47570164789283 328.1031456979085 -1 0 0
394.47570164789283 308.2703220485711 -1 0 0
393.43186882424345 345.84830369994717 -1 0 0
358.9853856438154 343.7606380526485 -1 0 0
324.53890246338716 336.45380828710313 -1 0 0
334.97723069988064 313.48948616681776 -1 0 0
302.6184131667512 304.0949907539737 -1 0 0
280.69792387011506 298.87582663572704 -1 0 0
219.11178727480416 293.65666251748036 -1 0 0
191.97213385992143 302.007325106675 -1 0 0
174.22697585788265 311.4018205195191 -1 0 0
169.00781173963597 338.54147393440184 -1 0 0
196.14746515451878 335.4099754634538 -1 0 0
177.35847432883074 282.1745014573376 -1 0 0
166.92014609233735 269.64850757354554 -1 0 0
187.79680256532413 263.38551063164954 -1 0 0
199.27896362546676 245.64035262961082 -1 0 0
191.97213385992143 228.93902745122145 -1 0 0
169.00781173963597 223.71986333297474 -1 0 0
141.8681583247532 247.7280182769095 -1 0 0
116.81617055716914 247.7280182769095 -1 0 0
117.86000338081845 223.71986333297474 -1 0 0
93.85184843688371 252.94718239515618 -1 0 0
86.54501867133835 238.33352286406546 -1 0 0
56.27386678550757 233.11435874581878 -1 0 0
42.704040078066164 249.81568392420814 -1 0 0
36.44104313617016 223.71986333297474 -1 0 0
18.695885134131426 226.85136180392277 -1 0 0
10.34522254493671 191.3610457998453 -1 0 0
30.178046194274117 194.4925442707933 -1 0 0
28.09038054697545 184.05421603429994 -1 0 0
16.60821948683276 172.5720549741572 -1 0 0
23.915049252378118 164.22139238496254 -1 0 0
246.25144068968697 260.2540121607015 -1 0 0
281.74175669376444 267.5608419262469 -1 0 0
279.65409104646574 245.64035262961082 -1 0 0
314.10057422689385 267.5608419262469 -1 0 0
345.415558936374 252.94718239515618 -1 0 0
380.9058749404515 257.12251368975353 -1 0 0
372.5552123512568 233.11435874581878 -1 0 0
400.7386985897889 241.4650213350135 -1 0 0
411.17702682628226 223.71986333297474 -1 0 0
437.2728474175157 245.64035262961082 -1 0 0
423.70302071007427 252.94718239515618 -1 0 0
458.1495038905024 234.15819156946813 -1 0 0
471.71933059794384 225.80752898027342 -1 0 0
493.6398198945799 231.0266930985201 -1 0 0
496.7713183655279 258.16634651340286 -1 0 0
547.9191267243453 238.33352286406546 -1 0 0
566.7081175500335 248.77185110055885 -1 0 0
590.7162724939682 260.2540121607015 -1 0 0
607.4175976723576 219.54453203837735 -1 0 0
619.9435915561498 213.28153509648138 -1 0 0
629.3380869689938 225.80752898027342 -1 0 0
657.5215732075259 228.93902745122145 -1 0 0
679.442062504162 219.54453203837735 -1 0 0
699.2748861534993 218.50069921472806 -1 0 0
702.4063846244474 199.71170838903996 -1 0 0
722.2392082737847 221.6321976856761 -1 0 0
741.0281990994727 211.1938694491827 -1 0 0
761.9048555724595 225.80752898027342 -1 0 0
758.7733571015117 212.237702272832 -1 0 0
774.4308494562517 209.10620380188402 -1 0 0
830.7978219333157 52.5312802544834 -1 0 0
817.2279952258746 8.690301661211253 -1 0 0
798.4390044001865 12.865632955808586 -1 0 0
805.7458341657318 51.48744743083404 -1 0 0
785.9130105163945 55.66277872543147 -1 0 0
769.211685338005 21.216295545003252 -1 0 0
743.1158647467715 52.5312802544834 -1 0 0
753.5541929832649 56.70661154908073 -1 0 0
765.0363540434076 64.01344131462614 -1 0 0
703.4502174480966 34.786122252444706 -1 0 0
731.6337036866288 32.69845660514599 -1 0 0
729.5460380393303 4.51497036661392 -1 0 0
689.8803907406555 43.136784841639376 -1 0 0
662.7407373257726 79.6709336693662 -1 0 0
680.4858953278111 94.28459320045692 -1 0 0
674.2228983859152 113.07358402614497 -1 0 0
653.3462419129285 113.07358402614497 -1 0 0
630.381919792643 116.205082497093 -1 0 0
636.644916734539 91.15309472950885 -1 0 0
628.2942541453444 86.97776343491152 -1 0 0
652.3024090892791 54.61894590178211 -1 0 0
663.7845701494218 41.04911919434066 -1 0 0
669.0037342676686 8.690301661211253 -1 0 0
689.8803907406555 6.602636013912537 -1 0 0
656.4777403838765 3.4711375429645615 -1 0 0
642.907913676435 3.4711375429645615 -1 0 0
618.8997587325003 5.558803190263277 -1 0 0
612.6367617906043 45.22445048893809 -1 0 0
580.2779442574749 54.61894590178211 -1 0 0
578.1902786101762 91.15309472950885 -1 0 0
565.6642847263842 118.29274814439167 -1 0 0
561.488953431787 140.21323744102773 -1 0 0
550.0067923716442 127.68724355723569 -1 0 0
532.2616343696055 109.942085555197 -1 0 0
505.12198095472263 127.68724355723569 -1 0 0
551.0506251952935 98.45992449505427 -1 0 0
551.0506251952935 57.75044437273009 -1 0 0
536.4369656642027 61.92577566732742 -1 0 0
525.9986374277094 80.71476649301547 -1 0 0
494.6836527182292 83.84626496396355 -1 0 0
512.428810720268 73.40793672747016 -1 0 0
476.9384947161905 113.07358402614497 -1 0 0
471.71933059794384 93.24076037680757 -1 0 0
477.9823275398398 78.62710084571685 -1 0 0
472.7631634215932 62.96960849097678 -1 0 0
484.24532448173585 44.18061766528873 -1 0 0
496.7713183655279 42.092952017990015 -1 0 0
513.4726435439172 28.523125310548657 -1 0 0
540.6122969588001 40.0052863706914 -1 0 0
555.2259564898908 40.0052863706914 -1 0 0
571.9272816682802 34.786122252444706 -1 0 0
586.540941199371 29.566958134198018 -1 0 0
576.1026129628775 18.084797074055277 -1 0 0
561.488953431787 10.77796730850987 -1 0 0
548.9629595479947 14.953298603107301 -1 0 0
528.086303075008 20.17246272135399 -1 0 0
494.6836527182292 10.77796730850987 -1 0 0
629.3380869689938 207.01853815458531 -1 0 0
609.5052633196565 197.62404274174128 -1 0 0
599.066935083163 191.3610457998453 -1 0 0
577.1464457865269 216.41303356742938 -1 0 0
588.6286068466696 216.41303356742938 -1 0 0
587.5847740230203 195.53637709444263 -1 0 0
572.9711144919295 198.66787556539066 -1 0 0
562.5327862554362 216.41303356742938 -1 0 0
542.6999626060987 211.1938694491827 -1 0 0
530.1739687223067 225.80752898027342 -1 0 0
510.3411450729693 214.32536792013073 -1 0 0
505.12198095472263 191.3610457998453 -1 0 0
528.086303075008 197.62404274174128 -1 0 0
538.5246313115014 194.4925442707933 -1 0 0
557.3136221371896 187.18571450524792 -1 0 0
520.7794733094627 176.74738626875458 -1 0 0
492.5959870709306 172.5720549741572 -1 0 0
467.54399930334654 164.22139238496254 -1 0 0
468.58783212699575 203.88703968363734 -1 0 0
443.53584435941167 197.62404274174128 -1 0 0
422.659187886425 212.237702272832 -1 0 0
413.2646924735809 198.66787556539066 -1 0 0
400.7386985897889 197.62404274174128 -1 0 0
391.34420317694486 223.71986333297474 -1 0 0
428.92218482832095 173.61588779780655 -1 0 0
400.7386985897889 175.70355344510523 -1 0 0
391.34420317694486 180.9227175633519 -1 0 0
393.43186882424345 162.1337267376638 -1 0 0
385.0812062350488 157.95839544306648 -1 0 0
367.3360482330101 172.5720549741572 -1 0 0
378.8182092931528 211.1938694491827 -1 0 0
341.2402276417767 221.6321976856761 -1 0 0
329.75806658163395 245.64035262961082 -1 0 0
320.3635711687899 211.1938694491827 -1 0 0
748.3350288650182 4.51497036661392 -1 0 0
762.9486883961089 4.51497036661392 -1 0 0
433.0975161229183 18.084797074055277 -1 0 0
419.52768941547686 18.084797074055277 -1 0 0
298.44308187215375 89.06542908221023 -1 0 0
296.35541622485516 108.89825273154764 -1 0 0
292.18008493025786 149.60773285387177 -1 0 0
284.8732551647124 157.95839544306648 -1 0 0
295.31158340120584 164.22139238496254 -1 0 0
297.39924904850454 194.4925442707933 -1 0 0
275.4787597518683 203.88703968363734 -1 0 0
289.0485864593098 223.71986333297474 -1 0 0
295.31158340120584 218.50069921472806 -1 0 0
333.93339787623125 194.4925442707933 -1 0 0
318.2759055214912 165.26522520861184 -1 0 0
310.9690757559459 150.65156567752112 -1 0 0
276.52259257551776 147.5200672065731 -1 0 0
256.68976892618036 146.4762343829238 -1 0 0
235.81311245319358 175.70355344510523 -1 0 0
219.11178727480416 175.70355344510523 -1 0 0
223.28711856940149 187.18571450524792 -1 0 0
210.7611246856095 199.71170838903996 -1 0 0
220.1556200984535 223.71986333297474 -1 0 0
234.76927962954423 212.237702272832 -1 0 0
251.47060480793365 213.28153509648138 -1 0 0
230.5939483349469 250.8595167478575 -1 0 0
247.29527351333633 238.33352286406546 -1 0 0
362.1168841147634 289.48133122288294 -1 0 0
385.0812062350488 289.48133122288294 -1 0 0
399.6948657661395 274.8676716917922 -1 0 0
148.1311552666492 218.50069921472806 -1 0 0
173.1831430342333 211.1938694491827 -1 0 0
164.83248044503864 201.79937403633866 -1 0 0
180.4899727997787 197.62404274174128 -1 0 0
166.92014609233735 188.22954732889727 -1 0 0
178.40230715248 178.83505191605323 -1 0 0
202.41046209641482 187.18571450524792 -1 0 0
142.91199114840256 197.62404274174128 -1 0 0
139.78049267745453 168.39672367955987 -1 0 0
124.1230003227145 173.61588779780655 -1 0 0
114.72850490987044 197.62404274174128 -1 0 0
95.93951408418238 218.50069921472806 -1 0 0
75.06285761119562 220.5883648620267 -1 0 0
83.41352020039035 197.62404274174128 -1 0 0
96.98334690783169 184.05421603429994 -1 0 0
89.67651714228633 162.1337267376638 -1 0 0
65.6683621983516 188.22954732889727 -1 0 0
65.6683621983516 168.39672367955987 -1 0 0
41.660207254416854 153.78306414846915 -1 0 0
18.695885134131426 147.5200672065731 -1 0 0
10.34522254493671 161.0898939140145 -1 0 0
4.08222560304071 175.70355344510523 -1 0 0
6.169891250339377 245.64035262961082 -1 0 0
54.18620113820891 144.3885687356251 -1 0 0
75.06285761119562 146.4762343829238 -1 0 0
92.80801561323436 150.65156567752112 -1 0 0
102.20251102607838 153.78306414846915 -1 0 0
140.82432550110389 150.65156567752112 -1 0 0
186.75296974167475 161.0898939140145 -1 0 0
170.05164456328532 161.0898939140145 -1 0 0
181.53380562342807 130.81874202818372 -1 0 0
172.139310210584 120.38041379169033 -1 0 0
152.30648656124663 139.16940461737843 -1 0 0
82.36968737674098 27.4792924868993 -1 0 0
36.44104313617016 20.17246272135399 -1 0 0
30.178046194274117 15.99713142675666 -1 0 0
363.1607169384127 6.602636013912537 -1 0 0
329.75806658163395 4.51497036661392 -1 0 0
306.7937444613485 18.084797074055277 -1 0 0
282.7855895174138 15.99713142675666 -1 0 0
255.64593610253098 22.26012836865261 -1 0 0
237.9007781004923 29.566958134198018 -1 0 0
243.11994221873888 12.865632955808586 -1 0 0
190.92830103627207 12.865632955808586 -1 0 0
271.3034284572711 50.443614607184685 -1 0 0
301.57458034310184 42.092952017990015 -1 0 0
459.19333671415177 7.646468837561895 -1 0 0
315.14440705054324 35.829955076094066 -1 0 0
284.8732551647124 85.93393061126226 -1 0 0
283.8294223410631 105.76675426059967 -1 0 0
266.0842643390244 114.11741684979434 -1 0 0
260.86510022077766 86.97776343491152 -1 0 0
248.3391063369856 91.15309472950885 -1 0 0
252.514437631583 76.53943519841813 -1 0 0
241.03227657144026 76.53943519841813 -1 0 0
234.76927962954423 72.3641039038208 -1 0 0
227.46244986399893 94.28459320045692 -1 0 0
215.98028880385618 95.32842602410628 -1 0 0
202.41046209641482 92.1969275531582 -1 0 0
201.36662927276546 77.5832680220675 -1 0 0
178.40230715248 70.27643825652208 -1 0 0
200.3227964491161 61.92577566732742 -1 0 0
170.05164456328532 58.79427719637945 -1 0 0
212.8487903329082 136.0379061464304 -1 0 0
224.33095139305084 143.34473591197576 -1 0 0
193.0159666835708 136.0379061464304 -1 0 0
131.42983008825988 83.84626496396355 -1 0 0
131.42983008825988 61.92577566732742 -1 0 0
128.29833161731185 99.50375731870362 -1 0 0
116.81617055716914 105.76675426059967 -1 0 0
124.1230003227145 120.38041379169033 -1 0 0
110.5531736152731 127.68724355723569 -1 0 0
100.11484537877973 136.0379061464304 -1 0 0
71.93135914024765 116.205082497093 -1 0 0
59.405365256455596 128.73107638088504 -1 0 0
54.18620113820891 116.205082497093 -1 0 0
47.92320419631285 108.89825273154764 -1 0 0
31.221879017923474 99.50375731870362 -1 0 0
98.02717973148106 88.02159625856088 -1 0 0
77.1505232584943 88.02159625856088 -1 0 0
62.53686372740357 86.97776343491152 -1 0 0
44.79170572536483 83.84626496396355 -1 0 0
35.397210312520805 76.53943519841813 -1 0 0
26.002714899676782 79.6709336693662 -1 0 0
20.783550781430094 72.3641039038208 -1 0 0
3.0383927793913523 99.50375731870362 -1 0 0
26.002714899676782 127.68724355723569 -1 0 0
7.213724073988685 124.55574508628771 -1 0 0
189.88446821262272 357.3304647600899 -1 0 0
647.461777753235 40.60593343005405 -1 0 0
661.7834560749133 158.2482910724117 -1 0 0
646.4388007302581 168.4780613021819 -1 0 0
103.23800152945887 171.54699237111296 -1 0 0
692.472766764224 254.40813123225186 -1 0 0
473.5556838471411 20.146392970513517 -1 0 0
471.50972980118723 10.939599763720384 -1 0 0
145.1800594715168 126.536003360124 -1 0 0
841.8274121188693 315.78675261087324 -1 0 0
860.2409985324558 222.69584351996411 -1 0 0
659.7375020289593 202.2363030604237 -1 0 0
667.9213182127755 193.0295098536305 -1 0 0
678.1510884425456 196.09844092256157 -1 0 0
115.51372580518313 82.54799137211197 -1 0 0
895.0222173136746 88.6858535099741 -1 0 0
267.9373022287596 185.86867069279128 -1 0 0
274.0751643666217 317.83270665682727 -1 0 0
284.3049345963919 335.2233160474367 -1 0 0
