282.31818181818187 644.0064935064935 -1 0 0
462.83766233766255 668.6818181818181 -1 0 0
523.8766233766235 581.668831168831 -1 0 0
516.0844155844156 501.1493506493506 -1 0 0
557.6428571428573 463.4870129870129 -1 0 0
595.305194805195 612.8376623376622 -1 0 0
487.5129870129872 437.5129870129869 -1 0 0
431.6688311688313 468.6818181818181 -1 0 0
394.0064935064936 523.2272727272726 -1 0 0
294.0064935064936 508.94155844155836 -1 0 0
217.38311688311694 499.85064935064923 -1 0 0
179.72077922077924 484.2662337662336 -1 0 0
69.33116883116884 498.55194805194793 -1 0 0
65.43506493506493 562.1883116883116 -1 0 0
83.61688311688317 649.2012987012986 -1 0 0
25.17532467532476 607.6428571428571 -1 0 0
183.61688311688317 592.0584415584415 -1 0 0
256.3441558441559 594.6558441558441 -1 0 0
68.03246753246754 432.31818181818164 -1 0 0
21.27922077922085 441.4090909090908 -1 0 0
25.17532467532476 475.17532467532465 -1 0 0
383.6168831168832 428.4220779220778 -1 0 0
417.38311688311705 419.3311688311687 -1 0 0
457.64285714285734 410.24025974025966 -1 0 0
574.5259740259742 349.2012987012986 -1 0 0
588.8116883116884 321.92857142857133 -1 0 0
521.2792207792209 294.655844155844 -1 0 0
497.9025974025976 277.77272727272714 -1 0 0
345.9545454545455 405.0454545454544 -1 0 0
270.62987012987026 434.91558441558425 -1 0 0
177.12337662337666 450.4999999999999 -1 0 0
192.7077922077923 418.0324675324674 -1 0 0
158.94155844155853 416.7337662337661 -1 0 0
119.98051948051955 405.0454545454544 -1 0 0
262.83766233766244 389.46103896103887 -1 0 0
252.448051948052 359.59090909090895 -1 0 0
187.51298701298708 341.40909090909076 -1 0 0
160.24025974025983 362.18831168831156 -1 0 0
83.61688311688317 356.9935064935064 -1 0 0
116.08441558441564 327.1233766233765 -1 0 0
151.1493506493507 294.655844155844 -1 0 0
168.03246753246754 271.2792207792206 -1 0 0
199.2012987012988 290.7597402597401 -1 0 0
229.07142857142867 250.49999999999986 -1 0 0
261.53896103896113 232.31818181818164 -1 0 0
269.33116883116895 308.9415584415583 -1 0 0
282.31818181818187 337.5129870129869 -1 0 0
390.1103896103898 345.3051948051947 -1 0 0
322.57792207792215 323.22727272727263 -1 0 0
321.27922077922085 295.9545454545453 -1 0 0
419.9805194805196 340.1103896103895 -1 0 0
466.73376623376635 312.8376623376622 -1 0 0
484.9155844155846 336.2142857142856 -1 0 0
458.9415584415585 281.66883116883105 -1 0 0
391.40909090909093 273.87662337662323 -1 0 0
494.0064935064936 228.42207792207773 -1 0 0
468.03246753246754 199.85064935064918 -1 0 0
412.18831168831184 264.7857142857142 -1 0 0
412.18831168831184 244.00649350649337 -1 0 0
348.5519480519481 253.0974025974025 -1 0 0
201.79870129870142 206.34415584415567 -1 0 0
566.7337662337663 177.77272727272714 -1 0 0
501.7987012987014 141.40909090909076 -1 0 0
355.6948051948053 156.0194805194803 -1 0 0
367.38311688311705 137.8376623376621 -1 0 0
424.52597402597416 129.39610389610363 -1 0 0
465.43506493506516 124.20129870129841 -1 0 0
412.18831168831184 106.66883116883092 -1 0 0
405.69480519480544 128.09740259740232 -1 0 0
386.8636363636366 110.56493506493479 -1 0 0
377.12337662337677 99.52597402597377 -1 0 0
382.318181818182 85.88961038961014 -1 0 0
414.13636363636385 70.95454545454521 -1 0 0
430.3701298701301 65.75974025974 -1 0 0
356.99350649350663 124.8506493506491 -1 0 0
351.1493506493508 103.42207792207768 -1 0 0
340.1103896103898 107.96753246753224 -1 0 0
360.24025974025994 93.03246753246725 -1 0 0
360.88961038961054 85.88961038961014 -1 0 0
362.18831168831184 78.74675324675303 -1 0 0
347.9025974025976 73.55194805194782 -1 0 0
331.0194805194807 76.79870129870102 -1 0 0
331.0194805194807 138.48701298701275 -1 0 0
313.48701298701314 148.87662337662314 -1 0 0
307.6428571428573 169.65584415584394 -1 0 0
263.48701298701314 183.29220779220756 -1 0 0
262.18831168831184 164.46103896103875 -1 0 0
270.62987012987026 209.2662337662335 -1 0 0
223.22727272727286 180.69480519480499 -1 0 0
195.9545454545456 176.79870129870108 -1 0 0
245.30519480519496 144.98051948051926 -1 0 0
262.18831168831184 124.20129870129841 -1 0 0
274.52597402597416 96.92857142857116 -1 0 0
305.0454545454547 119.00649350649326 -1 0 0
306.99350649350663 137.18831168831144 -1 0 0
323.87662337662357 119.00649350649326 -1 0 0
334.2662337662339 120.9545454545452 -1 0 0
325.82467532467547 108.61688311688289 -1 0 0
314.78571428571445 108.61688311688289 -1 0 0
313.48701298701314 98.22727272727246 -1 0 0
315.43506493506516 87.18831168831144 -1 0 0
311.5389610389612 78.09740259740232 -1 0 0
298.5519480519482 87.8376623376621 -1 0 0
291.40909090909105 94.98051948051926 -1 0 0
293.357142857143 105.37012987012963 -1 0 0
261.5389610389612 92.38311688311666 -1 0 0
249.85064935064946 94.33116883116855 -1 0 0
291.40909090909105 73.55194805194782 -1 0 0
281.0194805194807 70.30519480519456 -1 0 0
231.01948051948068 100.82467532467507 -1 0 0
222.5779220779222 111.2142857142855 -1 0 0
207.64285714285728 130.04545454545433 -1 0 0
193.357142857143 144.98051948051926 -1 0 0
227.77272727272742 124.8506493506491 -1 0 0
469.33116883116895 173.87662337662323 -1 0 0
174.52597402597405 151.7987012987012 -1 0 0
153.74675324675331 310.2402597402596 -1 0 0
175.82467532467535 124.52597402597392 -1 0 0
214.78571428571442 84.59090909090901 -1 0 0
231.6688311688313 76.14935064935054 -1 0 0
240.11038961038972 61.21428571428561 -1 0 0
205.04545454545465 104.0714285714285 -1 0 0
198.5519480519482 79.3961038961038 -1 0 0
160.88961038961048 95.62987012987003 -1 0 0
146.6038961038962 99.52597402597394 -1 0 0
166.7337662337663 113.81168831168821 -1 0 0
158.94155844155853 113.81168831168821 -1 0 0
297.2532467532469 59.26623376623371 -1 0 0
274.52597402597416 54.071428571428505 -1 0 0
206.01948051948065 64.9480519480519 -1 0 0
199.8506493506495 46.11688311688309 -1 0 0
206.99350649350663 38.3246753246753 -1 0 0
214.4610389610391 49.03896103896102 -1 0 0
225.50000000000017 45.467532467532436 -1 0 0
236.21428571428584 28.909090909090878 -1 0 0
221.92857142857156 23.064935064935014 -1 0 0
238.1623376623378 18.194805194805156 -1 0 0
253.74675324675337 42.22077922077918 -1 0 0
263.81168831168844 44.49350649350646 -1 0 0
249.85064935064952 49.36363636363632 -1 0 0
181.34415584415598 40.27272727272725 -1 0 0
173.5519480519482 24.03896103896099 -1 0 0
160.88961038961054 58.129870129870085 -1 0 0
174.20129870129884 65.27272727272725 -1 0 0
183.94155844155858 61.37662337662334 -1 0 0
193.68181818181833 64.29870129870125 -1 0 0
167.38311688311703 85.72727272727269 -1 0 0
158.61688311688326 84.4285714285714 -1 0 0
135.56493506493518 90.92207792207789 -1 0 0
286.2142857142859 38.3246753246753 -1 0 0
272.57792207792227 43.194805194805184 -1 0 0
508.2922077922078 128.42207792207773 -1 0 0
206.34415584415598 17.707792207792124 -1 0 0
188.81168831168844 13.811688311688217 -1 0 0
195.95454545454555 11.214285714285609 -1 0 0
169.9805194805196 8.616883116883002 -1 0 0
119.98051948051962 107.3181818181817 -1 0 0
273.87662337662357 31.993506493506402 -1 0 0
192.68181818181816 96.38068181818178 -1 0 0
286.1704545454545 48.31249999999999 -1 0 0
239.12499999999997 42.6875 -1 0 0
307.85873850197123 356.34756898817346 -1 0 0
225.33574244415266 9.698423127463855 -1 0 0
207.46452036793713 9.17279894875162 -1 0 0
215.34888304862042 2.8653088042049717 -1 0 0
222.70762155059154 2.8653088042049717 -1 0 0
232.16885676741148 3.916557161629442 -1 0 0
240.57884362680701 7.070302233902795 -1 0 0
245.30946123521701 3.3909329829172066 -1 0 0
163.31208935611062 45.966491458607095 -1 0 0
195.3751642575561 3.3909329829172066 -1 0 0
163.83771353482285 3.3909329829172066 -1 0 0
