10.089041095890366 288.8943248532291 -1 0 0
0.9559686888453598 279.0587084148729 -1 0 0
19.222113502935372 250.9569471624267 -1 0 0
52.9442270058708 288.8943248532291 -1 0 0
61.37475538160464 312.78082191780834 -1 0 0
85.2612524461839 324.724070450098 -1 0 0
94.39432485322891 281.8688845401175 -1 0 0
138.65459882583167 292.40704500978484 -1 0 0
145.6800391389432 239.71624266144823 -1 0 0
123.90117416829742 214.42465753424668 -1 0 0
87.36888454011738 224.962818003914 -1 0 0
55.05185909980424 224.26027397260285 -1 0 0
39.595890410958816 217.93737769080246 -1 0 0
51.539138943248474 206.69667318982394 -1 0 0
74.72309197651657 188.43052837573399 -1 0 0
59.267123287671154 170.86692759295508 -1 0 0
19.924657534246535 195.45596868884553 -1 0 0
173.07925636007826 256.577299412916 -1 0 0
161.1360078277886 322.6164383561645 -1 0 0
168.86399217221134 335.2622309197653 -1 0 0
204.6937377690802 283.976516634051 -1 0 0
213.8268101761252 292.40704500978484 -1 0 0
237.71330724070447 265.0078277886498 -1 0 0
237.0107632093933 326.12915851272027 -1 0 0
254.5743639921722 340.8825831702545 -1 0 0
272.13796477495106 332.4520547945207 -1 0 0
288.2964774951076 320.508806262231 -1 0 0
294.61937377690805 333.15459882583184 -1 0 0
321.3160469667319 338.7749510763211 -1 0 0
327.63894324853226 305.05283757338566 -1 0 0
274.9481409001957 269.22309197651674 -1 0 0
272.13796477495106 241.82387475538172 -1 0 0
303.75244618395305 222.85518590998058 -1 0 0
313.5880626223092 224.962818003914 -1 0 0
317.8033268101761 185.6203522504893 -1 0 0
322.01859099804307 163.84148727984353 -1 0 0
111.95792563600774 195.45596868884553 -1 0 0
3.766144814089955 175.78473581213316 -1 0 0
21.329745596868804 158.92367906066545 -1 0 0
42.40606653620346 157.51859099804315 -1 0 0
33.975538160469625 109.04305283757347 -1 0 0
59.969667318982324 113.25831702544039 -1 0 0
52.24168297455963 146.27788649706466 -1 0 0
66.99510763209389 149.79060665362044 -1 0 0
83.85616438356158 161.0313111545989 -1 0 0
95.09686888454007 170.16438356164392 -1 0 0
119.6859099804305 167.35420743639932 -1 0 0
111.95792563600774 151.19569471624274 -1 0 0
88.07142857142851 85.15655577299424 -1 0 0
95.09686888454007 90.07436399217227 -1 0 0
102.12230919765157 99.90998043052844 -1 0 0
92.9892367906066 114.66340508806269 -1 0 0
104.22994129158508 121.68884540117428 -1 0 0
126.00880626223085 116.77103718199616 -1 0 0
120.38845401174166 88.66927592955 -1 0 0
129.52152641878666 90.07436399217227 -1 0 0
138.65459882583167 90.77690802348343 -1 0 0
133.73679060665359 163.84148727984353 -1 0 0
107.04011741682966 183.51272015655587 -1 0 0
135.1418786692759 191.94324853228972 -1 0 0
149.192759295499 177.1898238747555 -1 0 0
149.192759295499 164.5440313111547 -1 0 0
162.54109589041093 165.949119373777 -1 0 0
169.56653620352245 178.5949119373778 -1 0 0
149.89530332681016 201.77886497064588 -1 0 0
168.86399217221134 206.69667318982394 -1 0 0
185.72504892367903 199.6712328767124 -1 0 0
187.13013698630135 219.34246575342476 -1 0 0
206.0988258317025 200.3737769080236 -1 0 0
206.0988258317025 189.13307240704512 -1 0 0
224.36497064579254 195.45596868884553 -1 0 0
218.7446183953033 177.89236790606662 -1 0 0
238.41585127201563 203.1839530332682 -1 0 0
248.25146771037174 175.78473581213316 -1 0 0
234.2005870841487 168.05675146771046 -1 0 0
256.6819960861057 190.53816046966742 -1 0 0
232.79549902152638 234.095890410959 -1 0 0
220.85225048923678 213.01956947162435 -1 0 0
199.07338551859095 239.71624266144823 -1 0 0
177.99706457925637 246.74168297455984 -1 0 0
259.49217221135024 221.45009784735822 -1 0 0
273.5430528375734 187.02544031311163 -1 0 0
284.7837573385519 217.93737769080246 -1 0 0
284.7837573385519 229.88062622309212 -1 0 0
303.75244618395305 182.10763209393357 -1 0 0
314.99315068493155 211.61448140900205 -1 0 0
300.23972602739724 169.46183953033278 -1 0 0
280.5684931506849 162.43639921722124 -1 0 0
302.3473581213307 152.60078277886507 -1 0 0
289.7015655577299 144.87279843444236 -1 0 0
303.75244618395305 136.44227005870852 -1 0 0
323.4236790606654 151.19569471624274 -1 0 0
326.23385518590993 142.7651663405089 -1 0 0
315.6956947162426 128.01174168297464 -1 0 0
322.72113502935423 123.09393346379656 -1 0 0
162.54109589041093 99.90998043052844 -1 0 0
154.8131115459882 93.5870841487281 -1 0 0
170.2690802348336 98.50489236790617 -1 0 0
177.29452054794518 114.66340508806269 -1 0 0
197.6682974559687 113.25831702544039 -1 0 0
185.02250489236786 92.18199608610576 -1 0 0
175.1868884540117 83.75146771037191 -1 0 0
218.7446183953033 99.90998043052844 -1 0 0
228.58023483365946 104.82778864970652 -1 0 0
240.52348336594912 99.90998043052844 -1 0 0
243.3336594911937 113.96086105675155 -1 0 0
234.2005870841487 123.09393346379656 -1 0 0
228.58023483365946 119.58121330724077 -1 0 0
195.5606653620352 165.24657534246586 -1 0 0
324.12622309197656 319.8062622309199 -1 0 0
104.93248532289624 66.18786692759306 -1 0 0
120.38845401174166 64.78277886497074 -1 0 0
293.9168297455969 119.58121330724077 -1 0 0
284.0812133072407 123.09393346379656 -1 0 0
260.1947162426614 118.87866927592964 -1 0 0
265.11252446183954 108.34050880626233 -1 0 0
143.39677103718196 183.1614481409003 -1 0 0
185.54941291585124 178.5949119373778 -1 0 0
169.03962818003907 139.95499021526427 -1 0 0
183.44178082191775 128.01174168297464 -1 0 0
160.60909980430523 130.1193737769081 -1 0 0
133.91242661448138 133.98336594911945 -1 0 0
58.74021526418784 128.01174168297464 -1 0 0
102.64921722113499 135.0371819960862 -1 0 0
155.69129158512715 78.48238747553825 -1 0 0
153.93493150684927 69.7005870841488 -1 0 0
190.11594911937374 77.07729941291592 -1 0 0
141.2891389432485 68.99804305283766 -1 0 0
162.7167318982387 65.48532289628187 -1 0 0
121.0909980430528 138.54990215264198 -1 0 0
95.09686888454007 156.11350293542083 -1 0 0
73.31800391389424 249.5518590998044 -1 0 0
186.42759295499016 234.095890410959 -1 0 0
307.26516634050876 121.68884540117428 -1 0 0
304.4549902152642 111.8532289628181 -1 0 0
309.37279843444225 99.90998043052844 -1 0 0
277.75831702544025 103.42270058708425 -1 0 0
284.0812133072407 94.9921722113504 -1 0 0
295.3219178082192 100.6125244618396 -1 0 0
305.1575342465754 126.60665362035235 -1 0 0
269.3277886497064 95.69471624266151 -1 0 0
255.2769080234834 97.09980430528384 -1 0 0
267.22015655577303 85.15655577299424 -1 0 0
293.9168297455969 85.15655577299424 -1 0 0
287.5939334637964 72.51076320939342 -1 0 0
278.4608610567514 74.6183953033269 -1 0 0
266.51761252446187 76.02348336594918 -1 0 0
293.2142857142857 108.34050880626233 -1 0 0
192.5748532289628 191.94324853228972 -1 0 0
204.5181017612524 161.03131115459894 -1 0 0
217.51516634050878 153.6545988258318 -1 0 0
215.75880626223093 126.60665362035235 -1 0 0
202.41046966731898 126.95792563600793 -1 0 0
240.3478473581213 140.65753424657544 -1 0 0
214.00244618395303 114.31213307240714 -1 0 0
212.59735812133067 84.45401174168308 -1 0 0
223.13551859099803 90.07436399217232 -1 0 0
239.6453033268102 84.80528375733866 -1 0 0
200.65410958904107 103.77397260273983 -1 0 0
158.15019569471622 161.03131115459894 -1 0 0
196.08757338551857 144.8727984344424 -1 0 0
203.81555772994125 116.06849315068504 -1 0 0
260.42270058708414 145.22407045009788 -1 0 0
257.61252446183954 131.1731898238748 -1 0 0
276.58121330724066 141.36007827788654 -1 0 0
249.88454011741683 155.76223091976522 -1 0 0
192.04794520547946 134.33463796477503 -1 0 0
182.91487279843443 134.33463796477503 -1 0 0
87.19324853228957 58.63551859099802 -1 0 0
94.5699608610567 49.502446183953 -1 0 0
100.19031311154595 49.502446183953 -1 0 0
97.02886497064574 40.36937377690799 -1 0 0
99.1364970645792 31.58757338551857 -1 0 0
81.9241682974559 33.343933463796446 -1 0 0
75.24999999999994 26.669765166340483 -1 0 0
111.07974559686883 31.58757338551857 -1 0 0
104.40557729941287 29.128669275929525 -1 0 0
117.7539138943248 26.669765166340483 -1 0 0
126.18444227005864 24.562133072407025 -1 0 0
107.91829745596863 53.71771037181993 -1 0 0
114.24119373776904 48.0973581213307 -1 0 0
147.26076320939328 61.79696673189821 -1 0 0
149.71966731898232 51.96135029354204 -1 0 0
173.60616438356158 20.3468688845401 -1 0 0
192.22358121330717 56.176614481408976 -1 0 0
184.84686888454007 62.49951076320937 -1 0 0
177.47015655577292 67.76859099804302 -1 0 0
177.11888454011734 62.850782778864954 -1 0 0
200.654109589041 66.7147749510763 -1 0 0
207.6795499021526 64.95841487279841 -1 0 0
191.521037181996 68.47113502935419 -1 0 0
193.6286692759295 66.01223091976514 -1 0 0
158.50146771037177 52.31262230919762 -1 0 0
153.93493150684927 63.55332681017611 -1 0 0
133.56115459882577 53.71771037181993 -1 0 0
125.4818982387475 46.34099804305282 -1 0 0
136.72260273972597 61.79696673189821 -1 0 0
140.5865949119373 60.39187866927591 -1 0 0
160.9603718199608 38.26174168297453 -1 0 0
170.4447162426614 48.79990215264186 -1 0 0
162.01418786692753 47.74608610567512 -1 0 0
170.4447162426614 42.47700587084145 -1 0 0
167.98581213307236 44.58463796477491 -1 0 0
164.121819960861 49.502446183953 -1 0 0
173.95743639921716 43.179549902152615 -1 0 0
158.85273972602735 41.423189823874736 -1 0 0
159.90655577299407 60.39187866927591 -1 0 0
164.82436399217215 60.04060665362034 -1 0 0
180.63160469667315 45.287181996086076 -1 0 0
182.03669275929542 53.71771037181993 -1 0 0
206.62573385518584 47.043542074363984 -1 0 0
132.50733855185905 21.751956947162398 -1 0 0
130.3997064579256 17.887964774951058 -1 0 0
126.18444227005864 17.185420743639895 -1 0 0
108.97211350293537 47.043542074363984 -1 0 0
127.23825831702538 37.91046966731895 -1 0 0
129.69716242661443 25.264677103718185 -1 0 0
171.49853228962814 37.207925636007815 -1 0 0
196.0875733855185 53.01516634050879 -1 0 0
140.5865949119373 14.02397260273969 -1 0 0
170.09344422700582 19.644324853228937 -1 0 0
153.58365949119369 26.669765166340483 -1 0 0
132.15606653620347 41.423189823874736 -1 0 0
134.9662426614481 35.80283757338549 -1 0 0
138.47896281800385 40.36937377690799 -1 0 0
138.12769080234824 22.805772994129143 -1 0 0
137.77641878669272 17.185420743639895 -1 0 0
172.9036203522504 14.02397260273969 -1 0 0
182.387964774951 14.37524461839527 -1 0 0
179.929060665362 34.74902152641877 -1 0 0
175.36252446183948 28.77739726027394 -1 0 0
166.58072407045003 23.157045009784724 -1 0 0
160.60909980430523 28.074853228962805 -1 0 0
167.98581213307236 5.593444227005847 -1 0 0
160.60909980430523 10.511252446183931 -1 0 0
154.28620352250482 4.188356164383549 -1 0 0
194.33121330724066 33.343933463796446 -1 0 0
208.38209393346375 22.805772994129143 -1 0 0
208.73336594911933 31.236301369862986 -1 0 0
197.84393346379642 30.18248532289627 -1 0 0
203.46428571428567 35.80283757338549 -1 0 0
201.70792563600776 48.79990215264186 -1 0 0
197.14138943248525 47.74608610567512 -1 0 0
188.35958904109583 44.935909980430495 -1 0 0
185.19814090019565 39.66682974559683 -1 0 0
156.04256360078273 12.970156555772974 -1 0 0
152.8811154598825 6.9985322896281446 -1 0 0
151.12475538160464 12.26761252446181 -1 0 0
148.6658512720156 8.05234833659489 -1 0 0
145.85567514677098 9.106164383561634 -1 0 0
146.55821917808214 5.242172211350265 -1 0 0
164.82436399217215 1.0269080234833439 -1 0 0
173.60616438356158 1.0269080234833439 -1 0 0
189.062133072407 2.783268101761223 -1 0 0
191.8723091976516 1.0269080234833439 -1 0 0
196.79011741682967 1.729452054794507 -1 0 0
200.654109589041 2.4319960861056416 -1 0 0
197.84393346379642 6.9985322896281446 -1 0 0
196.79011741682967 15.429060665362018 -1 0 0
198.195205479452 9.808708414872768 -1 0 0
194.33121330724066 5.242172211350265 -1 0 0
203.46428571428567 5.593444227005847 -1 0 0
206.97700587084142 2.08072407045006 -1 0 0
204.86937377690793 0.3243639921721808 -1 0 0
205.22064579256352 2.08072407045006 -1 0 0
206.27446183953026 8.05234833659489 -1 0 0
205.5719178082191 11.916340508806229 -1 0 0
201.35665362035218 11.916340508806229 -1 0 0
204.86937377690793 18.23923679060664 -1 0 0
200.654109589041 18.23923679060664 -1 0 0
193.27739726027391 20.698140900195682 -1 0 0
188.35958904109583 24.21086105675144 -1 0 0
191.521037181996 25.615949119373735 -1 0 0
194.68248532289624 26.3184931506849 -1 0 0
202.7617416829745 26.3184931506849 -1 0 0
183.09050880626216 30.18248532289627 -1 0 0
183.09050880626216 27.021037181996064 -1 0 0
183.09050880626216 24.21086105675144 -1 0 0
178.87524461839524 20.3468688845401 -1 0 0
163.06800391389427 15.780332681017597 -1 0 0
177.47015655577292 37.207925636007815 -1 0 0
167.98581213307236 32.64138943248531 -1 0 0
155.69129158512715 17.887964774951058 -1 0 0
146.90949119373772 19.293052837573356 -1 0 0
151.12475538160464 19.293052837573356 -1 0 0
120.915362035225 30.18248532289627 -1 0 0
98.78522504892362 57.93297455968687 -1 0 0
100.89285714285708 55.122798434442245 -1 0 0
132.15606653620347 48.0973581213307 -1 0 0
134.26369863013693 45.63845401174166 -1 0 0
190.6428571428571 2.9589041095891275 -1 0 0
173.78180039138942 9.984344422700644 -1 0 0
176.591976516634 8.579256360078318 -1 0 0
177.99706457925637 7.876712328767213 -1 0 0
181.5097847358121 7.876712328767213 -1 0 0
180.10469667318978 3.6614481409002333 -1 0 0
184.3199608610567 2.9589041095891275 -1 0 0
188.53522504892362 9.281800391389481 -1 0 0
175.1868884540117 5.769080234833723 -1 0 0
169.56653620352245 2.9589041095891275 -1 0 0
158.325831702544 1.5538160469668014 -1 0 0
188.53522504892362 18.414872798434487 -1 0 0
157.62328767123284 25.44031311154606 -1 0 0
16.88649706457926 11.916340508806229 -1 0 0
18.99412915851272 15.780332681017597 -1 0 0
12.319960861056757 14.37524461839527 -1 0 0
211.24380165289256 76.64428374655648 -1 0 0
222.8140495867769 71.13464187327824 -1 0 0
232.18044077134988 67.27789256198346 -1 0 0
244.301652892562 76.09331955922866 -1 0 0
250.91322314049592 71.68560606060606 -1 0 0
254.21900826446281 55.70764462809916 -1 0 0
259.72865013774106 73.33849862258953 -1 0 0
264.1363636363636 59.56439393939394 -1 0 0
279.0123966942149 55.70764462809916 -1 0 0
267.99311294765846 49.09607438016529 -1 0 0
240.99586776859508 55.70764462809916 -1 0 0
248.70936639118457 51.85089531680441 -1 0 0
236.03719008264466 52.40185950413223 -1 0 0
222.8140495867769 60.66632231404958 -1 0 0
221.71212121212125 53.503787878787875 -1 0 0
227.7727272727273 39.17871900826445 -1 0 0
217.30440771349862 50.74896694214877 -1 0 0
225.56887052341602 19.894972451790622 -1 0 0
238.7920110192838 31.465220385674925 -1 0 0
249.81129476584027 27.608471074380162 -1 0 0
238.7920110192838 43.03546831955923 -1 0 0
255.3209366391185 45.79028925619835 -1 0 0
252.01515151515156 40.28064738292011 -1 0 0
262.4834710743802 40.83161157024793 -1 0 0
273.50275482093673 41.93353994490357 -1 0 0
268.54407713498625 36.42389807162533 -1 0 0
263.03443526170804 36.42389807162533 -1 0 0
217.30440771349862 38.07679063360881 -1 0 0
213.9986225895317 28.710399449035805 -1 0 0
245.9545454545455 6.671831955922855 -1 0 0
237.69008264462815 13.283402203856738 -1 0 0
230.80303030303028 33.11811294765839 -1 0 0
226.94628099173556 27.608471074380148 -1 0 0
219.78374655647386 31.46522038567491 -1 0 0
213.7231404958678 20.996900826446264 -1 0 0
209.86639118457302 17.1401515151515 -1 0 0
212.62121212121215 18.793044077134965 -1 0 0
215.37603305785123 13.283402203856738 -1 0 0
211.51928374655645 8.324724517906319 -1 0 0
260.5550964187328 13.283402203856738 -1 0 0
259.4531680440772 17.691115702479323 -1 0 0
257.2493112947659 9.977617079889797 -1 0 0
253.39256198347107 2.8150826446280774 -1 0 0
246.23002754820942 2.264118457300242 -1 0 0
240.72038567493112 4.4679752066115554 -1 0 0
230.80303030303028 8.324724517906319 -1 0 0
226.3953168044077 12.181473829201082 -1 0 0
220.8856749311295 14.38533057851238 -1 0 0
224.74242424242422 9.426652892561961 -1 0 0
226.94628099173556 5.569903581267198 -1 0 0
217.57988980716252 5.569903581267198 -1 0 0
212.62121212121215 4.4679752066115554 -1 0 0
214.82506887052344 2.264118457300242 -1 0 0
226.3953168044077 2.8150826446280774 -1 0 0
231.35399449035813 0.6112258953167782 -1 0 0
220.33471074380165 4.4679752066115554 -1 0 0
217.02892561983472 9.977617079889797 -1 0 0
228.0482093663912 23.751721763085385 -1 0 0
234.65977961432506 18.793044077134965 -1 0 0
246.23002754820942 12.181473829201082 -1 0 0
240.1694214876033 23.751721763085385 -1 0 0
244.5771349862259 28.71039944903579 -1 0 0
263.86088154269976 25.40461432506885 -1 0 0
259.4531680440772 24.853650137741027 -1 0 0
264.96280991735534 22.649793388429742 -1 0 0
253.9435261707989 18.793044077134965 -1 0 0
254.49449035812674 32.56714876033057 -1 0 0
245.67906336088157 36.42389807162533 -1 0 0
267.7176308539945 41.93353994490357 -1 0 0
274.32920110192833 49.64703856749309 -1 0 0
246.78099173553719 40.280647382920094 -1 0 0
250.63774104683196 56.80957300275482 -1 0 0
