45.43647912885666 491.2658802177858 -1 0 0
93.1025408348458 502.93920145190566 -1 0 0
272.09346642468245 523.3675136116153 -1 0 0
405.3638838475499 491.2658802177858 -1 0 0
673.8502722323049 502.93920145190566 -1 0 0
738.0535390199636 407.60707803992744 -1 0 0
798.3656987295826 392.0426497277677 -1 0 0
751.6724137931035 369.6687840290382 -1 0 0
709.8430127041743 371.6143375680581 -1 0 0
691.3602540834845 373.55989110707804 -1 0 0
678.7141560798548 360.91379310344837 -1 0 0
13.334845735027272 446.5181488203267 -1 0 0
12.362068965517267 412.47096188747736 -1 0 0
8.470961887477358 379.39655172413796 -1 0 0
29.87205081669697 374.53266787658805 -1 0 0
61.00090744101635 406.63430127041744 -1 0 0
52.24591651542653 376.478221415608 -1 0 0
91.15698729582579 396.9065335753176 -1 0 0
113.5308529945554 367.7232304900182 -1 0 0
100.8847549909256 356.0499092558984 -1 0 0
158.27858439201452 385.2332123411978 -1 0 0
163.14246823956444 371.6143375680581 -1 0 0
150.4963702359347 360.91379310344837 -1 0 0
125.20417422867519 434.8448275862069 -1 0 0
193.29854809437393 423.17150635208714 -1 0 0
209.83575317604357 402.74319419237753 -1 0 0
209.83575317604357 364.8049001814882 -1 0 0
195.24410163339383 351.1860254083485 -1 0 0
241.93738656987296 351.1860254083485 -1 0 0
239.01905626134305 376.478221415608 -1 0 0
278.90290381125226 393.01542649727764 -1 0 0
270.14791288566244 347.2949183303086 -1 0 0
284.7395644283122 364.8049001814882 -1 0 0
306.14065335753173 340.4854809437387 -1 0 0
305.16787658802184 356.0499092558984 -1 0 0
318.7867513611616 436.7903811252269 -1 0 0
319.7595281306716 338.5399274047187 -1 0 0
352.83393829401086 345.3493647912886 -1 0 0
366.4528130671507 356.0499092558984 -1 0 0
336.2967332123412 331.7304900181488 -1 0 0
388.8266787658803 366.7504537205082 -1 0 0
361.5889292196008 376.478221415608 -1 0 0
402.44555353902 439.70871143375683 -1 0 0
439.41107078039926 407.60707803992744 -1 0 0
427.7377495462795 353.13157894736844 -1 0 0
409.2549909255898 347.2949183303086 -1 0 0
382.99001814882035 349.24047186932853 -1 0 0
369.3711433756806 326.8666061705989 -1 0 0
445.24773139745923 349.24047186932853 -1 0 0
444.2749546279492 335.6215970961888 -1 0 0
463.7304900181489 347.2949183303086 -1 0 0
463.7304900181489 337.56715063520875 -1 0 0
487.07713248638845 349.24047186932853 -1 0 0
482.21324863883854 333.67604355716884 -1 0 0
481.24047186932853 379.39655172413796 -1 0 0
496.80490018148834 401.77041742286747 -1 0 0
572.6814882032668 401.77041742286747 -1 0 0
547.3892921960073 386.20598911070783 -1 0 0
492.91379310344826 475.7014519056262 -1 0 0
636.8847549909256 420.2531760435572 -1 0 0
615.483666061706 392.0426497277677 -1 0 0
553.2259528130671 369.6687840290382 -1 0 0
564.899274047187 337.56715063520875 -1 0 0
537.6615245009075 337.56715063520875 -1 0 0
517.2332123411978 364.8049001814882 -1 0 0
627.1569872958258 376.478221415608 -1 0 0
595.0553539019963 344.3765880217786 -1 0 0
618.4019963702359 345.3493647912886 -1 0 0
649.5308529945554 369.6687840290382 -1 0 0
646.6125226860254 339.5127041742287 -1 0 0
652.4491833030853 330.7577132486389 -1 0 0
675.7958257713249 346.32214156079857 -1 0 0
652.4491833030853 394.96098003629766 -1 0 0
778.910163339383 356.0499092558984 -1 0 0
756.5362976406534 351.1860254083485 -1 0 0
793.5018148820327 359.9410163339383 -1 0 0
798.3656987295826 349.24047186932853 -1 0 0
793.5018148820327 330.7577132486389 -1 0 0
720.543557168784 349.24047186932853 -1 0 0
3.999092558983648 365.2912885662432 -1 0 0
19.077132486388393 354.5907441016334 -1 0 0
14.213248638838479 333.1896551724138 -1 0 0
16.645190562613436 309.3566243194192 -1 0 0
13.240471869328502 295.7377495462795 -1 0 0
43.396551724137936 288.4419237749546 -1 0 0
3.999092558983648 350.2132486388385 -1 0 0
3.999092558983648 339.99909255898365 -1 0 0
20.536297640653345 341.94464609800366 -1 0 0
23.454627949183305 331.7304900181488 -1 0 0
40.96460980036298 334.1624319419238 -1 0 0
34.15517241379311 326.3802177858439 -1 0 0
50.6923774954628 348.2676950998185 -1 0 0
59.44736842105266 334.1624319419238 -1 0 0
57.501814882032676 329.7849364791289 -1 0 0
57.98820326678767 316.16606170598914 -1 0 0
45.82849364791289 316.16606170598914 -1 0 0
70.63430127041744 317.6252268602541 -1 0 0
68.68874773139748 321.516333938294 -1 0 0
73.0662431941924 335.13520871143373 -1 0 0
95.92649727767699 336.5943738656987 -1 0 0
98.35843920145194 321.516333938294 -1 0 0
89.60344827586206 326.3802177858439 -1 0 0
84.7395644283122 319.57078039927404 -1 0 0
85.71234119782216 317.6252268602541 -1 0 0
81.33484573502724 314.2205081669691 -1 0 0
131.43284936479134 333.1896551724138 -1 0 0
143.10617059891112 331.7304900181488 -1 0 0
155.75226860254085 335.62159709618874 -1 0 0
170.8303085299456 344.3765880217786 -1 0 0
170.3439201451906 369.6687840290381 -1 0 0
126.08257713248642 318.11161524500903 -1 0 0
119.27313974591655 321.02994555353905 -1 0 0
138.7286751361162 324.43466424682396 -1 0 0
127.54174228675141 297.1969147005444 -1 0 0
170.34392014519062 303.03357531760435 -1 0 0
182.50362976406538 317.6252268602541 -1 0 0
181.04446460980043 310.3294010889292 -1 0 0
154.5362976406534 316.6524500907441 -1 0 0
171.0735027223231 325.4074410163339 -1 0 0
221.90108892921964 330.02813067150635 -1 0 0
195.14972776769517 328.3257713248639 -1 0 0
199.04083484573508 335.6215970961888 -1 0 0
233.08802177858448 328.81215970961887 -1 0 0
247.19328493647922 324.92105263157896 -1 0 0
266.16243194192384 324.43466424682396 -1 0 0
271.5127041742287 331.2441016333938 -1 0 0
284.6451905626135 328.3257713248639 -1 0 0
279.29491833030863 323.461887477314 -1 0 0
275.89019963702367 335.13520871143373 -1 0 0
287.07713248638845 304.97912885662436 -1 0 0
264.7032667876589 285.5235934664247 -1 0 0
309.450998185118 323.461887477314 -1 0 0
301.18239564428325 304.97912885662436 -1 0 0
362.07531760435575 328.3257713248639 -1 0 0
352.3475499092559 323.94827586206895 -1 0 0
338.7286751361162 321.516333938294 -1 0 0
377.15335753176043 322.002722323049 -1 0 0
464.21687840290394 333.6760435571688 -1 0 0
470.5399274047188 321.029945553539 -1 0 0
493.8865698729584 319.08439201451904 -1 0 0
460.812159709619 318.11161524500903 -1 0 0
471.99909255898376 317.6252268602541 -1 0 0
423.36025408348473 319.57078039927404 -1 0 0
423.8466424682397 329.2985480943738 -1 0 0
504.10072595281315 339.0263157894737 -1 0 0
522.5834845735028 333.6760435571688 -1 0 0
511.396551724138 324.4346642468239 -1 0 0
513.342105263158 318.11161524500903 -1 0 0
540.0934664246826 331.2441016333938 -1 0 0
546.9029038112524 321.029945553539 -1 0 0
554.1987295825772 322.00272232304894 -1 0 0
569.763157894737 321.029945553539 -1 0 0
577.5453720508168 319.08439201451904 -1 0 0
584.8411978221417 323.46188747731395 -1 0 0
599.4328493647913 327.83938294010886 -1 0 0
614.024500907441 328.81215970961887 -1 0 0
609.1606170598911 324.4346642468239 -1 0 0
625.6978221415609 332.21687840290383 -1 0 0
630.0753176043557 323.46188747731395 -1 0 0
635.4255898366607 328.81215970961887 -1 0 0
635.9119782214157 339.51270417422865 -1 0 0
438.43829401088954 322.975499092559 -1 0 0
451.08439201451927 319.5707803992741 -1 0 0
647.6796733212342 319.5707803992741 -1 0 0
642.3294010889293 324.92105263157896 -1 0 0
639.4110707803993 322.489110707804 -1 0 0
670.5399274047188 319.0843920145191 -1 0 0
676.8629764065337 322.489110707804 -1 0 0
684.6451905626135 336.1079854809438 -1 0 0
693.8865698729584 325.89382940108896 -1 0 0
702.1551724137931 330.27132486388393 -1 0 0
700.6960072595282 337.56715063520875 -1 0 0
709.450998185118 323.461887477314 -1 0 0
746.4165154264973 338.53992740471875 -1 0 0
738.1479128856625 339.5127041742287 -1 0 0
729.3929219600727 326.86660617059897 -1 0 0
720.1515426497278 321.51633393829405 -1 0 0
768.790381125227 329.7849364791289 -1 0 0
769.2767695099819 309.3566243194192 -1 0 0
752.7395644283123 311.3021778584392 -1 0 0
779.0045372050818 333.18965517241384 -1 0 0
787.7595281306716 343.4038112522686 -1 0 0
740.9595404595406 320.448051948052 -1 0 0
398.1023976023977 314.0544455544456 -1 0 0
204.69580419580416 316.45204795204796 -1 0 0
198.3021978021978 310.85764235764236 -1 0 0
191.90859140859138 312.45604395604397 -1 0 0
100.79970029970028 310.05844155844164 -1 0 0
11.2892107892107 273.2952047952048 -1 0 0
