71.89251908396953 735.3429007633588 -1 0 0
10.33526717557259 442.2131297709924 -1 0 0
20.594809160305378 407.0375572519084 -1 0 0
7.403969465648916 357.20549618320615 -1 0 0
39.64824427480919 339.61770992366417 -1 0 0
11.800916030534427 254.61007633587798 -1 0 0
45.51083969465653 294.1825954198474 -1 0 0
67.49557251908402 357.20549618320615 -1 0 0
64.56427480916034 324.96122137404586 -1 0 0
93.87725190839701 247.28183206106874 -1 0 0
118.79328244274816 324.96122137404586 -1 0 0
96.80854961832068 357.20549618320615 -1 0 0
111.46503816793899 373.32763358778635 -1 0 0
131.98412213740463 374.7932824427482 -1 0 0
149.57190839694658 411.43450381679395 -1 0 0
140.77801526717565 497.90778625954204 -1 0 0
168.6253435114504 506.70167938931303 -1 0 0
180.35053435114511 575.5871755725192 -1 0 0
139.3123664122138 659.1291603053436 -1 0 0
247.77038167938932 664.991755725191 -1 0 0
175.9535877862596 748.5337404580152 -1 0 0
193.54137404580158 401.1749618320611 -1 0 0
153.9688549618321 352.8085496183207 -1 0 0
142.2436641221375 319.0986259541985 -1 0 0
171.5566412213741 267.80091603053444 -1 0 0
124.65587786259545 270.7322137404581 -1 0 0
142.2436641221375 295.6482442748092 -1 0 0
197.93832061068707 434.8848854961833 -1 0 0
246.30473282442756 424.6253435114504 -1 0 0
284.41160305343516 424.6253435114504 -1 0 0
299.0680916030535 470.0604580152672 -1 0 0
343.03755725190837 468.5948091603054 -1 0 0
378.21312977099245 533.083358778626 -1 0 0
372.3505343511451 681.113893129771 -1 0 0
331.3123664122138 667.9230534351145 -1 0 0
398.73221374045806 752.9306870229009 -1 0 0
441.23603053435124 506.70167938931303 -1 0 0
269.7551145038168 374.7932824427482 -1 0 0
241.90778625954204 360.1367938931298 -1 0 0
262.4268702290077 346.9459541984733 -1 0 0
290.27419847328247 344.0146564885497 -1 0 0
266.8238167938932 311.7703816793894 -1 0 0
222.85435114503824 278.0604580152672 -1 0 0
154.82381679389306 268.90015267175573 -1 0 0
120.38106870229 178.02992366412218 -1 0 0
157.0222900763358 171.43450381679392 -1 0 0
188.53374045801516 185.35816793893133 -1 0 0
198.06045801526707 166.30473282442753 -1 0 0
211.98412213740448 173.63297709923668 -1 0 0
236.1673282442747 180.2283969465649 -1 0 0
252.2894656488549 167.77038167938937 -1 0 0
257.4192366412213 121.60244274809163 -1 0 0
269.8772519083969 120.86961832061071 -1 0 0
271.34290076335867 209.54137404580158 -1 0 0
262.5490076335877 222.73221374045804 -1 0 0
237.63297709923654 229.32763358778632 -1 0 0
220.7780152671755 222.73221374045804 -1 0 0
243.49557251908388 258.64061068702296 -1 0 0
288.19786259541974 255.70931297709924 -1 0 0
334.36580152671746 258.64061068702296 -1 0 0
257.4192366412213 282.8238167938931 -1 0 0
306.51847328244264 211.00702290076336 -1 0 0
299.19022900763343 161.907786259542 -1 0 0
273.54137404580143 166.30473282442753 -1 0 0
264.7474809160304 172.90015267175576 -1 0 0
327.7703816793892 176.56427480916034 -1 0 0
307.9841221374045 178.02992366412218 -1 0 0
349.02229007633576 217.60244274809165 -1 0 0
373.205496183206 243.25129770992368 -1 0 0
374.6711450381678 212.4726717557252 -1 0 0
372.4726717557251 186.82381679389317 -1 0 0
362.2131297709922 175.0986259541985 -1 0 0
336.5642748091602 177.29709923664126 -1 0 0
343.15969465648845 176.56427480916034 -1 0 0
349.7551145038167 176.56427480916034 -1 0 0
337.29709923664115 219.80091603053438 -1 0 0
367.3429007633587 347.31236641221375 -1 0 0
371.73984732824414 306.27419847328247 -1 0 0
392.2589312977098 275.49557251908396 -1 0 0
414.97648854961824 213.93832061068701 -1 0 0
409.1138931297709 254.97648854961835 -1 0 0
425.968854961832 268.90015267175573 -1 0 0
410.5795419847327 287.95358778625956 -1 0 0
436.9612213740457 337.05282442748097 -1 0 0
463.3429007633586 374.42687022900765 -1 0 0
403.25129770992356 361.96885496183205 -1 0 0
406.91541984732817 376.6253435114504 -1 0 0
458.2131297709922 271.8314503816794 -1 0 0
202.45740458015257 246.18259541984736 -1 0 0
396.1062595419846 193.2360305343512 -1 0 0
427.617709923664 198.36580152671763 -1 0 0
429.08335877862584 178.57954198473286 -1 0 0
404.16732824427476 155.49557251908402 -1 0 0
401.6024427480915 148.9001526717558 -1 0 0
386.5795419847327 139.73984732824434 -1 0 0
379.2512977099236 158.06045801526724 -1 0 0
363.1291603053435 151.83145038167945 -1 0 0
349.93832061068696 161.72458015267182 -1 0 0
338.5795419847327 165.3887022900764 -1 0 0
317.69404580152667 167.9535877862596 -1 0 0
338.21312977099234 157.69404580152678 -1 0 0
333.8161832061068 119.22076335877868 -1 0 0
344.0757251908396 113.35816793893137 -1 0 0
351.4039694656488 107.49557251908402 -1 0 0
363.1291603053435 121.7856488549619 -1 0 0
368.25893129770986 109.32763358778634 -1 0 0
384.38106870229 128.74748091603058 -1 0 0
380.71694656488546 110.42687022900769 -1 0 0
449.6024427480915 234.2741984732825 -1 0 0
453.99938931297703 207.89251908396955 -1 0 0
464.9917557251907 193.2360305343512 -1 0 0
453.99938931297703 181.1444274809161 -1 0 0
442.6406106870228 156.5948091603054 -1 0 0
428.350534351145 143.77038167938937 -1 0 0
415.8925190839694 123.98412213740463 -1 0 0
408.93068702290066 123.98412213740463 -1 0 0
399.0375572519083 121.41923664122143 -1 0 0
348.4726717557251 152.56427480916037 -1 0 0
181.75511450381674 294.73221374045806 -1 0 0
18.945954198473302 69.7551145038168 -1 0 0
28.106259541984745 63.892519083969496 -1 0 0
44.2283969465649 62.06045801526719 -1 0 0
48.258931297709935 63.159694656488576 -1 0 0
107.98412213740458 66.45740458015268 -1 0 0
110.91541984732825 76.35053435114506 -1 0 0
115.31236641221376 79.28183206106871 -1 0 0
122.27419847328244 80.74748091603054 -1 0 0
138.02992366412212 69.7551145038168 -1 0 0
154.51847328244273 76.35053435114506 -1 0 0
368.86961832061064 93.20549618320612 -1 0 0
375.0986259541984 89.90778625954201 -1 0 0
384.6253435114503 92.10625954198474 -1 0 0
380.9612213740457 92.10625954198474 -1 0 0
409.17496183206094 83.67877862595422 -1 0 0
397.8161832061068 92.83908396946566 -1 0 0
426.762748091603 84.41160305343514 -1 0 0
419.06809160305335 110.42687022900766 -1 0 0
428.59480916030526 123.61770992366415 -1 0 0
434.82381679389306 116.28946564885499 -1 0 0
440.31999999999994 115.55664122137406 -1 0 0
432.25893129770986 104.19786259541986 -1 0 0
430.0604580152671 100.16732824427483 -1 0 0
439.95358778625945 89.54137404580155 -1 0 0
444.71694656488546 97.60244274809162 -1 0 0
450.21312977099234 86.24366412213742 -1 0 0
450.9459541984732 97.23603053435116 -1 0 0
446.5490076335877 87.70931297709926 -1 0 0
476.9612213740457 81.84671755725192 -1 0 0
445.4497709923663 35.6787786259542 -1 0 0
450.9459541984732 37.14442748091602 -1 0 0
455.3429007633587 115.92305343511453 -1 0 0
448.38106870229 119.58717557251912 -1 0 0
450.5795419847327 133.14442748091605 -1 0 0
454.6100763358778 151.83145038167942 -1 0 0
453.14442748091597 142.30473282442753 -1 0 0
455.3429007633587 128.01465648854963 -1 0 0
465.2360305343511 128.74748091603055 -1 0 0
468.9001526717557 121.78564885496186 -1 0 0
470.36580152671746 150.73221374045804 -1 0 0
481.3581679389312 152.56427480916034 -1 0 0
483.19022900763355 126.91541984732827 -1 0 0
481.3581679389312 112.62534351145041 -1 0 0
481.3581679389312 104.93068702290078 -1 0 0
475.1291603053435 95.40396946564888 -1 0 0
470.36580152671746 89.54137404580155 -1 0 0
459.37343511450376 111.89251908396949 -1 0 0
500.41160305343504 118.85435114503821 -1 0 0
491.9841221374045 113.35816793893132 -1 0 0
494.1825954198473 119.58717557251912 -1 0 0
492.350534351145 140.10625954198477 -1 0 0
496.0146564885496 133.87725190839697 -1 0 0
508.1062595419847 134.24366412213743 -1 0 0
502.2436641221374 158.06045801526722 -1 0 0
493.4497709923663 154.02992366412218 -1 0 0
495.28183206106866 173.44977099236647 -1 0 0
478.42687022900753 194.70167938931309 -1 0 0
515.0680916030534 177.846717557252 -1 0 0
518.3658015267175 165.38870229007637 -1 0 0
511.77038167938923 150.3658015267176 -1 0 0
472.5642748091603 115.1902290076336 -1 0 0
462.30473282442745 94.67114503816796 -1 0 0
473.66351145038163 104.93068702290078 -1 0 0
486.8543511450381 98.33526717557254 -1 0 0
493.8161832061068 92.83908396946566 -1 0 0
494.91541984732817 85.5108396946565 -1 0 0
511.4039694656488 90.27419847328247 -1 0 0
531.9230534351144 84.41160305343514 -1 0 0
508.4726717557251 86.24366412213742 -1 0 0
403.3123664122137 112.62534351145041 -1 0 0
513.5108396946564 109.78564885496183 -1 0 0
490.97648854961824 102.82381679389314 -1 0 0
512.7780152671755 98.7932824427481 -1 0 0
507.28183206106866 108.50320610687024 -1 0 0
525.0528244274808 117.48030534351146 -1 0 0
530.732213740458 106.30473282442749 -1 0 0
527.0680916030533 94.21312977099238 -1 0 0
535.6787786259541 102.09099236641224 -1 0 0
539.3429007633587 110.15206106870232 -1 0 0
529.999389312977 130.30473282442748 -1 0 0
518.0909923664121 128.28946564885496 -1 0 0
515.3429007633587 137.63297709923665 -1 0 0
525.7856488549618 146.97648854961832 -1 0 0
532.7474809160304 157.78564885496183 -1 0 0
543.3734351145038 129.38870229007634 -1 0 0
544.6558778625954 104.10625954198474 -1 0 0
471.7398473282442 132.8696183206107 -1 0 0
558.671145038168 81.84671755725189 -1 0 0
564.167328244275 89.54137404580152 -1 0 0
581.022290076336 85.51083969465648 -1 0 0
570.7627480916033 102.732213740458 -1 0 0
564.167328244275 111.15969465648853 -1 0 0
558.671145038168 120.68641221374043 -1 0 0
597.1444274809162 86.9764885496183 -1 0 0
589.4497709923666 126.54900763358775 -1 0 0
577.3581679389315 101.63297709923661 -1 0 0
571.8619847328246 88.07572519083968 -1 0 0
575.5261068702291 88.07572519083968 -1 0 0
593.8467175572521 94.30473282442746 -1 0 0
542.0909923664124 94.57954198473278 -1 0 0
540.6253435114505 118.57954198473278 -1 0 0
531.6482442748093 118.02992366412211 -1 0 0
574.1520610687024 114.1825954198473 -1 0 0
593.7551145038169 104.28946564885493 -1 0 0
583.3123664122139 94.39633587786257 -1 0 0
568.8390839694658 133.60244274809156 -1 0 0
599.4345038167941 115.83145038167936 -1 0 0
601.6329770992368 107.03755725190837 -1 0 0
584.4116030534352 119.67877862595417 -1 0 0
584.5948091603054 145.32763358778624 -1 0 0
576.1673282442749 153.57190839694653 -1 0 0
545.3887022900765 149.17496183206103 -1 0 0
557.6635114503817 148.80854961832057 -1 0 0
609.3276335877864 138.18259541984727 -1 0 0
604.1978625954199 118.94595419847326 -1 0 0
625.9993893129772 115.09862595419844 -1 0 0
620.1367938931298 124.99175572519081 -1 0 0
597.6024427480917 158.15206106870224 -1 0 0
588.0757251908398 161.08335877862592 -1 0 0
600.1673282442749 142.02992366412212 -1 0 0
588.0757251908398 133.60244274809156 -1 0 0
617.7551145038169 76.44213740458012 -1 0 0
582.2131297709925 106.85435114503812 -1 0 0
621.4192366412216 156.13679389312972 -1 0 0
615.0070229007634 116.74748091603051 -1 0 0
491.0680916030534 490.5795419847329 -1 0 0
513.0528244274809 449.5413740458016 -1 0 0
492.5337404580153 405.5719083969466 -1 0 0
498.39633587786267 383.58717557251913 -1 0 0
502.7932824427481 363.06809160305346 -1 0 0
545.2970992366413 373.32763358778635 -1 0 0
529.1749618320611 273.6635114503818 -1 0 0
515.9841221374046 260.47267175572523 -1 0 0
477.87725190839694 242.88488549618327 -1 0 0
505.72458015267176 242.88488549618327 -1 0 0
498.39633587786267 226.76274809160313 -1 0 0
473.48030534351153 222.36580152671763 -1 0 0
521.846717557252 217.9688549618321 -1 0 0
507.1902290076337 212.10625954198477 -1 0 0
492.5337404580153 200.38106870229015 -1 0 0
539.4345038167938 201.84671755725194 -1 0 0
546.7627480916032 190.1215267175573 -1 0 0
577.5413740458016 185.72458015267185 -1 0 0
574.6100763358779 231.15969465648857 -1 0 0
574.6100763358779 273.6635114503818 -1 0 0
592.1978625954197 261.9383206106871 -1 0 0
609.7856488549619 322.0299236641222 -1 0 0
603.9230534351145 355.73984732824437 -1 0 0
598.0604580152672 411.43450381679395 -1 0 0
574.6100763358779 475.9230534351146 -1 0 0
580.4726717557253 692.8390839694657 -1 0 0
540.9001526717557 695.7703816793894 -1 0 0
659.6177099236643 260.47267175572523 -1 0 0
625.907786259542 239.9535877862596 -1 0 0
611.2512977099238 225.29709923664132 -1 0 0
608.3200000000002 200.38106870229015 -1 0 0
590.7322137404581 212.10625954198477 -1 0 0
600.9917557251908 190.1215267175573 -1 0 0
633.2360305343511 176.93068702290083 -1 0 0
639.0986259541985 197.44977099236647 -1 0 0
640.5642748091603 231.15969465648857 -1 0 0
653.7551145038168 216.50320610687027 -1 0 0
649.3581679389314 169.6024427480917 -1 0 0
703.5871755725192 210.640610687023 -1 0 0
706.5184732824428 181.32763358778632 -1 0 0
719.7093129770993 176.93068702290083 -1 0 0
738.762748091603 201.84671755725194 -1 0 0
722.6406106870229 215.03755725190845 -1 0 0
681.6024427480917 486.18259541984736 -1 0 0
705.0528244274808 445.1444274809161 -1 0 0
671.3429007633589 405.5719083969466 -1 0 0
636.1673282442748 342.54900763358785 -1 0 0
659.6177099236643 370.39633587786267 -1 0 0
688.9306870229007 352.8085496183207 -1 0 0
665.4803053435115 322.0299236641222 -1 0 0
680.1367938931298 314.7016793893131 -1 0 0
693.3276335877864 324.96122137404586 -1 0 0
753.4192366412216 345.48030534351153 -1 0 0
763.6787786259544 377.72458015267176 -1 0 0
754.8848854961832 401.1749618320611 -1 0 0
806.1825954198474 492.0451908396947 -1 0 0
883.8619847328246 470.0604580152672 -1 0 0
908.7780152671755 445.1444274809161 -1 0 0
867.7398473282444 404.1062595419848 -1 0 0
854.5490076335877 363.06809160305346 -1 0 0
829.6329770992368 380.65587786259545 -1 0 0
892.6558778625954 643.0070229007634 -1 0 0
935.1596946564885 418.76274809160316 -1 0 0
710.9154198473282 342.54900763358785 -1 0 0
732.9001526717557 329.3581679389314 -1 0 0
744.6253435114503 292.7169465648856 -1 0 0
732.9001526717557 283.9230534351146 -1 0 0
707.9841221374046 275.12916030534353 -1 0 0
680.1367938931298 239.9535877862596 -1 0 0
672.8085496183205 250.2131297709924 -1 0 0
606.8543511450382 250.2131297709924 -1 0 0
685.9993893129772 280.9917557251909 -1 0 0
709.4497709923666 251.6787786259543 -1 0 0
762.2131297709924 181.32763358778632 -1 0 0
729.9688549618321 185.72458015267185 -1 0 0
839.8925190839695 217.9688549618321 -1 0 0
820.8390839694656 222.36580152671763 -1 0 0
804.7169465648855 239.9535877862596 -1 0 0
769.5413740458016 242.88488549618327 -1 0 0
747.5566412213742 234.09099236641225 -1 0 0
727.0375572519083 237.02229007633596 -1 0 0
703.5871755725192 231.15969465648857 -1 0 0
807.6482442748093 190.1215267175573 -1 0 0
801.7856488549619 206.24366412213737 -1 0 0
820.8390839694656 194.51847328244287 -1 0 0
838.4268702290076 278.0604580152672 -1 0 0
801.7856488549619 278.0604580152672 -1 0 0
795.9230534351145 295.6482442748092 -1 0 0
803.2512977099235 314.7016793893131 -1 0 0
756.350534351145 322.0299236641222 -1 0 0
905.846717557252 380.65587786259545 -1 0 0
905.846717557252 336.6864122137405 -1 0 0
879.465038167939 332.28946564885507 -1 0 0
844.289465648855 319.0986259541985 -1 0 0
891.1902290076334 301.51083969465657 -1 0 0
895.5871755725192 263.4039694656489 -1 0 0
880.9306870229007 239.9535877862596 -1 0 0
895.5871755725192 207.70931297709933 -1 0 0
913.174961832061 216.50320610687027 -1 0 0
938.0909923664123 216.50320610687027 -1 0 0
941.0222900763358 247.28183206106874 -1 0 0
926.3658015267175 282.4574045801527 -1 0 0
955.6787786259544 261.9383206106871 -1 0 0
999.6482442748093 329.3581679389314 -1 0 0
1017.2360305343514 304.4421374045802 -1 0 0
980.5948091603053 385.05282442748097 -1 0 0
951.2818320610686 376.25893129771003 -1 0 0
1015.7703816793894 377.72458015267176 -1 0 0
990.8543511450381 465.6635114503817 -1 0 0
679.0375572519083 172.90015267175576 -1 0 0
670.9764885496182 190.48793893129772 -1 0 0
656.3199999999998 190.48793893129772 -1 0 0
608.6864122137404 169.96885496183208 -1 0 0
611.617709923664 158.24366412213743 -1 0 0
560.3199999999998 191.95358778625956 -1 0 0
560.3199999999998 214.67114503816796 -1 0 0
547.1291603053434 216.1367938931298 -1 0 0
673.174961832061 211.00702290076336 -1 0 0
667.3123664122136 217.60244274809165 -1 0 0
783.0986259541984 181.69404580152673 -1 0 0
747.9230534351143 185.35816793893133 -1 0 0
783.0986259541984 249.11389312977101 -1 0 0
747.1902290076334 263.77038167938935 -1 0 0
816.8085496183205 274.0299236641221 -1 0 0
859.3123664122136 246.9154198473283 -1 0 0
800.6864122137404 364.90015267175573 -1 0 0
819.7398473282441 207.3429007633588 -1 0 0
788.2283969465648 194.15206106870232 -1 0 0
642.3963358778627 261.57190839694664 -1 0 0
795.5566412213742 258.64061068702296 -1 0 0
651.1902290076337 161.90778625954204 -1 0 0
622.6100763358779 179.49557251908405 -1 0 0
470.91541984732834 449.90778625954204 -1 0 0
554.6406106870229 100.90015267175579 -1 0 0
556.1062595419846 111.89251908396953 -1 0 0
649.5413740458015 111.15969465648861 -1 0 0
668.2283969465648 109.69404580152681 -1 0 0
661.6329770992367 111.89251908396953 -1 0 0
706.3352671755725 195.43450381679395 -1 0 0
695.7093129770992 180.4116030534352 -1 0 0
737.8467175572518 189.57190839694664 -1 0 0
761.2970992366411 48.136793893129834 -1 0 0
272.43188811188804 197.11520479520493 -1 0 0
134.84147852147848 243.149170829171 -1 0 0
