360.6946556473829 210.76451790633612 -1 0 0
520.0775757575758 191.01796143250692 -1 0 0
582.1381818181818 205.12264462809924 -1 0 0
649.8406611570248 237.56341597796148 -1 0 0
716.1326721763086 258.7204407713499 -1 0 0
728.8268870523416 207.94358126721767 -1 0 0
704.8489256198346 207.94358126721767 -1 0 0
786.65608815427 206.53311294765845 -1 0 0
828.9701377410468 230.51107438016538 -1 0 0
868.4632506887052 230.51107438016538 -1 0 0
961.5541597796143 250.25763085399456 -1 0 0
1001.0472727272728 246.0262258953169 -1 0 0
1020.7938292011017 217.8168595041323 -1 0 0
895.2621487603304 195.24936639118468 -1 0 0
941.807603305785 165.62953168044086 -1 0 0
913.5982369146005 168.4504683195593 -1 0 0
900.9040220385675 136.00969696969705 -1 0 0
871.2841873278236 161.3981267217632 -1 0 0
855.7690358126721 126.13641873278247 -1 0 0
796.5293663911846 162.8085950413224 -1 0 0
782.4246831955923 182.5551515151516 -1 0 0
771.1409366391184 176.9132782369147 -1 0 0
783.8351515151516 161.3981267217632 -1 0 0
749.9839118457301 185.37608815427004 -1 0 0
716.1326721763086 181.14468319559236 -1 0 0
947.449476584022 73.949090909091 -1 0 0
927.7029201101928 96.51658402203866 -1 0 0
955.9122865013774 86.64330578512407 -1 0 0
968.6065013774105 85.23283746556481 -1 0 0
1022.204297520661 82.41190082644637 -1 0 0
851.5376308539945 69.71768595041333 -1 0 0
802.1712396694215 72.53862258953177 -1 0 0
757.0362534435261 137.42016528925626 -1 0 0
716.1326721763086 136.00969696969705 -1 0 0
742.9315702479339 62.665344352617176 -1 0 0
778.1932782369147 85.23283746556481 -1 0 0
601.5321212121213 164.21906336088168 -1 0 0
571.2070523415978 150.11438016528936 -1 0 0
528.8930027548209 144.47250688705248 -1 0 0
606.4687603305786 121.90501377410482 -1 0 0
608.5844628099175 100.04275482093675 -1 0 0
622.6891460055097 90.16947658402216 -1 0 0
641.7304683195593 103.56892561983483 -1 0 0
633.9728925619835 106.38986225895329 -1 0 0
659.3613223140496 130.3678236914602 -1 0 0
638.9095316804408 133.18876033057862 -1 0 0
676.2869421487604 136.0096969696971 -1 0 0
686.8654545454546 174.09234159779626 -1 0 0
663.5927272727274 170.5661707988982 -1 0 0
669.2346005509643 109.91603305785137 -1 0 0
682.6340495867769 73.94909090909103 -1 0 0
687.5706887052343 70.42292011019296 -1 0 0
698.854435261708 140.9463360881544 -1 0 0
744.6946556473829 65.48628099173565 -1 0 0
482.3475482093664 153.49818181818185 -1 0 0
493.6312947658402 123.17311294765845 -1 0 0
473.1795041322314 128.81498622589532 -1 0 0
452.7277134986226 148.56154269972455 -1 0 0
434.39162534435263 125.28881542699729 -1 0 0
447.08584022038576 130.2254545454546 -1 0 0
458.36958677685953 133.75162534435265 -1 0 0
527.4825344352618 100.60561983471078 -1 0 0
495.7469972451791 96.37421487603311 -1 0 0
552.8709641873279 106.95272727272732 -1 0 0
581.0803305785124 95.66898071625347 -1 0 0
578.2593939393939 54.76539944903585 -1 0 0
562.0390082644628 77.3328925619835 -1 0 0
542.2924517906337 42.7764187327824 -1 0 0
541.587217630854 70.98578512396696 -1 0 0
519.0197245179064 25.14556473829205 -1 0 0
531.0087052341598 25.14556473829205 -1 0 0
548.6395592286502 30.08220385674935 -1 0 0
602.9425895316805 51.239228650137775 -1 0 0
595.1850137741047 54.76539944903585 -1 0 0
633.9728925619835 25.14556473829205 -1 0 0
628.3310192837466 21.619393939393976 -1 0 0
656.5403856749311 28.671735537190127 -1 0 0
652.3089807162535 52.649696969697 -1 0 0
470.35856749311296 66.75438016528929 -1 0 0
465.4219283746557 59.70203856749315 -1 0 0
450.6120110192837 88.61663911845736 -1 0 0
436.50732782369147 92.14280991735541 -1 0 0
458.36958677685953 87.2061707988981 -1 0 0
428.0445179063361 96.37421487603311 -1 0 0
415.35030303030305 121.76264462809922 -1 0 0
370.92055096418727 128.81498622589532 -1 0 0
497.1574655647383 31.49267217630857 -1 0 0
483.7580165289257 27.966501377410495 -1 0 0
478.11614325068876 30.08220385674935 -1 0 0
471.76903581267226 30.08220385674935 -1 0 0
465.4219283746557 28.671735537190127 -1 0 0
447.08584022038576 22.324628099173587 -1 0 0
452.7277134986226 18.798457300275512 -1 0 0
418.87647382920113 13.156584022038606 -1 0 0
426.6340495867768 15.272286501377438 -1 0 0
403.36132231404963 11.746115702479365 -1 0 0
388.5514049586777 11.746115702479365 -1 0 0
374.44672176308535 8.92517906336092 -1 0 0
361.04727272727274 5.399008264462846 -1 0 0
366.6891460055097 59.70203856749315 -1 0 0
380.0885950413223 51.94446280991739 -1 0 0
336.36407713498625 36.42931129476587 -1 0 0
342.00595041322316 51.239228650137775 -1 0 0
405.4770247933884 93.55327823691464 -1 0 0
292.6395592286503 137.98303030303035 -1 0 0
361.0472727272728 142.91966942148767 -1 0 0
261.6092561983472 109.06842975206615 -1 0 0
248.2098071625345 108.36319559228654 -1 0 0
238.33652892561994 102.01608815427001 -1 0 0
246.79933884297526 92.84804407713501 -1 0 0
286.2924517906337 75.92242424242428 -1 0 0
292.6395592286503 100.60561983471078 -1 0 0
303.21807162534446 95.6689807162535 -1 0 0
308.1547107438018 79.44859504132233 -1 0 0
282.061046831956 62.52297520661161 -1 0 0
289.81862258953174 62.52297520661161 -1 0 0
292.6395592286503 47.713057851239704 -1 0 0
303.21807162534446 44.89212121212124 -1 0 0
297.5761983471075 39.95548209366394 -1 0 0
287.70292011019296 36.42931129476587 -1 0 0
324.3750964187329 36.42931129476587 -1 0 0
222.82137741046841 61.11250688705236 -1 0 0
212.9480991735538 71.69101928374657 -1 0 0
201.66435261707997 78.74336088154273 -1 0 0
160.7607713498623 68.87008264462813 -1 0 0
147.36132231404966 77.3328925619835 -1 0 0
181.91779614325074 63.228209366391205 -1 0 0
198.84341597796148 57.5863360881543 -1 0 0
207.30622589531689 46.30258953168046 -1 0 0
179.0968595041323 51.94446280991739 -1 0 0
157.23460055096425 56.88110192837468 -1 0 0
120.56242424242429 67.45961432506891 -1 0 0
97.99493112947661 6.80947658402205 -1 0 0
61.32275482093668 23.73509641873281 -1 0 0
65.55415977961435 13.156584022038587 -1 0 0
81.06931129476587 16.682754820936662 -1 0 0
117.03625344352622 10.335647382920124 -1 0 0
112.09961432506891 6.80947658402205 -1 0 0
126.2042975206612 8.925179063360902 -1 0 0
222.82137741046841 31.49267217630857 -1 0 0
251.03074380165293 17.387988980716273 -1 0 0
229.87371900826452 23.73509641873281 -1 0 0
226.34754820936644 16.682754820936662 -1 0 0
239.74699724517916 8.21994490358129 -1 0 0
178.3916253443527 13.156584022038587 -1 0 0
169.92881542699732 13.156584022038587 -1 0 0
150.1822589531681 5.399008264462828 -1 0 0
188.26490358126728 6.80947658402205 -1 0 0
141.01421487603312 38.5450137741047 -1 0 0
40.87096418732784 37.134545454545496 -1 0 0
25.355812672176327 35.018842975206645 -1 0 0
2.7883195592286576 35.018842975206645 -1 0 0
11.95636363636364 28.671735537190127 -1 0 0
43.69190082644629 20.208925619834737 -1 0 0
26.061046831955938 21.619393939393976 -1 0 0
33.113388429752085 22.324628099173587 -1 0 0
37.34479338842975 8.92517906336092 -1 0 0
88.82688705234163 30.08220385674935 -1 0 0
157.23460055096427 104.13179063360883 -1 0 0
238.51283746556484 40.942148760330575 -1 0 0
272.01146005509656 15.906336088154259 -1 0 0
300.92606060606073 30.011019283746545 -1 0 0
309.7414876033059 47.99449035812671 -1 0 0
318.5569146005511 45.87878787878788 -1 0 0
212.77179063360896 11.322314049586767 -1 0 0
190.5569146005511 46.58402203856749 -1 0 0
399.30622589531686 6.033057851239655 -1 0 0
403.5376308539946 5.327823691460044 -1 0 0
409.17950413223144 7.796143250688693 -1 0 0
479.35030303030305 37.06336088154269 -1 0 0
502.97564738292016 36.71074380165289 -1 0 0
246.97564738292007 64.78104683195603 -1 0 0
259.6698622589532 66.54413223140507 -1 0 0
172.57344352617073 111.67911845730039 -1 0 0
301.6312947658402 130.3678236914602 -1 0 0
291.05278236914603 125.43118457300287 -1 0 0
316.4412121212121 133.89399449035824 -1 0 0
115.80209366391188 16.964187327823684 -1 0 0
233.39988980716262 31.49267217630857 -1 0 0
201.66435261708 21.619393939393976 -1 0 0
149.3007162534436 46.9366391184573 -1 0 0
156.70567493112955 44.115702479338836 -1 0 0
165.5211019283747 39.17906336088153 -1 0 0
148.59548209366397 36.358126721763085 -1 0 0
133.08033057851247 52.93112947658403 -1 0 0
156.35305785123975 15.906336088154259 -1 0 0
155.64782369146013 6.38567493112947 -1 0 0
214.18225895316814 25.77961432506886 -1 0 0
