44.94469707990936 526.9284376803841 -1 0 0
13.839980852890948 513.8317150584816 -1 0 0
94.87595207591254 450.8037374405759 -1 0 0
94.05740691204363 386.13866949493246 -1 0 0
116.97667150037297 337.0259596627982 -1 0 0
26.93670347479343 305.10269827191087 -1 0 0
79.32359396240336 262.53834975072783 -1 0 0
36.75924544122029 219.15545606567588 -1 0 0
22.025432491580016 175.7725623806239 -1 0 0
21.206887327711105 139.7565751703921 -1 0 0
26.93670347479343 59.53914911123946 -1 0 0
58.04141970181184 78.36568788022424 -1 0 0
67.8639616682387 108.65185894337372 -1 0 0
115.33958117263518 66.90605558605958 -1 0 0
122.70648764745533 98.8293169769469 -1 0 0
108.79121986168394 124.20421705688291 -1 0 0
85.8719552733546 136.4823945149165 -1 0 0
153.8112038744737 655.4400284078022 -1 0 0
223.38754280333066 480.2713633398565 -1 0 0
223.38754280333066 571.9484216931738 -1 0 0
278.2300687825473 587.500779806683 -1 0 0
330.61695927015717 521.1986215333018 -1 0 0
289.6897010767119 481.08990850372544 -1 0 0
270.86316230772707 410.6950244109996 -1 0 0
177.54901362667195 380.4088533478502 -1 0 0
144.80720707191577 267.44962073394123 -1 0 0
148.8999328912603 237.98199483466064 -1 0 0
95.69449723978146 187.23219467478862 -1 0 0
60.49705519341855 187.23219467478862 -1 0 0
150.53702321899806 104.55913312402919 -1 0 0
149.71847805512914 64.45042009445287 -1 0 0
137.44030059709561 154.4903881200324 -1 0 0
115.33958117263518 170.0427462335416 -1 0 0
183.27882977375424 192.9620108218709 -1 0 0
212.74645567303486 177.4096527083617 -1 0 0
177.54901362667195 152.8532977922946 -1 0 0
191.4642814124433 129.93403320396527 -1 0 0
216.8391814923794 120.11149123753837 -1 0 0
220.93190731172393 95.55513632147125 -1 0 0
198.01264272339455 79.18423304409318 -1 0 0
87.50904560109238 651.3473025884576 -1 0 0
193.91991690405004 440.9811954741491 -1 0 0
248.76244288326666 323.11069187702674 -1 0 0
223.38754280333066 251.89726262043206 -1 0 0
261.85916550516913 224.88527221275822 -1 0 0
265.95189132451367 259.2641690952522 -1 0 0
302.7864236986144 225.70381737662711 -1 0 0
292.1453365683186 202.78455278829782 -1 0 0
322.43150763146815 124.20421705688291 -1 0 0
282.3227946018918 96.3736814853402 -1 0 0
271.68170747159604 98.8293169769469 -1 0 0
262.6777106690381 131.57112353170302 -1 0 0
265.13334616064486 72.63587173314194 -1 0 0
337.16532058110846 70.18023624153524 -1 0 0
301.96787853474547 93.09950082986454 -1 0 0
302.7864236986144 112.74458476271826 -1 0 0
357.62894967783103 93.09950082986454 -1 0 0
380.54821426616036 147.12348164521222 -1 0 0
392.00784656032505 120.11149123753837 -1 0 0
364.17731098878227 205.24018827990452 -1 0 0
342.07659156432186 177.4096527083617 -1 0 0
376.4554884468158 171.67983656127942 -1 0 0
387.0965755771116 296.09870146935293 -1 0 0
387.91512074098057 333.7517790073225 -1 0 0
324.8871431230749 299.37288212482855 -1 0 0
291.32679140444975 342.7557758098805 -1 0 0
288.0526107489741 382.0459436755879 -1 0 0
335.5282302533706 418.0619308858197 -1 0 0
377.27403361068474 424.61029219677096 -1 0 0
388.73366590484943 376.31612752850555 -1 0 0
419.8383821318678 422.9732018690332 -1 0 0
478.77363393042896 406.6022985916551 -1 0 0
404.2860240183586 480.2713633398565 -1 0 0
445.21328221180386 497.4608117811035 -1 0 0
468.1325468001332 503.19062792818585 -1 0 0
405.10456918222746 600.5975024285855 -1 0 0
478.77363393042896 600.5975024285855 -1 0 0
538.5274308928591 601.4160475924544 -1 0 0
608.1037698217159 477.81572784824976 -1 0 0
575.3619632669597 593.2305959537654 -1 0 0
626.1117634268319 562.9444248906159 -1 0 0
570.4506922837462 431.97719867159117 -1 0 0
530.34197925417 476.9971826843809 -1 0 0
535.2532502373834 405.78375342778617 -1 0 0
522.97507277935 360.7637694149964 -1 0 0
461.58418548918195 354.2154081040452 -1 0 0
472.2252726194777 333.7517790073225 -1 0 0
484.5034500775112 308.3768789273865 -1 0 0
460.7656403253131 283.8205240113194 -1 0 0
486.14054040524917 237.98199483466064 -1 0 0
395.28202721580067 263.3568949145968 -1 0 0
468.1325468001332 213.4256399185936 -1 0 0
446.0318273756728 205.24018827990452 -1 0 0
442.75764672019716 184.77655918318192 -1 0 0
470.5881822917399 148.76057197295006 -1 0 0
426.386743442819 133.20821385944086 -1 0 0
441.1205563924593 102.10349763242249 -1 0 0
468.95109196400216 107.0147686156359 -1 0 0
468.1325468001332 79.18423304409318 -1 0 0
419.8383821318678 67.72460074992853 -1 0 0
378.9111239384226 52.99078780028822 -1 0 0
324.06859795920593 58.720603947370506 -1 0 0
488.59617589685587 49.71660714481256 -1 0 0
514.7896211406609 58.720603947370506 -1 0 0
518.0638017961364 88.18822984665113 -1 0 0
554.0797890063683 93.09950082986454 -1 0 0
567.9950567921395 108.65185894337372 -1 0 0
596.6441375275513 145.48639131747447 -1 0 0
581.091779414042 196.23619147734655 -1 0 0
538.5274308928591 173.31692688901717 -1 0 0
501.69289851875834 181.50237852770624 -1 0 0
500.87435335488937 141.39366549812993 -1 0 0
540.9830663844658 136.4823945149165 -1 0 0
569.6321471198773 67.72460074992853 -1 0 0
604.0110440023716 70.18023624153524 -1 0 0
579.4546890863043 44.80533616159915 -1 0 0
657.2164796538501 55.446423291894924 -1 0 0
681.7728345699174 73.45441689701082 -1 0 0
680.9542894060486 98.8293169769469 -1 0 0
655.5793893261125 112.74458476271826 -1 0 0
621.2004924436184 99.64786214081577 -1 0 0
651.4866635067677 160.2202042671147 -1 0 0
622.8375827713562 175.7725623806239 -1 0 0
678.4986539144417 198.69182696895328 -1 0 0
660.4906603093259 244.53035614561196 -1 0 0
649.031028015161 293.64306597774623 -1 0 0
597.4626826914201 318.1994208938134 -1 0 0
584.3659600695177 342.7557758098805 -1 0 0
526.2492534348255 310.83251441899324 -1 0 0
572.9063277753529 272.3608917171547 -1 0 0
589.277231052731 255.17144327590773 -1 0 0
588.4586858888622 224.88527221275822 -1 0 0
626.1117634268319 420.5175663774265 -1 0 0
661.3092054731948 374.6790372007678 -1 0 0
635.9343053932586 337.0259596627982 -1 0 0
689.1397410447375 306.7397885996487 -1 0 0
691.5953765363442 454.89646325992044 -1 0 0
747.2564476794298 508.10189891139925 -1 0 0
725.9742734188383 603.8716830840611 -1 0 0
814.37715111668 567.0371507099604 -1 0 0
853.6673189823874 513.8317150584816 -1 0 0
766.9015316122835 472.08591170116745 -1 0 0
832.3851447217959 431.97719867159117 -1 0 0
779.998254234186 377.9532178562434 -1 0 0
747.2564476794298 348.4855919569629 -1 0 0
776.7240735787103 276.4536175364992 -1 0 0
743.9822670239541 280.54634335584376 -1 0 0
761.1717154652011 264.99398524233453 -1 0 0
694.8695571918199 197.05473664121544 -1 0 0
724.3371830911003 179.04674303609954 -1 0 0
674.4059280950974 159.4016591032458 -1 0 0
704.6920991582467 147.12348164521222 -1 0 0
727.611363746576 124.20421705688291 -1 0 0
734.9782702213961 87.36968468278218 -1 0 0
711.2404604691981 78.36568788022424 -1 0 0
706.3291894859844 47.26097165320586 -1 0 0
754.6233541542499 78.36568788022424 -1 0 0
754.6233541542499 52.99078780028822 -1 0 0
778.3611639064482 90.64386533825784 -1 0 0
775.9055284148415 49.71660714481256 -1 0 0
807.0102446418599 84.91404919117547 -1 0 0
829.1109640663202 87.36968468278218 -1 0 0
816.0142414444177 129.93403320396527 -1 0 0
763.6273509568078 127.47839771235857 -1 0 0
785.7280703812684 150.39766230068787 -1 0 0
809.4658801334666 179.04674303609954 -1 0 0
814.37715111668 202.78455278829782 -1 0 0
852.0302286546497 244.53035614561196 -1 0 0
850.3931383269118 323.92923704089566 -1 0 0
812.7400607889423 337.0259596627982 -1 0 0
901.9614836506528 329.65905318797803 -1 0 0
888.0462158648814 290.3688853222706 -1 0 0
878.2236738984546 244.53035614561196 -1 0 0
871.6753125875033 215.8812754102003 -1 0 0
878.2236738984546 188.86928500252637 -1 0 0
855.3044093101252 154.4903881200324 -1 0 0
874.13094807911 122.56712672914509 -1 0 0
871.6753125875033 55.446423291894924 -1 0 0
898.6873029951772 62.81332976671504 -1 0 0
915.0582062725553 121.74858156527621 -1 0 0
919.1509320918998 89.82532017438896 -1 0 0
954.3483741382627 95.55513632147125 -1 0 0
875.7680384068478 107.0147686156359 -1 0 0
970.7192774156408 76.72859755248648 -1 0 0
1006.7352646258726 72.63587173314194 -1 0 0
961.7152806130829 49.71660714481256 -1 0 0
1022.2876227393817 66.90605558605958 -1 0 0
996.0941774955768 124.20421705688291 -1 0 0
922.4251127473755 364.85649523434097 -1 0 0
976.4490935627232 345.2114113014872 -1 0 0
989.5458161846257 310.83251441899324 -1 0 0
978.9047290543299 247.80453680108752 -1 0 0
954.3483741382627 231.43363352370946 -1 0 0
930.6105643860644 222.42963672115144 -1 0 0
932.2476547138023 194.59910114960874 -1 0 0
917.5138417641621 185.59510434705078 -1 0 0
911.7840256170797 164.31293008645926 -1 0 0
997.7312678233147 182.32092369157522 -1 0 0
972.3563677433788 162.6758397587214 -1 0 0
1014.9207162645616 136.4823945149165 -1 0 0
904.4171191422596 535.1138893190731 -1 0 0
1014.9207162645616 576.0411475125184 -1 0 0
917.5138417641621 476.9971826843809 -1 0 0
906.8727546338663 463.9004600624784 -1 0 0
963.3523709408207 447.52955678510034 -1 0 0
986.27163552915 465.5375503902162 -1 0 0
1009.1909001174793 468.81173104569183 -1 0 0
1009.1909001174793 422.15465670516426 -1 0 0
1008.3723549536105 367.31213072594767 -1 0 0
692.4139217002132 611.2385895588812 -1 0 0
635.9343053932586 129.93403320396527 -1 0 0
626.1117634268319 56.2649684557638 -1 0 0
324.06859795920593 69.6360078277888 -1 0 0
380.54821426616036 63.08764651683756 -1 0 0
518.0638017961364 60.63201102523085 -1 0 0
653.9422989983747 65.54328200844427 -1 0 0
868.4011319320276 63.08764651683756 -1 0 0
93.9363832514518 231.85844292693605 -1 0 0
22.327991643060184 578.6476537161468 -1 0 0
6.983336298404857 38.515785584278646 -1 0 0
36.649669964738514 7.8264748949679195 -1 0 0
94.95936027442886 7.8264748949679195 -1 0 0
107.23508455015308 42.60769367618675 -1 0 0
145.0852344003029 11.918382986876017 -1 0 0
179.86645318152176 11.918382986876017 -1 0 0
202.3719476870163 36.4698315383246 -1 0 0
208.50980982487843 9.872428940921967 -1 0 0
251.4748447899134 34.42387749237055 -1 0 0
325.12919044425905 13.964337032830064 -1 0 0
369.11720243227103 14.987314055807127 -1 0 0
412.08223739730596 18.05624512473816 -1 0 0
439.70261701768555 48.745555814048814 -1 0 0
436.63368594875453 10.89540596389903 -1 0 0
511.3110086260772 9.872428940921967 -1 0 0
354.79552411059274 296.3059953744885 -1 0 0
632.0222973373659 12.941360009853003 -1 0 0
611.5627568778254 22.148153216646257 -1 0 0
673.9643552794239 12.941360009853003 -1 0 0
679.0792403943091 46.699601768094844 -1 0 0
719.99832131339 29.308992377485392 -1 0 0
739.4348847499534 23.171130239623245 -1 0 0
721.0212983363671 10.89540596389903 -1 0 0
795.6986210136897 17.0332681017611 -1 0 0
833.5487708638395 11.918382986876017 -1 0 0
930.7315880466567 25.217084285577293 -1 0 0
918.4558637709325 16.010291078784114 -1 0 0
967.5587608738297 12.941360009853003 -1 0 0
826.3879317030004 28.286015354508404 -1 0 0
