259.3835616438356 616.8493150684932 -1 0 0
420.6164383561644 612.4520547945206 -1 0 0
398.6301369863013 578.7397260273973 -1 0 0
233.0 555.2876712328767 -1 0 0
57.10958904109583 530.3698630136986 -1 0 0
84.95890410958896 599.2602739726027 -1 0 0
87.89041095890406 693.068493150685 -1 0 0
476.31506849315065 649.0958904109589 -1 0 0
617.0273972602739 622.7123287671233 -1 0 0
678.5890410958905 679.8767123287671 -1 0 0
820.7671232876712 631.5068493150685 -1 0 0
844.2191780821918 575.8082191780821 -1 0 0
766.5342465753424 518.6438356164383 -1 0 0
663.9315068493152 525.972602739726 -1 0 0
611.1643835616438 514.2465753424658 -1 0 0
517.3561643835616 550.8904109589041 -1 0 0
486.57534246575335 561.1506849315068 -1 0 0
389.83561643835617 427.7671232876712 -1 0 0
341.46575342465746 479.0684931506849 -1 0 0
298.95890410958896 461.47945205479454 -1 0 0
269.6438356164383 464.4109589041095 -1 0 0
234.46575342465746 483.4657534246575 -1 0 0
167.04109589041093 480.5342465753425 -1 0 0
26.328767123287605 423.36986301369865 -1 0 0
96.68493150684924 385.2602739726027 -1 0 0
58.57534246575335 353.01369863013696 -1 0 0
42.45205479452051 353.01369863013696 -1 0 0
26.328767123287605 329.56164383561645 -1 0 0
46.84931506849307 314.90410958904107 -1 0 0
98.15068493150682 348.6164383561644 -1 0 0
83.49315068493144 322.23287671232873 -1 0 0
21.931506849314985 134.6164383561644 -1 0 0
48.31506849315065 130.21917808219177 -1 0 0
70.30136986301363 156.60273972602738 -1 0 0
77.6301369863013 124.35616438356158 -1 0 0
90.8219178082191 125.82191780821915 -1 0 0
114.27397260273966 103.83561643835618 -1 0 0
104.01369863013696 140.47945205479448 -1 0 0
118.67123287671222 163.93150684931504 -1 0 0
139.19178082191775 177.1232876712329 -1 0 0
143.58904109589037 130.21917808219177 -1 0 0
32.191780821917746 222.56164383561645 -1 0 0
65.90410958904101 256.2739726027397 -1 0 0
58.57534246575335 291.4520547945205 -1 0 0
32.191780821917746 284.12328767123284 -1 0 0
49.78082191780817 263.6027397260274 -1 0 0
105.47945205479448 246.01369863013696 -1 0 0
95.21917808219172 263.6027397260274 -1 0 0
93.7534246575342 294.3835616438356 -1 0 0
187.56164383561634 212.30136986301363 -1 0 0
140.65753424657532 197.64383561643834 -1 0 0
156.7808219178081 228.42465753424653 -1 0 0
95.21917808219172 235.75342465753423 -1 0 0
127.46575342465746 263.6027397260274 -1 0 0
109.87671232876704 284.12328767123284 -1 0 0
92.28767123287668 279.7260273972603 -1 0 0
149.45205479452045 370.6027397260274 -1 0 0
136.2602739726027 386.7260273972603 -1 0 0
145.05479452054794 311.972602739726 -1 0 0
121.60273972602738 325.16438356164383 -1 0 0
171.43835616438355 328.0958904109589 -1 0 0
197.82191780821915 331.027397260274 -1 0 0
228.60273972602738 369.13698630136986 -1 0 0
262.31506849315065 373.5342465753425 -1 0 0
300.42465753424653 369.13698630136986 -1 0 0
254.98630136986299 328.0958904109589 -1 0 0
241.79452054794513 310.50684931506845 -1 0 0
218.34246575342456 307.5753424657534 -1 0 0
187.56164383561634 161.0 -1 0 0
181.69863013698625 140.47945205479448 -1 0 0
186.09589041095887 119.95890410958896 -1 0 0
203.68493150684924 124.35616438356158 -1 0 0
178.7671232876712 108.23287671232879 -1 0 0
193.42465753424653 95.04109589041093 -1 0 0
152.3835616438356 73.05479452054794 -1 0 0
230.06849315068484 111.16438356164383 -1 0 0
244.72602739726028 109.69863013698625 -1 0 0
288.69863013698625 121.42465753424652 -1 0 0
271.1095890410959 130.21917808219177 -1 0 0
313.6164383561644 97.97260273972599 -1 0 0
250.58904109589037 222.56164383561645 -1 0 0
222.73972602739718 253.34246575342462 -1 0 0
194.8904109589041 270.93150684931504 -1 0 0
171.43835616438355 263.6027397260274 -1 0 0
158.2465753424657 256.2739726027397 -1 0 0
278.43835616438355 276.7945205479452 -1 0 0
291.6301369863013 232.82191780821915 -1 0 0
275.5068493150684 250.4109589041096 -1 0 0
271.1095890410959 235.75342465753423 -1 0 0
315.08219178082186 259.20547945205476 -1 0 0
300.42465753424653 240.15068493150682 -1 0 0
369.31506849315065 247.47945205479448 -1 0 0
361.986301369863 281.1917808219178 -1 0 0
322.4109589041095 307.5753424657534 -1 0 0
274.04109589041093 301.71232876712327 -1 0 0
296.0273972602739 335.42465753424653 -1 0 0
315.08219178082186 339.82191780821915 -1 0 0
351.7260273972603 314.90410958904107 -1 0 0
369.31506849315065 309.04109589041093 -1 0 0
394.2328767123287 301.71232876712327 -1 0 0
398.6301369863013 278.2602739726027 -1 0 0
411.82191780821915 256.2739726027397 -1 0 0
423.54794520547944 153.67123287671234 -1 0 0
448.46575342465746 147.80821917808214 -1 0 0
442.6027397260274 185.91780821917803 -1 0 0
476.31506849315065 143.41095890410952 -1 0 0
518.8219178082192 119.95890410958896 -1 0 0
515.8904109589041 143.41095890410952 -1 0 0
543.7397260273972 143.41095890410952 -1 0 0
558.3972602739726 137.54794520547944 -1 0 0
597.972602739726 64.2602739726027 -1 0 0
646.3424657534247 93.57534246575335 -1 0 0
586.2465753424657 118.4931506849315 -1 0 0
580.3835616438356 137.54794520547944 -1 0 0
405.95890410958896 235.75342465753423 -1 0 0
479.2465753424657 218.16438356164383 -1 0 0
328.2739726027397 278.2602739726027 -1 0 0
411.82191780821915 304.64383561643837 -1 0 0
419.1506849315068 273.86301369863014 -1 0 0
454.32876712328766 263.6027397260274 -1 0 0
471.917808219178 278.2602739726027 -1 0 0
449.93150684931504 297.31506849315065 -1 0 0
351.7260273972603 344.2191780821918 -1 0 0
332.67123287671234 358.8767123287671 -1 0 0
337.06849315068484 383.7945205479452 -1 0 0
394.2328767123287 379.39726027397256 -1 0 0
410.3561643835616 348.6164383561644 -1 0 0
385.43835616438355 354.47945205479454 -1 0 0
441.1369863013698 372.0684931506849 -1 0 0
476.31506849315065 332.4931506849315 -1 0 0
480.71232876712327 366.20547945205476 -1 0 0
512.958904109589 298.7808219178082 -1 0 0
523.2191780821918 268.0 -1 0 0
534.945205479452 225.49315068493146 -1 0 0
546.6712328767123 202.04109589041093 -1 0 0
581.8493150684931 228.42465753424653 -1 0 0
599.4383561643835 253.34246575342462 -1 0 0
559.8630136986301 270.93150684931504 -1 0 0
539.3424657534247 253.34246575342462 -1 0 0
586.2465753424657 300.24657534246575 -1 0 0
551.068493150685 301.71232876712327 -1 0 0
599.4383561643835 287.05479452054794 -1 0 0
612.6301369863013 309.04109589041093 -1 0 0
640.4794520547946 298.7808219178082 -1 0 0
621.4246575342465 278.2602739726027 -1 0 0
622.8904109589041 243.08219178082183 -1 0 0
647.8082191780823 268.0 -1 0 0
672.7260273972602 228.42465753424653 -1 0 0
649.2739726027396 225.49315068493146 -1 0 0
622.8904109589041 143.41095890410952 -1 0 0
599.4383561643835 143.41095890410952 -1 0 0
658.0684931506848 150.73972602739718 -1 0 0
647.8082191780823 118.4931506849315 -1 0 0
669.7945205479452 114.09589041095887 -1 0 0
699.1095890410959 130.21917808219177 -1 0 0
719.6301369863013 108.23287671232879 -1 0 0
724.027397260274 130.21917808219177 -1 0 0
693.2465753424658 109.69863013698625 -1 0 0
750.4109589041095 130.21917808219177 -1 0 0
778.2602739726028 73.05479452054794 -1 0 0
835.4246575342465 59.863013698630084 -1 0 0
825.1643835616437 11.493150684931493 -1 0 0
800.2465753424658 10.027397260273915 -1 0 0
784.1232876712329 15.890410958904114 -1 0 0
817.835616438356 137.54794520547944 -1 0 0
839.8219178082193 140.47945205479448 -1 0 0
858.8767123287671 147.80821917808214 -1 0 0
863.2739726027396 207.90410958904116 -1 0 0
804.6438356164383 194.71232876712327 -1 0 0
775.3287671232877 185.91780821917803 -1 0 0
718.1643835616437 181.5205479452054 -1 0 0
678.5890410958905 188.84931506849307 -1 0 0
738.6849315068494 222.56164383561645 -1 0 0
791.4520547945206 222.56164383561645 -1 0 0
833.958904109589 260.67123287671234 -1 0 0
768.0 269.4657534246575 -1 0 0
738.6849315068494 246.01369863013696 -1 0 0
709.3698630136987 250.4109589041096 -1 0 0
699.1095890410959 266.5342465753424 -1 0 0
674.1917808219177 301.71232876712327 -1 0 0
682.986301369863 329.56164383561645 -1 0 0
619.9589041095891 361.8082191780822 -1 0 0
590.6438356164383 360.3424657534246 -1 0 0
555.4657534246575 355.94520547945206 -1 0 0
518.8219178082192 358.8767123287671 -1 0 0
488.04109589041093 402.8493150684931 -1 0 0
514.4246575342465 410.17808219178085 -1 0 0
599.4383561643835 402.8493150684931 -1 0 0
567.1917808219177 426.30136986301363 -1 0 0
650.7397260273972 433.63013698630135 -1 0 0
646.3424657534247 380.86301369863014 -1 0 0
697.6438356164383 407.24657534246575 -1 0 0
694.7123287671232 379.39726027397256 -1 0 0
743.0821917808219 361.8082191780822 -1 0 0
737.2191780821918 328.0958904109589 -1 0 0
719.6301369863013 317.83561643835617 -1 0 0
779.7260273972602 331.027397260274 -1 0 0
806.1095890410959 309.04109589041093 -1 0 0
775.3287671232877 430.6986301369863 -1 0 0
756.2739726027396 399.91780821917814 -1 0 0
804.6438356164383 383.7945205479452 -1 0 0
817.835616438356 389.6575342465753 -1 0 0
848.6164383561643 395.52054794520546 -1 0 0
842.7534246575342 423.36986301369865 -1 0 0
839.8219178082193 317.83561643835617 -1 0 0
879.3972602739725 309.04109589041093 -1 0 0
891.1232876712329 273.86301369863014 -1 0 0
873.5342465753424 246.01369863013696 -1 0 0
970.2739726027398 304.64383561643837 -1 0 0
964.4109589041095 273.86301369863014 -1 0 0
987.8630136986301 288.52054794520546 -1 0 0
980.5342465753424 240.15068493150682 -1 0 0
998.1232876712329 202.04109589041093 -1 0 0
980.5342465753424 202.04109589041093 -1 0 0
908.7123287671234 325.16438356164383 -1 0 0
943.8904109589041 344.2191780821918 -1 0 0
986.3972602739725 399.91780821917814 -1 0 0
924.835616438356 430.6986301369863 -1 0 0
905.7808219178082 410.17808219178085 -1 0 0
918.972602739726 380.86301369863014 -1 0 0
870.6027397260275 509.8493150684931 -1 0 0
-38.16438356164389 348.6164383561644 -1 0 0
979.0684931506848 738.5068493150685 -1 0 0
807.5753424657535 99.43835616438355 -1 0 0
211.0136986301369 328.0958904109589 -1 0 0
467.79794520547944 295.4075342465753 -1 0 0
95.6352739726027 87.34589041095887 -1 0 0
138.1421232876712 152.57191780821918 -1 0 0
245.875 280.0924657534247 -1 0 0
222.4229452054795 273.49657534246575 -1 0 0
146.20376712328766 277.1609589041096 -1 0 0
357.2722602739726 249.31164383561642 -1 0 0
123.48458904109589 213.0342465753424 -1 0 0
2.559931506849295 227.69178082191772 -1 0 0
18.68321917808217 213.76712328767115 -1 0 0
352.875 279.72602739726017 -1 0 0
782.9743150684931 145.2431506849315 -1 0 0
764.6523972602739 123.25684931506848 -1 0 0
802.029109589041 280.8253424657534 -1 0 0
734.6044520547945 284.48972602739724 -1 0 0
843.0702054794519 111.53082191780823 -1 0 0
975.7208904109589 29.44863013698631 -1 0 0
977.9195205479451 112.99657534246573 -1 0 0
951.5359589041095 206.80479452054794 -1 0 0
909.029109589041 260.30479452054794 -1 0 0
994.042808219178 255.17465753424656 -1 0 0
756.5907534246575 273.4212328767123 -1 0 0
865.7893835616438 318.8595890410959 -1 0 0
608.3219178082189 122.89041095890394 -1 0 0
