69.44479520479517 644.4601798201797 -1 0 0
10.11212787212795 619.9087312687312 -1 0 0
31.594645354645415 569.7828571428572 -1 0 0
50.008231768231845 530.9097302697303 -1 0 0
27.50273726273731 491.0136263736264 -1 0 0
70.46777222777229 452.1404995004996 -1 0 0
85.81242757242764 434.74989010989015 -1 0 0
78.65158841158846 411.2214185814186 -1 0 0
8.066173826173896 408.1524875124876 -1 0 0
39.778461538461585 291.53310689310706 -1 0 0
10.11212787212795 268.00463536463553 -1 0 0
8.066173826173896 210.71792207792222 -1 0 0
63.30693306693315 214.80983016983032 -1 0 0
64.32991008991013 255.72891108891122 -1 0 0
15.227012987013037 166.72991008991016 -1 0 0
38.755484515484554 152.4082317682319 -1 0 0
12.158081918082003 142.1784615384617 -1 0 0
12.158081918082003 112.51212787212803 -1 0 0
27.50273726273731 91.02961038961057 -1 0 0
31.594645354645415 56.24839160839176 -1 0 0
32.617622377622446 42.94969030969051 -1 0 0
15.227012987013037 17.375264735264935 -1 0 0
47.9622777222778 120.69594405594425 -1 0 0
50.008231768231845 139.10953046953063 -1 0 0
67.39884115884121 181.05158841158854 -1 0 0
81.72051948051954 155.47716283716298 -1 0 0
86.83540459540467 141.1554845154847 -1 0 0
69.44479520479527 103.3053346653348 -1 0 0
62.283956043956124 65.455184815185 -1 0 0
79.67456543456548 42.94969030969051 -1 0 0
114.45578421578425 31.69694305694322 -1 0 0
143.0991408591409 27.605034965035113 -1 0 0
125.70853146853153 48.064575424575644 -1 0 0
104.22601398601402 67.50113886113905 -1 0 0
130.82341658341662 88.98365634365652 -1 0 0
118.54769230769236 111.48915084915102 -1 0 0
106.27196803196809 173.89074925074945 -1 0 0
110.36387612387618 200.48815184815194 -1 0 0
105.24899100899106 218.90173826173844 -1 0 0
110.36387612387618 247.545094905095 -1 0 0
142.07616383616386 243.4531868131869 -1 0 0
139.00723276723278 349.84279720279727 -1 0 0
155.37486513486516 393.83080919080925 -1 0 0
148.21402597402604 443.9566833166834 -1 0 0
114.45578421578425 479.7608791208792 -1 0 0
97.06517482517489 512.4961438561438 -1 0 0
122.63960039960045 553.4152247752247 -1 0 0
169.69654345654348 647.5291108891108 -1 0 0
253.58065934065937 614.7938461538462 -1 0 0
225.96027972027971 572.8517882117883 -1 0 0
174.8114285714286 539.0935464535464 -1 0 0
188.11012987012992 504.3123276723276 -1 0 0
212.66157842157847 420.42821178821185 -1 0 0
237.213026973027 529.8867532467532 -1 0 0
261.76447552447553 473.62301698301707 -1 0 0
253.58065934065937 450.09454545454554 -1 0 0
282.224015984016 419.4052347652348 -1 0 0
249.48875124875124 375.41722277722283 -1 0 0
211.63860139860145 347.79684315684324 -1 0 0
267.9023376623377 337.56707292707296 -1 0 0
283.246993006993 379.5091308691309 -1 0 0
261.76447552447553 253.68295704295716 -1 0 0
259.7185214785215 227.08555444555455 -1 0 0
221.86837162837162 237.31532467532472 -1 0 0
217.7764635364636 211.74089910089924 -1 0 0
185.04119880119885 182.07456543456556 -1 0 0
166.62761238761246 207.64899100899115 -1 0 0
139.00723276723278 186.16647352647368 -1 0 0
137.98425574425582 162.63800199800215 -1 0 0
129.80043956043963 149.33930069930082 -1 0 0
159.46677322677328 137.0635764235766 -1 0 0
174.8114285714286 147.29334665334676 -1 0 0
198.3399000999001 123.76487512487525 -1 0 0
184.01822177822183 112.51212787212803 -1 0 0
163.55868131868138 94.09854145854165 -1 0 0
153.32891108891113 84.89174825174841 -1 0 0
151.2829570429571 71.59304695304716 -1 0 0
149.237002997003 46.01862137862159 -1 0 0
167.65058941058948 39.88075924075943 -1 0 0
176.85738261738263 26.582057942058174 -1 0 0
184.01822177822183 42.94969030969051 -1 0 0
191.179060939061 59.31732267732284 -1 0 0
205.5007392607393 96.14449550449571 -1 0 0
220.8453946053946 80.79984015984031 -1 0 0
224.9373026973027 52.156483516483746 -1 0 0
200.38585414585415 34.7658741258743 -1 0 0
198.3399000999001 7.145494505494672 -1 0 0
253.58065934065937 30.67396603396619 -1 0 0
266.8793606393607 56.24839160839176 -1 0 0
253.58065934065937 59.31732267732284 -1 0 0
288.3618781218782 81.82281718281733 -1 0 0
266.8793606393607 83.8687712287714 -1 0 0
235.16707292707298 113.53510489510506 -1 0 0
240.2819580419581 141.1554845154847 -1 0 0
280.17806193806194 107.3972427572429 -1 0 0
271.9942457542458 200.48815184815194 -1 0 0
289.3848551448552 180.02861138861152 -1 0 0
304.72951048951046 220.94769230769248 -1 0 0
357.9243156843157 266.98165834165843 -1 0 0
355.87836163836164 227.08555444555455 -1 0 0
315.9822577422578 186.16647352647368 -1 0 0
341.55668331668335 153.43120879120892 -1 0 0
311.89034965034966 135.01762237762253 -1 0 0
338.48775224775227 271.0735664335665 -1 0 0
331.3269130869131 370.3023376623377 -1 0 0
402.93530469530475 306.87776223776234 -1 0 0
372.24599400599396 397.9227172827174 -1 0 0
323.1430969030969 439.86477522477526 -1 0 0
351.7864535464535 458.2783616383616 -1 0 0
319.05118881118887 501.24339660339666 -1 0 0
293.4767632367633 544.2084315684316 -1 0 0
306.77546453546455 591.2653746253746 -1 0 0
322.12011988011983 656.7359040959041 -1 0 0
240.2819580419581 660.8278121878121 -1 0 0
352.80943056943056 630.1385014985015 -1 0 0
375.31492507492504 572.8517882117883 -1 0 0
367.1311088911089 551.3692707292707 -1 0 0
397.8204195804195 513.5191208791209 -1 0 0
377.36087912087913 476.69194805194815 -1 0 0
388.6136263736264 412.2443956043956 -1 0 0
464.3139260739261 410.1984415584416 -1 0 0
448.9692707292707 446.0026373626374 -1 0 0
434.6475924075924 477.71492507492513 -1 0 0
462.26797202797206 558.5301098901099 -1 0 0
482.72751248751246 484.8757642357642 -1 0 0
429.5327072927073 650.5980419580419 -1 0 0
461.244995004995 607.6330069930069 -1 0 0
478.6356043956044 605.5870529470529 -1 0 0
546.1520879120877 622.9776623376623 -1 0 0
564.5656743256742 595.3572827172827 -1 0 0
535.9223176823177 550.3462937062937 -1 0 0
507.27896103896103 527.8407992007992 -1 0 0
540.0142257742258 476.69194805194815 -1 0 0
554.3359040959042 449.0715684315685 -1 0 0
509.32491508491506 432.70393606393606 -1 0 0
578.8873526473525 505.33530469530467 -1 0 0
620.8294105894105 542.1624775224775 -1 0 0
682.2080319680318 621.9546853146853 -1 0 0
681.1850549450548 643.4372027972028 -1 0 0
673.0012387612387 591.2653746253746 -1 0 0
673.0012387612387 591.2653746253746 -1 0 0
734.37986013986 563.644995004995 -1 0 0
714.9432967032967 521.702937062937 -1 0 0
693.4607792207792 474.64599400599405 -1 0 0
666.8633766233766 454.1864535464536 -1 0 0
683.2310089910088 437.8188211788212 -1 0 0
676.0701698301699 412.2443956043956 -1 0 0
625.9442957042957 406.10653346653356 -1 0 0
600.36987012987 421.45118881118884 -1 0 0
535.9223176823177 289.48715284715297 -1 0 0
462.26797202797206 285.3952447552449 -1 0 0
417.25698301698304 276.18845154845167 -1 0 0
397.8204195804195 247.545094905095 -1 0 0
431.57866133866133 222.99364635364654 -1 0 0
379.40683316683317 207.64899100899115 -1 0 0
344.6256143856143 181.05158841158854 -1 0 0
486.8194205794206 251.6370029970031 -1 0 0
463.29094905094905 242.43020979020994 -1 0 0
474.54369630369627 213.78685314685322 -1 0 0
460.222017982018 205.60303696303708 -1 0 0
479.6585814185814 162.63800199800215 -1 0 0
409.07316683316685 151.38525474525485 -1 0 0
388.6136263736264 135.01762237762253 -1 0 0
372.24599400599396 147.29334665334676 -1 0 0
340.53370629370636 101.25938061938083 -1 0 0
342.5796603396604 60.340299700299866 -1 0 0
364.06217782217783 71.59304695304716 -1 0 0
327.235004995005 51.13350649350663 -1 0 0
314.95928071928074 25.559080919081147 -1 0 0
355.87836163836164 33.74289710289727 -1 0 0
346.6715684315684 16.35228771228791 -1 0 0
282.224015984016 9.191448551448724 -1 0 0
362.0162237762238 41.92671328671348 -1 0 0
388.6136263736264 70.57006993007013 -1 0 0
410.09614385614384 38.8577822177824 -1 0 0
389.63660339660345 31.69694305694322 -1 0 0
392.70553446553447 17.375264735264935 -1 0 0
425.4407992007992 12.260379620379805 -1 0 0
425.4407992007992 32.71992007992024 -1 0 0
425.4407992007992 72.6160239760241 -1 0 0
398.84339660339657 102.28235764235778 -1 0 0
438.73950049950054 143.20143856143875 -1 0 0
435.67056943056946 120.69594405594425 -1 0 0
442.8314085914086 91.02961038961057 -1 0 0
431.57866133866133 84.89174825174841 -1 0 0
436.69354645354645 70.57006993007013 -1 0 0
440.78545454545457 18.398241758241962 -1 0 0
463.29094905094905 20.444195804196017 -1 0 0
476.5896503496503 29.650989010989164 -1 0 0
476.5896503496503 51.13350649350663 -1 0 0
503.1870529470529 63.40923076923095 -1 0 0
521.6006393606393 59.31732267732284 -1 0 0
509.32491508491506 29.650989010989164 -1 0 0
481.70453546453547 10.214425574425752 -1 0 0
544.1061338661337 29.650989010989164 -1 0 0
540.0142257742258 57.27136863136879 -1 0 0
524.6695704295704 4.0765634365635925 -1 0 0
504.21002997002995 9.191448551448724 -1 0 0
549.2210189810188 11.237402597402777 -1 0 0
585.0252147852146 46.01862137862159 -1 0 0
580.9333066933067 30.67396603396619 -1 0 0
570.7035364635364 60.340299700299866 -1 0 0
567.6346053946055 110.46617382617399 -1 0 0
551.266973026973 140.13250749250767 -1 0 0
507.27896103896103 141.1554845154847 -1 0 0
490.9113286713287 138.0865534465536 -1 0 0
481.70453546453547 109.44319680319695 -1 0 0
507.27896103896103 122.7418981018983 -1 0 0
523.6465934065934 114.5580819180821 -1 0 0
515.4627772227773 98.19044955044967 -1 0 0
507.27896103896103 215.83280719280725 -1 0 0
509.32491508491506 190.2583816183817 -1 0 0
527.7385014985015 200.48815184815194 -1 0 0
529.7844555444556 243.4531868131869 -1 0 0
572.7494905094903 229.1315084915086 -1 0 0
552.2899500499501 203.55708291708305 -1 0 0
572.7494905094903 186.16647352647368 -1 0 0
598.3239160839161 153.43120879120892 -1 0 0
613.6685714285713 129.9027372627374 -1 0 0
596.277962037962 94.09854145854165 -1 0 0
604.4617782217782 54.20243756243771 -1 0 0
625.9442957042957 79.77686313686328 -1 0 0
620.8294105894105 55.22541458541474 -1 0 0
638.22001998002 39.88075924075943 -1 0 0
651.5187212787212 102.28235764235778 -1 0 0
652.5416983016984 127.85678321678334 -1 0 0
668.9093306693305 109.44319680319695 -1 0 0
655.6106293706293 166.72991008991016 -1 0 0
601.3928471528471 198.4421978021979 -1 0 0
604.4617782217782 231.17746253746267 -1 0 0
612.6455944055944 263.9127272727274 -1 0 0
572.7494905094903 275.1654745254746 -1 0 0
674.0242157842158 251.6370029970031 -1 0 0
644.3578821178821 222.99364635364654 -1 0 0
654.5876523476524 202.534105894106 -1 0 0
756.8853546453544 619.9087312687312 -1 0 0
812.1261138861138 640.3682717282717 -1 0 0
874.5277122877122 615.8168231768232 -1 0 0
887.8264135864135 641.3912487512488 -1 0 0
933.8603796203795 624.0006393606393 -1 0 0
965.5726673326672 646.5061338661338 -1 0 0
1003.4228171828171 609.678961038961 -1 0 0
964.5496903096903 582.0585814185814 -1 0 0
1013.6525874125873 542.1624775224775 -1 0 0
947.1590809190809 538.0705694305694 -1 0 0
878.6196203796204 522.7259140859142 -1 0 0
887.8264135864135 555.4611788211788 -1 0 0
908.2859540459539 517.611028971029 -1 0 0
904.1940459540459 487.9446953046953 -1 0 0
786.551688311688 550.3462937062937 -1 0 0
812.1261138861138 528.8637762237762 -1 0 0
837.7005394605393 562.622017982018 -1 0 0
792.6895504495502 475.6689710289711 -1 0 0
758.9313086913086 415.3133266733267 -1 0 0
740.5177222777222 443.9566833166834 -1 0 0
769.1610789210789 429.6350049950051 -1 0 0
818.2639760239759 329.3832567432568 -1 0 0
804.9652747252745 309.94669330669336 -1 0 0
796.7814585414584 289.48715284715297 -1 0 0
760.9772627372625 284.37226773226774 -1 0 0
710.8513886113885 261.8667732267734 -1 0 0
716.9892507492507 219.92471528471538 -1 0 0
691.4148251748252 194.3502897102898 -1 0 0
704.7135264735264 161.61502497502514 -1 0 0
688.345894105894 148.3163236763239 -1 0 0
707.7824575424575 132.97166833166847 -1 0 0
687.322917082917 93.07556443556463 -1 0 0
711.8743656343655 106.37426573426588 -1 0 0
714.9432967032967 83.8687712287714 -1 0 0
707.7824575424575 59.31732267732284 -1 0 0
682.2080319680318 61.3632767232769 -1 0 0
661.7484915084915 75.68495504495526 -1 0 0
669.9323076923077 91.02961038961057 -1 0 0
683.2310089910088 26.582057942058174 -1 0 0
662.7714685314684 31.69694305694322 -1 0 0
670.9552847152845 13.28335664335683 -1 0 0
709.8284115884114 16.35228771228791 -1 0 0
725.1730669330668 44.995644355644565 -1 0 0
767.1151248751247 42.94969030969051 -1 0 0
760.9772627372625 59.31732267732284 -1 0 0
763.0232167832168 90.00663336663355 -1 0 0
744.6096303696304 104.32831168831183 -1 0 0
748.7015384615385 124.78785214785236 -1 0 0
732.3339060939061 173.89074925074945 -1 0 0
765.0691708291707 157.523116883117 -1 0 0
776.321918081918 140.13250749250767 -1 0 0
785.5287112887112 161.61502497502514 -1 0 0
781.4368031968032 226.06257742257753 -1 0 0
812.1261138861138 208.67196803196816 -1 0 0
838.7235164835164 198.4421978021979 -1 0 0
842.8154245754246 180.02861138861152 -1 0 0
814.1720679320678 168.77586413586423 -1 0 0
797.8044355644356 149.33930069930082 -1 0 0
834.6316083916083 104.32831168831183 -1 0 0
789.6206193806194 109.44319680319695 -1 0 0
800.8733666333666 69.5470929070931 -1 0 0
786.551688311688 82.84579420579436 -1 0 0
833.6086313686312 77.73090909090932 -1 0 0
813.1490909090909 53.179460539460685 -1 0 0
811.1031368631368 33.74289710289727 -1 0 0
779.390849150849 24.536103896104123 -1 0 0
807.0112287712287 12.260379620379805 -1 0 0
838.7235164835164 37.83480519480538 -1 0 0
859.1830569430567 30.67396603396619 -1 0 0
842.8154245754246 19.42121878121899 -1 0 0
877.5966433566433 18.398241758241962 -1 0 0
879.6425974025973 36.81182817182835 -1 0 0
852.0222177822177 70.57006993007013 -1 0 0
860.2060339660339 92.0525874125876 -1 0 0
831.5626773226771 133.9946453546455 -1 0 0
855.0911488511489 168.77586413586423 -1 0 0
875.5506893106892 217.8787612387613 -1 0 0
866.3438961038961 272.09654345654354 -1 0 0
846.9073326673326 288.46417582417587 -1 0 0
799.8503896103897 264.93570429570434 -1 0 0
907.2629770229769 243.4531868131869 -1 0 0
893.9642757242757 290.5101298701299 -1 0 0
865.3209190809189 329.3832567432568 -1 0 0
856.1141258741258 376.4401998001999 -1 0 0
842.8154245754246 359.04959040959045 -1 0 0
875.5506893106892 415.3133266733267 -1 0 0
981.9402997002996 484.8757642357642 -1 0 0
1010.5836563436561 486.9217182817183 -1 0 0
961.4807592407591 447.02561438561446 -1 0 0
948.1820579420578 415.3133266733267 -1 0 0
977.8483916083915 387.69294705294703 -1 0 0
996.2619780219779 381.555084915085 -1 0 0
954.3199200799199 357.0036363636364 -1 0 0
904.1940459540459 358.02661338661346 -1 0 0
907.2629770229769 324.2683716283717 -1 0 0
942.0441958041956 306.87776223776234 -1 0 0
990.1241158841158 322.2224175824177 -1 0 0
1016.7215184815183 296.64799200799206 -1 0 0
970.6875524475524 263.9127272727274 -1 0 0
946.1361038961038 258.7978421578423 -1 0 0
939.9982417582416 240.3842557442559 -1 0 0
952.273966033966 214.80983016983032 -1 0 0
981.9402997002996 216.85578421578438 -1 0 0
1001.376863136863 244.476163836164 -1 0 0
1011.6066333666333 227.08555444555455 -1 0 0
987.0551848151846 183.0975424575426 -1 0 0
952.273966033966 186.16647352647368 -1 0 0
888.8493906093904 188.21242757242774 -1 0 0
907.2629770229769 196.39624375624385 -1 0 0
905.2170229770229 160.5920479520481 -1 0 0
867.366873126873 141.1554845154847 -1 0 0
887.8264135864135 112.51212787212803 -1 0 0
884.7574825174823 85.91472527472544 -1 0 0
929.7684715284715 88.98365634365652 -1 0 0
911.3548851148851 66.47816183816202 -1 0 0
928.7454945054944 66.47816183816202 -1 0 0
934.8833566433566 137.0635764235766 -1 0 0
950.2280119880119 143.20143856143875 -1 0 0
973.7564835164834 129.9027372627374 -1 0 0
960.4577822177821 112.51212787212803 -1 0 0
981.9402997002996 71.59304695304716 -1 0 0
1013.6525874125873 166.72991008991016 -1 0 0
1016.7215184815183 90.00663336663355 -1 0 0
989.1011388611387 43.972667332667534 -1 0 0
967.6186213786212 46.01862137862159 -1 0 0
964.5496903096903 22.49014985015007 -1 0 0
987.0551848151846 10.214425574425752 -1 0 0
1016.7215184815183 26.582057942058174 -1 0 0
1014.6755644355643 7.145494505494672 -1 0 0
933.8603796203795 25.559080919081147 -1 0 0
917.4927472527472 17.375264735264935 -1 0 0
890.8953446553445 9.191448551448724 -1 0 0
854.0681718281718 6.122517482517646 -1 0 0
145.51893677003616 10.291550543697264 -1 0 0
632.4859927507048 7.65216270640367 -1 0 0
547.1750649350649 96.7838561438561 -1 0 0
570.7035364635365 90.64599400599397 -1 0 0
567.1231168831168 147.93270729270722 -1 0 0
461.75648351648357 64.04859140859138 -1 0 0
442.31992007992017 47.68095904095895 -1 0 0
756.8853546453547 29.77886113886108 -1 0 0
731.3109290709291 37.45118881118878 -1 0 0
728.7534865134866 24.152487512487433 -1 0 0
479.14709290709294 275.8048351648351 -1 0 0
445.9003396603397 265.06357642357636 -1 0 0
420.8374025974027 206.75388611388607 -1 0 0
358.4358041958043 113.15148851148847 -1 0 0
945.8803596403596 51.26137862137859 -1 0 0
938.2080319680321 36.93970029970022 -1 0 0
1003.6785614385614 44.1005394605394 -1 0 0
