315.72592592592594 272.22962962962964 -1 0 0
284.74074074074076 265.61481481481485 -1 0 0
266.6370370370371 252.73333333333335 -1 0 0
241.9185185185186 275.0148148148148 -1 0 0
344.2740740740741 212.6962962962963 -1 0 0
291.3555555555556 193.54814814814816 -1 0 0
277.7777777777778 207.47407407407408 -1 0 0
356.4592592592593 170.57037037037037 -1 0 0
344.2740740740741 167.43703703703704 -1 0 0
66.45185185185186 266.6592592592593 -1 0 0
52.52592592592593 261.43703703703704 -1 0 0
97.7851851851852 261.0888888888889 -1 0 0
121.80740740740741 275.0148148148148 -1 0 0
119.71851851851854 257.60740740740744 -1 0 0
155.22962962962964 219.31111111111113 -1 0 0
138.51851851851853 228.36296296296297 -1 0 0
122.85185185185186 230.45185185185187 -1 0 0
78.98518518518519 234.9777777777778 -1 0 0
28.851851851851865 264.57037037037037 -1 0 0
74.80740740740741 220.0074074074074 -1 0 0
131.90370370370374 197.72592592592594 -1 0 0
112.75555555555557 196.68148148148148 -1 0 0
85.60000000000001 193.54814814814816 -1 0 0
96.04444444444447 212.6962962962963 -1 0 0
60.53333333333334 192.5037037037037 -1 0 0
51.82962962962964 197.72592592592594 -1 0 0
43.82222222222224 192.15555555555557 -1 0 0
19.451851851851856 194.5925925925926 -1 0 0
15.274074074074079 214.43703703703704 -1 0 0
29.54814814814817 223.4888888888889 -1 0 0
34.77037037037037 217.57037037037037 -1 0 0
44.17037037037038 217.91851851851854 -1 0 0
53.918518518518525 220.35555555555555 -1 0 0
22.58518518518521 245.07407407407408 -1 0 0
82.46666666666668 175.44444444444446 -1 0 0
102.65925925925929 170.9185185185185 -1 0 0
117.62962962962963 170.57037037037037 -1 0 0
131.2074074074074 170.22222222222223 -1 0 0
142.69629629629634 170.57037037037037 -1 0 0
154.18518518518522 169.52592592592595 -1 0 0
166.71851851851852 166.04444444444445 -1 0 0
171.24444444444447 174.4 -1 0 0
189.00000000000003 204.34074074074076 -1 0 0
182.03703703703707 186.5851851851852 -1 0 0
191.7851851851852 261.43703703703704 -1 0 0
179.25185185185188 238.45925925925926 -1 0 0
194.91851851851857 237.76296296296294 -1 0 0
214.76296296296297 233.23703703703706 -1 0 0
223.11851851851853 199.8148148148148 -1 0 0
259.32592592592596 191.45925925925926 -1 0 0
262.8074074074074 175.44444444444446 -1 0 0
255.49629629629635 167.43703703703704 -1 0 0
278.12592592592597 170.9185185185185 -1 0 0
295.1851851851852 164.30370370370372 -1 0 0
312.5925925925926 139.5851851851852 -1 0 0
324.0814814814815 161.51851851851853 -1 0 0
347.7555555555556 142.37037037037038 -1 0 0
348.10370370370373 114.86666666666667 -1 0 0
338.3555555555556 100.59259259259261 -1 0 0
315.02962962962965 101.63703703703703 -1 0 0
328.2592592592593 96.76296296296297 -1 0 0
321.6444444444445 87.01481481481483 -1 0 0
343.22962962962964 81.09629629629632 -1 0 0
355.762962962963 78.65925925925926 -1 0 0
343.22962962962964 64.03703703703704 -1 0 0
355.0666666666667 61.25185185185185 -1 0 0
350.8888888888889 56.02962962962962 -1 0 0
333.1333333333334 53.59259259259261 -1 0 0
330.69629629629634 67.51851851851853 -1 0 0
308.41481481481486 71.69629629629632 -1 0 0
308.762962962963 60.55555555555557 -1 0 0
287.8740740740741 57.77037037037039 -1 0 0
280.562962962963 59.51111111111112 -1 0 0
279.8666666666667 70.30370370370372 -1 0 0
263.5037037037037 71.34814814814814 -1 0 0
283.00000000000006 85.27407407407406 -1 0 0
285.43703703703704 99.54814814814816 -1 0 0
298.6666666666667 91.1925925925926 -1 0 0
286.82962962962966 119.74074074074078 -1 0 0
274.2962962962963 120.78518518518518 -1 0 0
266.6370370370371 107.2074074074074 -1 0 0
260.3703703703704 89.10370370370369 -1 0 0
254.10370370370373 92.93333333333334 -1 0 0
243.65925925925927 90.84444444444445 -1 0 0
235.30370370370372 77.26666666666668 -1 0 0
247.48888888888897 53.94074074074075 -1 0 0
242.2666666666667 53.59259259259261 -1 0 0
222.42222222222225 56.02962962962962 -1 0 0
204.66666666666669 55.681481481481484 -1 0 0
188.65185185185186 64.73333333333335 -1 0 0
200.83703703703708 72.39259259259259 -1 0 0
191.7851851851852 76.22222222222223 -1 0 0
176.81481481481484 70.65185185185186 -1 0 0
173.33333333333337 57.77037037037039 -1 0 0
158.01481481481483 61.599999999999994 -1 0 0
149.31111111111113 57.77037037037039 -1 0 0
128.07407407407408 61.599999999999994 -1 0 0
122.85185185185186 53.94074074074075 -1 0 0
104.05185185185188 52.54814814814816 -1 0 0
117.9777777777778 62.99259259259259 -1 0 0
107.53333333333335 65.77777777777777 -1 0 0
91.17037037037038 64.38518518518521 -1 0 0
76.2 65.42962962962963 -1 0 0
70.62962962962963 52.54814814814816 -1 0 0
56.00740740740742 55.681481481481484 -1 0 0
43.125925925925955 57.074074074074076 -1 0 0
29.896296296296313 60.55555555555557 -1 0 0
4.481481481481495 60.2074074074074 -1 0 0
7.614814814814835 70.65185185185186 -1 0 0
19.103703703703715 72.39259259259259 -1 0 0
48.000000000000014 79.7037037037037 -1 0 0
64.01481481481484 78.65925925925926 -1 0 0
93.60740740740742 75.17777777777778 -1 0 0
108.22962962962966 79.00740740740741 -1 0 0
121.80740740740741 84.92592592592592 -1 0 0
131.2074074074074 80.39999999999999 -1 0 0
117.62962962962963 72.39259259259259 -1 0 0
145.48148148148152 72.74074074074076 -1 0 0
170.89629629629633 85.97037037037038 -1 0 0
181.34074074074078 87.01481481481483 -1 0 0
147.22222222222223 100.94074074074076 -1 0 0
135.73333333333335 101.9851851851852 -1 0 0
120.41481481481482 100.94074074074076 -1 0 0
109.97037037037039 101.28888888888889 -1 0 0
125.98518518518519 110.6888888888889 -1 0 0
109.62222222222225 120.43703703703704 -1 0 0
93.25925925925928 119.04444444444445 -1 0 0
89.42962962962964 134.36296296296297 -1 0 0
76.54814814814817 118.34814814814816 -1 0 0
73.41481481481482 130.53333333333336 -1 0 0
58.44444444444447 116.25925925925927 -1 0 0
46.25925925925928 120.0888888888889 -1 0 0
32.6814814814815 119.74074074074078 -1 0 0
19.800000000000026 116.95555555555558 -1 0 0
12.837037037037051 124.26666666666668 -1 0 0
5.525925925925947 133.66666666666669 -1 0 0
20.84444444444445 132.62222222222223 -1 0 0
41.38518518518519 147.24444444444447 -1 0 0
29.54814814814817 150.3777777777778 -1 0 0
62.27407407407408 141.32592592592593 -1 0 0
50.7851851851852 139.93333333333334 -1 0 0
69.58518518518521 169.52592592592595 -1 0 0
32.33333333333336 136.45185185185187 -1 0 0
37.207407407407416 109.99259259259259 -1 0 0
22.23703703703704 99.54814814814816 -1 0 0
23.977777777777803 89.45185185185187 -1 0 0
40.34074074074074 89.10370370370369 -1 0 0
52.17777777777779 104.77037037037039 -1 0 0
66.45185185185186 104.42222222222222 -1 0 0
62.27407407407408 91.88888888888891 -1 0 0
72.02222222222223 90.4962962962963 -1 0 0
77.24444444444445 103.72592592592594 -1 0 0
89.77777777777779 92.23703703703707 -1 0 0
106.83703703703706 86.66666666666669 -1 0 0
95.69629629629632 100.24444444444447 -1 0 0
128.42222222222222 148.28888888888892 -1 0 0
154.18518518518522 147.94074074074075 -1 0 0
137.82222222222225 129.48888888888888 -1 0 0
163.93333333333334 131.57777777777778 -1 0 0
173.6814814814815 127.74814814814818 -1 0 0
170.20000000000005 112.42962962962963 -1 0 0
193.8740740740741 111.03703703703704 -1 0 0
202.5777777777778 96.41481481481483 -1 0 0
212.6740740740741 104.77037037037039 -1 0 0
214.0666666666667 124.26666666666668 -1 0 0
196.65925925925927 127.4 -1 0 0
225.5555555555556 132.27407407407406 -1 0 0
195.962962962963 141.6740740740741 -1 0 0
226.94814814814816 147.94074074074075 -1 0 0
217.54814814814816 147.94074074074075 -1 0 0
236.00000000000006 122.1777777777778 -1 0 0
253.05925925925933 123.91851851851851 -1 0 0
260.02222222222224 111.73333333333335 -1 0 0
232.1703703703704 113.47407407407408 -1 0 0
219.98518518518523 96.41481481481483 -1 0 0
148.2666666666667 131.92592592592592 -1 0 0
51.13333333333334 159.42962962962963 -1 0 0
39.64444444444446 164.30370370370372 -1 0 0
32.33333333333336 159.77777777777777 -1 0 0
14.229629629629656 148.63703703703703 -1 0 0
11.792592592592612 91.54074074074074 -1 0 0
137.4740740740741 51.50370370370371 -1 0 0
242.2666666666667 171.962962962963 -1 0 0
249.22962962962964 254.47407407407408 -1 0 0
127.02962962962964 249.25185185185185 -1 0 0
145.82962962962966 85.62222222222223 -1 0 0
369.4025974025973 112.12337662337664 -1 0 0
367.51948051948045 75.9675324675325 -1 0 0
367.142857142857 57.51298701298703 -1 0 0
355.46753246753235 40.94155844155847 -1 0 0
335.12987012987 36.42207792207796 -1 0 0
307.25974025974017 45.83766233766235 -1 0 0
268.46753246753235 39.05844155844158 -1 0 0
373.16883116883105 207.03246753246754 -1 0 0
361.87012987012974 191.21428571428575 -1 0 0
372.0389610389609 174.26623376623377 -1 0 0
32.79545454545454 46.14285714285717 -1 0 0
38.82142857142856 40.305194805194816 -1 0 0
112.6396103896104 43.31818181818184 -1 0 0
6.283152033152106 48.538047138047204 -1 0 0
12.592786842786921 21.19629629629634 -1 0 0
5.021225071225132 29.188500388500444 -1 0 0
27.31526806526813 38.44263144263152 -1 0 0
30.680406630406708 27.926573426573498 -1 0 0
42.879033929033994 32.13299663299671 -1 0 0
46.244172494172545 20.355011655011708 -1 0 0
36.56939911939918 24.56143486143492 -1 0 0
72.74463869463875 20.355011655011708 -1 0 0
84.52262367262371 25.40271950271955 -1 0 0
87.88776223776229 17.410515410515472 -1 0 0
91.67354312354315 22.878865578865657 -1 0 0
93.35611240611247 16.989873089873186 -1 0 0
136.26162911162913 15.727946127946211 -1 0 0
125.74557109557118 14.88666148666158 -1 0 0
256.98597513597514 39.70455840455847 -1 0 0
245.62863247863248 39.283916083916154 -1 0 0
229.64422429422433 40.5458430458431 -1 0 0
235.95385910385914 34.65685055685063 -1 0 0
182.1116420616421 46.855477855477915 -1 0 0
193.0483423983424 35.49813519813526 -1 0 0
181.27035742035747 38.44263144263152 -1 0 0
170.7542994042995 35.49813519813526 -1 0 0
155.19053354053358 38.44263144263152 -1 0 0
169.07173012173018 49.379331779331835 -1 0 0
171.59558404558408 16.989873089873186 -1 0 0
183.37356902356908 16.989873089873186 -1 0 0
203.1437580937581 26.664646464646523 -1 0 0
213.65981610981612 23.720150220150288 -1 0 0
230.06486661486662 22.458223258223317 -1 0 0
241.84285159285162 21.19629629629634 -1 0 0
256.1446904946905 19.93436933436942 -1 0 0
275.49423724423724 26.244004144004236 -1 0 0
306.20112665112663 24.982077182077262 -1 0 0
305.359842009842 17.831157731157816 -1 0 0
313.3520461020461 12.36280756280763 -1 0 0
344.0589355089355 24.982077182077262 -1 0 0
357.5194897694898 27.08528878528887 -1 0 0
370.13875938875935 20.355011655011708 -1 0 0
325.1300310800311 51.903185703185756 -1 0 0
150.56346801346803 26.664646464646523 -1 0 0
162.76209531209537 34.23620823620831 -1 0 0
74.84785029785036 38.02198912198918 -1 0 0
65.5937192437193 41.807770007770074 -1 0 0
54.657018907018966 44.331623931623994 -1 0 0
294.4231416731417 10.68023828023837 -1 0 0
258.66854441854446 10.68023828023837 -1 0 0
245.62863247863248 13.624734524734606 -1 0 0
188.42127687127692 24.982077182077262 -1 0 0
19.323063973064052 38.02198912198918 -1 0 0
14.695998445998526 32.97428127428134 -1 0 0
59.28408443408449 14.045376845376893 -1 0 0
31.52169127169134 13.204092204092262 -1 0 0
58.863442113442176 29.188500388500444 -1 0 0
61.80793835793841 28.76785806785813 -1 0 0
2.918013468013555 241.61287231287233 -1 0 0
11.987012987012932 4.785714285714334 -1 0 0
19.89610389610384 3.6558441558441928 -1 0 0
30.441558441558385 5.538961038961077 -1 0 0
41.36363636363632 11.94155844155847 -1 0 0
40.233766233766175 6.292207792207819 -1 0 0
50.77922077922071 4.032467532467535 -1 0 0
61.70129870129864 7.045454545454561 -1 0 0
71.49350649350643 4.785714285714334 -1 0 0
71.49350649350643 8.175324675324703 -1 0 0
79.40259740259734 10.058441558441586 -1 0 0
99.36363636363627 7.045454545454561 -1 0 0
86.93506493506487 8.928571428571445 -1 0 0
112.16883116883112 11.56493506493507 -1 0 0
109.15584415584408 16.084415584415638 -1 0 0
108.02597402597397 27.006493506493545 -1 0 0
118.19480519480513 21.73376623376629 -1 0 0
133.63636363636357 40.5649350649351 -1 0 0
114.05194805194799 28.512987012987026 -1 0 0
136.6493506493506 3.2792207792207932 -1 0 0
124.97402597402592 4.409090909090935 -1 0 0
142.67532467532462 7.4220779220779605 -1 0 0
194.27272727272722 6.292207792207819 -1 0 0
203.68831168831156 7.798701298701303 -1 0 0
219.50649350649343 4.032467532467535 -1 0 0
230.05194805194796 11.94155844155847 -1 0 0
236.45454545454535 6.668831168831218 -1 0 0
246.99999999999991 8.175324675324703 -1 0 0
255.6623376623376 3.6558441558441928 -1 0 0
269.5974025974025 4.785714285714334 -1 0 0
271.48051948051943 17.96753246753252 -1 0 0
264.32467532467524 21.73376623376629 -1 0 0
275.9999999999999 9.305194805194844 -1 0 0
280.51948051948045 8.175324675324703 -1 0 0
288.42857142857133 11.94155844155847 -1 0 0
291.81818181818176 25.8766233766234 -1 0 0
301.9870129870129 30.77272727272731 -1 0 0
283.9090909090909 33.785714285714306 -1 0 0
298.5974025974025 4.409090909090935 -1 0 0
282.77922077922074 2.9025974025974506 -1 0 0
312.9090909090909 2.9025974025974506 -1 0 0
340.02597402597394 5.538961038961077 -1 0 0
103.88311688311684 151.48051948051946 -1 0 0
