21.897320760365282 647.2408322107469 -1 0 0
74.66067953899127 606.2026642718157 -1 0 0
115.69884747792257 557.8362520580752 -1 0 0
108.37060320311338 516.7980841191438 -1 0 0
64.40113755425844 522.6606795389912 -1 0 0
64.40113755425844 493.34770243975464 -1 0 0
11.637778775632457 519.7293818290675 -1 0 0
162.59961083670123 512.4011375542584 -1 0 0
130.3553360275409 522.6606795389912 -1 0 0
196.30953450082333 579.8209848825027 -1 0 0
243.21029785960198 628.1873970962431 -1 0 0
230.01945816494543 600.3400688519683 -1 0 0
238.81335129471643 529.9889238138004 -1 0 0
219.75991618021263 510.9354886992965 -1 0 0
208.15686274509804 487.8515192336477 -1 0 0
182.50800778326598 488.58434366112857 -1 0 0
167.85151923364765 474.6606795389912 -1 0 0
126.81335129471638 490.0499925160904 -1 0 0
219.88205358479271 476.12632839395303 -1 0 0
194.96602305044158 476.12632839395303 -1 0 0
279.2408322107469 524.4927406076935 -1 0 0
307.0881604550217 600.7064810657088 -1 0 0
193.50037419547974 537.68358030235 -1 0 0
210.35533602754083 470.99655740158664 -1 0 0
237.46983984433467 476.12632839395303 -1 0 0
255.0576261038767 487.8515192336477 -1 0 0
268.2484657985331 471.7293818290675 -1 0 0
271.9125879359377 455.6072444244874 -1 0 0
281.4393054931897 470.99655740158664 -1 0 0
294.63014518784615 487.8515192336477 -1 0 0
279.9736566382278 506.90495434815153 -1 0 0
339.332435264182 512.034725340518 -1 0 0
335.66831312677743 551.6072444244874 -1 0 0
354.72174824128126 528.156862745098 -1 0 0
371.5767100733423 561.1339619817393 -1 0 0
439.72938182906756 537.68358030235 -1 0 0
403.82098488250267 514.2331986229607 -1 0 0
450.72174824128126 502.50800778326595 -1 0 0
487.36296961532713 503.240832210747 -1 0 0
422.87441999700644 501.7751833557851 -1 0 0
367.9125879359378 515.6988474779225 -1 0 0
380.3706032031133 484.920221523724 -1 0 0
356.920221523724 476.12632839395303 -1 0 0
375.2408322107469 469.5309085466248 -1 0 0
313.6835803023499 483.4545726687622 -1 0 0
332.7370154168538 486.38587037868587 -1 0 0
334.9354886992965 461.46983984433473 -1 0 0
316.61487801227366 460.7370154168538 -1 0 0
296.09579404280794 469.5309085466248 -1 0 0
301.2255650351744 455.6072444244874 -1 0 0
290.96602305044155 449.01182457715913 -1 0 0
332.7370154168538 446.8133512947164 -1 0 0
326.87441999700644 459.27136656189197 -1 0 0
232.34006885196825 464.40113755425836 -1 0 0
256.52327495883856 460.7370154168538 -1 0 0
464.64541236341864 482.7217482412813 -1 0 0
496.88968717257893 469.5309085466248 -1 0 0
449.2560993863195 470.99655740158664 -1 0 0
435.332435264182 469.5309085466248 -1 0 0
423.6072444244874 460.7370154168538 -1 0 0
408.21793144738814 460.7370154168538 -1 0 0
393.56144289776984 459.27136656189197 -1 0 0
403.08816045502175 445.3477024397546 -1 0 0
369.37823679089956 449.01182457715913 -1 0 0
382.5690764855561 450.477473432121 -1 0 0
380.3706032031133 441.68358030235 -1 0 0
355.4545726687622 461.46983984433473 -1 0 0
354.72174824128126 454.1415955695255 -1 0 0
356.1873970962431 449.01182457715913 -1 0 0
362.0499925160904 443.8820535847927 -1 0 0
353.98892381380034 429.9583894626553 -1 0 0
361.3171680886095 432.156862745098 -1 0 0
375.9736566382278 436.5538093099836 -1 0 0
376.7064810657088 428.49274060769346 -1 0 0
398.6912138901362 410.90495434815153 -1 0 0
393.56144289776984 418.23319862296063 -1 0 0
359.11869480616673 422.6301451878462 -1 0 0
382.5690764855561 428.49274060769346 -1 0 0
387.8820535847927 422.8133512947164 -1 0 0
387.5156413710522 412.5538093099836 -1 0 0
403.6377787756324 414.01945816494543 -1 0 0
416.4622062565484 415.1186948061668 -1 0 0
422.32480167639574 415.1186948061668 -1 0 0
415.7293818290675 429.7751833557851 -1 0 0
402.9049543481515 432.34006885196834 -1 0 0
398.1415955695255 431.240832210747 -1 0 0
395.21029785960184 444.43167190540345 -1 0 0
435.5156413710522 434.90495434815153 -1 0 0
428.18739709624305 431.240832210747 -1 0 0
432.58434366112857 416.95075587486906 -1 0 0
426.72174824128126 415.1186948061668 -1 0 0
438.08052686723545 444.79808411914394 -1 0 0
434.7828169435713 449.19503068402935 -1 0 0
484.2484657985331 467.5156413710523 -1 0 0
478.7522825924263 454.6912138901362 -1 0 0
471.7904505313576 459.4545726687622 -1 0 0
453.8362520580751 456.88968717257904 -1 0 0
450.1721299206705 447.72938182906756 -1 0 0
466.2942673252507 442.5996108367011 -1 0 0
473.6225116000599 443.3324352641821 -1 0 0
468.8591528214339 415.8515192336477 -1 0 0
452.37060320311326 433.07289327944926 -1 0 0
461.16449633288426 433.07289327944926 -1 0 0
458.59961083670106 437.46983984433473 -1 0 0
447.2408322107468 442.5996108367011 -1 0 0
476.18739709624305 485.10342763059424 -1 0 0
506.23319862296063 460.1873970962431 -1 0 0
511.7293818290675 445.8973207603653 -1 0 0
500.73701541685375 448.095794042808 -1 0 0
491.21029785960184 445.16449633288437 -1 0 0
461.5309085466248 462.01945816494543 -1 0 0
461.89732076036523 453.5919772489149 -1 0 0
479.85151923364765 426.11106121838054 -1 0 0
486.81335129471637 422.8133512947164 -1 0 0
498.9049543481515 412.5538093099836 -1 0 0
495.2408322107469 427.2102978596019 -1 0 0
508.0652596916629 413.65304595120494 -1 0 0
509.16449633288426 431.240832210747 -1 0 0
517.9583894626553 438.20266427181565 -1 0 0
517.5919772489149 422.8133512947164 -1 0 0
520.5232749588384 415.1186948061668 -1 0 0
515.0270917527316 413.65304595120494 -1 0 0
491.57671007334227 415.1186948061668 -1 0 0
488.27900014967815 413.2866337374645 -1 0 0
480.2179314473881 412.5538093099836 -1 0 0
479.85151923364765 416.95075587486906 -1 0 0
475.8209848825026 415.1186948061668 -1 0 0
465.9278551115102 417.68358030235 -1 0 0
438.14159556952563 738.1110612183805 -1 0 0
575.9125879359378 733.714114653495 -1 0 0
529.0118245771591 585.68358030235 -1 0 0
537.8057177069302 547.5767100733423 -1 0 0
568.5843436611286 502.1415955695255 -1 0 0
582.8744199970065 517.1644963328844 -1 0 0
599.7293818290676 497.3782367908997 -1 0 0
611.4545726687622 490.78281694357145 -1 0 0
630.5080077832661 489.31716808860955 -1 0 0
548.4316719054035 482.7217482412813 -1 0 0
527.179763508457 463.6683131267775 -1 0 0
529.3782367908997 448.27900014967827 -1 0 0
549.8973207603653 465.8667864092203 -1 0 0
539.6377787756326 465.1339619817394 -1 0 0
566.0194581649455 463.6683131267775 -1 0 0
574.8133512947165 463.6683131267775 -1 0 0
590.2026642718157 459.271366561892 -1 0 0
593.1339619817394 480.5232749588386 -1 0 0
537.4393054931897 447.5461757221974 -1 0 0
571.1492291573119 448.27900014967827 -1 0 0
578.477473432121 448.27900014967827 -1 0 0
557.2255650351744 440.9507558748692 -1 0 0
546.2331986229607 443.1492291573119 -1 0 0
538.1721299206706 438.01945816494543 -1 0 0
546.9660230504417 427.7599161802126 -1 0 0
618.7828169435714 465.1339619817394 -1 0 0
611.4545726687622 432.1568627450982 -1 0 0
577.9278551115103 436.73701541685386 -1 0 0
572.065259691663 429.7751833557852 -1 0 0
577.5614428977698 427.9431222870828 -1 0 0
587.0881604550217 422.8133512947164 -1 0 0
565.4698398443347 429.7751833557852 -1 0 0
559.2408322107469 434.17212992067067 -1 0 0
550.0805268672354 436.73701541685386 -1 0 0
570.5996108367011 435.6377787756325 -1 0 0
585.2560993863194 437.4698398443348 -1 0 0
592.2179314473882 441.1339619817394 -1 0 0
589.6530459512051 430.5080077832661 -1 0 0
607.9736566382278 452.1263283939531 -1 0 0
634.3553360275408 459.0881604550218 -1 0 0
604.6759467145638 434.9049543481516 -1 0 0
689.3171680886096 455.7904505313577 -1 0 0
687.1186948061667 437.4698398443348 -1 0 0
683.4545726687621 426.47747343212103 -1 0 0
693.714114653495 429.7751833557852 -1 0 0
690.7828169435713 422.446939080976 -1 0 0
701.4087711420447 426.47747343212103 -1 0 0
706.1721299206706 422.8133512947164 -1 0 0
676.8591528214339 442.96602305044166 -1 0 0
672.4622062565485 443.3324352641821 -1 0 0
675.0270917527317 462.01945816494543 -1 0 0
707.6377787756323 464.2179314473882 -1 0 0
706.9049543481515 445.53090854662486 -1 0 0
839.7293818290676 569.5614428977698 -1 0 0
978.9660230504418 721.9889238138003 -1 0 0
792.8286184702889 754.2331986229607 -1 0 0
929.1339619817394 519.7293818290675 -1 0 0
876.3706032031135 537.3171680886095 -1 0 0
714.2331986229609 416.5843436611286 -1 0 0
721.56144289777 415.8515192336477 -1 0 0
730.3553360275411 418.41640472983096 -1 0 0
725.9583894626554 410.7217482412813 -1 0 0
751.6072444244877 410.7217482412813 -1 0 0
748.675946714564 410.7217482412813 -1 0 0
756.737015416854 410.7217482412813 -1 0 0
769.1950306840296 414.01945816494543 -1 0 0
744.6454123634189 417.3171680886096 -1 0 0
738.7828169435716 422.446939080976 -1 0 0
732.9202215237242 414.75228259242635 -1 0 0
738.4164047298311 412.18739709624316 -1 0 0
747.2102978596021 428.67594671456374 -1 0 0
750.1415955695259 421.7141146534951 -1 0 0
716.798084119144 441.50037419547976 -1 0 0
706.9049543481517 438.20266427181565 -1 0 0
698.1110612183807 444.065259691663 -1 0 0
725.9583894626554 442.23319862296074 -1 0 0
725.9583894626554 430.50800778326607 -1 0 0
734.7522825924266 431.240832210747 -1 0 0
740.6148780122738 433.07289327944926 -1 0 0
750.5080077832663 435.63777877563246 -1 0 0
762.2331986229609 430.87441999700656 -1 0 0
762.5996108367013 422.446939080976 -1 0 0
756.3706032031135 425.3782367908996 -1 0 0
773.9583894626554 424.27900014967827 -1 0 0
781.2866337374647 423.54617572219735 -1 0 0
788.2484657985334 417.3171680886096 -1 0 0
784.5843436611289 414.01945816494543 -1 0 0
788.6148780122738 410.7217482412813 -1 0 0
796.3095345008236 420.6148780122737 -1 0 0
800.706481065709 417.3171680886096 -1 0 0
797.0423589283043 409.2560993863195 -1 0 0
779.4545726687625 428.30953450082325 -1 0 0
764.798084119144 436.00419098937294 -1 0 0
779.088160455022 435.271366561892 -1 0 0
744.6454123634189 440.4011375542584 -1 0 0
736.9507558748693 442.23319862296074 -1 0 0
719.7293818290677 459.45457266876224 -1 0 0
715.3324352641822 485.8362520580752 -1 0 0
738.4164047298311 464.95075587486906 -1 0 0
734.7522825924266 453.9583894626553 -1 0 0
745.7446490046402 455.7904505313576 -1 0 0
753.0728932794494 445.8973207603653 -1 0 0
775.4240383176175 449.1950306840294 -1 0 0
758.9354886992968 449.9278551115103 -1 0 0
749.0423589283043 478.87441999700656 -1 0 0
766.6301451878463 485.8362520580752 -1 0 0
796.3095345008236 507.45457266876224 -1 0 0
798.5080077832663 472.6454123634187 -1 0 0
788.2484657985334 460.920221523724 -1 0 0
792.2790001496784 449.9278551115103 -1 0 0
804.3706032031135 447.36296961532713 -1 0 0
802.5385421344113 437.8362520580752 -1 0 0
802.5385421344113 430.14159556952563 -1 0 0
793.0118245771594 435.271366561892 -1 0 0
794.4774734321211 426.11106121838054 -1 0 0
786.7828169435716 428.67594671456374 -1 0 0
786.0499925160907 433.8057177069302 -1 0 0
816.0957940428082 463.4851070199073 -1 0 0
817.9278551115104 449.9278551115103 -1 0 0
835.149229157312 453.5919772489149 -1 0 0
838.0805268672357 443.69884747792247 -1 0 0
827.4545726687625 439.6683131267775 -1 0 0
814.6301451878463 436.00419098937294 -1 0 0
809.8667864092205 437.8362520580752 -1 0 0
812.0652596916632 418.41640472983096 -1 0 0
817.9278551115104 421.7141146534951 -1 0 0
821.2255650351746 432.70648106570883 -1 0 0
835.882053584793 431.240832210747 -1 0 0
842.4774734321211 427.9431222870828 -1 0 0
826.7217482412815 414.75228259242635 -1 0 0
834.7828169435716 408.5232749588386 -1 0 0
847.9736566382281 406.69121389013634 -1 0 0
845.0423589283043 415.1186948061668 -1 0 0
853.8362520580754 409.9889238138004 -1 0 0
841.3782367908998 409.9889238138004 -1 0 0
865.1950306840296 406.32480167639585 -1 0 0
858.5996108367013 409.9889238138004 -1 0 0
861.530908546625 409.9889238138004 -1 0 0
875.8209848825029 408.5232749588386 -1 0 0
888.6454123634189 407.4240383176172 -1 0 0
832.3095345008234 424.18739709624316 -1 0 0
854.4774734321211 420.70648106570883 -1 0 0
861.6225116000601 431.6988474779225 -1 0 0
876.2790001496784 422.7217482412813 -1 0 0
882.1415955695256 420.34006885196834 -1 0 0
882.5080077832663 408.98129022601415 -1 0 0
894.0499925160906 408.98129022601415 -1 0 0
906.5080077832661 405.68358030235 -1 0 0
899.3629696153272 409.5309085466248 -1 0 0
899.179763508457 421.8057177069302 -1 0 0
895.3324352641822 426.93548869929657 -1 0 0
880.675946714564 430.78281694357133 -1 0 0
868.4011375542585 421.62251160005997 -1 0 0
855.5767100733425 441.9583894626553 -1 0 0
849.3477024397547 430.0499925160904 -1 0 0
850.4469390809761 457.3477024397546 -1 0 0
866.9354886992968 446.1721299206706 -1 0 0
875.3629696153272 443.240832210747 -1 0 0
872.9812902260143 431.3324352641821 -1 0 0
896.798084119144 444.52327495883856 -1 0 0
908.1568627450984 439.7599161802126 -1 0 0
908.706481065709 430.96602305044166 -1 0 0
888.3706032031135 444.52327495883856 -1 0 0
895.3324352641822 461.1950306840294 -1 0 0
866.385870378686 463.5767100733424 -1 0 0
897.1644963328845 436.095794042808 -1 0 0
756.7980841191439 533.2866337374645 -1 0 0
834.477473432121 479.7904505313576 -1 0 0
846.2026642718157 490.0499925160904 -1 0 0
828.6148780122737 544.2790001496783 -1 0 0
872.5843436611286 485.65304595120494 -1 0 0
951.7293818290676 446.0805268672355 -1 0 0
786.8438856458614 568.4622062565485 -1 0 0
962.0805268672354 441.40877114204466 -1 0 0
949.2560993863194 435.17976350845686 -1 0 0
974.9049543481515 442.508007783266 -1 0 0
256.4011375542584 738.1110612183805 -1 0 0
77.39162797986333 716.6243952126304 -1 0 0
426.22679281502803 396.4325870208223 -1 0 0
498.34667293490816 403.081937670173 -1 0 0
496.8122074004426 395.40960999784534 -1 0 0
507.04197763021284 398.99002957826485 -1 0 0
507.55346614170134 396.4325870208223 -1 0 0
503.97304656128176 397.96705255528786 -1 0 0
476.35266694090217 402.5704491586844 -1 0 0
476.8641554523907 407.17384576208104 -1 0 0
521.8751444633797 395.9210985093338 -1 0 0
518.8062133944486 407.17384576208104 -1 0 0
524.9440755323108 410.24277683101207 -1 0 0
