30.673606215595967 563.0780399274048 -1 0 0
105.3183543069701 515.8030328028678 -1 0 0
201.1124476909001 457.3313134646248 -1 0 0
222.26179298345605 393.8832775869569 -1 0 0
209.82100163489375 529.4879032862865 -1 0 0
272.0249583777055 524.5115867468616 -1 0 0
361.59865608735436 544.4168529045612 -1 0 0
350.40194387364824 485.9451335663182 -1 0 0
515.8644688095274 535.7082989605677 -1 0 0
504.6677565958213 489.6773709708869 -1 0 0
560.6513176643517 509.5826371285866 -1 0 0
541.9901306415082 489.6773709708869 -1 0 0
627.8315909465884 523.2675076120051 -1 0 0
612.9026413283136 472.26026308289966 -1 0 0
641.516461430007 632.7464714793539 -1 0 0
778.3651662641928 568.0543564668296 -1 0 0
708.6967347122438 544.4168529045612 -1 0 0
853.0099143555667 641.4550254233475 -1 0 0
865.4507057041293 575.518831275967 -1 0 0
853.0099143555667 528.2438241514302 -1 0 0
957.5125616834905 495.897766645168 -1 0 0
1013.496122752021 466.0398674086185 -1 0 0
1013.496122752021 524.5115867468616 -1 0 0
902.7730797498162 509.5826371285866 -1 0 0
803.2467489613174 466.0398674086185 -1 0 0
768.4125331853429 474.7484213526121 -1 0 0
741.0427922185058 509.5826371285866 -1 0 0
687.5473894196876 500.874083184593 -1 0 0
540.7460515066521 483.4569752966058 -1 0 0
451.1723537970032 489.6773709708869 -1 0 0
437.4874833135846 502.11816231944925 -1 0 0
422.55853369530985 489.6773709708869 -1 0 0
61.77558458700184 518.2911910725802 -1 0 0
82.9249298795578 487.1892127011744 -1 0 0
115.27098738581995 454.84315519491236 -1 0 0
588.021058631189 457.3313134646248 -1 0 0
563.1394759340642 457.3313134646248 -1 0 0
568.1157924734891 449.8668386554874 -1 0 0
581.8006629569078 437.4260473069251 -1 0 0
525.8171018883772 446.1346012509187 -1 0 0
518.3526270792398 420.00893941893776 -1 0 0
295.0404223725457 460.44151130176544 -1 0 0
315.5677280976735 449.2447990880593 -1 0 0
308.10325328853617 443.02440341377815 -1 0 0
335.47299425537335 464.79578827376224 -1 0 0
346.6697064690794 453.5990760600562 -1 0 0
370.3072100313479 475.99250048746836 -1 0 0
369.6851704639198 460.44151130176544 -1 0 0
388.96839705419137 450.4888782229156 -1 0 0
377.14964527305716 436.80400773949697 -1 0 0
405.1414258073225 430.5836120652158 -1 0 0
400.78714883532564 424.36321639093467 -1 0 0
420.69241499302535 444.2684825486344 -1 0 0
438.7315624484408 434.93788903721264 -1 0 0
411.3618214816036 425.6072955257909 -1 0 0
427.53485023473473 413.16650417722855 -1 0 0
390.8345157564758 406.9461085029474 -1 0 0
433.75524590901585 474.7484213526121 -1 0 0
422.55853369530973 466.0398674086185 -1 0 0
455.52663076899995 445.5125616834906 -1 0 0
470.4555803872748 416.89874158179725 -1 0 0
446.1960372575782 403.83591066580675 -1 0 0
459.25886817356866 393.8832775869569 -1 0 0
482.274332168409 393.8832775869569 -1 0 0
486.62860914040573 404.4579502332349 -1 0 0
476.0539364941278 464.79578827376224 -1 0 0
494.0930839495432 462.9296695714779 -1 0 0
543.2342097763645 483.4569752966058 -1 0 0
554.4309219900706 408.8122272052317 -1 0 0
551.9427637203581 400.72571282866613 -1 0 0
527.0611810232334 386.4188027778195 -1 0 0
518.3526270792398 400.72571282866613 -1 0 0
540.7460515066521 377.71024883382586 -1 0 0
565.6276342037767 383.3086049406789 -1 0 0
574.9582277151985 388.2849214801038 -1 0 0
586.7769794963327 390.7730797498163 -1 0 0
576.2023068500547 402.5918315309505 -1 0 0
592.3753356031857 400.10367326123804 -1 0 0
592.3753356031857 414.4105833120848 -1 0 0
603.5720478168919 391.39511931724445 -1 0 0
613.5246808957417 385.1747236429633 -1 0 0
629.0756700814446 382.6865653732508 -1 0 0
645.8707384020039 387.66288191267574 -1 0 0
653.9572527785693 402.5918315309505 -1 0 0
650.2250153740006 413.16650417722855 -1 0 0
670.7523210991285 412.5444646098004 -1 0 0
660.1776484528506 435.55992860464073 -1 0 0
648.9809362391444 428.71749336293146 -1 0 0
635.2960657557259 443.64644298120623 -1 0 0
624.721393109448 416.89874158179725 -1 0 0
610.4144830586011 424.36321639093467 -1 0 0
617.2569183003104 416.89874158179725 -1 0 0
604.19408738432 411.30038547494416 -1 0 0
599.2177708448951 434.3158494697845 -1 0 0
602.3279686820356 444.2684825486344 -1 0 0
646.4927779694319 465.4178278411904 -1 0 0
670.7523210991285 475.99250048746836 -1 0 0
665.1539649922755 485.3230939988901 -1 0 0
686.3033102848315 476.61454005489645 -1 0 0
701.8542994705344 495.27572707774004 -1 0 0
724.8697634653747 486.5671731337464 -1 0 0
719.2714073585217 500.8740831845931 -1 0 0
703.7204181728188 480.9688170268933 -1 0 0
263.0053846499977 409.4342667726598 -1 0 0
278.8673936194147 410.05630634008793 -1 0 0
269.847819891707 378.33228840125395 -1 0 0
257.0960087594306 376.46616969896957 -1 0 0
262.38334508256963 360.9151805132667 -1 0 0
255.22989005714624 359.9821211621245 -1 0 0
287.88696734712244 365.5804772689776 -1 0 0
293.48532345397547 364.3363981341213 -1 0 0
302.19387739796906 373.355971861829 -1 0 0
313.7016093953893 367.1355761875478 -1 0 0
308.41427307225024 360.6041607295526 -1 0 0
317.12282701624395 375.8441301315415 -1 0 0
325.52036117652347 369.9347542409743 -1 0 0
329.2525985810922 365.2694574852635 -1 0 0
321.47710398824074 363.4033387829791 -1 0 0
334.53993490423125 358.42702224355423 -1 0 0
339.5162514436562 361.2262002969807 -1 0 0
345.42562733422324 364.64741791783536 -1 0 0
355.067240629359 363.4033387829791 -1 0 0
347.60276582022163 371.80087294325875 -1 0 0
289.75308604940676 378.643308184968 -1 0 0
297.52858064225825 413.78854374465664 -1 0 0
307.4812137211081 424.36321639093467 -1 0 0
329.8746381485203 404.14693044952077 -1 0 0
344.80358776679515 410.98936569123015 -1 0 0
337.9611525250859 386.10778299410543 -1 0 0
359.7325373850699 386.10778299410543 -1 0 0
343.5595086319389 425.2962757420768 -1 0 0
353.8231614945028 441.7803242789219 -1 0 0
363.77579457335275 423.74117682350646 -1 0 0
369.6851704639198 406.9461085029473 -1 0 0
374.9725067870589 397.92653477523965 -1 0 0
369.99619024763393 388.2849214801038 -1 0 0
380.881882677626 388.2849214801038 -1 0 0
371.5512891662042 379.2653477523961 -1 0 0
387.10227835190716 379.2653477523961 -1 0 0
394.5667531610446 375.53311034782746 -1 0 0
392.0785948913321 362.1592596481229 -1 0 0
373.41740786848845 368.6906751061181 -1 0 0
363.4647747896386 369.3127146735463 -1 0 0
361.2876363036403 360.9151805132667 -1 0 0
378.7047441916276 362.1592596481229 -1 0 0
374.6614870033447 359.04906181098227 -1 0 0
375.2835265707729 356.87192332498387 -1 0 0
383.0590211636243 354.0727452715573 -1 0 0
395.1887927284726 357.493962892412 -1 0 0
395.81083229590075 355.93886397384176 -1 0 0
410.1177423467475 362.78129921555103 -1 0 0
406.07448515846465 355.93886397384176 -1 0 0
411.3618214816037 391.39511931724445 -1 0 0
428.778929369591 375.8441301315415 -1 0 0
429.7119887207332 360.2931409458385 -1 0 0
438.42054266472684 352.20662656927306 -1 0 0
407.6295840770349 376.1551499152555 -1 0 0
439.9756415832971 380.8204466709664 -1 0 0
443.3968592041518 368.37965532240406 -1 0 0
441.84176028558136 360.2931409458385 -1 0 0
447.12909660872043 359.67110137841047 -1 0 0
432.82218655787375 398.2375545589537 -1 0 0
442.46379985300956 390.46205996610223 -1 0 0
455.68214066085704 389.52900061496 -1 0 0
447.9066460680056 378.02126861753993 -1 0 0
451.9499032562884 355.78335408198467 -1 0 0
455.52663076900006 340.0768550044248 -1 0 0
463.4576352537085 360.7596706214096 -1 0 0
457.5482593631414 363.09231899926505 -1 0 0
458.01478903871254 370.09026413283135 -1 0 0
467.96742211756236 364.1808882422643 -1 0 0
474.0323078999865 358.89355191912523 -1 0 0
473.2547584407014 353.91723537970034 -1 0 0
476.831485953413 352.8286661367011 -1 0 0
482.74086184398016 355.00580462269954 -1 0 0
480.2527035742677 357.64947278426905 -1 0 0
492.38247513911597 354.22825516341436 -1 0 0
483.6739211951224 365.4249673771205 -1 0 0
483.9849409788364 359.9821211621245 -1 0 0
473.2547584407014 378.95432796868204 -1 0 0
476.675976061556 370.24577402468844 -1 0 0
464.3906946048507 375.37760045597037 -1 0 0
475.27638703484274 389.8400203986741 -1 0 0
477.2980156289841 384.8637038592492 -1 0 0
493.0045147065441 375.8441301315415 -1 0 0
496.8922620029698 362.00374975626585 -1 0 0
489.42778719383244 365.2694574852635 -1 0 0
503.2681675691081 357.493962892412 -1 0 0
507.7779544329619 353.91723537970034 -1 0 0
496.7367521111128 401.81428207166533 -1 0 0
507.7779544329619 376.46616969896957 -1 0 0
507.93346432481894 365.73598716083455 -1 0 0
512.5987610805298 364.02537835040727 -1 0 0
525.5060821046632 361.3817101888377 -1 0 0
523.795473294236 353.45070570412923 -1 0 0
530.6379085359451 366.35802672826264 -1 0 0
520.2187457815243 372.5784224025439 -1 0 0
513.220800647958 391.70613910095847 -1 0 0
515.3979391339564 381.9090159139656 -1 0 0
506.37836540624863 404.3024403413778 -1 0 0
528.6162799418038 375.37760045597037 -1 0 0
526.7501612395195 370.09026413283135 -1 0 0
539.968502047367 364.1808882422643 -1 0 0
538.2578932369396 348.9409188402754 -1 0 0
543.0786998845076 348.31887927284725 -1 0 0
550.2321549099308 346.60827046241997 -1 0 0
545.5668581542201 400.72571282866613 -1 0 0
533.1260668056576 398.54857434266773 -1 0 0
548.2105263157896 406.01304915180515 -1 0 0
527.3722008069476 393.2612380195287 -1 0 0
670.2857914235576 390.92858964167334 -1 0 0
664.2209056411334 374.4445411048282 -1 0 0
656.289901156425 372.26740261882986 -1 0 0
660.6441781284218 396.37143585666934 -1 0 0
637.9397339172955 371.95638283511573 -1 0 0
629.0756700814447 365.7359871608346 -1 0 0
625.1879227850192 369.3127146735463 -1 0 0
620.3671161374513 374.9110707803993 -1 0 0
612.7471314364567 362.1592596481229 -1 0 0
605.7491863028904 373.6669916455431 -1 0 0
603.1055181413209 365.4249673771206 -1 0 0
589.5761575497594 368.69067510611814 -1 0 0
594.0859444136132 362.3147695399799 -1 0 0
593.308394954328 380.8204466709665 -1 0 0
581.4896431731939 378.332288401254 -1 0 0
576.97985630934 366.51353662011974 -1 0 0
570.4484408513448 363.24782889112214 -1 0 0
567.4937529060612 369.7792443491174 -1 0 0
560.3402978806379 367.1355761875478 -1 0 0
554.8974516656418 362.625789323694 -1 0 0
687.8584092034018 378.02126861753993 -1 0 0
686.9253498522596 370.24577402468844 -1 0 0
701.8542994705346 372.11189272697277 -1 0 0
714.6061106028109 371.8008729432587 -1 0 0
725.491803032803 383.930644508107 -1 0 0
738.5546339487935 373.9780114292571 -1 0 0
728.9130206536577 409.74528655637386 -1 0 0
694.0788048776831 404.4579502332349 -1 0 0
701.8542994705346 399.1706139100959 -1 0 0
685.6812707174034 393.5722578032428 -1 0 0
685.0592311499754 407.56814807037546 -1 0 0
724.8697634653748 422.49709768865023 -1 0 0
762.8141770784899 446.44562103463284 -1 0 0
780.5423047501913 443.02440341377815 -1 0 0
772.1447705899118 435.55992860464073 -1 0 0
780.5423047501913 433.38279011864233 -1 0 0
843.0572812767172 487.8112522686025 -1 0 0
887.2220905641134 497.7638853474524 -1 0 0
