31.406172839506098 340.48024691358023 -1 0 0
94.41851851851857 333.60617283950614 -1 0 0
56.0382716049383 286.6333333333333 -1 0 0
116.7592592592593 278.0407407407407 -1 0 0
6.774074074074122 256.27283950617283 -1 0 0
78.37901234567903 243.09753086419752 -1 0 0
159.1493827160494 238.5148148148148 -1 0 0
128.7888888888889 212.73703703703703 -1 0 0
106.44814814814816 192.1148148148148 -1 0 0
57.18395061728398 198.98888888888888 -1 0 0
51.45555555555558 171.4925925925926 -1 0 0
6.774074074074122 159.46296296296293 -1 0 0
13.64814814814821 116.5 -1 0 0
46.30000000000001 92.4407407407407 -1 0 0
46.87283950617285 123.37407407407403 -1 0 0
82.96172839506175 119.93703703703704 -1 0 0
103.01111111111112 129.67530864197528 -1 0 0
101.2925925925926 97.59629629629626 -1 0 0
144.82839506172843 109.62592592592591 -1 0 0
156.85802469135803 143.9962962962963 -1 0 0
155.71234567901234 186.3864197530864 -1 0 0
160.8679012345679 331.8876543209876 -1 0 0
183.78148148148148 287.20617283950617 -1 0 0
223.30740740740742 338.18888888888887 -1 0 0
233.61851851851856 287.20617283950617 -1 0 0
307.51481481481477 289.49753086419753 -1 0 0
280.5913580246914 341.0530864197531 -1 0 0
344.7493827160494 349.07283950617284 -1 0 0
364.2259259259259 312.98395061728394 -1 0 0
354.4876543209876 256.84567901234567 -1 0 0
287.46543209876546 235.07777777777775 -1 0 0
215.28765432098766 246.53456790123454 -1 0 0
205.54938271604937 189.82345679012343 -1 0 0
257.67777777777775 204.7172839506173 -1 0 0
322.98148148148147 207.0086419753086 -1 0 0
362.50740740740736 175.50246913580247 -1 0 0
307.51481481481477 164.6185185185185 -1 0 0
251.3765432098765 167.4827160493827 -1 0 0
203.258024691358 157.17160493827157 -1 0 0
190.65555555555557 127.38395061728392 -1 0 0
222.16172839506174 101.60617283950614 -1 0 0
267.41604938271604 117.07283950617284 -1 0 0
310.9518518518518 119.3641975308642 -1 0 0
341.31234567901237 129.67530864197528 -1 0 0
361.9345679012345 121.08271604938273 -1 0 0
262.2604938271605 82.12962962962962 -1 0 0
18.25123456790122 67.59382716049382 -1 0 0
49.18456790123456 35.3716049382716 -1 0 0
92.1475308641975 40.813580246913574 -1 0 0
97.2962962962963 67.66543209876542 -1 0 0
143.98271604938273 65.37407407407406 -1 0 0
149.5679012345679 35.65802469135802 -1 0 0
198.83209876543208 40.813580246913574 -1 0 0
190.38271604938268 69.31234567901234 -1 0 0
204.7753086419753 18.36543209876544 -1 0 0
39.41049382716048 9.253703703703707 -1 0 0
125.07901234567902 19.51111111111112 -1 0 0
280.8641975308642 71.10246913580247 -1 0 0
227.5901234567901 57.92716049382716 -1 0 0
303.7777777777778 49.62098765432097 -1 0 0
317.5259259259259 76.25802469135803 -1 0 0
350.1777777777778 77.97654320987652 -1 0 0
346.45432098765434 56.20864197530864 -1 0 0
337.2820987654321 36.946913580246914 -1 0 0
301.766049382716 20.764197530864195 -1 0 0
251.8061728395062 27.924691358024717 -1 0 0
260.6851851851852 41.959259259259284 -1 0 0
203.97407407407408 19.761728395061752 -1 0 0
221.01604938271606 22.196296296296325 -1 0 0
66.32457293035479 5.949408672798953 -1 0 0
334.88239159001307 8.121550591327264 -1 0 0
252.5696452036793 4.463206307490225 -1 0 0
215.37647831800257 5.682654402102571 -1 0 0
1.973061760841006 47.143889618922515 -1 0 0
