139.0133866133867 407.0653346653348 -1 0 0
168.67972027972039 391.7206793206794 -1 0 0
189.13926073926078 384.55984015984023 -1 0 0
258.70169830169834 425.47892107892113 -1 0 0
216.75964035964046 290.4459540459541 -1 0 0
189.13926073926078 274.07832167832174 -1 0 0
146.17422577422585 245.43496503496513 -1 0 0
150.26613386613394 158.48191808191825 -1 0 0
140.0363636363637 139.04535464535476 -1 0 0
250.51788211788218 276.1242757242758 -1 0 0
258.70169830169834 184.05634365634376 -1 0 0
328.26413586413594 282.26213786213793 -1 0 0
345.6547452547453 360.00839160839166 -1 0 0
382.48191808191814 433.6627372627373 -1 0 0
436.6997002997004 382.5138861138862 -1 0 0
420.332067932068 328.29610389610394 -1 0 0
381.45894105894115 265.8945054945056 -1 0 0
344.6317682317683 245.43496503496513 -1 0 0
340.53986013986014 182.01038961038972 -1 0 0
416.2401598401599 165.6427572427573 -1 0 0
496.03236763236765 164.61978021978032 -1 0 0
454.09030969030977 302.7216783216783 -1 0 0
459.2051948051948 282.26213786213793 -1 0 0
521.6067932067932 326.2501498501499 -1 0 0
580.9394605394606 351.8245754245756 -1 0 0
604.4679320679321 364.10029970029973 -1 0 0
586.0543456543458 477.65074925074936 -1 0 0
569.6867132867134 490.9494505494506 -1 0 0
696.5358641358642 497.08731268731276 -1 0 0
733.363036963037 334.4339660339661 -1 0 0
738.4779220779221 257.7106893106894 -1 0 0
595.2611388611389 286.354045954046 -1 0 0
491.94045954045964 126.76963036963043 -1 0 0
459.2051948051948 125.74665334665343 -1 0 0
382.48191808191814 101.19520479520489 -1 0 0
278.13826173826186 84.82757242757252 -1 0 0
475.57282717282715 85.85054945054954 -1 0 0
527.7446553446555 81.7586413586414 -1 0 0
514.4459540459541 101.19520479520489 -1 0 0
