256.87647058823535 278.38235294117646 -1 0 0
276.4529411764706 267.8411764705882 -1 0 0
259.8882352941177 222.6647058823529 -1 0 0
280.2176470588235 205.3470588235294 -1 0 0
352.49999999999994 250.52352941176468 -1 0 0
344.9705882352941 224.17058823529405 -1 0 0
364.5470588235294 201.58235294117642 -1 0 0
416.49999999999994 254.2882352941176 -1 0 0
430.05294117647054 266.33529411764704 -1 0 0
506.09999999999997 270.85294117647055 -1 0 0
532.4529411764706 273.1117647058823 -1 0 0
491.0411764705882 354.42941176470583 -1 0 0
187.6058823529412 358.19411764705876 -1 0 0
95.7470588235294 324.3117647058823 -1 0 0
8.405882352941177 328.0764705882353 -1 0 0
84.45294117647056 218.89999999999998 -1 0 0
118.33529411764702 233.20588235294116 -1 0 0
183.08823529411762 250.52352941176468 -1 0 0
196.64117647058822 231.69999999999996 -1 0 0
210.19411764705882 200.07647058823525 -1 0 0
221.48823529411766 184.2647058823529 -1 0 0
547.5117647058823 224.17058823529405 -1 0 0
537.7235294117647 233.95882352941175 -1 0 0
571.6058823529412 185.77058823529407 -1 0 0
541.4882352941177 184.2647058823529 -1 0 0
634.1 193.29999999999995 -1 0 0
622.8058823529411 136.82941176470584 -1 0 0
597.9588235294118 126.28823529411761 -1 0 0
623.5588235294117 118.75882352941174 -1 0 0
591.1823529411764 74.33529411764704 -1 0 0
567.0882352941177 121.01764705882348 -1 0 0
542.2411764705882 112.73529411764702 -1 0 0
522.6647058823529 109.72352941176469 -1 0 0
542.2411764705882 94.66470588235285 -1 0 0
535.464705882353 144.35882352941172 -1 0 0
524.1705882352941 162.42941176470583 -1 0 0
516.6411764705882 144.35882352941172 -1 0 0
508.3588235294117 158.6647058823529 -1 0 0
498.5705882352941 139.08823529411762 -1 0 0
485.770588235294 133.8176470588235 -1 0 0
501.5823529411765 110.47647058823524 -1 0 0
485.770588235294 94.66470588235285 -1 0 0
462.4294117647058 181.25294117647056 -1 0 0
451.135294117647 186.52352941176463 -1 0 0
427.0411764705881 139.8411764705882 -1 0 0
454.8999999999999 157.15882352941173 -1 0 0
439.8411764705882 123.27647058823527 -1 0 0
453.39411764705875 128.54705882352937 -1 0 0
471.4647058823529 120.2647058823529 -1 0 0
454.1470588235294 83.37058823529406 -1 0 0
474.4764705882352 81.11176470588231 -1 0 0
488.7823529411764 81.11176470588231 -1 0 0
520.4058823529411 81.11176470588231 -1 0 0
507.6058823529411 60.0294117647058 -1 0 0
520.4058823529411 60.0294117647058 -1 0 0
593.4411764705882 60.0294117647058 -1 0 0
470.7117647058823 39.69999999999993 -1 0 0
494.0529411764705 32.92352941176466 -1 0 0
396.17058823529413 154.89999999999995 -1 0 0
380.3588235294118 165.4411764705882 -1 0 0
367.5588235294117 171.4647058823529 -1 0 0
342.71176470588233 175.22941176470584 -1 0 0
293.77058823529404 157.91176470588232 -1 0 0
280.9705882352941 160.17058823529408 -1 0 0
186.10000000000002 169.95882352941172 -1 0 0
209.44117647058823 175.22941176470584 -1 0 0
235.0411764705882 145.1117647058823 -1 0 0
261.39411764705886 136.07647058823525 -1 0 0
248.5941176470588 136.07647058823525 -1 0 0
216.9705882352941 139.08823529411762 -1 0 0
324.64117647058816 142.09999999999997 -1 0 0
344.9705882352941 131.55882352941174 -1 0 0
366.8058823529412 121.7705882352941 -1 0 0
378.8529411764705 131.55882352941174 -1 0 0
400.6882352941176 118.75882352941174 -1 0 0
387.88823529411764 114.99411764705881 -1 0 0
414.9941176470588 110.47647058823524 -1 0 0
317.1117647058823 104.45294117647052 -1 0 0
55.841176470588245 168.45294117647055 -1 0 0
88.21764705882354 163.93529411764703 -1 0 0
125.86470588235292 168.45294117647055 -1 0 0
139.41764705882355 177.4882352941176 -1 0 0
37.770588235294134 200.07647058823525 -1 0 0
6.900000000000007 188.02941176470583 -1 0 0
27.982352941176458 150.38235294117644 -1 0 0
16.68823529411765 131.55882352941174 -1 0 0
43.04117647058823 123.27647058823527 -1 0 0
81.44117647058822 134.57058823529408 -1 0 0
92.73529411764704 108.2176470588235 -1 0 0
113.81764705882351 106.71176470588232 -1 0 0
125.11176470588235 104.45294117647052 -1 0 0
136.4058823529412 99.935294117647 -1 0 0
143.93529411764706 99.18235294117643 -1 0 0
147.7 134.57058823529408 -1 0 0
155.9823529411765 149.62941176470585 -1 0 0
168.02941176470586 130.80588235294115 -1 0 0
198.89999999999998 117.25294117647056 -1 0 0
190.61764705882354 102.19411764705876 -1 0 0
207.18235294117648 84.12352941176465 -1 0 0
158.99411764705883 71.32352941176464 -1 0 0
152.2176470588235 72.82941176470581 -1 0 0
174.80588235294118 72.82941176470581 -1 0 0
230.52352941176468 83.37058823529406 -1 0 0
228.26470588235293 70.57058823529405 -1 0 0
244.07647058823528 64.54705882352937 -1 0 0
240.31176470588235 109.72352941176469 -1 0 0
252.35882352941172 105.20588235294116 -1 0 0
265.1588235294118 109.72352941176469 -1 0 0
300.5470588235294 105.95882352941176 -1 0 0
378.28823529411767 201.5823529411764 -1 0 0
363.2294117647059 67.15882352941176 -1 0 0
347.04117647058825 69.79411764705883 -1 0 0
348.5470588235294 78.82941176470588 -1 0 0
341.7705882352941 79.58235294117647 -1 0 0
368.8764705882353 81.84117647058824 -1 0 0
449.44117647058823 43.817647058823525 -1 0 0
440.0294117647059 64.89999999999999 -1 0 0
577.8176470588236 56.61764705882352 -1 0 0
545.8176470588236 47.95882352941175 -1 0 0
333.11176470588236 27.62941176470588 -1 0 0
370.75882352941176 21.982352941176458 -1 0 0
387.7 22.735294117647044 -1 0 0
323.3235294117647 42.688235294117646 -1 0 0
350.4294117647059 47.58235294117645 -1 0 0
328.97058823529414 73.93529411764706 -1 0 0
331.2294117647059 59.62941176470588 -1 0 0
385.44117647058823 59.62941176470588 -1 0 0
373.77058823529416 106.68823529411765 -1 0 0
351.1823529411765 99.53529411764706 -1 0 0
336.5 122.12352941176471 -1 0 0
106.4764705882353 75.06470588235294 -1 0 0
126.05294117647061 83.7235294117647 -1 0 0
251.04117647058825 41.93529411764706 -1 0 0
309.39411764705886 56.24117647058822 -1 0 0
321.4411764705883 69.79411764705883 -1 0 0
350.42941176470595 38.170588235294105 -1 0 0
345.15882352941185 9.182352941176475 -1 0 0
304.50000000000006 51.347058823529416 -1 0 0
313.53529411764714 49.088235294117624 -1 0 0
301.4882352941177 49.841176470588216 -1 0 0
195.70000000000005 77.7 -1 0 0
260.8294117647059 35.91176470588235 -1 0 0
119.27647058823531 49.841176470588216 -1 0 0
113.2529411764706 49.841176470588216 -1 0 0
127.93529411764708 48.33529411764704 -1 0 0
147.5117647058824 55.86470588235294 -1 0 0
159.93529411764706 56.61764705882352 -1 0 0
134.3352941176471 111.58235294117648 -1 0 0
307.5117647058824 116.85294117647058 -1 0 0
332.35882352941184 152.61764705882354 -1 0 0
283.98235294117643 84.12352941176465 -1 0 0
277.95882352941175 67.55882352941171 -1 0 0
265.1588235294118 65.29999999999995 -1 0 0
288.49999999999994 70.57058823529405 -1 0 0
78.42941176470588 127.0411764705882 -1 0 0
76.9235294117647 110.47647058823524 -1 0 0
134.89999999999998 57.01764705882345 -1 0 0
142.4294117647059 88.64117647058816 -1 0 0
414.2411764705882 68.3117647058823 -1 0 0
248.02941176470586 83.7235294117647 -1 0 0
386.5705882352941 98.40588235294118 -1 0 0
603.2294117647059 85.62941176470582 -1 0 0
428.54705882352937 55.511764705882285 -1 0 0
340.4529411764706 42.71176470588233 -1 0 0
34.00588235294115 325.81764705882347 -1 0 0
55.08823529411766 35.935294117647004 -1 0 0
49.06470588235291 23.135294117646993 -1 0 0
14.429411764705893 96.170588235294 -1 0 0
180.07647058823528 104.45294117647052 -1 0 0
218.47647058823526 121.7705882352941 -1 0 0
88.97058823529412 33.67647058823525 -1 0 0
101.77058823529408 36.68823529411759 -1 0 0
312.1883116883116 23.217282717282842 -1 0 0
326.25424575424563 14.266233766233881 -1 0 0
307.71278721278713 82.03846153846166 -1 0 0
