117.88449240607518 481.85291766586715 -1 0 0
52.70783373301365 511.780975219824 -1 0 0
81.970823341327 459.9056754596321 -1 0 0
107.24340527577941 441.2837729816145 -1 0 0
81.970823341327 392.06874500399664 -1 0 0
61.35371702637896 389.4084732214227 -1 0 0
44.06195043964835 364.13589128697026 -1 0 0
233.60631494804156 467.88649080735394 -1 0 0
249.56794564348525 429.9776179056753 -1 0 0
179.73581135091933 392.06874500399664 -1 0 0
118.54956035171868 365.4660271782573 -1 0 0
-20.449640287769714 316.2509992006393 -1 0 0
281.4912070343725 360.8105515587529 -1 0 0
274.84052757793773 338.19824140687433 -1 0 0
330.7062350119905 369.45643485211815 -1 0 0
318.0699440447642 446.60431654676245 -1 0 0
282.8213429256595 491.1638689048759 -1 0 0
242.25219824140692 509.78577138289353 -1 0 0
157.12350119904085 514.4412470023979 -1 0 0
170.4248601119105 543.7042366107112 -1 0 0
433.1266986410871 538.3836930455633 -1 0 0
419.160271782574 504.46522781774564 -1 0 0
376.59592326139085 469.88169464428444 -1 0 0
430.4664268585132 427.9824140687448 -1 0 0
423.1506794564349 420.001598721023 -1 0 0
382.58153477218224 364.80095923261376 -1 0 0
431.7965627498001 370.12150279776165 -1 0 0
470.37050359712237 376.7721822541964 -1 0 0
481.0115907274181 461.9008792965626 -1 0 0
445.0979216626698 479.19264588329315 -1 0 0
500.9636290967226 437.2933653077536 -1 0 0
531.556754596323 378.1023181454834 -1 0 0
633.3121502797761 370.12150279776165 -1 0 0
672.5511590727418 438.6235011990406 -1 0 0
719.1059152677857 481.18784972022365 -1 0 0
614.6902478017586 488.503597122302 -1 0 0
572.1258992805755 475.86730615507577 -1 0 0
558.1594724220623 522.4220623501197 -1 0 0
-60.35371702637882 339.52837729816133 -1 0 0
24.941247002398104 305.7761790567543 -1 0 0
53.871702637889705 312.09432454036744 -1 0 0
53.206634692246226 276.84572342126273 -1 0 0
79.4768185451639 305.7761790567543 -1 0 0
109.73741007194246 310.43165467625874 -1 0 0
116.05555555555556 297.4628297362108 -1 0 0
103.41926458832936 285.4916067146281 -1 0 0
116.38808952837734 283.8289368505193 -1 0 0
121.70863309352521 294.80255795363684 -1 0 0
129.02438049560354 283.8289368505193 -1 0 0
113.39528377298163 272.19024780175835 -1 0 0
91.11550759392489 262.54676258992777 -1 0 0
-50.87649880095919 275.51558752997573 -1 0 0
75.48641087130298 267.20223820943215 -1 0 0
55.86690647482018 259.2214228617104 -1 0 0
51.87649880095926 252.23820943245377 -1 0 0
40.23780975219827 252.90327737809727 -1 0 0
22.94604316546766 259.2214228617104 -1 0 0
33.25459632294167 240.59952038369278 -1 0 0
31.9244604316547 283.1638689048758 -1 0 0
143.32334132693845 278.8409272581932 -1 0 0
144.9860111910472 316.4172661870501 -1 0 0
163.9404476418865 306.4412470023978 -1 0 0
160.6151079136691 284.1614708233411 -1 0 0
186.55275779376498 264.20943245403646 -1 0 0
169.26099120703438 279.1734612310149 -1 0 0
184.2250199840128 294.80255795363684 -1 0 0
143.98840927258195 259.2214228617104 -1 0 0
556.1642685851319 340.85851318944833 -1 0 0
525.5711430855316 336.203037569944 -1 0 0
528.896482813749 352.1646682653875 -1 0 0
542.8629096722622 352.1646682653875 -1 0 0
549.513589128697 337.53317346123083 -1 0 0
516.9252597921662 316.2509992006393 -1 0 0
480.3465227817745 320.9064748201438 -1 0 0
471.70063948840925 322.2366107114306 -1 0 0
462.38968824940036 331.54756195043944 -1 0 0
452.41366906474815 337.53317346123083 -1 0 0
429.8013589128698 316.2509992006393 -1 0 0
453.74380495603515 311.5955235811349 -1 0 0
443.7677857713828 324.23181454836117 -1 0 0
399.2082334132694 327.55715427657856 -1 0 0
419.82533972821744 336.203037569944 -1 0 0
513.5999200639488 333.54276578737 -1 0 0
505.61910471622707 360.1454836131094 -1 0 0
481.67665867306147 345.5139888089527 -1 0 0
532.2218225419664 314.2557953637089 -1 0 0
548.18345323741 319.5763389288568 -1 0 0
561.4848121502798 316.2509992006393 -1 0 0
569.4656274980016 330.21742605915256 -1 0 0
578.1115107913669 318.2462030375698 -1 0 0
592.0779376498801 350.83453237410066 -1 0 0
596.7334132693845 326.89208633093506 -1 0 0
603.3840927258193 323.56674660271767 -1 0 0
622.005995203837 358.1502797761789 -1 0 0
631.3169464428457 344.1838529176657 -1 0 0
709.1298960831334 368.79136690647465 -1 0 0
705.1394884092725 352.1646682653875 -1 0 0
741.7182254196642 359.4804156674659 -1 0 0
730.412070343725 359.4804156674659 -1 0 0
738.3928856914468 378.1023181454834 -1 0 0
757.0147881694644 356.1550759392485 -1 0 0
770.316147082334 378.1023181454834 -1 0 0
778.2969624300559 348.8393285371701 -1 0 0
794.2585931254995 395.3940847322141 -1 0 0
780.9572342126298 379.4324540367704 -1 0 0
840.8133493205435 330.21742605915256 -1 0 0
469.04036770583537 307.60511590727396 -1 0 0
480.3465227817745 299.6243005595522 -1 0 0
485.00199840127897 292.9736211031173 -1 0 0
495.64308553157474 292.9736211031173 -1 0 0
497.63828936850507 306.274980015987 -1 0 0
483.67186250999197 309.6003197442045 -1 0 0
534.8820943245404 296.96402877697824 -1 0 0
522.9108713029576 299.6243005595522 -1 0 0
510.93964828137496 297.62909672262174 -1 0 0
499.6334932054356 281.00239808153464 -1 0 0
516.2601918465228 283.6626698641085 -1 0 0
477.02118305355714 273.68665067945625 -1 0 0
459.06434852118304 279.67226219024764 -1 0 0
443.1027178257394 294.9688249400478 -1 0 0
427.1410871302958 290.9784172661869 -1 0 0
415.16986410871306 299.6243005595522 -1 0 0
410.51438848920867 292.9736211031173 -1 0 0
403.1986410871303 294.9688249400478 -1 0 0
405.1938449240608 306.9400479616305 -1 0 0
413.17466027178256 308.935251798561 -1 0 0
389.2322142286171 294.9688249400478 -1 0 0
383.91167066346924 302.2845723421261 -1 0 0
681.1970423661071 333.54276578737 -1 0 0
653.2641886490807 333.54276578737 -1 0 0
676.5415667466027 345.5139888089527 -1 0 0
697.1586730615508 319.5763389288568 -1 0 0
688.5127897681854 323.56674660271767 -1 0 0
711.7901678657074 325.5619504396482 -1 0 0
729.081934452438 322.2366107114306 -1 0 0
727.7517985611511 336.8681055155873 -1 0 0
748.3689048760991 337.53317346123083 -1 0 0
761.6702637889688 333.54276578737 -1 0 0
781.6223021582733 314.2557953637089 -1 0 0
792.2633892885691 313.5907274180654 -1 0 0
801.5743405275779 306.9400479616305 -1 0 0
796.9188649080735 295.6338928856913 -1 0 0
803.5695443645084 292.9736211031173 -1 0 0
782.9524380495603 292.9736211031173 -1 0 0
771.646282973621 297.62909672262174 -1 0 0
794.923661071143 285.657873701039 -1 0 0
782.2873701039168 302.9496402877696 -1 0 0
778.2969624300559 297.62909672262174 -1 0 0
757.0147881694644 304.94484412470007 -1 0 0
753.0243804956035 318.2462030375698 -1 0 0
766.3257394084732 319.5763389288568 -1 0 0
763.0003996802558 313.5907274180654 -1 0 0
742.3832933653077 316.9160671462828 -1 0 0
749.0339728217425 299.6243005595522 -1 0 0
738.3928856914468 293.6386890487608 -1 0 0
739.7230215827337 288.9832134292564 -1 0 0
750.3641087130295 290.3133493205434 -1 0 0
746.3737010391686 279.00719424460414 -1 0 0
806.2298161470823 320.9064748201438 -1 0 0
810.8852917665866 315.5859312549959 -1 0 0
810.2202238209431 307.60511590727396 -1 0 0
806.8948840927258 302.2845723421261 -1 0 0
812.8804956035171 294.9688249400478 -1 0 0
807.5599520383693 288.3181454836129 -1 0 0
812.8804956035171 282.997601918465 -1 0 0
806.8948840927258 277.0119904076737 -1 0 0
811.5503597122301 346.1790567545962 -1 0 0
790.2681854516386 336.203037569944 -1 0 0
814.2106314948041 360.1454836131094 -1 0 0
759.0099920063948 368.79136690647465 -1 0 0
724.4264588329336 284.32773780975197 -1 0 0
728.4168665067946 270.36131095123886 -1 0 0
723.0963229416467 264.3756994404475 -1 0 0
706.4696243005595 269.03117505995186 -1 0 0
724.4264588329336 296.96402877697824 -1 0 0
717.7757793764988 286.3229416466825 -1 0 0
713.1203037569944 292.9736211031173 -1 0 0
715.7805755395683 301.6195043964826 -1 0 0
723.7613908872901 306.9400479616305 -1 0 0
730.412070343725 310.9304556354915 -1 0 0
709.1298960831334 312.2605915267784 -1 0 0
703.1442845723421 296.96402877697824 -1 0 0
691.8381294964029 299.6243005595522 -1 0 0
684.5223820943245 281.00239808153464 -1 0 0
675.2114308553157 294.9688249400478 -1 0 0
671.8860911270983 325.5619504396482 -1 0 0
663.9052757793764 318.91127098321334 -1 0 0
653.2641886490807 308.935251798561 -1 0 0
639.2977617905675 318.2462030375698 -1 0 0
629.3217426059152 313.5907274180654 -1 0 0
631.9820143884892 337.53317346123083 -1 0 0
618.6806554756195 309.6003197442045 -1 0 0
606.7094324540368 310.9304556354915 -1 0 0
588.7525979216626 306.9400479616305 -1 0 0
570.7957633892886 306.9400479616305 -1 0 0
580.7717825739409 299.6243005595522 -1 0 0
633.3121502797761 296.96402877697824 -1 0 0
619.345723421263 262.38049560351703 -1 0 0
584.0971223021583 285.657873701039 -1 0 0
598.7286171063149 285.657873701039 -1 0 0
659.9148681055156 285.657873701039 -1 0 0
650.6039168665068 290.9784172661869 -1 0 0
635.9724220623501 287.65307753796947 -1 0 0
705.804556354916 259.7202238209431 -1 0 0
684.5223820943245 259.7202238209431 -1 0 0
691.8381294964029 264.3756994404475 -1 0 0
687.1826538768985 265.040767386091 -1 0 0
697.1586730615508 267.70103916866486 -1 0 0
742.3832933653077 255.0647482014387 -1 0 0
746.3737010391686 245.75379696242993 -1 0 0
783.6175059952038 267.0359712230214 -1 0 0
689.8429256594724 251.07434052757782 -1 0 0
685.8525179856115 247.08393285371685 -1 0 0
717.1107114308553 247.08393285371685 -1 0 0
723.0963229416467 250.40927258193432 -1 0 0
653.9292565947242 248.41406874500382 -1 0 0
665.2354116706634 251.73940847322126 -1 0 0
653.9292565947242 259.7202238209431 -1 0 0
435.1219024780176 277.0119904076737 -1 0 0
529.5615507593925 255.0647482014387 -1 0 0
549.513589128697 253.06954436450818 -1 0 0
538.8725019984013 247.08393285371685 -1 0 0
531.556754596323 249.07913669064732 -1 0 0
525.5711430855316 246.41886490807337 -1 0 0
523.5759392486011 255.0647482014387 -1 0 0
505.61910471622707 258.3900879296561 -1 0 0
500.2985611510792 261.0503597122301 -1 0 0
492.98281374900074 260.3852917665866 -1 0 0
488.99240607513985 259.7202238209431 -1 0 0
489.6574740207833 271.6914468425258 -1 0 0
479.0163868904876 261.0503597122301 -1 0 0
474.36091127098325 250.40927258193432 -1 0 0
481.0115907274181 247.08393285371685 -1 0 0
466.38009592326125 269.03117505995186 -1 0 0
452.41366906474815 263.0455635491605 -1 0 0
437.78217426059155 260.3852917665866 -1 0 0
423.81574740207833 267.0359712230214 -1 0 0
424.4808153477219 274.35171862509975 -1 0 0
404.5287769784173 265.7058353317345 -1 0 0
391.2274180655475 283.6626698641085 -1 0 0
383.91167066346924 285.657873701039 -1 0 0
475.6910471622702 283.6626698641085 -1 0 0
479.6814548361311 279.67226219024764 -1 0 0
545.5231814548362 281.00239808153464 -1 0 0
561.4848121502798 277.0119904076737 -1 0 0
544.8581135091927 264.3756994404475 -1 0 0
560.1546762589928 302.2845723421261 -1 0 0
616.0203836930456 277.0119904076737 -1 0 0
558.1594724220623 255.0647482014387 -1 0 0
566.8053557154277 256.39488409272565 -1 0 0
575.451239008793 257.05995203836915 -1 0 0
565.4752198241407 269.03117505995186 -1 0 0
65.34412470023987 292.30855315747385 -1 0 0
186.38649080735416 253.06954436450818 -1 0 0
240.25699440447647 278.34212629896064 -1 0 0
198.35771382893688 306.9400479616305 -1 0 0
174.41526778577145 294.9688249400478 -1 0 0
167.76458832933656 290.3133493205434 -1 0 0
181.73101518784978 281.6674660271781 -1 0 0
196.36250999200644 283.6626698641085 -1 0 0
230.28097521982423 306.9400479616305 -1 0 0
256.8836930455636 308.935251798561 -1 0 0
244.24740207833736 315.5859312549959 -1 0 0
295.4576338928858 326.89208633093506 -1 0 0
306.09872102318144 326.89208633093506 -1 0 0
316.0747402078337 304.27977617905657 -1 0 0
324.0555555555556 325.5619504396482 -1 0 0
338.02198241406876 322.90167865707417 -1 0 0
371.94044764188646 322.2366107114306 -1 0 0
379.25619504396485 315.5859312549959 -1 0 0
368.6151079136691 312.2605915267784 -1 0 0
386.5719424460431 314.2557953637089 -1 0 0
367.2849720223821 302.2845723421261 -1 0 0
378.59112709832135 298.29416466826524 -1 0 0
368.6151079136691 285.657873701039 -1 0 0
363.9596322941647 290.9784172661869 -1 0 0
349.99320543565153 294.9688249400478 -1 0 0
330.7062350119905 310.9304556354915 -1 0 0
352.6534772182254 307.60511590727396 -1 0 0
306.09872102318144 297.62909672262174 -1 0 0
76.15147881694648 253.5683453237408 -1 0 0
113.72781774580336 242.59472422062328 -1 0 0
127.69424460431657 248.9128697042364 -1 0 0
142.99080735411675 242.59472422062328 -1 0 0
133.67985611510792 243.25979216626678 -1 0 0
137.00519584332537 239.26938449240592 -1 0 0
162.9428457234213 244.92246203037547 -1 0 0
150.97162270183853 245.92006394884072 -1 0 0
145.31854516386895 235.94404476418845 -1 0 0
78.47921662669867 245.92006394884072 -1 0 0
58.19464428457237 245.25499600319725 -1 0 0
268.6886490807354 275.18305355715404 -1 0 0
263.70063948840925 272.1902478017584 -1 0 0
255.05475619504398 258.2238209432452 -1 0 0
276.6694644284572 269.1974420463627 -1 0 0
279.32973621103116 288.151878497202 -1 0 0
291.30095923261393 276.8457234212628 -1 0 0
286.6454836131095 270.52757793764965 -1 0 0
280.65987210231816 273.1878497202236 -1 0 0
307.5951239008793 275.5155875299758 -1 0 0
313.5807354116707 267.53477218225396 -1 0 0
302.60711430855315 265.20703437250177 -1 0 0
310.587929656275 256.89368505195824 -1 0 0
320.56394884092725 265.20703437250177 -1 0 0
329.874900079936 251.2406075139886 -1 0 0
339.8509192645883 303.1159072741804 -1 0 0
331.87010391686647 296.4652278177456 -1 0 0
320.56394884092725 297.7953637090325 -1 0 0
316.90607513988806 289.81454836131076 -1 0 0
313.2482014388489 282.1662669864107 -1 0 0
336.5255795363709 282.8313349320541 -1 0 0
330.5399680255795 289.14948041566726 -1 0 0
341.51358912869705 279.173461231015 -1 0 0
352.81974420463627 273.52038369304535 -1 0 0
345.1714628297362 275.18305355715404 -1 0 0
330.5399680255795 270.52757793764965 -1 0 0
351.1570743405276 282.8313349320541 -1 0 0
371.7741806554756 275.18305355715404 -1 0 0
367.4512390087929 263.8768984812148 -1 0 0
370.11151079136687 255.896083133493 -1 0 0
402.3673061550759 251.9056754596321 -1 0 0
384.41047162270183 263.8768984812148 -1 0 0
386.738209432454 252.2382094324538 -1 0 0
362.13069544364504 243.25979216626678 -1 0 0
345.50399680255794 243.25979216626678 -1 0 0
281.65747402078335 244.92246203037547 -1 0 0
262.3705035971223 242.92725819344503 -1 0 0
248.07154276578737 247.25019984012766 -1 0 0
211.49280575539566 247.25019984012766 -1 0 0
179.90207833733015 241.26458832933633 -1 0 0
164.60551558753 266.53717026378877 -1 0 0
135.00999200639492 268.19984012789746 -1 0 0
134.01239008792967 256.5611510791365 -1 0 0
125.6990407673861 258.2238209432452 -1 0 0
101.75659472422063 252.57074340527558 -1 0 0
110.06994404476421 258.2238209432452 -1 0 0
125.6990407673861 274.5179856115106 -1 0 0
87.45763389288572 247.5827338129494 -1 0 0
494.14668265387695 329.7186250999198 -1 0 0
617.8493205435651 295.80015987210203 -1 0 0
622.5047961630695 279.8385291766584 -1 0 0
607.2082334132693 280.50359712230187 -1 0 0
606.8756994404476 292.1422861710629 -1 0 0
585.9260591526779 259.55395683453213 -1 0 0
599.2274180655476 261.8816946442843 -1 0 0
652.7653876898481 324.3980815347719 -1 0 0
444.26658673061553 278.1758593125497 -1 0 0
383.7454036770584 313.75699440447613 -1 0 0
594.4056754596322 247.58273381294939 -1 0 0
559.4896083133493 236.9416466826536 -1 0 0
554.8341326938449 244.25739408473197 -1 0 0
599.7262190247801 247.58273381294939 -1 0 0
609.3697042366107 247.58273381294939 -1 0 0
488.65987210231816 240.93205435651456 -1 0 0
480.67905675459633 241.92965627497975 -1 0 0
470.03796962430056 244.25739408473197 -1 0 0
584.7621902478018 346.34532374100695 -1 0 0
628.32414068745 328.0559552358111 -1 0 0
665.2354116706634 298.46043165467603 -1 0 0
658.2521982414069 297.13029576338903 -1 0 0
677.8717026378897 267.53477218225396 -1 0 0
519.5855315747402 261.2166266986408 -1 0 0
441.44004796163074 235.94404476418842 -1 0 0
448.4232613908873 240.5995203836928 -1 0 0
456.40407673860915 241.59712230215803 -1 0 0
272.84532374100723 255.89608313349305 -1 0 0
255.5535571542766 268.1998401278975 -1 0 0
316.07474020783377 252.90327737809736 -1 0 0
417.830135891287 239.9344524380494 -1 0 0
367.95003996802564 250.2430055955234 -1 0 0
345.3377298161471 254.56594724220608 -1 0 0
346.0027977617906 263.8768984812149 -1 0 0
224.12909672262197 282.91446842525966 -1 0 0
207.16986410871306 265.2901678657073 -1 0 0
216.97961630695448 271.27577937649863 -1 0 0
196.0299760191847 251.82254196642668 -1 0 0
253.72462030375704 232.2030375699439 -1 0 0
169.5935251798561 260.96722621902455 -1 0 0
162.44404476418865 257.97442046362886 -1 0 0
301.6095123900879 217.23900879296525 -1 0 0
372.10671462829725 226.13429256594685 -1 0 0
368.11630695443637 233.78257394084693 -1 0 0
364.4584332533972 232.45243804956 -1 0 0
384.4104716227017 222.14388489208596 -1 0 0
292.6310951239008 250.07673860911234 -1 0 0
305.93245403677054 247.4164668265384 -1 0 0
518.7541966426858 232.45243804956 -1 0 0
533.0531574740207 235.11270983213393 -1 0 0
541.3665067945642 237.10791366906437 -1 0 0
609.5359712230215 242.09592326139048 -1 0 0
634.8085531574739 266.7034372501995 -1 0 0
639.7965627498002 250.07673860911234 -1 0 0
644.4520383693045 245.75379696242967 -1 0 0
678.0379696243006 237.10791366906437 -1 0 0
679.0355715427656 246.08633093525142 -1 0 0
326.71582733812966 223.80655475619506 -1 0 0
320.06514788169477 221.1462829736211 -1 0 0
329.37609912070354 219.81614708233417 -1 0 0
339.3521183053558 222.47641886490806 -1 0 0
340.0171862509993 217.82094324540367 -1 0 0
334.03157474020793 216.49080735411673 -1 0 0
-75.6502797761789 304.27977617905674 -1 0 0
22.77977617905691 210.5051958433254 -1 0 0
29.43045563549174 206.51478816946445 -1 0 0
37.41127098321357 208.50999200639487 -1 0 0
198.35771382893697 219.81614708233417 -1 0 0
203.01318944844135 219.15107913669067 -1 0 0
208.99880095923274 219.15107913669067 -1 0 0
213.65427657873713 218.48601119104717 -1 0 0
245.57753796962444 222.47641886490806 -1 0 0
256.88369304556363 222.47641886490806 -1 0 0
606.0443645083934 231.78737010391686 -1 0 0
-136.83653077537954 328.8872901678657 -1 0 0
621.3409272581936 231.78737010391686 -1 0 0
618.6806554756196 229.79216626698644 -1 0 0
616.6854516386892 227.79696243005594 -1 0 0
633.3121502797763 229.79216626698644 -1 0 0
638.6326938449241 229.79216626698644 -1 0 0
643.2881694644286 230.45723421262994 -1 0 0
649.9388489208634 239.1031175059952 -1 0 0
734.4024780175861 237.10791366906477 -1 0 0
437.1171063149481 227.79696243005594 -1 0 0
427.80615507593933 227.79696243005594 -1 0 0
421.820543565148 228.46203037569944 -1 0 0
375.9308553157475 219.81614708233417 -1 0 0
371.27537969624314 217.82094324540367 -1 0 0
-14.464028776978266 207.17985611510787 -1 0 0
-72.99000799360496 330.2174260591527 -1 0 0
284.15147881694656 308.9352517985611 -1 0 0
276.8357314148682 325.5619504396483 -1 0 0
657.9196642685853 339.52837729816144 -1 0 0
667.8956834532376 355.4900079936051 -1 0 0
665.900479616307 372.1167066346922 -1 0 0
-118.87969624300543 327.55715427657873 -1 0 0
228.28577138289376 218.48601119104717 -1 0 0
220.30495603517198 219.81614708233417 -1 0 0
187.05155875299775 214.49560351718628 -1 0 0
195.03237410071958 215.16067146282978 -1 0 0
179.07074340527592 215.16067146282978 -1 0 0
184.3912869704238 213.16546762589928 -1 0 0
125.8653077537971 215.82573940847328 -1 0 0
119.87969624300572 218.48601119104717 -1 0 0
133.18105515587544 217.82094324540367 -1 0 0
38.74140687450054 219.81614708233417 -1 0 0
50.712629896083286 209.84012789768187 -1 0 0
46.05715427657887 209.1750599520384 -1 0 0
70.66466826538783 213.16546762589928 -1 0 0
74.65507593924875 213.83053557154278 -1 0 0
112.56394884092741 211.83533173461234 -1 0 0
106.57833733013601 217.82094324540367 -1 0 0
99.92765787370118 217.82094324540367 -1 0 0
97.26738609112724 213.16546762589928 -1 0 0
92.61191047162285 213.16546762589928 -1 0 0
101.92286171063162 209.84012789768187 -1 0 0
244.91247002398094 215.16067146282978 -1 0 0
242.252198241407 217.82094324540367 -1 0 0
250.23301358912883 218.48601119104717 -1 0 0
258.21382893685063 217.82094324540367 -1 0 0
266.1946442845725 223.14148681055153 -1 0 0
254.22342126298972 213.83053557154278 -1 0 0
282.82134292565956 219.15107913669067 -1 0 0
277.5007993605117 219.81614708233417 -1 0 0
276.1706634692248 225.13669064748206 -1 0 0
308.7589928057555 225.80175859312553 -1 0 0
302.1083133493206 225.13669064748206 -1 0 0
350.6582733812951 222.47641886490806 -1 0 0
469.7054356514789 235.11270983213433 -1 0 0
465.0499600319746 235.11270983213433 -1 0 0
461.05955235811365 227.1318944844125 -1 0 0
476.3561151079137 227.1318944844125 -1 0 0
484.3369304556357 230.45723421262994 -1 0 0
483.67186250999214 225.80175859312553 -1 0 0
486.9972022382096 225.80175859312553 -1 0 0
493.6478816946444 231.78737010391686 -1 0 0
498.9684252597923 227.79696243005594 -1 0 0
565.4752198241408 234.44764188649083 -1 0 0
592.7430055955238 227.1318944844125 -1 0 0
589.4176658673063 233.11750599520383 -1 0 0
577.4464428457236 232.45243804956033 -1 0 0
578.111510791367 236.44284572342127 -1 0 0
584.7621902478019 230.45723421262994 -1 0 0
580.771782573941 229.79216626698644 -1 0 0
631.3169464428458 241.09832134292566 -1 0 0
629.9868105515588 236.44284572342127 -1 0 0
687.8477218225421 239.1031175059952 -1 0 0
764.9956035171864 269.03117505995203 -1 0 0
755.6846522781775 265.70583533173465 -1 0 0
748.3689048760992 269.03117505995203 -1 0 0
767.6558752997603 258.39008792965626 -1 0 0
772.9764188649082 256.3948840927258 -1 0 0
771.6462829736212 259.72022382094326 -1 0 0
782.9524380495604 259.72022382094326 -1 0 0
798.9140687450041 270.36131095123903 -1 0 0
397.21302957633907 231.78737010391686 -1 0 0
407.18904876099134 231.78737010391686 -1 0 0
392.5575539568347 236.44284572342127 -1 0 0
386.5719424460433 239.76818545163871 -1 0 0
379.9212629896084 245.7537969624301 -1 0 0
413.1746602717827 255.06474820143887 -1 0 0
426.4760191846524 247.08393285371704 -1 0 0
411.8445243804957 245.7537969624301 -1 0 0
502.9588329336532 236.44284572342127 -1 0 0
494.3129496402879 248.414068745004 -1 0 0
500.96362909672274 247.7490007993605 -1 0 0
514.930055955236 238.43804956035171 -1 0 0
509.60951239008807 247.7490007993605 -1 0 0
556.164268585132 231.78737010391686 -1 0 0
547.5183852917667 230.45723421262994 -1 0 0
534.8820943245405 230.45723421262994 -1 0 0
528.2314148681056 227.79696243005594 -1 0 0
520.2505995203838 228.46203037569944 -1 0 0
510.93964828137507 227.1318944844125 -1 0 0
622.0059952038371 243.0935251798561 -1 0 0
616.0203836930457 245.7537969624301 -1 0 0
671.2210231814549 232.45243804956033 -1 0 0
663.2402078337332 237.7729816147082 -1 0 0
653.9292565947243 231.78737010391686 -1 0 0
701.1490807354118 236.44284572342127 -1 0 0
701.1490807354118 230.45723421262994 -1 0 0
695.8285371702639 229.79216626698644 -1 0 0
693.16826538769 239.1031175059952 -1 0 0
708.4648281374901 239.1031175059952 -1 0 0
714.4504396482815 239.1031175059952 -1 0 0
723.0963229416468 237.10791366906477 -1 0 0
745.0435651478818 235.11270983213433 -1 0 0
778.296962430056 243.7585931254996 -1 0 0
772.3113509192647 243.7585931254996 -1 0 0
355.3137490007995 215.82573940847328 -1 0 0
349.3281374900081 215.82573940847328 -1 0 0
351.3233413269386 211.83533173461234 -1 0 0
343.3425259792167 211.83533173461234 -1 0 0
340.6822541966428 211.83533173461234 -1 0 0
328.71103117506004 214.49560351718628 -1 0 0
199.02278177458047 214.49560351718628 -1 0 0
209.66386890487624 213.83053557154278 -1 0 0
51.37769784172676 217.82094324540367 -1 0 0
56.03317346123115 215.16067146282978 -1 0 0
61.35371702637903 209.1750599520384 -1 0 0
45.3920863309354 244.4236610711431 -1 0 0
54.7030375699442 236.44284572342127 -1 0 0
50.712629896083286 232.45243804956033 -1 0 0
47.38729016786584 232.45243804956033 -1 0 0
29.43045563549174 232.45243804956033 -1 0 0
20.784572342126438 247.7490007993605 -1 0 0
47.38729016786584 273.6866506794564 -1 0 0
41.401678657074484 269.03117505995203 -1 0 0
26.77018385291782 269.69624300559553 -1 0 0
58.69344524380509 293.63868904876097 -1 0 0
58.69344524380509 288.3181454836131 -1 0 0
91.94684252597935 285.6578737010392 -1 0 0
89.2865707434054 273.6866506794564 -1 0 0
99.26258992805768 276.3469224620304 -1 0 0
117.2194244604318 326.89208633093523 -1 0 0
146.48241406874516 306.9400479616307 -1 0 0
294.12749800159884 245.7537969624301 -1 0 0
299.4480415667467 238.43804956035171 -1 0 0
232.27617905675476 241.09832134292566 -1 0 0
197.69264588329347 238.43804956035171 -1 0 0
201.6830535571544 239.1031175059952 -1 0 0
206.3385291766588 239.1031175059952 -1 0 0
213.65427657873713 239.76818545163871 -1 0 0
219.6398880895285 242.4284572342126 -1 0 0
504.2889688249402 275.6818545163869 -1 0 0
512.9348521183055 265.70583533173465 -1 0 0
518.2553956834533 271.691446842526 -1 0 0
539.5375699440449 259.72022382094326 -1 0 0
528.2314148681056 275.6818545163869 -1 0 0
526.9012789768186 281.0023980815348 -1 0 0
535.547162270184 274.3517186250999 -1 0 0
534.217026378897 285.6578737010392 -1 0 0
552.173860911271 275.0167865707434 -1 0 0
546.8533173461233 273.6866506794564 -1 0 0
553.503996802558 269.03117505995203 -1 0 0
570.7957633892887 296.9640287769784 -1 0 0
589.4176658673063 272.3565147881695 -1 0 0
576.7813749000801 274.3517186250999 -1 0 0
645.9484412470025 282.9976019184652 -1 0 0
228.95083932853726 252.40447641886493 -1 0 0
222.30015987210243 251.73940847322143 -1 0 0
222.96522781774593 264.37569944044765 -1 0 0
95.27218225419679 241.09832134292566 -1 0 0
228.95083932853717 288.31814548361314 -1 0 0
250.8980815347722 295.63389288569147 -1 0 0
266.85971223021585 288.31814548361314 -1 0 0
81.970823341327 210.50519584332534 -1 0 0
78.64548361310956 220.4812150279776 -1 0 0
57.36330935251804 217.82094324540373 -1 0 0
161.77897681854523 213.16546762589934 -1 0 0
171.7549960031975 221.1462829736211 -1 0 0
176.4104716227019 221.1462829736211 -1 0 0
184.39128697042372 221.1462829736211 -1 0 0
273.51039168665073 206.51478816946445 -1 0 0
359.3041566746603 208.50999200639495 -1 0 0
349.32813749000803 207.17985611510795 -1 0 0
365.9548361310951 217.82094324540373 -1 0 0
402.5335731414868 221.1462829736211 -1 0 0
396.5479616306954 221.1462829736211 -1 0 0
393.222621902478 221.1462829736211 -1 0 0
409.84932054356517 217.82094324540373 -1 0 0
417.16506794564344 217.82094324540373 -1 0 0
422.48561151079133 217.82094324540373 -1 0 0
447.09312549960026 223.8065547561951 -1 0 0
568.1354916067146 225.8017585931255 -1 0 0
556.1642685851319 223.1414868105516 -1 0 0
547.5183852917665 225.8017585931255 -1 0 0
627.3265387689848 227.796962430056 -1 0 0
602.0539568345324 225.8017585931255 -1 0 0
770.316147082334 237.10791366906477 -1 0 0
763.6654676258993 236.44284572342127 -1 0 0
798.914068745004 242.42845723421266 -1 0 0
792.2633892885691 242.42845723421266 -1 0 0
785.6127098321342 242.42845723421266 -1 0 0
791.5983213429256 261.0503597122302 -1 0 0
806.2298161470823 261.7154276578737 -1 0 0
813.5455635491606 255.06474820143887 -1 0 0
804.2346123101518 255.06474820143887 -1 0 0
749.699040767386 258.3900879296563 -1 0 0
729.7470023980815 258.3900879296563 -1 0 0
734.4024780175858 248.41406874500404 -1 0 0
729.081934452438 250.4092725819345 -1 0 0
699.8189448441246 246.41886490807354 -1 0 0
706.4696243005595 243.09352517985616 -1 0 0
645.2833733013589 253.06954436450843 -1 0 0
638.632693844924 259.72022382094326 -1 0 0
629.9868105515587 255.72981614708232 -1 0 0
622.6710631494803 255.72981614708232 -1 0 0
655.9244604316547 264.37569944044765 -1 0 0
669.8908872901678 272.3565147881695 -1 0 0
663.9052757793764 274.3517186251 -1 0 0
657.919664268585 273.6866506794565 -1 0 0
627.3265387689848 261.0503597122302 -1 0 0
608.0395683453237 265.04076738609115 -1 0 0
600.7238209432454 252.40447641886493 -1 0 0
558.8245403677058 262.3804956035172 -1 0 0
517.5903277378097 248.41406874500404 -1 0 0
461.7246203037569 255.06474820143887 -1 0 0
451.08353317346115 255.06474820143887 -1 0 0
268.85491606714635 245.75379696243004 -1 0 0
60.02358113509197 236.44284572342127 -1 0 0
73.32494004796168 239.1031175059952 -1 0 0
204.34332533972827 290.3133493205436 -1 0 0
195.69744204636294 292.9736211031175 -1 0 0
212.3241406874501 297.6290967226219 -1 0 0
215.64948041566748 290.3133493205436 -1 0 0
210.9940047961631 281.00239808153475 -1 0 0
206.3385291766587 279.6722621902478 -1 0 0
244.91247002398086 285.6578737010392 -1 0 0
358.6390887290168 278.34212629896086 -1 0 0
401.2034372501998 286.3229416466827 -1 0 0
395.2178257394085 276.34692246203036 -1 0 0
405.85891286970417 276.34692246203036 -1 0 0
414.50479616306956 282.99760191846525 -1 0 0
385.9068745003996 325.5619504396483 -1 0 0
361.9644284572342 325.5619504396483 -1 0 0
276.8357314148681 281.00239808153475 -1 0 0
109.23860911270985 236.44284572342127 -1 0 0
117.2194244604317 237.10791366906477 -1 0 0
124.53517186251001 237.77298161470827 -1 0 0
68.00439648281382 227.796962430056 -1 0 0
751.6942446043165 235.11270983213433 -1 0 0
529.5615507593925 223.1414868105516 -1 0 0
536.8772981614708 223.1414868105516 -1 0 0
439.77737809752193 221.1462829736211 -1 0 0
427.8061550759392 219.81614708233417 -1 0 0
328.0459632294165 209.1750599520384 -1 0 0
311.4192645883293 216.49080735411673 -1 0 0
315.4096722621903 213.16546762589934 -1 0 0
322.7254196642686 213.16546762589934 -1 0 0
224.96043165467628 211.83533173461234 -1 0 0
229.61590727418067 213.16546762589934 -1 0 0
219.63988808952843 213.16546762589934 -1 0 0
232.94124700239806 213.16546762589934 -1 0 0
145.81734612310157 211.17026378896884 -1 0 0
135.1762589928058 211.83533173461234 -1 0 0
126.5303756994405 206.51478816946445 -1 0 0
121.20983213429263 209.84012789768187 -1 0 0
117.2194244604317 206.51478816946445 -1 0 0
109.90367705835334 205.84972022382095 -1 0 0
98.59752198241414 297.6290967226219 -1 0 0
84.63109512390095 290.3133493205436 -1 0 0
69.33453237410079 233.11750599520389 -1 0 0
75.98521183053562 229.79216626698644 -1 0 0
69.33453237410079 222.4764188649081 -1 0 0
-134.17625899280569 207.17985611510795 -1 0 0
153.7981614708234 279.6722621902478 -1 0 0
151.80295763389296 269.0311750599521 -1 0 0
239.59192645883297 245.75379696243004 -1 0 0
236.93165467625906 264.37569944044765 -1 0 0
447.7581934452437 306.27498001598724 -1 0 0
460.39448441247004 294.968824940048 -1 0 0
469.04036770583537 290.978417266187 -1 0 0
-113.55915267785764 316.916067146283 -1 0 0
268.85491606714635 265.7058353317346 -1 0 0
66.00919264588335 245.75379696243004 -1 0 0
118.54956035171868 227.1318944844125 -1 0 0
123.87010391686657 227.1318944844125 -1 0 0
35.41606714628305 296.9640287769784 -1 0 0
