164.2635061728396 752.1153580246912 -1 0 0
112.1056502362445 682.9761765584514 -1 0 0
50.717966163694626 654.1117688157293 -1 0 0
20.227394604481095 638.2566716049382 -1 0 0
150.727040877915 661.4295059899405 -1 0 0
178.7783667123914 688.6677499161714 -1 0 0
202.7642830056394 739.0788282274043 -1 0 0
257.24077085810086 782.172169364426 -1 0 0
310.091094894071 775.6675140984606 -1 0 0
340.9882074074074 785.8310379515318 -1 0 0
266.59121280292635 674.0322755677488 -1 0 0
248.29686986739827 650.4529002286237 -1 0 0
214.55397067520195 664.2752926688005 -1 0 0
262.9323442158207 606.5464771833563 -1 0 0
231.22214979423865 595.1633304679165 -1 0 0
177.5587438500229 576.8689875323884 -1 0 0
132.026156988264 554.5092350556317 -1 0 0
336.92279786617894 650.4529002286237 -1 0 0
299.9275710409998 591.097920926688 -1 0 0
368.632992287761 628.4996887059899 -1 0 0
393.0254495351318 618.7427058070416 -1 0 0
367.81991037951525 697.6116509068739 -1 0 0
392.6189085810089 743.1442377686328 -1 0 0
293.01637482091144 560.2008084133516 -1 0 0
462.0372271434382 771.2711501064314 -1 0 0
498.49622143110514 758.0932003639012 -1 0 0
538.9086006415313 774.346005046355 -1 0 0
612.7051191997004 786.64542480605 -1 0 0
653.1174984101265 769.9533551321783 -1 0 0
718.1287171399422 759.8502603295718 -1 0 0
646.5285235388614 663.6512272091013 -1 0 0
584.5921597489693 686.9322717542381 -1 0 0
565.2645001265917 659.2585772949246 -1 0 0
488.3931266284987 635.9775327497879 -1 0 0
457.6445772292615 619.7247280673339 -1 0 0
415.0358730617471 635.9775327497879 -1 0 0
520.8987359934066 622.7995830072575 -1 0 0
590.3026046373991 617.5284031102456 -1 0 0
655.3138233672147 630.267087861358 -1 0 0
717.2501871571069 636.8560627326233 -1 0 0
766.0086012044685 675.5113819773785 -1 0 0
779.6258159384165 647.3984225266474 -1 0 0
743.1668216507496 618.4069330930809 -1 0 0
765.1300712216332 601.7148634192092 -1 0 0
695.2869375862231 601.7148634192092 -1 0 0
720.7643070884483 594.6866235565266 -1 0 0
666.2954481526566 585.0227937453377 -1 0 0
611.826589216865 565.69513412296 -1 0 0
563.5074401609209 556.9098342946066 -1 0 0
538.0300706586959 557.3490992860243 -1 0 0
518.7024110363182 571.8448440028075 -1 0 0
445.7844224609843 564.377339148707 -1 0 0
403.6149832848876 558.2276292688596 -1 0 0
588.5455446717283 552.9564493718475 -1 0 0
641.6966086332669 571.4055790113898 -1 0 0
641.6966086332669 543.7318845520763 -1 0 0
719.0072471227776 571.8448440028075 -1 0 0
731.74593187389 554.2742443461005 -1 0 0
776.1116960070751 583.2657337796669 -1 0 0
708.9041523201711 527.0398148782048 -1 0 0
821.6729116798663 687.6321673072301 -1 0 0
843.397982010959 645.0176062731634 -1 0 0
887.4051757585571 636.3832834492677 -1 0 0
886.8481226731445 700.722914814427 -1 0 0
901.6100294365792 733.0319937683598 -1 0 0
955.0871256361924 736.652838823542 -1 0 0
951.4662805810102 704.0652333269028 -1 0 0
921.9424670541406 640.5611815898624 -1 0 0
789.6423592686397 616.8864254598254 -1 0 0
886.2910695877318 611.5944211484054 -1 0 0
917.0710215173606 587.8263938159657 -1 0 0
874.0967829972807 518.5454952672387 -1 0 0
932.1320864192578 522.963407638462 -1 0 0
915.464507927825 523.1642218371538 -1 0 0
976.9136527275654 517.139795876395 -1 0 0
980.1266799066369 552.2822806474884 -1 0 0
1005.630083140516 529.1886477979128 -1 0 0
1000.408913974525 493.24290623205155 -1 0 0
987.7576194569315 474.76799995239094 -1 0 0
966.6721285942754 476.3745135419266 -1 0 0
894.1782028664769 475.3704425484668 -1 0 0
813.2153509407602 528.2849839037989 -1 0 0
787.109505110805 518.6459023665848 -1 0 0
767.8313420363767 496.9579689078528 -1 0 0
797.953471840171 477.67980583342444 -1 0 0
751.3645777436357 528.6866123011829 -1 0 0
651.7607351924223 519.8507875587364 -1 0 0
680.276351406681 497.35959730523666 -1 0 0
638.5069980787529 492.9416849340135 -1 0 0
724.8571035162967 490.130286152326 -1 0 0
707.587082428788 482.0977182046476 -1 0 0
906.6441568821957 454.88739428188666 -1 0 0
888.5708789999189 455.48983687796255 -1 0 0
872.5057431045619 449.06378251981977 -1 0 0
897.0050753449815 434.6051602139985 -1 0 0
982.1502955903735 446.2523837381323 -1 0 0
946.8069966205882 441.23202877083327 -1 0 0
973.5152850466192 432.5970182270789 -1 0 0
929.9386039304634 467.9403171968642 -1 0 0
923.9141779697044 445.64994114205643 -1 0 0
922.1068501814768 419.7449095107932 -1 0 0
914.2750964324903 409.50338537750315 -1 0 0
897.0050753449815 417.1343249277977 -1 0 0
882.9480814365442 412.1139699604987 -1 0 0
963.0729467146372 413.3188551526504 -1 0 0
954.6387503695747 406.69198659581565 -1 0 0
941.987455851981 422.35549409378876 -1 0 0
1008.0553272216366 468.54275979294016 -1 0 0
1009.2602124137884 431.99457563100293 -1 0 0
983.7568091799092 421.9538656964048 -1 0 0
993.3958907171234 413.51966935134243 -1 0 0
1011.6197792484189 572.2632934173387 -1 0 0
670.8380840681587 452.47762389758304 -1 0 0
672.6454118563864 431.59294723361893 -1 0 0
648.7485222120429 429.5848052466994 -1 0 0
670.2356414720829 412.1139699604986 -1 0 0
630.8760585284582 401.27000323113265 -1 0 0
617.2206930174048 408.0976859866593 -1 0 0
649.9534074041946 400.2659322376728 -1 0 0
629.2695449389225 382.39346855408814 -1 0 0
642.5232820525921 379.9836981697846 -1 0 0
658.789232146641 383.397539547548 -1 0 0
671.4405266642347 390.62685070045865 -1 0 0
704.7756836471003 466.53461780602044 -1 0 0
757.3890037043946 471.75578697201144 -1 0 0
751.1637635449438 467.33787460078827 -1 0 0
792.330674276796 459.1044924544178 -1 0 0
774.2573963945194 447.457268930284 -1 0 0
716.6237213699262 456.0922794740384 -1 0 0
710.3984812104753 432.1953898296948 -1 0 0
530.870587579861 523.3650360358456 -1 0 0
542.9194395013786 507.29990014048866 -1 0 0
496.53135960353535 493.64453462943527 -1 0 0
524.0429048243342 498.6648895967343 -1 0 0
470.02388537619623 502.2795451731896 -1 0 0
486.49064966893724 530.7951613874483 -1 0 0
570.6317989208695 522.7625934397697 -1 0 0
593.7254317704451 514.1275828960154 -1 0 0
611.9995238514138 501.0746599810379 -1 0 0
594.729502763905 478.3826555288461 -1 0 0
371.42411381844283 502.68117357057355 -1 0 0
440.102569771094 499.86977478888616 -1 0 0
319.8148647546085 496.85756180850666 -1 0 0
299.53263068672027 496.85756180850666 -1 0 0
346.5231531806395 487.4192944699844 -1 0 0
316.60183757553705 481.39486850922555 -1 0 0
308.9708980252425 451.4735529041231 -1 0 0
332.06453087481816 451.4735529041231 -1 0 0
352.3467649427064 449.26459671851154 -1 0 0
374.23551260013033 468.14113139555604 -1 0 0
376.04284038835794 486.0135950791407 -1 0 0
403.55438560915684 498.6648895967343 -1 0 0
423.63580547835306 502.8819877692655 -1 0 0
444.11885374493323 479.98916911838177 -1 0 0
461.589689031134 476.37451354192643 -1 0 0
447.93432352008045 459.1044924544177 -1 0 0
476.6507539330312 451.0719245067392 -1 0 0
385.88273612426406 455.2890226792704 -1 0 0
413.394281345063 463.12077642825693 -1 0 0
397.7307738470899 449.86703931458743 -1 0 0
162.77816137749383 510.914555716944 -1 0 0
245.31279703989043 529.3894619966045 -1 0 0
167.9993305434849 528.9878335992206 -1 0 0
212.98171105048448 498.6648895967343 -1 0 0
275.2341126449928 503.0828019679575 -1 0 0
257.7632773587921 478.18184133015416 -1 0 0
232.46068832360484 476.17369934323455 -1 0 0
189.08482140614092 478.18184133015416 -1 0 0
156.35210701935105 483.6038246948371 -1 0 0
143.29918410437347 498.2632611993504 -1 0 0
131.25033218285571 455.6906510766543 -1 0 0
190.89214919436859 453.2808806923508 -1 0 0
253.74699338495284 455.48983687796243 -1 0 0
108.75914192935595 524.5699212279975 -1 0 0
109.96402712150771 490.83313584774777 -1 0 0
46.50674033484761 505.99460784899094 -1 0 0
60.56373424328502 489.52784355625 -1 0 0
2.83145479933512 551.6798380514124 -1 0 0
10.060765952245768 494.04616302681916 -1 0 0
41.99022354426781 468.34194559424793 -1 0 0
53.83826126709358 466.7354320047122 -1 0 0
96.81249978717354 474.9688141510827 -1 0 0
57.85454524093283 474.1655573563149 -1 0 0
81.95224908396833 482.3989395026853 -1 0 0
4.026469135802453 467.29165432098756 -1 0 0
19.95535802469135 459.70646913580237 -1 0 0
39.92967901234565 443.27190123456785 -1 0 0
109.96622222222223 444.7889382716049 -1 0 0
80.63683950617283 449.0872098765431 -1 0 0
161.7983209876543 447.06449382716045 -1 0 0
0.7395555555555426 453.6383209876542 -1 0 0
140.30696296296298 429.61856790123454 -1 0 0
114.01165432098766 426.07881481481473 -1 0 0
61.168197530864184 418.24079012345675 -1 0 0
182.53116049382717 438.97362962962956 -1 0 0
215.14745679012347 434.4225185185185 -1 0 0
14.645728395061704 421.0220246913579 -1 0 0
46.5035061728395 417.735111111111 -1 0 0
99.59980246913578 413.4368395061727 -1 0 0
81.14251851851851 416.1548641975307 -1 0 0
89.9919012345679 388.97461728395047 -1 0 0
15.530666666666676 392.135111111111 -1 0 0
53.583012345679016 403.76572839506156 -1 0 0
54.59437037037036 386.7622716049381 -1 0 0
128.4235061728395 409.7706666666665 -1 0 0
152.94893827160493 412.04622222222207 -1 0 0
117.5514074074074 404.208197530864 -1 0 0
177.47437037037037 409.012148148148 -1 0 0
189.104987654321 425.9523950617282 -1 0 0
198.96572839506172 407.2422716049381 -1 0 0
164.8323950617284 389.2906666666665 -1 0 0
184.0481975308642 385.49807407407394 -1 0 0
142.32967901234568 389.7963456790122 -1 0 0
139.54844444444444 372.0975802469135 -1 0 0
123.61955555555556 360.46696296296284 -1 0 0
114.77017283950616 355.15733333333316 -1 0 0
104.90943209876541 363.2481975308641 -1 0 0
45.74498765432098 372.6032592592592 -1 0 0
74.15782716049382 377.34399999999994 -1 0 0
34.2091851851852 362.4264691358024 -1 0 0
55.32128395061729 356.73758024691347 -1 0 0
73.27288888888889 361.7943703703703 -1 0 0
94.51140740740742 356.2319012345678 -1 0 0
23.463506172839512 378.3553580246912 -1 0 0
2.098567901234579 370.1380740740741 -1 0 0
13.47634567901236 361.16227160493827 -1 0 0
14.866962962962978 348.3938765432099 -1 0 0
32.18646913580248 343.58992592592597 -1 0 0
45.207703703703714 347.8881975308642 -1 0 0
52.03437037037036 339.0388148148148 -1 0 0
55.826962962962966 329.0516543209877 -1 0 0
72.7672098765432 348.0146172839506 -1 0 0
82.50153086419753 350.543012345679 -1 0 0
103.74004938271602 351.17511111111116 -1 0 0
54.08869135802468 318.17955555555557 -1 0 0
61.673876543209865 321.7193086419754 -1 0 0
51.054617283950606 310.7207901234568 -1 0 0
61.54745679012344 308.8244938271605 -1 0 0
78.36128395061728 308.8244938271605 -1 0 0
81.7746172839506 311.35288888888897 -1 0 0
87.21066666666665 314.6398024691358 -1 0 0
87.46350617283947 322.224987654321 -1 0 0
73.17807407407406 332.71782716049387 -1 0 0
88.98054320987652 339.79733333333337 -1 0 0
98.20918518518516 327.53461728395064 -1 0 0
113.8852345679012 333.98202469135805 -1 0 0
118.94202469135801 343.8427654320988 -1 0 0
142.45609876543207 357.24325925925933 -1 0 0
153.32819753086417 361.16227160493827 -1 0 0
130.5726419753086 353.3242469135803 -1 0 0
146.12227160493825 344.6012839506173 -1 0 0
161.41906172839504 351.0486913580247 -1 0 0
135.25017283950615 326.27041975308646 -1 0 0
131.83683950617282 305.7904197530865 -1 0 0
48.020543209876536 325.1326419753087 -1 0 0
45.618567901234556 333.22350617283956 -1 0 0
64.96079012345677 329.8101728395062 -1 0 0
1.0872098765432214 351.0486913580247 -1 0 0
0.707950617283961 339.4180740740741 -1 0 0
4.121283950617294 327.028938271605 -1 0 0
6.017580246913596 315.39832098765436 -1 0 0
37.49609876543211 327.6610370370371 -1 0 0
65.97214814814814 393.588938271605 -1 0 0
177.60079012345676 353.45066666666673 -1 0 0
173.30251851851853 335.49906172839513 -1 0 0
166.47585185185187 320.96079012345683 -1 0 0
146.62795061728397 309.2037530864198 -1 0 0
158.63782716049383 300.60720987654327 -1 0 0
169.00424691358026 301.9978271604939 -1 0 0
176.58943209876543 308.82449382716055 -1 0 0
177.34795061728397 317.4210370370371 -1 0 0
154.465975308642 327.91387654320994 -1 0 0
145.6165925925926 321.7193086419754 -1 0 0
156.99437037037038 315.39832098765436 -1 0 0
191.1277037037037 296.4353580246914 -1 0 0
205.79239506172837 308.82449382716055 -1 0 0
191.50696296296294 309.96227160493834 -1 0 0
183.92177777777778 330.18943209876545 -1 0 0
192.01264197530864 349.78449382716053 -1 0 0
207.56227160493827 345.35980246913584 -1 0 0
208.4472098765432 360.02449382716054 -1 0 0
197.95437037037036 360.65659259259263 -1 0 0
179.49708641975306 363.0585679012346 -1 0 0
197.5751111111111 326.6496790123457 -1 0 0
199.09214814814817 334.6141234567902 -1 0 0
216.41165432098762 330.44227160493836 -1 0 0
217.92869135802468 324.75338271604943 -1 0 0
221.8477037037037 316.788938271605 -1 0 0
225.38745679012345 309.8358518518519 -1 0 0
219.4457283950617 305.2847407407408 -1 0 0
224.50251851851849 295.9296790123458 -1 0 0
203.3904197530864 300.8600493827161 -1 0 0
237.52375308641973 334.99338271604944 -1 0 0
227.663012345679 341.44079012345685 -1 0 0
237.01807407407406 350.2901728395062 -1 0 0
221.59486419753085 354.2091851851852 -1 0 0
221.4684444444444 365.33412345679017 -1 0 0
229.8121481481481 367.104 -1 0 0
215.77955555555553 372.1607901234568 -1 0 0
241.1899259259259 372.5400493827161 -1 0 0
28.04622222222221 325.63832098765437 -1 0 0
72.9252345679012 321.0872098765433 -1 0 0
110.5983209876543 316.03041975308645 -1 0 0
115.65511111111108 310.8472098765433 -1 0 0
12.496592592592583 327.6610370370371 -1 0 0
206.04523456790128 394.9163456790124 -1 0 0
198.96572839506175 379.9988148148149 -1 0 0
217.423012345679 387.58400000000006 -1 0 0
229.68572839506174 380.37807407407416 -1 0 0
235.88029629629634 398.9617777777778 -1 0 0
217.8022716049383 412.3622716049383 -1 0 0
225.38745679012348 428.29116049382725 -1 0 0
235.6274567901235 438.4047407407408 -1 0 0
249.53362962962964 444.72572839506176 -1 0 0
278.863012345679 444.8521481481482 -1 0 0
263.186962962963 436.5084444444445 -1 0 0
252.946962962963 428.1647407407408 -1 0 0
237.90301234567903 414.5114074074075 -1 0 0
279.24227160493825 394.53708641975317 -1 0 0
293.4012839506173 399.2146172839507 -1 0 0
292.7691851851852 418.17758024691364 -1 0 0
268.623012345679 387.33116049382727 -1 0 0
249.7864691358025 382.5272098765433 -1 0 0
289.6086913580247 380.630913580247 -1 0 0
212.23980246913584 474.4343703703704 -1 0 0
221.8477037037037 456.4827654320988 -1 0 0
184.42745679012344 530.0590617283951 -1 0 0
506.48177777777784 465.4585679012346 -1 0 0
533.4091851851852 451.0467160493828 -1 0 0
567.2896790123457 453.7015308641976 -1 0 0
549.4644938271605 481.6402962962963 -1 0 0
578.2881975308642 468.61906172839514 -1 0 0
577.5296790123457 446.1163456790124 -1 0 0
491.69066666666663 465.7114074074075 -1 0 0
484.48474074074073 435.4970864197531 -1 0 0
484.3583209876544 417.4190617283951 -1 0 0
608.8817777777778 455.028938271605 -1 0 0
594.469925925926 434.80177777777783 -1 0 0
381.1998024691359 426.7741234567901 -1 0 0
354.145975308642 420.705975308642 -1 0 0
369.9484444444445 418.4304197530864 -1 0 0
372.6032592592593 405.02992592592597 -1 0 0
347.31930864197534 404.9035061728395 -1 0 0
357.81214814814814 399.46745679012344 -1 0 0
386.00375308641975 391.12375308641975 -1 0 0
412.6783209876544 403.8921481481481 -1 0 0
421.14844444444446 417.0398024691358 -1 0 0
450.3514074074074 417.0398024691358 -1 0 0
410.78202469135806 437.39338271604936 -1 0 0
431.8941234567901 444.4728888888889 -1 0 0
389.1642469135803 435.37066666666664 -1 0 0
421.5277037037037 439.41609876543214 -1 0 0
396.8758518518519 432.8422716049383 -1 0 0
398.1400493827161 427.7854814814815 -1 0 0
313.5652345679013 423.86646913580245 -1 0 0
323.8052345679013 385.5612839506172 -1 0 0
271.4674567901235 374.1835061728395 -1 0 0
307.87634567901245 384.2970864197531 -1 0 0
300.7968395061729 381.38943209876544 -1 0 0
306.9914074074075 375.5741234567901 -1 0 0
315.2086913580248 361.2886913580247 -1 0 0
295.36079012345687 358.12819753086416 -1 0 0
244.03437037037048 359.8980740740741 -1 0 0
255.41214814814825 364.8284444444445 -1 0 0
269.19190123456804 366.47190123456795 -1 0 0
275.3864691358026 360.1509135802469 -1 0 0
268.0541234567902 349.4052345679013 -1 0 0
250.22893827160502 346.49758024691357 -1 0 0
287.3963456790124 350.7958518518518 -1 0 0
281.07535802469147 343.4635061728395 -1 0 0
298.7741234567902 344.34844444444445 -1 0 0
313.3123950617285 343.21066666666667 -1 0 0
324.8165925925927 339.1652345679013 -1 0 0
331.5168395061729 346.2447407407407 -1 0 0
336.82646913580254 358.88671604938276 -1 0 0
348.07782716049394 380.88375308641974 -1 0 0
354.27239506172856 389.3538765432099 -1 0 0
364.8916543209878 378.1025185185185 -1 0 0
350.8590617283952 372.91930864197525 -1 0 0
357.43288888888895 361.66795061728396 -1 0 0
371.97116049382726 361.16227160493827 -1 0 0
394.72671604938284 376.5854814814815 -1 0 0
411.16128395061736 381.51585185185183 -1 0 0
427.595851851852 393.39930864197527 -1 0 0
428.4807901234569 379.4931358024691 -1 0 0
442.0077037037038 387.45758024691355 -1 0 0
425.69955555555566 370.77017283950613 -1 0 0
397.1286913580248 359.8980740740741 -1 0 0
404.8402962962964 355.22054320987655 -1 0 0
378.92424691358036 350.66943209876536 -1 0 0
427.21659259259263 355.72622222222225 -1 0 0
472.85412345679026 392.7672098765431 -1 0 0
461.9820246913582 378.98745679012336 -1 0 0
455.2817777777779 386.19338271604926 -1 0 0
443.90400000000017 374.8156049382715 -1 0 0
452.5005432098767 374.3099259259258 -1 0 0
448.8343703703705 364.70202469135796 -1 0 0
518.9973333333335 402.75437037037034 -1 0 0
529.6165925925927 394.4106666666666 -1 0 0
507.11387654321004 383.91782716049374 -1 0 0
485.7489382716051 381.7686913580246 -1 0 0
492.1963456790125 366.219061728395 -1 0 0
468.4294320987655 363.1849876543209 -1 0 0
480.6921481481483 361.7943703703703 -1 0 0
539.0980740740741 409.70745679012333 -1 0 0
520.1351111111112 418.3039999999999 -1 0 0
542.6378271604939 377.7232592592592 -1 0 0
518.9973333333335 375.19486419753076 -1 0 0
515.3311604938273 360.40375308641967 -1 0 0
433.66400000000016 358.00177777777776 -1 0 0
443.65116049382726 352.31288888888884 -1 0 0
458.06301234567917 344.09560493827155 -1 0 0
475.0032592592594 347.25609876543206 -1 0 0
518.7444938271606 342.83140740740737 -1 0 0
493.8398024691359 344.22202469135794 -1 0 0
483.7262222222223 341.82004938271604 -1 0 0
503.32128395061744 356.10548148148143 -1 0 0
540.1094320987655 360.40375308641967 -1 0 0
548.2002962962964 350.4165925925925 -1 0 0
539.8565925925927 342.83140740740737 -1 0 0
527.4674567901236 351.04869135802466 -1 0 0
529.110913580247 377.47041975308633 -1 0 0
463.62548148148164 406.16770370370364 -1 0 0
547.0625185185187 436.1291851851852 -1 0 0
575.0012839506174 418.1775802469135 -1 0 0
602.560790123457 410.5923950617284 -1 0 0
565.7726419753087 378.4817777777777 -1 0 0
576.8975802469137 387.8368395061728 -1 0 0
596.9983209876544 384.5499259259259 -1 0 0
603.9514074074076 396.8126419753086 -1 0 0
604.8363456790125 381.3894320987654 -1 0 0
589.665975308642 370.01165432098765 -1 0 0
577.7825185185186 371.90795061728386 -1 0 0
562.9914074074076 364.19634567901227 -1 0 0
575.2541234567902 355.22054320987655 -1 0 0
568.4274567901235 342.1993086419753 -1 0 0
585.999802469136 346.2447407407407 -1 0 0
617.2254814814817 343.33708641975306 -1 0 0
603.9514074074076 349.4052345679012 -1 0 0
635.5563456790125 349.5316543209876 -1 0 0
630.4995555555556 356.4847407407407 -1 0 0
623.0407901234569 364.95486419753087 -1 0 0
644.7849876543211 360.7830123456789 -1 0 0
559.0723950617286 403.26004938271603 -1 0 0
587.6432592592594 403.89214814814807 -1 0 0
716.9706666666668 402.122271604938 -1 0 0
699.7775802469137 403.3864691358022 -1 0 0
701.0417777777778 384.54992592592566 -1 0 0
755.907950617284 385.4348641975306 -1 0 0
745.9207901234569 403.00720987654296 -1 0 0
771.8368395061729 408.6960987654319 -1 0 0
747.9435061728395 425.6363456790121 -1 0 0
741.7489382716051 416.6605432098763 -1 0 0
738.2091851851853 410.2131358024689 -1 0 0
758.5627654320989 438.9104197530862 -1 0 0
729.7390617283952 391.250172839506 -1 0 0
705.592888888889 401.86943209876523 -1 0 0
820.0027654320987 473.8654814814812 -1 0 0
819.2442469135802 454.64967901234536 -1 0 0
821.7726419753086 436.69807407407376 -1 0 0
789.914864197531 426.5844938271602 -1 0 0
773.2274567901234 427.0901728395059 -1 0 0
793.9602962962963 409.1385679012343 -1 0 0
812.6704197530864 404.840296296296 -1 0 0
678.9183209876544 362.300049382716 -1 0 0
681.825975308642 347.3825185185185 -1 0 0
683.343012345679 336.76325925925926 -1 0 0
694.2151111111111 347.00325925925927 -1 0 0
698.8926419753087 340.17659259259256 -1 0 0
692.3188148148148 331.4536296296296 -1 0 0
701.421037037037 356.864 -1 0 0
716.7178271604938 355.59980246913574 -1 0 0
718.4877037037037 377.47041975308633 -1 0 0
692.065975308642 370.8965925925926 -1 0 0
730.2447407407408 367.86251851851847 -1 0 0
735.9336296296296 386.5726419753086 -1 0 0
741.4960987654321 378.86103703703697 -1 0 0
746.3000493827161 357.7489382716049 -1 0 0
760.0798024691359 359.3923950617284 -1 0 0
768.4235061728396 369.00029629629626 -1 0 0
780.5598024691359 384.6763456790123 -1 0 0
786.8807901234568 374.4363456790123 -1 0 0
785.9958518518519 361.6679506172839 -1 0 0
768.6763456790125 353.70350617283947 -1 0 0
762.1025185185184 343.7163456790123 -1 0 0
729.3598024691358 342.83140740740737 -1 0 0
744.6565925925927 341.18795061728395 -1 0 0
707.4891851851852 325.7647407407407 -1 0 0
691.5602962962963 321.8457283950617 -1 0 0
690.4225185185185 315.27190123456785 -1 0 0
700.2832592592594 311.7321481481481 -1 0 0
725.6936296296296 332.0857283950617 -1 0 0
736.944987654321 326.2704197530864 -1 0 0
745.6679506172839 322.22498765432096 -1 0 0
758.8156049382716 322.4778271604938 -1 0 0
673.103012345679 332.59140740740736 -1 0 0
676.7691851851852 322.4778271604938 -1 0 0
677.7805432098766 311.22646913580246 -1 0 0
729.3598024691358 312.49066666666664 -1 0 0
718.9933827160494 310.21511111111107 -1 0 0
757.9306666666666 308.3188148148148 -1 0 0
773.2274567901234 312.1114074074074 -1 0 0
790.7998024691359 310.72079012345677 -1 0 0
779.2956049382716 321.9721481481481 -1 0 0
791.5583209876542 327.4081975308642 -1 0 0
767.2857283950617 316.6625185185185 -1 0 0
771.7104197530864 334.1084444444444 -1 0 0
780.939061728395 338.15387654320983 -1 0 0
788.0185679012346 342.0728888888888 -1 0 0
788.9035061728396 348.0146172839506 -1 0 0
800.6605432098767 375.95338271604936 -1 0 0
814.9459753086421 371.5286913580246 -1 0 0
823.2896790123457 381.26301234567893 -1 0 0
805.2116543209877 361.7943703703703 -1 0 0
814.0610370370372 353.95634567901226 -1 0 0
799.1435061728396 340.0501728395061 -1 0 0
810.9005432098767 337.1425185185185 -1 0 0
815.0723950617286 327.28177777777773 -1 0 0
825.5652345679013 343.8427654320987 -1 0 0
828.0936296296298 361.16227160493827 -1 0 0
818.1064691358025 339.67091358024686 -1 0 0
828.8521481481483 329.0516543209876 -1 0 0
828.5993086419754 319.1909135802469 -1 0 0
823.4160987654321 311.100049382716 -1 0 0
807.992888888889 311.73214814814816 -1 0 0
800.7869629629631 322.22498765432096 -1 0 0
808.624987654321 323.6156049382716 -1 0 0
802.3040000000001 388.72177777777773 -1 0 0
785.6165925925926 438.5943703703703 -1 0 0
918.1993086419752 396.55980246913566 -1 0 0
945.505975308642 391.8822716049381 -1 0 0
925.2788148148148 385.0556049382714 -1 0 0
938.8057283950617 368.74745679012335 -1 0 0
931.4733827160494 361.9207901234567 -1 0 0
938.1736296296297 381.1365925925925 -1 0 0
959.6649876543211 394.6635061728394 -1 0 0
980.0185679012345 386.5726419753085 -1 0 0
972.306962962963 372.79288888888874 -1 0 0
961.3084444444445 362.6793086419752 -1 0 0
950.5627654320987 356.8639999999999 -1 0 0
958.9064691358024 343.9691851851851 -1 0 0
985.7074567901234 353.95634567901226 -1 0 0
979.0072098765432 340.1765925925925 -1 0 0
976.6052345679012 348.64671604938263 -1 0 0
1015.1632592592593 399.5938765432097 -1 0 0
999.1079506172839 379.74597530864185 -1 0 0
1012.6348641975308 377.8496790123455 -1 0 0
1004.6704197530864 366.851160493827 -1 0 0
1003.659061728395 358.3810370370369 -1 0 0
1012.7612839506172 357.1168395061727 -1 0 0
1012.6348641975308 348.3938765432098 -1 0 0
997.7173333333333 344.85412345679003 -1 0 0
997.4644938271604 336.76325925925914 -1 0 0
1009.7272098765432 333.097086419753 -1 0 0
933.6225185185185 344.34844444444434 -1 0 0
923.8881975308642 350.79585185185175 -1 0 0
902.1123950617283 386.5726419753085 -1 0 0
910.9617777777778 374.5627654320986 -1 0 0
879.1039999999999 377.4704197530863 -1 0 0
891.6195555555556 363.31140740740733 -1 0 0
895.5385679012346 348.14103703703694 -1 0 0
888.8383209876544 329.178074074074 -1 0 0
898.8254814814815 333.097086419753 -1 0 0
918.6733827160494 334.48770370370363 -1 0 0
919.0526419753087 343.21066666666655 -1 0 0
969.3993086419753 329.6837530864196 -1 0 0
948.4136296296297 328.29313580246895 -1 0 0
954.6081975308642 322.22498765432084 -1 0 0
932.8639999999999 320.5815308641974 -1 0 0
940.4491851851851 312.3642469135801 -1 0 0
910.1084444444444 315.14548148148134 -1 0 0
1013.5198024691358 323.6156049382714 -1 0 0
1000.8778271604938 303.3884444444443 -1 0 0
1012.8877037037037 307.56029629629614 -1 0 0
1018.8294320987653 301.3657283950616 -1 0 0
1012.1291851851852 288.85017283950606 -1 0 0
998.9815308641975 284.931160493827 -1 0 0
992.9133827160495 280.1272098765431 -1 0 0
997.5909135802468 278.73659259259244 -1 0 0
976.3523950617283 291.12572839506157 -1 0 0
966.618074074074 294.7919012345678 -1 0 0
959.5385679012346 308.57165432098753 -1 0 0
939.184987654321 293.65412345679 -1 0 0
930.0827654320987 295.29758024691347 -1 0 0
923.1296790123456 301.3657283950616 -1 0 0
925.4052345679013 311.6057283950616 -1 0 0
903.9138765432099 304.0205432098764 -1 0 0
899.109925925926 308.69807407407393 -1 0 0
904.6723950617284 292.8956049382715 -1 0 0
919.0842469135802 291.7578271604937 -1 0 0
956.6309135802469 283.16128395061713 -1 0 0
940.702024691358 287.83881481481467 -1 0 0
979.6393086419753 319.57017283950603 -1 0 0
968.2615308641975 277.093135802469 -1 0 0
983.9375802469135 276.9667160493826 -1 0 0
886.0570864197531 298.3948641975307 -1 0 0
911.5938765432098 266.22103703703687 -1 0 0
897.3084444444445 267.6116543209875 -1 0 0
890.7346172839507 276.3346172839505 -1 0 0
885.1721481481482 280.75930864197517 -1 0 0
885.1721481481482 270.8985679012344 -1 0 0
900.7217777777778 259.01511111111097 -1 0 0
927.2699259259259 278.4837530864196 -1 0 0
917.5356049382716 259.2679506172838 -1 0 0
913.4901728395062 252.0620246913579 -1 0 0
915.8921481481482 246.12029629629617 -1 0 0
930.4304197530864 264.57758024691344 -1 0 0
944.3365925925926 266.72671604938256 -1 0 0
953.5652345679013 260.27930864197515 -1 0 0
938.5212839506172 256.36029629629616 -1 0 0
939.5326419753087 277.59881481481466 -1 0 0
911.3410370370369 278.610172839506 -1 0 0
918.6733827160494 271.0249876543208 -1 0 0
927.5227654320988 272.1627654320986 -1 0 0
921.0753580246914 283.2877037037035 -1 0 0
897.6877037037038 284.67832098765416 -1 0 0
887.9533827160494 263.94548148148135 -1 0 0
889.8496790123457 251.68276543209865 -1 0 0
904.0086913580246 246.12029629629617 -1 0 0
912.7316543209877 239.67288888888876 -1 0 0
893.1365925925926 238.53511111111095 -1 0 0
895.2857283950617 234.1104197530863 -1 0 0
942.8195555555557 244.60325925925912 -1 0 0
954.4501728395062 248.2694320987653 -1 0 0
949.899061728395 253.07338271604922 -1 0 0
967.344987654321 254.96967901234552 -1 0 0
969.8733827160494 260.532148148148 -1 0 0
965.5751111111111 246.75239506172824 -1 0 0
954.9558518518518 242.45412345679 -1 0 0
965.7015308641976 239.79930864197516 -1 0 0
943.8309135802468 231.20276543209863 -1 0 0
930.9360987654322 229.1800493827159 -1 0 0
930.304 223.11190123456777 -1 0 0
922.5923950617283 228.54795061728382 -1 0 0
913.7430123456791 227.66301234567885 -1 0 0
902.2388148148148 221.59486419753074 -1 0 0
901.2274567901234 228.80079012345666 -1 0 0
905.1464691358025 237.90301234567886 -1 0 0
898.066962962963 241.1899259259258 -1 0 0
892.3780740740741 246.24671604938257 -1 0 0
891.3667160493827 227.41017283950606 -1 0 0
959.8862222222223 225.3874567901233 -1 0 0
952.9331358024692 225.3874567901233 -1 0 0
945.6007901234567 227.1573333333332 -1 0 0
941.3025185185185 224.37609876543198 -1 0 0
970.7583209876543 228.54795061728382 -1 0 0
972.781037037037 240.5578271604937 -1 0 0
931.4417777777778 250.16572839506156 -1 0 0
926.0057283950617 255.09609876543198 -1 0 0
925.1207901234568 245.23535802469124 -1 0 0
922.9716543209877 242.45412345679 -1 0 0
901.7331358024692 270.1400493827159 -1 0 0
970.5054814814814 268.49659259259244 -1 0 0
925.752888888889 236.38597530864183 -1 0 0
907.1691851851851 233.09906172839493 -1 0 0
957.8635061728395 236.63881481481468 -1 0 0
978.2486913580246 261.6699259259258 -1 0 0
979.3864691358024 266.97955555555535 -1 0 0
992.0284444444445 271.1514074074072 -1 0 0
988.9943703703703 261.1642469135801 -1 0 0
999.2343703703704 269.63437037037016 -1 0 0
1005.0496790123456 266.97955555555535 -1 0 0
1014.0254814814815 270.0136296296294 -1 0 0
1015.416098765432 280.0007901234566 -1 0 0
996.9588148148148 255.3489382716048 -1 0 0
1004.9232592592593 253.0733827160492 -1 0 0
1009.095111111111 258.76227160493806 -1 0 0
992.5341234567901 246.24671604938254 -1 0 0
972.0541234567901 253.19980246913565 -1 0 0
983.5583209876542 250.29214814814796 -1 0 0
1004.9232592592593 247.25807407407393 -1 0 0
1012.382024691358 250.29214814814796 -1 0 0
995.568197530864 236.13313580246898 -1 0 0
990.2585679012345 239.42004938271586 -1 0 0
1002.7741234567901 240.3049876543208 -1 0 0
1016.1746172839505 241.69560493827146 -1 0 0
1006.8195555555554 237.14449382716032 -1 0 0
1008.7158518518518 229.55930864197512 -1 0 0
996.3267160493828 227.28375308641958 -1 0 0
980.6506666666667 242.0748641975307 -1 0 0
982.546962962963 235.6274567901233 -1 0 0
1011.7499259259259 221.34202469135786 -1 0 0
1014.2783209876542 234.48967901234553 -1 0 0
1017.4388148148148 227.15733333333318 -1 0 0
984.8225185185185 227.91585185185167 -1 0 0
932.3583209876543 242.32770370370352 -1 0 0
912.0995555555556 221.84770370370356 -1 0 0
922.3395555555554 219.06646913580232 -1 0 0
930.0511604938271 216.28523456790109 -1 0 0
928.1548641975309 211.10202469135788 -1 0 0
923.3509135802468 208.32079012345662 -1 0 0
923.4773333333333 199.97708641975294 -1 0 0
911.9731358024692 194.66745679012328 -1 0 0
907.2956049382716 209.9642469135801 -1 0 0
900.8481975308642 213.63041975308627 -1 0 0
896.0442469135802 208.19437037037022 -1 0 0
890.1025185185184 205.5395555555554 -1 0 0
888.9647407407408 211.60770370370355 -1 0 0
893.3894320987654 219.31930864197517 -1 0 0
934.0965925925926 209.20572839506156 -1 0 0
940.9232592592593 211.73412345678994 -1 0 0
949.7726419753086 218.3079506172838 -1 0 0
958.8748641975308 211.9869629629628 -1 0 0
951.6689382716049 212.61906172839488 -1 0 0
965.7015308641974 216.91733333333318 -1 0 0
966.712888888889 223.23832098765413 -1 0 0
971.9277037037036 213.63041975308624 -1 0 0
981.4091851851852 213.3775802469134 -1 0 0
989.1207901234568 211.86054320987634 -1 0 0
1001.7627654320987 214.89461728395042 -1 0 0
1009.3479506172839 214.89461728395042 -1 0 0
995.1889382716049 217.29659259259242 -1 0 0
998.223012345679 221.5948641975307 -1 0 0
981.1563456790122 220.70992592592575 -1 0 0
1017.0595555555554 221.97412345678995 -1 0 0
1020.8521481481481 219.3193086419751 -1 0 0
980.144987654321 227.41017283950598 -1 0 0
1020.3464691358025 251.68276543209856 -1 0 0
990.3849876543209 251.9356049382714 -1 0 0
934.0017777777778 355.9790617283948 -1 0 0
963.584 356.9904197530862 -1 0 0
947.2758518518518 299.2165925925924 -1 0 0
1002.5212839506172 314.38696296296274 -1 0 0
981.4091851851852 301.61856790123437 -1 0 0
971.8012839506172 319.4437530864195 -1 0 0
985.9602962962963 305.91683950617266 -1 0 0
997.4644938271604 328.41955555555535 -1 0 0
423.55041975308643 338.78597530864175 -1 0 0
433.664 339.79733333333314 -1 0 0
440.99634567901234 335.4990617283949 -1 0 0
423.1711604938271 324.50054320987635 -1 0 0
443.3983209876543 319.19091358024673 -1 0 0
465.1425185185185 320.2022716049381 -1 0 0
464.76325925925926 332.33856790123434 -1 0 0
419.7578271604938 306.8017777777776 -1 0 0
431.8941234567901 309.9622716049381 -1 0 0
440.49066666666664 306.8017777777776 -1 0 0
429.9978271604938 294.7919012345677 -1 0 0
462.1084444444444 305.2847407407406 -1 0 0
462.1084444444444 297.44671604938253 -1 0 0
452.87980246913577 294.7919012345677 -1 0 0
443.3983209876543 298.33165432098747 -1 0 0
441.7548641975308 292.769185185185 -1 0 0
418.24079012345675 293.7805432098764 -1 0 0
463.1198024691358 287.45955555555537 -1 0 0
482.71486419753086 298.96375308641956 -1 0 0
488.90943209876536 294.53906172839487 -1 0 0
492.19634567901227 308.31881481481463 -1 0 0
480.18646913580244 316.1568395061726 -1 0 0
487.1395555555555 316.91535802469116 -1 0 0
493.3341234567901 321.4664691358023 -1 0 0
502.4363456790123 314.63980246913565 -1 0 0
503.0684444444444 333.0970864197529 -1 0 0
532.7770864197531 322.47782716049363 -1 0 0
523.9277037037036 324.7533827160492 -1 0 0
520.7672098765432 331.58004938271586 -1 0 0
510.2743703703703 323.9948641975307 -1 0 0
514.1933827160493 316.91535802469116 -1 0 0
511.79140740740735 303.89412345678994 -1 0 0
496.1153580246913 301.492148148148 -1 0 0
509.3894320987654 287.5859753086418 -1 0 0
522.4106666666667 300.9864691358023 -1 0 0
352.5025185185185 339.79733333333314 -1 0 0
361.60474074074074 344.6012839506171 -1 0 0
346.3079506172839 353.57708641975285 -1 0 0
338.21708641975306 332.0857283950615 -1 0 0
309.64622222222226 332.4649876543208 -1 0 0
300.544 334.4877037037035 -1 0 0
294.60227160493827 325.89116049382693 -1 0 0
304.3365925925926 321.7193086419751 -1 0 0
313.69165432098765 319.8230123456788 -1 0 0
316.0936296296296 330.1894320987652 -1 0 0
310.784 307.81313580246893 -1 0 0
292.705975308642 308.5716543209875 -1 0 0
318.4956049382716 303.009185185185 -1 0 0
314.70301234567904 296.0560987654319 -1 0 0
298.142024691358 287.7123950617282 -1 0 0
335.43585185185185 287.08029629629607 -1 0 0
332.0225185185185 300.4807901234566 -1 0 0
328.60918518518514 294.53906172839487 -1 0 0
324.943012345679 286.57461728395043 -1 0 0
315.7143703703704 287.08029629629607 -1 0 0
352.88177777777776 292.51634567901215 -1 0 0
347.57214814814813 285.43683950617265 -1 0 0
358.9499259259259 285.18399999999986 -1 0 0
367.79930864197524 284.931160493827 -1 0 0
380.18844444444443 284.80474074074056 -1 0 0
370.32770370370366 303.6412839506171 -1 0 0
358.8235061728395 307.05461728395045 -1 0 0
344.7909135802469 308.9509135802467 -1 0 0
331.264 314.26054320987635 -1 0 0
351.36474074074073 324.12128395061706 -1 0 0
353.261037037037 316.1568395061726 -1 0 0
370.20128395061727 326.2704197530862 -1 0 0
361.2254814814815 321.7193086419751 -1 0 0
374.8788148148148 309.7094320987652 -1 0 0
377.78646913580246 316.0304197530862 -1 0 0
389.03782716049375 322.2249876543208 -1 0 0
221.91091358024693 290.1143703703702 -1 0 0
237.58696296296296 302.2506666666664 -1 0 0
240.11535802469135 310.7207901234566 -1 0 0
259.584 300.73362962962943 -1 0 0
253.51585185185183 304.52622222222203 -1 0 0
252.75733333333332 316.1568395061726 -1 0 0
258.19338271604937 323.61560493827136 -1 0 0
236.19634567901235 324.24770370370345 -1 0 0
246.942024691358 325.89116049382693 -1 0 0
253.13659259259256 333.0970864197529 -1 0 0
270.5825185185185 333.3499259259257 -1 0 0
270.07683950617286 327.5346172839504 -1 0 0
283.98301234567896 325.6383209876541 -1 0 0
277.78844444444445 315.2719012345677 -1 0 0
277.662024691358 304.7790617283949 -1 0 0
268.3069629629629 313.6284444444442 -1 0 0
271.7202962962963 294.9183209876541 -1 0 0
284.7415308641975 295.4239999999998 -1 0 0
186.89264197530863 319.82301234567876 -1 0 0
195.99486419753086 320.45511111111085 -1 0 0
179.56029629629631 306.67535802469115 -1 0 0
179.9395555555556 317.67387654320964 -1 0 0
252.50449382716047 291.63140740740715 -1 0 0
118.12029629629627 331.2639999999998 -1 0 0
162.62004938271602 333.2867160493825 -1 0 0
259.4575802469136 273.9326419753084 -1 0 0
284.99437037037046 274.31190123456764 -1 0 0
296.2457283950618 261.0378271604936 -1 0 0
285.8793086419754 258.6358518518516 -1 0 0
306.1064691358025 256.99239506172813 -1 0 0
274.24869135802476 252.18844444444417 -1 0 0
263.5030123456791 248.01659259259233 -1 0 0
264.13511111111114 240.68424691357998 -1 0 0
259.4575802469136 236.2595555555553 -1 0 0
255.15930864197534 245.6146172839504 -1 0 0
257.3084444444445 225.00819753086395 -1 0 0
265.0200493827161 231.70844444444418 -1 0 0
279.3054814814816 236.51239506172814 -1 0 0
284.2358518518519 228.54795061728373 -1 0 0
277.1563456790124 226.0195555555553 -1 0 0
272.8580740740741 230.31782716049358 -1 0 0
278.7998024691359 243.08622222222198 -1 0 0
273.8694320987655 240.43140740740716 -1 0 0
286.25856790123464 246.8788148148146 -1 0 0
292.70597530864205 251.5563456790121 -1 0 0
299.27980246913586 248.01659259259233 -1 0 0
279.68474074074084 252.06202469135778 -1 0 0
315.08227160493834 257.87733333333307 -1 0 0
321.908938271605 261.5435061728393 -1 0 0
323.67881481481487 277.97807407407385 -1 0 0
333.4131358024692 266.2210370370368 -1 0 0
335.9415308641976 278.10449382716024 -1 0 0
350.85906172839515 276.71387654320966 -1 0 0
367.2936296296297 273.4269629629627 -1 0 0
360.3405432098766 271.40424691358 -1 0 0
353.51387654320996 263.81906172839484 -1 0 0
343.5267160493828 251.68276543209853 -1 0 0
330.37906172839513 254.33758024691332 -1 0 0
330.25264197530873 248.01659259259233 -1 0 0
328.73560493827165 244.35041975308621 -1 0 0
314.1973333333334 250.67140740740717 -1 0 0
316.3464691358025 245.99387654320964 -1 0 0
308.00276543209884 243.71832098765407 -1 0 0
310.65758024691365 241.18992592592568 -1 0 0
302.4402962962964 241.56918518518492 -1 0 0
296.2457283950618 237.77659259259235 -1 0 0
301.93461728395073 233.22548148148127 -1 0 0
286.5114074074075 233.47832098765406 -1 0 0
291.188938271605 229.8121481481479 -1 0 0
284.7415308641976 223.11190123456765 -1 0 0
303.07239506172846 225.8931358024689 -1 0 0
307.24424691358035 222.8590617283948 -1 0 0
315.08227160493834 223.61758024691332 -1 0 0
317.73708641975315 240.93708641975286 -1 0 0
324.69017283950626 236.00671604938245 -1 0 0
319.38054320987663 229.8121481481479 -1 0 0
320.77116049382727 226.525234567901 -1 0 0
318.24276543209885 233.7311604938269 -1 0 0
321.4032592592593 222.8590617283948 -1 0 0
328.229925925926 226.90449382716025 -1 0 0
337.4585679012347 226.0195555555553 -1 0 0
343.4002962962964 227.1573333333331 -1 0 0
334.8037530864198 232.59338271604912 -1 0 0
327.344987654321 232.97264197530842 -1 0 0
343.27387654320995 233.6047407407405 -1 0 0
335.8151111111112 237.14449382716023 -1 0 0
329.9998024691359 239.67288888888862 -1 0 0
338.0906666666667 243.97116049382691 -1 0 0
340.99832098765444 240.68424691357998 -1 0 0
349.97412345679015 245.2353580246911 -1 0 0
348.33066666666673 243.33906172839482 -1 0 0
349.4684444444445 225.76671604938247 -1 0 0
349.21560493827167 233.09906172839482 -1 0 0
353.51387654320996 237.27091358024666 -1 0 0
357.5593086419754 247.6373333333331 -1 0 0
352.628938271605 250.03930864197503 -1 0 0
357.81214814814825 240.81066666666644 -1 0 0
359.8348641975309 230.31782716049358 -1 0 0
360.71980246913586 225.64029629629604 -1 0 0
370.32770370370383 225.51387654320965 -1 0 0
364.76523456790136 234.8689382716047 -1 0 0
367.5464691358025 243.59190123456767 -1 0 0
368.0521481481482 251.4299259259257 -1 0 0
203.5800493827161 252.50449382716027 -1 0 0
221.27881481481487 247.4477037037035 -1 0 0
184.1114074074074 236.06992592592567 -1 0 0
200.54597530864203 232.53017283950595 -1 0 0
190.68523456790126 218.62399999999977 -1 0 0
164.26350617283956 237.1444938271603 -1 0 0
179.68671604938277 225.51387654320968 -1 0 0
161.73511111111117 218.68720987654302 -1 0 0
211.2916543209877 240.30498765432077 -1 0 0
217.106962962963 235.37461728395039 -1 0 0
220.2674567901235 227.15733333333313 -1 0 0
240.87387654320992 241.0635061728393 -1 0 0
234.55288888888896 247.89017283950596 -1 0 0
238.34548148148153 233.09906172839484 -1 0 0
233.0358518518519 229.30646913580227 -1 0 0
238.59832098765438 228.1686913580245 -1 0 0
235.0585679012346 222.98548148148126 -1 0 0
219.6353580246914 216.6644938271603 -1 0 0
211.67091358024697 221.3420246913578 -1 0 0
170.8373333333334 217.17017283950597 -1 0 0
184.11140740740746 217.4230123456788 -1 0 0
178.92819753086425 213.5039999999998 -1 0 0
161.73511111111117 208.32079012345662 -1 0 0
154.52918518518524 204.4017777777776 -1 0 0
161.987950617284 201.9998024691356 -1 0 0
168.18251851851858 204.52819753086402 -1 0 0
186.13412345679018 208.95288888888868 -1 0 0
199.40819753086421 210.3435061728393 -1 0 0
193.08720987654326 207.43585185185168 -1 0 0
190.9380740740741 204.52819753086402 -1 0 0
224.31288888888895 197.82795061728376 -1 0 0
208.88967901234574 195.4259753086418 -1 0 0
202.947950617284 194.41461728395043 -1 0 0
194.0985679012346 196.31091358024673 -1 0 0
175.51486419753093 195.67881481481464 -1 0 0
170.45807407407412 193.02399999999983 -1 0 0
159.20671604938278 197.32227160493807 -1 0 0
161.8615308641976 193.4032592592591 -1 0 0
179.81313580246922 202.12622222222205 -1 0 0
186.13412345679018 200.1035061728393 -1 0 0
191.94943209876547 202.75832098765414 -1 0 0
201.43091358024697 202.3790617283949 -1 0 0
205.47634567901238 201.8733827160492 -1 0 0
215.589925925926 203.7696790123455 -1 0 0
215.0842469135803 199.9770864197529 -1 0 0
215.46350617283954 196.31091358024673 -1 0 0
219.00325925925932 193.02399999999983 -1 0 0
224.31288888888895 191.1277037037035 -1 0 0
235.31140740740744 195.17313580246898 -1 0 0
233.0358518518519 197.82795061728376 -1 0 0
230.88671604938276 201.62054320987636 -1 0 0
212.17659259259264 212.49264197530846 -1 0 0
262.87091358024696 215.52671604938254 -1 0 0
272.4788148148149 217.29659259259242 -1 0 0
273.23733333333337 208.70004938271586 -1 0 0
272.7316543209877 199.4714074074072 -1 0 0
268.1805432098766 200.98844444444427 -1 0 0
262.7444938271605 172.98646913580228 -1 0 0
59.840790123456834 233.22548148148127 -1 0 0
36.453135802469184 227.28375308641952 -1 0 0
41.509925925925984 218.94004938271584 -1 0 0
72.10350617283954 241.18992592592568 -1 0 0
80.19437037037042 233.73116049382696 -1 0 0
94.10054320987659 236.89165432098744 -1 0 0
112.30498765432101 232.846222222222 -1 0 0
133.16424691358029 233.3519012345677 -1 0 0
136.83041975308646 226.39881481481459 -1 0 0
137.96819753086422 218.18153086419733 -1 0 0
150.4837530864198 214.2625185185183 -1 0 0
145.5533827160494 208.3207901234566 -1 0 0
141.0022716049383 211.35486419753067 -1 0 0
130.6358518518519 211.48128395061707 -1 0 0
132.91140740740744 207.05659259259238 -1 0 0
141.25511111111115 204.78103703703684 -1 0 0
121.66004938271608 206.17165432098744 -1 0 0
116.85609876543214 216.03239506172818 -1 0 0
103.83486419753089 223.2383209876541 -1 0 0
101.68572839506176 214.768197530864 -1 0 0
99.03091358024696 206.67733333333314 -1 0 0
86.38893827160499 212.8719012345677 -1 0 0
80.70004938271609 220.70992592592572 -1 0 0
85.2511604938272 226.01955555555534 -1 0 0
71.97708641975314 225.38745679012325 -1 0 0
55.163259259259306 218.56079012345657 -1 0 0
64.1390617283951 216.41165432098745 -1 0 0
64.64474074074079 211.60770370370352 -1 0 0
51.49708641975314 211.48128395061707 -1 0 0
44.544000000000054 206.67733333333314 -1 0 0
37.970172839506226 210.3435061728393 -1 0 0
33.2926419753087 212.11338271604916 -1 0 0
40.87782716049388 200.1035061728393 -1 0 0
55.7953580246914 204.78103703703684 -1 0 0
64.39190123456795 208.82646913580228 -1 0 0
67.42597530864202 203.76967901234545 -1 0 0
28.014617283950628 230.19140740740718 -1 0 0
6.776098765432116 228.92720987654297 -1 0 0
7.028938271604954 216.4116543209874 -1 0 0
22.704987654321002 208.95288888888868 -1 0 0
28.39387654320989 203.13758024691336 -1 0 0
32.94498765432099 203.5168395061726 -1 0 0
26.876839506172846 197.1958518518516 -1 0 0
26.24474074074075 191.63338271604917 -1 0 0
15.499061728395075 190.1163456790121 -1 0 0
7.408197530864213 191.63338271604917 -1 0 0
11.580049382716059 188.47288888888866 -1 0 0
2.8570864197530996 187.84079012345654 -1 0 0
2.098567901234579 196.4373333333331 -1 0 0
6.5232592592592695 205.4131358024689 -1 0 0
16.763259259259268 183.6689382716047 -1 0 0
12.591407407407416 178.99140740740717 -1 0 0
20.682271604938276 177.98004938271583 -1 0 0
26.497580246913586 179.11782716049362 -1 0 0
28.14103703703704 187.4615308641973 -1 0 0
38.381037037037046 187.84079012345654 -1 0 0
36.611160493827164 194.5410370370368 -1 0 0
47.60967901234568 194.16177777777756 -1 0 0
58.22893827160493 189.35782716049363 -1 0 0
52.540049382716056 185.6916543209874 -1 0 0
67.33116049382716 188.85214814814793 -1 0 0
56.71190123456791 196.05807407407383 -1 0 0
51.023012345679014 205.28671604938245 -1 0 0
64.29708641975307 195.6788148148146 -1 0 0
66.95190123456788 199.34498765432073 -1 0 0
73.14646913580246 198.08079012345655 -1 0 0
80.47881481481481 196.05807407407383 -1 0 0
78.45609876543209 193.27683950617262 -1 0 0
75.54844444444444 191.50696296296272 -1 0 0
73.65214814814816 183.5425185185183 -1 0 0
82.88079012345679 185.94449382716027 -1 0 0
86.79980246913578 185.31239506172815 -1 0 0
91.73017283950618 182.91041975308622 -1 0 0
105.63634567901232 192.0126419753084 -1 0 0
98.68325925925924 194.28819753086395 -1 0 0
95.26992592592592 189.35782716049363 -1 0 0
89.58103703703704 191.88622222222202 -1 0 0
89.20177777777779 199.85066666666643 -1 0 0
98.05116049382715 200.48276543209852 -1 0 0
102.47585185185183 198.9657283950615 -1 0 0
110.18745679012345 203.3904197530862 -1 0 0
106.26844444444441 205.4131358024689 -1 0 0
113.72720987654318 198.20720987654298 -1 0 0
110.94597530864198 193.1504197530862 -1 0 0
120.55387654320984 190.1163456790121 -1 0 0
107.40622222222221 187.33511111111088 -1 0 0
111.07239506172839 185.4388148148146 -1 0 0
100.3267160493827 185.94449382716027 -1 0 0
117.39338271604936 183.5425185185183 -1 0 0
119.03683950617284 180.00276543209856 -1 0 0
104.49856790123457 178.61214814814792 -1 0 0
97.41906172839505 182.02548148148125 -1 0 0
79.97313580246913 178.48572839506147 -1 0 0
87.68474074074075 179.24424691358 -1 0 0
66.19338271604938 176.21017283950593 -1 0 0
59.61955555555555 179.62350617283929 -1 0 0
47.86251851851853 177.2215308641973 -1 0 0
44.32276543209877 182.02548148148125 -1 0 0
49.88523456790124 168.62498765432076 -1 0 0
119.28967901234564 195.55239506172816 -1 0 0
121.31239506172838 175.07239506172814 -1 0 0
134.99733333333333 198.83930864197507 -1 0 0
127.41214814814816 195.9316543209874 -1 0 0
130.3198024691358 193.27683950617262 -1 0 0
132.46893827160494 188.85214814814793 -1 0 0
147.6393086419753 200.22992592592567 -1 0 0
144.35239506172837 195.42597530864174 -1 0 0
142.83535802469137 190.24276543209854 -1 0 0
152.5696790123457 195.805234567901 -1 0 0
151.55832098765433 191.00128395061705 -1 0 0
147.89214814814815 185.18597530864176 -1 0 0
161.0398024691358 188.85214814814793 -1 0 0
157.37362962962962 185.565234567901 -1 0 0
176.46301234567903 191.00128395061705 -1 0 0
176.46301234567903 185.565234567901 -1 0 0
186.07091358024692 193.52967901234544 -1 0 0
182.6575802469136 192.51832098765408 -1 0 0
201.74696296296295 189.48424691358002 -1 0 0
189.10498765432098 189.10498765432072 -1 0 0
194.28819753086418 185.565234567901 -1 0 0
188.47288888888886 183.41609876543185 -1 0 0
138.91634567901235 186.57659259259233 -1 0 0
131.584 182.53116049382695 -1 0 0
130.57264197530864 178.10646913580223 -1 0 0
137.90498765432102 181.51980246913556 -1 0 0
293.14844444444446 226.525234567901 -1 0 0
282.6556049382716 215.90597530864176 -1 0 0
294.0333827160494 213.12474074074052 -1 0 0
283.1612839506173 209.45856790123432 -1 0 0
290.74646913580244 206.93017283950593 -1 0 0
284.5519012345679 205.2867160493825 -1 0 0
288.5973333333333 200.48276543209857 -1 0 0
277.345975308642 201.4941234567899 -1 0 0
283.66696296296294 193.1504197530862 -1 0 0
283.54054320987655 196.4373333333331 -1 0 0
299.4694320987654 198.46004938271582 -1 0 0
298.4580740740741 201.6205432098763 -1 0 0
299.5958518518519 208.3207901234566 -1 0 0
271.2778271604938 184.30103703703685 -1 0 0
276.33461728395065 187.08227160493803 -1 0 0
285.9425185185185 189.23140740740718 -1 0 0
287.4595555555556 187.33511111111088 -1 0 0
295.424 193.27683950617265 -1 0 0
291.25214814814814 196.9430123456788 -1 0 0
293.5277037037037 189.23140740740718 -1 0 0
304.02054320987656 188.85214814814793 -1 0 0
237.52375308641976 191.2541234567899 -1 0 0
228.67437037037035 191.63338271604917 -1 0 0
217.80227160493828 185.81807407407385 -1 0 0
212.1133827160494 183.92177777777758 -1 0 0
224.37609876543212 185.94449382716027 -1 0 0
206.5509135802469 186.32375308641954 -1 0 0
234.86893827160495 184.42745679012324 -1 0 0
242.45412345679014 186.32375308641954 -1 0 0
276.8402962962963 212.366222222222 -1 0 0
398.1400493827161 315.27190123456785 -1 0 0
392.70400000000006 303.5148641975308 -1 0 0
408.00079012345685 307.9395555555555 -1 0 0
400.2891851851852 300.9864691358024 -1 0 0
409.5178271604938 295.0447407407407 -1 0 0
403.44967901234565 290.24079012345675 -1 0 0
392.95683950617286 287.2067160493827 -1 0 0
387.9000493827161 279.6215308641975 -1 0 0
383.9810370370371 271.78350617283945 -1 0 0
362.36325925925934 298.8373333333333 -1 0 0
417.103012345679 322.47782716049375 -1 0 0
423.80325925925933 282.14992592592586 -1 0 0
416.5973333333333 277.72523456790117 -1 0 0
323.5523950617285 323.8684444444444 -1 0 0
320.01264197530867 304.9054814814814 -1 0 0
407.49511111111116 281.897086419753 -1 0 0
398.2664691358025 277.0931358024691 -1 0 0
407.49511111111116 272.92128395061724 -1 0 0
436.5716543209877 274.81758024691356 -1 0 0
444.53609876543214 278.73659259259256 -1 0 0
327.97708641975316 311.3528888888888 -1 0 0
374.8788148148148 296.05609876543207 -1 0 0
390.6812839506173 266.66350617283945 -1 0 0
397.25511111111115 266.66350617283945 -1 0 0
390.9341234567902 258.3198024691357 -1 0 0
383.09609876543215 255.28572839506168 -1 0 0
379.80918518518524 249.7232592592592 -1 0 0
380.06202469135803 246.18350617283946 -1 0 0
381.8319012345679 236.82844444444441 -1 0 0
391.6926419753087 243.14943209876537 -1 0 0
391.94548148148147 246.43634567901228 -1 0 0
394.7267160493828 239.3568395061728 -1 0 0
395.2323950617284 251.24029629629624 -1 0 0
402.5647407407407 257.30844444444443 -1 0 0
407.3686913580247 254.52720987654314 -1 0 0
411.41412345679015 251.49313580246906 -1 0 0
412.4254814814815 246.68918518518512 -1 0 0
403.5760987654321 245.42498765432092 -1 0 0
407.1158518518519 241.63239506172835 -1 0 0
420.0106666666667 256.80276543209874 -1 0 0
420.2635061728395 266.4106666666666 -1 0 0
426.0788148148148 262.618074074074 -1 0 0
435.68671604938277 263.37659259259254 -1 0 0
433.4111604938272 256.0442469135802 -1 0 0
447.5701728395062 260.5953580246913 -1 0 0
451.3627654320988 270.96177777777774 -1 0 0
465.26893827160495 269.19190123456787 -1 0 0
476.64671604938275 281.8338765432098 -1 0 0
463.499061728395 278.7998024691357 -1 0 0
481.4506666666667 274.75437037037034 -1 0 0
493.0812839506174 284.1094320987654 -1 0 0
495.60967901234574 278.54696296296294 -1 0 0
488.5301728395062 269.44474074074066 -1 0 0
502.43634567901245 271.9731358024691 -1 0 0
513.3084444444445 274.50153086419743 -1 0 0
510.7800493827161 282.5923950617283 -1 0 0
513.3084444444445 266.66350617283945 -1 0 0
498.39091358024695 265.39930864197527 -1 0 0
480.18646913580255 262.8709135802469 -1 0 0
472.60128395061736 261.60671604938267 -1 0 0
461.98202469135805 261.3538765432098 -1 0 0
456.92523456790127 256.0442469135802 -1 0 0
460.2121481481482 250.48177777777775 -1 0 0
461.72918518518526 244.16079012345674 -1 0 0
453.63832098765437 241.63239506172835 -1 0 0
448.3286913580247 246.68918518518512 -1 0 0
438.97362962962967 247.70054320987646 -1 0 0
442.2605432098765 241.8852345679012 -1 0 0
432.9054814814815 243.4022716049382 -1 0 0
429.3657283950617 242.13807407407398 -1 0 0
422.53906172839504 238.59832098765426 -1 0 0
438.7207901234568 236.32276543209872 -1 0 0
470.8314074074075 240.62103703703698 -1 0 0
482.2091851851852 241.63239506172835 -1 0 0
475.38251851851857 245.67782716049376 -1 0 0
486.2546172839507 250.48177777777775 -1 0 0
483.22054320987655 249.7232592592592 -1 0 0
486.5074567901235 245.93066666666658 -1 0 0
495.60967901234574 248.96474074074067 -1 0 0
494.3454814814815 254.52720987654314 -1 0 0
490.8057283950617 257.5612839506172 -1 0 0
489.54153086419757 263.8822716049382 -1 0 0
505.2175802469136 258.3198024691357 -1 0 0
501.42498765432106 255.79140740740732 -1 0 0
514.5726419753087 257.30844444444443 -1 0 0
507.745975308642 252.2516543209876 -1 0 0
505.2175802469136 248.96474074074067 -1 0 0
511.2857283950617 245.93066666666658 -1 0 0
504.2062222222223 237.0812839506172 -1 0 0
550.9815308641977 331.39041975308635 -1 0 0
542.637827160494 333.1602962962962 -1 0 0
563.117827160494 335.43585185185174 -1 0 0
573.2314074074076 327.09214814814806 -1 0 0
582.3336296296299 333.1602962962962 -1 0 0
598.0096790123458 330.37906172839496 -1 0 0
588.9074567901237 327.59782716049375 -1 0 0
578.5410370370372 317.23140740740735 -1 0 0
555.7854814814816 319.7598024691357 -1 0 0
556.5440000000001 306.6121481481481 -1 0 0
536.0640000000002 308.12918518518507 -1 0 0
541.6264691358026 303.83091358024683 -1 0 0
544.4077037037039 289.16622222222213 -1 0 0
570.955851851852 301.5553580246912 -1 0 0
562.1064691358026 294.47585185185176 -1 0 0
560.8422716049384 284.86795061728384 -1 0 0
553.5099259259262 283.8565925925925 -1 0 0
557.8081975308643 277.53560493827155 -1 0 0
545.4190617283951 278.5469629629629 -1 0 0
532.7770864197532 274.50153086419743 -1 0 0
530.7543703703706 278.29412345679003 -1 0 0
525.6975802469137 268.93906172839496 -1 0 0
543.1435061728397 264.3879506172838 -1 0 0
551.4872098765434 269.1919012345678 -1 0 0
563.117827160494 265.65214814814806 -1 0 0
571.7143703703706 259.83683950617274 -1 0 0
571.9672098765434 277.02992592592585 -1 0 0
583.8506666666668 295.23437037037024 -1 0 0
591.6886913580248 301.8081975308641 -1 0 0
594.722765432099 290.936098765432 -1 0 0
600.5380740740742 321.78251851851843 -1 0 0
595.9869629629632 311.6689382716049 -1 0 0
640.7395555555557 335.68869135802464 -1 0 0
630.6259753086422 332.9074567901234 -1 0 0
617.9840000000002 322.541037037037 -1 0 0
614.9499259259261 311.6689382716049 -1 0 0
614.1914074074075 298.0156049382715 -1 0 0
600.5380740740742 304.0837530864197 -1 0 0
662.7365925925928 350.1005432098765 -1 0 0
654.645728395062 342.0096790123456 -1 0 0
658.1854814814816 332.4017777777777 -1 0 0
649.8417777777779 325.575111111111 -1 0 0
655.1514074074076 316.72572839506165 -1 0 0
642.0037530864199 315.9672098765431 -1 0 0
633.912888888889 311.92177777777766 -1 0 0
638.9696790123459 304.5894320987653 -1 0 0
637.199802469136 298.0156049382715 -1 0 0
657.4269629629631 305.6007901234567 -1 0 0
650.6002962962965 296.24572839506163 -1 0 0
665.2649876543212 300.5439999999999 -1 0 0
679.1711604938273 297.0042469135801 -1 0 0
694.5943703703706 296.4985679012345 -1 0 0
716.8442469135805 297.76276543209866 -1 0 0
708.2477037037039 292.7059753086419 -1 0 0
707.2363456790125 286.89066666666656 -1 0 0
693.835851851852 286.6378271604937 -1 0 0
727.4635061728396 292.7059753086419 -1 0 0
732.2674567901238 296.24572839506163 -1 0 0
744.40375308642 303.0723950617283 -1 0 0
737.8299259259261 290.4304197530863 -1 0 0
750.9775802469138 291.94745679012334 -1 0 0
750.9775802469138 283.8565925925925 -1 0 0
741.6225185185186 279.81116049382706 -1 0 0
743.1395555555558 275.51288888888877 -1 0 0
750.9775802469138 270.20325925925914 -1 0 0
740.8640000000003 266.15782716049375 -1 0 0
733.278814814815 267.1691851851851 -1 0 0
729.4862222222224 268.1805432098765 -1 0 0
724.1765925925928 258.5726419753085 -1 0 0
735.0486913580248 255.28572839506162 -1 0 0
751.2304197530867 258.82548148148135 -1 0 0
745.9207901234571 248.45906172839497 -1 0 0
751.4832592592595 239.8625185185184 -1 0 0
744.6565925925928 229.74893827160486 -1 0 0
736.5657283950618 237.58696296296284 -1 0 0
732.2674567901238 241.63239506172832 -1 0 0
721.1425185185186 242.13807407407398 -1 0 0
721.1425185185186 238.3454814814814 -1 0 0
727.9691851851853 235.31140740740733 -1 0 0
728.2220246913582 231.26597530864186 -1 0 0
722.1538765432102 228.48474074074062 -1 0 0
715.3272098765435 232.27733333333325 -1 0 0
715.0743703703706 224.4393086419752 -1 0 0
714.8215308641977 220.39387654320976 -1 0 0
718.6141234567904 218.6239999999999 -1 0 0
728.2220246913582 221.65807407407397 -1 0 0
701.6738765432102 224.18646913580238 -1 0 0
702.1795555555557 219.12967901234558 -1 0 0
708.2477037037039 232.02449382716037 -1 0 0
708.5005432098768 239.10399999999993 -1 0 0
713.3044938271607 246.43634567901225 -1 0 0
714.5686913580248 253.2630123456789 -1 0 0
714.5686913580248 256.54992592592583 -1 0 0
715.832888888889 264.135111111111 -1 0 0
720.3840000000002 271.9731358024691 -1 0 0
714.0630123456792 277.02992592592585 -1 0 0
705.9721481481483 267.1691851851851 -1 0 0
694.3415308641977 268.6862222222221 -1 0 0
690.0432592592595 275.7657283950616 -1 0 0
691.5602962962964 277.78844444444434 -1 0 0
677.4012839506174 285.1207901234567 -1 0 0
681.6995555555557 276.01856790123446 -1 0 0
666.2763456790125 283.3509135802468 -1 0 0
669.8160987654322 276.52424691358016 -1 0 0
666.2763456790125 273.99585185185174 -1 0 0
667.7933827160496 265.9049876543209 -1 0 0
657.4269629629631 264.135111111111 -1 0 0
648.3247407407409 261.85955555555546 -1 0 0
655.9099259259261 256.297086419753 -1 0 0
672.3444938271607 253.7686913580246 -1 0 0
656.6684444444446 251.2402962962962 -1 0 0
670.8274567901236 245.4249876543209 -1 0 0
674.8728888888891 243.14943209876532 -1 0 0
665.7706666666669 239.8625185185184 -1 0 0
673.3558518518521 237.08128395061718 -1 0 0
678.4126419753088 232.53017283950606 -1 0 0
671.0802962962964 232.53017283950606 -1 0 0
670.3217777777779 225.4506666666666 -1 0 0
679.676839506173 226.71486419753077 -1 0 0
670.8274567901236 220.39387654320976 -1 0 0
645.2906666666669 287.39634567901226 -1 0 0
654.8985679012347 282.08671604938263 -1 0 0
635.4299259259261 295.74004938271594 -1 0 0
627.0862222222224 296.4985679012345 -1 0 0
624.8106666666669 290.4304197530863 -1 0 0
633.1543703703705 281.07535802469124 -1 0 0
633.4072098765433 275.51288888888877 -1 0 0
624.557827160494 277.78844444444434 -1 0 0
616.2141234567903 283.8565925925925 -1 0 0
616.4669629629632 291.44177777777765 -1 0 0
607.1119012345681 281.58103703703694 -1 0 0
595.9869629629632 279.81116049382706 -1 0 0
590.6773333333334 273.49017283950604 -1 0 0
599.5267160493829 272.4788148148147 -1 0 0
603.3193086419755 268.1805432098765 -1 0 0
618.7425185185188 267.1691851851851 -1 0 0
592.7000493827162 260.0896790123456 -1 0 0
579.5523950617285 257.81412345679 -1 0 0
589.4131358024692 253.2630123456789 -1 0 0
600.2852345679014 253.51585185185175 -1 0 0
603.5721481481482 258.82548148148135 -1 0 0
611.1573333333334 248.45906172839497 -1 0 0
612.9272098765433 257.81412345679 -1 0 0
618.7425185185188 248.20622222222212 -1 0 0
617.9840000000002 239.8625185185184 -1 0 0
621.7765925925928 237.58696296296284 -1 0 0
612.1686913580248 234.30004938271594 -1 0 0
615.9612839506175 228.48474074074062 -1 0 0
619.2481975308644 227.22054320987644 -1 0 0
608.881777777778 223.9336296296295 -1 0 0
603.0664691358027 222.4165925925925 -1 0 0
600.5380740740742 230.25461728395052 -1 0 0
598.5153580246915 235.05856790123445 -1 0 0
603.3193086419755 238.3454814814814 -1 0 0
596.9983209876546 247.70054320987646 -1 0 0
590.9301728395063 244.9193086419752 -1 0 0
585.114864197531 248.96474074074067 -1 0 0
527.2146172839508 292.95881481481473 -1 0 0
536.316839506173 251.9988148148147 -1 0 0
530.5015308641977 257.56128395061717 -1 0 0
524.9390617283952 248.7119012345678 -1 0 0
528.7316543209879 246.43634567901225 -1 0 0
521.1464691358026 244.41362962962953 -1 0 0
514.8254814814817 237.58696296296284 -1 0 0
509.76869135802485 235.05856790123445 -1 0 0
508.75733333333346 226.46202469135793 -1 0 0
517.35387654321 223.42795061728384 -1 0 0
524.4333827160496 217.61264197530852 -1 0 0
525.4447407407409 225.4506666666666 -1 0 0
519.6294320987656 232.7830123456789 -1 0 0
533.5356049382717 224.4393086419752 -1 0 0
538.5923950617286 220.6467160493826 -1 0 0
544.6605432098767 220.1410370370369 -1 0 0
553.2570864197533 221.1523950617283 -1 0 0
553.2570864197533 236.57560493827154 -1 0 0
556.2911604938273 232.27733333333325 -1 0 0
543.1435061728397 241.8852345679011 -1 0 0
547.9474567901236 251.74597530864187 -1 0 0
563.117827160494 242.3909135802468 -1 0 0
571.2086913580249 237.83980246913572 -1 0 0
564.634864197531 233.2886913580246 -1 0 0
566.9104197530866 226.20918518518508 -1 0 0
566.1519012345681 219.12967901234558 -1 0 0
574.242765432099 224.4393086419752 -1 0 0
575.5069629629631 228.48474074074062 -1 0 0
576.2654814814816 232.02449382716037 -1 0 0
578.79387654321 237.08128395061718 -1 0 0
585.114864197531 232.7830123456789 -1 0 0
590.6773333333334 229.24325925925916 -1 0 0
589.1602962962965 222.9222716049382 -1 0 0
578.0353580246915 244.41362962962953 -1 0 0
586.3790617283952 240.62103703703693 -1 0 0
572.9785679012348 243.4022716049382 -1 0 0
565.3933827160496 252.75733333333324 -1 0 0
549.2116543209878 259.5839999999999 -1 0 0
638.7168395061731 267.6748641975308 -1 0 0
627.5919012345681 263.8822716049382 -1 0 0
640.486716049383 258.82548148148135 -1 0 0
641.4980740740742 253.01017283950605 -1 0 0
643.7736296296298 248.7119012345678 -1 0 0
650.3474567901236 246.1835061728394 -1 0 0
650.3474567901236 239.60967901234557 -1 0 0
650.3474567901236 236.32276543209863 -1 0 0
646.5548641975311 231.77165432098755 -1 0 0
653.8872098765434 225.95634567901223 -1 0 0
643.7736296296298 221.40523456790112 -1 0 0
638.2111604938274 221.1523950617283 -1 0 0
635.6827654320989 224.69214814814805 -1 0 0
629.6146172839508 228.73758024691347 -1 0 0
632.1430123456792 235.56424691358015 -1 0 0
627.8447407407409 246.1835061728394 -1 0 0
628.0975802469138 254.52720987654314 -1 0 0
681.9523950617286 268.93906172839496 -1 0 0
679.4240000000002 250.98745679012336 -1 0 0
690.5489382716052 243.14943209876532 -1 0 0
682.2052345679014 241.12671604938262 -1 0 0
691.3074567901236 232.27733333333325 -1 0 0
724.4294320987656 248.20622222222212 -1 0 0
695.3528888888889 253.26301234567893 -1 0 0
696.3642469135802 257.5612839506172 -1 0 0
804.3267160493828 299.27980246913575 -1 0 0
816.2101728395062 290.17758024691346 -1 0 0
829.8635061728395 299.53264197530854 -1 0 0
822.0254814814815 286.89066666666656 -1 0 0
830.1163456790124 288.4077037037036 -1 0 0
818.7385679012345 278.7998024691357 -1 0 0
773.2274567901234 302.0610370370369 -1 0 0
774.2388148148148 295.99288888888884 -1 0 0
792.4432592592593 299.53264197530854 -1 0 0
785.3637530864197 286.38498765432087 -1 0 0
767.6649876543211 286.1321481481481 -1 0 0
760.5854814814815 279.5583209876542 -1 0 0
774.4916543209877 276.01856790123446 -1 0 0
761.5968395061728 267.1691851851851 -1 0 0
762.3553580246913 259.0783209876542 -1 0 0
762.1025185185184 245.93066666666658 -1 0 0
774.4916543209877 263.62943209876534 -1 0 0
803.5681975308643 250.98745679012336 -1 0 0
813.6817777777778 243.9079506172839 -1 0 0
815.4516543209877 254.78004938271593 -1 0 0
830.3691851851852 262.1123950617283 -1 0 0
836.4373333333333 266.4106666666666 -1 0 0
832.391901234568 279.5583209876542 -1 0 0
825.3123950617284 277.02992592592585 -1 0 0
831.8862222222223 253.51585185185175 -1 0 0
831.8862222222223 248.20622222222215 -1 0 0
832.6447407407408 241.63239506172832 -1 0 0
823.0368395061729 238.59832098765423 -1 0 0
834.4146172839506 231.77165432098755 -1 0 0
811.4062222222223 231.01313580246907 -1 0 0
805.0852345679012 240.3681975308641 -1 0 0
799.0170864197531 233.54153086419745 -1 0 0
787.1336296296296 226.20918518518508 -1 0 0
790.4205432098765 230.25461728395055 -1 0 0
778.789925925926 235.05856790123448 -1 0 0
787.6393086419754 235.31140740740733 -1 0 0
779.5484444444445 247.19486419753076 -1 0 0
770.4462222222223 239.10399999999993 -1 0 0
753.7588148148149 231.51881481481476 -1 0 0
763.1138765432098 233.54153086419745 -1 0 0
768.1706666666666 228.48474074074068 -1 0 0
793.4546172839507 223.4279506172839 -1 0 0
817.9800493827161 223.175111111111 -1 0 0
808.8778271604939 224.69214814814808 -1 0 0
778.789925925926 224.43930864197523 -1 0 0
827.3351111111111 222.4165925925925 -1 0 0
838.2072098765432 226.71486419753077 -1 0 0
760.8383209876544 223.175111111111 -1 0 0
753.7588148148149 223.4279506172839 -1 0 0
807.6136296296296 267.6748641975308 -1 0 0
818.232888888889 264.8936296296295 -1 0 0
812.6704197530864 277.78844444444434 -1 0 0
806.6022716049382 278.04128395061724 -1 0 0
800.0284444444445 279.3054814814814 -1 0 0
787.6393086419754 275.5128888888888 -1 0 0
798.0057283950617 271.7202962962962 -1 0 0
785.3637530864197 255.1593086419752 -1 0 0
681.4467160493828 217.35980246913573 -1 0 0
684.4807901234568 216.34844444444437 -1 0 0
684.7336296296296 213.82004938271595 -1 0 0
682.7109135802469 211.29165432098756 -1 0 0
692.8244938271605 208.51041975308635 -1 0 0
696.8699259259259 211.79733333333326 -1 0 0
701.4210370370371 205.47634567901227 -1 0 0
705.7193086419754 209.77461728395056 -1 0 0
714.8215308641976 207.75190123456778 -1 0 0
710.7760987654322 204.46498765432088 -1 0 0
722.4067160493828 207.24622222222217 -1 0 0
730.2447407407408 209.01609876543196 -1 0 0
729.9919012345679 216.60128395061722 -1 0 0
739.09412345679 216.85412345679003 -1 0 0
739.346962962963 212.8086913580246 -1 0 0
744.1509135802469 208.76325925925917 -1 0 0
749.9662222222223 209.77461728395056 -1 0 0
749.9662222222223 217.35980246913573 -1 0 0
788.9035061728396 218.11832098765422 -1 0 0
801.5454814814815 217.35980246913573 -1 0 0
799.0170864197531 219.38251851851842 -1 0 0
770.9519012345679 219.38251851851842 -1 0 0
777.7785679012346 215.84276543209867 -1 0 0
809.8891851851853 219.88819753086412 -1 0 0
814.1874567901234 216.60128395061722 -1 0 0
806.6022716049384 214.32572839506165 -1 0 0
816.2101728395062 209.52177777777766 -1 0 0
808.3721481481481 208.25758024691348 -1 0 0
824.0481975308643 213.82004938271595 -1 0 0
826.0709135802468 217.86548148148142 -1 0 0
823.7953580246914 206.99338271604927 -1 0 0
832.8975802469135 210.02745679012335 -1 0 0
832.8975802469135 207.24622222222217 -1 0 0
804.0738765432098 201.6837530864197 -1 0 0
814.9459753086421 202.18943209876534 -1 0 0
825.5652345679013 200.16671604938261 -1 0 0
835.1731358024692 203.45362962962955 -1 0 0
760.8383209876544 212.8086913580246 -1 0 0
768.1706666666666 211.29165432098756 -1 0 0
763.8723950617285 207.49906172839496 -1 0 0
759.826962962963 202.695111111111 -1 0 0
766.4007901234568 203.7064691358024 -1 0 0
756.0343703703704 202.695111111111 -1 0 0
759.826962962963 198.3968395061727 -1 0 0
771.7104197530864 198.14399999999992 -1 0 0
757.8042469135802 188.03041975308636 -1 0 0
786.1222716049384 177.15832098765424 -1 0 0
749.4605432098765 204.97066666666657 -1 0 0
745.4151111111112 203.2007901234567 -1 0 0
750.4719012345679 198.3968395061727 -1 0 0
732.7731358024691 204.2121481481481 -1 0 0
720.1311604938272 201.6837530864197 -1 0 0
724.4294320987656 199.9138765432098 -1 0 0
721.9010370370371 194.35140740740732 -1 0 0
729.9919012345679 196.37412345679002 -1 0 0
735.3015308641976 194.60424691358014 -1 0 0
739.8526419753088 198.3968395061727 -1 0 0
741.3696790123457 197.13264197530853 -1 0 0
715.0743703703705 197.63832098765423 -1 0 0
714.8215308641976 187.7775802469135 -1 0 0
703.6965925925927 198.64967901234562 -1 0 0
706.7306666666666 194.85708641975302 -1 0 0
700.4096790123457 186.76622222222215 -1 0 0
687.5148641975309 188.78893827160485 -1 0 0
685.2393086419753 195.36276543209868 -1 0 0
681.4467160493828 200.6723950617283 -1 0 0
679.4240000000001 207.24622222222217 -1 0 0
674.1143703703704 206.48770370370357 -1 0 0
694.0886913580247 202.44227160493818 -1 0 0
664.0007901234568 217.61264197530858 -1 0 0
658.4383209876544 218.37116049382706 -1 0 0
650.0946172839506 214.5785679012345 -1 0 0
595.7341234567901 216.09560493827152 -1 0 0
604.0778271604938 213.82004938271595 -1 0 0
597.504 210.02745679012335 -1 0 0
602.5607901234569 206.99338271604927 -1 0 0
595.7341234567901 198.9025185185184 -1 0 0
588.6546172839506 200.6723950617283 -1 0 0
593.9642469135803 189.04177777777767 -1 0 0
589.665975308642 191.31733333333324 -1 0 0
593.2057283950618 191.31733333333324 -1 0 0
600.2852345679013 191.31733333333324 -1 0 0
606.8590617283951 192.32869135802463 -1 0 0
611.9158518518519 202.18943209876534 -1 0 0
611.663012345679 204.71782716049378 -1 0 0
609.8931358024691 207.49906172839496 -1 0 0
611.663012345679 211.03881481481474 -1 0 0
619.501037037037 208.51041975308635 -1 0 0
615.9612839506173 208.51041975308635 -1 0 0
615.9612839506173 205.2235061728394 -1 0 0
622.5351111111112 202.44227160493818 -1 0 0
622.2822716049384 215.84276543209867 -1 0 0
618.4896790123456 214.32572839506165 -1 0 0
622.5351111111112 221.40523456790115 -1 0 0
628.8560987654321 217.61264197530858 -1 0 0
631.1316543209876 212.05017283950613 -1 0 0
636.946962962963 211.29165432098756 -1 0 0
643.5207901234569 209.77461728395056 -1 0 0
637.9583209876544 205.2235061728394 -1 0 0
636.1884444444445 201.9365925925925 -1 0 0
634.1657283950618 198.3968395061727 -1 0 0
632.143012345679 193.34004938271593 -1 0 0
647.3133827160494 194.60424691358014 -1 0 0
650.0946172839506 208.25758024691348 -1 0 0
654.140049382716 205.98202469135794 -1 0 0
664.2536296296296 199.9138765432098 -1 0 0
656.9212839506173 198.9025185185184 -1 0 0
654.140049382716 195.10992592592584 -1 0 0
662.4837530864197 193.08720987654314 -1 0 0
659.7025185185186 190.30597530864188 -1 0 0
679.1711604938272 193.08720987654314 -1 0 0
674.8728888888888 194.85708641975302 -1 0 0
668.8047407407408 192.83437037037027 -1 0 0
404.46103703703693 234.9321481481482 -1 0 0
388.532148148148 231.6452345679013 -1 0 0
380.94696296296286 225.0714074074075 -1 0 0
387.01511111111097 225.5770864197531 -1 0 0
397.8872098765431 223.0486913580247 -1 0 0
394.09461728395047 216.22202469135806 -1 0 0
405.2195555555554 224.0600493827161 -1 0 0
403.1968395061727 227.59980246913588 -1 0 0
439.3528888888888 217.73906172839511 -1 0 0
426.9637530864197 220.52029629629632 -1 0 0
440.61708641975304 226.33560493827164 -1 0 0
434.54893827160487 231.39239506172845 -1 0 0
428.9864691358024 227.85264197530867 -1 0 0
416.34449382716036 229.36967901234573 -1 0 0
418.36720987654314 221.27881481481484 -1 0 0
421.14844444444435 225.5770864197531 -1 0 0
382.4639999999999 217.48622222222224 -1 0 0
381.4526419753085 210.91239506172846 -1 0 0
382.4639999999999 205.8556049382716 -1 0 0
382.71683950617273 200.04029629629633 -1 0 0
391.06054320987647 201.8101728395062 -1 0 0
368.3049876543209 207.87832098765438 -1 0 0
367.0407901234567 218.75041975308645 -1 0 0
362.2368395061727 214.19930864197536 -1 0 0
350.85906172839486 215.21066666666667 -1 0 0
353.38745679012334 188.4096790123457 -1 0 0
353.893135802469 192.20227160493826 -1 0 0
354.1459753086419 194.98350617283955 -1 0 0
355.66301234567885 179.56029629629631 -1 0 0
365.5237530864196 188.4096790123457 -1 0 0
369.3163456790122 194.47782716049386 -1 0 0
369.8220246913579 200.29313580246912 -1 0 0
381.70548148148134 181.583012345679 -1 0 0
386.5094320987653 191.44375308641978 -1 0 0
370.8333827160493 154.27634567901237 -1 0 0
370.8333827160493 180.31881481481483 -1 0 0
374.12029629629615 188.4096790123457 -1 0 0
398.1400493827159 192.70795061728396 -1 0 0
393.336098765432 193.97214814814816 -1 0 0
396.37017283950604 202.56869135802472 -1 0 0
402.1854814814814 201.55733333333336 -1 0 0
407.495111111111 204.3385679012346 -1 0 0
402.4383209876542 208.88967901234568 -1 0 0
420.137086419753 200.54597530864203 -1 0 0
416.85017283950606 212.6822716049383 -1 0 0
408.75930864197517 215.46350617283954 -1 0 0
425.6995555555555 211.67091358024697 -1 0 0
429.4921481481481 207.6254814814815 -1 0 0
429.7449876543209 200.54597530864203 -1 0 0
440.3642469135802 204.8442469135803 -1 0 0
443.3983209876542 201.05165432098772 -1 0 0
448.45511111111097 199.7874567901235 -1 0 0
434.29609876543196 196.75338271604943 -1 0 0
427.4694320987653 194.47782716049386 -1 0 0
425.9523950617283 188.4096790123457 -1 0 0
427.975111111111 183.3528888888889 -1 0 0
434.29609876543196 165.4012839506173 -1 0 0
388.532148148148 167.67683950617285 -1 0 0
380.44128395061716 170.96375308641976 -1 0 0
359.20276543209866 156.29906172839506 -1 0 0
449.97214814814805 177.28474074074074 -1 0 0
453.25906172839507 181.83585185185186 -1 0 0
459.3272098765431 160.85017283950617 -1 0 0
446.938074074074 191.69659259259262 -1 0 0
443.9039999999999 185.62844444444448 -1 0 0
457.81017283950604 186.6398024691358 -1 0 0
460.8442469135802 190.17955555555557 -1 0 0
466.1538765432098 187.14548148148148 -1 0 0
464.38399999999996 183.6057283950617 -1 0 0
467.9237530864197 174.75634567901236 -1 0 0
473.9919012345678 174.50350617283954 -1 0 0
485.3696790123456 176.27338271604938 -1 0 0
491.9435061728395 179.05461728395062 -1 0 0
497.7588148148148 178.54893827160492 -1 0 0
505.0911604938271 180.82449382716052 -1 0 0
509.3894320987654 179.81313580246913 -1 0 0
517.985975308642 178.54893827160492 -1 0 0
522.2842469135802 181.83585185185186 -1 0 0
531.8921481481482 181.33017283950622 -1 0 0
539.7301728395062 174.2506666666667 -1 0 0
331.89609876543193 213.94646913580252 -1 0 0
455.5346172839505 196.75338271604943 -1 0 0
454.01758024691355 213.94646913580252 -1 0 0
458.8215308641974 214.95782716049385 -1 0 0
452.75338271604926 227.85264197530867 -1 0 0
462.10844444444433 231.39239506172845 -1 0 0
466.65955555555547 227.0941234567902 -1 0 0
479.30153086419745 223.0486913580247 -1 0 0
483.59980246913574 231.39239506172845 -1 0 0
494.47190123456784 229.87535802469142 -1 0 0
486.8867160493826 227.59980246913588 -1 0 0
488.6565925925925 220.2674567901235 -1 0 0
482.8412839506172 215.71634567901236 -1 0 0
477.53165432098757 214.70498765432103 -1 0 0
472.4748641975308 214.70498765432103 -1 0 0
465.3953580246913 220.01461728395063 -1 0 0
465.3953580246913 213.44079012345685 -1 0 0
453.76474074074065 207.6254814814815 -1 0 0
461.34992592592585 209.14251851851859 -1 0 0
469.6936296296296 204.08572839506175 -1 0 0
476.773135802469 206.866962962963 -1 0 0
466.1538765432098 200.79881481481482 -1 0 0
483.3469629629629 197.76474074074073 -1 0 0
487.898074074074 204.8442469135803 -1 0 0
485.11683950617277 206.3612839506173 -1 0 0
492.70202469135796 209.90103703703707 -1 0 0
498.26449382716044 203.8328888888889 -1 0 0
509.1365925925925 201.05165432098772 -1 0 0
503.5741234567901 199.53461728395064 -1 0 0
491.4378271604938 199.02893827160494 -1 0 0
469.9464691358024 195.9948641975309 -1 0 0
476.01461728395054 193.46646913580247 -1 0 0
512.1706666666666 193.21362962962965 -1 0 0
502.3099259259258 192.70795061728396 -1 0 0
494.72474074074063 192.20227160493826 -1 0 0
501.55140740740734 188.9153580246914 -1 0 0
487.6452345679012 188.4096790123457 -1 0 0
514.699061728395 186.8926419753087 -1 0 0
523.2956049382716 191.94943209876547 -1 0 0
530.6279506172839 197.2590617283951 -1 0 0
524.8126419753086 198.77609876543212 -1 0 0
515.9632592592592 201.8101728395062 -1 0 0
523.5484444444445 203.5800493827161 -1 0 0
529.3637530864197 204.59140740740742 -1 0 0
520.7672098765432 210.40671604938277 -1 0 0
509.8951111111111 208.6368395061729 -1 0 0
503.0684444444444 214.19930864197536 -1 0 0
511.91782716049374 213.94646913580252 -1 0 0
508.378074074074 219.00325925925932 -1 0 0
338.97560493827143 231.6452345679013 -1 0 0
435.56029629629614 189.67387654320987 -1 0 0
435.05461728395056 186.13412345679015 -1 0 0
411.2877037037036 188.9153580246914 -1 0 0
406.4837530864196 192.9607901234568 -1 0 0
404.46103703703693 188.9153580246914 -1 0 0
404.46103703703693 184.6170864197531 -1 0 0
396.11733333333325 185.3756049382716 -1 0 0
501.2985679012345 184.6170864197531 -1 0 0
451.9948641975308 188.15683950617287 -1 0 0
532.9035061728396 193.21362962962965 -1 0 0
538.4659753086419 191.94943209876547 -1 0 0
544.786962962963 192.20227160493826 -1 0 0
543.5227654320987 199.7874567901235 -1 0 0
536.4432592592593 200.79881481481482 -1 0 0
544.0284444444445 208.6368395061729 -1 0 0
547.3153580246914 204.8442469135803 -1 0 0
549.5909135802468 200.29313580246912 -1 0 0
554.3948641975309 201.8101728395062 -1 0 0
561.4743703703704 201.3044938271605 -1 0 0
565.266962962963 201.55733333333336 -1 0 0
561.9800493827161 208.1311604938272 -1 0 0
556.6704197530864 214.45214814814815 -1 0 0
571.0822716049382 209.14251851851859 -1 0 0
570.3237530864197 205.349925925926 -1 0 0
571.8407901234567 201.55733333333336 -1 0 0
567.5425185185185 197.76474074074073 -1 0 0
335.9415308641974 243.2758518518519 -1 0 0
418.62004938271593 183.3528888888889 -1 0 0
403.95535802469124 180.065975308642 -1 0 0
409.01214814814807 175.26202469135805 -1 0 0
416.0916543209876 175.0091851851852 -1 0 0
413.56325925925915 171.2165925925926 -1 0 0
399.90992592592585 169.19387654320988 -1 0 0
371.0862222222221 173.99782716049384 -1 0 0
352.6289382716048 165.65412345679013 -1 0 0
472.22202469135794 181.583012345679 -1 0 0
482.3356049382716 181.583012345679 -1 0 0
522.2842469135802 186.6398024691358 -1 0 0
542.0057283950617 181.583012345679 -1 0 0
550.0965925925926 182.84720987654322 -1 0 0
562.2328888888889 183.10004938271607 -1 0 0
565.266962962963 188.15683950617287 -1 0 0
568.8067160493828 192.20227160493826 -1 0 0
556.9232592592593 191.19091358024696 -1 0 0
549.3380740740741 188.15683950617287 -1 0 0
576.8975802469135 189.42103703703708 -1 0 0
580.6901728395062 193.46646913580247 -1 0 0
586.2526419753086 190.4323950617284 -1 0 0
577.656098765432 199.53461728395064 -1 0 0
584.4827654320987 201.05165432098772 -1 0 0
582.712888888889 203.8328888888889 -1 0 0
586.5054814814815 210.1538765432099 -1 0 0
589.2867160493828 206.3612839506173 -1 0 0
342.2625185185185 215.7163456790124 -1 0 0
335.43585185185185 211.67091358024697 -1 0 0
325.0694320987654 206.3612839506173 -1 0 0
317.2314074074074 206.866962962963 -1 0 0
323.04671604938267 211.67091358024697 -1 0 0
312.68029629629626 209.90103703703707 -1 0 0
310.6575802469135 215.7163456790124 -1 0 0
315.2086913580246 217.48622222222224 -1 0 0
297.50992592592587 218.24474074074078 -1 0 0
290.43041975308637 219.25609876543214 -1 0 0
311.66893827160493 202.82153086419757 -1 0 0
312.68029629629626 199.28177777777782 -1 0 0
314.19733333333335 193.46646913580247 -1 0 0
312.9331358024691 187.14548148148148 -1 0 0
321.2768395061728 186.8926419753087 -1 0 0
314.7030123456789 183.6057283950617 -1 0 0
294.98153086419745 181.0773333333333 -1 0 0
325.8279506172839 185.62844444444445 -1 0 0
329.62054320987653 187.904 -1 0 0
329.11486419753084 193.97214814814816 -1 0 0
331.89609876543204 199.78745679012349 -1 0 0
340.49264197530863 204.8442469135803 -1 0 0
346.3079506172839 203.8328888888889 -1 0 0
356.6743703703703 202.31585185185182 -1 0 0
343.021037037037 191.69659259259257 -1 0 0
338.97560493827154 189.92671604938272 -1 0 0
339.7341234567901 182.0886913580247 -1 0 0
334.93017283950616 181.83585185185183 -1 0 0
320.2654814814814 179.05461728395062 -1 0 0
321.2768395061728 176.02054320987654 -1 0 0
304.3365925925925 178.80177777777777 -1 0 0
301.80819753086416 184.6170864197531 -1 0 0
275.00720987654313 180.06597530864198 -1 0 0
234.5528888888888 177.79041975308644 -1 0 0
239.8625185185184 176.52622222222223 -1 0 0
244.66646913580237 176.77906172839505 -1 0 0
247.4477037037036 177.28474074074074 -1 0 0
229.49609876543198 181.0773333333333 -1 0 0
204.97066666666655 179.05461728395062 -1 0 0
196.87980246913568 179.05461728395062 -1 0 0
199.15535802469122 183.8585679012346 -1 0 0
191.57017283950606 175.51486419753087 -1 0 0
187.01906172839495 177.28474074074074 -1 0 0
288.6605432098765 181.83585185185183 -1 0 0
283.6037530864197 181.0773333333333 -1 0 0
281.8338765432098 183.3528888888889 -1 0 0
319.5069629629629 192.96079012345677 -1 0 0
348.8363456790123 183.3528888888889 -1 0 0
347.57214814814813 178.29609876543213 -1 0 0
363.24819753086416 201.8101728395062 -1 0 0
83.92375308641974 168.43535802469137 -1 0 0
73.55733333333332 172.48079012345679 -1 0 0
74.31585185185185 168.43535802469137 -1 0 0
64.4551111111111 168.18251851851852 -1 0 0
58.89264197530864 170.4580740740741 -1 0 0
55.10004938271604 165.40128395061728 -1 0 0
37.40128395061726 163.12572839506174 -1 0 0
27.034864197530847 163.88424691358023 -1 0 0
41.95239506172837 170.96375308641976 -1 0 0
29.563259259259254 171.72227160493827 -1 0 0
16.921283950617266 166.66548148148146 -1 0 0
3.0151111111111053 165.90696296296295 -1 0 0
3.5207901234567793 159.83881481481478 -1 0 0
93.02597530864196 165.40128395061728 -1 0 0
93.7844938271605 172.98646913580248 -1 0 0
101.87535802469137 166.66548148148146 -1 0 0
102.88671604938271 170.96375308641976 -1 0 0
107.43782716049384 170.96375308641976 -1 0 0
114.2644938271605 172.22795061728394 -1 0 0
144.09955555555558 173.2393086419753 -1 0 0
147.89214814814815 177.7904197530864 -1 0 0
135.503012345679 173.99782716049384 -1 0 0
165.84375308641972 172.98646913580248 -1 0 0
157.24720987654322 178.04325925925926 -1 0 0
170.39486419753086 176.02054320987654 -1 0 0
174.44029629629625 179.5602962962963 -1 0 0
204.78103703703704 173.49214814814815 -1 0 0
227.78943209876542 176.5262222222222 -1 0 0
214.13609876543208 173.49214814814815 -1 0 0
130.44622222222222 171.97511111111112 -1 0 0
795.3509135802468 189.80029629629632 -1 0 0
817.6007901234567 185.75486419753094 -1 0 0
838.8393086419751 190.8116543209877 -1 0 0
663.8743703703703 183.73214814814816 -1 0 0
581.9543703703704 181.70943209876546 -1 0 0
590.0452345679012 184.74350617283955 -1 0 0
36.569089794130555 157.06738151554976 -1 0 0
44.64267717915026 155.4526640385458 -1 0 0
34.954372317126584 150.60851160753398 -1 0 0
31.18669820411742 150.60851160753398 -1 0 0
25.26606745510294 150.60851160753398 -1 0 0
26.880784932106888 144.14964169951824 -1 0 0
22.036632501095067 145.76435917652216 -1 0 0
17.192480070083246 151.1467507665353 -1 0 0
10.733610162067478 148.4555549715287 -1 0 0
4.274740254051692 146.84083749452475 -1 0 0
8.580653526062223 155.9909031975471 -1 0 0
12.886566798072735 155.9909031975471 -1 0 0
18.268958388085863 159.75857731055632 -1 0 0
22.574871660096377 155.9909031975471 -1 0 0
4.274740254051692 138.76725010950506 -1 0 0
10.19537100306615 139.84372842750767 -1 0 0
16.11600175208061 141.45844590451165 -1 0 0
39.26028558913709 144.14964169951824 -1 0 0
41.951481384143676 139.84372842750767 -1 0 0
46.25739465615419 146.30259833552347 -1 0 0
52.716264564169975 143.61140254051688 -1 0 0
55.407460359176525 147.91731581252742 -1 0 0
54.330982041173904 151.68498992553663 -1 0 0
54.330982041173904 157.06738151554976 -1 0 0
44.104438020148955 165.14096890056945 -1 0 0
64.55752606219885 161.37329478756027 -1 0 0
63.48104774419624 153.83794656154186 -1 0 0
70.47815681121332 150.60851160753398 -1 0 0
63.48104774419624 143.61140254051688 -1 0 0
72.09287428821726 141.99668506351293 -1 0 0
79.08998335523435 141.45844590451165 -1 0 0
76.39878756022777 151.1467507665353 -1 0 0
69.93991765221202 155.9909031975471 -1 0 0
70.47815681121332 160.83505562855893 -1 0 0
79.08998335523435 154.3761857205432 -1 0 0
78.55174419623305 162.9880122645642 -1 0 0
79.62822251423566 158.68209899255368 -1 0 0
88.24004905825669 154.9144248795445 -1 0 0
94.69891896627247 152.76146824353924 -1 0 0
89.85476653526061 146.84083749452475 -1 0 0
85.5488532632501 137.69077179150244 -1 0 0
100.0813105562856 150.07027244853268 -1 0 0
100.0813105562856 155.4526640385458 -1 0 0
94.16067980727112 159.220338151555 -1 0 0
86.08709242225144 159.220338151555 -1 0 0
105.46370214629873 160.83505562855893 -1 0 0
109.76961541830924 162.44977310556288 -1 0 0
114.61376784932106 166.2174472185721 -1 0 0
120.53439859833554 156.52914235654842 -1 0 0
116.22848532632503 156.52914235654842 -1 0 0
106.00194130530004 153.29970740254052 -1 0 0
104.92546298729742 147.37907665352608 -1 0 0
111.38433289531321 147.37907665352608 -1 0 0
110.84609373631186 152.2232290845379 -1 0 0
115.15200700832237 151.68498992553663 -1 0 0
122.14911607533946 147.37907665352608 -1 0 0
124.84031187034606 154.3761857205432 -1 0 0
125.91679018834867 150.60851160753398 -1 0 0
135.06685589137098 147.37907665352608 -1 0 0
130.22270346035916 155.9909031975471 -1 0 0
124.84031187034606 158.14385983355237 -1 0 0
120.53439859833554 160.83505562855893 -1 0 0
123.22559439334209 167.2939255365747 -1 0 0
129.68446430135785 162.44977310556288 -1 0 0
135.60509505037234 158.14385983355237 -1 0 0
136.14333420937365 151.1467507665353 -1 0 0
140.44924748138416 150.07027244853268 -1 0 0
157.13466141042488 169.9851213315813 -1 0 0
148.52283486640385 167.2939255365747 -1 0 0
139.3727691633815 167.2939255365747 -1 0 0
141.5257257993868 162.9880122645642 -1 0 0
149.06107402540513 159.220338151555 -1 0 0
147.44635654840124 153.29970740254052 -1 0 0
149.06107402540513 150.07027244853268 -1 0 0
154.44346561541832 150.07027244853268 -1 0 0
145.8316390713973 144.6878808585195 -1 0 0
160.36409636443275 154.3761857205432 -1 0 0
155.51994393342093 160.29681646955763 -1 0 0
163.59353131844065 160.83505562855893 -1 0 0
166.82296627244858 162.9880122645642 -1 0 0
163.05529215943938 167.2939255365747 -1 0 0
165.74648795444588 152.2232290845379 -1 0 0
166.82296627244858 145.76435917652216 -1 0 0
179.20246692947873 160.83505562855893 -1 0 0
185.12309767849322 164.06449058256683 -1 0 0
184.0466193604906 171.59983880858522 -1 0 0
180.2789452474814 167.2939255365747 -1 0 0
179.20246692947873 170.52336049058263 -1 0 0
191.58196758650894 166.7556863775734 -1 0 0
193.19668506351292 171.59983880858522 -1 0 0
199.11731581252735 164.60272974156814 -1 0 0
205.57618572054315 164.60272974156814 -1 0 0
200.73203328953133 158.14385983355237 -1 0 0
194.81140254051687 157.60562067455106 -1 0 0
189.96725010950504 158.14385983355237 -1 0 0
200.73203328953133 152.2232290845379 -1 0 0
208.26738151554972 151.1467507665353 -1 0 0
214.72625142356543 151.1467507665353 -1 0 0
212.03505562855892 155.9909031975471 -1 0 0
210.42033815155497 161.37329478756027 -1 0 0
214.72625142356543 167.2939255365747 -1 0 0
220.1086430135786 163.5262514235655 -1 0 0
215.26449058256676 158.14385983355237 -1 0 0
220.64688217257995 156.52914235654842 -1 0 0
218.49392553657464 159.75857731055632 -1 0 0
224.9527954445904 153.83794656154186 -1 0 0
227.643991239597 155.4526640385458 -1 0 0
227.643991239597 160.29681646955763 -1 0 0
223.33807796758646 165.6792080595708 -1 0 0
220.64688217257995 171.0615996495839 -1 0 0
226.02927376259305 171.0615996495839 -1 0 0
231.4116653526062 167.832164695576 -1 0 0
233.02638282961018 161.91153394656158 -1 0 0
234.64110030661405 157.06738151554976 -1 0 0
236.79405694261936 153.29970740254052 -1 0 0
239.48525273762587 160.29681646955763 -1 0 0
238.94701357862462 164.06449058256683 -1 0 0
237.870535260622 169.44688217258 -1 0 0
243.25292685063508 169.44688217258 -1 0 0
249.1735575996496 167.2939255365747 -1 0 0
247.02060096364428 161.37329478756027 -1 0 0
244.86764432763906 155.4526640385458 -1 0 0
250.2500359176522 158.14385983355237 -1 0 0
256.17066666666665 157.60562067455106 -1 0 0
254.5559491896627 161.91153394656158 -1 0 0
251.8647533946561 165.14096890056945 -1 0 0
262.62953657468245 160.29681646955763 -1 0 0
267.47368900569427 159.220338151555 -1 0 0
270.7031239597021 162.9880122645642 -1 0 0
272.85608059570734 167.2939255365747 -1 0 0
283.08262461673235 169.9851213315813 -1 0 0
286.3120595707402 168.37040385457732 -1 0 0
292.770929478756 167.2939255365747 -1 0 0
294.38564695575997 172.13807796758653 -1 0 0
286.3120595707402 176.44399123959704 -1 0 0
283.08262461673235 175.90575208059573 -1 0 0
277.70023302671916 170.52336049058263 -1 0 0
285.2355812527376 161.37329478756027 -1 0 0
301.9209951817783 160.29681646955763 -1 0 0
307.8416259307928 161.91153394656158 -1 0 0
304.6121909767849 169.44688217258 -1 0 0
299.2297993867718 174.2910346035918 -1 0 0
302.45923434077963 177.52046955759965 -1 0 0
308.91810424879543 174.82927376259312 -1 0 0
311.60930004380197 167.2939255365747 -1 0 0
317.52993079281646 166.2174472185721 -1 0 0
314.30049583880856 172.13807796758653 -1 0 0
321.2976049058256 170.52336049058263 -1 0 0
326.14175733683743 169.9851213315813 -1 0 0
328.2947139728427 164.60272974156814 -1 0 0
334.75358388085846 169.9851213315813 -1 0 0
331.5241489268506 172.67631712658783 -1 0 0
340.13597547087164 161.37329478756027 -1 0 0
340.13597547087164 167.832164695576 -1 0 0
365.9714551029347 174.2910346035918 -1 0 0
359.5125851949189 172.67631712658783 -1 0 0
349.2860411738939 171.0615996495839 -1 0 0
342.28893210687687 172.13807796758653 -1 0 0
