39.616473548534614 103.9233510174994 -1 0 0
27.926975831639645 119.1196980494629 -1 0 0
67.08679318323782 108.59915010425738 -1 0 0
75.85391647090907 130.2247208805131 -1 0 0
121.44295756679946 143.6676432549423 -1 0 0
140.14615391383145 111.52152453348114 -1 0 0
149.49775208734744 101.0009765882757 -1 0 0
185.73519500972182 95.15622772982819 -1 0 0
185.73519500972182 108.59915010425738 -1 0 0
272.2374781147446 99.24755193074141 -1 0 0
258.2100808544707 99.24755193074141 -1 0 0
245.93610825173099 119.70417293530765 -1 0 0
219.63473838871727 143.6676432549423 -1 0 0
179.3059712654296 124.37997202206564 -1 0 0
162.35619957593187 140.7452688257186 -1 0 0
150.08222697319212 155.94161585768202 -1 0 0
203.26944158506433 159.44846517275056 -1 0 0
236.00003519237023 155.94161585768202 -1 0 0
269.3151036855209 155.94161585768202 -1 0 0
254.7032315394022 146.00554279832136 -1 0 0
318.4109940964798 148.34344234170035 -1 0 0
329.5160169275301 174.644812204714 -1 0 0
352.89501236131997 160.61741494444001 -1 0 0
330.68496669921956 210.88225512708843 -1 0 0
317.826519210635 207.95988069786466 -1 0 0
229.57081144807802 245.36627339192864 -1 0 0
110.33793473574923 219.06490352891487 -1 0 0
92.80368816040676 250.62654736453135 -1 0 0
42.53884797775838 332.4530313827962 -1 0 0
205.60734112844332 363.4302003325679 -1 0 0
351.1415877037858 355.2475519307414 -1 0 0
290.94067446177667 286.8639902869058 -1 0 0
390.8858799412286 214.97357932800165 -1 0 0
383.28770642524694 295.04663868873223 -1 0 0
404.9132772015026 351.1562277298282 -1 0 0
435.3059712654296 310.8274606065405 -1 0 0
476.80368816040675 262.3160450814263 -1 0 0
462.191816014288 220.2338533006044 -1 0 0
429.4612224069821 189.8411592366775 -1 0 0
416.0183000325529 171.7224377754903 -1 0 0
428.8767475211373 137.82289439649486 -1 0 0
464.52971555766703 179.32061129147206 -1 0 0
487.908710991457 193.348008551746 -1 0 0
497.26030916497297 208.54435558370943 -1 0 0
523.5616790279867 227.2475519307414 -1 0 0
526.4840534572104 189.8411592366775 -1 0 0
492.584510078215 153.60371631430303 -1 0 0
508.36533199602326 135.48499485311586 -1 0 0
541.0959256033291 177.56718663393775 -1 0 0
577.9178434115483 150.68134188507935 -1 0 0
626.4292589366624 127.88682133713411 -1 0 0
656.8219530005895 158.27951540106102 -1 0 0
660.3288023156578 137.2384195106501 -1 0 0
688.9680717220506 163.53978937366378 -1 0 0
707.6712680690825 161.20188983028478 -1 0 0
705.3333685257036 182.24298572069574 -1 0 0
669.0959256033291 187.5032596932985 -1 0 0
658.5753776581236 221.40280307229395 -1 0 0
655.0685283430552 257.05577110882354 -1 0 0
673.7717246900872 282.1881912001478 -1 0 0
699.4886196672561 266.9918441681843 -1 0 0
720.5297155576671 255.88682133713408 -1 0 0
742.1552863339227 285.1105656293715 -1 0 0
773.1324552836944 272.8365930266318 -1 0 0
886.5205831375756 462.7909309261751 -1 0 0
904.6393045987629 396.1607939398738 -1 0 0
907.5616790279867 330.69960672526196 -1 0 0
855.543414187804 372.1973236202391 -1 0 0
852.6210397585803 328.94618206772776 -1 0 0
836.8402178407721 396.74526882571854 -1 0 0
781.315103685521 370.4438989627049 -1 0 0
686.6301721786716 403.1744925700108 -1 0 0
663.2511767448816 364.5991501042574 -1 0 0
700.0730945531009 359.3388761316546 -1 0 0
590.7762909001327 407.265816770924 -1 0 0
598.3744644161146 477.98727795813863 -1 0 0
558.0456972928267 371.61284873439445 -1 0 0
540.5114507174843 287.44846517275056 -1 0 0
629.9361082517311 300.89138754717976 -1 0 0
583.7625922699958 247.70417293530758 -1 0 0
608.3105374754751 253.5489217937551 -1 0 0
802.9406744617766 191.01010900836695 -1 0 0
811.7077977494478 174.0603373188693 -1 0 0
784.8219530005895 162.37083960197432 -1 0 0
861.9726379320963 203.2840816111067 -1 0 0
857.2968388453384 247.70417293530758 -1 0 0
846.1918160142881 269.9142185974081 -1 0 0
802.9406744617766 245.36627339192864 -1 0 0
814.0456972928268 317.25668435083276 -1 0 0
766.7032315394023 314.91878480745373 -1 0 0
567.9817703521876 242.4438989627049 -1 0 0
404.9132772015026 219.06490352891487 -1 0 0
614.1552863339227 261.14709530973676 -1 0 0
957.1594237490193 474.94024280151444 -1 0 0
944.883699473295 312.2868961481678 -1 0 0
927.4930900826856 252.95422881550036 -1 0 0
933.6309522205478 205.89728575855736 -1 0 0
969.4351480247435 208.96621682748844 -1 0 0
1012.4001829897785 274.43674629801785 -1 0 0
975.5730101626057 297.96521782648944 -1 0 0
1018.5380451276407 314.3328501941218 -1 0 0
118.31826490786028 66.77241063368224 -1 0 0
65.12345971305511 70.86431872559025 -1 0 0
33.41117200076737 60.634548495820084 -1 0 0
227.77680636640176 44.26691612818775 -1 0 0
273.81077240036785 45.289893151164755 -1 0 0
792.4601230497186 23.807375668647264 -1 0 0
975.5730101626057 71.88729574856734 -1 0 0
1009.3312519208474 54.49668635795793 -1 0 0
720.851731441327 336.83834469961624 -1 0 0
662.5420411316364 320.470712331984 -1 0 0
