29.622511600059866 472.92022152372397 -1 0 0
54.355336027540794 454.9660230504415 -1 0 0
51.790450531357585 460.4622062565484 -1 0 0
51.790450531357585 465.77518335578503 -1 0 0
50.87441999700643 473.6530459512049 -1 0 0
27.24083221074689 478.41640472983084 -1 0 0
22.843885645861395 479.6988474779224 -1 0 0
19.179763508456816 487.75991618021254 -1 0 0
30.538542134411014 481.5309085466247 -1 0 0
34.38587037868582 482.9965574015866 -1 0 0
39.515641371052226 480.43167190540333 -1 0 0
45.195030684029334 482.2637329741056 -1 0 0
56.370603203113305 468.3400688519682 -1 0 0
41.1644963328843 477.1339619817392 -1 0 0
40.79808411914383 486.8438856458614 -1 0 0
33.10342763059422 486.4774734321209 -1 0 0
66.81335129471636 447.4545726687622 -1 0 0
64.24846579853316 446.53854213441105 -1 0 0
58.752282592426276 452.40113755425836 -1 0 0
58.752282592426276 459.1797635084568 -1 0 0
62.41640472983086 463.0270917527316 -1 0 0
62.41640472983086 479.6988474779224 -1 0 0
71.21029785960185 475.30190091303695 -1 0 0
71.94312228708277 487.39350396647205 -1 0 0
65.71411465349499 487.75991618021254 -1 0 0
58.01945816494537 489.0423589283041 -1 0 0
32.73701541685376 492.88968717257893 -1 0 0
22.843885645861395 506.4469390809758 -1 0 0
17.71411465349498 501.5003741954797 -1 0 0
20.279000149678186 497.28663373746446 -1 0 0
15.332435264182006 496.73701541685375 -1 0 0
6.904954348151469 501.31716808860944 -1 0 0
41.897320760365204 499.30190091303695 -1 0 0
51.24083221074689 500.03472534051787 -1 0 0
51.42403831761712 494.72174824128126 -1 0 0
61.133961981739255 495.8209848825026 -1 0 0
64.79808411914384 493.4393054931896 -1 0 0
73.04235892830414 466.8744199970064 -1 0 0
73.59197724891483 461.74464900464 -1 0 0
69.0118245771591 457.5309085466247 -1 0 0
63.88205358479269 454.41640472983084 -1 0 0
55.45457266876216 503.1492291573117 -1 0 0
61.500374195479715 504.98129022601404 -1 0 0
46.843885645861384 504.0652596916629 -1 0 0
45.56144289776978 509.19503068402935 -1 0 0
42.446939080975895 511.21029785960184 -1 0 0
25.958389462655287 503.8820535847927 -1 0 0
26.32480167639574 498.0194581649453 -1 0 0
2.324801676395741 503.8820535847927 -1 0 0
10.385870378685816 493.8057177069301 -1 0 0
71.57671007334231 451.85151923364765 -1 0 0
48.12632839395299 476.7675497679988 -1 0 0
37.133961981739255 472.18739709624305 -1 0 0
41.897320760365204 464.3095345008232 -1 0 0
38.59961083670109 483.5461757221973 -1 0 0
48.859152821433916 486.1110612183805 -1 0 0
25.958389462655287 491.6072444244873 -1 0 0
18.080526867235434 492.88968717257893 -1 0 0
23.943122287082765 500.58434366112857 -1 0 0
71.02709175273162 497.6530459512049 -1 0 0
76.34006885196825 499.30190091303695 -1 0 0
82.20266427181559 503.332435264182 -1 0 0
84.7675497679988 494.53854213441093 -1 0 0
62.01945816494534 500.85915282143395 -1 0 0
54.32480167639572 490.5996108367011 -1 0 0
75.94312228708273 477.40877114204466 -1 0 0
69.71411465349496 480.70648106570883 -1 0 0
75.21029785960184 482.90495434815153 -1 0 0
71.91258793593771 493.8973207603653 -1 0 0
25.744649004639985 514.4164047298309 -1 0 0
16.58434366112855 514.4164047298309 -1 0 0
11.088160455021674 502.6912138901362 -1 0 0
27.943122287082748 537.5003741954798 -1 0 0
22.44693908097587 523.210297859602 -1 0 0
26.477473432120913 529.8057177069301 -1 0 0
6.324801676395723 518.0805268672354 -1 0 0
7.790450531357558 529.0728932794492 -1 0 0
14.019458164945343 538.9660230504415 -1 0 0
38.56907648555602 519.9125879359377 -1 0 0
36.004190989372816 514.7828169435713 -1 0 0
30.141595569525492 514.4164047298309 -1 0 0
63.485107019907176 515.1492291573119 -1 0 0
56.156862745098 517.714114653495 -1 0 0
50.66067953899115 512.9507558748691 -1 0 0
56.156862745098 511.8515192336477 -1 0 0
42.2331986229606 527.6072444244874 -1 0 0
31.240832210746863 523.9431222870828 -1 0 0
30.8744199970064 498.29426732525076 -1 0 0
68.24846579853313 508.5538093099836 -1 0 0
37.83625205807511 541.5309085466248 -1 0 0
38.56907648555602 534.2026642718157 -1 0 0
60.55380930998351 541.1644963328844 -1 0 0
50.66067953899115 541.1644963328844 -1 0 0
48.462206256548384 536.7675497679988 -1 0 0
45.53090854662473 532.7370154168538 -1 0 0
8.156862745098003 537.5003741954798 -1 0 0
43.424038317617104 521.2866337374644 -1 0 0
49.103427630594204 520.3706032031134 -1 0 0
55.515641371052226 530.4469390809759 -1 0 0
69.43930549318964 523.8515192336478 -1 0 0
74.56907648555604 514.6912138901363 -1 0 0
79.51564137105223 509.56144289776984 -1 0 0
71.63777877563237 508.4622062565485 -1 0 0
73.83625205807512 541.0728932794492 -1 0 0
91.60724442448732 538.1415955695255 -1 0 0
96.18739709624306 521.4698398443347 -1 0 0
95.63777877563238 515.2408322107469 -1 0 0
89.04235892830413 517.8057177069301 -1 0 0
87.02709175273162 512.3095345008232 -1 0 0
101.31716808860948 495.08816045502175 -1 0 0
102.41640472983086 504.0652596916629 -1 0 0
105.71411465349496 512.4927406076935 -1 0 0
79.69884747792246 532.2790001496782 -1 0 0
84.46220625654841 525.1339619817393 -1 0 0
112.6759467145637 516.889687172579 -1 0 0
110.84388564586138 505.714114653495 -1 0 0
59.912587935937715 524.9507558748691 -1 0 0
97.46983984433467 533.5614428977699 -1 0 0
95.27136656189192 502.0499925160904 -1 0 0
109.37823679089956 499.1186948061668 -1 0 0
100.21793144738808 488.49274060769346 -1 0 0
72.55380930998352 519.8209848825027 -1 0 0
129.3477024397545 538.1415955695255 -1 0 0
127.33243526418201 523.6683131267774 -1 0 0
128.24846579853315 531.3629696153271 -1 0 0
119.08816045502167 502.23319862296063 -1 0 0
115.05762610387664 501.8667864092202 -1 0 0
107.72938182906749 492.52327495883856 -1 0 0
104.0652596916629 482.8133512947164 -1 0 0
100.40113755425834 484.8286184702889 -1 0 0
101.68358030234994 474.38587037868587 -1 0 0
107.17976350845682 475.6683131267775 -1 0 0
117.98892381380031 481.714114653495 -1 0 0
112.6759467145637 477.50037419547976 -1 0 0
117.25609938631939 475.301900913037 -1 0 0
114.87441999700643 489.9583894626553 -1 0 0
129.53090854662474 504.43167190540345 -1 0 0
136.12632839395297 503.5156413710523 -1 0 0
128.98129022601404 513.9583894626553 -1 0 0
134.66067953899116 522.7522825924264 -1 0 0
137.22556503517436 535.210297859602 -1 0 0
124.95075587486902 497.65304595120494 -1 0 0
125.31716808860948 491.05762610387666 -1 0 0
130.6301451878461 490.508007783266 -1 0 0
137.22556503517436 492.7064810657088 -1 0 0
133.74464900464 477.50037419547976 -1 0 0
135.94312228708276 474.38587037868587 -1 0 0
124.03472534051787 475.8515192336477 -1 0 0
135.0270917527316 482.99655740158664 -1 0 0
121.1034276305942 482.6301451878462 -1 0 0
120.92022152372398 487.7599161802126 -1 0 0
127.14922915731175 485.92785511151027 -1 0 0
101.5003741954797 478.23319862296063 -1 0 0
95.45457266876214 497.65304595120494 -1 0 0
90.32480167639572 505.89732076036523 -1 0 0
109.91258793593776 452.6301451878462 -1 0 0
108.08052686723548 450.70648106570883 -1 0 0
106.06525969166297 458.95075587486906 -1 0 0
111.19503068402936 464.17212992067067 -1 0 0
105.60724442448738 463.7141146534951 -1 0 0
109.72938182906752 470.5843436611286 -1 0 0
116.69121389013624 463.8973207603653 -1 0 0
116.96602305044158 454.27900014967827 -1 0 0
115.59197724891487 446.4927406076935 -1 0 0
125.39350396647212 447.68358030235 -1 0 0
123.46983984433471 443.9278551115103 -1 0 0
120.35533602754082 452.6301451878462 -1 0 0
121.91258793593776 459.0423589283043 -1 0 0
124.01945816494539 463.2560993863195 -1 0 0
123.83625205807516 468.84388564586146 -1 0 0
126.40113755425837 470.5843436611286 -1 0 0
130.43167190540342 470.5843436611286 -1 0 0
132.17212992067059 463.9889238138004 -1 0 0
129.88205358479274 461.3324352641821 -1 0 0
131.6225116000599 450.88968717257904 -1 0 0
129.42403831761715 443.0118245771592 -1 0 0
135.19503068402935 442.09579404280805 -1 0 0
134.37060320311335 451.07289327944926 -1 0 0
140.96602305044158 452.6301451878462 -1 0 0
141.6988474779225 445.2102978596019 -1 0 0
143.16449633288434 449.1492291573119 -1 0 0
141.6988474779225 466.09579404280805 -1 0 0
142.43167190540342 471.8667864092202 -1 0 0
145.08816045502175 469.2102978596019 -1 0 0
146.73701541685378 478.6454123634187 -1 0 0
153.6072444244874 446.4927406076935 -1 0 0
149.301900913037 443.7446490046401 -1 0 0
147.46983984433473 439.07289327944926 -1 0 0
149.02709175273165 454.5538093099836 -1 0 0
149.75991618021257 461.8820535847928 -1 0 0
152.59961083670112 463.9889238138004 -1 0 0
153.1492291573118 468.66067953899125 -1 0 0
148.75228259242633 469.6683131267775 -1 0 0
156.8133512947164 475.07289327944926 -1 0 0
153.24083221074693 476.5385421344111 -1 0 0
165.30190091303695 454.27900014967827 -1 0 0
166.12632839395297 446.95075587486906 -1 0 0
159.62251160005985 446.85915282143395 -1 0 0
159.2560993863194 441.36296961532713 -1 0 0
167.59197724891484 461.5156413710523 -1 0 0
162.82861847028883 480.01945816494543 -1 0 0
154.12632839395297 454.09579404280805 -1 0 0
179.13396198173922 475.07289327944926 -1 0 0
169.332435264182 473.1492291573119 -1 0 0
184.72174824128123 480.20266427181565 -1 0 0
177.21029785960184 461.9736566382279 -1 0 0
181.332435264182 463.4393054931897 -1 0 0
182.06525969166293 467.56144289776984 -1 0 0
187.6530459512049 467.0118245771592 -1 0 0
189.11869480616673 471.7751833557851 -1 0 0
142.8438856458613 495.45457266876224 -1 0 0
153.4698398443346 486.11106121838054 -1 0 0
141.7446490046399 486.84388564586146 -1 0 0
149.80571770692998 493.62251160005997 -1 0 0
148.15686274509792 501.8667864092202 -1 0 0
140.4622062565483 502.5996108367011 -1 0 0
148.34006885196817 509.56144289776984 -1 0 0
139.54617572219718 514.3248016763959 -1 0 0
141.92785511151015 521.1034276305943 -1 0 0
152.73701541685367 517.62251160006 -1 0 0
148.70648106570863 520.7370154168538 -1 0 0
157.50037419547962 501.31716808860955 -1 0 0
159.8820535847926 506.0805268672355 -1 0 0
153.83625205807505 521.8362520580753 -1 0 0
150.17212992067047 528.9812902260142 -1 0 0
151.27136656189182 536.4927406076936 -1 0 0
159.3324352641819 526.5996108367011 -1 0 0
157.68358030234987 532.4622062565485 -1 0 0
158.78281694357122 538.8744199970065 -1 0 0
164.82861847028877 530.6301451878462 -1 0 0
164.82861847028877 524.4011375542584 -1 0 0
167.57671007334224 522.2026642718157 -1 0 0
173.43930549318952 525.3171680886096 -1 0 0
177.4698398443346 539.4240383176171 -1 0 0
168.30953450082313 537.5919772489149 -1 0 0
162.81335129471626 534.2942673252508 -1 0 0
168.49274060769338 506.6301451878462 -1 0 0
156.21793144738803 493.2560993863195 -1 0 0
167.75991618021246 494.7217482412813 -1 0 0
172.34006885196817 494.90495434815153 -1 0 0
177.4698398443346 497.653045951205 -1 0 0
175.0881604550216 503.5156413710523 -1 0 0
180.0347253405178 510.29426732525076 -1 0 0
186.81335129471628 503.5156413710523 -1 0 0
192.30953450082313 490.6912138901362 -1 0 0
187.54617572219718 487.2102978596019 -1 0 0
194.50800778326587 502.23319862296074 -1 0 0
201.4698398443346 499.6683131267775 -1 0 0
199.45457266876207 510.29426732525076 -1 0 0
189.37823679089948 525.68358030235 -1 0 0
185.7141146534949 520.9202215237241 -1 0 0
183.3324352641819 532.6454123634187 -1 0 0
199.27136656189185 477.50037419547976 -1 0 0
197.80571770692998 484.4622062565485 -1 0 0
198.53854213441093 490.32480167639585 -1 0 0
204.7675497679987 489.0423589283043 -1 0 0
209.1644963328842 494.5385421344111 -1 0 0
207.69884747792236 503.5156413710523 -1 0 0
212.09579404280788 504.43167190540345 -1 0 0
218.14159556952544 510.477473432121 -1 0 0
223.27136656189185 522.2026642718157 -1 0 0
218.32480167639565 530.0805268672354 -1 0 0
233.5309085466247 514.5080077832661 -1 0 0
231.3324352641819 506.0805268672355 -1 0 0
159.8820535847926 521.4698398443347 -1 0 0
145.59197724891473 532.4622062565485 -1 0 0
195.60724442448725 531.5461757221973 -1 0 0
199.63777877563228 524.9507558748691 -1 0 0
203.85151923364754 520.3706032031134 -1 0 0
212.82861847028877 526.5996108367011 -1 0 0
210.9965574015865 547.1186948061668 -1 0 0
210.63014518784604 537.0423589283042 -1 0 0
200.187397096243 537.7751833557851 -1 0 0
166.29426732525062 544.920221523724 -1 0 0
200.3706032031132 469.62251160005997 -1 0 0
203.48510701990708 482.6301451878462 -1 0 0
211.54617572219718 484.6454123634187 -1 0 0
215.75991618021243 490.32480167639585 -1 0 0
205.13396198173916 510.477473432121 -1 0 0
199.45457266876207 505.16449633288437 -1 0 0
168.85915282143384 488.12632839395303 -1 0 0
160.06525969166282 489.7751833557851 -1 0 0
154.2026642718155 505.7141146534951 -1 0 0
182.0499925160903 492.88968717257904 -1 0 0
220.70648106570863 478.78281694357145 -1 0 0
220.15686274509792 486.11106121838054 -1 0 0
222.53854213441093 490.32480167639585 -1 0 0
225.6530459512048 493.8057177069302 -1 0 0
227.66831312677735 499.6683131267775 -1 0 0
226.9354886992964 513.2255650351744 -1 0 0
214.47747343212083 520.7370154168538 -1 0 0
232.79808411914374 520.7370154168538 -1 0 0
227.30190091303686 526.5996108367011 -1 0 0
236.09579404280785 529.5309085466248 -1 0 0
234.44693908097582 497.46983984433473 -1 0 0
232.98129022601395 491.9736566382279 -1 0 0
229.50037419547962 485.7446490046401 -1 0 0
240.12632839395292 483.36296961532713 -1 0 0
224.187397096243 481.8973207603653 -1 0 0
229.68358030234987 469.62251160005997 -1 0 0
206.41640472983076 477.50037419547976 -1 0 0
193.77518335578497 471.271366561892 -1 0 0
186.9965574015865 460.6454123634187 -1 0 0
192.12632839395292 463.7599161802126 -1 0 0
215.39350396647197 461.0118245771592 -1 0 0
204.7675497679987 459.72938182906756 -1 0 0
213.37823679089948 473.46983984433473 -1 0 0
242.32480167639565 476.76754976799884 -1 0 0
235.91258793593764 484.6454123634187 -1 0 0
241.59197724891473 490.87441999700656 -1 0 0
244.34006885196817 507.9125879359378 -1 0 0
241.04235892830405 502.23319862296074 -1 0 0
215.39350396647197 502.41640472983096 -1 0 0
153.1644963328844 458.0805268672355 -1 0 0
136.3095345008233 469.4393054931897 -1 0 0
147.66831312677752 473.46983984433473 -1 0 0
171.30190091303706 436.6454123634187 -1 0 0
149.86678640922025 449.10342763059424 -1 0 0
183.94312228708287 437.3782367908996 -1 0 0
176.065259691663 440.85915282143395 -1 0 0
197.31716808860958 439.9431222870828 -1 0 0
203.9125879359378 442.1415955695255 -1 0 0
201.71411465349507 446.35533602754083 -1 0 0
202.446939080976 453.68358030235 -1 0 0
184.1263283939531 447.27136656189197 -1 0 0
186.32480167639582 439.9431222870828 -1 0 0
190.72174824128135 443.4240383176172 -1 0 0
194.9354886992966 444.1568627450981 -1 0 0
204.27900014967827 470.7217482412813 -1 0 0
213.2560993863195 450.5690764855561 -1 0 0
222.41640472983096 441.2255650351744 -1 0 0
226.26373297410578 436.095794042808 -1 0 0
212.88968717257904 437.9278551115103 -1 0 0
212.70648106570883 445.4393054931897 -1 0 0
231.94312228708287 440.49274060769346 -1 0 0
240.37060320311338 439.5767100733423 -1 0 0
229.37823679089965 440.85915282143395 -1 0 0
227.9125879359378 451.1186948061668 -1 0 0
231.02709175273174 452.76754976799884 -1 0 0
219.85151923364776 449.83625205807516 -1 0 0
221.86678640922025 457.8973207603653 -1 0 0
232.859152821434 457.8973207603653 -1 0 0
233.22556503517447 462.11106121838054 -1 0 0
218.75228259242638 466.87441999700644 -1 0 0
226.99655740158667 460.6454123634187 -1 0 0
228.27900014967827 464.30953450082325 -1 0 0
235.4240383176172 478.41640472983096 -1 0 0
205.74464900464014 438.6606795389912 -1 0 0
179.9125879359378 451.6683131267775 -1 0 0
182.1110612183806 440.85915282143395 -1 0 0
245.9583894626554 456.5232749588384 -1 0 0
250.3553360275409 460.5538093099834 -1 0 0
246.3248016763959 445.1644963328842 -1 0 0
250.72174824128138 441.8667864092201 -1 0 0
249.25609938631953 437.836252058075 -1 0 0
238.63014518784627 447.72938182906734 -1 0 0
238.26373297410578 444.4316719054032 -1 0 0
236.4316719054035 472.64541236341853 -1 0 0
215.91258793593784 481.80571770692995 -1 0 0
245.9583894626554 452.1263283939529 -1 0 0
253.65304595120503 445.1644963328842 -1 0 0
257.31716808860966 441.8667864092201 -1 0 0
254.75228259242644 440.0347253405178 -1 0 0
240.46220625654857 458.7217482412811 -1 0 0
244.4927406076936 463.85151923364754 -1 0 0
249.62251160006002 477.04235892830405 -1 0 0
246.69121389013634 481.80571770692995 -1 0 0
190.9965574015867 509.2866337374643 -1 0 0
195.75991618021268 518.4469390809758 -1 0 0
209.68358030235007 520.279000149678 -1 0 0
261.4393054931898 437.7446490046398 -1 0 0
258.69121389013634 441.95838946265513 -1 0 0
251.9125879359379 454.41640472983073 -1 0 0
257.40877114204477 454.0499925160903 -1 0 0
263.63777877563257 448.37060320311315 -1 0 0
245.31716808860966 440.30953450082313 -1 0 0
225.34770243975467 444.1568627450979 -1 0 0
251.179763508457 468.3400688519681 -1 0 0
256.3095345008234 462.47747343212075 -1 0 0
244.03472534051804 468.8896871725788 -1 0 0
262.90495434815165 459.91258793593755 -1 0 0
266.9354886992967 456.9812902260139 -1 0 0
270.416404729831 443.6072444244872 -1 0 0
272.798084119144 440.30953450082313 -1 0 0
268.03472534051804 438.29426732525053 -1 0 0
259.42403831761726 472.18739709624293 -1 0 0
263.4545726687623 472.37060320311315 -1 0 0
262.1721299206707 466.87441999700627 -1 0 0
257.591977248915 478.9660230504414 -1 0 0
256.85915282143407 483.72938182906734 -1 0 0
248.61487801227378 485.92785511151004 -1 0 0
253.9278551115104 487.75991618021243 -1 0 0
253.7446490046402 493.07289327944903 -1 0 0
248.798084119144 495.6377787756322 -1 0 0
250.2637329741058 498.0194581649452 -1 0 0
255.39350396647222 498.38587037868564 -1 0 0
259.6072444244875 492.52327495883833 -1 0 0
266.20266427181576 490.69121389013605 -1 0 0
263.63777877563257 485.01182457715896 -1 0 0
264.004190989373 479.14922915731165 -1 0 0
268.4011375542585 478.59961083670095 -1 0 0
273.71411465349513 484.27900014967804 -1 0 0
274.99655740158676 480.0652596916628 -1 0 0
271.69884747792264 466.87441999700627 -1 0 0
266.9354886992967 465.95838946265513 -1 0 0
275.3629696153272 457.71411465349485 -1 0 0
270.59961083670123 448.37060320311315 -1 0 0
281.40877114204477 465.5919772489147 -1 0 0
286.35533602754094 463.75991618021243 -1 0 0
292.03472534051804 470.1721299206704 -1 0 0
286.35533602754094 476.0347253405177 -1 0 0
279.3935039664722 478.78281694357116 -1 0 0
292.4011375542585 463.94312228708264 -1 0 0
297.5309085466249 462.47747343212075 -1 0 0
287.63777877563257 453.86678640922 -1 0 0
290.0194581649455 457.34770243975436 -1 0 0
288.004190989373 448.92022152372385 -1 0 0
284.5232749588386 443.24083221074676 -1 0 0
286.72174824128143 441.5919772489147 -1 0 0
296.24846579853335 441.042358928304 -1 0 0
297.5309085466249 446.1721299206704 -1 0 0
293.13396198173945 443.24083221074676 -1 0 0
294.9660230504417 479.33243526418187 -1 0 0
291.6683131267776 483.3629696153269 -1 0 0
282.69121389013634 480.7980841191437 -1 0 0
284.5232749588386 484.6454123634185 -1 0 0
282.3248016763959 489.95838946265513 -1 0 0
276.2790001496783 494.7217482412811 -1 0 0
290.9354886992967 492.52327495883833 -1 0 0
295.51564137105237 489.5919772489147 -1 0 0
292.9507558748692 498.7522825924262 -1 0 0
301.01182457715925 499.3019009130368 -1 0 0
312.37060320311343 440.30953450082313 -1 0 0
308.5232749588386 443.24083221074676 -1 0 0
318.59961083670123 439.75991618021243 -1 0 0
312.92022152372414 448.37060320311315 -1 0 0
313.83625205807533 454.78281694357116 -1 0 0
319.33243526418215 445.80571770692995 -1 0 0
325.9278551115104 443.24083221074676 -1 0 0
327.0270917527318 450.56907648555585 -1 0 0
324.46220625654854 454.0499925160903 -1 0 0
325.9278551115104 465.7751833557849 -1 0 0
311.08816045502186 462.47747343212075 -1 0 0
293.5003741954799 474.0194581649452 -1 0 0
314.9354886992967 469.80571770692995 -1 0 0
318.416404729831 471.82098488250244 -1 0 0
315.4851070199074 478.2331986229605 -1 0 0
319.88205358479286 482.4469390809757 -1 0 0
326.1110612183806 478.59961083670095 -1 0 0
316.76754976799896 487.75991618021243 -1 0 0
317.6835803023501 492.8896871725788 -1 0 0
321.5309085466249 498.0194581649452 -1 0 0
326.2942673252509 494.3553360275406 -1 0 0
325.9278551115104 485.92785511151004 -1 0 0
325.5614428977699 440.30953450082313 -1 0 0
278.20266427181565 503.05762610387677 -1 0 0
263.9125879359378 506.3553360275409 -1 0 0
270.508007783266 496.09579404280805 -1 0 0
305.3171680886095 501.9583894626554 -1 0 0
258.4164047298309 512.2179314473882 -1 0 0
244.12632839395306 519.179763508457 -1 0 0
265.01182457715913 517.714114653495 -1 0 0
269.4087711420446 526.8744199970065 -1 0 0
281.8667864092202 533.4698398443348 -1 0 0
281.8667864092202 524.3095345008234 -1 0 0
286.99655740158664 521.0118245771592 -1 0 0
283.33243526418204 515.1492291573119 -1 0 0
297.6225116000599 517.3477024397546 -1 0 0
305.3171680886095 512.9507558748692 -1 0 0
300.55380930998354 532.004190989373 -1 0 0
297.6225116000599 525.0423589283042 -1 0 0
291.0270917527317 525.7751833557851 -1 0 0
320.7064810657088 506.3553360275409 -1 0 0
322.5385421344111 509.653045951205 -1 0 0
326.5690764855561 511.4851070199073 -1 0 0
328.0347253405179 518.0805268672356 -1 0 0
323.27136656189197 522.4774734321211 -1 0 0
320.7064810657088 515.1492291573119 -1 0 0
311.5461757221973 514.7828169435714 -1 0 0
306.78281694357133 520.6454123634187 -1 0 0
314.11106121838054 525.7751833557851 -1 0 0
310.44693908097594 530.9049543481515 -1 0 0
316.30953450082325 540.4316719054035 -1 0 0
327.301900913037 536.7675497679988 -1 0 0
336.095794042808 522.4774734321211 -1 0 0
333.16449633288437 508.9202215237241 -1 0 0
331.3324352641821 502.69121389013634 -1 0 0
326.20266427181565 499.39350396647217 -1 0 0
334.6301451878462 492.79808411914394 -1 0 0
343.4240383176172 501.9583894626554 -1 0 0
336.4622062565485 500.12632839395303 -1 0 0
340.49274060769346 506.3553360275409 -1 0 0
344.156862745098 514.7828169435714 -1 0 0
349.65304595120494 514.0499925160905 -1 0 0
349.65304595120494 522.4774734321211 -1 0 0
346.35533602754083 518.0805268672356 -1 0 0
354.41640472983084 522.4774734321211 -1 0 0
348.5538093099836 528.7064810657088 -1 0 0
351.11869480616673 537.1339619817394 -1 0 0
358.44693908097594 530.1721299206706 -1 0 0
243.75991618021254 529.4393054931897 -1 0 0
365.7751833557851 530.9049543481515 -1 0 0
379.3324352641821 533.8362520580753 -1 0 0
372.3706032031134 520.2790001496783 -1 0 0
365.40877114204466 511.4851070199073 -1 0 0
357.3477024397546 510.75228259242635 -1 0 0
352.95075587486906 505.2560993863195 -1 0 0
348.5538093099836 495.36296961532713 -1 0 0
341.5919772489149 483.6377787756325 -1 0 0
335.7293818290675 483.271366561892 -1 0 0
339.0270917527316 478.14159556952563 -1 0 0
332.79808411914394 480.3400688519684 -1 0 0
328.40113755425836 489.1339619817394 -1 0 0
332.43167190540345 470.446939080976 -1 0 0
334.90495434815153 445.80571770693024 -1 0 0
328.12632839395303 437.19503068402946 -1 0 0
334.3553360275409 455.1492291573119 -1 0 0
331.6072444244874 462.66067953899125 -1 0 0
340.0347253405179 458.446939080976 -1 0 0
346.0805268672355 446.5385421344111 -1 0 0
348.4622062565485 451.6683131267775 -1 0 0
363.6683131267775 454.78281694357145 -1 0 0
358.90495434815153 443.9736566382279 -1 0 0
356.70648106570883 437.0118245771592 -1 0 0
356.70648106570883 459.91258793593784 -1 0 0
347.17976350845686 469.43930549318975 -1 0 0
343.5156413710523 474.56907648555614 -1 0 0
346.2637329741057 481.1644963328844 -1 0 0
354.32480167639585 478.0499925160905 -1 0 0
362.5690764855561 468.3400688519684 -1 0 0
366.23319862296063 463.94312228708293 -1 0 0
366.5996108367011 475.4851070199073 -1 0 0
357.4393054931897 473.4698398443348 -1 0 0
358.7217482412813 482.6301451878462 -1 0 0
353.5919772489149 484.09579404280805 -1 0 0
363.4851070199073 490.5080077832661 -1 0 0
370.8133512947164 475.8515192336477 -1 0 0
374.11106121838054 477.1339619817394 -1 0 0
378.87441999700656 478.59961083670123 -1 0 0
375.39350396647217 494.17212992067067 -1 0 0
384.7370154168538 497.8362520580752 -1 0 0
367.6988474779225 441.0423589283043 -1 0 0
380.1568627450981 470.9049543481516 -1 0 0
376.85915282143395 463.94312228708293 -1 0 0
371.72938182906756 460.09579404280805 -1 0 0
373.1950306840294 441.7751833557852 -1 0 0
374.477473432121 447.0881604550218 -1 0 0
369.8973207603653 453.8667864092203 -1 0 0
375.5767100733424 453.31716808860955 -1 0 0
384.920221523724 487.94312228708293 -1 0 0
391.3324352641821 498.56907648555614 -1 0 0
398.11106121838054 495.8209848825027 -1 0 0
402.32480167639574 492.88968717257904 -1 0 0
395.72938182906756 465.40877114204466 -1 0 0
403.4240383176172 483.5461757221974 -1 0 0
401.5919772489149 476.03472534051804 -1 0 0
396.27900014967827 479.1492291573119 -1 0 0
401.7751833557851 468.70648106570883 -1 0 0
402.87441999700656 461.19503068402946 -1 0 0
401.7751833557851 457.1644963328844 -1 0 0
396.4622062565485 459.7293818290676 -1 0 0
399.0270917527317 452.03472534051804 -1 0 0
404.88968717257904 444.3400688519684 -1 0 0
390.0499925160904 440.67594671456385 -1 0 0
370.8133512947164 488.85915282143407 -1 0 0
348.27900014967827 461.9278551115103 -1 0 0
372.6454123634187 468.70648106570883 -1 0 0
366.96602305044166 497.28663373746457 -1 0 0
362.5690764855561 493.98892381380045 -1 0 0
355.4240383176172 492.70648106570883 -1 0 0
387.75991618021277 523.5767100733423 -1 0 0
375.66831312677766 503.0576261038766 -1 0 0
388.8591528214342 504.88968717257893 -1 0 0
398.0194581649456 503.7904505313576 -1 0 0
400.21793144738837 521.0118245771591 -1 0 0
394.355336027541 530.538542134411 -1 0 0
407.912587935938 528.7064810657087 -1 0 0
406.4469390809761 510.7522825924263 -1 0 0
413.4087711420448 511.85151923364765 -1 0 0
408.6454123634188 502.32480167639574 -1 0 0
420.73701541685404 526.8744199970064 -1 0 0
432.82861847028914 504.156862745098 -1 0 0
422.9354886992968 502.32480167639574 -1 0 0
415.9736566382281 501.5919772489148 -1 0 0
419.6377787756327 493.16449633288426 -1 0 0
414.14159556952575 490.23319862296063 -1 0 0
409.01182457715936 485.4698398443347 -1 0 0
413.0423589283044 484.3706032031133 -1 0 0
411.57671007334255 474.8438856458614 -1 0 0
406.4469390809761 472.64541236341864 -1 0 0
407.5461757221976 466.41640472983084 -1 0 0
409.01182457715936 457.25609938631936 -1 0 0
413.77518335578526 463.48510701990716 -1 0 0
415.2408322107471 458.72174824128126 -1 0 0
406.4469390809761 448.8286184702889 -1 0 0
408.27900014967844 441.1339619817392 -1 0 0
412.3095345008235 442.9660230504415 -1 0 0
421.46983984433496 444.43167190540333 -1 0 0
421.46983984433496 435.6377787756324 -1 0 0
418.17212992067084 438.2026642718156 -1 0 0
423.66831312677766 462.3858703786858 -1 0 0
421.8362520580754 452.126328393953 -1 0 0
418.90495434815165 467.14922915731177 -1 0 0
420.73701541685404 479.9736566382278 -1 0 0
418.5385421344112 474.8438856458614 -1 0 0
423.30190091303723 483.6377787756324 -1 0 0
424.76754976799907 489.5003741954797 -1 0 0
449.4087711420448 524.4011375542584 -1 0 0
438.04999251609064 505.16449633288426 -1 0 0
441.7141146534953 500.40113755425836 -1 0 0
434.7522825924266 498.5690764855561 -1 0 0
438.78281694357156 493.07289327944915 -1 0 0
428.3400688519685 523.1186948061667 -1 0 0
429.07289327944943 531.1797635084569 -1 0 0
452.70648106570894 517.9889238138003 -1 0 0
453.9889238138006 513.4087711420447 -1 0 0
446.11106121838077 509.19503068402935 -1 0 0
450.50800778326624 502.23319862296063 -1 0 0
457.1034276305945 507.5461757221973 -1 0 0
446.8438856458617 519.2713665618919 -1 0 0
444.6454123634189 517.8057177069301 -1 0 0
451.24083221074716 495.27136656189197 -1 0 0
445.7446490046403 494.1721299206705 -1 0 0
457.1034276305945 493.6225116000599 -1 0 0
460.76754976799907 502.41640472983084 -1 0 0
471.2102978596021 508.64541236341864 -1 0 0
468.0957940428082 512.1263283939529 -1 0 0
466.4469390809761 520.1873970962431 -1 0 0
464.4316719054036 526.7828169435713 -1 0 0
459.48510701990745 522.3858703786858 -1 0 0
437.6835803023502 521.8362520580752 -1 0 0
442.2637329741059 534.2942673252506 -1 0 0
479.08816045502203 523.3019009130369 -1 0 0
480.9202215237243 492.88968717257893 -1 0 0
471.7599161802128 494.1721299206705 -1 0 0
465.5309085466251 497.28663373746446 -1 0 0
464.2484657985334 489.2255650351744 -1 0 0
457.1034276305945 493.07289327944915 -1 0 0
458.7522825924266 479.5156413710523 -1 0 0
456.0041909893731 485.01182457715913 -1 0 0
449.0423589283044 483.3629696153271 -1 0 0
479.8209848825029 530.4469390809759 -1 0 0
434.56907648555585 440.30953450082325 -1 0 0
440.9812902260139 439.0270917527317 -1 0 0
432.7370154168536 458.2637329741057 -1 0 0
422.1110612183803 457.16449633288437 -1 0 0
448.67594671456357 440.85915282143395 -1 0 0
454.5385421344109 443.05762610387677 -1 0 0
441.5309085466246 446.35533602754083 -1 0 0
443.5461757221971 451.4851070199072 -1 0 0
450.69121389013605 450.7522825924263 -1 0 0
452.52327495883833 456.24846579853323 -1 0 0
447.02709175273145 456.24846579853323 -1 0 0
448.1263283939528 463.3935039664721 -1 0 0
457.2866337374643 469.4393054931897 -1 0 0
457.10342763059407 464.30953450082325 -1 0 0
452.3400688519681 478.0499925160904 -1 0 0
439.8820535847926 473.65304595120494 -1 0 0
434.0194581649452 476.58434366112857 -1 0 0
462.59961083670095 441.2255650351744 -1 0 0
461.6835803023498 437.3782367908996 -1 0 0
455.27136656189174 437.9278551115103 -1 0 0
455.454572668762 432.065259691663 -1 0 0
463.33243526418187 433.7141146534951 -1 0 0
471.7599161802123 437.3782367908996 -1 0 0
469.01182457715896 438.6606795389912 -1 0 0
471.21029785960167 441.7751833557851 -1 0 0
468.6454123634185 443.4240383176172 -1 0 0
464.79808411914365 445.9889238138004 -1 0 0
464.79808411914365 452.40113755425836 -1 0 0
470.1110612183803 447.27136656189197 -1 0 0
458.56907648555585 451.1186948061668 -1 0 0
466.6301451878459 465.2255650351744 -1 0 0
470.6606795389911 459.17976350845686 -1 0 0
477.62251160005974 456.98129022601415 -1 0 0
474.50800778326584 451.4851070199072 -1 0 0
474.50800778326584 445.07289327944926 -1 0 0
480.55380930998336 441.2255650351744 -1 0 0
483.85151923364754 438.84388564586146 -1 0 0
437.5003741954796 442.508007783266 -1 0 0
453.07289327944903 466.32480167639585 -1 0 0
454.7217482412811 474.20266427181565 -1 0 0
431.454572668762 493.9889238138004 -1 0 0
427.05762610387654 497.65304595120494 -1 0 0
473.5919772489147 474.01945816494543 -1 0 0
476.70648106570854 468.52327495883856 -1 0 0
469.92785511151004 477.50037419547976 -1 0 0
471.7599161802123 485.74464900464005 -1 0 0
484.0347253405177 487.0270917527317 -1 0 0
480.7370154168536 483.54617572219735 -1 0 0
494.6148780122735 439.5309085466248 -1 0 0
491.5003741954796 445.8515192336477 -1 0 0
485.91258793593755 451.2560993863195 -1 0 0
489.02709175273145 451.7141146534951 -1 0 0
486.27900014967804 444.5690764855561 -1 0 0
471.71411465349485 454.8286184702889 -1 0 0
494.7064810657086 458.40113755425836 -1 0 0
500.47747343212075 456.84388564586146 -1 0 0
498.37060320311315 448.87441999700644 -1 0 0
485.72938182906734 463.5309085466248 -1 0 0
489.75991618021243 464.90495434815153 -1 0 0
494.248465798533 469.7599161802126 -1 0 0
505.5156413710521 469.4851070199072 -1 0 0
497.5461757221971 472.5996108367011 -1 0 0
488.84388564586123 469.301900913037 -1 0 0
486.46220625654826 474.79808411914394 -1 0 0
492.92022152372414 525.4087711420445 -1 0 0
481.9278551115104 510.3858703786858 -1 0 0
485.9583894626555 515.1492291573118 -1 0 0
487.79045053135775 529.8057177069301 -1 0 0
442.35533602754094 460.18739709624305 -1 0 0
434.66067953899136 465.31716808860944 -1 0 0
465.80571770693024 470.0805268672354 -1 0 0
482.75228259242647 481.89732076036523 -1 0 0
502.53854213441116 483.7293818290675 -1 0 0
508.2179314473882 481.714114653495 -1 0 0
474.1415955695257 479.332435264182 -1 0 0
513.3477024397547 485.0118245771591 -1 0 0
509.5003741954799 491.9736566382278 -1 0 0
500.5232749588386 489.2255650351743 -1 0 0
495.94312228708293 488.49274060769346 -1 0 0
523.4240383176173 487.21029785960184 -1 0 0
506.9354886992966 499.48510701990716 -1 0 0
498.87441999700656 495.6377787756324 -1 0 0
487.6988474779226 493.07289327944915 -1 0 0
486.416404729831 510.1110612183805 -1 0 0
488.798084119144 500.03472534051787 -1 0 0
494.8438856458616 504.79808411914377 -1 0 0
494.8438856458616 511.75991618021254 -1 0 0
498.69121389013634 518.7217482412813 -1 0 0
506.3858703786859 516.5232749588384 -1 0 0
509.1339619817394 524.9507558748691 -1 0 0
509.6835803023501 507.3629696153271 -1 0 0
494.8438856458616 505.89732076036523 -1 0 0
518.4774734321211 498.2026642718156 -1 0 0
524.7064810657088 493.98892381380034 -1 0 0
518.1110612183807 507.9125879359377 -1 0 0
513.3477024397547 507.9125879359377 -1 0 0
533.68358030235 488.126328393953 -1 0 0
530.0194581649455 493.07289327944915 -1 0 0
530.2026642718157 500.2179314473881 -1 0 0
526.3553360275408 505.5309085466247 -1 0 0
530.5690764855563 508.82861847028886 -1 0 0
518.3400688519683 515.74464900464 -1 0 0
532.0805268672356 519.4087711420445 -1 0 0
531.3477024397547 527.2866337374644 -1 0 0
520.9965574015868 529.393503966472 -1 0 0
510.0957940428081 521.9736566382278 -1 0 0
529.9736566382279 513.8209848825026 -1 0 0
540.7828169435714 516.8438856458613 -1 0 0
540.8744199970066 523.0728932794492 -1 0 0
547.1034276305944 524.0805268672354 -1 0 0
503.6835803023501 520.6912138901362 -1 0 0
500.2026642718157 511.89732076036523 -1 0 0
519.0728932794493 522.156862745098 -1 0 0
541.240832210747 502.4622062565483 -1 0 0
544.2637329741059 499.5309085466247 -1 0 0
551.3171680886096 509.7904505313575 -1 0 0
550.0347253405181 516.2026642718155 -1 0 0
568.4011375542585 518.0805268672354 -1 0 0
559.6072444244876 500.8591528214339 -1 0 0
553.7446490046401 490.9660230504415 -1 0 0
546.0499925160906 488.7675497679988 -1 0 0
539.4545726687624 488.4011375542583 -1 0 0
534.6912138901363 494.9965574015866 -1 0 0
536.5232749588386 500.126328393953 -1 0 0
555.9431222870829 522.4774734321209 -1 0 0
565.4698398443348 511.11869480616673 -1 0 0
569.1339619817394 503.4240383176171 -1 0 0
562.5385421344112 495.7293818290675 -1 0 0
562.9049543481516 488.03472534051787 -1 0 0
558.8744199970065 486.569076485556 -1 0 0
557.0423589283042 478.14159556952546 -1 0 0
559.9736566382279 474.1110612183804 -1 0 0
562.5385421344112 469.34770243975447 -1 0 0
549.7141146534951 488.7675497679988 -1 0 0
546.416404729831 493.89732076036523 -1 0 0
574.9965574015868 505.98892381380034 -1 0 0
588.9202215237242 523.2102978596018 -1 0 0
595.5156413710524 530.1721299206705 -1 0 0
587.4545726687624 493.5309085466247 -1 0 0
580.1263283939531 494.9965574015866 -1 0 0
573.5309085466249 488.7675497679988 -1 0 0
584.5232749588384 508.55380930998365 -1 0 0
588.920221523724 500.1263283939531 -1 0 0
591.1186948061667 505.25609938631953 -1 0 0
594.0499925160904 509.28663373746457 -1 0 0
600.6454123634186 510.01945816494543 -1 0 0
609.4393054931896 505.98892381380045 -1 0 0
614.9354886992965 514.0499925160905 -1 0 0
609.4393054931896 517.7141146534951 -1 0 0
604.3095345008231 519.179763508457 -1 0 0
585.6225116000599 516.9812902260142 -1 0 0
550.0805268672354 482.17212992067067 -1 0 0
564.0041909893728 451.39350396647217 -1 0 0
559.2408322107468 446.2637329741058 -1 0 0
565.1034276305942 462.01945816494543 -1 0 0
569.8667864092201 455.42403831761726 -1 0 0
559.332435264182 461.19503068402946 -1 0 0
578.569076485556 459.3629696153272 -1 0 0
571.2408322107468 462.47747343212103 -1 0 0
576.0041909893728 444.3400688519684 -1 0 0
579.3019009130369 439.7599161802127 -1 0 0
573.6225116000599 441.40877114204477 -1 0 0
576.3706032031132 437.9278551115104 -1 0 0
577.836252058075 434.8133512947165 -1 0 0
571.2408322107468 433.5309085466249 -1 0 0
569.9583894626552 436.46220625654854 -1 0 0
566.4774734321209 440.49274060769363 -1 0 0
569.2255650351743 439.7599161802127 -1 0 0
583.8820535847926 441.7751833557852 -1 0 0
588.0957940428079 439.02709175273174 -1 0 0
587.5461757221972 433.5309085466249 -1 0 0
590.6606795389911 436.82861847028903 -1 0 0
595.424038317617 438.47747343212114 -1 0 0
594.6912138901362 441.9583894626555 -1 0 0
589.5614428977697 443.24083221074704 -1 0 0
586.8133512947163 443.97365663822796 -1 0 0
583.8820535847926 447.4545726687623 -1 0 0
576.187397096243 455.14922915731194 -1 0 0
578.0194581649453 449.10342763059435 -1 0 0
589.9278551115102 449.10342763059435 -1 0 0
589.011824577159 456.798084119144 -1 0 0
593.0423589283041 461.5614428977699 -1 0 0
590.1110612183804 465.7751833557852 -1 0 0
582.599610836701 465.40877114204477 -1 0 0
579.1186948061667 467.97365663822796 -1 0 0
581.5003741954796 474.2026642718157 -1 0 0
573.9889238138003 474.2026642718157 -1 0 0
566.6606795389911 474.2026642718157 -1 0 0
568.4927406076933 467.79045053135775 -1 0 0
578.569076485556 477.6835803023501 -1 0 0
564.6454123634186 482.63014518784627 -1 0 0
573.2560993863193 499.11869480616684 -1 0 0
569.2255650351743 494.53854213441116 -1 0 0
581.5003741954796 486.1110612183806 -1 0 0
585.5309085466247 482.8133512947165 -1 0 0
593.2255650351743 476.03472534051804 -1 0 0
590.4774734321209 481.5309085466249 -1 0 0
596.5232749588384 479.51564137105237 -1 0 0
604.217931447388 477.6835803023501 -1 0 0
601.1034276305942 488.3095345008234 -1 0 0
598.9049543481514 492.3400688519684 -1 0 0
595.9736566382278 498.0194581649455 -1 0 0
593.9583894626552 498.2026642718157 -1 0 0
593.0423589283041 489.7751833557852 -1 0 0
593.775183355785 484.64541236341876 -1 0 0
601.6530459512048 482.2637329741058 -1 0 0
604.217931447388 487.21029785960195 -1 0 0
571.9736566382278 482.2637329741058 -1 0 0
607.6988474779223 480.798084119144 -1 0 0
619.7904505313575 472.55380930998365 -1 0 0
608.4316719054034 488.3095345008234 -1 0 0
615.0270917527315 491.79045053135775 -1 0 0
620.7064810657087 486.66067953899136 -1 0 0
612.8286184702888 478.0499925160906 -1 0 0
604.217931447388 492.70648106570883 -1 0 0
600.7370154168536 497.8362520580752 -1 0 0
608.6148780122736 494.53854213441116 -1 0 0
618.1415955695254 498.75228259242647 -1 0 0
622.7217482412811 494.3553360275409 -1 0 0
625.6530459512048 488.67594671456385 -1 0 0
617.5919772489148 481.89732076036535 -1 0 0
605.5003741954796 483.3629696153272 -1 0 0
617.4087711420445 490.1415955695257 -1 0 0
622.3553360275407 463.21029785960195 -1 0 0
632.4316719054034 472.92022152372414 -1 0 0
634.6301451878461 475.6683131267776 -1 0 0
637.1950306840292 489.40877114204477 -1 0 0
620.3400688519682 429.31716808860966 -1 0 0
619.424038317617 437.5614428977699 -1 0 0
618.3248016763956 442.8744199970066 -1 0 0
624.5538093099834 441.0423589283043 -1 0 0
626.7522825924261 450.56907648555625 -1 0 0
628.4011375542582 454.78281694357145 -1 0 0
629.86678640922 459.3629696153272 -1 0 0
618.6912138901362 456.798084119144 -1 0 0
618.3248016763956 447.4545726687623 -1 0 0
631.8820535847925 440.12632839395314 -1 0 0
629.3171680886094 442.3248016763959 -1 0 0
637.1950306840292 441.40877114204477 -1 0 0
634.6301451878461 434.63014518784627 -1 0 0
636.2790001496782 452.58434366112874 -1 0 0
637.3782367908995 462.47747343212103 -1 0 0
636.2790001496782 459.3629696153272 -1 0 0
637.5614428977698 472.1873970962432 -1 0 0
633.7141146534949 482.2637329741058 -1 0 0
630.0499925160902 485.01182457715925 -1 0 0
630.2331986229605 493.98892381380045 -1 0 0
635.5461757221972 499.11869480616684 -1 0 0
645.7141146534951 496.4622062565485 -1 0 0
646.0805268672357 486.56907648555614 -1 0 0
649.0118245771592 478.5080077832661 -1 0 0
643.8820535847929 474.47747343212103 -1 0 0
648.2790001496784 470.08052686723556 -1 0 0
640.9507558748692 505.25609938631953 -1 0 0
648.6454123634188 507.8209848825027 -1 0 0
639.4851070199074 513.68358030235 -1 0 0
644.6148780122738 522.1110612183805 -1 0 0
626.2942673252509 519.5461757221973 -1 0 0
620.4316719054036 515.1492291573119 -1 0 0
622.6301451878463 501.9583894626554 -1 0 0
616.4927406076936 531.1797635084569 -1 0 0
634.2637329741059 526.4164047298309 -1 0 0
635.179763508457 536.6759467145638 -1 0 0
659.179763508457 520.1873970962432 -1 0 0
656.798084119144 498.01945816494543 -1 0 0
645.9889238138004 500.40113755425836 -1 0 0
576.004190989373 520.3706032031134 -1 0 0
574.7217482412815 513.5919772489149 -1 0 0
582.416404729831 502.23319862296074 -1 0 0
579.3019009130371 516.1568627450981 -1 0 0
570.3248016763959 520.0041909893729 -1 0 0
664.4927406076936 503.5156413710523 -1 0 0
669.0728932794494 495.08816045502175 -1 0 0
680.9812902260143 495.08816045502175 -1 0 0
686.1110612183807 495.82098488250267 -1 0 0
675.118694806167 526.4164047298309 -1 0 0
664.6759467145638 518.3553360275408 -1 0 0
692.1568627450981 526.0499925160905 -1 0 0
681.7141146534951 522.2026642718157 -1 0 0
693.8057177069303 506.99655740158664 -1 0 0
692.3400688519686 516.1568627450981 -1 0 0
687.0270917527317 510.6606795389912 -1 0 0
651.8515192336479 516.7064810657088 -1 0 0
654.2331986229608 490.32480167639585 -1 0 0
658.9965574015868 485.1950306840294 -1 0 0
663.0270917527317 490.87441999700656 -1 0 0
667.0576261038769 486.477473432121 -1 0 0
673.1034276305944 486.11106121838054 -1 0 0
683.5461757221974 489.5919772489149 -1 0 0
691.0576261038769 489.04235892830417 -1 0 0
686.4774734321211 487.5767100733424 -1 0 0
684.6454123634188 483.54617572219735 -1 0 0
677.3171680886097 485.1950306840294 -1 0 0
687.0270917527317 525.1339619817393 -1 0 0
644.7064810657087 438.8438856458614 -1 0 0
648.7370154168538 433.89732076036523 -1 0 0
655.332435264182 438.1110612183805 -1 0 0
649.1034276305942 442.69121389013617 -1 0 0
641.9583894626553 448.1873970962431 -1 0 0
642.3248016763957 458.44693908097594 -1 0 0
654.2331986229607 446.1721299206705 -1 0 0
659.1797635084569 444.52327495883844 -1 0 0
657.8973207603652 452.58434366112857 -1 0 0
653.8667864092203 457.34770243975447 -1 0 0
648.5538093099834 462.1110612183805 -1 0 0
656.7980841191438 466.32480167639574 -1 0 0
658.8133512947163 471.8209848825026 -1 0 0
671.2713665618919 452.58434366112857 -1 0 0
673.6530459512048 440.126328393953 -1 0 0
668.8896871725789 437.74464900464005 -1 0 0
662.2942673252506 440.6759467145637 -1 0 0
674.2026642718155 430.7828169435713 -1 0 0
666.6912138901362 432.0652596916629 -1 0 0
669.9889238138003 432.61487801227366 -1 0 0
674.5690764855561 446.53854213441105 -1 0 0
671.4545726687621 446.53854213441105 -1 0 0
683.5461757221973 450.0194581649454 -1 0 0
686.477473432121 441.0423589283041 -1 0 0
681.1644963328843 444.52327495883844 -1 0 0
678.0499925160905 438.477473432121 -1 0 0
683.3629696153271 436.4622062565484 -1 0 0
685.9278551115102 430.7828169435713 -1 0 0
677.6835803023498 433.5309085466248 -1 0 0
692.156862745098 434.44693908097594 -1 0 0
691.6072444244874 437.74464900464005 -1 0 0
691.6072444244874 442.69121389013617 -1 0 0
688.8591528214339 448.3706032031133 -1 0 0
691.9736566382278 454.23319862296063 -1 0 0
681.714114653495 458.0805268672354 -1 0 0
670.7217482412811 461.92785511151027 -1 0 0
669.8057177069301 470.1721299206705 -1 0 0
680.6148780122736 471.8209848825026 -1 0 0
681.5309085466248 464.49274060769346 -1 0 0
688.6759467145637 461.01182457715913 -1 0 0
697.1034276305942 455.14922915731177 -1 0 0
698.3858703786859 459.9125879359377 -1 0 0
698.9354886992965 466.50800778326595 -1 0 0
688.3095345008232 472.55380930998354 -1 0 0
671.4545726687621 478.96602305044155 -1 0 0
655.332435264182 475.48510701990716 -1 0 0
643.6072444244874 453.86678640922014 -1 0 0
697.836252058075 477.6835803023499 -1 0 0
692.7064810657087 476.7675497679988 -1 0 0
697.836252058075 487.75991618021254 -1 0 0
695.4545726687621 491.4240383176171 -1 0 0
702.5996108367011 482.0805268672354 -1 0 0
710.4774734321209 490.69121389013617 -1 0 0
715.6072444244874 488.30953450082325 -1 0 0
704.065259691663 488.49274060769346 -1 0 0
698.5690764855561 499.11869480616673 -1 0 0
717.0728932794491 479.5156413710522 -1 0 0
706.4469390809759 480.0652596916629 -1 0 0
699.3019009130369 438.477473432121 -1 0 0
698.9354886992965 435.17976350845686 -1 0 0
696.7370154168538 435.17976350845686 -1 0 0
706.6301451878461 437.5614428977698 -1 0 0
724.7675497679988 432.61487801227366 -1 0 0
720.7370154168536 437.5614428977698 -1 0 0
719.4545726687621 440.6759467145637 -1 0 0
701.3171680886094 445.8057177069301 -1 0 0
731.3629696153271 434.08052686723545 -1 0 0
737.2255650351743 434.63014518784615 -1 0 0
735.0270917527316 430.96602305044155 -1 0 0
737.775183355785 428.950755874869 -1 0 0
735.0270917527316 442.32480167639574 -1 0 0
739.2408322107468 440.126328393953 -1 0 0
724.0347253405178 440.126328393953 -1 0 0
721.6530459512048 446.53854213441105 -1 0 0
719.8209848825026 452.21793144738814 -1 0 0
741.9889238138003 455.8820535847927 -1 0 0
734.4774734321209 455.69884747792247 -1 0 0
729.714114653495 455.14922915731177 -1 0 0
720.5538093099834 463.21029785960184 -1 0 0
728.7980841191438 464.6759467145637 -1 0 0
718.9049543481515 473.83625205807516 -1 0 0
721.836252058075 478.7828169435713 -1 0 0
724.217931447388 485.92785511151027 -1 0 0
722.7522825924262 497.28663373746446 -1 0 0
714.508007783266 497.28663373746446 -1 0 0
708.6148780122736 516.9812902260142 -1 0 0
700.9202215237239 523.5767100733424 -1 0 0
706.4164047298309 527.6072444244874 -1 0 0
719.6072444244872 522.477473432121 -1 0 0
720.7064810657087 507.08816045502175 -1 0 0
710.0805268672354 505.2560993863195 -1 0 0
703.8515192336475 504.1568627450981 -1 0 0
731.6988474779223 500.12632839395303 -1 0 0
737.5614428977698 496.09579404280805 -1 0 0
726.9354886992965 522.1110612183805 -1 0 0
737.5614428977698 530.1721299206706 -1 0 0
733.1644963328843 522.1110612183805 -1 0 0
745.9889238138003 522.8438856458615 -1 0 0
751.4851070199071 515.5156413710523 -1 0 0
749.6530459512048 502.69121389013634 -1 0 0
737.1950306840292 486.56907648555614 -1 0 0
731.3324352641819 485.8362520580752 -1 0 0
729.5003741954796 479.6072444244874 -1 0 0
732.4316719054034 478.14159556952563 -1 0 0
738.6606795389911 477.0423589283043 -1 0 0
744.5232749588384 479.9736566382279 -1 0 0
737.9278551115102 482.5385421344111 -1 0 0
732.7980841191438 482.17212992067067 -1 0 0
741.5919772489148 470.08052686723556 -1 0 0
749.2866337374643 466.78281694357145 -1 0 0
754.7828169435713 470.446939080976 -1 0 0
754.7828169435713 477.7751833557851 -1 0 0
759.9125879359377 478.508007783266 -1 0 0
762.4774734321209 477.7751833557851 -1 0 0
762.1110612183804 485.46983984433473 -1 0 0
760.2790001496782 501.5919772489149 -1 0 0
773.1034276305941 492.4316719054035 -1 0 0
772.3706032031132 484.00419098937294 -1 0 0
768.3400688519682 480.3400688519684 -1 0 0
762.9354886992963 494.7217482412813 -1 0 0
756.3400688519681 489.40877114204466 -1 0 0
764.217931447388 510.6606795389912 -1 0 0
762.2026642718155 522.3858703786859 -1 0 0
769.3477024397545 526.7828169435713 -1 0 0
767.3324352641819 522.0194581649455 -1 0 0
773.7446490046399 519.4545726687622 -1 0 0
779.0576261038766 519.6377787756325 -1 0 0
770.2637329741054 502.41640472983096 -1 0 0
777.2255650351742 508.27900014967827 -1 0 0
771.7293818290674 510.477473432121 -1 0 0
778.3248016763956 472.00419098937294 -1 0 0
773.1950306840292 472.7370154168538 -1 0 0
769.7141146534948 466.32480167639585 -1 0 0
777.2255650351742 465.0423589283043 -1 0 0
791.5156413710521 469.8057177069302 -1 0 0
785.6530459512047 482.446939080976 -1 0 0
781.4393054931895 490.14159556952563 -1 0 0
782.1721299206704 506.6301451878462 -1 0 0
791.1492291573118 512.6759467145638 -1 0 0
793.3477024397545 483.72938182906756 -1 0 0
796.6454123634186 489.04235892830417 -1 0 0
788.0347253405178 493.9889238138004 -1 0 0
791.1492291573118 498.5690764855561 -1 0 0
783.454572668762 498.93548869929657 -1 0 0
801.4087711420445 496.3706032031134 -1 0 0
796.4622062565484 509.1950306840294 -1 0 0
794.2637329741054 521.1034276305943 -1 0 0
747.8209848825026 429.40877114204454 -1 0 0
746.7217482412811 438.9354886992965 -1 0 0
745.2560993863193 459.8209848825026 -1 0 0
736.0957940428079 460.92022152372397 -1 0 0
726.2026642718155 462.3858703786858 -1 0 0
730.8744199970064 446.53854213441093 -1 0 0
748.6454123634186 442.6912138901361 -1 0 0
749.1950306840293 449.1034276305942 -1 0 0
754.6912138901362 456.4316719054033 -1 0 0
759.2713665618919 448.73701541685364 -1 0 0
759.8209848825026 465.9583894626552 -1 0 0
784.3706032031132 432.06525969166285 -1 0 0
789.8667864092203 424.18739709624305 -1 0 0
774.1110612183804 426.20266427181554 -1 0 0
770.8133512947163 426.38587037868575 -1 0 0
764.217931447388 427.6683131267774 -1 0 0
755.424038317617 425.1034276305942 -1 0 0
758.5385421344109 434.63014518784604 -1 0 0
753.2255650351743 437.5614428977697 -1 0 0
748.4622062565484 435.1797635084568 -1 0 0
720.981290226014 467.0576261038766 -1 0 0
742.4164047298309 484.4622062565483 -1 0 0
748.6454123634186 485.3782367908995 -1 0 0
781.6225116000597 467.60724442448725 -1 0 0
788.5843436611286 455.88205358479263 -1 0 0
791.3324352641819 459.5461757221972 -1 0 0
806.5385421344109 464.6759467145636 -1 0 0
801.775183355785 459.9125879359376 -1 0 0
800.8591528214339 473.8362520580751 -1 0 0
792.4316719054034 477.1339619817392 -1 0 0
805.9889238138003 492.52327495883844 -1 0 0
812.0347253405178 490.3248016763957 -1 0 0
808.7370154168536 489.40877114204454 -1 0 0
802.3248016763957 484.09579404280794 -1 0 0
810.2026642718155 482.08052686723533 -1 0 0
808.3706032031132 471.27136656189185 -1 0 0
772.2790001496782 435.1797635084568 -1 0 0
775.7599161802125 440.1263283939529 -1 0 0
775.7599161802125 444.8896871725789 -1 0 0
780.156862745098 444.52327495883844 -1 0 0
784.3706032031132 444.8896871725789 -1 0 0
776.4927406076935 459.36296961532696 -1 0 0
768.4316719054034 460.27900014967815 -1 0 0
802.8744199970064 429.50037419547965 -1 0 0
802.508007783266 424.92022152372397 -1 0 0
796.6454123634186 430.599610836701 -1 0 0
792.065259691663 434.63014518784604 -1 0 0
789.8667864092203 439.7599161802125 -1 0 0
781.8057177069301 438.47747343212086 -1 0 0
779.424038317617 434.9965574015865 -1 0 0
776.3095345008231 432.79808411914377 -1 0 0
774.6606795389912 452.217931447388 -1 0 0
780.7064810657087 452.0347253405178 -1 0 0
785.6530459512048 450.75228259242624 -1 0 0
796.6454123634186 452.0347253405178 -1 0 0
800.126328393953 436.46220625654837 -1 0 0
802.1415955695254 442.3248016763957 -1 0 0
802.508007783266 449.1034276305942 -1 0 0
804.7064810657087 452.95075587486895 -1 0 0
810.3858703786857 447.45457266876207 -1 0 0
815.3324352641819 443.60724442448725 -1 0 0
810.3858703786857 441.59197724891476 -1 0 0
811.3019009130369 437.1950306840293 -1 0 0
816.2484657985332 430.7828169435713 -1 0 0
819.9125879359377 425.6530459512049 -1 0 0
823.7599161802125 426.38587037868575 -1 0 0
816.0652596916627 425.1034276305942 -1 0 0
808.9202215237239 427.48510701990716 -1 0 0
809.1034276305941 432.79808411914377 -1 0 0
821.1950306840293 432.61487801227355 -1 0 0
822.8438856458613 435.9125879359377 -1 0 0
817.5309085466248 438.84388564586135 -1 0 0
819.7293818290675 442.3248016763957 -1 0 0
821.74464900464 446.17212992067044 -1 0 0
823.5767100733423 453.1339619817392 -1 0 0
810.7522825924262 454.2331986229606 -1 0 0
815.3324352641819 458.2637329741056 -1 0 0
818.2637329741057 454.2331986229606 -1 0 0
818.2637329741057 465.40877114204454 -1 0 0
823.7599161802125 462.29426732525064 -1 0 0
819.7293818290675 475.48510701990716 -1 0 0
814.7828169435713 474.38587037868575 -1 0 0
809.1034276305941 476.95075587486895 -1 0 0
801.775183355785 478.9660230504415 -1 0 0
782.1721299206705 462.84388564586135 -1 0 0
830.6301451878462 426.477473432121 -1 0 0
834.6606795389912 427.9431222870828 -1 0 0
837.9583894626553 426.11106121838054 -1 0 0
838.3248016763959 423.54617572219735 -1 0 0
842.3553360275408 424.6454123634187 -1 0 0
841.2560993863194 426.477473432121 -1 0 0
835.3935039664722 431.9736566382278 -1 0 0
830.9965574015866 438.20266427181565 -1 0 0
828.0652596916631 438.93548869929657 -1 0 0
839.4240383176171 438.20266427181565 -1 0 0
836.126328393953 438.20266427181565 -1 0 0
829.8973207603652 448.4622062565485 -1 0 0
833.5614428977698 445.16449633288437 -1 0 0
845.2866337374646 433.8057177069302 -1 0 0
841.6225116000599 433.07289327944926 -1 0 0
848.9507558748692 433.07289327944926 -1 0 0
851.1492291573119 425.3782367908996 -1 0 0
855.9125879359378 425.3782367908996 -1 0 0
833.9278551115103 452.85915282143395 -1 0 0
833.5614428977698 459.4545726687622 -1 0 0
833.9278551115103 463.8515192336477 -1 0 0
831.3629696153271 467.8820535847927 -1 0 0
821.4698398443348 456.88968717257904 -1 0 0
826.2331986229607 478.508007783266 -1 0 0
829.1644963328844 472.27900014967827 -1 0 0
817.0728932794492 486.20266427181565 -1 0 0
831.7293818290676 485.10342763059424 -1 0 0
840.5232749588386 480.7064810657088 -1 0 0
836.8591528214339 485.83625205807516 -1 0 0
823.6683131267775 497.9278551115103 -1 0 0
810.477473432121 504.88968717257904 -1 0 0
822.2026642718157 508.5538093099836 -1 0 0
826.9660230504417 503.4240383176172 -1 0 0
815.9736566382278 512.5843436611286 -1 0 0
811.210297859602 525.0423589283042 -1 0 0
807.5461757221974 523.210297859602 -1 0 0
803.8820535847927 512.5843436611286 -1 0 0
819.2713665618919 517.3477024397546 -1 0 0
833.9278551115103 512.9507558748691 -1 0 0
830.2637329741058 495.3629696153271 -1 0 0
841.9889238138004 502.6912138901362 -1 0 0
846.7522825924262 501.2255650351744 -1 0 0
853.714114653495 496.8286184702889 -1 0 0
849.3171680886096 485.83625205807516 -1 0 0
844.1873970962431 488.0347253405179 -1 0 0
841.9889238138004 463.8515192336477 -1 0 0
842.3553360275408 448.4622062565485 -1 0 0
847.8515192336478 441.50037419547976 -1 0 0
854.446939080976 436.3706032031134 -1 0 0
838.3248016763959 444.43167190540345 -1 0 0
848.9507558748692 456.88968717257904 -1 0 0
854.8133512947164 452.85915282143395 -1 0 0
859.9431222870828 443.3324352641821 -1 0 0
855.1797635084569 446.99655740158664 -1 0 0
854.446939080976 463.8515192336477 -1 0 0
849.6835803023498 515.5156413710523 -1 0 0
859.5767100733423 512.5843436611286 -1 0 0
869.4698398443345 504.1568627450981 -1 0 0
856.2790001496782 484.73701541685386 -1 0 0
851.1492291573118 477.0423589283043 -1 0 0
843.454572668762 470.08052686723556 -1 0 0
844.9202215237239 473.7446490046401 -1 0 0
839.7904505313575 475.21029785960195 -1 0 0
804.6148780122736 516.2484657985333 -1 0 0
799.1186948061667 526.8744199970065 -1 0 0
839.0576261038766 520.2790001496783 -1 0 0
824.0347253405178 523.210297859602 -1 0 0
863.2408322107468 523.210297859602 -1 0 0
852.6148780122736 525.7751833557851 -1 0 0
894.3858703786857 524.6759467145638 -1 0 0
887.7904505313575 499.39350396647217 -1 0 0
876.7980841191438 511.8515192336477 -1 0 0
917.836252058075 505.98892381380045 -1 0 0
903.9125879359377 495.7293818290676 -1 0 0
898.0499925160902 488.4011375542584 -1 0 0
861.0423589283041 469.7141146534951 -1 0 0
864.7064810657087 471.54617572219735 -1 0 0
864.3400688519682 464.5843436611286 -1 0 0
863.9736566382278 478.14159556952563 -1 0 0
870.2026642718155 479.6072444244874 -1 0 0
876.4316719054034 478.87441999700656 -1 0 0
873.1339619817392 473.0118245771592 -1 0 0
861.4087711420445 497.1950306840294 -1 0 0
854.4469390809759 492.065259691663 -1 0 0
841.2560993863193 498.29426732525076 -1 0 0
888.156862745098 519.1797635084569 -1 0 0
878.6301451878461 519.1797635084569 -1 0 0
893.2866337374644 496.8286184702889 -1 0 0
880.8286184702889 490.23319862296074 -1 0 0
885.9583894626552 481.4393054931897 -1 0 0
881.5614428977698 478.87441999700656 -1 0 0
876.065259691663 466.0499925160905 -1 0 0
869.836252058075 466.41640472983096 -1 0 0
866.5385421344109 453.5919772489149 -1 0 0
862.508007783266 448.09579404280805 -1 0 0
871.3019009130369 426.84388564586146 -1 0 0
881.5614428977698 433.07289327944926 -1 0 0
876.4316719054034 433.07289327944926 -1 0 0
877.8973207603652 427.9431222870828 -1 0 0
892.5538093099834 506.3553360275409 -1 0 0
897.3171680886094 501.9583894626553 -1 0 0
870.9354886992965 492.065259691663 -1 0 0
861.4087711420445 489.1339619817394 -1 0 0
864.3400688519682 486.93548869929657 -1 0 0
880.187397096243 494.1721299206706 -1 0 0
885.5003741954796 510.8438856458614 -1 0 0
875.9736566382278 500.58434366112857 -1 0 0
891.5461757221973 479.14922915731177 -1 0 0
891.1797635084569 462.29426732525076 -1 0 0
885.8667864092203 469.2560993863195 -1 0 0
878.9049543481515 474.9354886992965 -1 0 0
877.8057177069301 453.50037419547976 -1 0 0
888.4316719054034 451.66831312677743 -1 0 0
883.8515192336478 463.0270917527316 -1 0 0
897.9583894626553 467.4240383176172 -1 0 0
914.0805268672354 472.0041909893729 -1 0 0
906.0194581649455 483.9125879359378 -1 0 0
910.9660230504415 482.63014518784615 -1 0 0
909.1339619817392 492.52327495883856 -1 0 0
904.3706032031132 523.6683131267774 -1 0 0
906.3858703786858 517.4393054931896 -1 0 0
920.8591528214339 476.7675497679988 -1 0 0
918.6606795389912 481.3477024397546 -1 0 0
916.8286184702889 494.53854213441105 -1 0 0
915.3629696153271 489.04235892830417 -1 0 0
884.5843436611286 449.46983984433473 -1 0 0
879.8209848825026 448.3706032031134 -1 0 0
875.0576261038766 447.4545726687622 -1 0 0
868.6454123634187 446.1721299206706 -1 0 0
870.2942673252508 450.7522825924263 -1 0 0
856.0041909893728 477.1339619817393 -1 0 0
909.1339619817392 456.43167190540345 -1 0 0
912.9812902260142 461.56144289776984 -1 0 0
935.8820535847927 472.7370154168538 -1 0 0
930.7522825924262 476.7675497679988 -1 0 0
922.6912138901362 472.5538093099836 -1 0 0
940.6454123634187 471.27136656189197 -1 0 0
946.1415955695255 472.1873970962431 -1 0 0
937.8973207603652 474.9354886992965 -1 0 0
945.4087711420445 479.69884747792247 -1 0 0
940.8286184702889 478.96602305044155 -1 0 0
934.0499925160905 485.56144289776984 -1 0 0
929.2866337374644 487.3935039664721 -1 0 0
921.5919772489148 485.37823679089956 -1 0 0
930.0194581649455 482.63014518784615 -1 0 0
934.0499925160905 494.1721299206706 -1 0 0
928.0041909893728 495.08816045502175 -1 0 0
928.920221523724 511.2102978596019 -1 0 0
939.1797635084569 502.0499925160904 -1 0 0
946.8744199970064 499.85151923364765 -1 0 0
856.3706032031132 524.4011375542584 -1 0 0
899.7904505313576 508.2790001496782 -1 0 0
938.4469390809759 483.5461757221973 -1 0 0
941.1950306840293 493.07289327944926 -1 0 0
939.5461757221973 510.8438856458614 -1 0 0
900.5232749588384 478.41640472983084 -1 0 0
947.0576261038766 458.99655740158664 -1 0 0
934.7828169435713 503.69884747792247 -1 0 0
873.9583894626553 519.8209848825027 -1 0 0
878.3553360275407 525.8667864092203 -1 0 0
866.6301451878461 509.92785511151027 -1 0 0
861.1339619817392 509.01182457715913 -1 0 0
831.0881604550217 523.1186948061667 -1 0 0
915.5461757221973 521.2866337374644 -1 0 0
921.7751833557851 512.8591528214339 -1 0 0
942.2942673252506 483.17976350845686 -1 0 0
866.2026642718155 435.3629696153271 -1 0 0
866.3858703786859 429.8667864092202 -1 0 0
872.065259691663 439.3935039664721 -1 0 0
866.0194581649453 438.6606795389912 -1 0 0
876.8286184702889 441.9583894626553 -1 0 0
885.6225116000599 435.9125879359378 -1 0 0
887.8209848825026 431.8820535847927 -1 0 0
891.6683131267773 433.3477024397546 -1 0 0
893.5003741954796 426.0194581649454 -1 0 0
905.5919772489148 416.12632839395303 -1 0 0
900.0957940428079 424.0041909893729 -1 0 0
906.1415955695255 423.4545726687622 -1 0 0
902.8438856458614 426.38587037868587 -1 0 0
900.0957940428079 429.3171680886095 -1 0 0
908.156862745098 429.50037419547976 -1 0 0
904.4927406076935 432.0652596916629 -1 0 0
894.9660230504415 437.92785511151027 -1 0 0
891.4851070199071 441.9583894626553 -1 0 0
886.3553360275407 441.7751833557851 -1 0 0
890.569076485556 438.11106121838054 -1 0 0
885.8057177069301 439.9431222870828 -1 0 0
883.6072444244874 441.9583894626553 -1 0 0
880.3095345008232 439.2102978596019 -1 0 0
903.9431222870827 445.2560993863195 -1 0 0
913.836252058075 443.4240383176172 -1 0 0
963.1186948061667 415.2102978596019 -1 0 0
960.920221523724 422.1721299206706 -1 0 0
968.6148780122736 422.1721299206706 -1 0 0
976.126328393953 421.6225116000599 -1 0 0
982.5385421344109 422.1721299206706 -1 0 0
979.7904505313576 427.301900913037 -1 0 0
968.2484657985332 427.66831312677743 -1 0 0
955.7904505313576 424.1873970962431 -1 0 0
952.3095345008232 422.7217482412813 -1 0 0
948.0957940428079 421.2560993863195 -1 0 0
957.8057177069301 431.14922915731177 -1 0 0
945.1644963328844 434.0805268672355 -1 0 0
918.7828169435713 438.11106121838054 -1 0 0
922.2637329741057 429.8667864092202 -1 0 0
918.0499925160905 425.28663373746446 -1 0 0
913.2866337374644 430.78281694357133 -1 0 0
916.5843436611286 454.0499925160904 -1 0 0
898.6301451878461 453.1339619817393 -1 0 0
943.6988474779225 444.88968717257893 -1 0 0
951.0270917527316 443.9736566382278 -1 0 0
954.6912138901362 442.32480167639574 -1 0 0
960.187397096243 441.7751833557851 -1 0 0
968.6148780122736 442.1415955695255 -1 0 0
966.7828169435713 437.3782367908996 -1 0 0
960.7370154168536 436.8286184702889 -1 0 0
956.156862745098 435.9125879359378 -1 0 0
979.0576261038766 436.095794042808 -1 0 0
970.9965574015865 446.53854213441105 -1 0 0
966.5996108367011 449.46983984433473 -1 0 0
962.569076485556 452.7675497679988 -1 0 0
956.156862745098 454.41640472983084 -1 0 0
958.3553360275407 456.7980841191439 -1 0 0
960.5538093099834 461.92785511151027 -1 0 0
967.6988474779225 459.17976350845686 -1 0 0
970.9965574015865 456.0652596916629 -1 0 0
974.1110612183804 451.1186948061668 -1 0 0
979.9736566382278 450.7522825924263 -1 0 0
983.8209848825026 450.20266427181565 -1 0 0
981.4393054931895 455.3324352641821 -1 0 0
975.9431222870828 458.8133512947164 -1 0 0
968.9812902260142 463.75991618021254 -1 0 0
974.1110612183804 463.0270917527316 -1 0 0
984.187397096243 465.7751833557851 -1 0 0
979.9736566382278 467.7904505313576 -1 0 0
970.2637329741057 471.27136656189197 -1 0 0
963.1186948061667 473.28663373746446 -1 0 0
955.9736566382278 468.34006885196834 -1 0 0
953.9583894626553 469.98892381380034 -1 0 0
946.4469390809759 468.34006885196834 -1 0 0
954.8744199970064 474.0194581649454 -1 0 0
948.3400688519682 483.17976350845686 -1 0 0
945.7751833557851 490.32480167639574 -1 0 0
951.6377787756323 490.6912138901362 -1 0 0
943.2102978596018 488.85915282143395 -1 0 0
957.1339619817392 478.96602305044155 -1 0 0
954.7522825924262 480.24846579853323 -1 0 0
949.9889238138003 478.96602305044155 -1 0 0
958.4164047298309 488.30953450082325 -1 0 0
957.1339619817392 484.8286184702889 -1 0 0
951.4545726687621 497.83625205807516 -1 0 0
968.6759467145637 475.66831312677743 -1 0 0
971.9736566382278 475.1186948061668 -1 0 0
975.4545726687621 474.38587037868587 -1 0 0
980.7675497679987 479.1492291573119 -1 0 0
973.2560993863194 487.0270917527317 -1 0 0
964.8286184702889 491.4240383176172 -1 0 0
984.7980841191438 472.7370154168538 -1 0 0
991.7599161802126 465.7751833557851 -1 0 0
989.3782367908996 472.920221523724 -1 0 0
989.0118245771591 476.76754976799884 -1 0 0
1008.6148780122736 464.85915282143395 -1 0 0
996.156862745098 474.01945816494543 -1 0 0
997.6225116000599 465.7751833557851 -1 0 0
993.5919772489148 458.99655740158664 -1 0 0
981.68358030235 460.6454123634187 -1 0 0
988.8286184702889 454.23319862296063 -1 0 0
987.7293818290675 458.0805268672355 -1 0 0
999.4545726687621 451.1186948061668 -1 0 0
995.6072444244874 447.08816045502175 -1 0 0
997.9889238138003 441.9583894626553 -1 0 0
987.7293818290675 443.9736566382278 -1 0 0
989.5614428977698 438.8438856458614 -1 0 0
985.8973207603652 432.61487801227366 -1 0 0
977.2866337374644 444.7064810657088 -1 0 0
973.8057177069301 436.4622062565485 -1 0 0
971.9736566382278 426.7522825924263 -1 0 0
988.0957940428079 421.07289327944926 -1 0 0
992.8591528214339 424.5538093099836 -1 0 0
1006.9660230504415 422.5385421344111 -1 0 0
995.4240383176171 421.2560993863195 -1 0 0
1002.569076485556 428.58434366112857 -1 0 0
1002.7522825924262 436.27900014967827 -1 0 0
1014.4774734321209 430.0499925160904 -1 0 0
1021.8057177069301 428.76754976799884 -1 0 0
1018.508007783266 454.23319862296063 -1 0 0
1012.2790001496782 453.3171680886095 -1 0 0
1005.1339619817392 457.16449633288437 -1 0 0
1014.1110612183804 421.4393054931897 -1 0 0
1006.4164047298309 434.446939080976 -1 0 0
1016.8591528214339 450.38587037868587 -1 0 0
1012.4622062565485 450.93548869929657 -1 0 0
1008.065259691663 448.0041909893729 -1 0 0
1005.8667864092203 454.78281694357133 -1 0 0
998.7217482412813 459.3629696153271 -1 0 0
1020.156862745098 465.04235892830417 -1 0 0
1021.0728932794491 423.4545726687622 -1 0 0
1015.9431222870828 441.9583894626553 -1 0 0
1015.5767100733423 436.6454123634187 -1 0 0
1006.2331986229607 439.3935039664721 -1 0 0
524.9812902260142 380.126328393953 -1 0 0
538.1721299206707 395.5156413710522 -1 0 0
555.7599161802127 402.1110612183804 -1 0 0
508.8591528214341 416.03472534051787 -1 0 0
494.2026642718158 374.9965574015866 -1 0 0
17.62251160005989 627.8209848825026 -1 0 0
52.79808411914386 627.0881604550217 -1 0 0
66.72174824128125 608.034725340518 -1 0 0
22.01945816494538 702.5690764855561 -1 0 0
71.85151923364766 674.7217482412813 -1 0 0
90.90495434815149 647.6072444244874 -1 0 0
114.35533602754082 630.0194581649454 -1 0 0
74.0499925160904 712.095794042808 -1 0 0
39.60724442448736 753.8667864092203 -1 0 0
141.4698398443347 726.7522825924262 -1 0 0
102.63014518784614 726.0194581649455 -1 0 0
143.66831312677743 671.0576261038767 -1 0 0
171.51564137105223 661.5309085466248 -1 0 0
191.301900913037 668.126328393953 -1 0 0
153.92785511151027 613.8973207603652 -1 0 0
132.67594671456368 611.6988474779225 -1 0 0
86.50800778326601 616.8286184702889 -1 0 0
241.1339619817393 647.6072444244874 -1 0 0
208.88968717257896 627.0881604550217 -1 0 0
197.8973207603652 632.2179314473882 -1 0 0
257.98892381380034 687.1797635084569 -1 0 0
306.35533602754083 652.7370154168538 -1 0 0
297.5614428977699 618.2942673252508 -1 0 0
318.08052686723545 622.6912138901362 -1 0 0
347.3935039664721 723.8209848825026 -1 0 0
373.7751833557851 656.4011375542584 -1 0 0
362.78281694357133 643.9431222870828 -1 0 0
345.92785511151027 640.2790001496782 -1 0 0
356.920221523724 622.6912138901362 -1 0 0
343.72938182906756 619.0270917527316 -1 0 0
268.2484657985331 628.5538093099835 -1 0 0
260.9202215237241 615.3629696153271 -1 0 0
216.9507558748691 713.5614428977698 -1 0 0
445.5919772489148 652.7370154168538 -1 0 0
404.5538093099836 641.0118245771591 -1 0 0
391.3629696153271 629.2866337374644 -1 0 0
383.301900913037 622.6912138901362 -1 0 0
393.56144289776984 654.2026642718157 -1 0 0
366.44693908097594 684.2484657985332 -1 0 0
524.9812902260143 620.4927406076935 -1 0 0
480.27900014967844 627.0881604550217 -1 0 0
474.416404729831 614.6301451878461 -1 0 0
503.7293818290677 628.5538093099835 -1 0 0
494.2026642718158 628.5538093099835 -1 0 0
563.0881604550219 625.6225116000599 -1 0 0
585.0728932794494 624.156862745098 -1 0 0
575.5461757221975 624.156862745098 -1 0 0
598.2637329741059 621.9583894626553 -1 0 0
605.591977248915 637.3477024397546 -1 0 0
585.0728932794494 659.3324352641821 -1 0 0
577.7446490046402 684.9812902260142 -1 0 0
653.2255650351746 650.538542134411 -1 0 0
627.5767100733425 713.5614428977698 -1 0 0
682.5385421344113 638.0805268672354 -1 0 0
662.7522825924265 616.8286184702889 -1 0 0
653.9583894626554 618.2942673252508 -1 0 0
640.767549767999 611.6988474779225 -1 0 0
623.912587935938 619.7599161802126 -1 0 0
624.6454123634188 606.5690764855561 -1 0 0
701.591977248915 597.0423589283041 -1 0 0
725.7751833557852 619.7599161802126 -1 0 0
776.3400688519686 615.3629696153271 -1 0 0
752.1568627450984 655.6683131267773 -1 0 0
827.6377787756327 650.538542134411 -1 0 0
831.3019009130372 677.6530459512048 -1 0 0
862.8133512947165 611.6988474779225 -1 0 0
832.0347253405181 618.2942673252508 -1 0 0
824.706481065709 624.156862745098 -1 0 0
799.7904505313577 639.5461757221973 -1 0 0
795.3935039664722 627.0881604550217 -1 0 0
597.8973207603652 688.2790001496783 -1 0 0
965.7751833557852 638.446939080976 -1 0 0
166.9965574015867 628.1873970962431 -1 0 0
