3.6651376146789407 331.6559633027523 -1 0 0
67.67125382262998 317.5886850152905 -1 0 0
74.70489296636089 263.4296636085627 -1 0 0
97.91590214067281 274.6834862385321 -1 0 0
121.12691131498472 297.19113149847095 -1 0 0
160.51529051987768 343.6131498470948 -1 0 0
168.95565749235476 292.9709480122324 -1 0 0
198.49694189602442 310.5550458715596 -1 0 0
183.7262996941896 273.27675840978594 -1 0 0
206.9373088685015 257.09938837920487 -1 0 0
263.90978593272166 316.8853211009174 -1 0 0
263.2064220183486 350.64678899082566 -1 0 0
358.16055045871553 307.03822629969414 -1 0 0
342.68654434250766 294.37767584097855 -1 0 0
299.0779816513761 264.83639143730886 -1 0 0
273.0535168195718 267.6498470948012 -1 0 0
61.34097859327221 252.17584097859327 -1 0 0
26.876146788990837 253.58256880733944 -1 0 0
47.273700305810415 245.14220183486233 -1 0 0
88.06880733944956 246.54892966360853 -1 0 0
104.94954128440365 233.8883792048929 -1 0 0
130.97400611620793 261.31957186544344 -1 0 0
111.98318042813457 250.06574923547402 -1 0 0
147.8547400611621 251.4724770642202 -1 0 0
166.84556574923545 240.21865443425077 -1 0 0
157.70183486238534 248.65902140672785 -1 0 0
390.5152905198777 284.53058103975536 -1 0 0
362.3807339449541 250.06574923547402 -1 0 0
315.9587155963302 256.3960244648317 -1 0 0
445.37767584097855 272.57339449541286 -1 0 0
414.4296636085627 264.83639143730886 -1 0 0
401.065749235474 262.7262996941896 -1 0 0
503.75688073394485 316.8853211009174 -1 0 0
503.75688073394485 282.42048929663605 -1 0 0
494.61314984709475 276.0902140672783 -1 0 0
528.374617737003 276.79357798165137 -1 0 0
548.0688073394494 263.4296636085627 -1 0 0
600.117737003058 276.79357798165137 -1 0 0
596.6009174311926 303.5214067278287 -1 0 0
616.9984709480121 323.2155963302752 -1 0 0
664.1238532110091 320.4021406727829 -1 0 0
648.6498470948011 251.4724770642202 -1 0 0
638.8027522935779 243.7354740061162 -1 0 0
618.4051987767583 237.40519877675843 -1 0 0
607.151376146789 248.65902140672785 -1 0 0
587.4571865443424 254.9892966360856 -1 0 0
573.3899082568806 255.69266055045873 -1 0 0
427.0902140672782 245.14220183486233 -1 0 0
416.539755351682 247.95565749235476 -1 0 0
216.08103975535164 -56.60091743119261 -1 0 0
330.025993883792 240.21865443425077 -1 0 0
269.5366972477064 250.06574923547402 -1 0 0
282.197247706422 245.14220183486233 -1 0 0
663.420489296636 -46.75382262996936 -1 0 0
231.55504587155963 243.7354740061162 -1 0 0
249.13914373088681 285.93730886850153 -1 0 0
674.6743119266054 245.14220183486233 -1 0 0
656.3868501529051 240.21865443425077 -1 0 0
649.3532110091742 242.32874617737002 -1 0 0
230.14831804281346 -57.3042813455657 -1 0 0
257.5795107033639 240.21865443425077 -1 0 0
247.73241590214067 240.92201834862385 -1 0 0
469.29204892966357 278.20030581039754 -1 0 0
481.24923547400607 262.7262996941896 -1 0 0
496.0198776758409 252.87920489296633 -1 0 0
310.3318042813455 -55.19418960244644 -1 0 0
386.29510703363906 240.21865443425077 -1 0 0
398.9556574923547 237.40519877675843 -1 0 0
383.4816513761467 230.3715596330275 -1 0 0
458.0382262996941 259.91284403669727 -1 0 0
469.29204892966357 255.69266055045873 -1 0 0
268.12996941896023 236.70183486238534 -1 0 0
258.282874617737 -50.27064220183479 -1 0 0
289.934250764526 233.8883792048929 -1 0 0
45.16360856269114 210.67737003058105 -1 0 0
182.31957186544344 250.06574923547402 -1 0 0
193.57339449541288 256.3960244648317 -1 0 0
204.82721712538228 240.21865443425077 -1 0 0
241.40214067278288 259.91284403669727 -1 0 0
304.70489296636083 250.06574923547402 -1 0 0
355.3470948012232 -58.71100917431187 -1 0 0
503.0535168195718 246.54892966360853 -1 0 0
511.4938837920489 240.21865443425077 -1 0 0
389.10856269113145 258.50611620795104 -1 0 0
472.1055045871559 231.7782874617737 -1 0 0
483.35932721712527 237.40519877675843 -1 0 0
505.8669724770641 231.7782874617737 -1 0 0
533.2981651376145 226.85474006116206 -1 0 0
334.9495412844036 -55.19418960244644 -1 0 0
568.466360856269 -54.49082568807336 -1 0 0
429.2003058103975 235.29510703363917 -1 0 0
407.3960244648317 230.3715596330275 -1 0 0
346.90672782874617 250.06574923547402 -1 0 0
240.6987767584098 240.92201834862385 -1 0 0
586.9296636085627 237.75688073394494 -1 0 0
553.8715596330276 231.7782874617737 -1 0 0
525.7370030581039 247.6039755351682 -1 0 0
515.1865443425077 252.52752293577979 -1 0 0
555.6299694189602 249.01070336391436 -1 0 0
628.0764525993884 233.18501529051986 -1 0 0
537.6941896024465 107.28287461773698 -1 0 0
602.0519877675841 237.75688073394494 -1 0 0
522.5718654434252 229.3165137614679 -1 0 0
641.7920489296637 340.44801223241586 -1 0 0
424.10091743119267 229.3165137614679 -1 0 0
418.474006116208 235.64678899082566 -1 0 0
593.2599388379206 238.1085626911315 -1 0 0
433.5963302752294 116.77828746177369 -1 0 0
569.6972477064221 236.35015290519874 -1 0 0
603.1070336391438 224.0412844036697 -1 0 0
610.1406727828746 224.0412844036697 -1 0 0
538.7492354740061 249.71406727828742 -1 0 0
142.84265734265736 238.61588411588406 -1 0 0
363.4220779220779 230.3441558441558 -1 0 0
347.567932067932 237.23726273726265 -1 0 0
311.03446553446554 231.72277722277715 -1 0 0
489.565934065934 220.69380619380615 -1 0 0
473.0224775224775 223.4510489510489 -1 0 0
449.5859140859141 243.44105894105886 -1 0 0
437.8676323676324 244.81968031968026 -1 0 0
435.79970029970025 240.6838161838161 -1 0 0
437.1783216783217 234.4800199800199 -1 0 0
433.04245754245756 228.9655344655344 -1 0 0
403.4020979020979 245.50899100899096 -1 0 0
386.1693306693307 251.71278721278713 -1 0 0
574.3511488511489 226.89760239760233 -1 0 0
580.554945054945 226.20829170829165 -1 0 0
550.9145854145854 222.0724275724275 -1 0 0
542.6428571428571 231.72277722277715 -1 0 0
628.1173826173826 218.62587412587408 -1 0 0
627.4280719280719 214.49000999000992 -1 0 0
617.7777222777222 215.17932067932065 -1 0 0
623.2922077922078 226.20829170829165 -1 0 0
633.6318681318681 226.20829170829165 -1 0 0
635.6998001998002 218.62587412587408 -1 0 0
645.3501498501498 216.557942057942 -1 0 0
647.4180819180818 224.82967032967028 -1 0 0
658.447052947053 221.38311688311683 -1 0 0
661.2042957042956 226.89760239760233 -1 0 0
663.2722277722278 215.17932067932065 -1 0 0
672.2332667332668 214.49000999000992 -1 0 0
674.3011988011988 233.10139860139856 -1 0 0
686.7087912087912 225.51898101898095 -1 0 0
