24.033333333333303 398.8888888888889 -1 0 0
83.98888888888892 391.5259259259259 -1 0 0
127.64074074074077 404.14814814814815 -1 0 0
168.13703703703706 382.58518518518514 -1 0 0
193.38148148148156 379.9555555555555 -1 0 0
202.8481481481482 407.8296296296296 -1 0 0
214.4185185185186 408.35555555555555 -1 0 0
236.50740740740753 408.88148148148144 -1 0 0
265.9592592592593 400.9925925925926 -1 0 0
303.82592592592596 405.72592592592594 -1 0 0
262.2777777777778 362.0740740740741 -1 0 0
338.0111111111112 370.4888888888889 -1 0 0
362.20370370370387 371.5407407407407 -1 0 0
368.514814814815 406.2518518518518 -1 0 0
484.74444444444447 396.7851851851852 -1 0 0
458.9740740740741 383.1111111111111 -1 0 0
524.7148148148149 414.66666666666663 -1 0 0
506.30740740740754 360.4962962962963 -1 0 0
563.1074074074075 371.01481481481477 -1 0 0
512.0925925925927 322.1037037037037 -1 0 0
544.1740740740742 317.89629629629627 -1 0 0
571.5222222222224 286.34074074074067 -1 0 0
532.0777777777779 277.4 -1 0 0
501.57407407407413 272.14074074074074 -1 0 0
520.5074074074075 253.20740740740737 -1 0 0
514.1962962962964 217.97037037037035 -1 0 0
505.25555555555565 202.71851851851847 -1 0 0
543.1222222222223 196.40740740740733 -1 0 0
528.3962962962963 180.62962962962956 -1 0 0
542.5962962962964 146.9703703703703 -1 0 0
516.3000000000001 169.0592592592592 -1 0 0
491.0555555555556 172.74074074074068 -1 0 0
572.0481481481482 174.31851851851846 -1 0 0
567.3148148148149 103.84444444444438 -1 0 0
521.0333333333334 122.25185185185177 -1 0 0
535.7592592592594 108.57777777777773 -1 0 0
519.4555555555556 95.95555555555546 -1 0 0
529.4481481481482 80.17777777777769 -1 0 0
515.7740740740742 79.12592592592586 -1 0 0
543.1222222222223 76.49629629629624 -1 0 0
482.64074074074085 74.39259259259251 -1 0 0
494.7370370370371 97.53333333333325 -1 0 0
487.3740740740742 123.3037037037036 -1 0 0
469.4925925925927 165.90370370370363 -1 0 0
468.4407407407408 240.58518518518514 -1 0 0
462.6555555555557 288.97037037037035 -1 0 0
434.78148148148165 315.26666666666665 -1 0 0
444.2481481481481 334.7259259259259 -1 0 0
377.9814814814815 328.9407407407407 -1 0 0
361.151851851852 316.3185185185185 -1 0 0
383.24074074074076 267.9333333333333 -1 0 0
437.41111111111115 265.8296296296296 -1 0 0
438.46296296296305 221.12592592592588 -1 0 0
422.15925925925933 222.17777777777772 -1 0 0
412.1666666666667 211.13333333333327 -1 0 0
382.7148148148149 195.3555555555555 -1 0 0
425.8407407407408 172.74074074074068 -1 0 0
439.51481481481494 149.5999999999999 -1 0 0
403.75185185185194 140.13333333333327 -1 0 0
437.41111111111115 119.09629629629625 -1 0 0
444.2481481481481 99.63703703703698 -1 0 0
391.65555555555557 106.474074074074 -1 0 0
383.76666666666677 93.85185185185179 -1 0 0
411.64074074074085 72.28888888888883 -1 0 0
367.462962962963 73.86666666666662 -1 0 0
308.5592592592593 76.49629629629624 -1 0 0
313.81851851851854 105.42222222222216 -1 0 0
342.7444444444445 110.15555555555551 -1 0 0
358.52222222222235 113.31111111111103 -1 0 0
354.3148148148149 133.82222222222214 -1 0 0
377.9814814814815 138.02962962962954 -1 0 0
367.462962962963 159.0666666666666 -1 0 0
330.12222222222226 161.17037037037028 -1 0 0
318.025925925926 144.34074074074067 -1 0 0
301.1962962962964 139.60740740740732 -1 0 0
302.2481481481482 118.04444444444437 -1 0 0
280.15925925925933 112.25925925925918 -1 0 0
264.3814814814815 102.2666666666666 -1 0 0
256.4925925925927 72.28888888888883 -1 0 0
200.21851851851855 89.11851851851844 -1 0 0
210.2111111111112 79.12592592592586 -1 0 0
190.75185185185194 109.1037037037036 -1 0 0
199.16666666666669 120.67407407407399 -1 0 0
211.78888888888898 153.28148148148142 -1 0 0
224.41111111111118 180.62962962962956 -1 0 0
236.50740740740753 202.71851851851847 -1 0 0
263.8555555555556 182.7333333333333 -1 0 0
260.70000000000005 143.81481481481478 -1 0 0
313.81851851851854 203.24444444444438 -1 0 0
339.06296296296307 189.0444444444444 -1 0 0
346.9518518518519 210.60740740740735 -1 0 0
346.9518518518519 236.37777777777774 -1 0 0
362.20370370370387 248.99999999999991 -1 0 0
321.7074074074075 243.74074074074068 -1 0 0
296.46296296296305 252.15555555555554 -1 0 0
287.52222222222224 230.0666666666666 -1 0 0
282.262962962963 211.65925925925922 -1 0 0
314.87037037037044 271.08888888888885 -1 0 0
321.7074074074075 293.7037037037037 -1 0 0
239.662962962963 302.6444444444444 -1 0 0
229.14444444444453 274.7703703703703 -1 0 0
216.52222222222227 252.68148148148146 -1 0 0
186.5444444444445 244.2666666666666 -1 0 0
204.425925925926 224.80740740740737 -1 0 0
189.17407407407413 210.60740740740735 -1 0 0
180.23333333333338 187.99259259259253 -1 0 0
156.0407407407408 148.02222222222213 -1 0 0
177.0777777777778 136.45185185185176 -1 0 0
151.30740740740745 114.8888888888888 -1 0 0
149.20370370370378 90.69629629629623 -1 0 0
132.90000000000006 134.34814814814808 -1 0 0
150.25555555555562 201.14074074074068 -1 0 0
133.42592592592595 186.9407407407407 -1 0 0
141.8407407407408 223.75555555555547 -1 0 0
194.43333333333337 278.97777777777776 -1 0 0
163.92962962962966 285.8148148148148 -1 0 0
145.52222222222227 292.1259259259259 -1 0 0
165.50740740740744 339.9851851851852 -1 0 0
151.8333333333334 334.2 -1 0 0
78.20370370370375 333.1481481481481 -1 0 0
102.92222222222227 317.89629629629627 -1 0 0
39.28518518518521 349.4518518518518 -1 0 0
15.09259259259261 322.62962962962956 -1 0 0
26.66296296296298 261.62222222222215 -1 0 0
44.01851851851856 252.15555555555554 -1 0 0
51.38148148148151 225.3333333333333 -1 0 0
3.52222222222224 252.15555555555554 -1 0 0
40.33703703703708 199.5629629629629 -1 0 0
8.781481481481507 165.90370370370363 -1 0 0
21.403703703703744 157.48888888888882 -1 0 0
68.73703703703708 184.83703703703696 -1 0 0
89.24814814814818 194.30370370370366 -1 0 0
80.83333333333339 164.8518518518518 -1 0 0
50.85555555555558 144.86666666666662 -1 0 0
69.262962962963 138.5555555555555 -1 0 0
80.83333333333339 123.82962962962954 -1 0 0
103.97407407407411 152.22962962962958 -1 0 0
93.98148148148152 106.474074074074 -1 0 0
97.66296296296301 84.91111111111104 -1 0 0
38.23333333333335 78.07407407407402 -1 0 0
21.403703703703744 78.07407407407402 -1 0 0
6.151851851851887 82.80740740740731 -1 0 0
14.040740740740775 114.8888888888888 -1 0 0
36.12962962962965 103.84444444444438 -1 0 0
493.575924075924 -50.61388611388605 -1 0 0
86.95454545454547 55.7917082917084 -1 0 0
133.82367632367635 40.59090909090918 -1 0 0
118.62287712287714 21.589910089910177 -1 0 0
79.9875124875125 24.756743256743334 -1 0 0
163.59190809190807 55.158341658341776 -1 0 0
614.5489510489508 392.1093906093906 -1 0 0
629.7497502497502 316.1053946053946 -1 0 0
597.4480519480517 240.1013986013986 -1 0 0
603.1483516483515 210.9665334665335 -1 0 0
626.582917082917 201.46603396603402 -1 0 0
616.4490509490508 174.23126873126878 -1 0 0
617.0824175824173 158.39710289710297 -1 0 0
603.1483516483515 134.3291708291709 -1 0 0
582.2472527472526 129.89560439560444 -1 0 0
82.04595404595406 42.71328671328672 -1 0 0
168.18381618381622 22.12887112887114 -1 0 0
183.0679320679321 28.145854145854145 -1 0 0
241.02097902097907 41.44655344655345 -1 0 0
234.05394605394608 24.979020979020987 -1 0 0
209.66933066933072 30.679320679320686 -1 0 0
202.06893106893114 15.795204795204794 -1 0 0
12.058941058941071 25.612387612387607 -1 0 0
27.25974025974027 19.595404595404602 -1 0 0
37.393606393606404 28.145854145854145 -1 0 0
23.459540459540477 9.461538461538453 -1 0 0
19.025974025974037 59.4975024975025 -1 0 0
291.05694305694306 43.02997002997003 -1 0 0
300.55744255744264 62.981018981018984 -1 0 0
284.4065934065934 26.562437562437566 -1 0 0
250.52147852147854 15.795204795204794 -1 0 0
227.40359640359642 12.945054945054949 -1 0 0
277.4395604395605 8.194805194805184 -1 0 0
360.568931068931 48.19130869130879 -1 0 0
326.3671328671328 61.4920079920081 -1 0 0
400.47102897102883 20.323176823176937 -1 0 0
400.47102897102883 51.35814185814195 -1 0 0
449.8736263736263 64.02547452547464 -1 0 0
475.2082917082916 39.95754245754256 -1 0 0
533.4780219780218 57.69180819180826 -1 0 0
579.7137862137861 50.72477522477533 -1 0 0
624.682817182817 50.72477522477533 -1 0 0
605.0484515484513 22.223276723276854 -1 0 0
550.578921078921 17.7897102897104 -1 0 0
484.07542457542445 21.589910089910177 -1 0 0
439.1063936063935 29.19030969030979 -1 0 0
337.1343656343655 31.09040959040971 -1 0 0
348.53496503496496 36.15734265734278 -1 0 0
423.1138861138861 13.261738261738259 -1 0 0
576.7052947052947 14.211788211788217 -1 0 0
107.85564435564436 274.93656343656346 -1 0 0
123.6898101898102 260.3691308691309 -1 0 0
141.42407592407596 74.06493506493507 -1 0 0
158.20829170829174 76.28171828171827 -1 0 0
529.8361638361639 11.36163836163837 -1 0 0
98.98851148851152 8.289210789210813 -1 0 0
48.31918081918084 7.655844155844193 -1 0 0
191.46003996003992 7.022477522477573 -1 0 0
517.0104895104894 7.655844155844193 -1 0 0
563.2462537462536 7.022477522477573 -1 0 0
