995.9417702919646 596.7841963483988 -1 0 0
962.2760741204319 554.3903567249871 -1 0 0
924.8697450409512 541.9215803651603 -1 0 0
947.3135424886395 510.7496394655928 -1 0 0
876.2415172376261 571.8466436287449 -1 0 0
891.2040488694186 536.9340698212294 -1 0 0
884.9696606895051 521.9715381894371 -1 0 0
746.566243095426 510.7496394655928 -1 0 0
670.5067073004816 580.5747870806238 -1 0 0
609.4097031373295 551.8966014530217 -1 0 0
512.1532475306793 531.9465592772987 -1 0 0
547.0658213381947 545.6622132731083 -1 0 0
500.93134880683516 579.327909444641 -1 0 0
449.80936573154474 634.1905254278795 -1 0 0
462.2781420913716 715.2375717667547 -1 0 0
459.7843868194063 671.5968545073605 -1 0 0
185.4713069032135 669.103099235395 -1 0 0
224.12451361867707 578.0810318086583 -1 0 0
113.1524040162172 596.7841963483988 -1 0 0
52.055399853065204 609.2529727082258 -1 0 0
19.63658131751515 677.831242687274 -1 0 0
37.09286822127288 737.6813692144432 -1 0 0
105.67113820032108 549.4028461810564 -1 0 0
44.57413403716901 551.8966014530217 -1 0 0
67.01793148485751 524.4652934614026 -1 0 0
24.624091861445923 509.5027618296101 -1 0 0
45.82101167315175 510.7496394655928 -1 0 0
62.030420940926746 487.0589643819216 -1 0 0
95.69611711245946 513.2433947375582 -1 0 0
170.50877527142117 502.021496013714 -1 0 0
200.4338385350058 523.2184158254198 -1 0 0
192.9525727191097 498.28086310576595 -1 0 0
220.38388071072896 499.5277407417486 -1 0 0
215.39637016679814 521.9715381894371 -1 0 0
150.55873309569802 526.9590487333678 -1 0 0
169.26189763543843 548.1559685450736 -1 0 0
305.1715599575521 594.2904410764335 -1 0 0
338.8372561290849 578.0810318086583 -1 0 0
383.7248510244619 549.4028461810564 -1 0 0
421.1311801039427 548.1559685450736 -1 0 0
458.53750918342354 548.1559685450736 -1 0 0
459.7843868194063 594.2904410764335 -1 0 0
384.9717286604446 588.05605289652 -1 0 0
386.21860629642725 521.9715381894371 -1 0 0
356.2935430328426 521.9715381894371 -1 0 0
286.4683954178116 539.4278250931948 -1 0 0
257.79020979020976 543.1684580011429 -1 0 0
266.5183532420886 579.327909444641 -1 0 0
272.7527414220021 497.03398546978315 -1 0 0
242.8276781584174 487.0589643819216 -1 0 0
270.25898615003666 473.34331038611197 -1 0 0
361.9044923947648 501.7097766047183 -1 0 0
371.256074664635 488.61756142690007 -1 0 0
373.7498299366004 476.77222388506436 -1 0 0
360.6576147587821 474.27846861309905 -1 0 0
328.8622350412234 478.6425403390384 -1 0 0
312.65282577344834 474.27846861309905 -1 0 0
426.74212946586493 521.6598187804414 -1 0 0
426.74212946586493 501.7097766047183 -1 0 0
408.0389649261245 504.20353187668366 -1 0 0
407.4155261081331 491.1113166988654 -1 0 0
388.71236156839274 494.2285107888221 -1 0 0
394.94674974830616 479.8894179750211 -1 0 0
415.5202307420206 462.43313107126335 -1 0 0
468.51253027128513 461.1862534352808 -1 0 0
460.40782563739765 476.77222388506436 -1 0 0
452.9265598215014 489.86443906288264 -1 0 0
540.20799434029 512.3082365105712 -1 0 0
536.4673614323419 494.2285107888221 -1 0 0
517.7641968926016 488.61756142690007 -1 0 0
503.4251040788006 504.826970694675 -1 0 0
481.60474544910346 512.9316753285625 -1 0 0
480.3578678131207 533.505156322277 -1 0 0
346.3185219449811 488.61756142690007 -1 0 0
333.84974558515415 504.826970694675 -1 0 0
244.6979946123915 504.20353187668366 -1 0 0
254.67301570025305 463.68000870724615 -1 0 0
239.71048406846074 471.1612745231423 -1 0 0
197.94008326304046 476.77222388506436 -1 0 0
160.53375418355964 479.8894179750211 -1 0 0
179.8603575412914 472.408152159125 -1 0 0
184.22442926723082 464.9268863432288 -1 0 0
285.22151778182905 425.0268019917826 -1 0 0
304.54812113956086 433.7549454436615 -1 0 0
481.60474544910346 496.0988272427962 -1 0 0
236.28157056950838 461.3421131397785 -1 0 0
781.4788169029413 524.4652934614026 -1 0 0
1013.3980571957226 530.6996816413159 -1 0 0
984.486517373677 502.33321542270966 -1 0 0
965.1599140159452 493.60507197083086 -1 0 0
963.9130363799625 482.3831732469866 -1 0 0
977.6286903757722 469.2909580691683 -1 0 0
994.4615384615386 464.9268863432289 -1 0 0
1007.5537536393568 464.9268863432289 -1 0 0
1020.6459688171751 469.2909580691683 -1 0 0
1021.8928464531579 481.1362956110039 -1 0 0
1015.6584582732444 501.0863377867271 -1 0 0
1000.6959266414519 486.74724497292607 -1 0 0
919.0254414845855 487.99412260890875 -1 0 0
940.2223612962913 466.797202797203 -1 0 0
922.1426355745423 467.42064161519426 -1 0 0
887.8535005850182 493.60507197083086 -1 0 0
868.5268972272864 488.61756142690007 -1 0 0
893.4644499469404 487.99412260890875 -1 0 0
891.5941334929662 479.2659791570299 -1 0 0
884.7363064950614 476.77222388506453 -1 0 0
885.3597453130528 473.6550297951078 -1 0 0
852.3174879595113 471.16127452314237 -1 0 0
867.2800195913037 464.3034475252375 -1 0 0
847.3299774155806 535.9989115942425 -1 0 0
781.2454627084977 497.9691436967703 -1 0 0
755.0610323528613 478.0191015210472 -1 0 0
740.0985007210688 451.21123234741924 -1 0 0
647.8295556583495 448.0940382574625 -1 0 0
778.128268618541 471.16127452314237 -1 0 0
775.0110745285843 459.93937579929815 -1 0 0
887.2300617670268 505.45040951266645 -1 0 0
617.9044923947647 495.47538842480486 -1 0 0
596.0841337650676 501.0863377867271 -1 0 0
591.7200620391282 466.797202797203 -1 0 0
640.3482898424533 502.9566542407011 -1 0 0
634.7373404805312 487.99412260890875 -1 0 0
702.0687328235966 483.63005088296933 -1 0 0
704.562488095562 473.6550297951078 -1 0 0
695.2109058256918 474.9019074310904 -1 0 0
687.7296400097956 475.5253462490818 -1 0 0
807.4298930641343 467.42064161519426 -1 0 0
790.5970449783679 458.6924981633154 -1 0 0
102.9039754020299 492.8257734483416 -1 0 0
73.60235095643657 467.576501319692 -1 0 0
64.56248809556207 462.2772713667656 -1 0 0
63.0038910505837 451.367092051917 -1 0 0
44.30072651084327 447.9381785529646 -1 0 0
6.894397431362432 442.3272291910424 -1 0 0
41.806971238877885 473.1874506816141 -1 0 0
54.89918641669617 474.1226089086012 -1 0 0
96.66958722211642 440.7686321460641 -1 0 0
344.75992490000266 469.1350983646705 -1 0 0
323.2512856793012 465.70618486571806 -1 0 0
334.78490381214107 466.95306250170074 -1 0 0
331.044270904193 461.34211313977863 -1 0 0
385.2834480694402 459.16007727680886 -1 0 0
646.9722650889969 686.9392708458856 -1 0 0
918.9667297682864 587.207967130146 -1 0 0
146.80466615096978 572.0971635368522 -1 0 0
706.6599392825077 521.0982014094853 -1 0 0
695.3268365875373 541.497786260432 -1 0 0
666.6163097602789 536.2090050027791 -1 0 0
630.3503811363737 541.497786260432 -1 0 0
623.5505195193915 520.3426612298206 -1 0 0
607.684175746433 509.7650987145149 -1 0 0
589.5512114344803 485.58781296524467 -1 0 0
652.2610463466498 476.52133080926836 -1 0 0
622.0394391600621 474.25471027027424 -1 0 0
603.9064748481094 474.25471027027424 -1 0 0
713.4598008994899 490.87659422289755 -1 0 0
755.0145107810481 462.9216075753039 -1 0 0
796.5692206626063 489.3655138635682 -1 0 0
434.62716272054803 477.2768709889331 -1 0 0
531.5898109672429 -42.38985916806928 -1 0 0
213.95544533287725 474.55237369634267 -1 0 0
