145.89201451905626 446.96098003629777 -1 0 0
178.12431941923774 457.4147005444647 -1 0 0
219.9392014519056 458.2858439201453 -1 0 0
185.96460980036295 436.5072595281308 -1 0 0
199.90290381125226 433.893829401089 -1 0 0
147.63430127041738 420.82667876588033 -1 0 0
160.70145190562613 400.790381125227 -1 0 0
138.05172413793105 392.9500907441018 -1 0 0
117.14428312159708 382.49637023593476 -1 0 0
193.8049001814882 406.888384754991 -1 0 0
237.3620689655172 392.9500907441018 -1 0 0
273.95009074410166 433.893829401089 -1 0 0
278.3058076225045 463.5127041742288 -1 0 0
300.95553539019966 471.35299455535403 -1 0 0
314.02268602540835 439.9918330308531 -1 0 0
314.02268602540835 412.9863883847551 -1 0 0
344.5127041742287 429.53811252268616 -1 0 0
368.90471869328496 445.2186932849366 -1 0 0
360.19328493647913 461.77041742286764 -1 0 0
388.06987295825775 475.70871143375695 -1 0 0
407.23502722323053 453.0589836660618 -1 0 0
468.2150635208711 476.5798548094375 -1 0 0
489.1225045372051 455.67241379310354 -1 0 0
527.4528130671507 475.70871143375695 -1 0 0
549.2313974591652 439.9918330308531 -1 0 0
583.2059891107078 440.8629764065337 -1 0 0
652.8974591651543 465.25499092558994 -1 0 0
652.0263157894738 445.2186932849366 -1 0 0
656.3820326678766 419.08439201451915 -1 0 0
692.9700544464611 421.6978221415609 -1 0 0
706.0372050816698 405.1460980036299 -1 0 0
719.9754990925591 464.3838475499094 -1 0 0
663.3511796733213 394.6923774954629 -1 0 0
660.7377495462796 362.4600725952814 -1 0 0
683.3874773139746 363.331215970962 -1 0 0
702.5526315789474 364.2023593466426 -1 0 0
713.0063520871144 369.42921960072607 -1 0 0
636.3457350272233 369.42921960072607 -1 0 0
631.1188747731397 380.75408348457364 -1 0 0
602.3711433756806 384.23865698729594 -1 0 0
559.6851179673322 400.790381125227 -1 0 0
596.2731397459165 417.34210526315803 -1 0 0
613.6960072595282 411.24410163339394 -1 0 0
543.1333938294011 383.3675136116154 -1 0 0
520.483666061706 402.5326678765881 -1 0 0
506.5453720508167 424.31125226860263 -1 0 0
496.9627949183304 387.72323049001824 -1 0 0
458.6324863883848 387.72323049001824 -1 0 0
422.04446460980034 382.49637023593476 -1 0 0
352.3529945553539 409.50181488203276 -1 0 0
365.4201451905626 391.2078039927406 -1 0 0
356.7087114337568 362.4600725952814 -1 0 0
375.00272232304906 368.55807622504545 -1 0 0
389.81215970961887 370.30036297640663 -1 0 0
388.9410163339384 345.0372050816698 -1 0 0
110.17513611615243 360.71778584392024 -1 0 0
150.24773139745918 365.9446460980037 -1 0 0
129.34029038112521 357.23321234119794 -1 0 0
170.28402903811252 372.91379310344837 -1 0 0
191.19147005444643 352.877495462795 -1 0 0
202.516333938294 336.325771324864 -1 0 0
248.6869328493648 346.77949183303093 -1 0 0
162.4437386569873 158.6125226860255 -1 0 0
293.98638838475495 381.6252268602542 -1 0 0
273.95009074410166 402.5326678765881 -1 0 0
280.04809437386575 417.34210526315803 -1 0 0
253.91379310344828 378.14065335753185 -1 0 0
233.87749546279494 366.81578947368433 -1 0 0
286.14609800362973 363.331215970962 -1 0 0
294.85753176043556 352.877495462795 -1 0 0
319.2495462794918 365.07350272232316 -1 0 0
340.15698729582573 350.2640653357533 -1 0 0
283.532667876588 338.9392014519057 -1 0 0
265.2386569872958 345.90834845735037 -1 0 0
171.15517241379308 352.00635208711446 -1 0 0
143.27858439201452 341.55263157894746 -1 0 0
89.26769509981847 346.77949183303093 -1 0 0
102.33484573502722 345.0372050816698 -1 0 0
80.5562613430127 330.22776769509994 -1 0 0
184.2223230490018 342.4237749546281 -1 0 0
368.03357531760435 330.22776769509994 -1 0 0
368.90471869328496 313.6760435571689 -1 0 0
368.03357531760435 338.9392014519057 -1 0 0
3.8956442831215554 311.9337568058077 -1 0 0
13.478221415607948 305.8357531760437 -1 0 0
24.803085299455518 302.3511796733213 -1 0 0
6.509074410163294 295.3820326678767 -1 0 0
6.509074410163294 277.95916515426507 -1 0 0
11.73593466424677 263.1497277676952 -1 0 0
29.158802177858437 258.7940108892923 -1 0 0
50.93738656987295 301.48003629764077 -1 0 0
70.10254083484568 315.4183303085301 -1 0 0
77.94283121597095 311.9337568058077 -1 0 0
66.61796733212338 301.48003629764077 -1 0 0
76.20054446460978 281.4437386569874 -1 0 0
106.69056261343013 307.5780399274048 -1 0 0
93.62341197822137 304.0934664246825 -1 0 0
92.75226860254082 289.28402903811264 -1 0 0
107.56170598911069 284.9283121597097 -1 0 0
118.01542649727764 297.9954627949184 -1 0 0
217.54355716878402 394.03901996370234 -1 0 0
244.11343012704177 313.45825771324866 -1 0 0
215.3656987295826 299.95553539019966 -1 0 0
192.28039927404717 308.66696914700543 -1 0 0
173.986388384755 310.4092558983666 -1 0 0
151.7722323049002 313.45825771324866 -1 0 0
192.28039927404717 286.88838475499097 -1 0 0
183.5689655172414 273.8212341197822 -1 0 0
174.85753176043556 283.4038112522686 -1 0 0
121.71778584392015 272.95009074410166 -1 0 0
114.31306715063522 265.10980036297644 -1 0 0
101.2459165154265 271.6433756805808 -1 0 0
98.19691470054448 257.2695099818512 -1 0 0
80.33847549909257 263.8030852994556 -1 0 0
93.40562613430129 248.1225045372051 -1 0 0
115.18421052631581 246.3802177858439 -1 0 0
129.99364791288568 259.8829401088929 -1 0 0
258.05172413793105 278.17695099818513 -1 0 0
332.5344827586207 368.7758620689655 -1 0 0
321.6451905626134 341.3348457350272 -1 0 0
335.14791288566244 304.7468239564428 -1 0 0
286.79945553539017 323.4764065335753 -1 0 0
269.81215970961887 310.8448275862069 -1 0 0
256.7450090744102 306.489110707804 -1 0 0
250.6470054446461 293.4219600725953 -1 0 0
265.89201451905626 296.9065335753176 -1 0 0
278.08802177858445 290.8085299455536 -1 0 0
299.86660617059897 289.5018148820327 -1 0 0
288.5417422867514 284.7105263157895 -1 0 0
306.4001814882033 276.87023593466427 -1 0 0
321.2096188747731 287.75952813067147 -1 0 0
349.08620689655174 309.538112522686 -1 0 0
359.97549909255895 296.9065335753176 -1 0 0
344.2949183303085 287.3239564428312 -1 0 0
387.85208711433756 305.6179673321234 -1 0 0
386.5453720508167 320.86297640653356 -1 0 0
403.532667876588 322.60526315789474 -1 0 0
412.2441016333938 333.93012704174225 -1 0 0
417.90653357531755 341.7704174228675 -1 0 0
429.2313974591651 357.450998185118 -1 0 0
427.92468239564425 315.6361161524501 -1 0 0
406.5816696914701 302.5689655172414 -1 0 0
420.08439201451904 303.00453720508165 -1 0 0
410.06624319419234 287.75952813067147 -1 0 0
417.90653357531755 292.11524500907444 -1 0 0
426.18239564428313 282.9682395644283 -1 0 0
396.99909255898365 286.01724137931035 -1 0 0
380.01179673321235 282.9682395644283 -1 0 0
364.3312159709619 286.88838475499097 -1 0 0
375.6560798548095 289.0662431941924 -1 0 0
361.2822141560798 279.91923774954626 -1 0 0
370.86479128856627 272.95009074410166 -1 0 0
354.7486388384755 262.06079854809434 -1 0 0
334.7123411978222 278.17695099818513 -1 0 0
295.07531760435575 270.7722323049002 -1 0 0
315.98275862068965 246.3802177858439 -1 0 0
278.08802177858445 273.8212341197822 -1 0 0
268.06987295825775 272.07894736842104 -1 0 0
257.6161524500908 269.4655172413793 -1 0 0
238.01542649727767 259.01179673321235 -1 0 0
214.49455535390203 258.57622504537204 -1 0 0
217.97912885662433 278.17695099818513 -1 0 0
225.3838475499093 298.2132486388385 -1 0 0
212.31669691470054 269.02994555353905 -1 0 0
198.81397459165157 269.02994555353905 -1 0 0
174.85753176043556 266.85208711433756 -1 0 0
129.99364791288568 275.5635208711434 -1 0 0
455.1034482758621 350.04627949183305 -1 0 0
511.2921960072596 370.0825771324864 -1 0 0
516.0834845735027 342.6415607985481 -1 0 0
498.66061705989114 351.78856624319417 -1 0 0
500.40290381125226 320.4274047186933 -1 0 0
558.3339382940109 321.7341197822142 -1 0 0
568.7876588021778 364.4201451905626 -1 0 0
536.9909255898367 336.54355716878405 -1 0 0
605.3756805807623 340.89927404718696 -1 0 0
587.0816696914701 333.93012704174225 -1 0 0
579.6769509981851 315.6361161524501 -1 0 0
613.2159709618875 303.44010889292196 -1 0 0
64.87568058076221 258.7940108892923 -1 0 0
43.9682395644283 261.407441016334 -1 0 0
68.36025408348456 264.8920145190564 -1 0 0
45.710526315789416 277.0880217785845 -1 0 0
54.421960072595255 263.1497277676952 -1 0 0
557.942831215971 290.1551724137932 -1 0 0
674.6760435571688 340.6814882032669 -1 0 0
698.1969147005445 344.1660617059892 -1 0 0
696.4546279491833 302.3511796733213 -1 0 0
695.5834845735028 249.21143375680592 -1 0 0
673.8049001814883 254.43829401088936 -1 0 0
630.2477313974592 331.97005444646106 -1 0 0
531.7640653357531 362.89564428312167 -1 0 0
615.393829401089 355.9264972776771 -1 0 0
630.6388384754991 347.6506352087115 -1 0 0
621.0562613430127 313.6760435571689 -1 0 0
629.3321234119782 319.77404718693293 -1 0 0
680.7295825771325 324.12976406533585 -1 0 0
669.8402903811252 304.09346642468245 -1 0 0
712.5263157894736 321.5163339382941 -1 0 0
716.4464609800362 295.817604355717 -1 0 0
669.8402903811252 290.5907441016335 -1 0 0
648.497277676951 290.5907441016335 -1 0 0
578.8058076225045 278.3947368421053 -1 0 0
583.1615245009075 296.68874773139754 -1 0 0
567.9165154264973 301.04446460980046 -1 0 0
557.8983666061706 303.6578947368422 -1 0 0
622.3629764065336 286.2350272232306 -1 0 0
603.633393829401 287.97731397459177 -1 0 0
595.7931034482758 287.54174228675146 -1 0 0
598.4065335753176 301.4800362976407 -1 0 0
533.9419237749546 304.09346642468245 -1 0 0
517.3901996370236 302.7867513611616 -1 0 0
505.1941923774955 301.915607985481 -1 0 0
490.38475499092556 313.6760435571689 -1 0 0
485.59346642468233 309.320326678766 -1 0 0
495.1760435571688 297.12431941923785 -1 0 0
466.4283121597096 301.4800362976407 -1 0 0
455.53901996370234 308.01361161524505 -1 0 0
452.05444646098 274.4745916515427 -1 0 0
462.9437386569873 282.75045372050823 -1 0 0
480.3666061705989 279.7014519056262 -1 0 0
496.9183303085299 275.3457350272233 -1 0 0
506.9364791288566 280.5725952813068 -1 0 0
513.470054446461 288.412885662432 -1 0 0
536.9909255898367 287.54174228675146 -1 0 0
562.6896551724138 276.2168784029039 -1 0 0
442.03629764065334 300.60889292196015 -1 0 0
421.1288566243194 246.16243194192384 -1 0 0
399.35027223230486 238.7577132486389 -1 0 0
438.11615245009074 243.11343012704182 -1 0 0
446.39201451905626 262.27858439201464 -1 0 0
458.1524500907441 243.5490018148821 -1 0 0
474.2686025408349 243.11343012704182 -1 0 0
492.56261343012704 235.7087114337569 -1 0 0
509.54990925589834 240.0644283121598 -1 0 0
515.6479128856624 250.95372050816707 -1 0 0
525.6660617059891 237.88656987295835 -1 0 0
541.3466424682396 247.90471869328502 -1 0 0
565.7386569872958 243.11343012704182 -1 0 0
579.6769509981851 257.0517241379311 -1 0 0
604.5045372050816 249.2114337568059 -1 0 0
591.8729582577132 245.29128856624328 -1 0 0
584.032667876588 234.40199637023602 -1 0 0
574.8856624319419 231.78856624319428 -1 0 0
637.6079854809437 250.08257713248648 -1 0 0
646.7549909255898 240.0644283121598 -1 0 0
655.0308529945554 230.9174228675137 -1 0 0
668.5335753176043 231.78856624319428 -1 0 0
676.3738656987296 241.80671506352095 -1 0 0
651.9818511796733 281.44373865698736 -1 0 0
659.8221415607985 286.2350272232306 -1 0 0
719.4954627949184 232.65970961887484 -1 0 0
719.9310344827586 246.16243194192384 -1 0 0
533.9419237749546 234.40199637023602 -1 0 0
469.04174228675134 231.35299455535397 -1 0 0
430.71143375680583 237.01542649727776 -1 0 0
385.8475499092559 243.9845735027224 -1 0 0
387.1542649727768 229.61070780399282 -1 0 0
376.70054446460983 246.59800362976415 -1 0 0
451.61887477313974 325.00090744101647 -1 0 0
456.8457350272232 333.27676950998193 -1 0 0
477.31760435571687 366.380217785844 -1 0 0
435.9382940108893 373.784936479129 -1 0 0
592.3085299455536 350.6996370235936 -1 0 0
692.4900181488204 222.20598911070792 -1 0 0
705.1215970961888 230.04627949183316 -1 0 0
698.5880217785843 228.73956442831226 -1 0 0
687.6987295825771 238.32214156079866 -1 0 0
679.8584392014519 231.7885662431943 -1 0 0
675.5027223230489 213.9301270417424 -1 0 0
555.7205081669691 210.0099818511798 -1 0 0
526.5372050816696 213.49455535390211 -1 0 0
534.8130671506352 220.02813067150646 -1 0 0
543.9600725952813 208.70326678765892 -1 0 0
520.0036297640653 224.38384754990938 -1 0 0
505.62976406533573 226.99727767695111 -1 0 0
526.1016333938294 227.4328493647914 -1 0 0
502.1451905626134 217.85027223230503 -1 0 0
486.0290381125227 228.30399274047198 -1 0 0
476.44646098003625 230.04627949183316 -1 0 0
469.47731397459165 225.25499092558994 -1 0 0
459.89473684210526 220.89927404718705 -1 0 0
448.1343012704174 213.0589836660618 -1 0 0
456.41016333938296 230.04627949183316 -1 0 0
435.502722323049 222.20598911070792 -1 0 0
425.049001814882 216.97912885662444 -1 0 0
424.1778584392015 230.04627949183316 -1 0 0
418.51542649727764 236.1442831215972 -1 0 0
410.2395644283122 222.20598911070792 -1 0 0
412.4174228675136 207.83212341197833 -1 0 0
393.68784029038113 213.0589836660618 -1 0 0
371.038112522686 220.89927404718705 -1 0 0
373.65154264972773 235.27313974591664 -1 0 0
364.50453720508165 233.53085299455546 -1 0 0
384.9764065335753 208.70326678765892 -1 0 0
377.57168784029034 211.75226860254094 -1 0 0
394.5589836660617 223.94827586206907 -1 0 0
549.2313974591652 234.40199637023602 -1 0 0
554.4582577132487 223.07713248638845 -1 0 0
233.00635208711435 237.01542649727776 -1 0 0
243.46007259528128 223.94827586206907 -1 0 0
255.6560798548095 230.91742286751372 -1 0 0
270.4655172413793 234.40199637023602 -1 0 0
284.4038112522686 240.5000000000001 -1 0 0
293.11524500907444 235.27313974591658 -1 0 0
304.440108892922 236.1442831215972 -1 0 0
321.86297640653356 228.30399274047195 -1 0 0
341.89927404718696 236.1442831215972 -1 0 0
338.4147005444646 226.5617059891108 -1 0 0
73.58711433756804 253.56715063520878 -1 0 0
31.381125226860235 250.95372050816707 -1 0 0
105.8638838475499 222.2059891107079 -1 0 0
111.96188747731397 217.850272232305 -1 0 0
117.62431941923774 226.99727767695111 -1 0 0
69.7114337568058 225.69056261343025 -1 0 0
57.079854809437386 226.1261343012705 -1 0 0
59.25771324863882 242.24228675136126 -1 0 0
24.41197822141561 220.89927404718702 -1 0 0
24.41197822141561 213.0589836660618 -1 0 0
8.731397459165152 203.91197822141572 -1 0 0
9.60254083484574 188.66696914700555 -1 0 0
13.522686025408348 217.850272232305 -1 0 0
17.007259528130675 205.2186932849366 -1 0 0
31.381125226860235 200.86297640653368 -1 0 0
38.7858439201452 213.0589836660618 -1 0 0
40.092558983666066 226.1261343012705 -1 0 0
126.77132486388383 226.99727767695111 -1 0 0
94.97459165154267 191.7159709618876 -1 0 0
83.64972776769508 203.91197822141572 -1 0 0
73.19600725952813 208.7032667876589 -1 0 0
93.23230490018148 208.2676950998186 -1 0 0
109.78402903811254 202.16969147005454 -1 0 0
101.0725952813067 206.96098003629774 -1 0 0
75.80943738656987 199.5562613430128 -1 0 0
60.564428312159684 193.89382940108902 -1 0 0
47.93284936479128 199.1206896551725 -1 0 0
44.88384754990926 209.1388384754992 -1 0 0
48.80399274047187 219.59255898366615 -1 0 0
38.35027223230489 193.89382940108902 -1 0 0
36.60798548094374 184.31125226860263 -1 0 0
27.460980036297627 181.6978221415609 -1 0 0
20.491833030853 179.51996370235946 -1 0 0
27.896551724137936 173.85753176043568 -1 0 0
17.442831215970955 190.40925589836672 -1 0 0
15.264972776769497 182.56896551724148 -1 0 0
22.66969147005443 197.81397459165163 -1 0 0
29.638838475499085 187.36025408348468 -1 0 0
27.896551724137936 206.96098003629774 -1 0 0
44.448275862068954 189.5381125226861 -1 0 0
53.15970961887475 192.15154264972787 -1 0 0
47.061705989110685 178.64882032667887 -1 0 0
55.337568058076215 197.81397459165163 -1 0 0
55.77313974591652 206.08983666061715 -1 0 0
113.70417422867514 173.85753176043568 -1 0 0
196.46279491833027 214.36569872958268 -1 0 0
217.37023593466424 225.69056261343025 -1 0 0
221.29038112522684 214.36569872958268 -1 0 0
200.8185117967332 237.88656987295838 -1 0 0
193.84936479128854 228.73956442831226 -1 0 0
173.8130671506352 222.2059891107079 -1 0 0
202.12522686025406 200.86297640653368 -1 0 0
209.52994555353902 202.16969147005454 -1 0 0
204.30308529945555 209.1388384754992 -1 0 0
254.39382940108894 216.9791288566244 -1 0 0
280.9637023593466 220.89927404718702 -1 0 0
292.7241379310344 222.2059891107079 -1 0 0
306.2268602540835 212.18784029038122 -1 0 0
319.29401088929217 205.65426497277687 -1 0 0
311.45372050816695 217.850272232305 -1 0 0
323.2141560798548 214.80127041742298 -1 0 0
339.7658802177858 210.44555353902007 -1 0 0
330.1833030852995 204.347549909256 -1 0 0
330.1833030852995 192.58711433756815 -1 0 0
339.7658802177858 192.58711433756815 -1 0 0
352.8330308529945 189.10254083484585 -1 0 0
351.0907441016334 180.39110707804002 -1 0 0
356.7531760435571 247.90471869328505 -1 0 0
255.2649727767695 210.00998185117976 -1 0 0
250.03811252268602 204.78312159709628 -1 0 0
258.3139745916516 201.73411978221424 -1 0 0
270.0744101633394 211.75226860254094 -1 0 0
266.58983666061704 216.54355716878413 -1 0 0
263.54083484573505 208.7032667876589 -1 0 0
276.60798548094374 202.60526315789485 -1 0 0
288.8039927404718 202.60526315789485 -1 0 0
299.69328493647913 199.1206896551725 -1 0 0
118.49546279491834 185.6179673321235 -1 0 0
220.85480943738654 188.66696914700555 -1 0 0
209.0943738656987 219.59255898366615 -1 0 0
207.35208711433754 225.25499092558994 -1 0 0
245.6823956442831 192.15154264972787 -1 0 0
283.1415607985481 191.7159709618876 -1 0 0
292.28856624319417 186.0535390199638 -1 0 0
319.29401088929217 195.2005444646099 -1 0 0
567.5254083484574 196.07168784029045 -1 0 0
605.855716878403 223.07713248638845 -1 0 0
678.1606170598911 201.29854809437393 -1 0 0
700.8103448275863 202.16969147005454 -1 0 0
679.0317604355718 174.29310344827593 -1 0 0
497.83393829401086 184.74682395644288 -1 0 0
498.7050816696915 199.5562613430128 -1 0 0
495.2205081669691 207.39655172413802 -1 0 0
488.2513611615246 216.9791288566244 -1 0 0
469.08620689655174 202.16969147005454 -1 0 0
455.14791288566244 196.07168784029045 -1 0 0
461.24591651542653 183.87568058076238 -1 0 0
304.440108892922 192.58711433756815 -1 0 0
490.86479128856627 165.5816696914701 -1 0 0
287.01724137931035 301.48003629764077 -1 0 0
232.78856624319417 289.71960072595294 -1 0 0
240.62885662431938 284.9283121597098 -1 0 0
246.29128856624317 275.78130671506364 -1 0 0
525.9283121597097 198.24954627949194 -1 0 0
593.4419237749546 210.44555353902007 -1 0 0
599.5399274047187 199.5562613430128 -1 0 0
616.52722323049 198.24954627949194 -1 0 0
613.0426497277678 203.0408348457351 -1 0 0
596.4909255898367 223.94827586206907 -1 0 0
617.3983666061706 222.6415607985482 -1 0 0
626.1098003629764 234.83756805807633 -1 0 0
626.9809437386571 219.15698729582587 -1 0 0
643.532667876588 229.17513611615254 -1 0 0
650.5018148820327 219.15698729582587 -1 0 0
659.6488203266788 213.0589836660618 -1 0 0
642.2259528130671 213.0589836660618 -1 0 0
635.2568058076225 208.7032667876589 -1 0 0
630.4655172413793 207.83212341197833 -1 0 0
620.4473684210526 188.66696914700555 -1 0 0
612.1715063520871 184.74682395644294 -1 0 0
573.4056261343013 180.39110707804002 -1 0 0
581.6814882032668 179.51996370235946 -1 0 0
565.5653357531761 184.74682395644294 -1 0 0
423.5689655172414 199.9918330308531 -1 0 0
397.434664246824 198.68511796733222 -1 0 0
415.29310344827593 199.1206896551725 -1 0 0
479.3221415607986 216.9791288566244 -1 0 0
578.6324863883848 189.53811252268613 -1 0 0
575.1479128856624 196.94283121597107 -1 0 0
540.3021778584392 173.42196007259537 -1 0 0
551.1914700544465 168.6306715063522 -1 0 0
584.2949183303085 219.15698729582587 -1 0 0
653.5508166969147 201.73411978221424 -1 0 0
655.7286751361162 194.7649727767696 -1 0 0
657.9065335753177 186.0535390199638 -1 0 0
648.7595281306716 196.07168784029048 -1 0 0
641.7903811252269 191.7159709618876 -1 0 0
648.3239564428312 184.74682395644294 -1 0 0
707.1261343012704 212.18784029038122 -1 0 0
447.5254083484574 192.58711433756815 -1 0 0
444.4764065335753 188.66696914700555 -1 0 0
441.4274047186933 184.31125226860263 -1 0 0
432.7159709618875 183.44010889292207 -1 0 0
437.5072595281307 186.0535390199638 -1 0 0
439.6851179673322 197.81397459165163 -1 0 0
437.94283121597095 204.78312159709628 -1 0 0
391.3366606170599 182.56896551724148 -1 0 0
382.6252268602541 190.844827586207 -1 0 0
382.6252268602541 186.0535390199638 -1 0 0
385.2386569872958 170.80852994555363 -1 0 0
380.44736842105266 162.5326678765881 -1 0 0
486.7268602540835 167.7595281306716 -1 0 0
511.11887477313974 176.9065335753177 -1 0 0
517.6524500907441 178.21324863883856 -1 0 0
529.412885662432 188.66696914700555 -1 0 0
478.450998185118 192.15154264972787 -1 0 0
483.24228675136123 203.91197822141572 -1 0 0
490.6470054446461 197.81397459165163 -1 0 0
111.0907441016334 185.6179673321235 -1 0 0
55.337568058076215 282.7504537205083 -1 0 0
58.82214156079854 291.8974591651544 -1 0 0
334.53901996370234 183.87568058076235 -1 0 0
313.1960072595281 191.7159709618876 -1 0 0
235.22867513611615 206.08983666061715 -1 0 0
218.6769509981851 205.65426497277687 -1 0 0
710.7840290381125 200.42740471869334 -1 0 0
716.4464609800362 190.84482758620697 -1 0 0
715.5753176043557 208.26769509981858 -1 0 0
715.5753176043557 174.7286751361162 -1 0 0
690.7477313974591 182.13339382940114 -1 0 0
637.6079854809437 171.24410163339388 -1 0 0
670.2758620689655 171.24410163339388 -1 0 0
657.6442831215971 171.24410163339388 -1 0 0
663.3067150635209 166.45281306715071 -1 0 0
627.589836660617 176.0353901996371 -1 0 0
577.9346642468239 163.40381125226867 -1 0 0
561.8185117967332 175.5998185117968 -1 0 0
570.9655172413793 169.50181488203273 -1 0 0
457.71687840290383 208.26769509981858 -1 0 0
513.0344827586207 207.396551724138 -1 0 0
504.7586206896551 205.21869328493653 -1 0 0
512.1633393829401 196.50725952813073 -1 0 0
501.2740471869329 176.0353901996371 -1 0 0
508.6787658802177 169.937386569873 -1 0 0
612.3448275862069 166.888384754991 -1 0 0
590.5662431941923 168.19509981851186 -1 0 0
582.7259528130671 172.55081669691475 -1 0 0
591.0018148820327 185.61796733212347 -1 0 0
587.9528130671506 192.58711433756812 -1 0 0
570.9655172413793 215.67241379310352 -1 0 0
561.382940108893 229.6107078039928 -1 0 0
699.0235934664247 171.24410163339388 -1 0 0
709.4773139745917 172.98638838475506 -1 0 0
703.8148820326679 182.13339382940114 -1 0 0
715.1397459165154 164.71052631578954 -1 0 0
226.25499092558982 198.6851179673322 -1 0 0
218.85027223230486 198.6851179673322 -1 0 0
211.88112522686023 192.58711433756815 -1 0 0
265.4564428312159 193.89382940108902 -1 0 0
274.6034482758621 190.84482758620697 -1 0 0
319.90290381125226 186.05353901996378 -1 0 0
323.82304900181487 181.6978221415609 -1 0 0
307.70689655172407 175.16424682395652 -1 0 0
322.516333938294 173.85753176043565 -1 0 0
216.67241379310343 177.34210526315798 -1 0 0
206.21869328493645 190.84482758620697 -1 0 0
197.07168784029037 192.58711433756815 -1 0 0
191.40925589836658 203.0408348457351 -1 0 0
185.31125226860252 210.88112522686032 -1 0 0
178.34210526315786 209.13883847549917 -1 0 0
302.91560798548096 184.7468239564429 -1 0 0
245.42014519056258 173.85753176043565 -1 0 0
246.72686025408345 165.14609800362985 -1 0 0
359.97549909255895 177.77767695099826 -1 0 0
371.73593466424677 164.71052631578954 -1 0 0
370.4292196007259 172.98638838475506 -1 0 0
375.6560798548094 172.98638838475506 -1 0 0
364.3312159709618 198.2495462794919 -1 0 0
375.6560798548094 189.9736842105264 -1 0 0
362.5889292196007 191.28039927404726 -1 0 0
367.81578947368416 186.48911070780406 -1 0 0
363.89564428312156 183.44010889292204 -1 0 0
415.7286751361162 187.79582577132493 -1 0 0
409.1950998185117 180.82667876588027 -1 0 0
398.74137931034477 178.21324863883854 -1 0 0
432.7159709618875 208.26769509981858 -1 0 0
430.97368421052624 196.94283121597104 -1 0 0
390.4655172413793 189.9736842105264 -1 0 0
481.2377495462795 180.39110707804005 -1 0 0
471.65517241379314 182.1333938294012 -1 0 0
467.29945553539017 165.58166969147018 -1 0 0
594.9219600725953 159.48366606170612 -1 0 0
644.1415607985481 164.7105263157896 -1 0 0
621.9274047186933 167.75952813067164 -1 0 0
617.1361161524501 161.66152450090757 -1 0 0
601.4555353901997 189.97368421052644 -1 0 0
672.0181488203267 183.0045372050818 -1 0 0
662.0 176.03539019963713 -1 0 0
665.049001814882 190.40925589836672 -1 0 0
673.3248638838476 195.6361161524502 -1 0 0
684.2141560798548 195.6361161524502 -1 0 0
682.0362976406534 186.9246823956444 -1 0 0
531.7640653357531 166.88838475499105 -1 0 0
548.3157894736842 162.09709618874786 -1 0 0
432.0181488203267 161.66152450090757 -1 0 0
414.1597096188748 169.0662431941925 -1 0 0
404.5771324863884 165.58166969147018 -1 0 0
599.2776769509982 230.91742286751372 -1 0 0
645.0127041742287 203.47640653357544 -1 0 0
645.8838475499092 178.2132486388386 -1 0 0
683.7785843920145 166.88838475499105 -1 0 0
672.8892921960072 156.87023593466438 -1 0 0
550.0580762250454 181.26225045372064 -1 0 0
544.3956442831216 183.87568058076238 -1 0 0
544.3956442831216 189.53811252268613 -1 0 0
611.4736842105264 317.5961887477315 -1 0 0
650.6751361161524 299.3021778584393 -1 0 0
651.9818511796733 330.6633393829402 -1 0 0
540.475499092559 295.3820326678767 -1 0 0
405.44827586206895 201.29854809437393 -1 0 0
380.1851179673321 198.2495462794919 -1 0 0
668.5335753176043 204.34754990925597 -1 0 0
659.8221415607985 201.73411978221424 -1 0 0
457.543557168784 174.72867513611624 -1 0 0
422.2622504537205 164.71052631578954 -1 0 0
364.33121597096186 208.70326678765886 -1 0 0
412.6796733212341 159.91923774954634 -1 0 0
538.559891107078 155.99909255898373 -1 0 0
519.3947368421052 167.75952813067158 -1 0 0
309.4491833030853 202.6052631578948 -1 0 0
359.10435571687833 273.60344827586215 -1 0 0
401.7903811252268 190.40925589836667 -1 0 0
391.7722323049002 157.74137931034488 -1 0 0
491.5181488203266 180.82667876588027 -1 0 0
27.025408348457344 279.26588021778593 -1 0 0
48.36842105263157 254.43829401088936 -1 0 0
67.96914700544465 191.71597096188756 -1 0 0
66.66243194192376 196.50725952813076 -1 0 0
77.11615245009074 190.4092558983667 -1 0 0
72.76043557168782 182.13339382940117 -1 0 0
94.53901996370234 179.9555353901997 -1 0 0
121.54446460980034 197.81397459165163 -1 0 0
119.3666061705989 213.93012704174237 -1 0 0
233.05081669691467 220.02813067150643 -1 0 0
240.01996370235932 179.9555353901997 -1 0 0
477.5798548094374 162.09709618874786 -1 0 0
460.5925589836661 190.844827586207 -1 0 0
501.10072595281304 166.45281306715074 -1 0 0
505.02087114337564 163.839382940109 -1 0 0
440.5562613430127 166.45281306715074 -1 0 0
564.2586206896552 165.58166969147015 -1 0 0
353.4419237749546 157.74137931034494 -1 0 0
283.3148820326679 211.75226860254094 -1 0 0
292.89745916515426 213.4945553539021 -1 0 0
344.7304900181489 216.5435571687841 -1 0 0
336.01905626134305 172.1152450090745 -1 0 0
313.8049001814883 166.01724137931043 -1 0 0
339.93920145190566 160.79038112522696 -1 0 0
401.7903811252269 159.04809437386578 -1 0 0
149.59437386569874 365.9446460980037 -1 0 0
248.03357531760437 385.5453720508168 -1 0 0
311.1914700544464 227.43284936479137 -1 0 0
318.16061705989114 220.89927404718702 -1 0 0
358.2332123411978 169.06624319419245 -1 0 0
364.3312159709619 158.1769509981852 -1 0 0
378.26950998185123 158.6125226860255 -1 0 0
437.5072595281307 159.91923774954637 -1 0 0
457.10798548094374 158.6125226860255 -1 0 0
460.5925589836661 167.3239564428313 -1 0 0
447.5254083484574 162.96823956442842 -1 0 0
685.5208711433756 162.96823956442842 -1 0 0
631.94555353902 164.27495462794928 -1 0 0
582.7259528130671 158.17695099818522 -1 0 0
573.1433756805808 159.91923774954637 -1 0 0
563.9963702359347 158.17695099818522 -1 0 0
679.4228675136117 163.83938294010898 -1 0 0
696.410163339383 161.66152450090755 -1 0 0
702.0725952813067 164.27495462794928 -1 0 0
692.4900181488204 169.93738656987307 -1 0 0
697.2813067150635 193.45825771324874 -1 0 0
688.5698729582577 203.9119782214157 -1 0 0
597.9709618874773 217.850272232305 -1 0 0
536.1197822141561 195.6361161524502 -1 0 0
33.79900181488203 177.77767695099828 -1 0 0
79.72958257713248 180.39110707804002 -1 0 0
53.595281306715066 187.79582577132496 -1 0 0
72.32486388384754 175.59981851179683 -1 0 0
87.13430127041741 190.4092558983667 -1 0 0
119.3666061705989 181.6978221415609 -1 0 0
15.264972776769497 247.46914700544474 -1 0 0
20.056261343012693 245.29128856624328 -1 0 0
186.88021778584394 172.98638838475506 -1 0 0
202.56079854809437 172.98638838475506 -1 0 0
194.28493647912885 178.64882032667884 -1 0 0
213.45009074410163 183.44010889292207 -1 0 0
172.070780399274 174.72867513611624 -1 0 0
122.41560798548095 190.4092558983667 -1 0 0
125.46460980036298 183.44010889292207 -1 0 0
227.12613430127038 175.16424682395652 -1 0 0
237.14428312159706 196.94283121597104 -1 0 0
293.76860254083476 173.42196007259537 -1 0 0
283.3148820326678 167.32395644283127 -1 0 0
296.3820326678765 180.8266787658803 -1 0 0
304.6578947368421 168.63067150635217 -1 0 0
473.2241379310344 169.93738656987304 -1 0 0
349.95735027223225 197.37840290381132 -1 0 0
253.69600725952807 188.23139745916524 -1 0 0
128.94918330308528 203.04083484573516 -1 0 0
128.94918330308528 210.88112522686038 -1 0 0
467.12613430127044 197.81397459165163 -1 0 0
498.05172413793105 162.96823956442842 -1 0 0
542.915607985481 161.22595281306724 -1 0 0
606.9446460980037 164.71052631578956 -1 0 0
423.5689655172414 185.6179673321235 -1 0 0
549.8847549909256 195.6361161524502 -1 0 0
581.6814882032668 196.94283121597107 -1 0 0
559.6406533575317 194.32940108892927 -1 0 0
624.1052631578947 162.96823956442836 -1 0 0
495.61161524500903 176.47096188747736 -1 0 0
481.2377495462795 166.4528130671507 -1 0 0
652.4174228675136 160.79038112522693 -1 0 0
646.3194192377496 160.79038112522693 -1 0 0
634.994555353902 159.9192377495463 -1 0 0
602.3266787658802 157.30580762250457 -1 0 0
594.9219600725953 169.937386569873 -1 0 0
607.1179673321234 185.1823956442832 -1 0 0
570.0943738656987 187.36025408348462 -1 0 0
567.0453720508167 190.40925589836667 -1 0 0
491.2558983666062 186.48911070780406 -1 0 0
547.8802177858439 157.74137931034488 -1 0 0
626.2831215970962 159.04809437386575 -1 0 0
667.6624319419237 159.04809437386575 -1 0 0
534.2686025408348 202.6052631578948 -1 0 0
483.30671506352087 187.57803992740477 -1 0 0
628.7876588021778 184.52903811252276 -1 0 0
621.8185117967332 177.77767695099823 -1 0 0
605.2667876588022 212.84119782214162 -1 0 0
610.7980943738658 194.32940108892927 -1 0 0
691.3788566243195 160.35480943738662 -1 0 0
709.6728675136117 161.2259528130672 -1 0 0
708.3661524500908 180.82667876588027 -1 0 0
704.8815789473684 188.66696914700552 -1 0 0
622.1229582577132 202.6052631578948 -1 0 0
617.9850272232305 172.98638838475506 -1 0 0
641.288112522686 187.79582577132493 -1 0 0
653.0485480943739 208.92105263157902 -1 0 0
559.1828493647913 244.20235934664254 -1 0 0
612.5403811252269 157.3058076225046 -1 0 0
689.6365698729583 186.92468239564437 -1 0 0
697.4768602540835 182.3511796733213 -1 0 0
692.0322141560798 175.5998185117968 -1 0 0
483.6778584392015 159.48366606170612 -1 0 0
488.90471869328496 157.30580762250463 -1 0 0
500.6651542649728 158.17695099818522 -1 0 0
375.6560798548095 183.87568058076238 -1 0 0
371.30036297640663 182.1333938294012 -1 0 0
571.1188747731397 166.01724137931046 -1 0 0
590.937386569873 163.62159709618885 -1 0 0
615.111615245009 159.26588021778596 -1 0 0
630.1388384754991 161.0081669691471 -1 0 0
598.1243194192377 183.0045372050818 -1 0 0
510.1388384754991 160.790381125227 -1 0 0
515.8012704174229 167.32395644283133 -1 0 0
519.068058076225 161.66152450090755 -1 0 0
468.10617059891104 171.67967332123425 -1 0 0
301.06442831215975 176.6887477313976 -1 0 0
290.82849364791286 166.45281306715077 -1 0 0
287.5617059891107 184.3112522686027 -1 0 0
262.9519056261343 184.3112522686027 -1 0 0
257.72504537205083 192.5871143375682 -1 0 0
252.9337568058076 196.0716878402905 -1 0 0
245.74682395644282 199.12068965517255 -1 0 0
244.65789473684208 204.56533575317619 -1 0 0
244.87568058076224 220.0281306715065 -1 0 0
231.37295825771324 213.276769509982 -1 0 0
318.2695099818512 200.64519056261355 -1 0 0
180.84664246823957 173.2041742286753 -1 0 0
179.10435571687842 214.14791288566258 -1 0 0
184.98457350272233 222.20598911070795 -1 0 0
210.46551724137933 178.43103448275878 -1 0 0
197.3983666061706 206.52540834845752 -1 0 0
191.0825771324864 210.66333938294025 -1 0 0
201.1007259528131 223.51270417422882 -1 0 0
617.8983666061706 213.93012704174237 -1 0 0
593.7241379310344 197.1606170598912 -1 0 0
65.42014519056255 234.1842105263159 -1 0 0
112.67967332123406 179.95553539019974 -1 0 0
211.9900181488203 197.1606170598912 -1 0 0
185.63793103448273 182.35117967332133 -1 0 0
175.61978221415603 191.06261343012713 -1 0 0
653.0485480943739 173.42196007259534 -1 0 0
690.5077132486389 165.14609800362982 -1 0 0
312.3892921960072 179.08439201451912 -1 0 0
328.72323049001807 175.5998185117968 -1 0 0
299.5399274047186 189.75589836660623 -1 0 0
257.7250453720508 169.28402903811258 -1 0 0
266.6542649727767 168.63067150635214 -1 0 0
317.6161524500907 163.6215970961888 -1 0 0
103.20598911070778 183.87568058076238 -1 0 0
100.59255898366604 192.58711433756815 -1 0 0
447.3076225045372 172.5508166969148 -1 0 0
453.4056261343014 164.7105263157896 -1 0 0
446.4364791288566 180.39110707804002 -1 0 0
473.4419237749546 161.22595281306724 -1 0 0
474.3130671506352 210.88112522686038 -1 0 0
