275.5 681.5185185185185 -1 0 0
267.16666666666663 739.8518518518517 -1 0 0
161.61111111111103 715.7777777777776 -1 0 0
94.9444444444444 713.9259259259258 -1 0 0
116.2407407407407 647.2592592592591 -1 0 0
109.75925925925918 602.8148148148148 -1 0 0
25.499999999999943 629.6666666666665 -1 0 0
59.75925925925918 554.6666666666665 -1 0 0
163.46296296296288 552.8148148148148 -1 0 0
112.53703703703695 524.1111111111111 -1 0 0
208.83333333333326 510.2222222222221 -1 0 0
284.75925925925924 524.1111111111111 -1 0 0
355.12962962962956 564.8518518518517 -1 0 0
354.2037037037036 655.5925925925925 -1 0 0
399.574074074074 675.037037037037 -1 0 0
410.6851851851851 628.7407407407406 -1 0 0
459.7592592592591 726.8888888888888 -1 0 0
536.611111111111 620.4074074074073 -1 0 0
593.0925925925925 703.7407407407406 -1 0 0
626.4259259259258 653.7407407407406 -1 0 0
599.5740740740739 576.8888888888888 -1 0 0
670.8703703703702 568.5555555555554 -1 0 0
626.4259259259258 539.8518518518517 -1 0 0
642.1666666666665 502.8148148148147 -1 0 0
529.2037037037036 559.2962962962962 -1 0 0
469.94444444444434 547.2592592592591 -1 0 0
428.2777777777777 564.8518518518517 -1 0 0
410.6851851851851 575.9629629629628 -1 0 0
379.2037037037036 535.2222222222222 -1 0 0
349.574074074074 486.14814814814804 -1 0 0
316.24074074074065 474.1111111111111 -1 0 0
263.46296296296293 473.18518518518505 -1 0 0
280.12962962962956 458.37037037037027 -1 0 0
269.94444444444434 433.37037037037027 -1 0 0
279.2037037037036 418.5555555555555 -1 0 0
244.01851851851848 411.14814814814804 -1 0 0
256.05555555555543 388.92592592592587 -1 0 0
205.12962962962956 448.18518518518505 -1 0 0
131.0555555555555 458.37037037037027 -1 0 0
148.6481481481481 418.5555555555555 -1 0 0
155.12962962962956 403.74074074074065 -1 0 0
128.27777777777771 396.33333333333326 -1 0 0
100.49999999999994 417.6296296296296 -1 0 0
6.98148148148141 444.4814814814814 -1 0 0
79.20370370370364 538.9259259259259 -1 0 0
31.98148148148141 416.7037037037036 -1 0 0
17.16666666666663 390.7777777777777 -1 0 0
12.53703703703701 374.11111111111103 -1 0 0
55.12962962962956 416.7037037037036 -1 0 0
59.75925925925918 367.62962962962956 -1 0 0
15.314814814814781 351.8888888888888 -1 0 0
78.27777777777771 348.1851851851851 -1 0 0
56.98148148148141 336.14814814814804 -1 0 0
29.20370370370364 325.03703703703695 -1 0 0
56.055555555555486 313.92592592592587 -1 0 0
7.907407407407391 302.8148148148148 -1 0 0
25.499999999999943 302.8148148148148 -1 0 0
141.2407407407407 375.03703703703695 -1 0 0
161.61111111111103 375.96296296296293 -1 0 0
192.16666666666663 397.2592592592592 -1 0 0
407.9074074074073 354.6666666666666 -1 0 0
228.27777777777771 351.8888888888888 -1 0 0
196.79629629629625 352.8148148148147 -1 0 0
194.01851851851848 336.14814814814804 -1 0 0
176.42592592592587 332.44444444444434 -1 0 0
106.05555555555549 323.1851851851851 -1 0 0
86.61111111111103 296.33333333333326 -1 0 0
69.9444444444444 297.2592592592592 -1 0 0
62.53703703703701 285.2222222222222 -1 0 0
40.31481481481478 288.92592592592587 -1 0 0
31.055555555555486 248.1851851851851 -1 0 0
48.648148148148096 254.66666666666663 -1 0 0
8.833333333333314 237.07407407407405 -1 0 0
9.759259259259238 221.33333333333326 -1 0 0
37.53703703703701 194.48148148148138 -1 0 0
39.38888888888886 154.66666666666663 -1 0 0
56.98148148148141 196.33333333333326 -1 0 0
49.57407407407402 193.55555555555543 -1 0 0
117.16666666666663 150.96296296296293 -1 0 0
125.49999999999994 160.22222222222217 -1 0 0
137.53703703703695 180.5925925925925 -1 0 0
119.9444444444444 203.74074074074065 -1 0 0
105.12962962962956 199.1111111111111 -1 0 0
73.6481481481481 218.55555555555543 -1 0 0
97.72222222222217 223.18518518518513 -1 0 0
109.75925925925918 215.77777777777774 -1 0 0
128.27777777777771 218.55555555555543 -1 0 0
97.72222222222217 232.44444444444434 -1 0 0
125.49999999999994 250.03703703703695 -1 0 0
150.49999999999994 217.62962962962956 -1 0 0
187.53703703703695 208.37037037037035 -1 0 0
185.6851851851851 174.1111111111111 -1 0 0
196.79629629629625 169.4814814814814 -1 0 0
208.83333333333326 174.1111111111111 -1 0 0
218.0925925925925 192.62962962962956 -1 0 0
170.87037037037032 219.48148148148144 -1 0 0
164.3888888888888 236.14814814814804 -1 0 0
165.31481481481472 262.074074074074 -1 0 0
130.12962962962956 277.8148148148148 -1 0 0
101.42592592592587 272.2592592592592 -1 0 0
112.53703703703695 282.44444444444434 -1 0 0
130.12962962962956 301.8888888888888 -1 0 0
160.6851851851851 285.2222222222222 -1 0 0
178.27777777777771 277.8148148148148 -1 0 0
200.49999999999994 268.5555555555555 -1 0 0
201.42592592592587 246.33333333333326 -1 0 0
237.53703703703695 234.29629629629622 -1 0 0
237.53703703703695 220.4074074074074 -1 0 0
250.4999999999999 196.33333333333326 -1 0 0
293.0925925925925 200.03703703703695 -1 0 0
319.94444444444434 193.55555555555543 -1 0 0
401.42592592592587 210.22222222222217 -1 0 0
481.9814814814814 218.55555555555543 -1 0 0
376.42592592592587 215.77777777777774 -1 0 0
339.3888888888888 225.03703703703695 -1 0 0
321.7962962962962 231.51851851851848 -1 0 0
266.24074074074065 230.59259259259252 -1 0 0
263.46296296296293 246.33333333333326 -1 0 0
232.9074074074074 267.62962962962956 -1 0 0
213.46296296296293 274.11111111111103 -1 0 0
264.3888888888888 263.92592592592587 -1 0 0
269.0185185185185 287.074074074074 -1 0 0
254.2037037037036 289.8518518518518 -1 0 0
240.31481481481478 290.7777777777777 -1 0 0
266.24074074074065 308.3703703703703 -1 0 0
181.0555555555555 301.8888888888888 -1 0 0
292.16666666666663 336.14814814814804 -1 0 0
335.6851851851851 327.8148148148147 -1 0 0
302.35185185185173 294.4814814814814 -1 0 0
320.8703703703703 281.5185185185185 -1 0 0
309.7592592592591 281.5185185185185 -1 0 0
311.6111111111111 255.5925925925925 -1 0 0
291.24074074074065 247.25925925925915 -1 0 0
323.64814814814804 262.074074074074 -1 0 0
347.7222222222222 251.8888888888888 -1 0 0
347.7222222222222 281.5185185185185 -1 0 0
367.16666666666663 302.8148148148148 -1 0 0
368.0925925925925 269.4814814814814 -1 0 0
369.94444444444434 240.77777777777774 -1 0 0
387.53703703703695 245.40740740740733 -1 0 0
390.3148148148148 288.92592592592587 -1 0 0
411.611111111111 262.99999999999994 -1 0 0
408.83333333333326 244.48148148148144 -1 0 0
401.42592592592587 265.7777777777777 -1 0 0
431.05555555555543 281.5185185185185 -1 0 0
437.53703703703695 262.99999999999994 -1 0 0
451.42592592592587 245.40740740740733 -1 0 0
467.1666666666665 259.2962962962962 -1 0 0
482.9074074074073 254.66666666666663 -1 0 0
490.31481481481467 271.33333333333326 -1 0 0
481.05555555555543 287.9999999999999 -1 0 0
476.42592592592587 310.2222222222222 -1 0 0
457.9074074074073 268.5555555555555 -1 0 0
437.53703703703695 313.92592592592587 -1 0 0
420.8703703703703 331.5185185185185 -1 0 0
398.64814814814804 344.4814814814814 -1 0 0
531.0555555555554 269.4814814814814 -1 0 0
591.2407407407406 284.2962962962962 -1 0 0
569.9444444444443 296.33333333333326 -1 0 0
597.7222222222221 325.9629629629629 -1 0 0
612.537037037037 306.5185185185185 -1 0 0
606.0555555555554 289.8518518518518 -1 0 0
606.0555555555554 278.74074074074065 -1 0 0
629.2037037037036 284.2962962962962 -1 0 0
667.1666666666665 280.5925925925925 -1 0 0
643.0925925925925 301.8888888888888 -1 0 0
739.3888888888887 275.9629629629629 -1 0 0
718.0925925925924 276.8888888888888 -1 0 0
692.1666666666665 294.4814814814814 -1 0 0
660.6851851851851 308.3703703703703 -1 0 0
660.6851851851851 325.9629629629629 -1 0 0
684.7592592592591 318.5555555555555 -1 0 0
717.1666666666665 319.4814814814814 -1 0 0
706.9814814814814 314.85185185185173 -1 0 0
733.8333333333333 305.5925925925925 -1 0 0
760.685185185185 291.70370370370364 -1 0 0
809.7592592592591 325.03703703703695 -1 0 0
788.4629629629628 324.11111111111103 -1 0 0
772.7222222222222 340.7777777777777 -1 0 0
748.648148148148 331.5185185185185 -1 0 0
734.7592592592591 358.3703703703703 -1 0 0
693.0925925925925 375.03703703703695 -1 0 0
596.7962962962962 380.5925925925925 -1 0 0
619.0185185185184 412.9999999999999 -1 0 0
717.1666666666665 430.5925925925925 -1 0 0
687.537037037037 456.51851851851836 -1 0 0
737.537037037037 428.74074074074065 -1 0 0
770.8703703703702 387.07407407407396 -1 0 0
784.7592592592591 367.62962962962956 -1 0 0
806.9814814814813 353.74074074074065 -1 0 0
816.2407407407406 377.8148148148147 -1 0 0
844.0185185185185 357.44444444444434 -1 0 0
887.537037037037 345.40740740740733 -1 0 0
894.9444444444443 321.33333333333326 -1 0 0
868.0925925925924 370.40740740740733 -1 0 0
891.2407407407406 386.14814814814804 -1 0 0
894.9444444444443 419.4814814814814 -1 0 0
875.4999999999998 438.92592592592575 -1 0 0
898.648148148148 439.8518518518518 -1 0 0
934.7592592592591 437.07407407407396 -1 0 0
885.685185185185 476.8888888888888 -1 0 0
937.537037037037 507.44444444444434 -1 0 0
934.7592592592591 597.2592592592591 -1 0 0
847.7222222222222 491.7037037037036 -1 0 0
824.5740740740739 550.9629629629628 -1 0 0
829.2037037037035 600.9629629629628 -1 0 0
829.2037037037035 470.40740740740733 -1 0 0
802.3518518518517 450.9629629629629 -1 0 0
788.4629629629628 415.7777777777777 -1 0 0
768.0925925925924 462.99999999999983 -1 0 0
779.2037037037035 507.44444444444434 -1 0 0
790.3148148148148 544.4814814814813 -1 0 0
781.0555555555554 590.7777777777776 -1 0 0
714.3888888888888 541.7037037037036 -1 0 0
688.4629629629628 525.9629629629628 -1 0 0
562.537037037037 577.8148148148148 -1 0 0
756.2442557442557 257.6178821178822 -1 0 0
769.2312687312688 253.62187812187818 -1 0 0
770.2302697302697 261.61388611388617 -1 0 0
744.2562437562437 246.6288711288712 -1 0 0
759.2412587412588 244.6308691308692 -1 0 0
763.2372627372628 233.64185814185817 -1 0 0
782.2182817182817 244.6308691308692 -1 0 0
783.2172827172827 254.62087912087918 -1 0 0
810.1903096903096 248.62687312687316 -1 0 0
822.1783216783216 264.61088911088916 -1 0 0
842.1583416583416 259.61588411588417 -1 0 0
862.1383616383615 276.5989010989012 -1 0 0
882.1183816183817 272.60289710289715 -1 0 0
897.1033966033966 264.61088911088916 -1 0 0
924.0764235764235 269.60589410589415 -1 0 0
938.0624375624376 269.60589410589415 -1 0 0
964.0364635364634 275.59990009990014 -1 0 0
980.0204795204794 280.5949050949052 -1 0 0
959.0414585414586 298.57692307692315 -1 0 0
963.0374625374626 404.47102897102906 -1 0 0
954.0464535464536 630.2452547452548 -1 0 0
975.0254745254746 728.1473526473527 -1 0 0
428.57192807192814 202.67282717282728 -1 0 0
