62.29010989010999 543.1212787212788 -1 0 0
102.18621378621388 466.39800199800203 -1 0 0
64.33606393606401 425.47892107892113 -1 0 0
17.279120879120956 478.67372627372634 -1 0 0
27.508891108891206 413.2031968031968 -1 0 0
14.210189810189924 364.10029970029973 -1 0 0
145.15124875124886 318.0663336663337 -1 0 0
177.88651348651356 290.4459540459541 -1 0 0
130.8295704295705 382.5138861138862 -1 0 0
181.9784215784216 410.1342657342658 -1 0 0
220.8515484515485 457.19120879120885 -1 0 0
295.52887112887123 460.2601398601399 -1 0 0
301.6667332667334 392.7436563436564 -1 0 0
313.9424575424576 347.7326673326674 -1 0 0
250.51788211788218 310.90549450549463 -1 0 0
284.2761238761239 261.8025974025975 -1 0 0
382.48191808191814 547.2131868131868 -1 0 0
368.16023976023985 378.4219780219781 -1 0 0
474.54985014985016 454.12227772227783 -1 0 0
602.4219780219781 481.74265734265737 -1 0 0
584.0083916083917 420.364035964036 -1 0 0
612.6517482517482 356.9394605394606 -1 0 0
655.6167832167832 380.4679320679321 -1 0 0
510.354045954046 361.0313686313687 -1 0 0
460.2281718281719 376.37602397602404 -1 0 0
437.7226773226774 311.9284715284717 -1 0 0
401.91848151848154 328.29610389610394 -1 0 0
336.4479520479521 316.0203796203797 -1 0 0
342.5858141858143 271.00939060939066 -1 0 0
327.24115884115895 252.59580419580425 -1 0 0
317.0113886113886 229.06733266733272 -1 0 0
352.81558441558445 252.59580419580425 -1 0 0
373.27512487512496 248.50389610389618 -1 0 0
362.0223776223777 263.8485514485515 -1 0 0
399.8725274725275 283.285114885115 -1 0 0
198.34605394605407 292.49190809190816 -1 0 0
134.9214785214786 347.7326673326674 -1 0 0
942.0503496503496 546.1902097902098 -1 0 0
1004.4519480519481 317.0433566433567 -1 0 0
927.7286713286712 286.354045954046 -1 0 0
845.8905094905094 279.1932067932069 -1 0 0
877.6027972027973 253.61878121878132 -1 0 0
842.8215784215784 212.69970029970037 -1 0 0
767.1212787212788 221.9064935064936 -1 0 0
699.6047952047952 249.52687312687323 -1 0 0
662.7776223776224 279.1932067932069 -1 0 0
683.2371628371628 219.86053946053954 -1 0 0
653.5708291708293 212.69970029970037 -1 0 0
663.8005994005995 192.24015984015992 -1 0 0
654.5938061938064 184.05634365634376 -1 0 0
626.9734265734265 192.24015984015992 -1 0 0
576.8475524475525 212.69970029970037 -1 0 0
532.8595404595404 264.8715284715285 -1 0 0
533.8825174825175 312.95144855144866 -1 0 0
490.91748251748254 302.7216783216783 -1 0 0
511.377022977023 285.33106893106896 -1 0 0
477.6187812187813 263.8485514485515 -1 0 0
449.99840159840164 243.38901098901107 -1 0 0
430.56183816183824 243.38901098901107 -1 0 0
444.8835164835166 291.4689310689311 -1 0 0
466.36603396603397 220.88351648351656 -1 0 0
454.09030969030977 224.97542457542465 -1 0 0
446.92947052947056 200.4239760239761 -1 0 0
392.71168831168836 224.97542457542465 -1 0 0
406.01038961038967 253.61878121878132 -1 0 0
416.2401598401599 223.95244755244764 -1 0 0
310.87352647352657 189.17122877122884 -1 0 0
324.1722277722278 203.4929070929072 -1 0 0
336.4479520479521 196.33206793206801 -1 0 0
330.31008991008997 183.03336663336677 -1 0 0
339.51688311688315 175.87252747252757 -1 0 0
355.88451548451553 184.05634365634376 -1 0 0
369.18321678321684 196.33206793206801 -1 0 0
365.09130869130877 209.6307692307693 -1 0 0
416.2401598401599 179.96443556443566 -1 0 0
407.0333666333667 192.24015984015992 -1 0 0
392.71168831168836 190.1942057942059 -1 0 0
373.27512487512496 185.07932067932074 -1 0 0
438.74565434565443 167.68871128871137 -1 0 0
429.5388611388612 188.14825174825182 -1 0 0
447.9524475524476 180.98741258741268 -1 0 0
439.7686313686314 180.98741258741268 -1 0 0
475.57282717282715 184.05634365634376 -1 0 0
463.29710289710295 188.14825174825182 -1 0 0
465.343056943057 199.4009990009991 -1 0 0
470.4579420579421 209.6307692307693 -1 0 0
491.94045954045964 232.1362637362638 -1 0 0
488.8715284715285 211.67672327672335 -1 0 0
503.19320679320685 187.1252747252748 -1 0 0
485.8025974025975 177.91848151848163 -1 0 0
506.2621378621379 164.61978021978032 -1 0 0
513.4229770229771 157.45894105894115 -1 0 0
526.7216783216784 163.5968031968033 -1 0 0
538.9974025974027 179.96443556443566 -1 0 0
550.2501498501499 179.96443556443566 -1 0 0
586.0543456543458 171.78061938061947 -1 0 0
563.5488511488513 157.45894105894115 -1 0 0
569.6867132867134 147.22917082917095 -1 0 0
606.5138861138861 159.50489510489516 -1 0 0
618.7896103896105 163.5968031968033 -1 0 0
577.8705294705295 160.52787212787226 -1 0 0
399.8725274725275 207.313086913087 -1 0 0
537.9744255744256 165.88251748251756 -1 0 0
573.7786213786214 183.78461538461548 -1 0 0
603.444955044955 186.34205794205803 -1 0 0
596.2841158841159 193.50289710289718 -1 0 0
604.467932067932 171.50889110889122 -1 0 0
614.1862137862138 180.71568431568443 -1 0 0
406.0103896103896 180.71568431568443 -1 0 0
