957.8929663608562 425.0132517838941 -1 0 0
919.8246687054027 445.77777777777777 -1 0 0
921.3078491335373 424.02446483180427 -1 0 0
881.7563710499489 440.8338430173293 -1 0 0
866.9245667686034 446.27217125382265 -1 0 0
824.9011213047911 448.24974515800204 -1 0 0
847.1488277268094 427.48521916411823 -1 0 0
893.1274209989806 404.74311926605503 -1 0 0
923.2854230377166 410.67584097859327 -1 0 0
879.7787971457697 371.1243628950051 -1 0 0
948.4994903160041 355.79816513761466 -1 0 0
926.2517838939857 346.89908256880733 -1 0 0
940.0948012232416 340.47196738022427 -1 0 0
951.4658511722732 318.22426095820595 -1 0 0
966.2976554536187 412.15902140672785 -1 0 0
866.4301732925587 392.8776758409786 -1 0 0
857.5310907237513 364.20285423037717 -1 0 0
839.2385321100917 375.0795107033639 -1 0 0
816.0020387359837 392.8776758409786 -1 0 0
769.5290519877676 413.14780835881754 -1 0 0
783.3720693170235 437.86748216106014 -1 0 0
749.7533129459734 431.9347604485219 -1 0 0
788.8103975535169 389.9113149847095 -1 0 0
772.4954128440368 395.3496432212029 -1 0 0
759.1467889908257 381.0122324159022 -1 0 0
805.1253822629969 371.6187563710499 -1 0 0
820.4515800203874 353.32619775739045 -1 0 0
849.1264016309888 335.0336391437309 -1 0 0
809.0805300713557 340.96636085626915 -1 0 0
849.1264016309888 318.71865443425077 -1 0 0
896.0937818552497 330.58409785932724 -1 0 0
892.138634046891 353.82059123343527 -1 0 0
909.4424057084607 315.2579001019368 -1 0 0
911.4199796126402 286.5830784913354 -1 0 0
950.9714576962283 303.3924566768603 -1 0 0
933.1732925586136 294.493374108053 -1 0 0
954.4322120285424 272.74006116207954 -1 0 0
947.5107033639144 260.38022426095824 -1 0 0
922.7910295616718 267.3017329255862 -1 0 0
911.9143730886851 274.2232415902141 -1 0 0
813.5300713557594 305.37003058103977 -1 0 0
934.6564729867482 232.19979612640165 -1 0 0
906.9704383282365 249.50356778797146 -1 0 0
854.0703363914373 247.52599388379207 -1 0 0
882.2507645259939 238.62691131498474 -1 0 0
882.2507645259939 274.2232415902141 -1 0 0
891.644240570846 266.3129459734964 -1 0 0
871.3741080530071 292.5158002038736 -1 0 0
861.980632008155 301.9092762487258 -1 0 0
825.8899082568807 267.3017329255862 -1 0 0
817.4852191641182 262.35779816513764 -1 0 0
794.2487257900102 231.7054026503568 -1 0 0
782.3832823649337 256.4250764525994 -1 0 0
805.6197757390419 295.97655453618756 -1 0 0
788.8103975535169 288.06625891946993 -1 0 0
772.0010193679918 324.1569826707441 -1 0 0
760.6299694189602 304.8756371049949 -1 0 0
750.7420998980632 304.8756371049949 -1 0 0
736.8990825688073 312.2915392456677 -1 0 0
732.9439347604485 320.69622833843016 -1 0 0
759.1467889908257 349.8654434250765 -1 0 0
791.776758409786 356.7869520897044 -1 0 0
721.0784913353721 422.54128440366975 -1 0 0
739.8654434250765 395.3496432212029 -1 0 0
736.4046890927626 376.31549439347606 -1 0 0
732.9439347604487 350.3598369011213 -1 0 0
718.112130479103 356.0453618756371 -1 0 0
692.1564729867483 351.34862385321105 -1 0 0
656.8073394495414 370.3827726809378 -1 0 0
643.211518858308 377.79867482161063 -1 0 0
661.0096839959226 357.28134556574923 -1 0 0
657.0545361875638 331.32568807339453 -1 0 0
676.5830784913355 382.7426095820591 -1 0 0
702.2915392456678 386.45056065239555 -1 0 0
561.8837920489296 401.0096839959227 -1 0 0
526.7818552497451 398.0433231396536 -1 0 0
508.48929663608567 395.07696228338443 -1 0 0
536.1753312945973 339.2104994903162 -1 0 0
554.4678899082569 350.5815494393478 -1 0 0
573.7492354740061 328.8282364933743 -1 0 0
619.2334352701325 329.817023445464 -1 0 0
618.2446483180429 361.9525993883793 -1 0 0
596.4913353720693 379.75076452599404 -1 0 0
563.861365953109 380.2451580020389 -1 0 0
644.9418960244648 428.20132517838954 -1 0 0
674.605504587156 298.67023445463826 -1 0 0
687.954128440367 291.2543323139655 -1 0 0
708.7186544342508 290.7599388379207 -1 0 0
699.3251783893986 261.09633027522955 -1 0 0
748.7645259938838 269.9954128440369 -1 0 0
738.3822629969419 289.2767584097861 -1 0 0
648.4026503567788 298.17584097859344 -1 0 0
655.8185524974516 313.9964322120287 -1 0 0
632.0876656472988 310.53567787971474 -1 0 0
626.6493374108053 295.70387359836917 -1 0 0
615.2782874617737 298.17584097859344 -1 0 0
633.0764525993884 269.0066258919471 -1 0 0
655.8185524974516 266.5346585117229 -1 0 0
678.5606523955148 259.1187563710501 -1 0 0
637.0316004077472 253.1860346585119 -1 0 0
608.3567787971458 262.57951070336406 -1 0 0
576.7155963302753 263.07390417940894 -1 0 0
571.2772680937819 293.2319062181449 -1 0 0
597.9745158002039 282.3552497451582 -1 0 0
593.0305810397554 300.64780835881766 -1 0 0
533.7033639143731 325.3674821610603 -1 0 0
523.815494393476 315.9740061162081 -1 0 0
531.7257900101937 295.70387359836917 -1 0 0
516.8939857288481 275.92813455657506 -1 0 0
492.6687054026504 322.4011213047912 -1 0 0
493.65749235474004 356.51427115188596 -1 0 0
494.1518858307849 370.35728848114184 -1 0 0
494.1518858307849 399.52650356778815 -1 0 0
557.9286442405709 243.7925586136597 -1 0 0
516.8939857288481 264.06269113149864 -1 0 0
584.131498470948 248.73649337410822 -1 0 0
616.2670744138634 236.87104994903177 -1 0 0
667.6839959225281 246.7589194699288 -1 0 0
713.1681957186545 268.5122324159023 -1 0 0
766.0682976554536 244.28695208970456 -1 0 0
689.9317023445465 435.88990825688074 -1 0 0
698.8307849133537 425.013251783894 -1 0 0
539.6360856269114 434.90112130479105 -1 0 0
507.0061162079511 440.3394495412844 -1 0 0
603.9072375127421 429.9571865443425 -1 0 0
590.5586136595311 439.3506625891947 -1 0 0
612.3119266055046 418.0917431192661 -1 0 0
549.7711518858308 271.99847094801225 -1 0 0
492.17431192660547 255.68348623853217 -1 0 0
472.3985728848114 267.05453618756377 -1 0 0
458.802752293578 266.0657492354741 -1 0 0
488.2191641182467 292.0214067278288 -1 0 0
484.0168195718654 302.15647298674827 -1 0 0
469.4322120285423 323.6625891946993 -1 0 0
439.0270132517839 301.90927624872586 -1 0 0
464.7354740061162 287.07747196738023 -1 0 0
439.7686034658512 338.4943934760449 -1 0 0
429.8807339449541 267.3017329255862 -1 0 0
416.5321100917431 277.1896024464832 -1 0 0
419.0040774719673 251.97553516819576 -1 0 0
408.1274209989806 260.38022426095824 -1 0 0
369.0703363914373 252.96432212028546 -1 0 0
341.38430173292556 282.13353720693175 -1 0 0
381.4301732925586 280.1559633027523 -1 0 0
387.3628950050968 292.5158002038736 -1 0 0
400.21712538226296 305.86442405708465 -1 0 0
375.0030581039755 328.60652395514785 -1 0 0
377.96941896024464 341.95514780835884 -1 0 0
419.9928644240571 339.97757390417945 -1 0 0
447.67889908256876 363.21406727828753 -1 0 0
343.85626911314984 369.6411824668706 -1 0 0
359.6768603465851 359.2589194699287 -1 0 0
374.0142711518858 365.68603465851174 -1 0 0
341.8786952089704 342.4495412844037 -1 0 0
342.37308868501526 322.17940876656473 -1 0 0
364.12640163098877 310.3139653414883 -1 0 0
364.12640163098877 290.5382262996942 -1 0 0
380.44138634046885 395.84403669724776 -1 0 0
365.60958205912334 232.19979612640168 -1 0 0
384.8909276248726 219.83995922528038 -1 0 0
420.4872579001019 215.3904179408767 -1 0 0
438.77981651376143 207.48012232415905 -1 0 0
508.98369011213043 232.19979612640168 -1 0 0
530.2426095820591 224.78389398572887 -1 0 0
515.9051987767584 216.3792048929664 -1 0 0
474.87054026503563 207.48012232415905 -1 0 0
482.78083588175326 219.83995922528038 -1 0 0
474.3761467889908 232.6941896024465 -1 0 0
459.04994903160036 234.17737003058107 -1 0 0
458.55555555555554 252.4699286442406 -1 0 0
351.0249745158001 240.85168195718654 -1 0 0
347.81141692150857 210.940876656473 -1 0 0
425.9255861365952 228.98623853211012 -1 0 0
333.2268093781854 254.94189602446482 -1 0 0
327.04689092762476 265.8185524974516 -1 0 0
25.961264016309883 447.7553516819572 -1 0 0
37.82670744138636 415.12538226299694 -1 0 0
4.702344546381255 412.15902140672785 -1 0 0
71.93985728848114 441.3282364933741 -1 0 0
78.86136595310907 420.5637104994903 -1 0 0
105.06422018348624 413.14780835881754 -1 0 0
128.3007135575943 406.2262996941896 -1 0 0
126.8175331294597 385.4617737003058 -1 0 0
164.88583078491337 388.92252803261977 -1 0 0
178.72884811416924 403.25993883792046 -1 0 0
221.2466870540265 397.3272171253823 -1 0 0
110.00815494393476 344.92150866462794 -1 0 0
120.88481141692154 332.56167176350664 -1 0 0
125.3343527013252 325.1457696228339 -1 0 0
154.50356778797146 295.48216106014274 -1 0 0
315.67584097859327 353.32619775739045 -1 0 0
297.38328236493373 403.25993883792046 -1 0 0
320.12538226299694 430.9459734964322 -1 0 0
369.0703363914373 417.5973496432212 -1 0 0
446.1957186544343 436.87869520897044 -1 0 0
469.92660550458714 440.3394495412844 -1 0 0
327.0468909276249 419.0805300713558 -1 0 0
462.7579001019369 393.5084097859327 -1 0 0
347.81141692150874 407.3514271151886 -1 0 0
92.70438328236494 366.67482161060144 -1 0 0
30.410805300713577 334.53924566768603 -1 0 0
27.938837920489306 361.2364933741081 -1 0 0
33.37716615698267 375.57390417940877 -1 0 0
67.98470948012232 311.302752293578 -1 0 0
104.69342507645261 314.5163098878695 -1 0 0
90.35601427115192 334.2920489296636 -1 0 0
77.74898063200818 351.8430173292559 -1 0 0
184.04357798165137 276.69520897043833 -1 0 0
200.85295616717633 273.72884811416924 -1 0 0
179.3468399592253 292.2686034658512 -1 0 0
229.77497451580018 327.6177370030581 -1 0 0
173.41411824668705 351.1014271151886 -1 0 0
205.79689092762487 366.42762487257903 -1 0 0
135.84021406727828 270.5152905198777 -1 0 0
147.21126401630988 268.7849133537207 -1 0 0
237.190876656473 273.72884811416924 -1 0 0
66.62512742099902 293.50458715596335 -1 0 0
13.972222222222257 343.93272171253824 -1 0 0
250.41590214067284 368.65239551478084 -1 0 0
262.28134556574923 355.79816513761466 -1 0 0
270.19164118246687 327.1233435270133 -1 0 0
385.87971457696216 359.5061162079511 -1 0 0
406.14984709480115 344.67431192660547 -1 0 0
431.11671763506615 317.729867482161 -1 0 0
311.7206931702344 307.84199796126404 -1 0 0
317.15902140672785 321.43781855249745 -1 0 0
306.28236493374106 338.98878695208975 -1 0 0
258.079001019368 258.64984709480126 -1 0 0
305.04638124362896 255.1890927624873 -1 0 0
311.473496432212 281.6391437308869 -1 0 0
304.05759429153926 297.954128440367 -1 0 0
274.88837920489294 301.6620795107034 -1 0 0
241.26962283384302 300.1788990825688 -1 0 0
143.75050968399592 79.4920998980632 -1 0 0
171.68374108053007 75.78414882772684 -1 0 0
161.05428134556576 70.59301732925589 -1 0 0
149.68323139653415 98.77344546381246 -1 0 0
115.07568807339452 110.39169215086648 -1 0 0
110.131753312946 91.85193679918453 -1 0 0
76.0186034658512 79.98649337410808 -1 0 0
62.669979612640205 99.26783893985731 -1 0 0
32.51197757390422 67.37945973496434 -1 0 0
20.152140672782906 52.54765545361879 -1 0 0
20.64653414882777 71.82900101936802 -1 0 0
7.545107033639184 75.04255861365955 -1 0 0
6.309123343527048 101.987003058104 -1 0 0
30.53440366972481 64.41309887869524 -1 0 0
228.29179408766566 56.25560652395518 -1 0 0
231.50535168195717 67.37945973496434 -1 0 0
205.54969418960246 79.98649337410808 -1 0 0
212.96559633027522 57.24439347604487 -1 0 0
196.89780835881754 57.98598369011215 -1 0 0
183.30198776758414 51.31167176350665 -1 0 0
198.13379204892965 73.06498470948014 -1 0 0
194.42584097859327 78.50331294597352 -1 0 0
192.2010703363914 82.70565749235476 -1 0 0
158.82951070336395 80.72808358817535 -1 0 0
153.8855759429154 70.59301732925589 -1 0 0
159.57110091743118 66.63786952089707 -1 0 0
172.67252803261977 57.24439347604487 -1 0 0
93.0751783893986 86.16641182466873 -1 0 0
72.06345565749238 86.908002038736 -1 0 0
70.3330784913354 36.47986748216108 -1 0 0
21.38812436289504 21.40086646279309 -1 0 0
27.815239551478115 14.97375127421003 -1 0 0
5.320336391437351 14.479357798165168 -1 0 0
131.1434760448522 30.052752293578006 -1 0 0
121.75000000000003 40.68221202854234 -1 0 0
154.3799694189603 53.28924566768606 -1 0 0
176.87487257900102 25.85040774719677 -1 0 0
165.256625891947 24.36722731906221 -1 0 0
155.6159531090724 22.3896534148828 -1 0 0
80.15914882772681 33.32173802242609 -1 0 0
100.80007645259938 7.736875637104993 -1 0 0
61.61939347604485 49.389525993883794 -1 0 0
50.61913863404689 53.46827217125383 -1 0 0
77.43998470948013 16.01796636085627 -1 0 0
47.40558103975535 19.849515800203868 -1 0 0
52.84390927624872 5.6357033639143665 -1 0 0
58.65303261977574 31.962155963302752 -1 0 0
55.62487257900102 264.55708460754346 -1 0 0
6.1855249745158005 294.7150866462795 -1 0 0
5.1967380224261035 326.8506625891948 -1 0 0
14.095820591233434 281.3664627930684 -1 0 0
50.18654434250766 235.88226299694202 -1 0 0
31.89398572884812 225.994393476045 -1 0 0
12.612640163098888 208.1962283384303 -1 0 0
22.006116207951067 219.5672782874619 -1 0 0
91.71559633027525 220.5560652395516 -1 0 0
68.4791029561672 227.97196738022438 -1 0 0
97.15392456676861 272.9617737003059 -1 0 0
125.82874617737002 263.0739041794089 -1 0 0
101.10907237512743 299.65902140672796 -1 0 0
37.332313965341484 263.56829765545376 -1 0 0
120.88481141692154 206.71304791029576 -1 0 0
107.04179408766566 225.50000000000014 -1 0 0
113.46890927624872 236.37665647298687 -1 0 0
127.31192660550461 227.97196738022438 -1 0 0
142.63812436289498 217.09531090723763 -1 0 0
151.0428134556575 211.65698267074427 -1 0 0
140.6605504587156 199.29714576962297 -1 0 0
178.23445463812436 235.88226299694202 -1 0 0
159.94189602446482 258.6243628950052 -1 0 0
188.61671763506627 257.6355759429155 -1 0 0
244.9775739041794 242.3093781855251 -1 0 0
215.80835881753313 215.6121304791031 -1 0 0
186.144750254842 210.66819571865457 -1 0 0
195.5382262996942 198.80275229357812 -1 0 0
213.83078491335374 199.29714576962297 -1 0 0
247.9439347604485 197.31957186544355 -1 0 0
260.30377166156984 188.91488277268107 -1 0 0
240.0336391437309 183.47655453618768 -1 0 0
248.43832823649333 182.98216106014286 -1 0 0
256.8430173292559 177.54383282364947 -1 0 0
248.43832823649333 168.1503567787973 -1 0 0
252.3934760448522 154.80173292558626 -1 0 0
285.5178389398573 163.20642201834875 -1 0 0
344.3506625891947 173.0942915392458 -1 0 0
332.9796126401631 186.44291539245683 -1 0 0
321.6085626911315 183.47655453618768 -1 0 0
311.7206931702344 191.8812436289502 -1 0 0
310.73190621814473 213.14016309887882 -1 0 0
273.15800203873596 237.3654434250766 -1 0 0
38.81549439347606 178.5326197757392 -1 0 0
78.36697247706422 214.6233435270134 -1 0 0
61.92838939857292 252.19724770642213 -1 0 0
155.6159531090724 188.17329255861378 -1 0 0
87.88404689092765 186.19571865443436 -1 0 0
63.164373088685046 179.027013251784 -1 0 0
63.411569826707456 169.63353720693183 -1 0 0
76.0186034658512 165.92558613659543 -1 0 0
152.8967889908257 157.52089704383295 -1 0 0
183.30198776758414 170.86952089704397 -1 0 0
202.3361365953109 168.1503567787973 -1 0 0
200.3585626911315 150.10499490316016 -1 0 0
21.38812436289504 239.09582059123355 -1 0 0
3.589959225280367 251.95005096839972 -1 0 0
14.713812436289544 190.8924566768605 -1 0 0
32.75917431192664 161.22884811416935 -1 0 0
56.24286442405712 152.57696228338443 -1 0 0
65.88353720693173 156.0377166156984 -1 0 0
108.89576962283387 137.49796126401645 -1 0 0
112.35652395514784 130.3292558613661 -1 0 0
87.14245667686036 122.66615698267088 -1 0 0
77.50178389398575 132.3068297655455 -1 0 0
201.59454638124362 125.38532110091757 -1 0 0
214.20158002038738 137.74515800203886 -1 0 0
236.94367991845053 147.63302752293592 -1 0 0
230.51656472986747 136.50917431192676 -1 0 0
167.48139653414887 144.6666666666668 -1 0 0
174.40290519877675 147.88022426095836 -1 0 0
161.05428134556576 137.9923547400613 -1 0 0
164.0206422018349 118.21661569826722 -1 0 0
179.3468399592253 126.37410805300728 -1 0 0
172.91972477064223 106.84556574923562 -1 0 0
120.26681957186547 160.98165137614694 -1 0 0
125.70514780835883 151.58817533129474 -1 0 0
43.38863404689096 113.2726809378187 -1 0 0
32.51197757390422 106.84556574923562 -1 0 0
24.107288481141723 102.89041794087677 -1 0 0
127.68272171253827 70.26044852191652 -1 0 0
142.02013251783893 65.316513761468 -1 0 0
144.73929663608567 73.47400611620805 -1 0 0
129.1659021406728 103.87920489296647 -1 0 0
216.6735474006116 74.70998980632018 -1 0 0
184.04357798165137 68.53007135575953 -1 0 0
182.06600407747197 60.12538226299705 -1 0 0
186.51554536187564 56.66462793068308 -1 0 0
189.7291029561672 51.226299694189706 -1 0 0
205.17889908256876 48.87793068297667 -1 0 0
214.32517838939856 39.48445463812447 -1 0 0
255.48343527013247 61.732161060142815 -1 0 0
75.58600917431194 117.47502548419989 -1 0 0
93.63137104994904 133.6664118246688 -1 0 0
92.2717889908257 147.0150356778798 -1 0 0
9.090086646279305 134.5316004077473 -1 0 0
558.4230377166157 201.76911314984724 -1 0 0
520.849133537207 178.5326197757392 -1 0 0
495.63506625891944 185.45412844036713 -1 0 0
509.9724770642202 180.5101936799186 -1 0 0
494.1518858307849 171.61111111111126 -1 0 0
497.6126401630989 155.29612640163114 -1 0 0
513.4332313965342 152.32976554536202 -1 0 0
523.3211009174312 143.92507645259954 -1 0 0
551.5015290519877 139.47553516819585 -1 0 0
544.085626911315 158.26248725790026 -1 0 0
548.0407747196738 151.83537206931717 -1 0 0
551.5015290519877 169.63353720693186 -1 0 0
589.0754332313966 197.31957186544358 -1 0 0
597.4801223241591 173.09429153924583 -1 0 0
603.9072375127421 171.1167176350664 -1 0 0
615.7726809378186 178.03822629969434 -1 0 0
641.4811416921509 194.35321100917446 -1 0 0
647.9082568807339 197.81396534148843 -1 0 0
642.9643221202855 213.14016309887884 -1 0 0
632.5820591233435 210.66819571865457 -1 0 0
615.7726809378186 220.55606523955163 -1 0 0
590.0642201834862 228.9607543323141 -1 0 0
602.9184505606524 208.19622833843033 -1 0 0
834.7889908256881 207.70183486238548 -1 0 0
850.6095820591233 213.14016309887884 -1 0 0
850.6095820591233 196.82517838939873 -1 0 0
886.7003058103976 217.5897043832825 -1 0 0
861.980632008155 223.52242609582075 -1 0 0
943.0611620795107 222.53363914373102 -1 0 0
937.6228338430174 208.19622833843033 -1 0 0
903.0152905198777 214.12895005096854 -1 0 0
899.0601427115189 198.80275229357812 -1 0 0
884.7227319062181 203.74668705402664 -1 0 0
905.4872579001019 188.9148827726811 -1 0 0
881.7563710499489 170.62232415902156 -1 0 0
868.407747196738 170.62232415902156 -1 0 0
904.4984709480123 180.5101936799186 -1 0 0
938.611620795107 158.26248725790026 -1 0 0
937.6228338430174 138.98114169215103 -1 0 0
967.7808358817533 197.81396534148843 -1 0 0
967.2864424057084 218.08409785932736 -1 0 0
933.1732925586136 192.8700305810399 -1 0 0
903.5096839959226 129.09327217125397 -1 0 0
953.9378185524974 133.54281345565764 -1 0 0
862.4750254841997 151.34097859327233 -1 0 0
851.598369011213 150.84658511722745 -1 0 0
848.1376146788991 161.22884811416935 -1 0 0
854.5647298674821 181.99337410805316 -1 0 0
819.4627930682976 199.29714576962297 -1 0 0
822.9235474006116 188.9148827726811 -1 0 0
796.7206931702344 184.4653414882774 -1 0 0
790.2935779816514 210.17380224260972 -1 0 0
802.1590214067278 153.8129459734966 -1 0 0
744.809378185525 157.76809378185538 -1 0 0
736.4046890927625 161.22884811416935 -1 0 0
705.7522935779816 165.67838939857302 -1 0 0
768.5402650356779 191.38685015290534 -1 0 0
777.9337410805301 181.99337410805316 -1 0 0
752.7196738022426 183.97094801223255 -1 0 0
737.8878695208971 185.45412844036713 -1 0 0
715.6401630988787 169.13914373088699 -1 0 0
695.3700305810398 173.58868501529065 -1 0 0
700.8083588175332 234.89347604485235 -1 0 0
668.6727828746177 230.93832823649353 -1 0 0
678.0662589194699 195.836391437309 -1 0 0
671.6391437308869 178.03822629969434 -1 0 0
629.6156982670744 165.67838939857302 -1 0 0
621.2110091743119 166.1727828746179 -1 0 0
651.8634046890927 146.89143730886866 -1 0 0
671.1447502548419 139.96992864424072 -1 0 0
683.5045871559632 137.49796126401645 -1 0 0
697.3476044852191 135.52038735983706 -1 0 0
702.2915392456678 147.3858307849135 -1 0 0
679.0550458715596 157.76809378185538 -1 0 0
656.3129459734964 163.20642201834877 -1 0 0
663.7288481141693 168.1503567787973 -1 0 0
647.9082568807339 162.71202854230393 -1 0 0
583.6371049949032 188.42048929663622 -1 0 0
577.7043832823649 160.24006116207966 -1 0 0
574.7380224260958 136.50917431192676 -1 0 0
604.401630988787 134.53160040774736 -1 0 0
609.8399592252804 122.17176350662604 -1 0 0
607.367991845056 152.32976554536202 -1 0 0
572.2660550458716 150.35219164118263 -1 0 0
524.8042813455658 131.0708460754334 -1 0 0
548.5351681957186 128.10448521916427 -1 0 0
558.4230377166157 129.58766564729882 -1 0 0
767.5514780835881 214.6233435270134 -1 0 0
760.1355759429155 222.03924566768617 -1 0 0
728.4943934760449 131.56523955147821 -1 0 0
719.5953109072375 149.85779816513775 -1 0 0
709.7074413863404 158.26248725790026 -1 0 0
702.7859327217126 219.81447502548437 -1 0 0
729.4831804281346 200.2859327217127 -1 0 0
726.0224260958206 192.6228338430175 -1 0 0
734.1799184505608 207.45463812436304 -1 0 0
758.8995922528032 205.9714576962285 -1 0 0
718.8537206931703 235.1406727828748 -1 0 0
740.6070336391438 249.97247706422036 -1 0 0
572.513251783894 200.53312945973514 -1 0 0
463.0050968399593 188.91488277268115 -1 0 0
451.38685015290525 185.94852191641203 -1 0 0
431.8583078491336 195.58919469928665 -1 0 0
432.8470948012233 184.21814475025505 -1 0 0
439.02701325178396 171.3639143730889 -1 0 0
444.4653414882774 164.19520897043853 -1 0 0
438.53261977573914 153.07135575942937 -1 0 0
456.3307849133538 169.63353720693192 -1 0 0
470.4209989806321 166.91437308868524 -1 0 0
475.3649337410806 174.82466870540287 -1 0 0
486.24159021406734 179.52140672782895 -1 0 0
528.0178389398574 202.51070336391456 -1 0 0
545.816004077472 213.63455657492375 -1 0 0
561.3893985728848 176.55504587155986 -1 0 0
484.5112130479102 258.3771661569828 -1 0 0
569.2996941896024 214.8705402650358 -1 0 0
622.1997961264016 202.01630988786968 -1 0 0
574.7380224260959 120.19418960244667 -1 0 0
554.7150866462794 116.98063200815511 -1 0 0
547.546381243629 106.84556574923565 -1 0 0
553.4791029561673 102.6432212028544 -1 0 0
571.0300713557594 85.83384301732943 -1 0 0
588.8282364933741 89.04740061162097 -1 0 0
588.3338430173293 104.37359836901139 -1 0 0
601.1880733944954 105.11518858307866 -1 0 0
597.2329255861366 112.0366972477066 -1 0 0
629.368501529052 105.11518858307866 -1 0 0
627.1437308868502 110.05912334352719 -1 0 0
656.065749235474 120.68858307849152 -1 0 0
643.9531090723751 128.1044852191643 -1 0 0
635.7956167176351 129.093272171254 -1 0 0
630.8516819571865 132.30682976554553 -1 0 0
634.0652395514782 151.58817533129476 -1 0 0
672.1335372069317 128.84607543323156 -1 0 0
679.0550458715596 123.4077471967382 -1 0 0
709.2130479102957 131.56523955147827 -1 0 0
701.302752293578 125.87971457696246 -1 0 0
701.7971457696228 115.99184505606542 -1 0 0
680.7854230377166 108.82313965341505 -1 0 0
700.3139653414883 106.10397553516837 -1 0 0
692.8980632008155 96.46330275229376 -1 0 0
715.1457696228338 90.77777777777794 -1 0 0
708.9658511722732 93.74413863404706 -1 0 0
705.5050968399592 85.33944954128458 -1 0 0
710.2018348623853 78.91233435270149 -1 0 0
708.4714576962283 74.46279306829783 -1 0 0
698.8307849133537 73.22680937818569 -1 0 0
719.84250764526 78.41794087665664 -1 0 0
721.572884811417 85.83384301732943 -1 0 0
725.7752293577981 108.3287461773702 -1 0 0
725.7752293577981 118.21661569826725 -1 0 0
752.7196738022426 118.95820591233452 -1 0 0
763.8435270132518 111.78950050968416 -1 0 0
760.8771661569826 103.87920489296653 -1 0 0
759.1467889908256 85.586646279307 -1 0 0
755.9332313965342 77.67635066258937 -1 0 0
755.1916411824668 65.81090723751292 -1 0 0
744.3149847094801 70.26044852191659 -1 0 0
735.9102956167176 66.05810397553535 -1 0 0
764.3379204892966 161.4760448521918 -1 0 0
765.5739041794088 169.38634046890945 -1 0 0
683.0101936799185 170.869520897044 -1 0 0
599.9520897043833 144.17227319062198 -1 0 0
599.210499490316 84.5978593272173 -1 0 0
611.0759429153925 85.33944954128458 -1 0 0
603.1656472986748 91.51936799184523 -1 0 0
621.2110091743119 76.19317023445481 -1 0 0
625.907747196738 71.2492354740063 -1 0 0
629.8628950050969 66.79969418960263 -1 0 0
644.9418960244649 77.67635066258937 -1 0 0
637.525993883792 93.9913353720695 -1 0 0
651.1218144750255 92.75535168195736 -1 0 0
663.7288481141693 95.9689092762489 -1 0 0
628.1325178389399 119.45259938837937 -1 0 0
629.368501529052 82.86748216106031 -1 0 0
637.2787971457697 86.57543323139672 -1 0 0
639.7507645259939 74.70998980632027 -1 0 0
647.4138634046891 70.26044852191659 -1 0 0
661.0096839959226 83.36187563710517 -1 0 0
659.7737003058104 77.67635066258937 -1 0 0
533.4561671763507 91.2721712538228 -1 0 0
543.8384301732926 92.50815494393493 -1 0 0
536.1753312945974 83.6090723751276 -1 0 0
538.1529051987768 73.22680937818569 -1 0 0
532.2201834862385 71.74362895005115 -1 0 0
575.2324159021407 77.9235474006118 -1 0 0
576.4683995922528 74.70998980632027 -1 0 0
592.5361875637105 70.50764525993901 -1 0 0
765.8211009174312 139.4755351681959 -1 0 0
763.8435270132518 148.37461773700323 -1 0 0
690.6732925586136 160.98165137614694 -1 0 0
604.8960244648318 74.2155963302754 -1 0 0
958.5109582059124 110.30632008154961 -1 0 0
949.1174821610601 121.43017329255878 -1 0 0
941.7015800203874 114.50866462793086 -1 0 0
943.4319571865443 85.83384301732943 -1 0 0
956.5333843017329 92.01376146789008 -1 0 0
875.9472477064221 115.74464831804298 -1 0 0
853.2051478083588 127.61009174311943 -1 0 0
852.9579510703364 116.48623853211026 -1 0 0
867.2953618756371 103.38481141692168 -1 0 0
829.2270642201835 88.80020387359855 -1 0 0
835.1597859327218 84.84505606523972 -1 0 0
819.5863914373089 93.00254841997979 -1 0 0
802.0354230377167 89.2945973496434 -1 0 0
793.8779306829766 91.02497451580038 -1 0 0
810.4401121304792 82.86748216106031 -1 0 0
813.1592762487259 76.19317023445481 -1 0 0
806.4849643221203 71.74362895005115 -1 0 0
789.9227828746177 72.238022426096 -1 0 0
784.7316513761468 77.9235474006118 -1 0 0
790.664373088685 81.87869520897061 -1 0 0
775.585372069317 84.5978593272173 -1 0 0
779.2933231396535 92.75535168195736 -1 0 0
770.1470438328237 98.68807339449559 -1 0 0
781.0237003058104 107.58715596330293 -1 0 0
799.31625891947 127.85728848114186 -1 0 0
805.4961773700306 119.6997961264018 -1 0 0
815.6312436289501 130.0820591233437 -1 0 0
831.9462283384302 122.91335372069334 -1 0 0
832.9350152905199 140.4643221202856 -1 0 0
831.2046381243629 132.0596330275231 -1 0 0
791.6531600407748 146.14984709480137 -1 0 0
815.3840468909276 143.4306829765547 -1 0 0
810.1929153924567 155.29612640163114 -1 0 0
770.888634046891 125.63251783894002 -1 0 0
790.1699796126402 125.3853211009176 -1 0 0
751.3600917431193 96.71049949031618 -1 0 0
767.6750764525995 72.97961264016328 -1 0 0
777.5629459734964 72.238022426096 -1 0 0
784.4844546381244 60.372579001019545 -1 0 0
788.1924057084608 65.5637104994905 -1 0 0
768.6638634046891 62.10295616717653 -1 0 0
757.2928134556576 59.38379204892985 -1 0 0
750.6185015290521 55.67584097859344 -1 0 0
737.269877675841 114.01427115188599 -1 0 0
739.2474515800204 103.13761467889925 -1 0 0
921.184250764526 86.5754332313967 -1 0 0
912.0379714576962 95.72171253822647 -1 0 0
915.2515290519877 107.3399592252805 -1 0 0
901.9029051987768 84.35066258919487 -1 0 0
889.5430682976555 80.8899082568809 -1 0 0
895.9701834862385 94.23853211009191 -1 0 0
899.9253312945973 111.78950050968416 -1 0 0
894.4870030581039 106.84556574923565 -1 0 0
863.0930173292559 65.81090723751291 -1 0 0
863.0930173292559 65.81090723751291 -1 0 0
879.408002038736 73.96839959225298 -1 0 0
855.6771151885831 83.85626911315002 -1 0 0
832.9350152905199 78.41794087665664 -1 0 0
823.2943425076453 62.10295616717653 -1 0 0
809.9457186544342 58.889398572884986 -1 0 0
788.1924057084608 54.192660550458896 -1 0 0
743.2025993883792 62.350152905198954 -1 0 0
917.9706931702344 63.83333333333351 -1 0 0
924.8922018348624 69.76605504587172 -1 0 0
915.4987257900102 78.41794087665664 -1 0 0
820.3279816513761 106.3511722731908 -1 0 0
805.9905708460755 107.58715596330293 -1 0 0
843.8116717635066 105.85677879714595 -1 0 0
849.4971967380225 101.16004077471985 -1 0 0
842.3284913353721 95.47451580020405 -1 0 0
834.170998980632 106.59836901121321 -1 0 0
832.1934250764526 114.50866462793086 -1 0 0
852.4635575942916 137.49796126401648 -1 0 0
865.3177879714577 140.4643221202856 -1 0 0
822.7999490316005 71.74362895005115 -1 0 0
867.7897553516821 84.5978593272173 -1 0 0
842.3284913353721 74.2155963302754 -1 0 0
821.5639653414883 54.687054026503745 -1 0 0
964.6908766564729 86.79714576962287 -1 0 0
969.1404179408767 113.98878695208974 -1 0 0
964.4436799184505 144.1467889908257 -1 0 0
877.9248216106014 82.10040774719677 -1 0 0
836.3957696228339 57.38073394495416 -1 0 0
797.585881753313 49.470438328236526 -1 0 0
766.6862895005097 49.717635066258964 -1 0 0
756.7984199796126 41.065749235474044 -1 0 0
901.1613149847095 50.9536187563711 -1 0 0
917.723496432212 51.20081549439351 -1 0 0
940.9599898063201 50.21202854230381 -1 0 0
934.532874617737 61.088685015290565 -1 0 0
861.8570336391438 50.21202854230381 -1 0 0
955.5445973496433 43.537716615698315 -1 0 0
890.0374617737003 133.27013251783896 -1 0 0
942.690366972477 60.59429153924572 -1 0 0
877.9248216106014 46.00968399592257 -1 0 0
790.4171763506627 39.33537206931706 -1 0 0
894.3016055045872 39.13086136595311 -1 0 0
887.6272935779816 36.78249235474006 -1 0 0
904.6838685015291 26.771024464831807 -1 0 0
918.1560907237513 39.13086136595311 -1 0 0
913.4593527013252 35.17571355759429 -1 0 0
925.9427879714577 26.523827726809376 -1 0 0
935.0890672782874 31.962155963302752 -1 0 0
937.3138379204893 41.726427115188585 -1 0 0
957.0895769622833 15.029179408766558 -1 0 0
966.9774464831804 24.29905708460754 -1 0 0
939.5386085626911 26.029434250764528 -1 0 0
877.986620795107 12.928007135575939 -1 0 0
887.7508919469929 18.860728848114164 -1 0 0
889.1104740061162 29.119393476044856 -1 0 0
894.178007135576 9.590851172273183 -1 0 0
903.8186799184506 12.062818552497447 -1 0 0
916.9201070336392 10.95043323139653 -1 0 0
867.1099643221203 24.91704892966361 -1 0 0
871.4359072375128 29.860983690112132 -1 0 0
876.0090468909276 33.44533639143731 -1 0 0
855.2445208970438 10.33244138634047 -1 0 0
862.0424311926605 16.51235983690112 -1 0 0
863.8964067278288 21.703491335372064 -1 0 0
863.6492099898063 9.714449541284402 -1 0 0
902.4590978593272 34.80491845056065 -1 0 0
905.6726554536187 39.13086136595311 -1 0 0
909.875 46.052370030581045 -1 0 0
925.6955912334353 49.76032110091744 -1 0 0
927.6731651376147 36.78249235474006 -1 0 0
916.0549184505606 23.433868501529048 -1 0 0
925.571992864424 19.602319062181444 -1 0 0
871.9303007135576 5.017711518858306 -1 0 0
910.1221967380225 6.130096839959222 -1 0 0
918.6504841997961 4.6469164118246695 -1 0 0
965.4942660550458 47.5355504587156 -1 0 0
851.5365698267075 51.11990316004078 -1 0 0
761.6187563710499 26.771024464831807 -1 0 0
755.6860346585117 13.422400611620795 -1 0 0
753.9556574923548 33.81613149847095 -1 0 0
742.7082059123344 25.164245667686036 -1 0 0
778.0573394495414 30.973369011213048 -1 0 0
796.5970948012233 27.636213047910292 -1 0 0
808.8333333333334 35.917303771661565 -1 0 0
843.440876656473 9.590851172273183 -1 0 0
836.2721712538226 6.5008919469928585 -1 0 0
793.2599388379206 19.725917431192656 -1 0 0
784.4844546381244 9.961646279306827 -1 0 0
809.4513251783894 8.478465851172267 -1 0 0
802.0354230377167 11.939220183486235 -1 0 0
794.0015290519877 9.343654434250759 -1 0 0
859.7558613659531 51.49069826707442 -1 0 0
847.5196228338431 21.209097859327215 -1 0 0
787.203618756371 49.01873088685015 -1 0 0
730.1011722731906 49.63672273190622 -1 0 0
737.269877675841 37.77127930682977 -1 0 0
714.2805810397554 18.860728848114164 -1 0 0
721.8200815494394 22.81587665647298 -1 0 0
733.0675331294598 16.01796636085627 -1 0 0
718.3593272171254 10.456039755351675 -1 0 0
708.7186544342508 12.186416921508659 -1 0 0
695.2464322120286 9.590851172273183 -1 0 0
692.7744648318043 22.692278287461768 -1 0 0
680.414627930683 9.096457696228335 -1 0 0
662.8636595310908 49.88391946992864 -1 0 0
675.9650866462794 49.14232925586137 -1 0 0
673.3695208970439 37.64768093781855 -1 0 0
691.6620795107034 40.119648318042806 -1 0 0
683.0101936799185 31.714959225280328 -1 0 0
676.335881753313 28.377803261977572 -1 0 0
679.0550458715596 10.456039755351675 -1 0 0
664.8412334352702 8.10767074413863 -1 0 0
649.3914373088685 55.81664118246687 -1 0 0
717.9885321100918 44.81638634046891 -1 0 0
707.6062691131499 46.052370030581045 -1 0 0
724.6628440366973 44.6927879714577 -1 0 0
727.382008154944 39.87245158002038 -1 0 0
722.3144750254843 30.35537716615698 -1 0 0
713.9097859327218 36.28809887869521 -1 0 0
671.8863404689093 62.80632008154945 -1 0 0
658.2905198776759 66.63786952089706 -1 0 0
690.1788990825688 65.40188583078493 -1 0 0
694.3812436289501 57.491590214067294 -1 0 0
688.3249235474007 55.88481141692152 -1 0 0
692.7744648318044 50.57008154943936 -1 0 0
710.4490316004078 57.98598369011214 -1 0 0
718.6065239551478 57.98598369011214 -1 0 0
684.8641692150867 86.41360856269117 -1 0 0
761.0007645259939 72.81778797145773 -1 0 0
283.29306829765534 142.441896024465 -1 0 0
255.11264016309872 136.50917431192676 -1 0 0
283.2930682976553 122.91335372069334 -1 0 0
265.98929663608544 125.63251783894003 -1 0 0
249.17991845056048 124.89092762487275 -1 0 0
249.17991845056048 109.3175331294599 -1 0 0
273.8995922528031 106.10397553516837 -1 0 0
221.24668705402632 158.75688073394514 -1 0 0
150.7956167176349 172.8470948012234 -1 0 0
224.21304791029547 93.74413863404706 -1 0 0
221.9882772680936 104.86799184505624 -1 0 0
246.70795107033626 84.10346585117244 -1 0 0
274.39398572884795 80.88990825688091 -1 0 0
264.75331294597333 99.42966360856286 -1 0 0
310.73190621814456 93.9913353720695 -1 0 0
314.6870540265034 111.54230377166174 -1 0 0
299.360856269113 120.19418960244666 -1 0 0
293.9225280326196 110.55351681957204 -1 0 0
288.73139653414864 99.6768603465853 -1 0 0
293.6753312945972 93.49694189602464 -1 0 0
352.0137614678897 88.3058103975537 -1 0 0
347.31702344546363 116.23904179408784 -1 0 0
357.69928644240554 114.014271151886 -1 0 0
336.4403669724769 109.07033639143748 -1 0 0
325.81090723751254 132.80122324159038 -1 0 0
346.82262996941876 140.711518858308 -1 0 0
354.23853211009157 154.30733944954144 -1 0 0
359.18246687054005 161.22884811416938 -1 0 0
355.72171253822614 172.8470948012234 -1 0 0
326.7996941896023 166.66717635066277 -1 0 0
321.3613659531089 174.33027522935797 -1 0 0
298.86646279306814 170.37512742099915 -1 0 0
303.3160040774718 162.95922528032636 -1 0 0
305.7879714576961 138.48674821610618 -1 0 0
275.62996941896006 167.90316004077488 -1 0 0
274.88837920489283 159.99286442405725 -1 0 0
267.47247706422 169.38634046890945 -1 0 0
203.69571865443413 174.08307849133553 -1 0 0
391.3180428134556 149.11620795107052 -1 0 0
405.16106014271145 165.1839959225282 -1 0 0
403.18348623853205 161.47604485219182 -1 0 0
401.9475025484199 173.09429153924583 -1 0 0
437.29663608562686 142.441896024465 -1 0 0
469.43221202854227 139.96992864424072 -1 0 0
467.2074413863404 149.11620795107052 -1 0 0
499.83741080530064 143.4306829765547 -1 0 0
488.46636085626903 112.53109072375145 -1 0 0
490.9383282364933 89.2945973496434 -1 0 0
372.5310907237512 148.62181447502564 -1 0 0
378.216615698267 133.54281345565767 -1 0 0
369.31753312945966 137.74515800203892 -1 0 0
406.89143730886843 135.27319062181465 -1 0 0
415.54332313965335 131.0708460754334 -1 0 0
395.2731906218144 103.38481141692168 -1 0 0
389.5876656472986 83.6090723751276 -1 0 0
393.04841997961256 73.22680937818569 -1 0 0
375.0030581039755 73.72120285423054 -1 0 0
404.66666666666663 79.90112130479119 -1 0 0
428.15035677879706 90.03618756371067 -1 0 0
421.9704383282364 76.44036697247722 -1 0 0
426.4199796126401 73.96839959225298 -1 0 0
432.5998980632008 71.74362895005113 -1 0 0
416.28491335372064 84.84505606523972 -1 0 0
440.5101936799184 72.238022426096 -1 0 0
465.9714576962283 78.66513761467907 -1 0 0
471.1625891946992 91.27217125382279 -1 0 0
476.848114169215 92.01376146789008 -1 0 0
474.37614678899075 101.90163098878712 -1 0 0
481.2976554536187 98.93527013251801 -1 0 0
502.3093781855249 98.19367991845073 -1 0 0
511.7028542303771 100.17125382263013 -1 0 0
515.4108053007135 86.82262996941913 -1 0 0
524.5570846075432 83.6090723751276 -1 0 0
514.6692150866462 74.70998980632025 -1 0 0
505.0285423037716 77.9235474006118 -1 0 0
490.9383282364933 75.94597349643237 -1 0 0
522.085117227319 120.93577981651393 -1 0 0
471.40978593272166 123.16055045871576 -1 0 0
444.2181447502548 122.91335372069334 -1 0 0
313.94546381243623 141.7003058103977 -1 0 0
308.2599388379204 147.88022426095839 -1 0 0
299.11365953109066 148.86901121304808 -1 0 0
332.97961264016305 80.64271151885848 -1 0 0
319.630988786952 70.50764525993901 -1 0 0
412.0825688073394 71.74362895005113 -1 0 0
455.0948012232415 69.02446483180445 -1 0 0
447.67889908256876 95.47451580020405 -1 0 0
429.88073394495405 103.6320081549441 -1 0 0
417.7680937818552 106.10397553516836 -1 0 0
411.5881753312945 99.92405708460771 -1 0 0
398.7339449541284 86.08103975535185 -1 0 0
382.41896024464825 93.49694189602464 -1 0 0
375.7446483180428 118.7110091743121 -1 0 0
372.5310907237512 124.14933741080546 -1 0 0
397.4979612640162 124.3965341488279 -1 0 0
413.0713557594291 160.48725790010212 -1 0 0
376.7334352701325 144.41946992864442 -1 0 0
465.72426095820583 44.390163098878716 -1 0 0
475.8593272171253 50.075688073394524 -1 0 0
480.5560652395514 58.480377166157005 -1 0 0
490.9383282364933 62.1883282364934 -1 0 0
480.8032619775738 67.37945973496434 -1 0 0
460.03873598369006 57.49159021406731 -1 0 0
454.8476044852191 52.05326197757393 -1 0 0
443.9709480122323 39.69342507645263 -1 0 0
439.7686034658511 35.738277268093796 -1 0 0
431.85830784913344 37.96304791029564 -1 0 0
434.0830784913353 64.9074923547401 -1 0 0
428.15035677879706 66.8850662589195 -1 0 0
407.13863404689084 66.1434760448522 -1 0 0
416.2849133537206 55.266819571865476 -1 0 0
408.37461773700295 48.59250764525996 -1 0 0
393.04841997961256 66.1434760448522 -1 0 0
402.1946992864423 42.165392456676884 -1 0 0
397.74515800203864 36.72706422018351 -1 0 0
406.39704383282356 28.56957186544345 -1 0 0
393.54281345565744 25.60321100917433 -1 0 0
387.8572884811416 15.715341488277287 -1 0 0
398.2395514780835 17.445718654434273 -1 0 0
409.11620795107024 10.029816513761489 -1 0 0
392.05963302752286 32.52471967380227 -1 0 0
412.5769622833842 36.72706422018351 -1 0 0
431.11671763506615 24.861620795107058 -1 0 0
440.51019367991836 28.56957186544345 -1 0 0
442.98216106014263 17.19852191641185 -1 0 0
426.4199796126401 13.737767584097881 -1 0 0
448.91488277268087 24.367227319062195 -1 0 0
450.89245667686026 39.199031600407764 -1 0 0
477.09531090723743 23.131243628950074 -1 0 0
500.5790010193679 39.69342507645263 -1 0 0
491.4327217125381 47.356523955147836 -1 0 0
483.2752293577981 48.34531090723753 -1 0 0
524.3098878695208 33.019113149847115 -1 0 0
518.8715596330275 39.199031600407764 -1 0 0
508.736493374108 52.300458715596356 -1 0 0
497.6126401630988 60.21075433231399 -1 0 0
554.9622833843016 72.32339449541288 -1 0 0
546.8047910295616 52.54765545361878 -1 0 0
541.6136595310907 48.83970438328238 -1 0 0
537.4113149847094 35.985474006116235 -1 0 0
550.7599388379205 37.71585117227322 -1 0 0
523.0739041794087 48.83970438328238 -1 0 0
518.8715596330275 20.41207951070338 -1 0 0
535.6809378185524 18.434505606523985 -1 0 0
524.5570846075433 11.26580020387361 -1 0 0
505.275739041794 16.704128440367 -1 0 0
507.25331294597345 23.872833843017347 -1 0 0
463.25229357798156 5.827471967380248 -1 0 0
591.7945973496431 34.7494903160041 -1 0 0
596.9857288481141 28.56957186544345 -1 0 0
609.098369011213 33.513506625891964 -1 0 0
617.5030581039755 37.46865443425078 -1 0 0
606.8735983690111 68.86264016309892 -1 0 0
601.9296636085626 62.1883282364934 -1 0 0
594.7609582059122 49.8284913353721 -1 0 0
639.7507645259939 47.1093272171254 -1 0 0
600.1992864424055 44.884556574923565 -1 0 0
624.6717635066258 60.95234454638128 -1 0 0
639.9979612640162 58.97477064220186 -1 0 0
634.5596330275229 31.78312945973498 -1 0 0
623.9301732925585 29.55835881753315 -1 0 0
616.5142711518857 22.3896534148828 -1 0 0
611.8175331294597 16.209734964322152 -1 0 0
594.2665647298674 8.05224260958208 -1 0 0
595.2553516819571 19.176095820591257 -1 0 0
556.9398572884811 30.54714576962286 -1 0 0
570.5356778797145 31.041539245667707 -1 0 0
562.130988786952 37.46865443425078 -1 0 0
567.5693170234454 39.199031600407764 -1 0 0
572.7604485219163 46.367737003058124 -1 0 0
584.1314984709479 12.007390417940897 -1 0 0
566.3333333333333 10.524209989806351 -1 0 0
557.1870540265035 14.72655453618758 -1 0 0
552.7375127420999 11.512996941896048 -1 0 0
627.1437308868501 14.23216106014273 -1 0 0
570.5356778797145 60.70514780835885 -1 0 0
543.3440366972476 26.344801223241618 -1 0 0
546.5575942915391 23.131243628950074 -1 0 0
658.0433231396535 38.704638124362916 -1 0 0
653.5937818552497 32.52471967380227 -1 0 0
658.7849133537206 23.378440366972498 -1 0 0
648.6498470948012 17.445718654434273 -1 0 0
334.7099898063201 67.62665647298678 -1 0 0
341.3843017329256 67.37945973496434 -1 0 0
352.7553516819572 66.1434760448522 -1 0 0
371.789500509684 62.1883282364934 -1 0 0
362.1488277268094 48.34531090723753 -1 0 0
371.789500509684 50.57008154943937 -1 0 0
355.22731906218144 79.24490316004079 -1 0 0
372.5310907237513 33.513506625891964 -1 0 0
379.4525993883792 29.805555555555586 -1 0 0
370.80071355759435 23.378440366972498 -1 0 0
360.66564729867486 26.591997961264028 -1 0 0
344.1034658511723 18.928899082568833 -1 0 0
335.204383282365 18.681702344546395 -1 0 0
327.54128440366975 12.254587155963335 -1 0 0
315.42864424057086 7.805045871559655 -1 0 0
322.1029561671764 20.16488277268097 -1 0 0
314.934250764526 22.3896534148828 -1 0 0
320.8669724770642 45.13175331294599 -1 0 0
312.2150866462793 47.356523955147836 -1 0 0
295.15851172273193 55.761213047910324 -1 0 0
300.5968399592253 62.1883282364934 -1 0 0
274.888379204893 56.99719673802246 -1 0 0
274.888379204893 50.8172782874618 -1 0 0
263.0229357798165 46.1205402650357 -1 0 0
271.18042813455656 33.513506625891964 -1 0 0
238.55045871559633 12.748980632008184 -1 0 0
274.64118246687053 9.288226299694216 -1 0 0
276.8659531090724 16.704128440367 -1 0 0
369.3175331294598 11.512996941896048 -1 0 0
360.17125382263 5.827471967380248 -1 0 0
342.3730886850153 10.029816513761489 -1 0 0
339.65392456676864 4.5914882772681125 -1 0 0
406.8914373088685 12.007390417940897 -1 0 0
417.026503567788 15.962538226299712 -1 0 0
183.91997961264016 38.58103975535172 -1 0 0
170.57135575942914 40.3114169215087 -1 0 0
232.24694189602445 26.715596330275268 -1 0 0
222.2354740061162 25.726809378185564 -1 0 0
223.1006625891947 18.063710499490355 -1 0 0
202.95412844036696 9.90621814475029 -1 0 0
170.69495412844037 10.64780835881757 -1 0 0
142.26732925586137 10.153414882772722 -1 0 0
213.95438328236492 10.277013251783927 -1 0 0
229.89857288481141 8.052242609582095 -1 0 0
157.46992864424055 7.8050458715596704 -1 0 0
182.68399592252803 8.423037716615738 -1 0 0
193.31345565749234 7.928644240570883 -1 0 0
203.3249235474006 6.44546381243633 -1 0 0
91.22120285423037 77.51452599388384 -1 0 0
66.87862137862146 197.39810189810186 -1 0 0
50.405094905094984 380.54495504495503 -1 0 0
282.97252747252753 219.68581418581414 -1 0 0
172.50299700299706 446.43906093906105 -1 0 0
189.94555444555448 434.81068931068944 -1 0 0
500.0354645354645 210.96453546453563 -1 0 0
