347.29220834880994 402.3344459192341 -1 0 0
481.42319564108755 381.3139180599966 -1 0 0
541.4818466674805 312.24646937964474 -1 0 0
703.6402044387414 375.30805295735735 -1 0 0
648.5864409978813 477.4077597022254 -1 0 0
735.6714849861512 481.41166977065154 -1 0 0
770.7056980848803 531.460545625979 -1 0 0
915.8474380653299 465.39602949694677 -1 0 0
950.8816511640593 379.31196302578354 -1 0 0
33.986245494459986 198.1350324294981 -1 0 0
47.99993073395167 173.11059450183438 -1 0 0
38.99113307999272 150.08811160838374 -1 0 0
89.0400089353202 141.0793139544248 -1 0 0
63.01459349054991 140.07833643731828 -1 0 0
50.00188576816475 118.05683106097416 -1 0 0
87.03805390110712 110.04901092412179 -1 0 0
91.04196396953328 93.03239313331045 -1 0 0
66.01752604186957 69.00893272275326 -1 0 0
50.00188576816475 85.02457299645802 -1 0 0
42.99504314841894 100.03923575305626 -1 0 0
25.978425357607605 124.06269616361347 -1 0 0
359.3039385540886 498.42828756146287 -1 0 0
194.14264823150788 465.39602949694677 -1 0 0
136.085952239328 414.34617612451274 -1 0 0
46.99895321684515 451.38234425745503 -1 0 0
52.00384080237789 520.4497929378069 -1 0 0
94.04489652085293 277.2122562809155 -1 0 0
94.04489652085293 245.1809757335059 -1 0 0
117.06737941430356 205.14187504924394 -1 0 0
366.3107811738343 196.133077395285 -1 0 0
357.3019835198754 166.10375188208855 -1 0 0
395.33912916992426 131.0695387833593 -1 0 0
337.2824331777444 133.07149381757242 -1 0 0
313.2589727671873 153.0910441597034 -1 0 0
299.24528752769555 104.04314582148248 -1 0 0
940.8718759929935 143.08126898863787 -1 0 0
916.8484155824364 146.08420153995752 -1 0 0
464.4065778502762 166.10375188208855 -1 0 0
527.4681614279888 131.0695387833593 -1 0 0
555.4955319069721 160.0978867794492 -1 0 0
518.4593637740298 191.12818980975226 -1 0 0
523.4642513595626 229.16533545980116 -1 0 0
501.4427459832185 240.1760881479732 -1 0 0
424.36747716601417 208.1448076005636 -1 0 0
417.3606345462684 183.12036967289984 -1 0 0
423.36649964890773 120.05878609518724 -1 0 0
448.3909375765714 145.08322402285097 -1 0 0
469.41146543580896 126.06465119782655 -1 0 0
488.4300382608333 114.05292099254795 -1 0 0
538.4789141161608 85.02457299645802 -1 0 0
326.27168048957236 275.2103012467024 -1 0 0
260.20716436054016 277.2122562809155 -1 0 0
209.15731098810613 316.25037944807093 -1 0 0
294.2403999421628 342.2757948928412 -1 0 0
161.11039016699172 269.2044361440631 -1 0 0
37.9901555628862 344.2777499270543 -1 0 0
7.960830049689709 272.20736869538274 -1 0 0
81.03218879846781 213.1496951860963 -1 0 0
2.955942464156977 226.16240290848148 -1 0 0
117.06737941430356 164.10179684787542 -1 0 0
179.12798547490962 184.1213471900064 -1 0 0
184.1328730604424 147.0851790570641 -1 0 0
206.1543784367865 146.08420153995752 -1 0 0
221.16904119338471 156.09397671102303 -1 0 0
223.1709962275978 189.12623477553913 -1 0 0
240.18761401840914 226.16240290848148 -1 0 0
257.20423180922046 203.13992001503087 -1 0 0
280.2267147026711 173.11059450183438 -1 0 0
306.25213014744145 233.16924552822732 -1 0 0
391.33521910149807 274.20932372959584 -1 0 0
407.35085937520284 330.2640646875626 -1 0 0
634.5673741588349 188.39971883570377 -1 0 0
659.3550217061079 178.90657722185458 -1 0 0
676.2317179085064 150.9545491366319 -1 0 0
679.3960984464562 107.18061836166054 -1 0 0
706.293333019029 97.68747674781132 -1 0 0
716.8412681455281 135.1326464468832 -1 0 0
740.0467254238262 141.98880427910763 -1 0 0
737.4097416422014 123.0025210514092 -1 0 0
757.9782151388747 99.79706377311113 -1 0 0
794.3685913252967 106.65322160533556 -1 0 0
783.8206561987975 144.62578806073245 -1 0 0
765.3617697274241 163.61207128843083 -1 0 0
746.9028832560506 203.16682801280257 -1 0 0
811.7726842840202 206.85860530707723 -1 0 0
810.7178907713703 235.33803014862482 -1 0 0
860.8205826222411 196.83806693690306 -1 0 0
831.8137610243687 179.43397397817952 -1 0 0
842.8890929071927 126.16690158935894 -1 0 0
855.0192183026666 119.83814051345948 -1 0 0
884.0260399005393 92.41350918456175 -1 0 0
889.8274042201137 63.93408434301412 -1 0 0
854.4918215463416 70.79024217523856 -1 0 0
845.5260766888175 89.24912864661201 -1 0 0
821.2658258978695 111.39979241226017 -1 0 0
812.3000810403452 87.13954162131216 -1 0 0
774.3275145849484 75.53681298216311 -1 0 0
775.9097048539232 56.550529754464705 -1 0 0
786.9850367367474 53.91354597283994 -1 0 0
744.2658994744259 57.07792651078967 -1 0 0
720.5330454398028 67.09846488096386 -1 0 0
709.4577135569788 62.35189407403925 -1 0 0
689.4166368166303 53.386149216514966 -1 0 0
666.2111795383324 83.4477643270375 -1 0 0
608.7249330989121 93.99569945353662 -1 0 0
606.6153460736123 125.11210807670902 -1 0 0
635.6221676714848 126.16690158935894 -1 0 0
602.3961720230126 144.09839130440747 -1 0 0
568.1153828618905 101.90665079841095 -1 0 0
577.6085244757397 69.73544866258862 -1 0 0
571.2797633998402 61.29710056138936 -1 0 0
579.1907147447145 49.16697516591533 -1 0 0
623.4920422760108 66.04367136831391 -1 0 0
611.3619168805368 56.550529754464705 -1 0 0
646.697499554309 46.529991384290575 -1 0 0
683.0878757407309 249.05034581307373 -1 0 0
697.3275881615048 316.5571306226681 -1 0 0
767.9987535090489 284.3859284868458 -1 0 0
742.1563124491261 265.9270420154723 -1 0 0
624.0194390323358 224.2626982658008 -1 0 0
589.2112531148887 201.05724098750272 -1 0 0
580.7729050136894 270.67361282239693 -1 0 0
839.724712369243 62.35189407403925 -1 0 0
859.2383923532664 52.85875246019005 -1 0 0
720.5330454398028 38.09164328309126 -1 0 0
656.718037924483 51.803958947540096 -1 0 0
646.697499554309 77.64640000746296 -1 0 0
658.300228193458 67.62586163728884 -1 0 0
566.0057958365906 45.475197871640624 -1 0 0
952.0602214664585 242.72158473717425 -1 0 0
1001.6355165610044 220.04352421520113 -1 0 0
957.3341890297081 204.22162152545246 -1 0 0
928.3273674318356 182.59835451612923 -1 0 0
885.0808334131892 178.3791804655296 -1 0 0
1010.0738646622037 131.4408691526085 -1 0 0
1016.4026257381032 112.98198268123501 -1 0 0
980.0122495516813 118.25595024448461 -1 0 0
1007.4368808805791 101.90665079841095 -1 0 0
971.5739014504819 99.26966701678619 -1 0 0
986.8684073839057 92.41350918456175 -1 0 0
970.519107937832 60.24230704873941 -1 0 0
953.6424117354335 79.22859027643783 -1 0 0
921.9986063559361 74.48201946951322 -1 0 0
928.8547641881606 115.09156970653487 -1 0 0
1010.0738646622037 71.3176389315635 -1 0 0
1021.1491965450277 62.87929083036418 -1 0 0
1019.0396095197281 49.16697516591533 -1 0 0
972.6286949631319 47.58478489694047 -1 0 0
937.8205090456847 45.475197871640624 -1 0 0
942.5670798526095 38.09164328309126 -1 0 0
927.2725739191857 54.968339485489885 -1 0 0
914.6150517673867 49.69437192224031 -1 0 0
922.5260031122612 36.50945301411639 -1 0 0
738.9919319111762 100.85185728576106 -1 0 0
401.00546426431725 77.99081197887685 -1 0 0
374.9546085307446 98.34304302073042 -1 0 0
367.6278053556773 76.76967811636561 -1 0 0
389.6082148808792 53.5681347286525 -1 0 0
427.05631999788983 40.5427068618662 -1 0 0
433.9760785521201 47.869510036933505 -1 0 0
442.93106021053563 63.337205628742225 -1 0 0
454.73535421481074 76.36263349552853 -1 0 0
486.4848346401024 72.2921872871578 -1 0 0
477.93689760252386 52.34700086614129 -1 0 0
503.9877533360965 47.05542079525935 -1 0 0
508.4652441653042 62.93016100790515 -1 0 0
517.8272704445569 53.5681347286525 -1 0 0
543.4710815572925 56.824491695349074 -1 0 0
537.7724568655734 69.4428749412983 -1 0 0
530.0386090696691 23.853877407546246 -1 0 0
514.5709134778602 30.773635961776474 -1 0 0
497.0679947818662 21.004565061686748 -1 0 0
478.750986844198 35.25112679098426 -1 0 0
479.5650760858722 21.411609682523828 -1 0 0
460.4339789065298 31.180680582613554 -1 0 0
460.0269342856927 13.677761886619441 -1 0 0
445.7803725563952 17.748208094990172 -1 0 0
438.0465247604908 29.959546720102317 -1 0 0
420.5436060644967 16.934118853316015 -1 0 0
405.07591047268795 24.260922028383323 -1 0 0
400.59841964348016 13.677761886619441 -1 0 0
385.13072405167145 18.155252715827253 -1 0 0
395.71388419343526 34.02999292847305 -1 0 0
375.76869777241876 46.648376174422275 -1 0 0
360.7080468014471 57.23153631618616 -1 0 0
357.04464521391344 25.075011270057455 -1 0 0
367.6278053556773 9.200271057411657 -1 0 0
474.68054063582736 10.828449540759944 -1 0 0
538.9935907280847 19.783431199175514 -1 0 0
557.71764328659 9.200271057411657 -1 0 0
570.3360265325392 29.145457478428188 -1 0 0
587.4319006076962 14.08480650745652 -1 0 0
611.0404886162464 29.145457478428188 -1 0 0
617.1461579288025 42.17088534521449 -1 0 0
683.4944311252452 30.773635961776474 -1 0 0
696.5198589920316 31.994769824287683 -1 0 0
671.2830925001331 18.562297336664304 -1 0 0
665.177423187577 9.200271057411657 -1 0 0
646.8604152499087 10.828449540759944 -1 0 0
628.9504519330776 6.35095871155216 -1 0 0
572.7782942575617 10.828449540759944 -1 0 0
539.8076799697589 45.02019769107398 -1 0 0
755.541329013407 29.959546720102317 -1 0 0
750.2497489425251 77.99081197887685 -1 0 0
431.9408554479347 185.85763650070092 -1 0 0
124.80367339182352 119.6870124232288 -1 0 0
139.68330692324022 84.29761375391337 -1 0 0
128.02089145267038 85.90622278433678 -1 0 0
130.83595725591138 65.79860990404394 -1 0 0
95.0444063289901 65.79860990404394 -1 0 0
97.05516761701938 36.441495098816375 -1 0 0
120.78215081576494 39.658713159663236 -1 0 0
138.8790024080285 34.028581553181226 -1 0 0
166.62750818283268 46.49530153896279 -1 0 0
160.99737657635066 69.0158279648908 -1 0 0
189.95233912397237 73.84165505616106 -1 0 0
179.09422816861422 85.90622278433678 -1 0 0
196.78892750327194 105.61168340702378 -1 0 0
231.37402165737564 88.31913632997193 -1 0 0
212.0707132922945 109.63320598308235 -1 0 0
242.23213261273378 84.69976601151922 -1 0 0
261.13328872020907 92.3406589060305 -1 0 0
255.90530937133295 114.45903307435263 -1 0 0
280.8387493428961 78.66748214743136 -1 0 0
304.1635802840358 86.7105272995485 -1 0 0
309.39155963291194 57.75556475192678 -1 0 0
142.09622046887537 23.170470597823087 -1 0 0
148.53065659056907 16.3338822185235 -1 0 0
167.8339649556502 36.039342841210505 -1 0 0
171.8554875317088 19.148948021764504 -1 0 0
190.35449138157824 34.028581553181226 -1 0 0
191.15879589678994 17.94249124894693 -1 0 0
185.52866429030792 9.497293839223941 -1 0 0
236.60200100625178 23.170470597823087 -1 0 0
245.8515029311865 25.583384143458215 -1 0 0
232.9826306877991 44.48454025093349 -1 0 0
239.4170668094928 61.374935070379514 -1 0 0
215.28793135314137 44.48454025093349 -1 0 0
115.15201920928297 19.148948021764504 -1 0 0
110.72834437561852 29.202754461910942 -1 0 0
89.01212246490225 16.736034476129376 -1 0 0
74.53464119109138 30.81136349233437 -1 0 0
79.76262053996753 22.366166082611358 -1 0 0
66.49159603897424 21.96401382500551 -1 0 0
56.839941856433676 40.86516993248078 -1 0 0
64.88298700855081 50.114671857415495 -1 0 0
41.156003809805256 39.658713159663236 -1 0 0
30.700045112052965 56.5491079791092 -1 0 0
20.646238671906527 65.79860990404394 -1 0 0
13.809650292606955 47.29960605417452 -1 0 0
26.276370278388534 34.028581553181226 -1 0 0
12.603193519789391 16.3338822185235 -1 0 0
44.77537412825796 9.09514158161809 -1 0 0
40.35169929459353 25.583384143458215 -1 0 0
104.29390825392481 6.280075778377087 -1 0 0
145.31343852972222 8.290837066406365 -1 0 0
167.0296604404385 5.07361900555951 -1 0 0
265.9591158114793 66.20076216164979 -1 0 0
269.1763338723262 48.50606282699207 -1 0 0
290.49040352543665 52.125433145444774 -1 0 0
292.9033170710718 67.40721893446734 -1 0 0
344.78095830222736 63.38569635840879 -1 0 0
335.53145637729267 54.136194433474074 -1 0 0
337.14006540771607 35.2350383259988 -1 0 0
343.97665378701566 27.996297689093367 -1 0 0
349.60678539349766 20.355404794582082 -1 0 0
338.3465221805336 6.280075778377087 -1 0 0
300.5442099655831 5.07361900555951 -1 0 0
287.6753377221956 13.920968672888373 -1 0 0
276.41507450923166 12.714511900070796 -1 0 0
262.74189775063246 19.148948021764504 -1 0 0
272.7957041907789 26.78984091627579 -1 0 0
329.49917251320477 79.0696344050372 -1 0 0
743.943981973812 18.57490958040606 -1 0 0
720.5398947483267 13.9858728695266 -1 0 0
748.0741150136035 4.807799447767632 -1 0 0
796.2590004778382 5.7256067899435035 -1 0 0
791.2110600958707 13.526969198438614 -1 0 0
817.8274730189718 7.561221474295297 -1 0 0
824.2521244142031 4.348895776679645 -1 0 0
823.7932207431151 19.95162059366992 -1 0 0
839.3959455601054 13.526969198438614 -1 0 0
807.2726885839489 26.835175659989158 -1 0 0
791.2110600958707 31.883116041956605 -1 0 0
843.9849822709848 33.259827055220434 -1 0 0
868.3068768386461 26.376271988901223 -1 0 0
883.9096016556364 24.999560975637365 -1 0 0
872.4370098784376 14.444776540614537 -1 0 0
882.5328906423725 8.937932487559156 -1 0 0
907.3136888811218 31.42421237086864 -1 0 0
905.4780741967701 21.78723527802171 -1 0 0
932.0944871198709 10.314643500823014 -1 0 0
947.6972119368611 20.410524264757854 -1 0 0
982.1149872684574 24.999560975637365 -1 0 0
1008.7314001915584 11.232450842998887 -1 0 0
1001.8478451252391 25.4584646467253 -1 0 0
985.9158642627884 11.953214247679966 -1 0 0
876.8093148981745 386.3188056455294 -1 0 0
900.8327753087316 330.2640646875626 -1 0 0
619.5580930017913 148.08615657417062 -1 0 0
155.43451765240965 211.66472853983927 -1 0 0
311.9500021678942 34.17821505332588 -1 0 0
297.6283238462158 38.2701231452339 -1 0 0
313.9959562138482 20.87951375462457 -1 0 0
316.04191025980225 9.62676650187732 -1 0 0
250.57138078927275 9.62676650187732 -1 0 0
243.41054162843363 9.62676650187732 -1 0 0
228.06588628377827 5.534858409969192 -1 0 0
224.99695521484716 22.92546780057863 -1 0 0
211.69825391614583 12.695697570808415 -1 0 0
213.74420796209992 3.4889043640152306 -1 0 0
117.58436780225979 9.62676650187732 -1 0 0
67.45849367638569 5.534858409969192 -1 0 0
82.80314902104101 7.5808124559232555 -1 0 0
143.1587933766854 146.70568758079835 -1 0 0
179.98596620385817 66.91347978859059 -1 0 0
192.26169047958246 55.660732535843344 -1 0 0
201.4684836863757 49.52287039798115 -1 0 0
266.93901315690516 5.534858409969192 -1 0 0
456.1897624076543 52.591801466912244 -1 0 0
449.0289232468152 4.51188138699216 -1 0 0
427.54640576429773 4.51188138699216 -1 0 0
401.97198018987217 4.51188138699216 -1 0 0
352.869083086975 7.5808124559232555 -1 0 0
500.17777439566646 9.62676650187732 -1 0 0
508.3615905794825 10.64974352485435 -1 0 0
518.5913608092528 6.557835432946224 -1 0 0
624.9809711988631 313.4509423260531 -1 0 0
667.946006163898 33.15523803034885 -1 0 0
686.3595925774847 7.5808124559232555 -1 0 0
703.7502019680941 13.718674593785344 -1 0 0
702.727224945117 22.92546780057863 -1 0 0
688.4055466234387 20.87951375462457 -1 0 0
637.2566954745874 31.109283984394786 -1 0 0
653.6243278422198 29.06332993844072 -1 0 0
731.3705815884737 7.5808124559232555 -1 0 0
710.9110411289332 6.557835432946224 -1 0 0
799.910042127934 49.52287039798115 -1 0 0
800.9330191509112 40.31607719118797 -1 0 0
963.5863658042578 24.97142184653259 -1 0 0
927.7821700000619 25.994398869509727 -1 0 0
946.1957564136485 5.534858409969192 -1 0 0
914.4834687013608 7.5808124559232555 -1 0 0
916.5294227473147 14.741651616762478 -1 0 0
972.7931590110511 10.64974352485435 -1 0 0
1001.4365156544076 45.43096230607313 -1 0 0
997.3446075624995 53.61477848988928 -1 0 0
988.1378143557063 63.8445487196595 -1 0 0
989.1607913786834 75.09729597240674 -1 0 0
969.7242279421199 544.6437495188603 -1 0 0
