161.13396198173936 594.477473432121 -1 0 0
98.11106121838056 575.4240383176171 -1 0 0
169.92785511151035 537.3171680886095 -1 0 0
67.33243526418208 440.58434366112857 -1 0 0
20.4316719054035 475.7599161802125 -1 0 0
17.500374195479797 421.5309085466247 -1 0 0
38.01945816494545 393.68358030235 -1 0 0
105.43930549318975 401.01182457715913 -1 0 0
165.53090854662486 395.14922915731177 -1 0 0
142.08052686723556 449.3782367908996 -1 0 0
244.67594671456376 478.6912138901362 -1 0 0
315.0270917527317 682.4164047298309 -1 0 0
342.87441999700644 617.9278551115103 -1 0 0
26.416404729830866 317.8362520580752 -1 0 0
65.98892381380035 291.4545726687622 -1 0 0
115.08816045502171 287.0576261038767 -1 0 0
125.34770243975453 342.01945816494543 -1 0 0
164.92022152372402 325.16449633288437 -1 0 0
159.7904505313576 286.3248016763958 -1 0 0
201.56144289776984 299.5156413710523 -1 0 0
197.16449633288428 375.72938182906756 -1 0 0
66.72174824128125 259.9431222870828 -1 0 0
13.958389462655296 276.06525969166296 -1 0 0
19.088160455021708 237.95838946265533 -1 0 0
71.85151923364766 225.50037419547976 -1 0 0
38.14159556952554 253.34770243975456 -1 0 0
96.7675497679988 222.56907648555608 -1 0 0
50.59961083670112 198.38587037868587 -1 0 0
15.424038317617148 199.11869480616681 -1 0 0
5.164496332884322 167.6072444244874 -1 0 0
35.21029785960187 110.44693908097592 -1 0 0
65.25609938631943 167.6072444244874 -1 0 0
76.24846579853318 190.3248016763958 -1 0 0
116.55380930998356 176.40113755425838 -1 0 0
115.82098488250263 152.9507558748691 -1 0 0
79.91258793593774 133.16449633288437 -1 0 0
3.698847477922469 115.57671007334234 -1 0 0
97.50037419547972 120.70648106570874 -1 0 0
63.79045053135758 119.97365663822782 -1 0 0
134.87441999700644 256.2790001496782 -1 0 0
140.00419098937286 219.63777877563243 -1 0 0
132.67594671456368 232.82861847028892 -1 0 0
169.31716808860952 210.84388564586143 -1 0 0
178.8438856458614 258.477473432121 -1 0 0
195.6988474779225 240.889687172579 -1 0 0
216.21793144738817 246.0194581649454 -1 0 0
174.4469390809759 180.065259691663 -1 0 0
179.57671007334233 140.49274060769346 -1 0 0
216.21793144738817 167.6072444244874 -1 0 0
134.87441999700644 102.38587037868588 -1 0 0
238.9354886992965 210.84388564586143 -1 0 0
277.04235892830417 210.1110612183805 -1 0 0
294.63014518784615 266.53854213441105 -1 0 0
261.653045951205 267.271366561892 -1 0 0
291.6988474779225 229.89732076036523 -1 0 0
315.8820535847927 330.29426732525076 -1 0 0
260.9202215237241 344.95075587486906 -1 0 0
248.46220625654843 405.7751833557851 -1 0 0
260.9202215237241 292.9202215237241 -1 0 0
167.11869480616673 119.24083221074693 -1 0 0
173.714114653495 97.25609938631946 -1 0 0
208.15686274509804 125.10342763059424 -1 0 0
225.74464900464005 145.62251160005988 -1 0 0
257.98892381380034 130.23319862296066 -1 0 0
241.86678640922023 130.23319862296066 -1 0 0
303.4240383176171 142.69121389013625 -1 0 0
279.9736566382278 143.42403831761717 -1 0 0
279.9736566382278 171.27136656189197 -1 0 0
310.75228259242635 193.25609938631945 -1 0 0
326.87441999700644 169.07289327944926 -1 0 0
347.3935039664721 191.7904505313576 -1 0 0
297.5614428977699 119.97365663822782 -1 0 0
333.46983984433473 132.43167190540342 -1 0 0
378.90495434815153 158.0805268672355 -1 0 0
363.5156413710523 161.01182457715913 -1 0 0
386.23319862296063 195.4545726687622 -1 0 0
362.0499925160904 225.50037419547976 -1 0 0
331.27136656189197 273.1339619817393 -1 0 0
354.72174824128126 297.3171680886096 -1 0 0
365.714114653495 267.271366561892 -1 0 0
395.75991618021254 287.79045053135764 -1 0 0
391.3629696153271 334.6912138901362 -1 0 0
407.4851070199072 377.92785511151027 -1 0 0
438.2637329741057 377.92785511151027 -1 0 0
363.5156413710523 135.36296961532707 -1 0 0
450.72174824128126 188.85915282143398 -1 0 0
421.4087711420446 213.77518335578512 -1 0 0
433.8667864092202 235.75991618021257 -1 0 0
465.3782367908996 255.54617572219726 -1 0 0
487.36296961532713 298.0499925160904 -1 0 0
507.14922915731177 330.29426732525076 -1 0 0
493.95838946265525 184.46220625654848 -1 0 0
507.8820535847928 208.6454123634187 -1 0 0
486.63014518784615 166.14159556952555 -1 0 0
503.4851070199072 166.14159556952555 -1 0 0
448.52327495883856 147.82098488250264 -1 0 0
435.332435264182 164.67594671456374 -1 0 0
373.7751833557851 114.11106121838051 -1 0 0
34.53854213441098 60.0652596916629 -1 0 0
70.44693908097587 59.332435264182 -1 0 0
66.04999251609038 46.508007783265974 -1 0 0
108.18739709624306 46.508007783265974 -1 0 0
120.27900014967817 62.63014518784612 -1 0 0
125.40877114204459 43.943122287082765 -1 0 0
137.13396198173922 43.943122287082765 -1 0 0
149.5919772489148 56.7675497679988 -1 0 0
163.8820535847927 50.53854213441102 -1 0 0
144.46220625654837 66.2942673252507 -1 0 0
134.20266427181556 76.18739709624307 -1 0 0
81.07289327944915 51.637778775632384 -1 0 0
58.72174824128121 45.04235892830414 -1 0 0
90.9660230504415 43.943122287082765 -1 0 0
74.84388564586138 28.92022152372399 -1 0 0
18.782816943571294 70.32480167639574 -1 0 0
41.866786409220154 10.966023050441542 -1 0 0
51.39350396647205 17.927855111510272 -1 0 0
8.88968717257893 19.027091752731625 -1 0 0
12.920221523723953 31.118694806166733 -1 0 0
33.07289327944916 43.943122287082765 -1 0 0
22.08052686723541 35.88205358479268 -1 0 0
91.33243526418197 25.622511600059855 -1 0 0
83.27136656189188 15.362969615327064 -1 0 0
59.45457266876213 23.05762610387665 -1 0 0
118.81335129471631 14.63014518784614 -1 0 0
149.5919772489148 28.92022152372399 -1 0 0
129.07289327944915 9.500374195479726 -1 0 0
141.89732076036518 8.7675497679988 -1 0 0
175.9736566382278 16.46220625654842 -1 0 0
161.31716808860946 17.927855111510272 -1 0 0
157.6530459512049 7.668313126777445 -1 0 0
195.7599161802125 24.889687172578967 -1 0 0
206.3858703786858 62.63014518784612 -1 0 0
211.14922915731177 18.66067953899116 -1 0 0
230.2026642718156 11.332435264182006 -1 0 0
240.0957940428079 19.393503966472093 -1 0 0
253.6530459512049 25.622511600059855 -1 0 0
217.74464900464 56.7675497679988 -1 0 0
231.6683131267774 47.97365663822781 -1 0 0
184.76754976799876 112.82861847028886 -1 0 0
202.35533602754077 105.50037419547971 -1 0 0
159.85151923364762 96.34006885196825 -1 0 0
253.6530459512049 51.637778775632384 -1 0 0
187.69884747792244 84.24846579853315 -1 0 0
248.52327495883875 104.0347253405179 -1 0 0
258.41640472983113 108.79808411914385 -1 0 0
273.43930549318986 109.1644963328843 -1 0 0
280.40113755425864 61.89732076036523 -1 0 0
269.4087711420449 43.943122287082765 -1 0 0
256.9507558748693 7.668313126777409 -1 0 0
276.37060320311355 11.698847477922433 -1 0 0
287.7293818290678 36.24846579853314 -1 0 0
285.8973207603655 12.065259691662897 -1 0 0
305.3171680886098 12.798084119143823 -1 0 0
302.7522825924266 56.76754976799879 -1 0 0
292.8591528214342 50.53854213441102 -1 0 0
298.72174824128155 31.118694806166697 -1 0 0
336.8286184702892 39.91258793593772 -1 0 0
322.9049543481518 30.75228259242627 -1 0 0
325.83625205807544 46.14159556952553 -1 0 0
317.7751833557854 89.37823679089958 -1 0 0
363.9431222870831 22.324801676395722 -1 0 0
360.645412363419 5.836252058075094 -1 0 0
332.79808411914416 3.63777877563235 -1 0 0
335.36296961532736 17.195030684029312 -1 0 0
356.61487801227395 35.8820535847927 -1 0 0
370.5385421344114 32.584343661128564 -1 0 0
357.7141146534953 53.10342763059422 -1 0 0
341.9583894626556 88.27900014967821 -1 0 0
328.40113755425864 109.1644963328843 -1 0 0
354.0499925160907 120.88968717257896 -1 0 0
332.79808411914416 102.93548869929651 -1 0 0
304.2179314473884 160.82861847028892 -1 0 0
325.46983984433496 154.23319862296069 -1 0 0
378.5996108367015 46.508007783265974 -1 0 0
388.49274060769375 81.68358030234995 -1 0 0
390.6912138901366 41.01182457715911 -1 0 0
382.26373297410606 16.462206256548384 -1 0 0
393.98892381380074 15.36296961532703 -1 0 0
372.7370154168541 10.59961083670108 -1 0 0
420.7370154168541 12.798084119143823 -1 0 0
404.98129022601444 25.98892381380032 -1 0 0
413.04235892830457 41.37823679089956 -1 0 0
438.6912138901366 6.935488699296483 -1 0 0
437.59197724891516 40.27900014967819 -1 0 0
424.0347253405182 46.14159556952553 -1 0 0
429.89732076036563 57.86678640922018 -1 0 0
431.7293818290679 85.714114653495 -1 0 0
430.6301451878465 132.61487801227364 -1 0 0
407.5461757221977 132.61487801227364 -1 0 0
387.39350396647245 134.44693908097594 -1 0 0
427.6988474779228 104.40113755425836 -1 0 0
446.0194581649457 120.15686274509807 -1 0 0
443.820984882503 104.40113755425836 -1 0 0
291.5767100733425 455.2408322107469 -1 0 0
397.1034276305943 497.74464900464005 -1 0 0
441.0728932794493 496.2790001496782 -1 0 0
586.1721299206706 393.68358030235 -1 0 0
531.9431222870829 242.72174824128132 -1 0 0
559.7904505313577 274.96602305044155 -1 0 0
583.240832210747 311.6072444244874 -1 0 0
662.0194581649456 317.8362520580752 -1 0 0
609.9889238138006 322.23319862296074 -1 0 0
705.2560993863196 371.3324352641821 -1 0 0
751.4240383176173 460.00419098937294 -1 0 0
670.0805268672357 555.271366561892 -1 0 0
465.5309085466251 22.78281694357132 -1 0 0
472.1263283939533 14.172129920670551 -1 0 0
459.85151923364793 4.828618470288882 -1 0 0
479.82098488250296 17.65304595120491 -1 0 0
485.68358030235026 9.591977248914832 -1 0 0
491.91258793593806 16.737015416853758 -1 0 0
499.05762610387694 20.584343661128568 -1 0 0
523.2408322107473 16.737015416853758 -1 0 0
514.6301451878464 30.294267325250708 -1 0 0
536.7980841191442 35.79045053135758 -1 0 0
547.9736566382281 37.43930549318963 -1 0 0
537.3477024397548 27.179763508456816 -1 0 0
493.37823679089985 46.0499925160904 -1 0 0
484.2179314473884 35.79045053135758 -1 0 0
456.5538093099839 74.63014518784613 -1 0 0
467.36296961532736 86.17212992067056 -1 0 0
523.4240383176175 52.27900014967819 -1 0 0
451.6072444244877 42.01945816494536 -1 0 0
454.9049543481518 17.103427630594222 -1 0 0
494.56907648555637 101.10342763059425 -1 0 0
480.27900014967855 64.095794042808 -1 0 0
537.0728932794495 110.99655740158661 -1 0 0
500.7980841191442 127.1186948061668 -1 0 0
483.9431222870831 138.47747343212097 -1 0 0
541.8362520580755 145.07289327944926 -1 0 0
569.6835803023504 119.79045053135762 -1 0 0
570.4164047298312 105.13396198173929 -1 0 0
580.6759467145641 158.6301451878462 -1 0 0
522.7828169435717 178.04999251609044 -1 0 0
593.1339619817396 139.21029785960192 -1 0 0
619.5156413710528 165.5919772489149 -1 0 0
597.5309085466253 190.50800778326604 -1 0 0
567.4851070199076 178.04999251609044 -1 0 0
350.5690764855563 182.0805268672355 -1 0 0
592.4011375542584 226.23319862296069 -1 0 0
574.8133512947164 243.08816045502175 -1 0 0
523.5156413710523 232.82861847028892 -1 0 0
597.5309085466248 108.98129022601414 -1 0 0
618.7828169435713 117.77518335578512 -1 0 0
636.3706032031133 119.97365663822782 -1 0 0
646.6301451878461 176.40113755425838 -1 0 0
632.7064810657088 204.2484657985332 -1 0 0
633.4393054931896 265.07289327944926 -1 0 0
623.9125879359377 232.82861847028892 -1 0 0
651.0270917527316 219.63777877563246 -1 0 0
659.0881604550217 208.6454123634187 -1 0 0
680.3400688519682 212.30953450082328 -1 0 0
671.5461757221973 166.14159556952555 -1 0 0
720.6454123634187 243.08816045502175 -1 0 0
738.9660230504415 217.43930549318966 -1 0 0
760.9507558748692 202.78281694357136 -1 0 0
763.8820535847927 161.01182457715913 -1 0 0
694.9965574015866 119.97365663822782 -1 0 0
681.8057177069301 108.98129022601414 -1 0 0
522.2331986229607 6.935488699296483 -1 0 0
560.3400688519683 36.24846579853314 -1 0 0
587.0881604550219 86.81335129471637 -1 0 0
585.9889238138004 50.53854213441102 -1 0 0
601.3782367908997 31.485107019907197 -1 0 0
592.9507558748692 10.233198622960616 -1 0 0
581.9583894626554 6.935488699296483 -1 0 0
571.3324352641821 13.89732076036518 -1 0 0
554.4774734321211 9.500374195479688 -1 0 0
585.9889238138004 27.454572668762136 -1 0 0
606.1415955695256 15.36296961532703 -1 0 0
603.5767100733425 4.370603203113276 -1 0 0
615.6683131267777 12.798084119143823 -1 0 0
620.4316719054036 6.935488699296483 -1 0 0
630.6912138901364 12.798084119143823 -1 0 0
621.5309085466249 25.622511600059855 -1 0 0
642.7828169435716 19.759916180212517 -1 0 0
659.2713665618921 13.164496332884283 -1 0 0
654.1415955695256 25.98892381380032 -1 0 0
647.179763508457 37.71411465349499 -1 0 0
650.8438856458615 56.401137554258355 -1 0 0
660.3706032031135 43.57671007334232 -1 0 0
619.3324352641822 94.14159556952552 -1 0 0
612.004190989373 80.95075587486903 -1 0 0
680.8896871725792 44.309534500823226 -1 0 0
678.3248016763961 28.187397096243064 -1 0 0
671.7293818290677 20.49274060769344 -1 0 0
690.4164047298311 23.05762610387665 -1 0 0
706.5385421344113 49.43930549318964 -1 0 0
723.0270917527318 37.34770243975452 -1 0 0
717.1644963328845 14.26373297410564 -1 0 0
706.5385421344113 23.790450531357575 -1 0 0
678.3248016763961 6.202664271815555 -1 0 0
648.2790001496784 8.767549767998764 -1 0 0
726.3248016763959 81.31716808860948 -1 0 0
722.2942673252509 96.70648106570872 -1 0 0
742.8133512947165 34.782816943571326 -1 0 0
734.7522825924265 15.729381829067492 -1 0 0
725.591977248915 10.966023050441542 -1 0 0
765.8973207603653 69.59197724891483 -1 0 0
769.1950306840295 101.46983984433467 -1 0 0
784.9507558748692 111.36296961532703 -1 0 0
805.8362520580753 46.14159556952551 -1 0 0
759.7599161802127 9.775183355785066 -1 0 0
787.7904505313577 32.30953450082323 -1 0 0
782.1110612183807 70.96602305044154 -1 0 0
829.0118245771592 14.721748241281245 -1 0 0
819.6683131267777 8.30953450082323 -1 0 0
808.4927406076938 4.645412363418651 -1 0 0
797.6835803023502 9.958389462655296 -1 0 0
789.8057177069302 4.645412363418651 -1 0 0
777.8973207603655 10.32480167639574 -1 0 0
779.7293818290677 20.217931447388114 -1 0 0
770.7522825924265 31.39350396647208 -1 0 0
798.0194581649455 85.71411465349497 -1 0 0
805.714114653495 120.15686274509802 -1 0 0
805.3477024397546 98.90495434815143 -1 0 0
841.9889238138004 93.4087711420446 -1 0 0
872.4927406076936 89.28663373746443 -1 0 0
865.7141146534951 117.68358030234994 -1 0 0
846.8438856458615 142.04999251609038 -1 0 0
866.446939080976 138.20266427181556 -1 0 0
884.767549767999 119.14922915731175 -1 0 0
896.859152821434 125.01182457715909 -1 0 0
894.2942673252509 143.69884747792244 -1 0 0
878.538542134411 152.67594671456365 -1 0 0
845.7446490046401 160.18739709624305 -1 0 0
820.095794042808 120.24846579853315 -1 0 0
821.0118245771592 91.48510701990718 -1 0 0
816.4316719054035 103.5767100733423 -1 0 0
843.9125879359377 42.93548869929649 -1 0 0
862.0499925160905 38.538542134410996 -1 0 0
853.4393054931896 38.721748241281226 -1 0 0
877.0728932794491 40.00419098937283 -1 0 0
892.8286184702889 53.92785511151023 -1 0 0
884.217931447388 89.83625205807509 -1 0 0
778.1721299206706 173.83625205807516 -1 0 0
814.8133512947165 175.30190091303695 -1 0 0
839.7293818290676 184.095794042808 -1 0 0
797.2255650351746 210.47747343212097 -1 0 0
784.0347253405181 241.25609938631945 -1 0 0
804.5538093099838 257.37823679089956 -1 0 0
792.8286184702889 333.5919772489148 -1 0 0
841.1950306840293 304.2790001496782 -1 0 0
505.56144289776984 622.3248016763957 -1 0 0
567.1186948061668 679.4851070199073 -1 0 0
644.7980841191439 622.3248016763957 -1 0 0
926.8438856458613 32.675946714563686 -1 0 0
925.1950306840293 18.202664271815593 -1 0 0
887.0881604550216 20.767549767998798 -1 0 0
888.0041909893728 16.18739709624308 -1 0 0
863.8209848825026 24.065259691662924 -1 0 0
849.8973207603652 20.217931447388114 -1 0 0
910.3553360275407 9.775183355785066 -1 0 0
937.1034276305941 17.103427630594222 -1 0 0
953.4087711420445 18.385870378685823 -1 0 0
941.6835803023498 21.500374195479715 -1 0 0
948.6454123634186 28.46220625654842 -1 0 0
950.6606795389911 43.11869480616673 -1 0 0
872.981290226014 23.149229157311773 -1 0 0
858.1415955695254 17.286633737464452 -1 0 0
926.4774734321209 6.843885645861394 -1 0 0
891.3019009130369 28.46220625654842 -1 0 0
922.9049543481514 91.5767100733423 -1 0 0
913.74464900464 97.80571770693008 -1 0 0
910.0805268672354 47.97365663822781 -1 0 0
904.217931447388 30.01945816494538 -1 0 0
1013.74464900464 42.935488699296506 -1 0 0
1022.3553360275407 54.11106121838048 -1 0 0
993.0423589283041 45.133961981739255 -1 0 0
968.4927406076935 42.935488699296506 -1 0 0
991.9431222870828 28.279000149678186 -1 0 0
1015.9431222870828 10.32480167639574 -1 0 0
1022.9049543481515 6.477473432120949 -1 0 0
1007.1492291573117 9.775183355785066 -1 0 0
1004.7675497679987 3.3629696153270476 -1 0 0
973.8057177069301 20.03472534051789 -1 0 0
960.6148780122736 26.63014518784613 -1 0 0
963.9125879359377 5.378236790899559 -1 0 0
980.7675497679987 88.18739709624306 -1 0 0
990.477473432121 77.92785511151024 -1 0 0
999.8209848825026 77.37823679089956 -1 0 0
1010.8133512947163 81.59197724891482 -1 0 0
1016.6759467145637 91.85151923364764 -1 0 0
1005.5003741954798 19.485107019907197 -1 0 0
991.2102978596018 15.454572668762154 -1 0 0
981.68358030235 27.729381829067503 -1 0 0
956.065259691663 102.5690764855561 -1 0 0
829.2866337374644 102.5690764855561 -1 0 0
854.569076485556 102.5690764855561 -1 0 0
994.5385421344109 110.2637329741057 -1 0 0
975.4851070199071 118.69121389013624 -1 0 0
961.5614428977698 140.6759467145637 -1 0 0
983.5461757221973 150.93548869929654 -1 0 0
931.5156413710521 126.38587037868584 -1 0 0
926.0194581649453 112.8286184702889 -1 0 0
942.2331986229607 106.14159556952555 -1 0 0
880.3095345008232 165.8667864092202 -1 0 0
940.0041909893728 145.62251160005988 -1 0 0
915.0881604550217 145.62251160005988 -1 0 0
918.0194581649455 166.14159556952555 -1 0 0
894.569076485556 196.92022152372402 -1 0 0
813.9583894626553 191.7904505313576 -1 0 0
811.0270917527316 224.76754976799884 -1 0 0
827.8820535847927 214.508007783266 -1 0 0
852.065259691663 215.2408322107469 -1 0 0
878.4469390809759 351.5461757221973 -1 0 0
860.8591528214339 320.0347253405179 -1 0 0
997.1644963328844 328.8286184702889 -1 0 0
986.9049543481515 284.85915282143395 -1 0 0
961.9889238138004 233.5614428977698 -1 0 0
910.6912138901363 215.97365663822782 -1 0 0
927.5461757221973 251.88205358479271 -1 0 0
929.74464900464 195.45457266876218 -1 0 0
981.775183355785 192.5232749588385 -1 0 0
584.5843436611286 372.7980841191439 -1 0 0
522.2942673252508 330.2942673252507 -1 0 0
555.2713665618919 229.89732076036523 -1 0 0
687.9125879359378 259.9431222870828 -1 0 0
708.6148780122737 201.86678640922014 -1 0 0
691.7599161802126 180.24846579853315 -1 0 0
905.68358030235 557.8362520580752 -1 0 0
1002.4164047298311 466.96602305044155 -1 0 0
942.3248016763959 393.68358030235 -1 0 0
845.4087711420447 10.59961083670108 -1 0 0
844.3095345008232 17.927855111510272 -1 0 0
741.3477024397546 2.538542134411032 -1 0 0
868.4927406076936 7.668313126777445 -1 0 0
412.9280915163266 257.30771189594725 -1 0 0
66.13888072711605 9.747272335507768 -1 0 0
51.81720240543776 5.655364243599715 -1 0 0
197.07993966817492 8.724295312530753 -1 0 0
693.2237958120309 8.724295312530753 -1 0 0
