85.05844155844153 458.75000000000006 -1 0 0
86.88961038961031 409.30844155844164 -1 0 0
99.70779220779212 369.02272727272737 -1 0 0
83.22727272727269 338.80844155844164 -1 0 0
90.55194805194799 302.185064935065 -1 0 0
64.91558441558436 300.35389610389615 -1 0 0
66.7467532467532 276.54870129870136 -1 0 0
88.72077922077915 270.1396103896104 -1 0 0
60.337662337662266 249.99675324675331 -1 0 0
60.337662337662266 233.51623376623382 -1 0 0
23.714285714285666 247.25000000000006 -1 0 0
38.36363636363632 244.5032467532468 -1 0 0
23.714285714285666 319.5811688311689 -1 0 0
149.1493506493506 387.33441558441564 -1 0 0
183.9415584415584 393.7435064935065 -1 0 0
224.2272727272727 456.0032467532468 -1 0 0
269.090909090909 517.3474025974027 -1 0 0
28.292207792207762 519.1785714285714 -1 0 0
437.5584415584415 477.97727272727286 -1 0 0
497.07142857142856 436.7759740259741 -1 0 0
639.9025974025974 465.159090909091 -1 0 0
661.8766233766233 403.8149350649351 -1 0 0
703.077922077922 388.25000000000006 -1 0 0
803.7922077922077 424.8733766233767 -1 0 0
777.2402597402596 490.7954545454546 -1 0 0
351.4935064935064 324.159090909091 -1 0 0
295.6428571428571 385.5032467532468 -1 0 0
278.2467532467532 354.3733766233767 -1 0 0
251.6948051948051 311.3409090909092 -1 0 0
279.16233766233756 336.97727272727286 -1 0 0
276.41558441558436 285.7045454545455 -1 0 0
299.3051948051948 263.73051948051955 -1 0 0
261.76623376623377 268.30844155844164 -1 0 0
256.27272727272725 251.82792207792215 -1 0 0
232.4675324675324 240.84090909090912 -1 0 0
207.7467532467532 264.64610389610397 -1 0 0
177.53246753246748 277.4642857142858 -1 0 0
161.9675324675324 287.53571428571433 -1 0 0
140.90909090909088 272.8863636363637 -1 0 0
98.79220779220776 237.1785714285715 -1 0 0
143.65584415584408 237.1785714285715 -1 0 0
161.9675324675324 313.17207792207796 -1 0 0
202.25324675324669 330.56818181818187 -1 0 0
313.9545454545454 243.58766233766238 -1 0 0
283.7402597402597 228.02272727272737 -1 0 0
340.5064935064935 272.8863636363637 -1 0 0
381.7077922077922 281.12662337662346 -1 0 0
389.9480519480519 309.5097402597403 -1 0 0
416.5 288.45129870129875 -1 0 0
406.42857142857133 262.8149350649351 -1 0 0
405.51298701298697 243.58766233766238 -1 0 0
374.3831168831168 230.76948051948057 -1 0 0
351.4935064935064 231.685064935065 -1 0 0
327.6883116883116 227.1071428571429 -1 0 0
306.62987012987 228.9383116883117 -1 0 0
305.71428571428567 212.4577922077923 -1 0 0
378.96103896103887 379.094155844156 -1 0 0
437.5584415584415 347.04870129870136 -1 0 0
472.3506493506493 341.55519480519484 -1 0 0
467.7727272727272 301.26948051948057 -1 0 0
573.9805194805194 347.04870129870136 -1 0 0
547.4285714285713 304.93181818181824 -1 0 0
499.81818181818176 289.3668831168832 -1 0 0
497.07142857142856 246.33441558441564 -1 0 0
539.1883116883116 247.25000000000006 -1 0 0
344.16883116883116 206.04870129870136 -1 0 0
371.6363636363636 211.54220779220782 -1 0 0
652.7207792207791 362.61363636363643 -1 0 0
713.1493506493506 317.75000000000006 -1 0 0
741.5324675324675 306.7629870129871 -1 0 0
767.1688311688312 253.659090909091 -1 0 0
806.538961038961 303.1006493506494 -1 0 0
781.8181818181819 322.32792207792215 -1 0 0
654.551948051948 279.2954545454546 -1 0 0
618.8441558441558 304.93181818181824 -1 0 0
599.6168831168831 313.17207792207796 -1 0 0
578.5584415584415 272.8863636363637 -1 0 0
570.3181818181818 249.99675324675331 -1 0 0
590.4610389610389 237.1785714285715 -1 0 0
646.3116883116883 237.1785714285715 -1 0 0
640.8181818181818 263.73051948051955 -1 0 0
664.6233766233765 225.27597402597405 -1 0 0
114.35714285714278 228.02272727272737 -1 0 0
127.17532467532465 234.43181818181824 -1 0 0
131.75324675324669 217.95129870129875 -1 0 0
121.68181818181813 198.72402597402606 -1 0 0
107.94805194805191 203.3019480519481 -1 0 0
78.6493506493506 205.13311688311694 -1 0 0
69.49350649350646 212.4577922077923 -1 0 0
53.92857142857139 211.54220779220782 -1 0 0
34.70129870129864 209.71103896103898 -1 0 0
22.798701298701246 218.86688311688317 -1 0 0
466.8571428571428 262.8149350649351 -1 0 0
465.0259740259739 240.84090909090912 -1 0 0
471.43506493506493 220.698051948052 -1 0 0
446.7142857142856 231.685064935065 -1 0 0
436.6428571428571 218.86688311688317 -1 0 0
422.90909090909093 230.76948051948057 -1 0 0
398.1883116883116 217.95129870129875 -1 0 0
393.6103896103896 199.63961038961043 -1 0 0
378.0454545454545 195.97727272727275 -1 0 0
388.11688311688306 189.56818181818187 -1 0 0
454.038961038961 206.04870129870136 -1 0 0
428.40259740259734 206.04870129870136 -1 0 0
418.33116883116884 208.79545454545462 -1 0 0
427.4870129870129 195.06168831168839 -1 0 0
449.46103896103887 190.4837662337663 -1 0 0
476.01298701298697 195.97727272727275 -1 0 0
483.3376623376624 212.4577922077923 -1 0 0
498.9025974025974 211.54220779220782 -1 0 0
523.6233766233765 217.95129870129875 -1 0 0
575.8116883116883 202.38636363636374 -1 0 0
566.6558441558441 228.9383116883117 -1 0 0
576.7272727272726 221.61363636363643 -1 0 0
611.5194805194805 220.698051948052 -1 0 0
607.8571428571428 205.13311688311694 -1 0 0
636.2402597402597 202.38636363636374 -1 0 0
528.2012987012987 241.75649350649357 -1 0 0
486.08441558441547 198.72402597402606 -1 0 0
496.1558441558441 195.97727272727275 -1 0 0
507.14285714285705 189.56818181818187 -1 0 0
522.7077922077922 196.89285714285722 -1 0 0
85.35389610389612 201.24188311688317 -1 0 0
95.88311688311688 191.17045454545462 -1 0 0
99.08766233766235 185.6769480519481 -1 0 0
68.41558441558442 195.2905844155845 -1 0 0
76.65584415584416 184.7613636363637 -1 0 0
67.04220779220779 182.47240259740266 -1 0 0
53.76623376623377 180.64123376623382 -1 0 0
40.490259740259745 182.47240259740266 -1 0 0
32.25 182.47240259740266 -1 0 0
22.636363636363654 195.2905844155845 -1 0 0
22.636363636363654 189.33928571428578 -1 0 0
30.41883116883119 192.54383116883122 -1 0 0
34.08116883116884 169.19642857142864 -1 0 0
41.405844155844164 166.44967532467538 -1 0 0
55.1396103896104 162.78733766233773 -1 0 0
59.259740259740255 164.16071428571433 -1 0 0
64.29545454545456 165.07629870129875 -1 0 0
69.33116883116884 161.87175324675331 -1 0 0
66.58441558441558 159.58279220779227 -1 0 0
62.92207792207794 159.58279220779227 -1 0 0
95.88311688311688 164.61850649350657 -1 0 0
101.37662337662337 164.16071428571433 -1 0 0
104.12337662337663 158.20941558441564 -1 0 0
110.99025974025976 158.20941558441564 -1 0 0
119.6883116883117 150.4269480519481 -1 0 0
114.6525974025974 149.96915584415592 -1 0 0
107.32792207792207 153.63149350649357 -1 0 0
94.96753246753246 152.25811688311694 -1 0 0
27.672077922077936 169.19642857142864 -1 0 0
18.516233766233768 175.14772727272734 -1 0 0
18.516233766233768 167.823051948052 -1 0 0
44.15259740259742 194.37500000000006 -1 0 0
45.06818181818181 203.073051948052 -1 0 0
60.17532467532468 172.40097402597408 -1 0 0
68.41558441558442 174.23214285714292 -1 0 0
81.69155844155844 171.02759740259748 -1 0 0
120.14610389610391 176.52110389610397 -1 0 0
120.6038961038961 187.05032467532473 -1 0 0
127.92857142857144 185.2191558441559 -1 0 0
136.16883116883116 203.98863636363643 -1 0 0
152.64935064935065 208.1087662337663 -1 0 0
165.00974025974028 226.42045454545462 -1 0 0
179.65909090909088 212.68668831168836 -1 0 0
191.1038961038961 231.9139610389611 -1 0 0
194.30844155844153 214.9756493506494 -1 0 0
213.99350649350646 215.89123376623382 -1 0 0
145.78246753246754 252.51461038961045 -1 0 0
219.48701298701297 293.7159090909091 -1 0 0
260.68831168831167 229.62500000000006 -1 0 0
260.2305194805195 239.23863636363643 -1 0 0
243.74999999999997 229.62500000000006 -1 0 0
235.96753246753246 210.85551948051955 -1 0 0
218.11363636363637 202.1574675324676 -1 0 0
206.66883116883116 208.5665584415585 -1 0 0
262.9772727272727 223.67370129870133 -1 0 0
267.0974025974026 210.39772727272734 -1 0 0
355.4512987012987 211.77110389610397 -1 0 0
361.4025974025974 191.17045454545462 -1 0 0
348.5844155844156 191.62824675324683 -1 0 0
339.4285714285714 182.01461038961045 -1 0 0
348.5844155844156 178.35227272727278 -1 0 0
360.487012987013 177.43668831168839 -1 0 0
276.7110389610389 161.4139610389611 -1 0 0
269.3863636363636 164.61850649350657 -1 0 0
263.8928571428571 172.40097402597408 -1 0 0
255.6525974025974 181.55681818181824 -1 0 0
273.9642857142857 183.8457792207793 -1 0 0
266.1818181818182 194.37500000000006 -1 0 0
239.62987012987014 192.086038961039 -1 0 0
255.6525974025974 203.073051948052 -1 0 0
230.47402597402595 172.40097402597408 -1 0 0
213.53571428571425 172.40097402597408 -1 0 0
201.17532467532465 169.19642857142864 -1 0 0
200.71753246753246 194.37500000000006 -1 0 0
191.56168831168833 190.2548701298702 -1 0 0
182.86363636363637 196.6639610389611 -1 0 0
186.0681818181818 204.44642857142864 -1 0 0
170.04545454545456 187.96590909090915 -1 0 0
177.8279220779221 190.2548701298702 -1 0 0
183.32142857142856 181.55681818181824 -1 0 0
188.81493506493507 170.56980519480527 -1 0 0
178.28571428571428 167.823051948052 -1 0 0
174.16558441558442 163.24512987012992 -1 0 0
172.33441558441558 174.23214285714292 -1 0 0
165.92532467532465 184.7613636363637 -1 0 0
168.6720779220779 179.2678571428572 -1 0 0
159.05844155844153 171.02759740259748 -1 0 0
148.98701298701297 171.48538961038966 -1 0 0
145.3246753246753 180.64123376623382 -1 0 0
155.8538961038961 182.01461038961045 -1 0 0
154.02272727272725 176.06331168831176 -1 0 0
156.7694805194805 188.42370129870136 -1 0 0
160.88961038961037 198.03733766233773 -1 0 0
150.36038961038963 196.6639610389611 -1 0 0
168.21428571428572 210.39772727272734 -1 0 0
142.5779220779221 192.54383116883122 -1 0 0
133.87987012987014 196.6639610389611 -1 0 0
199.80194805194805 249.7678571428572 -1 0 0
119.6883116883117 247.47889610389615 -1 0 0
113.73701298701297 164.61850649350657 -1 0 0
105.49675324675326 169.65422077922085 -1 0 0
114.6525974025974 172.40097402597408 -1 0 0
137.08441558441558 183.8457792207793 -1 0 0
133.87987012987014 176.52110389610397 -1 0 0
168.6720779220779 167.823051948052 -1 0 0
160.4318181818182 164.16071428571433 -1 0 0
186.525974025974 151.80032467532476 -1 0 0
231.8474025974026 158.896103896104 -1 0 0
241.00324675324674 163.47402597402606 -1 0 0
249.7012987012987 164.38961038961048 -1 0 0
250.15909090909088 168.96753246753255 -1 0 0
228.6428571428571 164.38961038961048 -1 0 0
211.70454545454547 162.10064935064943 -1 0 0
138.91558441558442 164.38961038961048 -1 0 0
131.13311688311688 162.10064935064943 -1 0 0
279.9155844155844 168.50974025974034 -1 0 0
290.9025974025974 162.10064935064943 -1 0 0
250.15909090909088 157.98051948051958 -1 0 0
243.74999999999997 157.98051948051958 -1 0 0
266.1818181818182 157.98051948051958 -1 0 0
263.8928571428571 153.8603896103897 -1 0 0
260.2305194805195 155.69155844155853 -1 0 0
300.51623376623377 163.47402597402606 -1 0 0
301.4318181818182 181.32792207792215 -1 0 0
311.9610389610389 189.1103896103897 -1 0 0
312.87662337662334 165.3051948051949 -1 0 0
330.27272727272725 160.2694805194806 -1 0 0
328.89935064935065 178.1233766233767 -1 0 0
332.5616883116883 184.53246753246762 -1 0 0
330.73051948051943 191.85714285714295 -1 0 0
322.03246753246754 197.35064935064943 -1 0 0
370.55844155844153 189.1103896103897 -1 0 0
375.1363636363636 168.50974025974034 -1 0 0
386.58116883116884 163.01623376623385 -1 0 0
403.0616883116883 167.59415584415592 -1 0 0
412.67532467532465 177.2077922077923 -1 0 0
393.9058441558441 178.58116883116892 -1 0 0
383.37662337662334 173.0876623376624 -1 0 0
378.3409090909091 181.78571428571436 -1 0 0
342.6331168831169 170.7987012987014 -1 0 0
334.3928571428571 174.91883116883125 -1 0 0
340.80194805194805 163.01623376623385 -1 0 0
363.23376623376623 170.7987012987014 -1 0 0
360.02922077922074 164.38961038961048 -1 0 0
350.8733766233766 158.896103896104 -1 0 0
408.5551948051948 160.2694805194806 -1 0 0
414.0487012987013 154.7759740259741 -1 0 0
397.56818181818176 157.06493506493516 -1 0 0
24.009740259740255 203.75974025974034 -1 0 0
242.1477272727273 180.06899350649354 -1 0 0
492.0357142857142 173.77435064935074 -1 0 0
504.3961038961039 172.85876623376632 -1 0 0
482.42207792207796 174.23214285714292 -1 0 0
476.01298701298697 177.43668831168839 -1 0 0
486.5422077922078 182.47240259740266 -1 0 0
480.5909090909091 186.59253246753258 -1 0 0
459.53246753246754 180.64123376623385 -1 0 0
465.02597402597405 181.55681818181827 -1 0 0
470.0616883116883 171.9431818181819 -1 0 0
464.56818181818176 164.61850649350657 -1 0 0
484.2532467532467 164.16071428571436 -1 0 0
362.48051948051943 155.92045454545462 -1 0 0
377.1298701298701 156.83603896103904 -1 0 0
412.37987012987014 168.73863636363643 -1 0 0
425.1980519480519 176.06331168831176 -1 0 0
439.8474025974026 188.8814935064936 -1 0 0
440.3051948051948 177.89448051948062 -1 0 0
446.71428571428567 175.14772727272734 -1 0 0
426.57142857142856 152.25811688311694 -1 0 0
464.56818181818176 153.17370129870136 -1 0 0
487.0 155.0048701298702 -1 0 0
522.25 153.17370129870136 -1 0 0
504.3961038961039 153.63149350649357 -1 0 0
508.0584415584416 163.24512987012994 -1 0 0
508.97402597402595 170.56980519480527 -1 0 0
513.5519480519481 164.16071428571436 -1 0 0
532.7792207792209 153.63149350649357 -1 0 0
546.9707792207793 155.0048701298702 -1 0 0
554.2954545454545 154.08928571428578 -1 0 0
581.3051948051948 155.4626623376624 -1 0 0
599.6168831168832 155.4626623376624 -1 0 0
561.6201298701299 163.24512987012994 -1 0 0
570.3181818181819 159.12500000000006 -1 0 0
568.0292207792209 150.8847402597403 -1 0 0
634.8668831168832 164.61850649350657 -1 0 0
645.8538961038962 169.65422077922085 -1 0 0
661.8766233766235 164.16071428571436 -1 0 0
660.5032467532468 173.77435064935074 -1 0 0
672.4058441558442 172.85876623376632 -1 0 0
658.672077922078 199.4107142857144 -1 0 0
647.685064935065 187.508116883117 -1 0 0
648.1428571428572 211.31331168831179 -1 0 0
618.3863636363637 192.08603896103907 -1 0 0
609.2305194805195 185.67694805194816 -1 0 0
603.2792207792209 185.67694805194816 -1 0 0
590.9188311688313 181.55681818181827 -1 0 0
586.3409090909091 191.17045454545462 -1 0 0
566.198051948052 179.26785714285722 -1 0 0
573.0649350649351 173.77435064935074 -1 0 0
551.5487012987014 171.9431818181819 -1 0 0
558.8733766233767 169.65422077922085 -1 0 0
538.7305194805194 184.7613636363637 -1 0 0
528.659090909091 186.59253246753258 -1 0 0
541.4772727272727 204.90422077922085 -1 0 0
541.9350649350649 165.534090909091 -1 0 0
526.827922077922 172.85876623376632 -1 0 0
595.0389610389611 164.16071428571436 -1 0 0
583.1363636363637 174.23214285714292 -1 0 0
577.6428571428571 187.05032467532476 -1 0 0
615.1818181818182 152.25811688311694 -1 0 0
622.0487012987014 147.22240259740266 -1 0 0
609.6883116883117 148.5957792207793 -1 0 0
611.9772727272727 145.39123376623385 -1 0 0
725.9675324675325 233.51623376623382 -1 0 0
689.3441558441558 253.659090909091 -1 0 0
686.5974025974026 228.9383116883117 -1 0 0
763.5064935064935 216.12012987012997 -1 0 0
782.7337662337662 215.2045454545455 -1 0 0
809.2857142857143 237.1785714285715 -1 0 0
808.3701298701297 195.97727272727275 -1 0 0
801.0454545454546 176.75000000000006 -1 0 0
785.4805194805195 176.75000000000006 -1 0 0
778.1558441558442 184.07467532467535 -1 0 0
766.2532467532468 182.24350649350652 -1 0 0
757.0974025974025 184.99025974025986 -1 0 0
743.3636363636364 176.75000000000006 -1 0 0
742.4480519480519 189.56818181818187 -1 0 0
717.7272727272726 193.23051948051955 -1 0 0
693.9220779220778 192.31493506493513 -1 0 0
697.5844155844155 167.59415584415592 -1 0 0
681.1038961038961 166.6785714285715 -1 0 0
687.512987012987 164.84740259740263 -1 0 0
707.6558441558441 150.198051948052 -1 0 0
719.5584415584415 150.198051948052 -1 0 0
585.8831168831168 161.185064935065 -1 0 0
579.474025974026 169.42532467532476 -1 0 0
540.1038961038961 175.83441558441564 -1 0 0
549.2597402597402 178.58116883116892 -1 0 0
559.3311688311688 182.24350649350652 -1 0 0
549.2597402597402 192.31493506493513 -1 0 0
562.077922077922 192.31493506493513 -1 0 0
549.2597402597402 183.159090909091 -1 0 0
772.6623376623376 160.26948051948057 -1 0 0
760.7597402597402 159.3538961038962 -1 0 0
746.1103896103896 161.185064935065 -1 0 0
734.2077922077922 144.7045454545455 -1 0 0
723.2207792207791 163.93181818181824 -1 0 0
712.2337662337662 163.01623376623382 -1 0 0
708.5714285714286 185.9058441558442 -1 0 0
655.4675324675325 182.24350649350652 -1 0 0
621.590909090909 177.66558441558448 -1 0 0
617.012987012987 174.0032467532468 -1 0 0
723.2207792207791 144.7045454545455 -1 0 0
726.8831168831168 135.54870129870136 -1 0 0
754.3506493506494 143.78896103896113 -1 0 0
766.2532467532468 147.45129870129875 -1 0 0
765.3376623376622 152.9448051948052 -1 0 0
753.4350649350649 152.02922077922085 -1 0 0
753.4350649350649 158.4383116883117 -1 0 0
779.9870129870129 144.7045454545455 -1 0 0
796.4675324675324 151.11363636363643 -1 0 0
801.961038961039 143.78896103896113 -1 0 0
790.974025974026 145.62012987012997 -1 0 0
787.3116883116883 150.198051948052 -1 0 0
786.3961038961039 163.01623376623382 -1 0 0
795.551948051948 164.84740259740263 -1 0 0
806.538961038961 152.02922077922085 -1 0 0
812.948051948052 150.198051948052 -1 0 0
677.4415584415584 141.9577922077923 -1 0 0
689.3441558441558 143.78896103896113 -1 0 0
696.6688311688312 141.04220779220782 -1 0 0
709.4870129870129 144.7045454545455 -1 0 0
693.9220779220778 157.52272727272737 -1 0 0
674.6948051948052 151.11363636363643 -1 0 0
693.9220779220778 151.11363636363643 -1 0 0
658.2142857142857 152.02922077922085 -1 0 0
651.8051948051948 156.6071428571429 -1 0 0
643.5649350649351 146.53571428571433 -1 0 0
638.9870129870129 144.7045454545455 -1 0 0
308.46103896103887 174.0032467532468 -1 0 0
313.9545454545454 178.58116883116892 -1 0 0
318.53246753246754 153.8603896103897 -1 0 0
304.7987012987013 154.77597402597405 -1 0 0
296.5584415584415 152.9448051948052 -1 0 0
665.538961038961 158.4383116883117 -1 0 0
644.4805194805194 154.77597402597405 -1 0 0
635.3246753246752 153.8603896103897 -1 0 0
400.01948051948045 141.04220779220782 -1 0 0
394.52597402597394 141.04220779220782 -1 0 0
406.42857142857133 143.78896103896113 -1 0 0
383.538961038961 141.9577922077923 -1 0 0
374.3831168831168 141.9577922077923 -1 0 0
373.46753246753246 139.21103896103898 -1 0 0
369.8051948051948 150.198051948052 -1 0 0
363.3961038961038 141.9577922077923 -1 0 0
368.8896103896103 141.04220779220782 -1 0 0
676.5259740259739 134.63311688311694 -1 0 0
660.0454545454545 144.7045454545455 -1 0 0
653.6363636363636 144.7045454545455 -1 0 0
649.0584415584415 138.29545454545462 -1 0 0
659.1298701298701 132.8019480519481 -1 0 0
667.3701298701299 134.63311688311694 -1 0 0
685.6818181818181 133.71753246753252 -1 0 0
692.090909090909 179.49675324675331 -1 0 0
593.2077922077922 146.53571428571433 -1 0 0
166.5454545454545 159.3538961038962 -1 0 0
168.37662337662334 150.198051948052 -1 0 0
161.9675324675324 145.62012987012997 -1 0 0
195.4090909090909 157.82467532467524 -1 0 0
187.09740259740258 156.16233766233756 -1 0 0
177.9545454545454 156.9935064935064 -1 0 0
158.00649350649346 155.33116883116875 -1 0 0
155.512987012987 157.82467532467524 -1 0 0
150.52597402597402 161.1493506493506 -1 0 0
147.20129870129867 156.9935064935064 -1 0 0
138.05844155844156 156.9935064935064 -1 0 0
129.74675324675323 154.49999999999994 -1 0 0
118.94155844155844 155.33116883116875 -1 0 0
123.09740259740258 156.9935064935064 -1 0 0
150.52597402597402 153.6688311688311 -1 0 0
173.79870129870127 152.83766233766227 -1 0 0
177.9545454545454 150.3441558441558 -1 0 0
181.27922077922076 150.3441558441558 -1 0 0
56.60389610389606 155.33116883116875 -1 0 0
50.78571428571425 160.31818181818176 -1 0 0
43.30519480519479 159.48701298701292 -1 0 0
271.0454545454545 152.00649350649343 -1 0 0
276.8636363636364 152.00649350649343 -1 0 0
280.1883116883117 156.16233766233756 -1 0 0
286.8376623376623 152.83766233766227 -1 0 0
282.68181818181813 148.68181818181813 -1 0 0
289.33116883116884 147.8506493506493 -1 0 0
297.6428571428571 146.18831168831161 -1 0 0
301.7987012987013 147.8506493506493 -1 0 0
309.27922077922085 151.17532467532465 -1 0 0
312.6038961038961 151.17532467532465 -1 0 0
320.9155844155845 147.8506493506493 -1 0 0
326.73376623376623 152.00649350649343 -1 0 0
334.2142857142858 148.68181818181813 -1 0 0
344.1883116883117 147.01948051948048 -1 0 0
339.2012987012987 148.68181818181813 -1 0 0
340.03246753246754 153.6688311688311 -1 0 0
351.66883116883116 152.00649350649343 -1 0 0
351.66883116883116 153.6688311688311 -1 0 0
351.66883116883116 146.18831168831161 -1 0 0
353.33116883116884 147.01948051948048 -1 0 0
357.48701298701303 149.51298701298697 -1 0 0
360.8116883116884 150.3441558441558 -1 0 0
362.47402597402595 147.8506493506493 -1 0 0
378.26623376623377 146.18831168831161 -1 0 0
381.5909090909091 151.17532467532465 -1 0 0
388.2402597402597 151.17532467532465 -1 0 0
392.3961038961039 148.68181818181813 -1 0 0
397.38311688311694 151.17532467532465 -1 0 0
408.1883116883117 137.87662337662334 -1 0 0
413.17532467532465 136.21428571428567 -1 0 0
471.35714285714283 160.31818181818176 -1 0 0
702.422077922078 132.05844155844147 -1 0 0
709.9025974025974 132.05844155844147 -1 0 0
717.3831168831169 132.05844155844147 -1 0 0
728.1883116883117 130.3961038961038 -1 0 0
735.6688311688312 128.73376623376618 -1 0 0
748.1363636363636 130.3961038961038 -1 0 0
204.55194805194802 156.9935064935064 -1 0 0
213.69480519480518 156.9935064935064 -1 0 0
218.68181818181813 159.48701298701292 -1 0 0
220.34415584415584 155.33116883116875 -1 0 0
226.9935064935065 152.83766233766227 -1 0 0
212.86363636363632 152.83766233766227 -1 0 0
201.22727272727272 151.1753246753246 -1 0 0
207.87662337662337 148.68181818181813 -1 0 0
217.85064935064935 148.68181818181813 -1 0 0
225.33116883116878 148.68181818181813 -1 0 0
234.474025974026 153.6688311688311 -1 0 0
256.0844155844155 151.1753246753246 -1 0 0
252.75974025974025 151.1753246753246 -1 0 0
278.52597402597405 145.35714285714278 -1 0 0
307.6168831168832 145.35714285714278 -1 0 0
315.92857142857144 142.86363636363626 -1 0 0
325.9025974025974 142.03246753246742 -1 0 0
335.0454545454546 142.86363636363626 -1 0 0
340.8636363636364 142.86363636363626 -1 0 0
346.68181818181824 139.53896103896096 -1 0 0
354.9935064935065 141.20129870129858 -1 0 0
361.6428571428571 142.86363636363626 -1 0 0
