108.03153745072285 766.3344283837054 -1 0 0
35.495400788436314 734.7969776609724 -1 0 0
12.367936925098604 707.464520367937 -1 0 0
72.28909329829173 699.0545335085415 -1 0 0
46.007884362680784 665.4145860709593 -1 0 0
12.367936925098604 664.3633377135349 -1 0 0
14.470433639947487 620.2109067017083 -1 0 0
43.905387647831844 608.6471747700394 -1 0 0
35.495400788436314 575.0072273324573 -1 0 0
87.00657030223397 587.6222076215506 -1 0 0
77.54533508541397 634.9283837056505 -1 0 0
113.28777923784503 637.0308804204993 -1 0 0
100.67279894875173 675.9270696452037 -1 0 0
149.03022339027598 691.6957950065703 -1 0 0
149.03022339027598 750.565703022339 -1 0 0
170.0551905387648 778.949408672799 -1 0 0
198.4388961892247 739.0019710906702 -1 0 0
128.00525624178715 637.0308804204993 -1 0 0
117.4927726675428 612.8521681997372 -1 0 0
124.85151116951386 593.9296977660973 -1 0 0
124.85151116951386 580.2634691195796 -1 0 0
133.2614980289094 550.8285151116952 -1 0 0
99.62155059132726 559.2385019710907 -1 0 0
93.31406044678056 531.9060446780552 -1 0 0
81.75032851511173 527.7010512483574 -1 0 0
42.854139290407375 540.3160315374507 -1 0 0
23.931668856767487 542.4185282522997 -1 0 0
28.136662286465253 506.6760840998686 -1 0 0
12.367936925098604 508.77858081471754 -1 0 0
18.675427069645252 483.548620236531 -1 0 0
8.162943495400839 465.67739816031536 -1 0 0
10.265440210249722 449.9086727989488 -1 0 0
27.085413929040783 453.0624178712222 -1 0 0
32.34165571616302 435.19119579500665 -1 0 0
43.905387647831844 495.11235216819983 -1 0 0
54.41787122207632 477.2411300919843 -1 0 0
82.8015768725362 502.47109067017084 -1 0 0
98.5703022339028 474.087385019711 -1 0 0
79.6478318002629 459.3699080157688 -1 0 0
63.8791064388962 435.19119579500665 -1 0 0
79.6478318002629 429.9349540078844 -1 0 0
65.98160315374514 401.55124835742447 -1 0 0
63.8791064388962 386.83377135348235 -1 0 0
49.16162943495408 378.4237844940868 -1 0 0
48.11038107752961 401.55124835742447 -1 0 0
31.29040735873855 400.5000000000001 -1 0 0
19.726675427069722 400.5000000000001 -1 0 0
20.77792378449419 368.9625492772668 -1 0 0
26.034165571616317 348.98883048620246 -1 0 0
34.444152431011844 338.47634691195805 -1 0 0
69.13534822601844 355.2963206307491 -1 0 0
77.54533508541397 339.52759526938246 -1 0 0
54.41787122207632 309.0413929040737 -1 0 0
44.956636005256314 293.27266754270704 -1 0 0
19.726675427069722 291.17017082785816 -1 0 0
19.726675427069722 251.2227332457294 -1 0 0
48.11038107752961 262.7864651773982 -1 0 0
43.905387647831844 244.9152431011828 -1 0 0
9.587713534822598 237.0308804204994 -1 0 0
11.69021024967148 228.09526938239162 -1 0 0
32.71517739816031 212.326544021025 -1 0 0
30.61268068331142 228.09526938239162 -1 0 0
40.5995400788436 221.78777923784497 -1 0 0
53.740144546649134 229.6721419185283 -1 0 0
55.31701708278584 208.12155059132724 -1 0 0
43.22766097240472 197.08344283837062 -1 0 0
40.5995400788436 178.6865965834429 -1 0 0
32.18955321944807 171.85348226018402 -1 0 0
14.318331143232598 183.41721419185285 -1 0 0
10.638961892247067 196.55781865965838 -1 0 0
7.485216819973715 189.7247043363995 -1 0 0
18.523324572930363 167.64848883048626 -1 0 0
17.99770039421813 157.1360052562418 -1 0 0
22.72831800262813 145.04664914586073 -1 0 0
29.56143232588701 136.6366622864652 -1 0 0
9.587713534822598 132.95729303547967 -1 0 0
12.215834428383715 120.34231274638637 -1 0 0
30.08705650459919 119.81668856767413 -1 0 0
9.587713534822598 112.98357424441525 -1 0 0
19.048948751642598 110.88107752956637 -1 0 0
10.638961892247067 101.94546649145866 -1 0 0
22.72831800262813 98.79172141918531 -1 0 0
5.382720105124832 90.38173455978978 -1 0 0
52.68889618922473 274.35019710906704 -1 0 0
67.4063731931669 272.24770039421816 -1 0 0
60.57325886990802 249.64586070959268 -1 0 0
70.5601182654402 197.08344283837062 -1 0 0
75.81636005256242 216.00591327201056 -1 0 0
64.77825229960578 186.04533508541397 -1 0 0
78.97010512483573 181.31471747700397 -1 0 0
73.18823915900131 169.2253613666229 -1 0 0
65.30387647831802 161.8666228646518 -1 0 0
45.3301576872536 167.12286465177402 -1 0 0
48.483902759526956 153.9822601839685 -1 0 0
43.22766097240472 141.3672798948752 -1 0 0
49.00952693823913 135.05978975032855 -1 0 0
65.30387647831802 142.94415243101184 -1 0 0
60.04763469119578 129.80354796320637 -1 0 0
49.53515111695137 122.97043363994749 -1 0 0
55.84264126149802 121.39356110381084 -1 0 0
45.3301576872536 117.18856767411307 -1 0 0
57.41951379763472 109.82982917214196 -1 0 0
46.90703022339025 105.09921156373196 -1 0 0
37.44579500657031 106.15045992115643 -1 0 0
68.45762155059131 119.81668856767413 -1 0 0
74.76511169513796 115.08607095926413 -1 0 0
72.66261498028908 108.25295663600531 -1 0 0
77.39323258869908 102.99671484888307 -1 0 0
81.59822601839684 93.0098554533509 -1 0 0
82.64947437582131 138.2135348226019 -1 0 0
90.00821287779237 129.27792378449413 -1 0 0
92.11070959264126 110.88107752956637 -1 0 0
97.89257555847567 115.08607095926413 -1 0 0
112.08442838370566 109.82982917214196 -1 0 0
104.20006570302232 97.21484888304866 -1 0 0
92.11070959264126 104.04796320630754 -1 0 0
76.86760840998684 128.22667542706967 -1 0 0
82.12385019710906 169.75098554533508 -1 0 0
91.58508541392902 186.04533508541397 -1 0 0
109.98193166885679 167.64848883048626 -1 0 0
109.45630749014455 152.40538764783184 -1 0 0
91.58508541392902 147.67477003942184 -1 0 0
84.22634691195796 150.8285151116952 -1 0 0
99.99507227332455 140.31603153745073 -1 0 0
108.40505913272008 131.9060446780552 -1 0 0
104.72568988173455 123.49605781865966 -1 0 0
123.12253613666233 138.73915900131408 -1 0 0
116.28942181340344 149.77726675427073 -1 0 0
78.97010512483573 225.99277266754274 -1 0 0
78.97010512483573 243.33837056504603 -1 0 0
78.97010512483573 251.74835742444156 -1 0 0
96.31570302233902 260.1583442838371 -1 0 0
85.80321944809461 292.22141918528257 -1 0 0
102.09756898817342 295.37516425755587 -1 0 0
84.22634691195796 311.66951379763475 -1 0 0
102.09756898817342 317.45137976346916 -1 0 0
105.77693823915901 412.5893561103811 -1 0 0
108.40505913272008 443.07555847568995 -1 0 0
99.99507227332455 381.5775295663601 -1 0 0
109.98193166885679 367.91130091984235 -1 0 0
110.50755584756897 356.8731931668857 -1 0 0
112.08442838370566 336.89947437582134 -1 0 0
114.71254927726673 312.1951379763469 -1 0 0
141.51938239159003 319.0282522996058 -1 0 0
148.3524967148489 347.41195795006576 -1 0 0
162.54434954007885 367.91130091984235 -1 0 0
142.04500657030226 391.5643889618923 -1 0 0
147.82687253613668 422.5762155059133 -1 0 0
154.65998685939556 443.07555847568995 -1 0 0
177.26182654402103 436.7680683311433 -1 0 0
170.95433639947439 425.2043363994744 -1 0 0
166.22371879106439 414.69185282523 -1 0 0
193.0305519053877 397.87187910643894 -1 0 0
208.79927726675427 379.47503285151123 -1 0 0
210.90177398160316 364.75755584756905 -1 0 0
196.18429697766098 360.02693823915905 -1 0 0
195.13304862023656 327.9638633377136 -1 0 0
179.88994743758215 317.9770039421814 -1 0 0
173.5824572930355 306.93889618922475 -1 0 0
177.78745072273327 266.991458607096 -1 0 0
164.12122207621553 268.5683311432326 -1 0 0
145.19875164257556 280.13206307490145 -1 0 0
138.36563731931668 274.8758212877792 -1 0 0
132.58377135348226 263.3120893561104 -1 0 0
120.4944152431012 261.73521681997374 -1 0 0
113.1356767411301 241.23587385019715 -1 0 0
113.66130091984232 227.5696452036794 -1 0 0
95.26445466491461 228.09526938239162 -1 0 0
85.27759526938237 207.0703022339028 -1 0 0
102.09756898817342 211.80091984231277 -1 0 0
114.71254927726673 215.48028909329832 -1 0 0
110.50755584756897 194.98094612352168 -1 0 0
102.09756898817342 179.21222076215508 -1 0 0
127.32752956636008 190.7759526938239 -1 0 0
134.68626806833115 182.36596583442838 -1 0 0
135.21189224704338 172.3791064388962 -1 0 0
119.96879106438897 175.53285151116955 -1 0 0
137.8400131406045 163.96911957950067 -1 0 0
134.68626806833115 145.57227332457296 -1 0 0
134.68626806833115 134.00854139290414 -1 0 0
121.54566360052561 128.22667542706967 -1 0 0
123.6481603153745 112.98357424441525 -1 0 0
126.80190538764785 106.6760840998686 -1 0 0
134.1606438896189 101.94546649145866 -1 0 0
128.3787779237845 88.80486202365313 -1 0 0
128.90440210249673 69.88239159001319 -1 0 0
114.18692509855455 66.72864651773983 -1 0 0
139.94250985545338 111.4067017082786 -1 0 0
136.2631406044678 119.81668856767413 -1 0 0
144.67312746386332 127.17542706964525 -1 0 0
142.57063074901444 131.9060446780552 -1 0 0
149.40374507227332 146.0978975032852 -1 0 0
142.04500657030226 157.1360052562418 -1 0 0
156.2368593955322 156.6103810775296 -1 0 0
155.71123521681997 169.2253613666229 -1 0 0
160.9674770039422 178.6865965834429 -1 0 0
157.28810775295662 199.18593955321944 -1 0 0
145.19875164257556 208.64717477003944 -1 0 0
137.8400131406045 220.21090670170832 -1 0 0
145.7243758212878 235.4540078843627 -1 0 0
135.73751642575562 245.44086727989492 -1 0 0
153.08311432325885 334.2713534822602 -1 0 0
218.26051248357425 429.9349540078844 -1 0 0
214.5811432325887 419.94809461235224 -1 0 0
235.6061103810775 407.3331143232589 -1 0 0
230.87549277266757 389.98751642575564 -1 0 0
242.96484888304863 374.218791064389 -1 0 0
223.51675427069645 342.68134034165575 -1 0 0
230.34986859395534 326.9126149802891 -1 0 0
198.8124178712221 316.92575558475687 -1 0 0
198.8124178712221 296.42641261498034 -1 0 0
194.60742444152433 279.0808147174771 -1 0 0
218.78613666228645 295.90078843626804 -1 0 0
210.37614980289092 269.6195795006571 -1 0 0
219.31176084099866 268.5683311432326 -1 0 0
207.74802890932986 256.4789750328515 -1 0 0
181.4668199737188 242.8127463863338 -1 0 0
160.44185282522997 231.77463863337718 -1 0 0
181.99244415243103 201.81406044678056 -1 0 0
176.21057818659656 190.25032851511173 -1 0 0
180.41557161629433 178.16097240473061 -1 0 0
173.5824572930355 171.3278580814718 -1 0 0
180.41557161629433 161.34099868593955 -1 0 0
177.78745072273327 147.67477003942184 -1 0 0
167.27496714848886 151.35413929040737 -1 0 0
156.76248357424444 129.80354796320637 -1 0 0
172.00558475689877 122.97043363994749 -1 0 0
165.17247043363997 110.88107752956637 -1 0 0
157.28810775295662 99.84296977660978 -1 0 0
167.27496714848886 100.36859395532196 -1 0 0
181.99244415243103 112.98357424441525 -1 0 0
173.05683311432327 107.20170827858084 -1 0 0
180.94119579500656 132.95729303547967 -1 0 0
184.09494086727992 125.07293035479637 -1 0 0
200.91491458607098 146.62352168199743 -1 0 0
201.4405387647832 125.5985545335086 -1 0 0
207.74802890932986 116.1373193166886 -1 0 0
192.1314060446781 653.8508541392904 -1 0 0
182.6701708278581 604.4421813403417 -1 0 0
233.13009198423129 707.4645203679369 -1 0 0
213.15637319316693 665.4145860709592 -1 0 0
249.95006570302235 644.3896189224704 -1 0 0
272.02628120893564 616.0059132720105 -1 0 0
298.3074901445467 670.6708278580815 -1 0 0
298.3074901445467 712.7207621550591 -1 0 0
259.41130091984235 757.92444152431 -1 0 0
283.59001314060447 768.4369250985545 -1 0 0
305.66622864651777 792.6156373193166 -1 0 0
340.35742444152436 714.823258869908 -1 0 0
334.04993429697765 671.7220762155059 -1 0 0
372.946123521682 704.3107752956636 -1 0 0
380.3048620236531 743.2069645203679 -1 0 0
393.97109067017084 729.5407358738502 -1 0 0
406.58607095926413 669.619579500657 -1 0 0
404.4835742444152 650.6971090670171 -1 0 0
441.2772667542707 618.1084099868594 -1 0 0
419.20105124835743 604.4421813403417 -1 0 0
433.91852825229955 585.5197109067017 -1 0 0
379.2536136662286 590.7759526938239 -1 0 0
316.1787122207621 577.1097240473061 -1 0 0
301.46123521682 607.595926412615 -1 0 0
281.48751642575564 532.9572930354797 -1 0 0
251.00131406044682 559.2385019710907 -1 0 0
234.18134034165575 573.9559789750328 -1 0 0
224.72010512483573 553.9822601839685 -1 0 0
234.18134034165575 523.4960578186597 -1 0 0
253.10381077529564 503.5223390275953 -1 0 0
233.13009198423129 475.13863337713536 -1 0 0
203.69513797634693 468.8311432325887 -1 0 0
169.00394218134034 468.8311432325887 -1 0 0
178.46517739816034 508.77858081471754 -1 0 0
126.95400788436268 493.00985545335084 -1 0 0
119.59526938239162 511.93232588699084 -1 0 0
138.51773981603162 519.2910643889619 -1 0 0
119.59526938239162 474.087385019711 -1 0 0
123.80026281208937 456.2161629434955 -1 0 0
135.3639947437582 474.087385019711 -1 0 0
332.9986859395532 548.7260183968463 -1 0 0
329.84494086727983 527.7010512483574 -1 0 0
342.4599211563732 523.4960578186597 -1 0 0
358.2286465177398 527.7010512483574 -1 0 0
336.1524310118266 503.5223390275953 -1 0 0
285.6925098554534 510.88107752956637 -1 0 0
281.48751642575564 473.0361366622865 -1 0 0
255.20630749014458 469.8823915900132 -1 0 0
232.07884362680682 456.2161629434955 -1 0 0
252.0525624178713 435.19119579500665 -1 0 0
252.0525624178713 406.8074901445467 -1 0 0
273.0775295663601 361.6038107752957 -1 0 0
283.59001314060447 367.91130091984235 -1 0 0
277.2825229960579 342.68134034165575 -1 0 0
279.3850197109067 322.7076215505914 -1 0 0
249.95006570302235 321.6563731931669 -1 0 0
233.13009198423129 286.96517739816045 -1 0 0
256.25755584756905 300.6314060446781 -1 0 0
462.30223390275955 663.3120893561104 -1 0 0
440.22601839684626 749.5144546649145 -1 0 0
482.2759526938239 701.1570302233903 -1 0 0
525.377135348226 732.6944809461235 -1 0 0
553.7608409986858 715.8745072273324 -1 0 0
553.7608409986858 676.9783180026282 -1 0 0
554.8120893561104 640.1846254927726 -1 0 0
509.60840998685933 633.877135348226 -1 0 0
532.7358738501971 619.1596583442838 -1 0 0
555.8633377135347 618.1084099868594 -1 0 0
521.1721419185283 587.6222076215506 -1 0 0
543.2483574244416 569.7509855453351 -1 0 0
503.30091984231274 555.033508541393 -1 0 0
451.789750328515 529.8035479632064 -1 0 0
422.3547963206307 550.8285151116952 -1 0 0
408.68856767411296 540.3160315374507 -1 0 0
414.99605781865966 517.1885676741131 -1 0 0
400.27858081471743 510.88107752956637 -1 0 0
375.04862023653084 515.0860709592641 -1 0 0
361.3823915900132 501.4198423127463 -1 0 0
348.7674113009199 495.11235216819983 -1 0 0
371.89487516425754 477.2411300919843 -1 0 0
336.1524310118266 464.62614980289095 -1 0 0
321.43495400788436 486.7023653088042 -1 0 0
300.40998685939553 474.087385019711 -1 0 0
296.20499342969777 439.39618922470436 -1 0 0
279.3850197109067 435.19119579500665 -1 0 0
294.10249671484894 406.8074901445467 -1 0 0
310.92247043364 414.1662286465178 -1 0 0
324.58869908015765 436.24244415243106 -1 0 0
339.30617608409995 409.96123521682 -1 0 0
335.1011826544021 384.7312746386334 -1 0 0
323.5374507227333 373.1675427069646 -1 0 0
302.5124835742444 380.52628120893564 -1 0 0
308.81997371879106 351.0913272010513 -1 0 0
319.33245729303553 338.476346911958 -1 0 0
304.61498028909324 337.4250985545336 -1 0 0
298.3074901445467 296.42641261498034 -1 0 0
281.48751642575564 304.83639947437587 -1 0 0
261.5137976346912 266.991458607096 -1 0 0
252.0525624178713 262.7864651773982 -1 0 0
237.33508541392902 253.32522996057835 -1 0 0
226.8226018396847 241.7614980289094 -1 0 0
214.2076215505914 230.19776609724056 -1 0 0
201.5926412614981 233.35151116951383 -1 0 0
175.31143232588704 219.6852825229962 -1 0 0
204.7463863337714 207.0703022339028 -1 0 0
212.1051248357425 199.71156373193173 -1 0 0
196.33639947437587 191.3015768725362 -1 0 0
202.64388961892246 177.63534822601855 -1 0 0
196.33639947437587 157.66162943495408 -1 0 0
212.1051248357425 170.27660972404738 -1 0 0
225.77135348226022 187.09658344283844 -1 0 0
225.77135348226022 208.12155059132726 -1 0 0
236.28383705650458 206.01905387647844 -1 0 0
232.07884362680682 214.42904073587397 -1 0 0
241.54007884362682 216.53153745072282 -1 0 0
245.74507227332458 223.89027595269388 -1 0 0
264.6675427069646 216.53153745072282 -1 0 0
255.20630749014458 201.81406044678056 -1 0 0
281.48751642575564 250.17148488830492 -1 0 0
276.2312746386334 237.55650459921165 -1 0 0
279.3850197109067 268.04270696452045 -1 0 0
295.1537450722733 278.5551905387649 -1 0 0
301.46123521682 254.37647831800265 -1 0 0
313.0249671484888 254.37647831800265 -1 0 0
292.0 231.24901445466503 -1 0 0
283.59001314060447 216.53153745072282 -1 0 0
280.4362680683312 207.0703022339028 -1 0 0
269.9237844940867 200.7628120893562 -1 0 0
275.18002628120894 191.3015768725362 -1 0 0
370.8436268068331 427.83245729303553 -1 0 0
397.12483574244413 471.98488830486207 -1 0 0
398.1760840998686 452.01116951379765 -1 0 0
395.0223390275953 488.80486202365313 -1 0 0
426.55978975032855 496.1636005256242 -1 0 0
421.30354796320626 471.98488830486207 -1 0 0
446.53350854139285 459.3699080157688 -1 0 0
426.55978975032855 430.9862023653088 -1 0 0
418.14980289093296 413.1149802890933 -1 0 0
429.7135348226018 398.3975032851512 -1 0 0
447.5847568988173 393.14126149802894 -1 0 0
399.22733245729313 388.9362680683312 -1 0 0
354.023653088042 389.98751642575564 -1 0 0
359.27989487516425 355.29632063074905 -1 0 0
469.6609724047306 516.1373193166886 -1 0 0
447.5847568988173 500.368593955322 -1 0 0
468.60972404730614 468.8311432325887 -1 0 0
453.892247043364 436.24244415243106 -1 0 0
470.7122207621551 408.9099868593956 -1 0 0
477.0197109067016 385.7825229960579 -1 0 0
498.0446780551905 405.75624178712224 -1 0 0
512.7621550591327 418.37122207621553 -1 0 0
503.30091984231274 441.49868593955324 -1 0 0
506.45466491458603 468.8311432325887 -1 0 0
519.0696452036793 475.13863337713536 -1 0 0
493.83968462549274 502.47109067017084 -1 0 0
537.9921156373193 529.8035479632064 -1 0 0
537.9921156373193 510.88107752956637 -1 0 0
525.377135348226 464.62614980289095 -1 0 0
565.3245729303549 468.8311432325887 -1 0 0
553.7608409986858 443.6011826544021 -1 0 0
556.9145860709593 406.8074901445467 -1 0 0
575.8370565045991 420.4737187910644 -1 0 0
567.4270696452036 391.03876478318006 -1 0 0
569.5295663600525 368.9625492772668 -1 0 0
560.0683311432326 347.937582128778 -1 0 0
542.197109067017 327.9638633377136 -1 0 0
524.3258869908016 318.50262812089363 -1 0 0
511.7109067017082 321.6563731931669 -1 0 0
518.0183968462549 351.0913272010513 -1 0 0
481.22470433639944 355.29632063074905 -1 0 0
487.53219448094615 339.52759526938246 -1 0 0
467.5584756898817 357.39881734559793 -1 0 0
445.4822601839685 351.0913272010513 -1 0 0
420.2522996057819 364.75755584756905 -1 0 0
397.12483574244413 362.65505913272017 -1 0 0
376.0998685939553 343.7325886990802 -1 0 0
396.07358738501966 341.63009198423134 -1 0 0
349.81865965834425 341.63009198423134 -1 0 0
342.4599211563732 331.11760840998693 -1 0 0
342.4599211563732 313.2463863337714 -1 0 0
328.7936925098554 304.83639947437587 -1 0 0
368.74113009198425 330.06636005256246 -1 0 0
355.0749014454665 317.45137976346916 -1 0 0
389.766097240473 314.29763469119587 -1 0 0
388.7148488830486 278.5551905387649 -1 0 0
373.99737187910654 262.7864651773982 -1 0 0
360.3311432325887 263.8377135348227 -1 0 0
338.2549277266754 264.88896189224715 -1 0 0
326.6911957950066 278.5551905387649 -1 0 0
306.71747700394224 284.8626806833115 -1 0 0
421.9812746386334 330.59198423127475 -1 0 0
429.3400131406045 357.9244415243103 -1 0 0
430.9168856767412 317.4513797634693 -1 0 0
437.75000000000006 311.66951379763475 -1 0 0
397.80256241787123 301.1570302233904 -1 0 0
404.1100525624179 288.5420499342971 -1 0 0
373.0982260183969 248.06898817345606 -1 0 0
354.7013797634691 247.54336399474383 -1 0 0
345.24014454664916 241.23587385019715 -1 0 0
334.2020367936925 252.27398160315383 -1 0 0
323.16392904073587 257.53022339027603 -1 0 0
326.8432982917214 240.18462549277277 -1 0 0
310.02332457293033 242.81274638633386 -1 0 0
305.29270696452033 234.92838370565053 -1 0 0
309.4977003942181 222.83902759526944 -1 0 0
312.1258212877792 207.07030223390282 -1 0 0
322.63830486202363 196.03219448094617 -1 0 0
343.1376478318003 192.87844940867285 -1 0 0
338.4070302233903 219.1596583442839 -1 0 0
324.7408015768725 221.2621550591328 -1 0 0
357.85512483574246 221.2621550591328 -1 0 0
380.98258869908017 224.41590013140612 -1 0 0
393.59756898817346 225.99277266754277 -1 0 0
389.3925755584757 210.74967148488835 -1 0 0
368.3676084099869 202.86530880420506 -1 0 0
357.3295006570302 202.86530880420506 -1 0 0
365.2138633377135 184.46846254927732 -1 0 0
377.8288436268069 190.25032851511176 -1 0 0
337.88140604467804 179.73784494086732 -1 0 0
318.43331143232587 177.1097240473062 -1 0 0
316.330814717477 185.51971090670176 -1 0 0
329.99704336399475 168.69973718791067 -1 0 0
334.7276609724047 156.08475689881737 -1 0 0
320.0101839684625 155.55913272010514 -1 0 0
336.8301576872536 143.46977660972408 -1 0 0
329.4714191852825 131.9060446780552 -1 0 0
342.0863994743758 131.9060446780552 -1 0 0
332.6251642575558 118.76544021024966 -1 0 0
343.1376478318003 118.76544021024966 -1 0 0
346.8170170827858 106.67608409986855 -1 0 0
334.7276609724047 109.8298291721419 -1 0 0
353.6501314060447 167.12286465177402 -1 0 0
349.9707621550591 179.21222076215508 -1 0 0
372.57260183968464 161.8666228646518 -1 0 0
383.08508541392905 170.27660972404732 -1 0 0
397.27693823915905 167.12286465177402 -1 0 0
366.265111695138 147.67477003942184 -1 0 0
369.4188567674113 137.16228646517737 -1 0 0
355.22700394218134 128.75229960578184 -1 0 0
366.265111695138 122.4448094612352 -1 0 0
359.95762155059134 114.03482260183966 -1 0 0
355.7526281208936 107.20170827858078 -1 0 0
363.11136662286464 95.11235216819972 -1 0 0
372.0469776609724 108.77858081471749 -1 0 0
378.8800919842313 90.90735873850196 -1 0 0
364.1626149802891 79.34362680683307 -1 0 0
346.2913929040736 89.33048620236531 -1 0 0
321.5870565045992 95.11235216819972 -1 0 0
312.1258212877792 95.11235216819972 -1 0 0
314.75394218134034 84.07424441524307 -1 0 0
301.6133377135348 86.17674113009195 -1 0 0
399.9050591327201 255.95335085413936 -1 0 0
397.27693823915905 240.71024967148495 -1 0 0
415.1481603153745 229.67214191852833 -1 0 0
423.0325229960579 239.1333771353483 -1 0 0
425.660643889619 250.69710906701718 -1 0 0
416.72503285151123 273.82457293035486 -1 0 0
456.1468462549278 275.9270696452038 -1 0 0
455.09559789750335 264.3633377135349 -1 0 0
444.0574901445467 244.91524310118277 -1 0 0
458.7749671484889 301.1570302233904 -1 0 0
437.75000000000006 298.0032851511171 -1 0 0
470.33869908015777 315.8745072273325 -1 0 0
478.7486859395533 286.43955321944816 -1 0 0
479.79993429697777 275.9270696452038 -1 0 0
489.2611695137977 294.3239159001315 -1 0 0
495.0430354796322 283.81143232588704 -1 0 0
501.35052562417883 305.36202365308816 -1 0 0
517.6448751642577 298.5289093298293 -1 0 0
515.5423784494087 280.13206307490157 -1 0 0
500.8249014454666 270.14520367936933 -1 0 0
502.9273981603155 260.6839684625494 -1 0 0
471.9155716162944 262.26084099868604 -1 0 0
473.4924441524311 240.71024967148495 -1 0 0
456.67247043364 229.67214191852833 -1 0 0
461.40308804205 222.83902759526944 -1 0 0
471.3899474375822 204.4421813403417 -1 0 0
472.44119579500665 194.98094612352173 -1 0 0
458.7749671484889 191.3015768725362 -1 0 0
451.94185282523 196.03219448094617 -1 0 0
444.0574901445467 212.32654402102503 -1 0 0
441.4293692509856 196.03219448094617 -1 0 0
419.3531537450723 195.50657030223397 -1 0 0
413.5712877792379 184.99408672798953 -1 0 0
406.2125492772668 183.41721419185288 -1 0 0
404.1100525624179 190.77595269382397 -1 0 0
403.05880420499346 202.33968462549282 -1 0 0
411.99441524310123 210.22404730617615 -1 0 0
508.7092641261499 243.8639947437583 -1 0 0
485.5818002628122 220.73653088042056 -1 0 0
487.68429697766106 206.5446780551906 -1 0 0
502.9273981603155 201.28843626806838 -1 0 0
490.8380420499344 190.25032851511176 -1 0 0
501.876149802891 191.8272010512484 -1 0 0
498.72240473061777 182.89159001314064 -1 0 0
517.1192509855455 225.46714848883056 -1 0 0
516.5936268068333 212.85216819973726 -1 0 0
525.0036136662288 233.8771353482261 -1 0 0
509.2348883048621 231.7746386333772 -1 0 0
523.9523653088042 273.2989487516427 -1 0 0
522.9011169513799 260.6839684625494 -1 0 0
538.6698423127465 240.18462549277277 -1 0 0
542.8748357424442 228.62089356110388 -1 0 0
548.1310775295665 216.0059132720106 -1 0 0
540.7723390275954 200.23718791064394 -1 0 0
557.5923127463864 198.6603153745073 -1 0 0
541.2979632063076 193.40407358738508 -1 0 0
531.8367279894876 187.62220762155064 -1 0 0
523.9523653088042 188.14783180026285 -1 0 0
509.76051248357436 168.17411300919844 -1 0 0
552.3360709592644 276.452693823916 -1 0 0
536.5673455978977 271.72207621550604 -1 0 0
544.451708278581 265.9402102496716 -1 0 0
567.0535479632065 251.22273324572936 -1 0 0
560.2204336399475 246.49211563731936 -1 0 0
572.8354139290409 243.33837056504606 -1 0 0
575.9891590013142 221.787779237845 -1 0 0
571.2585413929041 197.60906701708285 -1 0 0
561.7973061760842 172.3791064388962 -1 0 0
548.1310775295665 175.00722733245732 -1 0 0
538.6698423127465 177.1097240473062 -1 0 0
531.8367279894876 166.5972404730618 -1 0 0
521.3242444152431 168.69973718791067 -1 0 0
524.4779894875165 176.05847568988173 -1 0 0
539.1954664914588 157.1360052562418 -1 0 0
526.0548620236532 149.2516425755585 -1 0 0
522.9011169513799 157.66162943495402 -1 0 0
536.5673455978977 136.11103810775296 -1 0 0
542.8748357424442 134.00854139290408 -1 0 0
547.6054533508543 125.07293035479631 -1 0 0
562.3229303547964 123.49605781865966 -1 0 0
576.5147831800264 126.64980289093296 -1 0 0
565.4766754270697 135.05978975032855 -1 0 0
561.7973061760842 147.1491458607096 -1 0 0
545.5029566360054 149.77726675427067 -1 0 0
563.374178712221 156.61038107752955 -1 0 0
571.2585413929041 159.23850197109067 -1 0 0
581.7710249671486 157.1360052562418 -1 0 0
570.2072930354798 308.51576872536145 -1 0 0
574.9379106438896 186.30814717477 -1 0 0
581.2454007884362 195.76938239158997 -1 0 0
576.5147831800263 112.72076215505909 -1 0 0
446.15998685939553 180.00065703022335 -1 0 0
435.1218791064389 158.4500657030223 -1 0 0
438.2756241787122 146.3607095926412 -1 0 0
414.09691195795006 140.57884362680682 -1 0 0
399.9050591327201 139.52759526938235 -1 0 0
387.815703022339 140.05321944809452 -1 0 0
396.2256898817345 123.75886990801575 -1 0 0
389.39257555847564 124.81011826544017 -1 0 0
376.25197109067017 122.70762155059128 -1 0 0
420.40440210249676 175.7956636005256 -1 0 0
418.3019053876478 166.3344283837056 -1 0 0
410.94316688567676 162.65505913272006 -1 0 0
442.48061760840994 161.0781865965834 -1 0 0
448.26248357424447 154.24507227332452 -1 0 0
458.7749671484888 146.88633377135343 -1 0 0
456.67247043364 159.50131406044673 -1 0 0
459.300591327201 166.3344283837056 -1 0 0
461.9287122207621 175.7956636005256 -1 0 0
471.3899474375821 175.7956636005256 -1 0 0
472.96681997371877 167.38567674113006 -1 0 0
481.3768068331143 164.23193166885673 -1 0 0
481.9024310118266 152.66819973718788 -1 0 0
469.8130749014455 156.3475689881734 -1 0 0
468.2362023653088 163.1806833114323 -1 0 0
467.71057818659654 184.20565045992112 -1 0 0
493.9917871222076 165.80880420499338 -1 0 0
504.50427069645207 153.71944809461232 -1 0 0
508.70926412614983 133.74572930354793 -1 0 0
496.6199080157687 133.74572930354793 -1 0 0
485.58180026281207 135.84822601839676 -1 0 0
483.47930354796324 123.75886990801575 -1 0 0
475.5949408672799 119.02825229960571 -1 0 0
452.46747700394224 125.3357424441524 -1 0 0
454.0443495400789 114.29763469119575 -1 0 0
429.34001314060447 133.74572930354793 -1 0 0
413.5712877792379 112.72076215505909 -1 0 0
404.63567674113006 113.24638633377127 -1 0 0
386.76445466491464 102.73390275952686 -1 0 0
237.33508541392902 188.9362680683311 -1 0 0
248.37319316688567 208.90998685939547 -1 0 0
253.1038107752956 178.42378449408668 -1 0 0
254.68068331143232 189.98751642575553 -1 0 0
268.87253613666223 173.6931668856767 -1 0 0
275.7056504599211 164.75755584756894 -1 0 0
282.0131406044678 154.77069645203676 -1 0 0
272.5519053876478 154.77069645203676 -1 0 0
252.0525624178712 160.02693823915897 -1 0 0
237.86070959264123 170.53942181340338 -1 0 0
225.245729303548 143.20696452036788 -1 0 0
209.4770039421813 151.6169513797634 -1 0 0
212.10512483574243 142.68134034165564 -1 0 0
236.28383705650455 137.9507227332457 -1 0 0
239.4375821287779 155.29632063074897 -1 0 0
246.79632063074897 146.3607095926412 -1 0 0
248.37319316688567 137.9507227332457 -1 0 0
244.16819973718788 131.11760840998681 -1 0 0
230.50197109067014 117.45137976346905 -1 0 0
223.66885676741126 115.34888304862022 -1 0 0
213.15637319316684 106.4132720105124 -1 0 0
204.7463863337713 106.4132720105124 -1 0 0
210.00262812089355 98.00328515111687 -1 0 0
191.0801576872536 109.56701708278574 -1 0 0
190.55453350854137 101.15703022339024 -1 0 0
191.0801576872536 85.38830486202357 -1 0 0
181.09329829172137 87.49080157687251 -1 0 0
170.58081471747695 89.06767411300916 -1 0 0
161.119579500657 84.33705650459916 -1 0 0
234.18134034165564 104.31077529566357 -1 0 0
233.6557161629435 93.7982917214191 -1 0 0
222.0919842312746 89.59329829172134 -1 0 0
238.9119579500657 86.96517739816028 -1 0 0
246.2706964520368 102.20827858081464 -1 0 0
255.20630749014458 100.10578186596581 -1 0 0
251.00131406044673 115.8745072273324 -1 0 0
267.8212877792379 119.02825229960571 -1 0 0
279.3850197109067 132.69448094612346 -1 0 0
286.74375821287776 134.79697766097235 -1 0 0
297.7818659658344 141.104467805519 -1 0 0
306.19185282522994 140.05321944809452 -1 0 0
305.66622864651777 151.6169513797634 -1 0 0
299.35873850197106 156.87319316688564 -1 0 0
293.05124835742447 183.15440210249668 -1 0 0
295.1537450722733 204.7049934296977 -1 0 0
285.1668856767411 195.24375821287774 -1 0 0
265.71879106438894 140.05321944809452 -1 0 0
262.56504599211564 132.16885676741128 -1 0 0
278.8593955321944 117.97700394218128 -1 0 0
288.8462549277267 118.50262812089353 -1 0 0
288.8462549277267 107.46452036793687 -1 0 0
301.46123521682 129.54073587385017 -1 0 0
310.3968462549277 133.74572930354793 -1 0 0
308.29434954007877 117.97700394218128 -1 0 0
299.88436268068324 109.04139290407352 -1 0 0
296.73061760840994 96.42641261498022 -1 0 0
285.6925098554533 101.15703022339024 -1 0 0
276.7568988173456 91.69579500657028 -1 0 0
267.8212877792379 96.95203679369246 -1 0 0
284.64126149802894 83.28580814717475 -1 0 0
273.07752956636 79.08081471747698 -1 0 0
254.68068331143232 89.06767411300916 -1 0 0
251.00131406044673 78.02956636005251 -1 0 0
240.48883048620232 73.82457293035475 -1 0 0
223.66885676741126 68.56833114323251 -1 0 0
227.873850197109 64.36333771353475 -1 0 0
216.83574244415243 58.581471747700334 -1 0 0
203.6951379763469 71.19645203679363 -1 0 0
206.8488830486202 81.18331143232581 -1 0 0
245.74507227332455 66.46583442838369 -1 0 0
252.0525624178712 60.68396846254922 -1 0 0
244.69382391590008 57.004599211563686 -1 0 0
234.18134034165564 53.85085413929039 -1 0 0
262.56504599211564 53.85085413929039 -1 0 0
262.56504599211564 64.36333771353475 -1 0 0
257.3088042049934 72.77332457293028 -1 0 0
278.33377135348223 63.83771353482257 -1 0 0
282.0131406044678 53.85085413929039 -1 0 0
272.5519053876478 47.01773981603151 -1 0 0
290.42312746386335 53.85085413929039 -1 0 0
299.88436268068324 44.915243101182625 -1 0 0
286.74375821287776 43.33837056504592 -1 0 0
307.7687253613666 46.49211563731927 -1 0 0
303.5637319316688 58.581471747700334 -1 0 0
295.6793692509855 66.46583442838369 -1 0 0
299.35873850197106 73.29894875164251 -1 0 0
309.87122207621553 69.09395532194475 -1 0 0
316.1787122207621 62.7864651773981 -1 0 0
322.4862023653088 74.87582128777922 -1 0 0
324.0630749014455 81.70893561103804 -1 0 0
335.1011826544021 82.76018396846251 -1 0 0
343.51116951379765 80.1320630749014 -1 0 0
339.3061760840999 72.77332457293028 -1 0 0
334.57555847568983 66.46583442838369 -1 0 0
328.26806833114324 60.15834428383698 -1 0 0
331.42181340341654 54.9021024967148 -1 0 0
318.28120893561106 54.376478318002576 -1 0 0
327.21681997371877 48.06898817345592 -1 0 0
314.6018396846255 45.4408672798948 -1 0 0
319.3324572930354 43.863994743758155 -1 0 0
340.35742444152424 51.74835742444145 -1 0 0
339.83180026281207 42.28712220762151 -1 0 0
349.29303547963207 53.85085413929039 -1 0 0
357.1773981603153 60.68396846254922 -1 0 0
351.3955321944809 62.260840998685914 -1 0 0
359.27989487516425 52.79960578186592 -1 0 0
361.38239159001307 42.28712220762151 -1 0 0
372.946123521682 43.863994743758155 -1 0 0
367.1642575558476 53.85085413929039 -1 0 0
368.74113009198425 63.312089356110334 -1 0 0
378.7279894875164 61.73521681997368 -1 0 0
379.7792378449409 51.222733245729266 -1 0 0
387.66360052562413 53.325229960578156 -1 0 0
389.7660972404731 60.15834428383698 -1 0 0
395.0223390275953 52.79960578186592 -1 0 0
395.5479632063075 37.55650459921151 -1 0 0
406.58607095926413 30.72339027595262 -1 0 0
387.66360052562413 29.67214191852821 -1 0 0
381.35611038107754 30.72339027595262 -1 0 0
400.8042049934296 43.33837056504592 -1 0 0
410.7910643889619 42.28712220762151 -1 0 0
411.84231274638626 51.74835742444145 -1 0 0
420.7779237844941 49.64586070959257 -1 0 0
419.7266754270696 64.36333771353475 -1 0 0
414.99605781865966 76.97831800262804 -1 0 0
409.73981603153743 80.65768725361363 -1 0 0
408.68856767411296 90.11892247043357 -1 0 0
406.58607095926413 72.2477003942181 -1 0 0
396.07358738501966 76.45269382391587 -1 0 0
392.3942181340342 94.32391590013134 -1 0 0
389.7660972404731 85.38830486202357 -1 0 0
373.99737187910637 84.8626806833114 -1 0 0
380.3048620236531 103.2595269382391 -1 0 0
391.8685939553219 110.61826544021017 -1 0 0
410.2654402102496 101.15703022339024 -1 0 0
147.45335085413925 74.87582128777922 -1 0 0
158.4914586070959 72.2477003942181 -1 0 0
140.09461235216818 66.99145860709586 -1 0 0
136.94086727989486 63.83771353482257 -1 0 0
141.67148488830483 52.79960578186592 -1 0 0
136.41524310118263 53.85085413929039 -1 0 0
155.3377135348226 53.85085413929039 -1 0 0
143.24835742444148 42.81274638633374 -1 0 0
159.54270696452036 43.33837056504592 -1 0 0
151.13272010512483 37.03088042049927 -1 0 0
147.97897503285148 30.72339027595262 -1 0 0
139.56898817345595 28.095269382391507 -1 0 0
148.50459921156371 16.53153745072268 -1 0 0
147.97897503285148 8.647174770039385 -1 0 0
140.09461235216818 8.12155059132715 -1 0 0
158.4914586070959 18.10840998685933 -1 0 0
154.28646517739813 10.749671484888268 -1 0 0
166.90144546649142 13.903416557161563 -1 0 0
169.52956636005254 23.364651773981564 -1 0 0
178.99080157687249 21.787779237844916 -1 0 0
186.87516425755584 12.85216819973715 -1 0 0
177.41392904073584 13.903416557161563 -1 0 0
175.31143232588695 29.67214191852821 -1 0 0
166.90144546649142 28.620893561103742 -1 0 0
165.32457293035478 37.03088042049927 -1 0 0
167.42706964520366 44.38961892247039 -1 0 0
171.1064388961892 55.42772667542704 -1 0 0
175.31143232588695 49.120236530880334 -1 0 0
192.13140604467802 44.38961892247039 -1 0 0
196.33639947437578 55.42772667542704 -1 0 0
187.92641261498025 50.697109067017045 -1 0 0
186.87516425755584 39.133377135348155 -1 0 0
183.72141918528249 33.87713534822598 -1 0 0
186.3495400788436 25.992772667542678 -1 0 0
200.54139290407355 27.569645203679325 -1 0 0
208.4257555847569 41.23587385019704 -1 0 0
208.95137976346908 34.40275952693821 -1 0 0
215.25886990801575 38.08212877792374 -1 0 0
211.5795006570302 28.620893561103742 -1 0 0
221.5663600525624 29.146517739815973 -1 0 0
228.9250985545335 31.774638633377094 -1 0 0
226.29697766097237 45.4408672798948 -1 0 0
223.14323258869908 38.60775295663598 -1 0 0
247.3219448094612 47.01773981603151 -1 0 0
237.33508541392902 38.60775295663598 -1 0 0
244.69382391590008 30.72339027595262 -1 0 0
236.28383705650455 27.044021024967098 -1 0 0
234.18134034165564 17.58278580814715 -1 0 0
225.77135348226014 19.685282522995976 -1 0 0
218.9382391590013 19.159658344283798 -1 0 0
211.5795006570302 17.057161629434916 -1 0 0
208.4257555847569 10.224047306176033 -1 0 0
215.25886990801575 7.595926412614915 -1 0 0
228.9250985545335 7.595926412614915 -1 0 0
234.7069645203679 4.4421813403416195 -1 0 0
244.69382391590008 7.595926412614915 -1 0 0
247.3219448094612 15.480289093298211 -1 0 0
246.79632063074897 18.634034165571563 -1 0 0
245.74507227332455 24.415900131405976 -1 0 0
256.78318002628123 17.58278580814715 -1 0 0
260.988173455979 28.620893561103742 -1 0 0
263.6162943495401 21.787779237844916 -1 0 0
263.0906701708278 10.224047306176033 -1 0 0
257.8344283837056 3.9165571616293846 -1 0 0
274.65440210249665 19.685282522995976 -1 0 0
275.7056504599211 31.24901445466486 -1 0 0
255.20630749014458 37.03088042049927 -1 0 0
286.74375821287776 35.454007884362625 -1 0 0
287.26938239158994 24.415900131405976 -1 0 0
281.48751642575553 10.749671484888268 -1 0 0
290.94875164257553 10.224047306176033 -1 0 0
299.35873850197106 22.83902759526933 -1 0 0
297.25624178712224 32.30026281208927 -1 0 0
304.6149802890933 35.454007884362625 -1 0 0
306.19185282522994 18.10840998685933 -1 0 0
320.3837056504599 20.736530880420446 -1 0 0
328.26806833114324 17.057161629434916 -1 0 0
319.8580814717477 11.80091984231268 -1 0 0
316.1787122207621 30.197766097240446 -1 0 0
317.2299605781866 35.454007884362625 -1 0 0
330.89618922470436 36.505256241787094 -1 0 0
332.473061760841 24.94152431011821 -1 0 0
337.20367936925095 29.146517739815973 -1 0 0
349.29303547963207 30.197766097240446 -1 0 0
345.0880420499343 24.415900131405976 -1 0 0
344.03679369250983 10.749671484888268 -1 0 0
360.3311432325887 21.26215505913268 -1 0 0
354.023653088042 11.80091984231268 -1 0 0
370.3180026281209 12.85216819973715 -1 0 0
378.20236530880413 20.21090670170821 -1 0 0
389.7660972404731 17.58278580814715 -1 0 0
392.3942181340342 9.698423127463798 -1 0 0
365.06176084099866 30.197766097240446 -1 0 0
34.81767411300919 44.38961892247039 -1 0 0
20.10019710906701 24.415900131405976 -1 0 0
11.164586070959245 20.21090670170821 -1 0 0
7.485216819973715 11.80091984231268 -1 0 0
20.10019710906701 12.85216819973715 -1 0 0
30.08705650459919 21.787779237844916 -1 0 0
30.61268068331142 4.4421813403416195 -1 0 0
44.27890932982919 39.65900131406039 -1 0 0
62.67575558475691 27.044021024967098 -1 0 0
54.791392904073604 12.85216819973715 -1 0 0
74.76511169513796 13.903416557161563 -1 0 0
71.08574244415243 19.685282522995976 -1 0 0
71.08574244415243 25.467148488830446 -1 0 0
77.91885676741131 23.89027595269374 -1 0 0
84.22634691195796 31.774638633377094 -1 0 0
80.0213534822602 29.67214191852821 -1 0 0
92.11070959264126 43.33837056504592 -1 0 0
103.1488173455979 48.06898817345592 -1 0 0
102.09756898817342 41.23587385019704 -1 0 0
107.8794349540079 39.133377135348155 -1 0 0
101.04632063074902 33.35151116951374 -1 0 0
92.63633377135349 11.275295663600446 -1 0 0
74.76511169513796 7.595926412614915 -1 0 0
112.61005256241785 19.159658344283798 -1 0 0
108.93068331143232 11.80091984231268 -1 0 0
123.12253613666233 9.17279894875162 -1 0 0
127.32752956636008 16.005913272010446 -1 0 0
116.81504599211561 29.146517739815973 -1 0 0
116.28942181340344 42.28712220762151 -1 0 0
127.32752956636008 46.49211563731927 -1 0 0
118.39191852825232 53.325229960578156 -1 0 0
108.40505913272008 58.05584756898816 -1 0 0
133.63501971090673 38.60775295663598 -1 0 0
174.63370565045992 8.12155059132715 -1 0 0
188.29993429697765 72.77332457293028 -1 0 0
189.35118265440207 62.260840998685914 -1 0 0
175.68495400788436 72.77332457293028 -1 0 0
429.34001314060447 90.64454664914581 -1 0 0
437.2243758212878 86.96517739816028 -1 0 0
439.85249671484894 113.77201051248352 -1 0 0
446.6856110381077 85.91392904073581 -1 0 0
433.54500657030223 78.55519053876475 -1 0 0
423.0325229960579 73.29894875164251 -1 0 0
425.1350197109067 64.36333771353475 -1 0 0
431.9681340341656 71.72207621550587 -1 0 0
433.54500657030223 60.15834428383698 -1 0 0
431.4425098554534 46.49211563731927 -1 0 0
442.48061760840994 48.594612352168156 -1 0 0
441.4293692509856 56.47897503285145 -1 0 0
451.41622864651777 59.10709592641257 -1 0 0
445.63436268068335 74.35019710906698 -1 0 0
459.8262155059133 68.04270696452033 -1 0 0
471.3899474375821 59.632720105124804 -1 0 0
476.12056504599207 47.543363994743686 -1 0 0
458.7749671484888 43.863994743758155 -1 0 0
444.0574901445467 32.82588699080151 -1 0 0
450.8906044678055 29.67214191852821 -1 0 0
435.6475032851512 30.72339027595262 -1 0 0
438.2756241787122 22.313403416557094 -1 0 0
426.71189224704335 26.51839684625486 -1 0 0
419.87877792378447 33.87713534822598 -1 0 0
420.93002628120894 19.159658344283798 -1 0 0
425.1350197109067 9.698423127463798 -1 0 0
434.5962549277267 9.698423127463798 -1 0 0
404.1100525624179 12.326544021024915 -1 0 0
457.1980946123522 17.057161629434916 -1 0 0
469.2874507227333 16.005913272010446 -1 0 0
458.7749671484888 32.30026281208927 -1 0 0
473.49244415243106 35.97963206307486 -1 0 0
486.10742444152436 31.24901445466486 -1 0 0
479.79993429697765 17.58278580814715 -1 0 0
488.7355453350855 11.80091984231268 -1 0 0
497.6711563731932 9.698423127463798 -1 0 0
493.9917871222076 51.222733245729266 -1 0 0
484.0049277266754 60.15834428383698 -1 0 0
488.2099211563732 40.71024967148486 -1 0 0
476.12056504599207 75.4014454664914 -1 0 0
490.3124178712221 72.2477003942181 -1 0 0
490.3124178712221 106.4132720105124 -1 0 0
478.223061760841 98.00328515111687 -1 0 0
475.5949408672799 107.46452036793687 -1 0 0
504.50427069645207 76.97831800262804 -1 0 0
507.1323915900132 99.05453350854134 -1 0 0
507.65801576872536 112.19513797634687 -1 0 0
517.6448751642575 107.46452036793687 -1 0 0
526.5804862023654 103.2595269382391 -1 0 0
521.3242444152431 85.91392904073581 -1 0 0
531.8367279894875 91.69579500657028 -1 0 0
536.5673455978975 100.10578186596581 -1 0 0
528.6829829172142 83.28580814717475 -1 0 0
528.157358738502 72.77332457293028 -1 0 0
525.0036136662286 60.15834428383698 -1 0 0
521.8498685939553 48.594612352168156 -1 0 0
516.0680026281209 44.38961892247039 -1 0 0
521.3242444152431 37.55650459921151 -1 0 0
503.4530223390276 35.97963206307486 -1 0 0
504.50427069645207 17.58278580814715 -1 0 0
509.234888304862 10.749671484888268 -1 0 0
516.0680026281209 26.51839684625486 -1 0 0
517.6448751642575 17.057161629434916 -1 0 0
521.8498685939553 7.595926412614915 -1 0 0
539.1954664914587 27.569645203679325 -1 0 0
534.9904730617609 34.92838370565039 -1 0 0
540.7723390275953 16.005913272010446 -1 0 0
538.1442181340342 8.647174770039385 -1 0 0
532.887976346912 18.10840998685933 -1 0 0
525.0036136662286 19.159658344283798 -1 0 0
535.5160972404731 64.88896189224698 -1 0 0
542.349211563732 64.36333771353475 -1 0 0
536.5673455978975 51.74835742444145 -1 0 0
553.9129434954008 40.71024967148486 -1 0 0
560.7460578186597 38.60775295663598 -1 0 0
572.8354139290407 44.38961892247039 -1 0 0
568.6304204993429 54.376478318002576 -1 0 0
567.5791721419185 66.99145860709586 -1 0 0
557.0666885676741 49.64586070959257 -1 0 0
551.810446780552 98.00328515111687 -1 0 0
541.8235873850197 90.11892247043357 -1 0 0
548.1310775295664 79.08081471747698 -1 0 0
566.0022996057819 88.01642575558469 -1 0 0
574.4122864651774 91.17017082785804 -1 0 0
540.7723390275953 111.66951379763465 -1 0 0
528.157358738502 125.8613666228646 -1 0 0
518.1704993429698 123.75886990801575 -1 0 0
523.426741130092 114.29763469119575 -1 0 0
568.1047963206307 96.95203679369246 -1 0 0
553.3873193166886 24.94152431011821 -1 0 0
562.8485545335085 11.275295663600446 -1 0 0
572.8354139290407 9.17279894875162 -1 0 0
579.1429040735874 17.057161629434916 -1 0 0
572.3097897503285 24.94152431011821 -1 0 0
573.8866622864651 32.82588699080151 -1 0 0
551.2848226018397 16.53153745072268 -1 0 0
