396.05760368663607 285.52304147465435 -1 0 0
329.69815668202773 285.52304147465435 -1 0 0
264.2603686635945 268.47235023041475 -1 0 0
326.01152073732726 227.45852534562212 -1 0 0
403.4308755760369 251.88248847926263 -1 0 0
396.5184331797236 231.60599078341014 -1 0 0
377.1635944700462 231.60599078341014 -1 0 0
362.4170506912443 207.18202764976957 -1 0 0
381.77188940092174 195.20046082949307 -1 0 0
407.5783410138249 188.74884792626727 -1 0 0
405.2741935483872 170.77649769585253 -1 0 0
390.06682027649777 154.64746543778801 -1 0 0
376.2419354838711 174.00230414746542 -1 0 0
355.96543778801845 167.55069124423963 -1 0 0
354.5829493087558 190.13133640552994 -1 0 0
336.14976958525347 177.22811059907835 -1 0 0
320.02073732718895 197.50460829493088 -1 0 0
255.50460829493088 234.37096774193543 -1 0 0
290.06682027649777 198.88709677419354 -1 0 0
310.80414746543784 222.38940092165896 -1 0 0
378.08525345622127 144.9700460829493 -1 0 0
361.95622119815675 156.9516129032258 -1 0 0
408.03917050691257 126.07603686635943 -1 0 0
399.74423963133654 114.55529953917052 -1 0 0
380.85023041474665 113.17281105990781 -1 0 0
374.3986175115208 82.29723502304148 -1 0 0
396.97926267281116 82.29723502304148 -1 0 0
408.03917050691257 75.84562211981566 -1 0 0
384.99769585253466 62.94239631336404 -1 0 0
388.2235023041476 44.50921658986176 -1 0 0
406.1958525345623 29.76267281105987 -1 0 0
385.4585253456222 28.841013824884783 -1 0 0
368.4078341013826 37.13594470046081 -1 0 0
350.89631336405535 93.8179723502304 -1 0 0
366.10368663594477 104.87788018433177 -1 0 0
355.04377880184336 119.62442396313364 -1 0 0
367.02534562211986 138.5184331797235 -1 0 0
352.7396313364055 144.9700460829493 -1 0 0
332.463133640553 123.77188940092165 -1 0 0
326.4723502304148 165.24654377880182 -1 0 0
304.352534562212 155.56912442396313 -1 0 0
302.04838709677426 188.74884792626727 -1 0 0
224.16820276497694 248.19585253456222 -1 0 0
198.3617511520737 242.66589861751152 -1 0 0
147.20967741935485 258.79493087557603 -1 0 0
68.86866359447001 256.0299539170507 -1 0 0
52.27880184331795 293.35714285714283 -1 0 0
10.804147465437751 256.0299539170507 -1 0 0
42.14055299539166 227.45852534562212 -1 0 0
85.45852534562209 225.1543778801843 -1 0 0
83.15437788018431 203.49539170506915 -1 0 0
106.19585253456219 185.0622119815668 -1 0 0
110.34331797235022 208.10368663594468 -1 0 0
134.3064516129032 214.5552995391705 -1 0 0
137.99308755760367 184.14055299539166 -1 0 0
158.2695852534562 200.73041474654377 -1 0 0
152.7396313364055 221.46774193548387 -1 0 0
169.3294930875576 292.8963133640553 -1 0 0
177.62442396313364 257.8732718894009 -1 0 0
288.2235023041475 168.47235023041475 -1 0 0
269.3294930875576 183.67972350230414 -1 0 0
227.3940092165899 190.5921658986175 -1 0 0
215.41244239631337 180.9147465437788 -1 0 0
187.7626728110599 177.22811059907835 -1 0 0
243.06221198156683 164.78571428571428 -1 0 0
278.5460829493088 141.7442396313364 -1 0 0
313.5691244239632 135.29262672811058 -1 0 0
338.4539170506913 92.43548387096774 -1 0 0
345.82718894009224 72.61981566820276 -1 0 0
355.5046082949309 64.32488479262673 -1 0 0
336.610599078341 12.71198156682027 -1 0 0
290.06682027649777 31.605990783410107 -1 0 0
286.3801843317973 50.03917050691243 -1 0 0
280.389400921659 69.85483870967741 -1 0 0
268.86866359447004 82.29723502304148 -1 0 0
233.38479262672809 102.57373271889401 -1 0 0
243.98387096774192 93.8179723502304 -1 0 0
220.94239631336404 119.16359447004606 -1 0 0
238.91474654377885 138.5184331797235 -1 0 0
86.38018433179721 165.24654377880182 -1 0 0
107.57834101382485 171.23732718894007 -1 0 0
55.50460829493085 181.8364055299539 -1 0 0
50.89631336405526 209.48617511520737 -1 0 0
30.15898617511516 208.10368663594468 -1 0 0
28.315668202764925 173.0806451612903 -1 0 0
301.5875576036866 100.26958525345623 -1 0 0
285.4585253456221 110.40783410138249 -1 0 0
271.1728110599079 109.0253456221198 -1 0 0
319.5599078341014 71.23732718894007 -1 0 0
396.05760368663607 56.49078341013825 -1 0 0
398.82258064516134 37.13594470046081 -1 0 0
355.04377880184336 47.274193548387075 -1 0 0
349.97465437788026 37.596774193548356 -1 0 0
332.92396313364054 43.587557603686605 -1 0 0
305.73502304147473 62.94239631336404 -1 0 0
260.11290322580646 66.62903225806451 -1 0 0
226.4723502304148 83.21889400921657 -1 0 0
209.88248847926266 79.53225806451609 -1 0 0
211.26497695852538 62.020737327188925 -1 0 0
224.16820276497694 48.656682027649765 -1 0 0
231.54147465437788 40.36175115207374 -1 0 0
251.8179723502304 9.486175115207345 -1 0 0
290.98847926267285 7.182027649769567 -1 0 0
302.5092165898618 24.69354838709677 -1 0 0
305.2741935483871 11.32949308755758 -1 0 0
361.03456221198155 21.0069124423963 -1 0 0
369.3294930875577 6.260368663594477 -1 0 0
404.81336405529964 9.486175115207345 -1 0 0
317.2557603686636 120.08525345622118 -1 0 0
284.99769585253455 125.61520737327189 -1 0 0
412.6474654377881 152.80414746543778 -1 0 0
272.09447004608296 9.486175115207345 -1 0 0
267.02534562211986 40.36175115207374 -1 0 0
247.20967741935485 48.19585253456219 -1 0 0
252.73963133640555 36.21428571428572 -1 0 0
238.45391705069127 65.24654377880182 -1 0 0
246.28801843317976 78.14976958525344 -1 0 0
249.05299539170508 126.07603686635943 -1 0 0
260.11290322580646 122.85023041474653 -1 0 0
250.89631336405532 197.50460829493088 -1 0 0
210.34331797235018 219.16359447004606 -1 0 0
175.7811059907834 192.43548387096772 -1 0 0
202.50921658986178 178.14976958525344 -1 0 0
164.26036866359445 161.0990783410138 -1 0 0
190.52764976958522 139.90092165898616 -1 0 0
189.1451612903226 160.1774193548387 -1 0 0
202.97004608294932 153.7258064516129 -1 0 0
206.6566820276498 135.75345622119815 -1 0 0
196.51843317972353 126.07603686635943 -1 0 0
193.75345622119815 111.32949308755758 -1 0 0
208.03917050691243 107.18202764976957 -1 0 0
194.2142857142857 97.04377880184332 -1 0 0
193.75345622119815 71.69815668202762 -1 0 0
199.28341013824885 56.49078341013825 -1 0 0
214.0299539170507 48.656682027649765 -1 0 0
235.6889400921659 15.01612903225805 -1 0 0
187.7626728110599 47.85023041474658 -1 0 0
175.32027649769586 110.98387096774198 -1 0 0
155.96543778801842 137.25115207373273 -1 0 0
152.27880184331795 119.04838709677423 -1 0 0
201.35714285714286 20.430875576036897 -1 0 0
183.15437788018434 22.73502304147469 -1 0 0
180.389400921659 95.31566820276501 -1 0 0
161.26497695852535 110.98387096774198 -1 0 0
159.42165898617512 94.3940092165899 -1 0 0
155.27419354838707 75.96082949308759 -1 0 0
146.97926267281105 85.86866359447006 -1 0 0
132.69354838709677 116.51382488479265 -1 0 0
107.11751152073731 295.20046082949307 -1 0 0
106.19585253456219 238.05760368663596 -1 0 0
10.343317972350178 222.85023041474653 -1 0 0
15.412442396313311 195.20046082949307 -1 0 0
50.89631336405526 164.78571428571428 -1 0 0
20.942396313364014 162.02073732718893 -1 0 0
9.882488479262634 156.9516129032258 -1 0 0
11.725806451612868 137.59677419354838 -1 0 0
31.080645161290278 133.44930875576034 -1 0 0
51.35714285714283 148.65668202764977 -1 0 0
70.71198156682024 153.7258064516129 -1 0 0
99.74423963133637 158.33410138248846 -1 0 0
95.13594470046081 148.65668202764977 -1 0 0
90.06682027649768 136.67511520737327 -1 0 0
116.33410138248847 156.9516129032258 -1 0 0
129.2373271889401 160.1774193548387 -1 0 0
130.61981566820273 144.04838709677418 -1 0 0
115.87327188940093 144.9700460829493 -1 0 0
117.71658986175115 127.91935483870967 -1 0 0
110.80414746543775 113.6336405529954 -1 0 0
108.49999999999997 98.42626728110599 -1 0 0
89.6059907834101 98.88709677419354 -1 0 0
96.97926267281105 89.20967741935483 -1 0 0
94.67511520737324 77.22811059907832 -1 0 0
123.7073732718894 106.72119815668202 -1 0 0
126.01152073732716 92.89631336405529 -1 0 0
118.17741935483869 79.07142857142856 -1 0 0
109.88248847926266 76.30645161290323 -1 0 0
104.81336405529953 65.24654377880182 -1 0 0
110.80414746543775 54.18663594470044 -1 0 0
113.10829493087553 34.83179723502303 -1 0 0
98.82258064516125 38.5184331797235 -1 0 0
101.5875576036866 27.45852534562209 -1 0 0
139.8364055299539 44.970046082949295 -1 0 0
134.76728110599075 68.47235023041475 -1 0 0
155.50460829493088 59.71658986175112 -1 0 0
167.02534562211983 56.49078341013825 -1 0 0
164.721198156682 26.076036866359456 -1 0 0
167.48617511520737 35.29262672811058 -1 0 0
184.99769585253458 79.53225806451609 -1 0 0
175.32027649769586 132.52764976958525 -1 0 0
232.46313364055302 151.4216589861751 -1 0 0
228.31566820276498 163.4032258064516 -1 0 0
290.06682027649777 66.16820276497694 -1 0 0
218.63824884792632 35.75345622119812 -1 0 0
220.02073732718893 22.38940092165899 -1 0 0
209.8824884792627 19.163594470046064 -1 0 0
195.13594470046084 17.781105990783374 -1 0 0
185.91935483870967 13.172811059907817 -1 0 0
171.6336405529954 9.486175115207345 -1 0 0
159.19124423963135 11.32949308755758 -1 0 0
124.16820276497694 4.8778801843317865 -1 0 0
116.79493087557601 19.624423963133612 -1 0 0
129.2373271889401 21.0069124423963 -1 0 0
104.35253456221196 9.486175115207345 -1 0 0
89.14516129032256 15.01612903225805 -1 0 0
52.27880184331795 14.555299539170505 -1 0 0
49.97465437788014 35.75345622119812 -1 0 0
33.84562211981563 31.145161290322562 -1 0 0
31.541474654377854 49.11751152073732 -1 0 0
30.619815668202733 57.41244239631334 -1 0 0
50.89631336405526 54.18663594470044 -1 0 0
69.32949308755758 69.85483870967741 -1 0 0
77.16359447004606 54.18663594470044 -1 0 0
65.64285714285711 43.587557603686605 -1 0 0
78.08525345622118 42.665898617511516 -1 0 0
89.14516129032256 47.274193548387075 -1 0 0
93.29262672811058 61.559907834101345 -1 0 0
75.78110599078337 31.605990783410107 -1 0 0
76.24193548387095 87.36635944700457 -1 0 0
140.758064516129 98.88709677419354 -1 0 0
173.93778801843317 74.00230414746542 -1 0 0
155.04377880184333 47.73502304147465 -1 0 0
133.84562211981566 41.74423963133637 -1 0 0
55.504608294930854 91.05299539170505 -1 0 0
40.758064516129 79.07142857142856 -1 0 0
52.27880184331795 74.00230414746542 -1 0 0
26.011520737327146 82.29723502304148 -1 0 0
7.117511520737281 82.29723502304148 -1 0 0
40.297235023041424 109.94700460829492 -1 0 0
45.82718894009213 121.46774193548389 -1 0 0
50.89631336405526 132.06682027649768 -1 0 0
37.5322580645161 148.1958525345622 -1 0 0
11.725806451612868 118.24193548387095 -1 0 0
22.324884792626676 108.56451612903226 -1 0 0
42.60138248847923 17.781105990783374 -1 0 0
249.51382488479263 279.5322580645161 -1 0 0
297.4400921658986 246.81336405529953 -1 0 0
323.7073732718894 35.75345622119812 -1 0 0
318.1774193548388 48.19585253456219 -1 0 0
195.13594470046084 35.29262672811058 -1 0 0
9.882488479262634 56.95161290322579 -1 0 0
65.64285714285711 22.38940092165899 -1 0 0
65.64285714285711 139.90092165898616 -1 0 0
78.08525345622118 116.85944700460828 -1 0 0
86.84101382488475 180.45391705069125 -1 0 0
149.51382488479263 5.338709677419331 -1 0 0
223.24654377880188 16.39861751152074 -1 0 0
273.93778801843325 28.841013824884783 -1 0 0
260.11290322580646 24.69354838709677 -1 0 0
143.98387096774192 61.559907834101345 -1 0 0
92.831797235023 128.84101382488478 -1 0 0
50.89631336405526 198.88709677419354 -1 0 0
26.011520737327146 139.90092165898616 -1 0 0
39.375576036866306 99.34792626728108 -1 0 0
154.12211981566819 102.57373271889401 -1 0 0
-6.2465437788019065 32.9884792626728 -1 0 0
76.34415584415586 15.019480519480567 -1 0 0
19.82467532467534 16.681818181818244 -1 0 0
33.12337662337663 10.44805194805201 -1 0 0
199.35714285714286 5.461038961039037 -1 0 0
137.0194805194805 9.201298701298754 -1 0 0
142.0064935064935 27.07142857142867 -1 0 0
15.668831168831176 96.47402597402603 -1 0 0
387.61688311688306 16.266233766233825 -1 0 0
