13.17415730337079 20.086376404494388 -1 0 0
24.320224719101127 16.85042134831461 -1 0 0
7.061797752808992 42.73806179775281 -1 0 0
3.106741573033716 58.19873595505618 -1 0 0
11.196629213483149 63.95154494382022 -1 0 0
17.488764044943828 38.96278089887641 -1 0 0
31.15168539325844 43.09761235955057 -1 0 0
32.230337078651694 36.08637640449439 -1 0 0
27.286516853932596 32.12219101123597 -1 0 0
22.252808988764045 30.683988764044955 -1 0 0
53.893258426966284 47.22331460674158 -1 0 0
50.29775280898876 24.571629213483163 -1 0 0
29.443820224719104 74.18960674157304 -1 0 0
41.30898876404494 63.76264044943821 -1 0 0
19.016853932584283 47.22331460674158 -1 0 0
70.16292134831463 40.661516853932596 -1 0 0
83.82584269662922 27.358146067415746 -1 0 0
44.45505617977529 74.09971910112358 -1 0 0
50.387640449438216 72.30196629213484 -1 0 0
53.44382022471911 77.51544943820224 -1 0 0
61.893258426966305 75.5379213483146 -1 0 0
44.99438202247192 83.0884831460674 -1 0 0
33.30898876404495 87.40308988764045 -1 0 0
31.870786516853947 94.95365168539325 -1 0 0
16.230337078651694 95.13342696629213 -1 0 0
8.500000000000007 100.52668539325842 -1 0 0
15.87078651685394 72.30196629213484 -1 0 0
43.46629213483148 95.92415730337079 -1 0 0
9.308988764044955 71.11516853932585 -1 0 0
28.814606741573037 88.4634831460674 -1 0 0
57.75842696629214 97.81179775280899 -1 0 0
54.522471910112365 108.95786516853931 -1 0 0
21.803370786516858 124.41853932584269 -1 0 0
7.421348314606746 126.39606741573033 -1 0 0
14.252808988764052 120.10393258426964 -1 0 0
29.533707865168545 107.87921348314606 -1 0 0
34.74719101123596 121.1825842696629 -1 0 0
27.556179775280903 117.58707865168537 -1 0 0
46.70224719101124 100.4185393258427 -1 0 0
38.79213483146067 109.76685393258425 -1 0 0
70.07303370786518 69.49719101123597 -1 0 0
96.32022471910112 66.9803370786517 -1 0 0
89.4887640449438 76.32865168539328 -1 0 0
61.44382022471909 113.00280898876406 -1 0 0
72.58988764044945 97.18258426966293 -1 0 0
65.39887640449437 92.14887640449439 -1 0 0
68.2752808988764 84.59831460674158 -1 0 0
89.84831460674157 84.95786516853934 -1 0 0
84.09550561797754 84.23876404494384 -1 0 0
102.43258426966291 18.800561797752835 -1 0 0
100.2752808988764 79.2050561797753 -1 0 0
80.49999999999999 101.85674157303372 -1 0 0
45.623595505617985 127.7443820224719 -1 0 0
54.97191011235954 122.35112359550563 -1 0 0
53.803370786516844 87.56460674157302 -1 0 0
14.342696629213492 136.55337078651687 -1 0 0
29.084269662921358 135.47471910112358 -1 0 0
54.612359550561806 137.27247191011236 -1 0 0
2.477528089887656 145.54213483146066 -1 0 0
5.713483146067432 141.5870786516854 -1 0 0
10.028089887640462 147.33988764044943 -1 0 0
22.612359550561806 143.02528089887642 -1 0 0
18.657303370786522 146.26123595505618 -1 0 0
39.51123595505618 140.50842696629212 -1 0 0
38.79213483146067 134.7556179775281 -1 0 0
47.061797752809 139.07022471910113 -1 0 0
67.55617977528091 136.1938202247191 -1 0 0
68.9943820224719 127.9241573033708 -1 0 0
79.061797752809 135.47471910112358 -1 0 0
20.455056179775283 158.48595505617976 -1 0 0
31.601123595505626 153.0926966292135 -1 0 0
24.410112359550567 150.57584269662922 -1 0 0
39.15168539325843 148.4185393258427 -1 0 0
49.57865168539327 149.85674157303373 -1 0 0
46.70224719101124 158.12640449438203 -1 0 0
60.7247191011236 150.93539325842698 -1 0 0
57.48876404494381 155.60955056179776 -1 0 0
45.983146067415746 167.47471910112358 -1 0 0
35.91573033707866 161.72191011235955 -1 0 0
41.30898876404494 178.9803370786517 -1 0 0
40.949438202247194 171.78932584269663 -1 0 0
33.758426966292134 184.0140449438202 -1 0 0
22.252808988764045 173.58707865168537 -1 0 0
8.589887640449447 169.27247191011236 -1 0 0
13.623595505617985 174.66573033707866 -1 0 0
19.016853932584283 180.77808988764045 -1 0 0
17.938202247191015 193.3623595505618 -1 0 0
47.42134831460673 188.32865168539325 -1 0 0
69.71348314606742 173.58707865168537 -1 0 0
62.16292134831461 171.42977528089887 -1 0 0
16.85955056179776 210.26123595505618 -1 0 0
12.18539325842697 209.18258426966293 -1 0 0
2.117977528089895 185.81179775280899 -1 0 0
27.646067415730343 215.29494382022472 -1 0 0
50.29775280898876 210.6207865168539 -1 0 0
54.252808988764045 200.9129213483146 -1 0 0
59.28651685393258 209.90168539325842 -1 0 0
76.18539325842697 189.04775280898875 -1 0 0
78.70224719101124 182.21629213483146 -1 0 0
80.14044943820225 173.94662921348316 -1 0 0
133.17415730337078 55.834269662921315 -1 0 0
121.66853932584266 46.48595505617976 -1 0 0
128.85955056179776 4.058988764044955 -1 0 0
152.14044943820224 21.344803370786508 -1 0 0
146.02808988764042 19.367275280898866 -1 0 0
78.4325842696629 1.5695224719101049 -1 0 0
66.92696629213481 3.9066011235955074 -1 0 0
71.96067415730334 20.625702247191 -1 0 0
127.15168539325842 49.38974719101123 -1 0 0
120.67977528089887 69.16502808988764 -1 0 0
108.09550561797751 66.46839887640448 -1 0 0
107.73595505617976 71.86165730337078 -1 0 0
150.1629213483146 66.82794943820224 -1 0 0
156.99438202247188 68.62570224719101 -1 0 0
108.63483146067415 79.67275280898878 -1 0 0
148.0056179775281 88.12219101123597 -1 0 0
157.53370786516854 88.84129213483146 -1 0 0
173.7134831460674 70.68398876404495 -1 0 0
165.4438202247191 68.88623595505618 -1 0 0
165.62359550561797 88.6615168539326 -1 0 0
177.48876404494382 88.6615168539326 -1 0 0
92.99438202247191 105.20084269662922 -1 0 0
103.06179775280899 104.84129213483146 -1 0 0
111.69101123595505 109.51544943820224 -1 0 0
122.29775280898876 105.38061797752809 -1 0 0
125.17415730337079 116.52668539325842 -1 0 0
134.16292134831463 90.63904494382024 -1 0 0
153.93820224719101 111.13342696629215 -1 0 0
140.45505617977528 114.18960674157304 -1 0 0
153.93820224719101 99.08848314606743 -1 0 0
144.9494382022472 98.90870786516855 -1 0 0
106.3876404494382 90.17134831460673 -1 0 0
119.3314606741573 98.8005617977528 -1 0 0
137.6685393258427 82.98033707865169 -1 0 0
118.97191011235954 78.3061797752809 -1 0 0
113.21910112359551 79.38483146067415 -1 0 0
93.80337078651685 112.10393258426966 -1 0 0
86.97191011235954 114.26123595505618 -1 0 0
79.061797752809 109.58707865168539 -1 0 0
93.44382022471909 126.48595505617976 -1 0 0
89.12921348314607 121.45224719101122 -1 0 0
98.47752808988763 124.688202247191 -1 0 0
103.15168539325843 125.76685393258425 -1 0 0
128.32022471910113 106.35112359550561 -1 0 0
71.87078651685393 145.54213483146066 -1 0 0
89.4887640449438 144.82303370786516 -1 0 0
110.34269662921348 137.99157303370782 -1 0 0
123.64606741573031 139.42977528089887 -1 0 0
121.12921348314605 130.80056179775278 -1 0 0
95.96067415730336 167.47471910112358 -1 0 0
85.53370786516852 161.00280898876403 -1 0 0
72.23033707865169 159.92415730337078 -1 0 0
102.79213483146067 145.1825842696629 -1 0 0
99.91573033707864 136.91292134831457 -1 0 0
92.00561797752808 158.84550561797752 -1 0 0
130.11797752808985 153.81179775280899 -1 0 0
125.08426966292133 163.16011235955054 -1 0 0
113.938202247191 172.86797752808988 -1 0 0
114.6573033707865 181.49719101123594 -1 0 0
106.3876404494382 181.49719101123594 -1 0 0
103.15168539325843 163.87921348314606 -1 0 0
141.62359550561797 143.02528089887636 -1 0 0
149.53370786516854 123.96910112359548 -1 0 0
168.58988764044943 130.44101123595505 -1 0 0
157.08426966292132 139.42977528089887 -1 0 0
162.47752808988764 120.73314606741572 -1 0 0
146.29775280898878 143.7443820224719 -1 0 0
152.7696629213483 140.50842696629212 -1 0 0
167.8707865168539 140.50842696629212 -1 0 0
179.01685393258424 141.9466292134831 -1 0 0
162.11797752808985 155.60955056179773 -1 0 0
152.41011235955057 159.56460674157302 -1 0 0
162.47752808988764 167.47471910112358 -1 0 0
157.4438202247191 173.58707865168537 -1 0 0
166.07303370786514 175.74438202247188 -1 0 0
132.27528089887642 176.10393258426964 -1 0 0
140.90449438202245 156.32865168539325 -1 0 0
137.30898876404495 136.19382022471905 -1 0 0
122.92696629213482 148.77808988764045 -1 0 0
168.94943820224717 159.92415730337078 -1 0 0
186.9269662921348 158.48595505617976 -1 0 0
184.4101123595505 132.95786516853929 -1 0 0
186.20786516853929 150.93539325842696 -1 0 0
198.43258426966287 141.9466292134831 -1 0 0
191.24157303370782 128.64325842696627 -1 0 0
181.17415730337075 107.78932584269661 -1 0 0
184.7696629213483 116.41853932584269 -1 0 0
175.4213483146067 108.50842696629213 -1 0 0
160.32022471910108 100.23876404494382 -1 0 0
157.4438202247191 78.66573033707866 -1 0 0
162.47752808988764 82.62078651685393 -1 0 0
166.79213483146066 80.10393258426966 -1 0 0
179.01685393258424 81.90168539325842 -1 0 0
186.9269662921348 81.90168539325842 -1 0 0
184.05056179775278 85.49719101123596 -1 0 0
189.44382022471905 90.17134831460673 -1 0 0
173.9831460674157 41.63202247191012 -1 0 0
159.6011235955056 47.74438202247191 -1 0 0
159.96067415730334 17.901685393258447 -1 0 0
173.26404494382018 17.182584269662925 -1 0 0
187.28651685393254 20.058988764044955 -1 0 0
189.08426966292132 44.50842696629215 -1 0 0
184.05056179775278 36.23876404494382 -1 0 0
188.3651685393258 70.75561797752809 -1 0 0
197.35393258426961 91.25 -1 0 0
201.3089887640449 77.5870786516854 -1 0 0
197.7134831460674 83.33988764044943 -1 0 0
208.1404494382022 85.8567415730337 -1 0 0
204.18539325842693 85.1376404494382 -1 0 0
208.1404494382022 51.699438202247194 -1 0 0
201.66853932584263 116.41853932584269 -1 0 0
214.252808988764 102.03651685393258 -1 0 0
218.20786516853929 90.17134831460673 -1 0 0
223.24157303370782 90.53089887640449 -1 0 0
213.89325842696627 117.1376404494382 -1 0 0
211.01685393258424 77.5870786516854 -1 0 0
232.94943820224717 65.00280898876406 -1 0 0
238.70224719101117 63.20505617977528 -1 0 0
242.29775280898872 33.00280898876406 -1 0 0
225.75842696629206 24.37359550561797 -1 0 0
245.17415730337075 71.11516853932585 -1 0 0
237.26404494382018 77.5870786516854 -1 0 0
212.0955056179775 70.39606741573036 -1 0 0
226.47752808988758 125.76685393258425 -1 0 0
245.89325842696627 121.09269662921348 -1 0 0
239.4213483146067 131.1601123595505 -1 0 0
239.4213483146067 140.50842696629212 -1 0 0
253.08426966292132 136.91292134831457 -1 0 0
248.05056179775278 152.37359550561797 -1 0 0
248.76966292134824 169.99157303370785 -1 0 0
244.81460674157296 162.44101123595505 -1 0 0
233.3089887640449 162.08146067415728 -1 0 0
234.02808988764042 171.7893258426966 -1 0 0
224.6797752808988 167.11516853932582 -1 0 0
223.24157303370782 159.92415730337078 -1 0 0
223.60112359550556 147.33988764044943 -1 0 0
232.23033707865164 149.8567415730337 -1 0 0
220.3651685393258 135.47471910112358 -1 0 0
216.7696629213483 148.77808988764045 -1 0 0
212.0955056179775 149.49719101123594 -1 0 0
205.26404494382018 147.33988764044943 -1 0 0
196.99438202247188 161.00280898876403 -1 0 0
198.79213483146066 155.60955056179773 -1 0 0
50.65730337078652 174.30617977528087 -1 0 0
29.443820224719104 173.58707865168537 -1 0 0
27.646067415730343 164.59831460674155 -1 0 0
205.26404494382018 154.53089887640448 -1 0 0
220.00561797752806 171.7893258426966 -1 0 0
250.9269662921348 177.54213483146066 -1 0 0
235.8258426966292 105.27247191011236 -1 0 0
230.07303370786514 88.37359550561797 -1 0 0
218.20786516853929 73.27247191011236 -1 0 0
228.6348314606741 69.31741573033707 -1 0 0
223.24157303370782 73.63202247191012 -1 0 0
230.7921348314606 76.86797752808988 -1 0 0
246.61235955056173 88.73314606741573 -1 0 0
248.05056179775278 97.72191011235955 -1 0 0
240.1404494382022 97.72191011235955 -1 0 0
249.8483146067415 104.55337078651685 -1 0 0
255.96067415730334 162.0814606741573 -1 0 0
270.34269662921344 160.28370786516854 -1 0 0
184.76966292134827 168.55337078651687 -1 0 0
142.34269662921346 176.46348314606743 -1 0 0
181.89325842696627 191.56460674157304 -1 0 0
170.02808988764042 189.76685393258427 -1 0 0
177.21910112359546 186.17134831460675 -1 0 0
153.12921348314606 188.68820224719101 -1 0 0
148.45505617977526 182.93539325842698 -1 0 0
184.41011235955054 177.18258426966293 -1 0 0
188.36516853932582 184.373595505618 -1 0 0
191.96067415730334 181.85674157303373 -1 0 0
207.78089887640445 195.51966292134833 -1 0 0
211.01685393258424 186.5308988764045 -1 0 0
215.33146067415726 181.49719101123597 -1 0 0
232.58988764044943 189.04775280898878 -1 0 0
243.37640449438197 195.51966292134833 -1 0 0
236.90449438202245 199.11516853932585 -1 0 0
250.56741573033702 185.45224719101125 -1 0 0
264.9494382022471 184.73314606741573 -1 0 0
267.1067415730337 172.1488764044944 -1 0 0
283.28651685393254 170.35112359550564 -1 0 0
285.08426966292126 162.80056179775283 -1 0 0
290.8370786516853 166.0365168539326 -1 0 0
299.4662921348314 171.4297752808989 -1 0 0
306.65730337078645 188.68820224719101 -1 0 0
295.87078651685385 193.3623595505618 -1 0 0
286.5224719101123 192.6432584269663 -1 0 0
288.3202247191011 181.49719101123597 -1 0 0
295.15168539325833 182.57584269662922 -1 0 0
276.81460674157296 146.9803370786517 -1 0 0
274.2977528089887 133.31741573033707 -1 0 0
280.76966292134824 134.39606741573033 -1 0 0
264.23033707865164 127.56460674157303 -1 0 0
264.9494382022471 119.29494382022473 -1 0 0
255.60112359550556 92.68820224719104 -1 0 0
264.9494382022471 101.67696629213485 -1 0 0
271.4213483146067 94.84550561797755 -1 0 0
262.43258426966287 56.373595505618 -1 0 0
272.49999999999994 47.74438202247194 -1 0 0
281.8483146067415 57.811797752809014 -1 0 0
267.1067415730337 68.23876404494385 -1 0 0
269.2640449438202 86.57584269662925 -1 0 0
292.9943820224718 89.09269662921352 -1 0 0
294.0730337078651 100.95786516853936 -1 0 0
301.2640449438202 86.57584269662925 -1 0 0
307.376404494382 92.68820224719104 -1 0 0
322.1179775280898 91.96910112359555 -1 0 0
321.75842696629206 102.75561797752812 -1 0 0
307.7359550561797 102.75561797752812 -1 0 0
298.7471910112359 125.04775280898878 -1 0 0
298.02808988764036 107.78932584269666 -1 0 0
298.02808988764036 135.47471910112358 -1 0 0
307.376404494382 122.53089887640449 -1 0 0
317.8033707865168 125.40730337078652 -1 0 0
336.49999999999994 114.2612359550562 -1 0 0
328.9494382022471 90.17134831460677 -1 0 0
334.3426966292134 85.85674157303373 -1 0 0
323.55617977528084 132.95786516853934 -1 0 0
318.5224719101123 137.99157303370788 -1 0 0
331.82584269662914 140.1488764044944 -1 0 0
337.5786516853932 138.7106741573034 -1 0 0
317.8033707865168 145.54213483146066 -1 0 0
307.376404494382 144.4634831460674 -1 0 0
330.02808988764036 160.28370786516854 -1 0 0
312.0505617977527 171.4297752808989 -1 0 0
317.8033707865168 186.5308988764045 -1 0 0
316.005617977528 178.62078651685394 -1 0 0
321.03932584269654 164.59831460674155 -1 0 0
340.81460674157296 172.50842696629215 -1 0 0
326.7921348314606 196.59831460674158 -1 0 0
336.14044943820215 196.59831460674158 -1 0 0
331.82584269662914 178.9803370786517 -1 0 0
320.320224719101 202.3511235955056 -1 0 0
298.7471910112359 203.07022471910113 -1 0 0
298.7471910112359 60.68820224719104 -1 0 0
317.8033707865168 61.7668539325843 -1 0 0
339.7359550561797 45.94662921348316 -1 0 0
312.4101123595505 41.63202247191015 -1 0 0
291.1966292134831 41.63202247191015 -1 0 0
296.9494382022471 38.39606741573036 -1 0 0
329.66853932584263 61.7668539325843 -1 0 0
261.71348314606735 198.0365168539326 -1 0 0
269.98314606741565 195.16011235955057 -1 0 0
263.1516853932584 87.6544943820225 -1 0 0
329.30898876404484 102.39606741573036 -1 0 0
340.81460674157296 102.75561797752812 -1 0 0
95.7808988764045 191.0252808988764 -1 0 0
75.64606741573033 206.84550561797752 -1 0 0
69.17415730337078 196.05898876404493 -1 0 0
118.79213483146069 189.58707865168537 -1 0 0
136.0505617977528 196.05898876404493 -1 0 0
133.17415730337078 209.72191011235952 -1 0 0
126.7022471910112 213.31741573033707 -1 0 0
110.1629213483146 202.53089887640445 -1 0 0
102.25280898876403 217.6320224719101 -1 0 0
90.02808988764045 206.84550561797752 -1 0 0
42.567415730337075 214.03651685393257 -1 0 0
104.41011235955054 228.41853932584266 -1 0 0
87.15168539325842 222.6657303370786 -1 0 0
82.11797752808988 228.41853932584266 -1 0 0
80.67977528089887 221.22752808988764 -1 0 0
69.89325842696627 232.01404494382018 -1 0 0
64.14044943820224 222.6657303370786 -1 0 0
51.196629213483135 229.1376404494382 -1 0 0
39.691011235955045 231.29494382022472 -1 0 0
20.99438202247191 236.32865168539323 -1 0 0
12.365168539325822 234.17134831460672 -1 0 0
61.08426966292136 243.69943820224717 -1 0 0
40.949438202247194 250.1713483146067 -1 0 0
36.99438202247191 239.38483146067412 -1 0 0
22.252808988764045 251.96910112359546 -1 0 0
4.275280898876417 229.31741573033705 -1 0 0
7.87078651685394 248.01404494382018 -1 0 0
4.994382022471925 234.35112359550558 -1 0 0
31.241573033707866 255.20505617977523 -1 0 0
47.42134831460673 255.20505617977523 -1 0 0
54.612359550561806 259.5196629213483 -1 0 0
65.39887640449437 265.27247191011236 -1 0 0
86.25280898876404 255.56460674157302 -1 0 0
112.49999999999999 233.27247191011233 -1 0 0
124.36516853932584 237.9466292134831 -1 0 0
95.96067415730336 241.9016853932584 -1 0 0
76.18539325842697 241.1825842696629 -1 0 0
98.11797752808987 250.53089887640448 -1 0 0
119.3314606741573 256.2837078651685 -1 0 0
138.02808988764042 245.13764044943815 -1 0 0
144.85955056179773 206.30617977528087 -1 0 0
167.51123595505618 215.2949438202247 -1 0 0
176.49999999999994 206.66573033707863 -1 0 0
143.06179775280896 222.8455056179775 -1 0 0
154.56741573033707 223.20505617977526 -1 0 0
131.5561797752809 229.31741573033705 -1 0 0
180.45505617977523 215.2949438202247 -1 0 0
190.16292134831457 217.81179775280896 -1 0 0
192.67977528089887 210.26123595505615 -1 0 0
196.6348314606741 207.74438202247188 -1 0 0
212.81460674157302 209.1825842696629 -1 0 0
203.4662921348314 207.0252808988764 -1 0 0
208.1404494382022 220.688202247191 -1 0 0
185.48876404494376 233.27247191011233 -1 0 0
197.7134831460674 234.35112359550558 -1 0 0
166.07303370786514 236.86797752808985 -1 0 0
176.85955056179773 242.6207865168539 -1 0 0
153.12921348314603 246.93539325842693 -1 0 0
161.75842696629212 247.65449438202245 -1 0 0
193.75842696629212 244.41853932584266 -1 0 0
183.33146067415726 245.85674157303367 -1 0 0
141.62359550561797 260.23876404494376 -1 0 0
130.83707865168537 263.1151685393258 -1 0 0
162.11797752808985 262.75561797752806 -1 0 0
170.3876404494382 255.20505617977523 -1 0 0
152.7696629213483 263.8342696629213 -1 0 0
175.78089887640448 260.23876404494376 -1 0 0
186.9269662921348 262.75561797752806 -1 0 0
206.70224719101117 269.5870786516854 -1 0 0
197.35393258426961 256.2837078651685 -1 0 0
205.6235955056179 253.04775280898872 -1 0 0
211.01685393258424 245.85674157303367 -1 0 0
225.0393258426966 246.21629213483143 -1 0 0
244.0955056179775 245.49719101123594 -1 0 0
249.48876404494376 228.2387640449438 -1 0 0
245.53370786516848 214.21629213483143 -1 0 0
237.6235955056179 221.76685393258424 -1 0 0
225.0393258426966 213.85674157303367 -1 0 0
224.32022471910108 225.36235955056176 -1 0 0
227.55617977528084 199.47471910112358 -1 0 0
219.28651685393254 206.30617977528087 -1 0 0
243.37640449438197 259.5196629213483 -1 0 0
234.38764044943815 261.3174157303371 -1 0 0
102.43258426966291 260.23876404494376 -1 0 0
102.43258426966291 277.8567415730337 -1 0 0
91.64606741573034 283.24999999999994 -1 0 0
97.75842696629213 291.1601123595505 -1 0 0
109.98314606741572 275.69943820224717 -1 0 0
111.78089887640449 289.7219101123595 -1 0 0
65.75842696629213 281.81179775280896 -1 0 0
61.08426966292136 286.8455056179775 -1 0 0
39.15168539325843 268.86797752808985 -1 0 0
47.061797752809 275.33988764044943 -1 0 0
28.00561797752809 273.9016853932584 -1 0 0
19.37640449438203 278.2162921348314 -1 0 0
16.85955056179776 265.6320224719101 -1 0 0
11.466292134831463 272.1039325842696 -1 0 0
77.98314606741572 296.5533707865168 -1 0 0
48.14044943820225 296.19382022471905 -1 0 0
92.36516853932584 301.9466292134831 -1 0 0
137.30898876404495 295.4747191011236 -1 0 0
130.83707865168537 280.3735955056179 -1 0 0
119.3314606741573 286.8455056179775 -1 0 0
158.16292134831457 281.81179775280896 -1 0 0
143.42134831460675 276.0589887640449 -1 0 0
171.10674157303367 289.002808988764 -1 0 0
182.252808988764 288.2837078651685 -1 0 0
191.60112359550556 283.96910112359546 -1 0 0
250.20786516853929 279.65449438202245 -1 0 0
242.29775280898872 280.7331460674157 -1 0 0
234.02808988764042 281.81179775280896 -1 0 0
226.47752808988758 283.24999999999994 -1 0 0
222.16292134831457 293.3174157303371 -1 0 0
233.66853932584263 303.7443820224719 -1 0 0
221.44382022471905 303.7443820224719 -1 0 0
210.29775280898872 312.3735955056179 -1 0 0
179.73595505617976 304.46348314606735 -1 0 0
177.5786516853932 279.29494382022466 -1 0 0
153.84831460674155 301.9466292134831 -1 0 0
150.252808988764 318.126404494382 -1 0 0
161.3988764044944 319.564606741573 -1 0 0
199.51123595505612 325.6769662921348 -1 0 0
204.90449438202245 303.02528089887636 -1 0 0
194.11797752808985 317.4073033707865 -1 0 0
238.70224719101117 336.46348314606735 -1 0 0
170.3876404494382 338.62078651685385 -1 0 0
118.61235955056178 308.7780898876404 -1 0 0
128.32022471910113 312.73314606741565 -1 0 0
136.94943820224717 308.7780898876404 -1 0 0
92.36516853932584 323.5196629213483 -1 0 0
79.061797752809 325.317415730337 -1 0 0
73.30898876404494 308.7780898876404 -1 0 0
68.9943820224719 310.57584269662914 -1 0 0
59.64606741573034 315.24999999999994 -1 0 0
49.57865168539327 318.4859550561797 -1 0 0
31.960674157303373 314.8904494382022 -1 0 0
22.612359550561806 317.76685393258424 -1 0 0
19.37640449438203 325.6769662921348 -1 0 0
16.500000000000014 295.8342696629213 -1 0 0
12.904494382022477 337.54213483146066 -1 0 0
33.39887640449439 331.42977528089887 -1 0 0
53.17415730337079 343.29494382022466 -1 0 0
63.96067415730336 345.09269662921344 -1 0 0
77.62359550561798 343.65449438202245 -1 0 0
92.36516853932584 347.60955056179773 -1 0 0
113.21910112359551 327.8342696629213 -1 0 0
127.24157303370787 339.3398876404494 -1 0 0
311.3314606741572 199.07865168539308 -1 0 0
300.18539325842687 216.33707865168523 -1 0 0
285.8033707865168 214.53932584269646 -1 0 0
282.20786516853923 221.37078651685377 -1 0 0
271.42134831460663 213.4606741573032 -1 0 0
263.51123595505607 215.97752808988747 -1 0 0
256.6797752808988 211.3033707865167 -1 0 0
261.71348314606735 229.6404494382021 -1 0 0
256.6797752808988 246.53932584269643 -1 0 0
265.66853932584263 249.77528089887625 -1 0 0
283.2865168539325 245.46067415730317 -1 0 0
275.0168539325842 244.0224719101122 -1 0 0
305.2191011235954 237.19101123595487 -1 0 0
301.62359550561786 243.30337078651667 -1 0 0
310.97191011235947 217.77528089887625 -1 0 0
309.1741573033707 207.70786516853917 -1 0 0
332.5449438202246 215.97752808988747 -1 0 0
336.4999999999999 225.6853932584268 -1 0 0
335.78089887640436 237.19101123595487 -1 0 0
329.6685393258426 232.87640449438186 -1 0 0
318.88202247191003 237.9101123595504 -1 0 0
318.52247191011224 250.4943820224717 -1 0 0
310.6123595505617 256.9662921348313 -1 0 0
282.20786516853923 258.04494382022455 -1 0 0
276.81460674157296 282.49438202247177 -1 0 0
259.91573033707857 277.10112359550544 -1 0 0
256.320224719101 290.04494382022455 -1 0 0
266.02808988764036 287.52808988764025 -1 0 0
282.92696629213475 299.75280898876383 -1 0 0
315.2865168539325 300.1123595505616 -1 0 0
299.82584269662914 303.7078651685391 -1 0 0
280.76966292134824 287.52808988764025 -1 0 0
304.4999999999999 295.0786516853931 -1 0 0
325.7134831460673 287.887640449438 -1 0 0
304.8595505617977 268.83146067415714 -1 0 0
309.5337078651684 283.21348314606723 -1 0 0
324.9943820224718 260.9213483146066 -1 0 0
329.30898876404484 276.3820224719099 -1 0 0
340.81460674157296 292.9213483146066 -1 0 0
344.0505617977527 274.94382022471893 -1 0 0
341.1741573033707 248.696629213483 -1 0 0
353.758426966292 295.0786516853931 -1 0 0
349.8033707865167 285.7303370786515 -1 0 0
336.8595505617977 313.0561797752807 -1 0 0
359.51123595505607 310.8988764044942 -1 0 0
355.91573033707857 269.1910112359549 -1 0 0
377.4887640449437 304.0674157303369 -1 0 0
386.11797752808974 309.4606741573032 -1 0 0
397.9831460674156 293.64044943820204 -1 0 0
366.7022471910111 256.60674157303356 -1 0 0
354.83707865168526 256.9662921348313 -1 0 0
353.3988764044943 233.9550561797751 -1 0 0
354.4775280898875 249.05617977528073 -1 0 0
355.19662921348305 217.77528089887625 -1 0 0
343.69101123595493 199.43820224719084 -1 0 0
361.30898876404484 207.70786516853917 -1 0 0
369.2191011235954 207.70786516853917 -1 0 0
376.05056179775266 191.52808988764028 -1 0 0
380.72471910112347 182.89887640449422 -1 0 0
374.6123595505617 182.17977528089872 -1 0 0
363.46629213483135 192.9662921348313 -1 0 0
356.2752808988763 163.84269662921332 -1 0 0
355.5561797752808 156.29213483146052 -1 0 0
355.91573033707857 196.92134831460658 -1 0 0
373.5337078651684 227.1235955056178 -1 0 0
384.67977528089875 240.42696629213464 -1 0 0
359.8707865168538 238.26966292134813 -1 0 0
361.6685393258426 246.1797752808987 -1 0 0
395.10674157303356 231.07865168539308 -1 0 0
386.4775280898875 209.50561797752792 -1 0 0
395.8258426966291 202.67415730337063 -1 0 0
397.62359550561786 190.44943820224702 -1 0 0
381.0842696629212 172.11235955056162 -1 0 0
381.443820224719 165.6404494382021 -1 0 0
371.0168539325841 165.28089887640434 -1 0 0
396.90449438202234 158.0898876404493 -1 0 0
402.6573033707864 161.6853932584268 -1 0 0
408.7696629213482 158.80898876404478 -1 0 0
404.8146067415729 185.4157303370785 -1 0 0
425.3089887640448 157.011235955056 -1 0 0
430.7022471910111 178.94382022471893 -1 0 0
439.33146067415714 191.52808988764028 -1 0 0
445.0842696629212 178.94382022471893 -1 0 0
407.3314606741572 208.42696629213467 -1 0 0
410.56741573033696 228.20224719101105 -1 0 0
420.27528089887625 218.49438202247174 -1 0 0
426.7471910112358 209.50561797752792 -1 0 0
434.2977528089886 208.78651685393243 -1 0 0
442.2078651685392 208.78651685393243 -1 0 0
427.46629213483135 232.15730337078634 -1 0 0
396.5449438202246 244.7415730337077 -1 0 0
416.67977528089875 235.7528089887639 -1 0 0
418.11797752808974 256.9662921348313 -1 0 0
425.3089887640448 251.93258426966275 -1 0 0
440.7696629213482 238.98876404494365 -1 0 0
371.0168539325841 278.8988764044942 -1 0 0
396.1853932584268 269.9101123595504 -1 0 0
411.2865168539324 311.25842696629195 -1 0 0
409.1292134831459 297.9550561797751 -1 0 0
415.6011235955055 300.1123595505616 -1 0 0
430.3426966292133 297.9550561797751 -1 0 0
429.9831460674156 319.52808988764025 -1 0 0
443.2865168539324 290.04494382022455 -1 0 0
425.6685393258426 277.10112359550544 -1 0 0
435.73595505617965 270.6292134831459 -1 0 0
446.88202247191 275.6629213483144 -1 0 0
430.3426966292133 264.15730337078634 -1 0 0
432.4999999999999 255.88764044943804 -1 0 0
451.9157303370785 237.19101123595487 -1 0 0
451.9157303370785 221.37078651685377 -1 0 0
441.1292134831459 222.80898876404478 -1 0 0
445.8033707865167 250.4943820224717 -1 0 0
452.63483146067404 297.5955056179773 -1 0 0
412.00561797752795 192.2471910112358 -1 0 0
411.6460674157302 183.97752808988747 -1 0 0
363.46629213483135 266.67415730337063 -1 0 0
246.97191011235958 6.594101123595522 -1 0 0
205.98314606741576 7.313202247191043 -1 0 0
271.4213483146068 21.695224719101134 -1 0 0
287.2415730337079 23.49297752808991 -1 0 0
306.65730337078656 12.706460674157313 -1 0 0
303.78089887640454 34.63904494382024 -1 0 0
322.47752808988764 34.998595505618 -1 0 0
340.09550561797755 27.088483146067432 -1 0 0
349.0842696629214 22.414325842696655 -1 0 0
336.8595505617978 1.919943820224745 -1 0 0
348.36516853932585 1.919943820224745 -1 0 0
353.7584269662921 7.313202247191043 -1 0 0
364.5449438202247 4.077247191011253 -1 0 0
375.69101123595505 21.695224719101134 -1 0 0
358.0730337078652 45.78511235955057 -1 0 0
367.42134831460675 45.066011235955074 -1 0 0
386.47752808988764 25.650280898876417 -1 0 0
386.47752808988764 41.11095505617979 -1 0 0
398.7022471910112 2.639044943820238 -1 0 0
416.32022471910113 4.077247191011253 -1 0 0
342.9719101123596 62.324438202247194 -1 0 0
358.79213483146066 63.04353932584271 -1 0 0
370.6573033707865 62.324438202247194 -1 0 0
386.8370786516854 63.04353932584271 -1 0 0
398.7022471910112 63.76264044943821 -1 0 0
404.4550561797753 67.35814606741573 -1 0 0
417.0393258426966 63.76264044943821 -1 0 0
420.63483146067415 44.70646067415731 -1 0 0
413.4438202247191 72.39185393258428 -1 0 0
420.2752808988764 71.31320224719101 -1 0 0
345.8483146067416 86.41432584269661 -1 0 0
351.9606741573034 85.69522471910113 -1 0 0
361.30898876404495 85.69522471910113 -1 0 0
365.62359550561797 84.97612359550563 -1 0 0
369.93820224719104 86.41432584269661 -1 0 0
380.0056179775281 81.38061797752809 -1 0 0
380.7247191011236 87.4929775280899 -1 0 0
390.79213483146066 83.17837078651687 -1 0 0
409.1292134831461 87.4929775280899 -1 0 0
410.20786516853934 81.38061797752809 -1 0 0
359.5112359550562 93.60533707865169 -1 0 0
355.19662921348316 108.34691011235954 -1 0 0
376.41011235955057 103.313202247191 -1 0 0
372.814606741573 98.27949438202246 -1 0 0
372.09550561797755 110.86376404494382 -1 0 0
344.05056179775283 98.63904494382022 -1 0 0
328.2303370786517 124.88623595505618 -1 0 0
347.64606741573033 121.65028089887637 -1 0 0
346.92696629213486 109.42556179775279 -1 0 0
363.46629213483146 128.48174157303367 -1 0 0
364.185393258427 143.22331460674155 -1 0 0
351.2415730337079 147.89747191011236 -1 0 0
393.30898876404495 129.20084269662922 -1 0 0
381.80337078651684 119.13342696629212 -1 0 0
383.2415730337079 127.40308988764043 -1 0 0
374.25280898876406 118.41432584269661 -1 0 0
393.30898876404495 109.06601123595506 -1 0 0
386.8370786516854 113.38061797752808 -1 0 0
398.7022471910112 106.54915730337079 -1 0 0
393.6685393258427 102.59410112359551 -1 0 0
388.99438202247194 96.12219101123596 -1 0 0
399.7808988764045 97.56039325842697 -1 0 0
405.89325842696627 98.99859550561798 -1 0 0
409.84831460674155 131.7176966292135 -1 0 0
412.36516853932585 137.83005617977528 -1 0 0
420.2752808988764 150.41432584269663 -1 0 0
417.7584269662921 142.86376404494382 -1 0 0
422.4325842696629 141.06601123595505 -1 0 0
414.8820224719101 106.18960674157303 -1 0 0
423.15168539325845 88.21207865168539 -1 0 0
428.9044943820225 9.11095505617979 -1 0 0
441.4887640449438 6.594101123595522 -1 0 0
438.6123595505618 20.25702247191012 -1 0 0
431.42134831460675 37.51544943820227 -1 0 0
429.62359550561797 56.571629213483156 -1 0 0
441.4887640449438 47.58286516853934 -1 0 0
465.2191011235955 34.63904494382024 -1 0 0
458.74719101123594 9.11095505617979 -1 0 0
472.7696629213483 16.661516853932596 -1 0 0
484.63483146067415 12.34691011235958 -1 0 0
482.47752808988764 29.96488764044946 -1 0 0
497.938202247191 27.088483146067432 -1 0 0
513.0393258426966 22.054775280898895 -1 0 0
524.185393258427 15.223314606741582 -1 0 0
469.1741573033708 53.695224719101134 -1 0 0
457.30898876404495 67.35814606741573 -1 0 0
465.57865168539325 65.91994382022473 -1 0 0
482.1179775280899 57.29073033707866 -1 0 0
500.09550561797755 61.6053370786517 -1 0 0
508.7247191011236 58.00983146067417 -1 0 0
444.0056179775281 73.83005617977528 -1 0 0
433.93820224719104 95.76264044943821 -1 0 0
463.42134831460675 81.74016853932585 -1 0 0
454.4325842696629 80.6615168539326 -1 0 0
439.69101123595505 82.45926966292136 -1 0 0
429.62359550561797 85.69522471910113 -1 0 0
427.46629213483146 78.86376404494382 -1 0 0
421.71348314606746 75.62780898876404 -1 0 0
435.0168539325843 80.6615168539326 -1 0 0
439.3314606741573 88.21207865168539 -1 0 0
449.7584269662921 100.79634831460675 -1 0 0
444.0056179775281 105.83005617977528 -1 0 0
432.5 106.54915730337079 -1 0 0
424.2303370786517 111.22331460674157 -1 0 0
426.3876404494382 116.97612359550561 -1 0 0
430.3426966292135 130.99859550561797 -1 0 0
436.4550561797753 125.96488764044943 -1 0 0
440.76966292134836 132.43679775280899 -1 0 0
446.88202247191015 129.20084269662922 -1 0 0
438.9719101123596 142.50421348314606 -1 0 0
437.8932584269663 149.33567415730337 -1 0 0
429.98314606741576 147.89747191011236 -1 0 0
433.2191011235955 141.4255617977528 -1 0 0
454.79213483146066 132.43679775280899 -1 0 0
455.87078651685397 141.06601123595505 -1 0 0
455.87078651685397 152.9311797752809 -1 0 0
456.9494382022472 160.84129213483146 -1 0 0
447.2415730337079 155.44803370786516 -1 0 0
464.8595505617978 143.5828651685393 -1 0 0
464.14044943820227 135.31320224719101 -1 0 0
456.58988764044943 124.88623595505618 -1 0 0
466.2977528089888 107.26825842696628 -1 0 0
457.6685393258427 97.20084269662921 -1 0 0
473.4887640449438 91.80758426966293 -1 0 0
469.8932584269663 100.79634831460675 -1 0 0
479.9606741573034 95.76264044943821 -1 0 0
469.1741573033708 127.76264044943821 -1 0 0
485.35393258426967 123.44803370786515 -1 0 0
478.88202247191015 119.13342696629212 -1 0 0
475.2865168539326 122.3693820224719 -1 0 0
487.5112359550562 139.2682584269663 -1 0 0
474.92696629213486 150.41432584269663 -1 0 0
481.3988764044944 139.9873595505618 -1 0 0
474.20786516853934 164.07724719101122 -1 0 0
467.0168539325843 157.96488764044943 -1 0 0
470.25280898876406 151.13342696629212 -1 0 0
492.90449438202245 118.41432584269661 -1 0 0
486.79213483146066 104.39185393258425 -1 0 0
507.64606741573033 84.97612359550563 -1 0 0
513.0393258426966 79.94241573033709 -1 0 0
498.2977528089888 95.0435393258427 -1 0 0
500.09550561797755 86.77387640449439 -1 0 0
479.9606741573034 72.39185393258428 -1 0 0
490.74719101123594 162.27949438202245 -1 0 0
493.62359550561797 157.96488764044943 -1 0 0
505.4887640449438 149.33567415730337 -1 0 0
498.6573033707865 141.78511235955057 -1 0 0
506.20786516853934 125.24578651685393 -1 0 0
511.6011235955056 111.94241573033707 -1 0 0
511.6011235955056 103.313202247191 -1 0 0
511.2415730337079 95.0435393258427 -1 0 0
493.98314606741576 98.27949438202246 -1 0 0
491.10674157303373 88.21207865168539 -1 0 0
520.9494382022472 58.36938202247193 -1 0 0
521.6685393258426 104.75140449438203 -1 0 0
530.2977528089888 103.313202247191 -1 0 0
533.8932584269662 96.48174157303372 -1 0 0
533.8932584269662 82.45926966292136 -1 0 0
530.2977528089888 67.35814606741573 -1 0 0
524.9044943820224 44.70646067415731 -1 0 0
531.3764044943821 40.75140449438203 -1 0 0
542.8820224719101 39.672752808988776 -1 0 0
522.7471910112359 89.29073033707864 -1 0 0
515.9157303370787 90.72893258426967 -1 0 0
538.5674157303371 106.54915730337079 -1 0 0
551.1516853932584 104.75140449438203 -1 0 0
551.1516853932584 85.69522471910113 -1 0 0
545.3988764044943 80.6615168539326 -1 0 0
541.0842696629213 76.70646067415731 -1 0 0
545.3988764044943 67.35814606741573 -1 0 0
532.4550561797753 58.00983146067417 -1 0 0
543.9606741573034 57.29073033707866 -1 0 0
552.5898876404494 58.00983146067417 -1 0 0
552.9494382022472 44.70646067415731 -1 0 0
536.0505617977528 9.470505617977551 -1 0 0
520.9494382022472 127.40308988764043 -1 0 0
528.1404494382023 126.68398876404495 -1 0 0
541.0842696629213 133.875 -1 0 0
519.5112359550562 160.4817415730337 -1 0 0
497.57865168539325 152.9311797752809 -1 0 0
530.2977528089888 157.96488764044943 -1 0 0
525.9831460674156 147.5379213483146 -1 0 0
539.2865168539325 150.41432584269663 -1 0 0
546.1179775280898 156.88623595505618 -1 0 0
552.5898876404494 157.2457865168539 -1 0 0
554.3876404494382 149.33567415730337 -1 0 0
566.252808988764 141.78511235955057 -1 0 0
573.8033707865168 145.3806179775281 -1 0 0
574.1629213483145 129.20084269662922 -1 0 0
575.6011235955057 122.72893258426967 -1 0 0
566.9719101123595 120.9311797752809 -1 0 0
570.2078651685392 108.34691011235954 -1 0 0
573.443820224719 104.75140449438203 -1 0 0
583.5112359550562 106.18960674157303 -1 0 0
585.3089887640449 112.6615168539326 -1 0 0
591.4213483146067 119.85252808988764 -1 0 0
583.870786516854 122.72893258426967 -1 0 0
578.1179775280898 116.97612359550561 -1 0 0
561.5786516853932 95.0435393258427 -1 0 0
565.1741573033707 85.69522471910113 -1 0 0
567.6910112359551 95.76264044943821 -1 0 0
535.3314606741574 126.68398876404495 -1 0 0
543.2415730337078 127.76264044943821 -1 0 0
558.3426966292134 133.51544943820224 -1 0 0
564.4550561797753 134.23455056179776 -1 0 0
586.0280898876404 150.05477528089887 -1 0 0
578.4775280898876 84.97612359550563 -1 0 0
575.9606741573034 74.90870786516855 -1 0 0
569.129213483146 75.9873595505618 -1 0 0
578.4775280898876 49.02106741573035 -1 0 0
589.9831460674156 68.79634831460675 -1 0 0
591.061797752809 87.4929775280899 -1 0 0
586.3876404494381 91.08848314606742 -1 0 0
591.7808988764045 81.02106741573034 -1 0 0
577.3988764044943 31.76264044943821 -1 0 0
566.6123595505618 31.043539325842715 -1 0 0
553.3089887640449 10.549157303370805 -1 0 0
580.9943820224719 10.189606741573044 -1 0 0
589.6235955056179 12.706460674157313 -1 0 0
564.4550561797753 167.31320224719101 -1 0 0
593.5786516853932 156.52668539325842 -1 0 0
461.26404494382024 186.13483146067392 -1 0 0
465.93820224719104 198.71910112359524 -1 0 0
474.20786516853934 196.9213483146065 -1 0 0
469.1741573033708 209.50561797752783 -1 0 0
476.7247191011236 208.06741573033685 -1 0 0
476.0056179775281 223.16853932584246 -1 0 0
482.47752808988764 227.48314606741548 -1 0 0
486.7921348314607 191.5280898876402 -1 0 0
477.8033707865169 183.61797752808963 -1 0 0
485.7134831460674 175.34831460674133 -1 0 0
478.52247191011236 172.83146067415706 -1 0 0
498.2977528089888 178.94382022471885 -1 0 0
514.4775280898876 174.98876404494357 -1 0 0
509.80337078651684 169.23595505617953 -1 0 0
503.69101123595505 177.50561797752783 -1 0 0
509.80337078651684 190.44943820224694 -1 0 0
500.09550561797755 190.44943820224694 -1 0 0
502.6123595505618 199.43820224719076 -1 0 0
494.3426966292135 199.07865168539303 -1 0 0
499.73595505617976 219.5730337078649 -1 0 0
527.7808988764045 177.8651685393256 -1 0 0
541.0842696629213 170.67415730337055 -1 0 0
547.9157303370787 172.4719101123593 -1 0 0
563.7359550561798 177.50561797752783 -1 0 0
572.7247191011236 181.10112359550538 -1 0 0
578.8370786516854 173.9101123595503 -1 0 0
543.6011235955057 183.61797752808963 -1 0 0
554.7471910112359 201.23595505617953 -1 0 0
546.8370786516854 197.99999999999974 -1 0 0
535.6910112359551 192.9662921348312 -1 0 0
541.8033707865168 193.6853932584267 -1 0 0
526.3426966292135 195.48314606741548 -1 0 0
534.9719101123595 205.55056179775255 -1 0 0
515.9157303370787 221.73033707865142 -1 0 0
546.1179775280898 218.8539325842694 -1 0 0
506.5674157303371 236.4719101123593 -1 0 0
525.9831460674156 226.40449438202222 -1 0 0
532.0955056179776 230.3595505617975 -1 0 0
551.5112359550562 225.6853932584267 -1 0 0
550.0730337078651 234.67415730337052 -1 0 0
543.9606741573034 234.67415730337052 -1 0 0
568.0505617977528 218.13483146067392 -1 0 0
575.6011235955057 212.38202247190986 -1 0 0
576.6797752808989 237.19101123595482 -1 0 0
564.0955056179776 243.3033707865166 -1 0 0
524.5449438202247 249.0561797752806 -1 0 0
515.1966292134832 249.0561797752806 -1 0 0
491.82584269662925 251.5730337078649 -1 0 0
481.03932584269666 246.53932584269637 -1 0 0
461.98314606741576 245.82022471910085 -1 0 0
454.4325842696629 252.29213483146037 -1 0 0
446.52247191011236 259.84269662921326 -1 0 0
455.87078651685397 263.7977528089885 -1 0 0
461.26404494382024 271.70786516853906 -1 0 0
464.14044943820227 283.2134831460671 -1 0 0
475.64606741573033 268.4719101123593 -1 0 0
481.03932584269666 269.91011235955034 -1 0 0
495.42134831460675 264.516853932584 -1 0 0
495.7808988764045 273.50561797752783 -1 0 0
487.87078651685397 289.6853932584267 -1 0 0
496.14044943820227 287.1685393258424 -1 0 0
506.20786516853934 292.202247191011 -1 0 0
469.1741573033708 297.2359550561795 -1 0 0
515.1966292134832 283.9325842696627 -1 0 0
507.2865168539326 277.4606741573031 -1 0 0
522.7471910112359 264.1573033707863 -1 0 0
523.8258426966293 295.07865168539297 -1 0 0
524.9044943820224 281.0561797752806 -1 0 0
542.5224719101124 252.29213483146037 -1 0 0
540.0056179775281 268.83146067415703 -1 0 0
554.3876404494382 276.38202247190986 -1 0 0
566.6123595505618 286.80898876404467 -1 0 0
571.2865168539325 296.1573033707863 -1 0 0
570.2078651685392 263.43820224719076 -1 0 0
587.8258426966293 276.38202247190986 -1 0 0
586.3876404494382 248.33707865168515 -1 0 0
592.8595505617977 259.1235955056177 -1 0 0
589.9831460674156 286.0898876404492 -1 0 0
573.443820224719 228.92134831460646 -1 0 0
582.0730337078651 229.99999999999972 -1 0 0
583.5112359550562 222.0898876404492 -1 0 0
582.7921348314607 204.11235955056156 -1 0 0
592.1404494382023 201.23595505617953 -1 0 0
598.6123595505618 186.85393258426942 -1 0 0
589.2640449438202 186.49438202247165 -1 0 0
598.252808988764 169.95505617977503 -1 0 0
598.252808988764 198.71910112359524 -1 0 0
600.0505617977528 223.88764044943792 -1 0 0
603.6460674157303 13.066011235955074 -1 0 0
618.3876404494381 10.908707865168566 -1 0 0
606.5224719101122 33.560393258426984 -1 0 0
604.3651685393257 42.189606741573044 -1 0 0
597.1741573033707 35.71769662921349 -1 0 0
597.8932584269662 70.95365168539327 -1 0 0
609.0393258426966 69.87500000000001 -1 0 0
613.3539325842696 55.4929775280899 -1 0 0
606.5224719101122 77.42556179775282 -1 0 0
614.7921348314605 81.38061797752809 -1 0 0
607.6011235955056 92.52668539325843 -1 0 0
598.6123595505617 102.23455056179775 -1 0 0
607.9606741573033 99.71769662921349 -1 0 0
626.6573033707864 93.24578651685393 -1 0 0
628.8146067415729 83.17837078651687 -1 0 0
627.376404494382 71.67275280898878 -1 0 0
629.5337078651685 66.63904494382024 -1 0 0
629.8932584269662 57.29073033707866 -1 0 0
630.9719101123595 42.549157303370805 -1 0 0
629.1741573033707 30.683988764044955 -1 0 0
631.3314606741573 20.25702247191012 -1 0 0
645.7134831460673 16.661516853932596 -1 0 0
654.3426966292134 14.86376404494382 -1 0 0
648.949438202247 28.167134831460686 -1 0 0
645.3539325842696 35.71769662921349 -1 0 0
644.9943820224719 41.83005617977528 -1 0 0
633.8483146067415 81.02106741573034 -1 0 0
637.8033707865168 69.87500000000001 -1 0 0
650.0280898876404 70.59410112359551 -1 0 0
644.634831460674 74.90870786516855 -1 0 0
641.3988764044943 81.02106741573034 -1 0 0
643.9157303370786 84.97612359550563 -1 0 0
651.4662921348314 95.0435393258427 -1 0 0
649.6685393258426 90.00983146067416 -1 0 0
634.2078651685392 99.35814606741572 -1 0 0
636.005617977528 108.34691011235954 -1 0 0
624.4999999999999 113.38061797752808 -1 0 0
614.0730337078651 99.35814606741572 -1 0 0
620.5449438202246 104.03230337078652 -1 0 0
620.9044943820223 120.9311797752809 -1 0 0
601.129213483146 130.6390449438202 -1 0 0
611.5561797752808 135.67275280898875 -1 0 0
629.5337078651685 129.91994382022472 -1 0 0
636.3651685393257 123.44803370786515 -1 0 0
626.6573033707864 147.89747191011236 -1 0 0
610.1179775280898 143.94241573033707 -1 0 0
610.8370786516853 163.71769662921346 -1 0 0
603.2865168539325 161.2008426966292 -1 0 0
607.6011235955056 153.6502808988764 -1 0 0
651.8258426966291 148.9761235955056 -1 0 0
655.4213483146067 137.83005617977528 -1 0 0
661.1741573033707 101.15589887640449 -1 0 0
640.320224719101 162.27949438202245 -1 0 0
663.3314606741573 156.52668539325842 -1 0 0
672.320224719101 150.7738764044944 -1 0 0
660.0955056179774 147.5379213483146 -1 0 0
676.634831460674 154.3693820224719 -1 0 0
669.8033707865168 113.74016853932585 -1 0 0
678.0730337078651 104.75140449438203 -1 0 0
681.3089887640449 111.22331460674157 -1 0 0
688.1404494382022 98.99859550561798 -1 0 0
682.0280898876404 88.21207865168539 -1 0 0
684.5449438202246 65.56039325842697 -1 0 0
683.8258426966291 54.05477528089889 -1 0 0
672.320224719101 60.52668539325844 -1 0 0
664.0505617977527 62.324438202247194 -1 0 0
655.4213483146067 65.56039325842697 -1 0 0
650.3876404494381 58.00983146067417 -1 0 0
652.9044943820223 78.50421348314607 -1 0 0
663.691011235955 75.62780898876404 -1 0 0
671.6011235955056 77.42556179775282 -1 0 0
679.1516853932584 78.86376404494382 -1 0 0
693.5337078651685 108.34691011235954 -1 0 0
677.7134831460673 124.88623595505618 -1 0 0
662.6123595505617 33.20084269662922 -1 0 0
660.4550561797752 42.189606741573044 -1 0 0
655.7808988764044 40.032303370786536 -1 0 0
676.2752808988763 38.23455056179776 -1 0 0
673.0393258426965 29.96488764044946 -1 0 0
666.567415730337 19.178370786516865 -1 0 0
677.7134831460673 11.627808988764059 -1 0 0
675.1966292134831 20.61657303370788 -1 0 0
692.814606741573 24.212078651685403 -1 0 0
679.8707865168539 32.12219101123597 -1 0 0
691.7359550561797 42.189606741573044 -1 0 0
705.0393258426966 9.830056179775283 -1 0 0
706.4775280898875 22.414325842696655 -1 0 0
707.9157303370786 42.549157303370805 -1 0 0
688.8595505617976 35.71769662921349 -1 0 0
714.0280898876404 27.448033707865193 -1 0 0
699.2865168539324 62.324438202247194 -1 0 0
693.5337078651685 67.35814606741573 -1 0 0
705.3988764044943 78.86376404494382 -1 0 0
700.3651685393257 72.39185393258428 -1 0 0
706.8370786516853 68.436797752809 -1 0 0
718.7022471910111 42.189606741573044 -1 0 0
724.814606741573 57.29073033707866 -1 0 0
717.9831460674156 62.324438202247194 -1 0 0
736.320224719101 9.11095505617979 -1 0 0
724.814606741573 18.09971910112361 -1 0 0
719.7808988764044 9.470505617977551 -1 0 0
721.2191011235955 21.695224719101134 -1 0 0
735.9606741573032 40.75140449438203 -1 0 0
737.3988764044943 34.63904494382024 -1 0 0
746.7471910112358 14.144662921348328 -1 0 0
758.9719101123594 4.077247191011253 -1 0 0
760.7696629213482 14.144662921348328 -1 0 0
749.9831460674156 35.71769662921349 -1 0 0
750.7022471910111 45.78511235955057 -1 0 0
740.634831460674 56.2120786516854 -1 0 0
732.3651685393257 68.07724719101124 -1 0 0
740.9943820224718 68.07724719101124 -1 0 0
746.7471910112358 71.31320224719101 -1 0 0
786.2977528089887 9.470505617977551 -1 0 0
799.9606741573032 15.223314606741582 -1 0 0
814.7022471910111 8.391853932584297 -1 0 0
790.6123595505617 32.48174157303373 -1 0 0
801.3988764044943 39.672752808988776 -1 0 0
799.2415730337077 52.97612359550563 -1 0 0
787.0168539325841 48.661516853932596 -1 0 0
790.9719101123594 45.78511235955057 -1 0 0
775.511235955056 48.301966292134836 -1 0 0
763.2865168539324 38.59410112359552 -1 0 0
761.4887640449438 25.290730337078656 -1 0 0
764.7247191011235 57.29073033707866 -1 0 0
755.7359550561796 61.24578651685394 -1 0 0
813.2640449438201 64.84129213483146 -1 0 0
798.88202247191 70.59410112359551 -1 0 0
786.2977528089887 74.90870786516855 -1 0 0
791.6910112359549 71.31320224719101 -1 0 0
782.3426966292134 81.38061797752809 -1 0 0
767.2415730337077 74.90870786516855 -1 0 0
777.3089887640449 72.39185393258428 -1 0 0
773.7134831460673 87.4929775280899 -1 0 0
751.7808988764043 90.00983146067416 -1 0 0
742.7921348314605 96.12219101123596 -1 0 0
737.0393258426966 90.72893258426967 -1 0 0
719.7808988764044 86.41432584269661 -1 0 0
719.0617977528088 81.02106741573034 -1 0 0
709.7134831460673 86.41432584269661 -1 0 0
726.9719101123594 78.14466292134831 -1 0 0
727.6910112359549 86.05477528089888 -1 0 0
748.5449438202246 84.25702247191012 -1 0 0
730.2078651685392 104.39185393258425 -1 0 0
715.1067415730336 106.18960674157303 -1 0 0
710.7921348314605 99.71769662921349 -1 0 0
707.9157303370786 93.60533707865169 -1 0 0
694.9719101123594 85.69522471910113 -1 0 0
719.0617977528088 114.09971910112358 -1 0 0
713.6685393258426 119.85252808988764 -1 0 0
704.6797752808989 124.16713483146066 -1 0 0
707.196629213483 139.2682584269663 -1 0 0
693.5337078651685 133.51544943820224 -1 0 0
682.3876404494381 125.96488764044943 -1 0 0
687.7808988764044 129.20084269662922 -1 0 0
694.252808988764 155.44803370786516 -1 0 0
698.567415730337 147.5379213483146 -1 0 0
719.4213483146066 142.50421348314606 -1 0 0
716.1853932584269 154.3693820224719 -1 0 0
707.196629213483 157.2457865168539 -1 0 0
709.7134831460673 166.23455056179773 -1 0 0
724.0955056179774 135.31320224719101 -1 0 0
723.3764044943819 122.72893258426967 -1 0 0
711.511235955056 135.31320224719101 -1 0 0
756.0955056179774 132.43679775280899 -1 0 0
743.8707865168537 157.96488764044943 -1 0 0
739.5561797752807 143.22331460674155 -1 0 0
737.0393258426966 150.41432584269663 -1 0 0
752.1404494382022 148.25702247191012 -1 0 0
750.7022471910111 143.5828651685393 -1 0 0
768.6797752808988 125.24578651685393 -1 0 0
767.2415730337077 136.75140449438203 -1 0 0
752.4999999999999 166.23455056179773 -1 0 0
763.2865168539324 150.05477528089887 -1 0 0
773.3539325842696 159.76264044943818 -1 0 0
770.8370786516853 166.5941011235955 -1 0 0
781.9831460674156 163.71769662921346 -1 0 0
793.4887640449438 164.07724719101122 -1 0 0
785.9382022471909 155.80758426966293 -1 0 0
774.7921348314605 137.47050561797752 -1 0 0
781.9831460674156 133.15589887640448 -1 0 0
776.949438202247 120.9311797752809 -1 0 0
759.6910112359549 121.65028089887637 -1 0 0
755.7359550561796 102.23455056179775 -1 0 0
761.4887640449438 95.76264044943821 -1 0 0
755.3764044943819 81.38061797752809 -1 0 0
772.634831460674 81.02106741573034 -1 0 0
795.6460674157302 87.4929775280899 -1 0 0
815.4213483146066 84.97612359550563 -1 0 0
803.9157303370785 88.57162921348315 -1 0 0
804.2752808988763 95.0435393258427 -1 0 0
773.7134831460673 112.30196629213482 -1 0 0
782.3426966292134 114.8188202247191 -1 0 0
791.6910112359549 116.97612359550561 -1 0 0
790.6123595505617 108.34691011235954 -1 0 0
776.949438202247 98.27949438202246 -1 0 0
777.6685393258426 105.83005617977528 -1 0 0
771.9157303370785 103.313202247191 -1 0 0
804.2752808988763 103.67275280898876 -1 0 0
806.4325842696628 116.97612359550561 -1 0 0
814.3426966292134 116.61657303370784 -1 0 0
789.1741573033706 136.75140449438203 -1 0 0
798.1629213483145 145.3806179775281 -1 0 0
815.7808988764043 162.27949438202245 -1 0 0
820.9044943820224 125.33567415730337 -1 0 0
829.5337078651685 121.02106741573033 -1 0 0
822.88202247191 90.27949438202248 -1 0 0
837.8033707865168 92.79634831460675 -1 0 0
832.4101123595505 93.69522471910113 -1 0 0
824.6797752808988 103.94241573033707 -1 0 0
840.4999999999999 102.3244382022472 -1 0 0
843.196629213483 116.88623595505618 -1 0 0
829.8932584269662 113.83005617977528 -1 0 0
835.2865168539325 120.12219101123594 -1 0 0
834.2078651685392 133.78511235955057 -1 0 0
821.8033707865168 142.05477528089887 -1 0 0
812.9943820224719 134.3244382022472 -1 0 0
837.9831460674156 140.79634831460675 -1 0 0
842.4775280898875 148.16713483146066 -1 0 0
858.6573033707864 142.23455056179773 -1 0 0
862.252808988764 150.86376404494382 -1 0 0
863.5112359550561 133.24578651685394 -1 0 0
856.4999999999999 121.56039325842696 -1 0 0
852.5449438202246 110.23455056179776 -1 0 0
858.4775280898875 90.27949438202248 -1 0 0
866.567415730337 93.1558988764045 -1 0 0
870.5224719101122 111.31320224719101 -1 0 0
832.5898876404493 158.41432584269663 -1 0 0
838.3426966292134 81.47050561797754 -1 0 0
829.8033707865169 17.74016853932585 -1 0 0
822.6123595505618 32.12219101123597 -1 0 0
839.870786516854 37.15589887640451 -1 0 0
841.6685393258427 26.72893258426967 -1 0 0
860.7247191011236 11.98735955056182 -1 0 0
885.1741573033707 23.13342696629215 -1 0 0
873.6685393258427 42.189606741573044 -1 0 0
853.8932584269663 36.796348314606746 -1 0 0
855.6910112359551 55.4929775280899 -1 0 0
842.7471910112359 58.00983146067417 -1 0 0
824.0505617977528 67.35814606741573 -1 0 0
854.2528089887641 68.436797752809 -1 0 0
832.6797752808989 64.84129213483146 -1 0 0
870.7921348314607 72.39185393258428 -1 0 0
883.0168539325842 65.91994382022473 -1 0 0
893.0842696629213 55.4929775280899 -1 0 0
910.7022471910112 56.571629213483156 -1 0 0
904.5898876404494 59.807584269662925 -1 0 0
903.5112359550562 17.380617977528118 -1 0 0
929.3988764044943 12.706460674157313 -1 0 0
941.9831460674156 14.144662921348328 -1 0 0
958.5224719101122 18.459269662921372 -1 0 0
974.3426966292134 15.223314606741582 -1 0 0
989.443820224719 10.549157303370805 -1 0 0
1015.3314606741573 15.582865168539342 -1 0 0
987.2865168539325 34.63904494382024 -1 0 0
970.0280898876404 42.549157303370805 -1 0 0
975.7808988764045 33.20084269662922 -1 0 0
959.2415730337078 37.15589887640451 -1 0 0
967.870786516854 31.76264044943821 -1 0 0
947.7359550561798 34.998595505618 -1 0 0
930.1179775280898 42.549157303370805 -1 0 0
950.9719101123595 58.00983146067417 -1 0 0
873.3089887640449 80.6615168539326 -1 0 0
888.0505617977528 78.86376404494382 -1 0 0
885.8932584269663 88.21207865168539 -1 0 0
879.061797752809 85.69522471910113 -1 0 0
894.8820224719101 81.74016853932585 -1 0 0
915.3764044943821 81.74016853932585 -1 0 0
918.252808988764 72.39185393258428 -1 0 0
926.5224719101124 74.90870786516855 -1 0 0
899.1966292134831 91.80758426966293 -1 0 0
892.3651685393259 91.80758426966293 -1 0 0
898.4775280898876 129.20084269662922 -1 0 0
897.0393258426966 120.21207865168539 -1 0 0
875.1067415730337 116.97612359550561 -1 0 0
919.3314606741574 98.27949438202246 -1 0 0
930.1179775280898 95.76264044943821 -1 0 0
931.1966292134831 107.26825842696628 -1 0 0
924.7247191011236 104.03230337078652 -1 0 0
920.4101123595506 118.41432584269661 -1 0 0
910.3426966292135 112.6615168539326 -1 0 0
900.6348314606741 104.03230337078652 -1 0 0
907.8258426966293 104.75140449438203 -1 0 0
881.938202247191 117.69522471910113 -1 0 0
873.6685393258427 150.41432584269663 -1 0 0
892.3651685393259 145.3806179775281 -1 0 0
883.0168539325842 150.41432584269663 -1 0 0
915.3764044943821 145.02106741573033 -1 0 0
910.7022471910112 146.45926966292134 -1 0 0
918.9719101123595 153.29073033707866 -1 0 0
921.129213483146 161.56039325842696 -1 0 0
898.4775280898876 143.94241573033707 -1 0 0
888.7696629213483 124.16713483146066 -1 0 0
936.5898876404494 117.33567415730336 -1 0 0
919.6910112359551 130.27949438202248 -1 0 0
923.2865168539325 138.54915730337078 -1 0 0
929.7584269662921 126.68398876404495 -1 0 0
927.9606741573034 138.90870786516854 -1 0 0
932.6348314606741 148.25702247191012 -1 0 0
943.061797752809 155.80758426966293 -1 0 0
944.8595505617977 109.06601123595506 -1 0 0
953.4887640449438 90.72893258426967 -1 0 0
953.8483146067415 74.18960674157304 -1 0 0
945.9382022471909 82.45926966292136 -1 0 0
942.7022471910112 70.95365168539327 -1 0 0
933.3539325842696 78.14466292134831 -1 0 0
935.5112359550562 81.38061797752809 -1 0 0
936.2303370786517 90.72893258426967 -1 0 0
978.6573033707864 56.2120786516854 -1 0 0
988.3651685393259 46.14466292134833 -1 0 0
1012.814606741573 42.189606741573044 -1 0 0
969.3089887640449 72.39185393258428 -1 0 0
964.9943820224719 66.63904494382024 -1 0 0
991.9606741573034 60.8862359550562 -1 0 0
990.5224719101122 68.79634831460675 -1 0 0
997.3539325842696 67.35814606741573 -1 0 0
990.8820224719101 65.56039325842697 -1 0 0
1006.7022471910111 67.35814606741573 -1 0 0
1018.9269662921348 68.79634831460675 -1 0 0
998.0730337078651 73.83005617977528 -1 0 0
994.4775280898875 90.00983146067416 -1 0 0
1000.9494382022472 86.05477528089888 -1 0 0
1014.6123595505617 85.69522471910113 -1 0 0
1008.1404494382023 86.41432584269661 -1 0 0
1008.1404494382023 77.42556179775282 -1 0 0
1002.3876404494381 77.42556179775282 -1 0 0
985.8483146067415 81.38061797752809 -1 0 0
983.691011235955 75.9873595505618 -1 0 0
978.2977528089887 72.39185393258428 -1 0 0
968.9494382022472 83.17837078651687 -1 0 0
955.2865168539325 80.6615168539326 -1 0 0
962.8370786516854 74.90870786516855 -1 0 0
955.6460674157303 109.42556179775279 -1 0 0
971.8258426966293 92.52668539325843 -1 0 0
979.7359550561797 82.45926966292136 -1 0 0
982.6123595505617 91.08848314606742 -1 0 0
984.7696629213483 99.35814606741572 -1 0 0
993.0393258426966 106.54915730337079 -1 0 0
978.6573033707864 107.62780898876404 -1 0 0
964.6348314606741 114.45926966292133 -1 0 0
981.5337078651685 114.09971910112358 -1 0 0
982.9719101123595 123.44803370786515 -1 0 0
971.4662921348314 126.68398876404495 -1 0 0
971.4662921348314 120.9311797752809 -1 0 0
961.7584269662921 124.88623595505618 -1 0 0
957.0842696629213 125.96488764044943 -1 0 0
948.0955056179776 137.83005617977528 -1 0 0
951.3314606741573 150.41432584269663 -1 0 0
963.5561797752808 135.67275280898875 -1 0 0
976.1404494382023 141.78511235955057 -1 0 0
979.0168539325842 132.79634831460675 -1 0 0
978.2977528089887 155.44803370786516 -1 0 0
992.3202247191011 155.44803370786516 -1 0 0
1006.3426966292134 156.52668539325842 -1 0 0
998.7921348314605 133.875 -1 0 0
993.0393258426966 117.69522471910113 -1 0 0
1000.9494382022472 116.97612359550561 -1 0 0
1007.061797752809 111.94241573033707 -1 0 0
1015.3314606741573 120.21207865168539 -1 0 0
1022.1629213483145 106.18960674157303 -1 0 0
1017.129213483146 108.34691011235954 -1 0 0
1015.691011235955 103.313202247191 -1 0 0
998.7921348314605 96.12219101123596 -1 0 0
995.9157303370787 146.8188202247191 -1 0 0
1016.0505617977528 162.99859550561797 -1 0 0
958.7921348314607 137.91994382022472 -1 0 0
959.3314606741574 146.54915730337078 -1 0 0
963.2865168539327 152.4817415730337 -1 0 0
943.870786516854 131.62780898876406 -1 0 0
933.8033707865169 164.52668539325842 -1 0 0
928.5898876404494 173.51544943820224 -1 0 0
940.0955056179776 171.17837078651684 -1 0 0
966.5224719101124 168.6615168539326 -1 0 0
956.0955056179776 169.91994382022472 -1 0 0
976.5898876404494 172.61657303370785 -1 0 0
998.3426966292135 173.15589887640448 -1 0 0
965.623595505618 165.2457865168539 -1 0 0
1006.3426966292134 131.87921348314603 -1 0 0
1007.4213483146067 138.35112359550558 -1 0 0
1011.376404494382 183.2949438202247 -1 0 0
985.8483146067415 178.6207865168539 -1 0 0
967.5112359550561 181.13764044943815 -1 0 0
964.9943820224719 175.74438202247188 -1 0 0
970.0280898876404 172.50842696629212 -1 0 0
941.2640449438202 189.40730337078648 -1 0 0
934.0730337078651 185.81179775280896 -1 0 0
913.9382022471909 181.13764044943815 -1 0 0
910.3426966292135 164.95786516853929 -1 0 0
901.7134831460673 173.58707865168537 -1 0 0
883.0168539325842 166.03651685393254 -1 0 0
863.6011235955056 166.3960674157303 -1 0 0
843.4662921348314 169.99157303370782 -1 0 0
836.6348314606741 168.91292134831457 -1 0 0
822.9719101123595 157.40730337078648 -1 0 0
816.1404494382023 153.81179775280896 -1 0 0
811.8258426966293 145.54213483146066 -1 0 0
621.6235955056179 222.44943820224694 -1 0 0
607.9606741573033 210.22471910112336 -1 0 0
615.8707865168539 209.1460674157301 -1 0 0
627.7359550561797 211.66292134831437 -1 0 0
608.6797752808989 218.85393258426942 -1 0 0
605.443820224719 232.87640449438177 -1 0 0
602.2078651685392 242.22471910112336 -1 0 0
610.1179775280898 249.4157303370784 -1 0 0
619.1067415730337 243.3033707865166 -1 0 0
619.4662921348314 232.15730337078628 -1 0 0
645.3539325842696 226.40449438202222 -1 0 0
641.3988764044943 210.58426966292112 -1 0 0
667.6460674157303 214.53932584269637 -1 0 0
674.8370786516854 214.17977528089864 -1 0 0
662.6123595505618 210.58426966292112 -1 0 0
657.5786516853932 231.79775280898852 -1 0 0
669.8033707865168 227.12359550561774 -1 0 0
664.4101123595505 223.16853932584246 -1 0 0
651.8258426966291 228.202247191011 -1 0 0
637.8033707865168 244.38202247190986 -1 0 0
627.376404494382 262.71910112359524 -1 0 0
608.3202247191011 265.59550561797727 -1 0 0
605.8033707865168 280.33707865168515 -1 0 0
597.8932584269662 294.71910112359524 -1 0 0
623.061797752809 287.16853932584246 -1 0 0
618.3876404494381 283.9325842696627 -1 0 0
639.6011235955056 269.55056179775255 -1 0 0
633.129213483146 273.50561797752783 -1 0 0
662.6123595505618 240.78651685393234 -1 0 0
670.5224719101122 242.94382022471885 -1 0 0
684.9044943820224 218.85393258426942 -1 0 0
692.814606741573 230.3595505617975 -1 0 0
689.2191011235955 246.53932584269637 -1 0 0
693.1741573033707 258.76404494381995 -1 0 0
682.0280898876404 263.43820224719076 -1 0 0
670.5224719101122 273.8651685393256 -1 0 0
661.5337078651685 265.95505617977506 -1 0 0
637.0842696629213 298.3146067415728 -1 0 0
628.814606741573 291.4831460674155 -1 0 0
646.4325842696628 300.83146067415703 -1 0 0
658.2977528089887 300.83146067415703 -1 0 0
650.0280898876404 312.33707865168515 -1 0 0
641.7584269662921 325.640449438202 -1 0 0
615.1516853932584 331.39325842696604 -1 0 0
628.814606741573 326.3595505617975 -1 0 0
612.9943820224719 304.06741573033685 -1 0 0
622.3426966292134 342.53932584269637 -1 0 0
606.8820224719101 343.9775280898874 -1 0 0
620.9044943820224 357.640449438202 -1 0 0
657.5786516853932 354.76404494381995 -1 0 0
639.2415730337078 352.60674157303345 -1 0 0
655.4213483146067 342.17977528089864 -1 0 0
662.9719101123595 325.640449438202 -1 0 0
681.6685393258426 325.640449438202 -1 0 0
683.8258426966291 313.77528089887613 -1 0 0
686.3426966292134 295.7977528089885 -1 0 0
698.9269662921348 308.7415730337076 -1 0 0
705.0393258426966 232.87640449438177 -1 0 0
702.8820224719101 221.73033707865144 -1 0 0
700.3651685393257 213.82022471910088 -1 0 0
710.7921348314607 207.34831460674133 -1 0 0
723.0168539325841 212.38202247190986 -1 0 0
735.9606741573033 215.61797752808965 -1 0 0
741.7134831460673 226.40449438202222 -1 0 0
729.4887640449438 236.83146067415706 -1 0 0
727.691011235955 229.640449438202 -1 0 0
712.9494382022472 232.15730337078628 -1 0 0
707.5561797752808 241.50561797752783 -1 0 0
710.7921348314607 274.5842696629211 -1 0 0
710.0730337078651 292.92134831460646 -1 0 0
718.7022471910111 301.55056179775255 -1 0 0
734.1629213483145 265.59550561797727 -1 0 0
731.2865168539325 253.01123595505592 -1 0 0
750.3426966292134 282.1348314606739 -1 0 0
737.0393258426966 281.0561797752806 -1 0 0
736.6797752808989 305.50561797752783 -1 0 0
720.1404494382022 283.2134831460672 -1 0 0
736.3202247191011 295.43820224719076 -1 0 0
752.5 317.3707865168537 -1 0 0
708.634831460674 341.1011235955053 -1 0 0
688.4999999999999 357.640449438202 -1 0 0
682.3876404494381 373.46067415730306 -1 0 0
688.4999999999999 373.46067415730306 -1 0 0
716.5449438202247 371.30337078651655 -1 0 0
728.4101123595506 370.22471910112336 -1 0 0
743.8707865168539 352.60674157303345 -1 0 0
755.7359550561797 335.34831460674127 -1 0 0
767.9606741573033 330.6741573033705 -1 0 0
771.196629213483 360.1573033707863 -1 0 0
752.8595505617977 373.1011235955053 -1 0 0
792.4101123595505 332.4719101123593 -1 0 0
782.7022471910111 335.34831460674127 -1 0 0
784.4999999999999 316.65168539325816 -1 0 0
784.8595505617977 294.71910112359524 -1 0 0
791.3314606741571 284.65168539325816 -1 0 0
785.5786516853932 253.37078651685368 -1 0 0
788.4550561797752 224.60674157303345 -1 0 0
792.7696629213483 232.87640449438177 -1 0 0
775.511235955056 244.38202247190986 -1 0 0
770.4775280898875 255.16853932584246 -1 0 0
764.005617977528 265.23595505617953 -1 0 0
744.2303370786516 240.42696629213458 -1 0 0
753.2191011235955 233.95505617977503 -1 0 0
768.6797752808989 221.73033707865144 -1 0 0
780.5449438202246 216.33707865168515 -1 0 0
789.1741573033707 212.02247191011213 -1 0 0
750.3426966292134 207.34831460674133 -1 0 0
761.129213483146 243.3033707865166 -1 0 0
766.1629213483145 247.9775280898874 -1 0 0
749.6235955056179 241.8651685393256 -1 0 0
748.1853932584269 268.83146067415703 -1 0 0
775.8707865168539 269.55056179775255 -1 0 0
808.5898876404493 259.4831460674155 -1 0 0
801.0393258426966 268.4719101123593 -1 0 0
836.2752808988763 249.77528089887616 -1 0 0
819.0168539325841 278.8988764044941 -1 0 0
813.9831460674156 269.55056179775255 -1 0 0
832.6797752808988 290.4044943820222 -1 0 0
835.196629213483 308.7415730337076 -1 0 0
819.7359550561796 301.55056179775255 -1 0 0
815.0617977528088 310.53932584269637 -1 0 0
806.7921348314605 303.3483146067413 -1 0 0
809.3089887640449 291.4831460674155 -1 0 0
808.9494382022472 323.8426966292132 -1 0 0
798.1629213483145 313.77528089887613 -1 0 0
785.5786516853932 337.50561797752783 -1 0 0
831.9606741573033 365.19101123595476 -1 0 0
784.4999999999999 355.8426966292132 -1 0 0
619.1067415730337 180.02247191011213 -1 0 0
628.4550561797752 181.8202247191009 -1 0 0
622.3426966292134 174.2696629213481 -1 0 0
630.9719101123595 173.19101123595485 -1 0 0
637.8033707865168 169.95505617977506 -1 0 0
649.6685393258426 158.08988764044923 -1 0 0
656.1404494382022 176.78651685393237 -1 0 0
661.1741573033707 179.30337078651664 -1 0 0
656.1404494382022 189.37078651685374 -1 0 0
642.4775280898875 186.13483146067395 -1 0 0
636.3651685393257 190.449438202247 -1 0 0
637.0842696629213 182.53932584269643 -1 0 0
639.6011235955056 201.95505617977506 -1 0 0
684.9044943820224 181.8202247191009 -1 0 0
674.8370786516853 181.8202247191009 -1 0 0
671.2415730337077 198.7191011235953 -1 0 0
673.7584269662921 190.0898876404492 -1 0 0
681.3089887640449 203.0337078651683 -1 0 0
700.7247191011236 200.8764044943818 -1 0 0
702.1629213483145 193.325842696629 -1 0 0
697.8483146067415 181.8202247191009 -1 0 0
707.9157303370786 184.3370786516852 -1 0 0
713.6685393258426 172.47191011235935 -1 0 0
720.4999999999999 175.70786516853912 -1 0 0
724.4550561797752 190.0898876404492 -1 0 0
717.6235955056179 186.85393258426944 -1 0 0
731.2865168539324 184.3370786516852 -1 0 0
735.9606741573033 185.05617977528067 -1 0 0
734.88202247191 176.78651685393237 -1 0 0
746.3876404494381 173.5505617977526 -1 0 0
757.8932584269662 177.5056179775279 -1 0 0
765.8033707865168 181.8202247191009 -1 0 0
761.8483146067415 189.37078651685374 -1 0 0
767.9606741573033 197.99999999999977 -1 0 0
776.9494382022472 198.7191011235953 -1 0 0
793.129213483146 187.57303370786497 -1 0 0
751.4213483146066 193.325842696629 -1 0 0
653.9831460674156 210.22471910112336 -1 0 0
738.8370786516853 201.95505617977506 -1 0 0
759.6910112359549 217.7752808988762 -1 0 0
842.3876404494382 196.92134831460655 -1 0 0
821.1741573033707 184.3370786516852 -1 0 0
813.2640449438202 179.30337078651667 -1 0 0
802.4775280898876 196.56179775280881 -1 0 0
811.8258426966293 193.32584269662902 -1 0 0
810.0280898876405 209.86516853932565 -1 0 0
818.6573033707865 209.86516853932565 -1 0 0
815.4213483146067 221.37078651685374 -1 0 0
847.7808988764045 230.35955056179756 -1 0 0
850.2977528089888 217.41573033707846 -1 0 0
859.2865168539325 213.82022471910093 -1 0 0
858.9269662921348 204.8314606741571 -1 0 0
862.1629213483146 197.2808988764043 -1 0 0
858.9269662921348 193.32584269662902 -1 0 0
859.2865168539325 183.97752808988747 -1 0 0
850.2977528089888 183.6179775280897 -1 0 0
859.6460674157304 176.7865168539324 -1 0 0
877.2640449438202 190.08988764044926 -1 0 0
889.4887640449438 190.80898876404476 -1 0 0
885.1741573033707 205.91011235955037 -1 0 0
876.185393258427 207.34831460674138 -1 0 0
872.5898876404494 220.65168539325822 -1 0 0
885.1741573033707 233.2359550561796 -1 0 0
878.7022471910112 223.887640449438 -1 0 0
889.129213483146 224.6067415730335 -1 0 0
866.4775280898876 234.67415730337058 -1 0 0
867.5561797752808 227.1235955056178 -1 0 0
856.4101123595506 252.2921348314605 -1 0 0
862.1629213483146 249.05617977528073 -1 0 0
870.7921348314607 250.13483146067398 -1 0 0
850.6573033707865 280.69662921348294 -1 0 0
848.8595505617977 300.11235955056156 -1 0 0
880.8595505617977 277.4606741573032 -1 0 0
881.5786516853932 259.84269662921326 -1 0 0
881.938202247191 248.3370786516852 -1 0 0
898.8370786516854 221.37078651685374 -1 0 0
903.5112359550562 226.40449438202228 -1 0 0
909.6235955056179 219.21348314606723 -1 0 0
898.1179775280898 232.15730337078634 -1 0 0
922.5674157303371 249.05617977528073 -1 0 0
918.9719101123595 241.5056179775279 -1 0 0
926.1629213483145 229.99999999999983 -1 0 0
897.3988764044943 272.78651685393237 -1 0 0
900.9943820224719 287.52808988764025 -1 0 0
884.0955056179776 300.83146067415714 -1 0 0
905.3089887640449 300.11235955056156 -1 0 0
910.7022471910112 282.8539325842695 -1 0 0
920.4101123595506 279.9775280898874 -1 0 0
940.5449438202247 275.30337078651667 -1 0 0
949.8932584269662 280.69662921348294 -1 0 0
946.2977528089887 293.9999999999998 -1 0 0
927.2415730337078 302.62921348314586 -1 0 0
915.0168539325842 318.0898876404492 -1 0 0
902.0730337078651 319.52808988764025 -1 0 0
891.2865168539325 327.4382022471908 -1 0 0
933.7134831460673 325.64044943820204 -1 0 0
953.8483146067415 309.4606741573032 -1 0 0
940.185393258427 310.8988764044942 -1 0 0
910.7022471910112 308.02247191011213 -1 0 0
962.8370786516854 277.4606741573032 -1 0 0
961.0393258426966 262.35955056179756 -1 0 0
946.6573033707865 252.2921348314605 -1 0 0
950.6123595505617 238.26966292134813 -1 0 0
938.3876404494382 226.40449438202228 -1 0 0
932.6348314606741 206.26966292134813 -1 0 0
923.6460674157304 202.6741573033706 -1 0 0
909.6235955056179 196.92134831460655 -1 0 0
901.3539325842696 199.07865168539308 -1 0 0
964.9943820224719 203.3932584269661 -1 0 0
952.7696629213483 186.4943820224717 -1 0 0
948.4550561797753 181.10112359550544 -1 0 0
978.6573033707864 202.31460674157285 -1 0 0
990.8820224719101 197.2808988764043 -1 0 0
989.8033707865168 207.34831460674138 -1 0 0
980.0955056179776 214.1797752808987 -1 0 0
972.185393258427 216.3370786516852 -1 0 0
951.6910112359551 219.93258426966273 -1 0 0
947.7359550561798 212.74157303370768 -1 0 0
941.2640449438202 205.19101123595487 -1 0 0
961.7584269662921 232.15730337078634 -1 0 0
977.2191011235955 232.51685393258407 -1 0 0
999.870786516854 222.08988764044926 -1 0 0
1013.8932584269662 205.19101123595487 -1 0 0
1011.376404494382 228.20224719101105 -1 0 0
1005.2640449438202 221.37078651685374 -1 0 0
1011.7359550561797 250.4943820224717 -1 0 0
1003.1067415730337 245.82022471910093 -1 0 0
1014.252808988764 236.47191011235935 -1 0 0
983.691011235955 244.74157303370765 -1 0 0
985.4887640449438 257.325842696629 -1 0 0
977.2191011235955 278.5393258426964 -1 0 0
989.0842696629213 276.74157303370765 -1 0 0
995.9157303370787 268.1123595505616 -1 0 0
1008.1404494382023 278.1797752808987 -1 0 0
1018.2078651685392 285.011235955056 -1 0 0
1000.9494382022472 295.79775280898855 -1 0 0
991.2415730337078 287.887640449438 -1 0 0
983.3314606741573 289.325842696629 -1 0 0
990.8820224719101 313.0561797752807 -1 0 0
966.4325842696628 307.30337078651667 -1 0 0
960.6797752808989 298.31460674157285 -1 0 0
922.2078651685392 307.6629213483144 -1 0 0
922.9269662921348 323.48314606741553 -1 0 0
927.6011235955057 335.7078651685391 -1 0 0
962.1179775280898 327.4382022471908 -1 0 0
946.2977528089887 330.6741573033706 -1 0 0
976.8595505617977 306.58426966292114 -1 0 0
1017.4887640449438 319.887640449438 -1 0 0
1010.2977528089887 315.21348314606723 -1 0 0
974.7022471910111 324.202247191011 -1 0 0
965.7134831460673 256.6067415730335 -1 0 0
6.612359550561791 354.5842696629212 -1 0 0
19.556179775280896 354.5842696629212 -1 0 0
49.75842696629212 364.6516853932583 -1 0 0
44.72471910112358 351.70786516853923 -1 0 0
25.308988764044926 374.71910112359535 -1 0 0
42.567415730337075 394.8539325842695 -1 0 0
25.308988764044926 407.07865168539314 -1 0 0
4.4550561797752835 407.07865168539314 -1 0 0
28.185393258426956 391.9775280898875 -1 0 0
56.949438202247194 381.19101123595493 -1 0 0
68.45505617977528 369.68539325842687 -1 0 0
82.83707865168537 362.49438202247177 -1 0 0
103.69101123595502 361.7752808988763 -1 0 0
111.60112359550558 343.79775280898866 -1 0 0
114.47752808988761 351.70786516853923 -1 0 0
122.38764044943818 362.49438202247177 -1 0 0
155.46629213483143 357.4606741573033 -1 0 0
138.92696629213484 374.71910112359535 -1 0 0
98.65730337078648 373.28089887640436 -1 0 0
61.98314606741573 406.3595505617976 -1 0 0
45.443820224719104 421.4606741573033 -1 0 0
10.207865168539314 430.0898876404493 -1 0 0
9.48876404494382 458.13483146067404 -1 0 0
77.80337078651684 402.0449438202246 -1 0 0
90.02808988764045 396.29213483146054 -1 0 0
101.53370786516851 397.01123595505607 -1 0 0
116.63483146067412 396.29213483146054 -1 0 0
134.61235955056176 394.8539325842695 -1 0 0
148.2752808988764 396.29213483146054 -1 0 0
147.55617977528087 381.91011235955045 -1 0 0
169.84831460674158 386.22471910112347 -1 0 0
166.25280898876403 401.3258426966291 -1 0 0
180.63483146067412 364.6516853932583 -1 0 0
196.45505617977526 373.28089887640436 -1 0 0
207.96067415730337 356.7415730337077 -1 0 0
223.7808988764045 359.6179775280898 -1 0 0
222.34269662921346 334.44943820224705 -1 0 0
254.7022471910112 335.1685393258426 -1 0 0
269.0842696629213 346.67415730337063 -1 0 0
283.4662921348314 338.7640449438201 -1 0 0
301.44382022471905 336.60674157303356 -1 0 0
307.1966292134831 324.38202247191 -1 0 0
320.85955056179773 334.44943820224705 -1 0 0
359.6910112359551 334.44943820224705 -1 0 0
343.87078651685397 336.60674157303356 -1 0 0
336.67977528089887 356.7415730337077 -1 0 0
312.94943820224717 354.5842696629212 -1 0 0
299.28651685393254 351.70786516853923 -1 0 0
287.7808988764044 369.68539325842687 -1 0 0
287.06179775280896 355.3033707865167 -1 0 0
264.05056179775283 366.0898876404493 -1 0 0
218.7471910112359 374.71910112359535 -1 0 0
199.33146067415728 389.820224719101 -1 0 0
161.93820224719101 420.02247191011224 -1 0 0
104.41011235955054 416.4269662921347 -1 0 0
123.1067415730337 430.0898876404493 -1 0 0
150.4325842696629 432.2471910112358 -1 0 0
92.90449438202248 425.0561797752808 -1 0 0
74.92696629213481 430.0898876404493 -1 0 0
51.91573033707863 436.56179775280884 -1 0 0
49.03932584269663 464.60674157303356 -1 0 0
192.85955056179776 414.9887640449437 -1 0 0
210.8370786516854 401.3258426966291 -1 0 0
224.49999999999997 418.5842696629212 -1 0 0
211.55617977528087 436.56179775280884 -1 0 0
220.90449438202248 433.68539325842687 -1 0 0
170.56741573033705 447.3483146067414 -1 0 0
183.51123595505615 432.9662921348313 -1 0 0
123.82584269662922 448.06741573033696 -1 0 0
107.28651685393257 432.2471910112358 -1 0 0
103.69101123595502 441.59550561797744 -1 0 0
79.96067415730337 441.59550561797744 -1 0 0
66.29775280898875 446.6292134831459 -1 0 0
69.89325842696627 471.79775280898866 -1 0 0
95.06179775280899 456.696629213483 -1 0 0
110.88202247191012 459.5730337078651 -1 0 0
92.18539325842696 483.30337078651667 -1 0 0
102.25280898876403 471.79775280898866 -1 0 0
123.82584269662922 464.60674157303356 -1 0 0
156.18539325842696 464.60674157303356 -1 0 0
146.11797752808988 482.5842696629212 -1 0 0
187.82584269662922 472.5168539325841 -1 0 0
172.0056179775281 468.9213483146066 -1 0 0
218.02808988764045 464.60674157303356 -1 0 0
203.6460674157303 458.8539325842695 -1 0 0
228.09550561797752 448.06741573033696 -1 0 0
212.2752808988764 484.7415730337077 -1 0 0
198.61235955056176 491.9325842696628 -1 0 0
180.63483146067412 505.5955056179773 -1 0 0
151.87078651685394 510.6292134831459 -1 0 0
116.63483146067412 498.40449438202234 -1 0 0
83.5561797752809 514.943820224719 -1 0 0
27.466292134831463 498.40449438202234 -1 0 0
19.556179775280896 473.95505617977517 -1 0 0
5.89325842696627 479.70786516853923 -1 0 0
12.365168539325822 515.6629213483145 -1 0 0
35.376404494382 535.7977528089887 -1 0 0
26.74719101123594 576.067415730337 -1 0 0
118.79213483146069 550.8988764044943 -1 0 0
159.7808988764045 545.8651685393257 -1 0 0
207.96067415730337 525.7303370786516 -1 0 0
249.66853932584266 533.640449438202 -1 0 0
257.5786516853932 494.8089887640448 -1 0 0
241.7584269662921 471.79775280898866 -1 0 0
257.5786516853932 470.3595505617976 -1 0 0
264.05056179775283 450.22471910112347 -1 0 0
253.2640449438202 436.56179775280884 -1 0 0
259.7359550561797 422.17977528089875 -1 0 0
249.66853932584266 406.3595505617976 -1 0 0
241.03932584269663 393.41573033707857 -1 0 0
261.17415730337075 381.91011235955045 -1 0 0
265.48876404494376 404.92134831460663 -1 0 0
274.1179775280899 428.6516853932583 -1 0 0
284.185393258427 433.68539325842687 -1 0 0
293.5337078651685 426.49438202247177 -1 0 0
297.8483146067416 402.0449438202246 -1 0 0
315.1067415730337 393.41573033707857 -1 0 0
302.1629213483146 391.258426966292 -1 0 0
312.94943820224717 371.12359550561786 -1 0 0
327.33146067415726 376.87640449438186 -1 0 0
337.39887640449433 368.2471910112358 -1 0 0
343.87078651685397 379.75280898876395 -1 0 0
328.7696629213483 391.258426966292 -1 0 0
336.67977528089887 418.5842696629212 -1 0 0
336.67977528089887 406.3595505617976 -1 0 0
318.7022471910112 411.39325842696616 -1 0 0
323.7359550561797 425.0561797752808 -1 0 0
295.691011235955 440.1573033707864 -1 0 0
282.74719101123594 461.7303370786516 -1 0 0
310.0730337078652 466.76404494382007 -1 0 0
320.85955056179773 475.3932584269661 -1 0 0
294.9719101123595 508.4719101123594 -1 0 0
279.87078651685397 498.40449438202234 -1 0 0
279.1516853932584 481.86516853932574 -1 0 0
215.15168539325842 509.91011235955045 -1 0 0
203.6460674157303 558.8089887640449 -1 0 0
213.71348314606738 538.6741573033706 -1 0 0
136.0505617977528 591.1685393258426 -1 0 0
56.949438202247194 515.6629213483145 -1 0 0
310.79213483146066 443.75280898876395 -1 0 0
330.20786516853934 453.10112359550544 -1 0 0
366.8820224719101 414.9887640449437 -1 0 0
362.5674157303371 381.19101123595493 -1 0 0
359.6910112359551 369.68539325842687 -1 0 0
366.8820224719101 366.0898876404493 -1 0 0
386.2977528089888 381.19101123595493 -1 0 0
381.2640449438202 371.8426966292134 -1 0 0
381.2640449438202 341.64044943820215 -1 0 0
387.7359550561798 324.38202247191 -1 0 0
401.39887640449444 338.7640449438201 -1 0 0
417.21910112359546 344.5168539325841 -1 0 0
426.5674157303371 332.29213483146054 -1 0 0
465.39887640449444 309.9999999999999 -1 0 0
473.3089887640449 317.19101123595493 -1 0 0
462.52247191011236 328.696629213483 -1 0 0
497.7584269662922 320.06741573033696 -1 0 0
509.98314606741576 315.0337078651684 -1 0 0
488.41011235955057 338.7640449438201 -1 0 0
501.3539325842696 339.4831460674156 -1 0 0
448.14044943820227 354.5842696629212 -1 0 0
456.05056179775283 339.4831460674156 -1 0 0
448.85955056179773 341.64044943820215 -1 0 0
436.63483146067415 341.64044943820215 -1 0 0
451.7359550561798 325.1011235955055 -1 0 0
492.7247191011236 358.17977528089875 -1 0 0
453.17415730337075 381.19101123595493 -1 0 0
433.7584269662922 391.9775280898875 -1 0 0
422.25280898876406 391.258426966292 -1 0 0
415.06179775280896 368.2471910112358 -1 0 0
404.9943820224719 361.7752808988763 -1 0 0
396.36516853932585 391.258426966292 -1 0 0
404.9943820224719 420.02247191011224 -1 0 0
389.17415730337075 406.3595505617976 -1 0 0
442.3876404494382 412.83146067415714 -1 0 0
428.0056179775281 417.1460674157302 -1 0 0
464.67977528089887 414.9887640449437 -1 0 0
502.79213483146066 393.41573033707857 -1 0 0
502.79213483146066 373.28089887640436 -1 0 0
494.1629213483146 384.7865168539324 -1 0 0
475.4662921348315 386.943820224719 -1 0 0
461.8033707865169 359.6179775280898 -1 0 0
507.1067415730337 414.9887640449437 -1 0 0
486.25280898876406 413.5505617977527 -1 0 0
479.78089887640454 432.2471910112358 -1 0 0
453.8932584269663 445.1910112359549 -1 0 0
446.7022471910112 456.696629213483 -1 0 0
421.5337078651686 455.25842696629195 -1 0 0
423.6910112359551 430.0898876404493 -1 0 0
410.74719101123594 440.1573033707864 -1 0 0
380.5449438202247 435.1235955056178 -1 0 0
391.33146067415726 443.03370786516837 -1 0 0
379.1067415730337 494.0898876404493 -1 0 0
318.7022471910112 507.03370786516837 -1 0 0
406.4325842696629 481.86516853932574 -1 0 0
448.14044943820227 473.95505617977517 -1 0 0
344.58988764044943 507.03370786516837 -1 0 0
488.41011235955057 455.25842696629195 -1 0 0
491.28651685393254 442.3146067415729 -1 0 0
474.0280898876405 464.60674157303356 -1 0 0
506.3876404494382 448.7865168539324 -1 0 0
494.8820224719101 430.0898876404493 -1 0 0
420.09550561797755 525.011235955056 -1 0 0
359.6910112359551 532.9213483146066 -1 0 0
356.814606741573 571.0337078651685 -1 0 0
317.2640449438202 586.8539325842696 -1 0 0
310.79213483146066 542.9887640449438 -1 0 0
284.185393258427 576.067415730337 -1 0 0
248.9494382022472 577.5056179775279 -1 0 0
206.52247191011233 591.1685393258426 -1 0 0
58.38764044943818 558.0898876404493 -1 0 0
423.6910112359551 560.2471910112358 -1 0 0
458.20786516853934 535.7977528089887 -1 0 0
32.859550561797676 621.7303370786515 -1 0 0
76.005617977528 621.7303370786515 -1 0 0
54.43258426966287 673.5056179775279 -1 0 0
76.005617977528 588.6516853932583 -1 0 0
235.64606741573033 627.4831460674155 -1 0 0
211.19662921348305 670.6292134831459 -1 0 0
278.7921348314606 610.2247191011235 -1 0 0
344.9494382022471 643.3033707865167 -1 0 0
406.7921348314606 600.1573033707864 -1 0 0
411.10674157303373 620.2921348314605 -1 0 0
432.6797752808988 673.5056179775279 -1 0 0
513.2191011235955 637.5505617977526 -1 0 0
570.747191011236 613.1011235955054 -1 0 0
613.8932584269662 650.4943820224718 -1 0 0
494.5224719101123 591.5280898876402 -1 0 0
518.9719101123596 541.1910112359549 -1 0 0
523.2865168539327 498.0449438202245 -1 0 0
516.0955056179776 466.4044943820223 -1 0 0
526.1629213483145 434.76404494382 -1 0 0
517.5337078651685 418.9438202247189 -1 0 0
517.5337078651685 388.74157303370765 -1 0 0
531.9157303370787 371.4831460674155 -1 0 0
518.9719101123596 361.41573033707846 -1 0 0
517.5337078651685 328.3370786516852 -1 0 0
546.2977528089887 311.0786516853931 -1 0 0
536.2303370786517 301.01123595505595 -1 0 0
556.3651685393259 308.20224719101105 -1 0 0
569.6685393258426 304.2471910112357 -1 0 0
582.6123595505617 324.38202247190986 -1 0 0
572.5449438202246 327.97752808988736 -1 0 0
556.7247191011235 330.13483146067387 -1 0 0
547.376404494382 326.53932584269637 -1 0 0
538.7471910112358 333.0112359550559 -1 0 0
548.0955056179774 349.5505617977525 -1 0 0
531.5561797752808 349.5505617977525 -1 0 0
566.7921348314605 353.14606741573004 -1 0 0
586.2078651685392 343.07865168539297 -1 0 0
586.2078651685392 363.2134831460671 -1 0 0
553.8483146067415 393.41573033707834 -1 0 0
545.9382022471909 379.03370786516825 -1 0 0
559.6011235955056 379.03370786516825 -1 0 0
558.88202247191 413.5505617977525 -1 0 0
543.0617977528088 443.7528089887638 -1 0 0
552.4101123595505 450.2247191011233 -1 0 0
582.6123595505617 440.87640449438175 -1 0 0
558.88202247191 477.5505617977525 -1 0 0
602.7471910112358 472.516853932584 -1 0 0
606.3426966292134 445.19101123595476 -1 0 0
596.9943820224718 427.2134831460671 -1 0 0
592.6797752808988 413.5505617977525 -1 0 0
586.9269662921347 406.3595505617975 -1 0 0
576.8595505617976 402.04494382022443 -1 0 0
586.9269662921347 389.82022471910085 -1 0 0
608.4999999999999 399.1685393258424 -1 0 0
615.691011235955 409.955056179775 -1 0 0
613.5337078651685 429.3707865168536 -1 0 0
632.2303370786516 414.2696629213481 -1 0 0
630.0730337078651 381.9101123595503 -1 0 0
644.4550561797752 388.38202247190986 -1 0 0
657.3988764044943 408.516853932584 -1 0 0
647.3314606741573 416.4269662921346 -1 0 0
637.9831460674156 436.56179775280873 -1 0 0
625.7584269662921 439.4382022471907 -1 0 0
630.0730337078651 462.4494382022469 -1 0 0
643.0168539325841 474.6741573033705 -1 0 0
653.8033707865168 451.66292134831434 -1 0 0
627.196629213483 488.33707865168503 -1 0 0
630.7921348314605 507.03370786516825 -1 0 0
663.1516853932583 484.022471910112 -1 0 0
658.8370786516853 517.8202247191009 -1 0 0
575.4213483146067 522.8539325842694 -1 0 0
581.8932584269662 539.393258426966 -1 0 0
550.252808988764 531.4831460674154 -1 0 0
676.0955056179774 452.3820224719098 -1 0 0
676.814606741573 469.6404494382019 -1 0 0
685.443820224719 431.5280898876402 -1 0 0
678.9719101123595 419.30337078651655 -1 0 0
663.1516853932583 419.30337078651655 -1 0 0
676.0955056179774 404.20224719101094 -1 0 0
696.9494382022472 390.53932584269637 -1 0 0
707.7359550561797 399.1685393258424 -1 0 0
704.8595505617977 418.5842696629211 -1 0 0
682.567415730337 394.8539325842694 -1 0 0
725.7134831460673 428.65168539325816 -1 0 0
739.376404494382 423.61797752808957 -1 0 0
744.4101123595505 399.1685393258424 -1 0 0
765.9831460674156 405.6404494382019 -1 0 0
781.0842696629213 411.393258426966 -1 0 0
791.1516853932584 388.38202247190986 -1 0 0
806.9719101123595 383.34831460674127 -1 0 0
804.0955056179774 420.0224719101121 -1 0 0
794.0280898876404 438.71910112359524 -1 0 0
753.7584269662921 448.7865168539323 -1 0 0
772.4550561797752 439.4382022471907 -1 0 0
772.4550561797752 465.3258426966289 -1 0 0
809.129213483146 466.76404494381995 -1 0 0
699.1067415730337 535.078651685393 -1 0 0
691.9157303370786 522.8539325842694 -1 0 0
727.8707865168539 507.7528089887637 -1 0 0
758.7921348314605 528.6067415730334 -1 0 0
740.814606741573 538.6741573033705 -1 0 0
791.1516853932584 531.4831460674154 -1 0 0
808.4101123595505 522.8539325842694 -1 0 0
795.4662921348314 504.15730337078617 -1 0 0
780.3651685393257 512.7865168539323 -1 0 0
815.6011235955056 492.65168539325816 -1 0 0
794.7471910112358 488.33707865168503 -1 0 0
801.2191011235955 475.393258426966 -1 0 0
765.2640449438202 386.9438202247188 -1 0 0
821.3539325842696 370.4044943820222 -1 0 0
710.6123595505617 458.8539325842694 -1 0 0
586.2078651685392 453.82022471910085 -1 0 0
602.7471910112358 515.6629213483143 -1 0 0
691.9157303370786 443.7528089887638 -1 0 0
723.5561797752808 446.6292134831458 -1 0 0
772.4550561797752 498.4044943820221 -1 0 0
648.4101123595506 590.0898876404493 -1 0 0
602.3876404494381 569.9550561797752 -1 0 0
559.2415730337079 561.325842696629 -1 0 0
700.185393258427 590.0898876404493 -1 0 0
694.4325842696628 656.2471910112358 -1 0 0
744.7696629213483 572.8314606741571 -1 0 0
757.7134831460673 555.573033707865 -1 0 0
815.2415730337079 626.0449438202246 -1 0 0
887.1516853932585 637.5505617977526 -1 0 0
874.2078651685392 611.6629213483144 -1 0 0
867.0168539325844 575.7078651685391 -1 0 0
864.1404494382023 508.1123595505617 -1 0 0
836.814606741573 559.887640449438 -1 0 0
868.4550561797753 469.2808988764043 -1 0 0
835.3764044943821 485.10112359550544 -1 0 0
921.6685393258426 522.4943820224718 -1 0 0
944.6797752808989 554.134831460674 -1 0 0
1000.7696629213483 601.5955056179773 -1 0 0
1009.3988764044943 654.8089887640448 -1 0 0
995.0168539325844 551.258426966292 -1 0 0
984.9494382022472 532.5617977528088 -1 0 0
999.3314606741574 509.5505617977526 -1 0 0
957.6235955056179 508.1123595505617 -1 0 0
918.7921348314605 487.97752808988736 -1 0 0
902.9719101123596 475.0337078651683 -1 0 0
894.3426966292134 441.95505617977506 -1 0 0
1013.7134831460673 569.9550561797752 -1 0 0
849.7584269662921 424.69662921348294 -1 0 0
833.9382022471909 456.33707865168526 -1 0 0
843.6460674157303 337.3258426966289 -1 0 0
859.4662921348315 344.516853932584 -1 0 0
879.6011235955057 352.4269662921345 -1 0 0
895.4213483146068 340.92134831460646 -1 0 0
904.0505617977528 342.35955056179745 -1 0 0
925.623595505618 350.98876404494354 -1 0 0
925.623595505618 343.07865168539297 -1 0 0
942.8820224719101 353.8651685393255 -1 0 0
975.2415730337078 356.0224719101121 -1 0 0
974.5224719101124 343.07865168539297 -1 0 0
990.3426966292135 356.0224719101121 -1 0 0
1014.7921348314607 340.92134831460646 -1 0 0
1015.5112359550562 358.8988764044941 -1 0 0
1018.3876404494382 368.9662921348312 -1 0 0
1007.6011235955057 381.19101123595476 -1 0 0
1017.6685393258427 381.19101123595476 -1 0 0
990.3426966292135 391.25842696629184 -1 0 0
981.7134831460675 398.4494382022469 -1 0 0
994.6573033707865 407.79775280898843 -1 0 0
997.5337078651686 419.30337078651655 -1 0 0
1017.6685393258427 427.9325842696626 -1 0 0
1001.8483146067416 436.5617977528087 -1 0 0
992.5 454.5393258426963 -1 0 0
1008.3202247191011 486.8988764044941 -1 0 0
982.4325842696629 496.2471910112356 -1 0 0
977.3988764044944 466.04494382022443 -1 0 0
948.6348314606741 464.6067415730334 -1 0 0
954.3876404494382 449.5056179775278 -1 0 0
953.6685393258427 435.8426966292132 -1 0 0
971.6460674157304 437.9999999999997 -1 0 0
970.9269662921348 424.3370786516851 -1 0 0
949.3539325842696 423.61797752808957 -1 0 0
952.9494382022472 413.5505617977525 -1 0 0
938.5674157303371 381.19101123595476 -1 0 0
925.623595505618 372.56179775280873 -1 0 0
914.1179775280899 368.9662921348312 -1 0 0
914.8370786516854 392.6966292134829 -1 0 0
915.556179775281 407.79775280898843 -1 0 0
922.7471910112359 426.4943820224716 -1 0 0
903.3314606741573 421.46067415730306 -1 0 0
883.9157303370787 394.8539325842694 -1 0 0
875.2865168539325 373.99999999999966 -1 0 0
862.3426966292135 371.1235955056177 -1 0 0
860.9044943820224 354.5842696629211 -1 0 0
848.6797752808989 366.08988764044915 -1 0 0
846.5224719101124 469.6404494382019 -1 0 0
879.6011235955057 439.4382022471907 -1 0 0
916.2752808988764 455.97752808988736 -1 0 0
991.061797752809 367.52808988764014 -1 0 0
892.5449438202247 511.34831460674127 -1 0 0
884.6348314606741 527.1685393258424 -1 0 0
839.3314606741573 512.7865168539322 -1 0 0
885.3539325842697 502.7191011235951 -1 0 0
852.1283716283717 664.2377622377622 -1 0 0
898.1623376623377 670.3756243756244 -1 0 0
752.8996003996003 667.3066933066933 -1 0 0
955.4490509490511 664.2377622377622 -1 0 0
