51.14935064935071 411.31418581418586 -1 0 0
64.33616383616382 432.8926073926074 -1 0 0
37.36313686313685 435.29020979020976 -1 0 0
125.47502497502494 425.10039960039956 -1 0 0
115.28521478521479 408.31718281718275 -1 0 0
108.69180819180819 381.3441558441558 -1 0 0
59.54095904095903 387.9375624375624 -1 0 0
72.72777222777223 368.1573426573426 -1 0 0
39.161338661338654 347.17832167832165 -1 0 0
36.76373626373627 317.20829170829165 -1 0 0
5.594905094905073 311.21428571428567 -1 0 0
42.75774225774226 302.82267732267724 -1 0 0
39.760739260739264 291.43406593406587 -1 0 0
70.92957042957043 281.2442557442557 -1 0 0
21.179320679320657 245.28021978021977 -1 0 0
8.591908091908097 224.3011988011988 -1 0 0
108.09240759240758 346.57892107892104 -1 0 0
81.71878121878122 313.6118881118881 -1 0 0
58.94155844155842 297.42807192807186 -1 0 0
125.47502497502494 326.1993006993007 -1 0 0
146.45404595404597 322.6028971028971 -1 0 0
156.04445554445556 310.61488511488506 -1 0 0
139.86063936063937 305.8196803196803 -1 0 0
116.48401598401595 284.24125874125866 -1 0 0
93.10739260739263 291.43406593406587 -1 0 0
101.49900099900097 275.25024975024974 -1 0 0
126.07442557442555 271.0544455544456 -1 0 0
144.65584415584414 274.6508491508491 -1 0 0
195.00549450549448 332.7927072927073 -1 0 0
185.4150849150849 308.81668331668334 -1 0 0
209.3911088911089 312.4130869130869 -1 0 0
212.3881118881119 287.2382617382617 -1 0 0
235.76473526473524 316.60889110889104 -1 0 0
238.16233766233762 354.37112887112886 -1 0 0
213.58691308691306 386.13936063936063 -1 0 0
178.22227772227774 377.7477522477522 -1 0 0
36.76373626373627 216.50899100899102 -1 0 0
29.570929070929058 195.52997002997003 -1 0 0
5.594905094905073 199.12637362637363 -1 0 0
27.173326673326674 175.7497502497502 -1 0 0
14.585914085914085 161.96353646353646 -1 0 0
7.992507492507486 142.18331668331672 -1 0 0
50.54995004995005 163.76173826173823 -1 0 0
51.74875124875124 185.9395604395604 -1 0 0
56.54395604395604 202.72277722277724 -1 0 0
63.13736263736263 225.5 -1 0 0
77.522977022977 220.7047952047952 -1 0 0
84.71578421578421 233.89160839160834 -1 0 0
85.31518481518482 248.27722277722276 -1 0 0
94.3061938061938 267.4580419580419 -1 0 0
126.67382617382617 233.89160839160834 -1 0 0
115.88461538461534 217.7077922077922 -1 0 0
109.89060939060936 204.520979020979 -1 0 0
100.8996003996004 196.12937062937064 -1 0 0
89.51098901098901 214.1113886113886 -1 0 0
72.72777222777223 209.91558441558442 -1 0 0
79.3211788211788 194.33116883116878 -1 0 0
79.3211788211788 178.14735264735265 -1 0 0
64.33616383616382 160.7647352647353 -1 0 0
48.75174825174825 152.37312687312686 -1 0 0
33.167332667332666 148.1773226773227 -1 0 0
29.570929070929058 137.98751248751245 -1 0 0
36.76373626373627 122.40309690309692 -1 0 0
7.992507492507486 130.7947052947053 -1 0 0
3.197302697302689 109.21628371628373 -1 0 0
39.161338661338654 98.42707292707297 -1 0 0
31.36913086913086 97.22827172827175 -1 0 0
37.96253746253746 85.24025974025977 -1 0 0
4.995504495504492 74.45104895104896 -1 0 0
57.14335664335665 137.98751248751245 -1 0 0
57.14335664335665 124.20129870129871 -1 0 0
70.33016983016982 126.59890109890108 -1 0 0
82.3181818181818 154.1713286713287 -1 0 0
91.30919080919081 160.16533466533468 -1 0 0
115.28521478521479 160.16533466533468 -1 0 0
127.87262737262738 158.96653346653346 -1 0 0
139.86063936063937 155.96953046953047 -1 0 0
126.67382617382617 148.77672327672326 -1 0 0
116.48401598401595 145.18031968031966 -1 0 0
105.69480519480517 145.18031968031966 -1 0 0
94.3061938061938 133.19230769230768 -1 0 0
104.49600399600398 110.41508491508495 -1 0 0
118.28221778221778 126.59890109890108 -1 0 0
120.67982017982017 115.21028971028973 -1 0 0
118.28221778221778 106.81868131868134 -1 0 0
112.88761238761235 91.83366633366637 -1 0 0
101.49900099900097 85.83966033966038 -1 0 0
106.29420579420578 75.64985014985018 -1 0 0
106.29420579420578 67.85764235764236 -1 0 0
92.507992007992 68.45704295704297 -1 0 0
73.32717282717282 85.24025974025977 -1 0 0
73.32717282717282 72.05344655344658 -1 0 0
64.93556443556444 58.86663336663337 -1 0 0
48.152347652347636 63.66183816183821 -1 0 0
33.76673326673325 73.2522477522478 -1 0 0
22.378121878121878 66.05944055944059 -1 0 0
12.787712287712283 56.469030969030996 -1 0 0
4.995504495504492 61.26423576423582 -1 0 0
5.594905094905073 47.478021978022014 -1 0 0
16.384115884115886 48.676823176823234 -1 0 0
19.980519480519465 53.472027972028 -1 0 0
28.372127872127866 54.07142857142861 -1 0 0
33.76673326673325 54.07142857142861 -1 0 0
31.96853146853147 44.48101898101902 -1 0 0
25.974525474525453 39.685814185814195 -1 0 0
18.781718281718273 37.88761238761242 -1 0 0
27.622877122877156 28.784215784215775 -1 0 0
13.237262737262768 30.28271728271727 -1 0 0
9.940559440559483 21.8911088911089 -1 0 0
15.934565434565469 12.600399600399584 -1 0 0
7.5429570429570845 12.900099900099889 -1 0 0
18.931568431568465 17.095904095904075 -1 0 0
30.020479520479554 17.39560439560438 -1 0 0
28.521978021978057 23.689310689310673 -1 0 0
24.625874125874162 12.900099900099889 -1 0 0
31.219280719280746 7.505494505494482 -1 0 0
31.818681318681342 2.1108891108891044 -1 0 0
24.02647352647355 5.1078921078920985 -1 0 0
42.008491508491524 22.49050949050948 -1 0 0
34.81568431568434 23.98901098901098 -1 0 0
48.00249750249752 32.98001998001996 -1 0 0
53.39710289710291 41.37162837162836 -1 0 0
52.19830169830172 51.26173826173826 -1 0 0
65.0854145854146 51.86113886113884 -1 0 0
74.07642357642358 53.05994005994006 -1 0 0
75.2752247752248 45.26773226773227 -1 0 0
63.287212787212795 27.585414585414583 -1 0 0
53.09740259740262 23.689310689310673 -1 0 0
56.9935064935065 13.799200799200776 -1 0 0
47.40309690309692 10.802197802197782 -1 0 0
50.40009990009992 5.1078921078920985 -1 0 0
57.293206793206814 4.808191808191793 -1 0 0
62.68781218781221 5.407592407592404 -1 0 0
72.2782217782218 26.086913086913086 -1 0 0
69.8806193806194 11.701298701298697 -1 0 0
75.87462537462538 6.006993006993014 -1 0 0
80.0704295704296 11.701298701298697 -1 0 0
85.46503496503497 8.104895104895093 -1 0 0
91.75874125874127 9.303696303696285 -1 0 0
96.25424575424576 5.1078921078920985 -1 0 0
97.75274725274726 17.095904095904075 -1 0 0
91.15934065934066 20.092907092907097 -1 0 0
100.15034965034967 11.701298701298697 -1 0 0
93.85664335664337 28.184815184815193 -1 0 0
83.96653346653348 49.76323676323676 -1 0 0
98.35214785214787 50.36263736263737 -1 0 0
102.24825174825175 41.97102897102897 -1 0 0
104.64585414585417 33.879120879120876 -1 0 0
105.84465534465537 28.48451548451547 -1 0 0
110.63986013986015 33.57942057942057 -1 0 0
115.13536463536464 35.977022977022955 -1 0 0
111.53896103896102 57.25574425574425 -1 0 0
107.04345654345654 51.86113886113884 -1 0 0
131.31918081918081 79.13386613386615 -1 0 0
138.51198801198802 58.45454545454544 -1 0 0
134.0164835164835 52.46053946053945 -1 0 0
128.92157842157843 39.273726273726254 -1 0 0
138.81168831168833 35.37762237762237 -1 0 0
128.32217782217782 29.68331668331666 -1 0 0
135.21528471528472 26.086913086913086 -1 0 0
122.92757242757243 21.591408591408594 -1 0 0
119.63086913086913 15.897102897102881 -1 0 0
116.93356643356644 8.104895104895093 -1 0 0
115.73476523476525 2.1108891108891044 -1 0 0
125.32517482517481 5.1078921078920985 -1 0 0
131.31918081918081 10.502497502497505 -1 0 0
130.4200799200799 4.208791208791212 -1 0 0
136.7137862137862 6.906093906093901 -1 0 0
137.6128871128871 15.297702297702303 -1 0 0
131.91858141858143 18.294705294705295 -1 0 0
147.502997002997 21.591408591408594 -1 0 0
143.0074925074925 24.288711288711283 -1 0 0
152.5979020979021 33.879120879120876 -1 0 0
152.5979020979021 25.487512487512475 -1 0 0
157.0934065934066 20.392607392607374 -1 0 0
158.89160839160837 29.68331668331666 -1 0 0
151.39910089910086 12.300699300699307 -1 0 0
144.505994005994 17.095904095904075 -1 0 0
149.30119880119878 5.407592407592404 -1 0 0
153.7967032967033 2.1108891108891044 -1 0 0
159.19130869130868 10.502497502497505 -1 0 0
167.28321678321674 23.98901098901098 -1 0 0
171.17932067932065 11.401598401598392 -1 0 0
178.37212787212786 10.802197802197782 -1 0 0
183.76673326673324 13.199800199800194 -1 0 0
186.46403596403596 11.101898101898087 -1 0 0
184.96553446553446 3.3096903096902963 -1 0 0
174.47602397602395 2.7102897102897145 -1 0 0
181.66883116883113 21.29170829170829 -1 0 0
179.27122877122875 42.57042957042955 -1 0 0
172.07842157842157 34.478521478521486 -1 0 0
147.2032967032967 46.76623376623377 -1 0 0
151.0994005994006 66.84615384615384 -1 0 0
132.21828171828173 103.7092907092907 -1 0 0
157.0934065934066 102.81018981018981 -1 0 0
149.30119880119878 92.02097902097901 -1 0 0
167.88261738261735 101.6113886113886 -1 0 0
151.69880119880116 127.98501498501497 -1 0 0
151.69880119880116 148.06493506493507 -1 0 0
161.28921078921076 142.37062937062936 -1 0 0
155.29520479520477 136.07692307692307 -1 0 0
161.28921078921076 155.25774225774225 -1 0 0
170.87962037962035 155.85714285714286 -1 0 0
182.56793206793208 153.15984015984014 -1 0 0
167.28321678321674 117.79520479520481 -1 0 0
177.77272727272725 123.48951048951048 -1 0 0
178.37212787212786 135.17782217782218 -1 0 0
199.35114885114882 133.07992007992007 -1 0 0
214.03646353646354 128.8841158841159 -1 0 0
210.73976023976024 117.49550449550449 -1 0 0
223.32717282717283 120.79220779220778 -1 0 0
209.84065934065933 106.7062937062937 -1 0 0
215.2352647352647 100.41258741258741 -1 0 0
198.15234765234766 99.21378621378621 -1 0 0
191.55894105894106 93.2197802197802 -1 0 0
195.15534465534466 82.43056943056942 -1 0 0
175.07542457542456 68.04495504495503 -1 0 0
197.25324675324674 64.74825174825173 -1 0 0
180.47002997002994 36.87612387612387 -1 0 0
175.6748251748252 49.76323676323676 -1 0 0
199.65084915084913 48.86413586413585 -1 0 0
201.74875124875123 44.06893106893108 -1 0 0
198.15234765234766 38.07492507492506 -1 0 0
203.24725274725273 23.98901098901098 -1 0 0
192.75774225774222 19.493506493506487 -1 0 0
199.05144855144852 11.401598401598392 -1 0 0
193.35714285714283 7.205794205794206 -1 0 0
206.84365634365633 12.600399600399584 -1 0 0
212.2382617382617 19.193806193806182 -1 0 0
212.537962037962 12.900099900099889 -1 0 0
216.73376623376623 7.8051948051947875 -1 0 0
220.62987012987008 16.496503496503493 -1 0 0
220.62987012987008 23.389610389610368 -1 0 0
226.62387612387607 38.07492507492506 -1 0 0
221.528971028971 42.27072927072925 -1 0 0
218.8316683316683 48.86413586413585 -1 0 0
220.62987012987008 60.25274725274724 -1 0 0
211.6388611388611 64.14885114885112 -1 0 0
221.2292707292707 70.44255744255744 -1 0 0
211.6388611388611 85.12787212787214 -1 0 0
140.46003996003998 212.31318681318686 -1 0 0
145.85464535464536 188.33716283716285 -1 0 0
167.4330669330669 200.32517482517488 -1 0 0
145.25524475524475 232.09340659340663 -1 0 0
161.43906093906097 274.6508491508491 -1 0 0
173.4270729270729 266.8586413586414 -1 0 0
163.83666333666332 247.67782217782224 -1 0 0
173.4270729270729 236.88861138861145 -1 0 0
172.82767232767227 219.50599400599404 -1 0 0
183.0174825174825 219.50599400599404 -1 0 0
190.21028971028971 202.12337662337669 -1 0 0
190.21028971028971 190.73476523476523 -1 0 0
174.02647352647352 175.1503496503497 -1 0 0
199.2012987012987 167.9575424575425 -1 0 0
205.7947052947053 161.9635364635365 -1 0 0
213.58691308691306 147.5779220779221 -1 0 0
218.98151848151846 176.34915084915087 -1 0 0
203.3971028971029 190.73476523476523 -1 0 0
202.1983016983017 238.68681318681325 -1 0 0
194.40609390609387 262.06343656343654 -1 0 0
210.58991008991006 267.45804195804203 -1 0 0
261.5389610389611 417.9075924075924 -1 0 0
259.14135864135864 398.12737262737267 -1 0 0
289.1113886113886 392.73276723276723 -1 0 0
275.9245754245754 359.1663336663337 -1 0 0
263.3371628371628 352.5729270729271 -1 0 0
296.3041958041958 327.3981018981019 -1 0 0
300.50000000000006 350.7747252747253 -1 0 0
319.08141858141863 353.7717282717283 -1 0 0
341.85864135864136 384.34115884115886 -1 0 0
335.8646353646354 419.70579420579423 -1 0 0
257.3431568431568 273.452047952048 -1 0 0
259.74075924075925 250.67482517482523 -1 0 0
231.56893106893108 235.68981018981023 -1 0 0
281.3191808191809 227.8976023976024 -1 0 0
298.7017982017982 236.88861138861145 -1 0 0
270.52997002997 211.71378621378625 -1 0 0
258.541958041958 200.32517482517488 -1 0 0
238.16233766233762 196.12937062937067 -1 0 0
235.76473526473524 177.54795204795204 -1 0 0
264.535964035964 179.94555444555448 -1 0 0
243.55694305694306 151.1743256743257 -1 0 0
231.56893106893108 161.3641358641359 -1 0 0
229.77072927072925 140.3851148851149 -1 0 0
236.96353646353646 133.19230769230774 -1 0 0
242.95754245754244 118.80669330669338 -1 0 0
254.94555444555442 102.02347652347657 -1 0 0
252.54795204795204 90.0354645354646 -1 0 0
238.16233766233762 76.8486513486514 -1 0 0
233.36713286713285 56.46903096903105 -1 0 0
247.15334665334666 61.86363636363643 -1 0 0
240.55994005994006 49.276223776223844 -1 0 0
233.36713286713285 43.881618381618466 -1 0 0
240.55994005994006 41.48401598401608 -1 0 0
247.7527472527472 42.083416583416636 -1 0 0
241.15934065934061 34.890609390609484 -1 0 0
234.56593406593407 23.50199800199806 -1 0 0
265.73476523476523 68.94405594405595 -1 0 0
259.74075924075925 84.82817182817183 -1 0 0
246.85364635364635 70.74225774225772 -1 0 0
261.23926073926077 58.45454545454544 -1 0 0
258.2422577422578 52.46053946053945 -1 0 0
262.13836163836163 42.87012987012986 -1 0 0
254.34615384615387 32.38061938061938 -1 0 0
246.85364635364635 18.5944055944056 -1 0 0
249.55094905094904 12.000999000999002 -1 0 0
225.8746253746254 12.900099900099889 -1 0 0
232.1683316683317 9.303696303696285 -1 0 0
227.37312687312686 3.9090909090909065 -1 0 0
238.46203796203798 7.205794205794206 -1 0 0
239.3611388611389 11.701298701298697 -1 0 0
247.75274725274727 4.508491508491488 -1 0 0
257.04345654345656 2.1108891108891044 -1 0 0
262.73776223776224 6.6063936063935955 -1 0 0
262.13836163836163 11.401598401598392 -1 0 0
259.44105894105894 15.597402597402576 -1 0 0
255.84465534465534 13.199800199800194 -1 0 0
258.541958041958 22.49050949050948 -1 0 0
261.8386613386613 29.083916083916076 -1 0 0
266.03446553446554 28.784215784215775 -1 0 0
266.93356643356645 36.87612387612387 -1 0 0
267.8326673326673 44.06893106893108 -1 0 0
278.92157842157843 59.953046953046965 -1 0 0
282.81768231768234 64.14885114885112 -1 0 0
278.0224775224775 80.03296703296701 -1 0 0
293.9065934065934 81.83116883116884 -1 0 0
296.3041958041958 62.05094905094904 -1 0 0
293.0074925074925 53.65934065934067 -1 0 0
285.2152847152847 43.769230769230774 -1 0 0
297.502997002997 40.472527472527474 -1 0 0
298.4020979020979 31.781218781218772 -1 0 0
299.0014985014985 12.900099900099889 -1 0 0
293.3071928071928 10.2027972027972 -1 0 0
290.0104895104895 2.4105894105894095 -1 0 0
280.42007992007996 6.906093906093901 -1 0 0
271.4290709290709 10.502497502497505 -1 0 0
282.51798201798204 18.894105894105877 -1 0 0
286.7137862137862 13.799200799200776 -1 0 0
285.51498501498503 30.28271728271727 -1 0 0
276.82367632367635 26.086913086913086 -1 0 0
275.3251748251748 34.17882117882118 -1 0 0
270.8296703296703 18.894105894105877 -1 0 0
267.53296703296706 18.294705294705295 -1 0 0
263.63686313686316 20.092907092907097 -1 0 0
281.6188811188811 183.54195804195808 -1 0 0
294.2062937062937 200.32517482517488 -1 0 0
299.6008991008991 175.45004995005002 -1 0 0
293.6068931068931 158.06743256743263 -1 0 0
279.22127872127874 162.56293706293712 -1 0 0
278.92157842157843 146.37912087912093 -1 0 0
280.12037962037965 135.58991008991012 -1 0 0
262.13836163836163 135.29020979020984 -1 0 0
262.73776223776224 141.88361638361644 -1 0 0
260.34015984015986 148.17732267732276 -1 0 0
291.8086913086913 108.01748251748256 -1 0 0
302.2982017982018 115.21028971028977 -1 0 0
323.8766233766234 85.24025974025977 -1 0 0
325.6748251748252 67.55794205794211 -1 0 0
309.7907092907093 63.96153846153851 -1 0 0
306.7937062937063 75.3501498501499 -1 0 0
313.3871128871129 49.875624375624426 -1 0 0
308.8916083916084 43.28221778221783 -1 0 0
305.8946053946054 33.691808191808235 -1 0 0
319.3811188811189 33.691808191808235 -1 0 0
321.17932067932065 44.780719280719325 -1 0 0
324.47602397602395 40.884615384615444 -1 0 0
334.06643356643355 44.780719280719325 -1 0 0
350.84965034965035 36.08941058941065 -1 0 0
352.6478521478521 53.472027972028 -1 0 0
344.85564435564436 56.7687312687313 -1 0 0
336.7637362637363 58.86663336663341 -1 0 0
337.06343656343654 66.3591408591409 -1 0 0
341.55894105894106 72.65284715284719 -1 0 0
348.75174825174827 71.454045954046 -1 0 0
344.55594405594405 65.46003996004 -1 0 0
340.06043956043953 93.63186813186817 -1 0 0
341.25924075924075 101.42407592407596 -1 0 0
339.461038961039 116.70879120879124 -1 0 0
322.3781218781219 124.80069930069935 -1 0 0
306.494005994006 140.08541458541464 -1 0 0
305.5949050949051 153.5719280719281 -1 0 0
328.07242757242756 139.18631368631372 -1 0 0
312.488011988012 161.06443556443563 -1 0 0
319.6808191808192 175.7497502497503 -1 0 0
335.26523476523477 182.04345654345659 -1 0 0
341.25924075924075 164.9605394605395 -1 0 0
342.15834165834167 156.5689310689311 -1 0 0
343.65684315684314 143.08241758241763 -1 0 0
346.3541458541458 127.79770229770234 -1 0 0
361.63886113886116 158.06743256743263 -1 0 0
354.446053946054 185.9395604395605 -1 0 0
341.85864135864136 207.81768231768237 -1 0 0
311.2892107892108 209.91558441558448 -1 0 0
326.2742257742258 218.60689310689315 -1 0 0
366.1343656343658 78.8341658341659 -1 0 0
366.73376623376635 89.62337662337666 -1 0 0
384.41608391608406 87.22577422577427 -1 0 0
381.7187812187814 78.8341658341659 -1 0 0
380.81968031968046 65.94705294705301 -1 0 0
365.2352647352649 67.74525474525478 -1 0 0
366.43406593406604 57.25574425574431 -1 0 0
373.02747252747264 50.062937062937124 -1 0 0
335.8646353646355 33.57942057942063 -1 0 0
331.6688311688313 26.98601398601403 -1 0 0
333.1673326673328 20.39260739260743 -1 0 0
319.0814185814187 22.490509490509538 -1 0 0
324.47602397602407 17.695304695304742 -1 0 0
319.6808191808193 13.799200799200833 -1 0 0
313.6868131868133 14.69830169830175 -1 0 0
302.8976023976025 8.10489510489515 -1 0 0
311.8886113886115 3.6093906093906583 -1 0 0
320.8796203796205 2.7102897102897714 -1 0 0
330.4700299700301 13.19980019980025 -1 0 0
340.0604395604397 4.80819180819185 -1 0 0
338.5619380619382 9.003996003996065 -1 0 0
343.65684315684325 12.900099900099946 -1 0 0
359.5409590409592 3.009990009990048 -1 0 0
355.6448551448553 12.900099900099946 -1 0 0
365.8346653346655 5.7072927072927655 -1 0 0
361.6388611388613 14.098901098901138 -1 0 0
368.8316683316685 29.38361638361644 -1 0 0
377.22327672327685 14.098901098901138 -1 0 0
372.72777222777233 3.6093906093906583 -1 0 0
378.4220779220781 1.811188811188856 -1 0 0
389.21128871128883 13.799200799200833 -1 0 0
389.21128871128883 6.006993006993071 -1 0 0
392.50799200799213 18.294705294705352 -1 0 0
387.41308691308706 29.683316683316722 -1 0 0
378.12237762237777 38.374625374625424 -1 0 0
408.09240759240777 84.82817182817189 -1 0 0
392.80769230769243 71.04195804195808 -1 0 0
389.21128871128883 54.558441558441615 -1 0 0
400.00049950049964 47.365634365634406 -1 0 0
391.60889110889127 35.97702297702301 -1 0 0
389.81068931068944 44.068931068931136 -1 0 0
396.40409590409604 38.974025974026034 -1 0 0
397.30319680319695 23.68931068931073 -1 0 0
387.41308691308706 23.68931068931073 -1 0 0
403.59690309690325 38.07492507492512 -1 0 0
414.08641358641376 40.47252747252753 -1 0 0
410.4900099900102 31.481518481518552 -1 0 0
421.5789210789212 35.37762237762243 -1 0 0
364.03646353646366 202.61038961038966 -1 0 0
372.1283716283718 197.81518481518486 -1 0 0
385.91458541458553 195.11788211788217 -1 0 0
386.51398601398614 168.7442557442558 -1 0 0
379.32117882117893 157.955044955045 -1 0 0
372.4280719280721 142.0709290709291 -1 0 0
376.32417582417594 125.88711288711296 -1 0 0
402.398101898102 120.49250749250754 -1 0 0
423.37712287712304 128.88411588411594 -1 0 0
402.99750249750264 152.56043956043962 -1 0 0
417.9825174825176 181.0319680319681 -1 0 0
426.37412587412604 173.2397602397603 -1 0 0
413.78671328671345 201.71128871128877 -1 0 0
421.5789210789212 206.80619380619387 -1 0 0
441.6588411588413 188.82417582417588 -1 0 0
453.347152847153 192.4205794205795 -1 0 0
450.6498501498503 181.0319680319681 -1 0 0
437.76273726273735 164.8481518481519 -1 0 0
432.0684315684317 155.2577422577423 -1 0 0
426.37412587412604 143.8691308691309 -1 0 0
417.9825174825176 145.06793206793213 -1 0 0
436.26423576423593 138.77422577422584 -1 0 0
449.7507492507494 143.26973026973033 -1 0 0
455.4450549450551 112.40059940059945 -1 0 0
464.7357642357644 115.39760239760244 -1 0 0
462.63786213786227 137.27572427572434 -1 0 0
474.9255744255746 135.47752247752254 -1 0 0
477.0234765234767 149.56343656343662 -1 0 0
468.0324675324677 154.958041958042 -1 0 0
468.6318681318683 163.949050949051 -1 0 0
475.5249750249752 165.1478521478522 -1 0 0
485.11538461538476 167.2457542457543 -1 0 0
476.4240759240761 193.01998001998007 -1 0 0
515.0854145854148 178.63436563436568 -1 0 0
526.1743256743259 162.7502497502498 -1 0 0
512.0884115884118 152.2607392607393 -1 0 0
510.5899100899103 140.5724275724276 -1 0 0
492.9075924075926 143.26973026973033 -1 0 0
496.8036963036965 127.08591408591414 -1 0 0
501.89860139860156 102.81018981018987 -1 0 0
503.3971028971031 120.79220779220786 -1 0 0
510.29020979021 127.98501498501503 -1 0 0
520.4800199800202 125.28771228771232 -1 0 0
527.0734265734268 119.89310689310695 -1 0 0
530.6698301698303 145.06793206793213 -1 0 0
487.5129870129872 117.19580419580423 -1 0 0
476.4240759240761 115.69730269730273 -1 0 0
480.0204795204797 99.81318681318686 -1 0 0
493.8066933066935 107.30569430569436 -1 0 0
483.9165834165836 92.02097902097907 -1 0 0
469.5309690309692 87.52547452547458 -1 0 0
456.344155844156 90.82217782217788 -1 0 0
444.9555444555446 99.21378621378626 -1 0 0
460.5399600399602 105.20779220779227 -1 0 0
431.1693306693308 100.11288711288717 -1 0 0
435.96453546453563 92.02097902097907 -1 0 0
423.37712287712304 81.8311688311689 -1 0 0
404.79570429570447 67.74525474525478 -1 0 0
404.79570429570447 60.25274725274729 -1 0 0
392.50799200799213 63.8491508491509 -1 0 0
415.285214785215 63.24975024975033 -1 0 0
419.78071928071944 69.84315684315689 -1 0 0
426.9735264735266 70.1428571428572 -1 0 0
423.9765234765236 47.66533466533471 -1 0 0
430.5699300699302 38.07492507492512 -1 0 0
434.1663336663338 44.66833166833172 -1 0 0
444.0564435564437 41.67132867132872 -1 0 0
447.9525474525476 49.76323676323682 -1 0 0
453.347152847153 56.956043956044034 -1 0 0
443.4570429570431 68.3446553446554 -1 0 0
465.63486513486527 63.24975024975033 -1 0 0
476.7237762237763 69.24375624375631 -1 0 0
468.6318681318683 78.8341658341659 -1 0 0
450.0504495504497 80.03296703296706 -1 0 0
454.84565434565445 69.84315684315689 -1 0 0
462.33816183816197 51.56143856143862 -1 0 0
499.20129870129887 85.1278721278722 -1 0 0
498.30219780219795 76.13686313686318 -1 0 0
492.9075924075926 77.93506493506499 -1 0 0
486.01448551448567 72.84015984015988 -1 0 0
473.7267732267734 59.653346653346716 -1 0 0
479.12137862137877 59.053946053946106 -1 0 0
475.22527472527486 44.068931068931136 -1 0 0
463.2372627372629 45.86713286713291 -1 0 0
457.8426573426575 38.07492507492512 -1 0 0
474.326173826174 33.27972027972032 -1 0 0
483.9165834165836 37.47552447552454 -1 0 0
485.11538461538476 32.98001998002002 -1 0 0
481.81868131868146 27.58541458541464 -1 0 0
453.9465534465536 26.686313686313724 -1 0 0
460.2402597402599 29.083916083916137 -1 0 0
437.16333666333685 21.291708291708346 -1 0 0
431.7687312687314 17.695304695304742 -1 0 0
414.38611388611406 26.38661338661342 -1 0 0
408.392107892108 21.291708291708346 -1 0 0
404.79570429570447 17.395604395604437 -1 0 0
407.19330669330685 11.401598401598449 -1 0 0
402.69780219780233 12.000999000999059 -1 0 0
404.79570429570447 5.7072927072927655 -1 0 0
402.69780219780233 2.4105894105894663 -1 0 0
408.392107892108 1.811188811188856 -1 0 0
412.2882117882119 5.7072927072927655 -1 0 0
412.88761238761253 11.101898101898144 -1 0 0
413.48701298701314 15.29770229770236 -1 0 0
417.383116883117 22.490509490509538 -1 0 0
421.5789210789212 17.995004995005047 -1 0 0
420.38011988012 12.900099900099946 -1 0 0
420.38011988012 9.303696303696341 -1 0 0
425.1753246753248 9.003996003996065 -1 0 0
424.8756243756245 3.9090909090909634 -1 0 0
489.6108891108893 66.24675324675331 -1 0 0
485.41508491508506 60.85214785214791 -1 0 0
502.49800199800217 55.1578421578422 -1 0 0
497.4030969030971 44.068931068931136 -1 0 0
492.00849150849166 37.47552447552454 -1 0 0
506.6938061938064 42.270729270729305 -1 0 0
511.48901098901115 45.26773226773233 -1 0 0
509.9905094905097 38.374625374625424 -1 0 0
516.8836163836165 41.67132867132872 -1 0 0
518.0824175824177 35.37762237762243 -1 0 0
470.1303696303698 19.79320679320685 -1 0 0
472.52797202797217 13.19980019980025 -1 0 0
464.4360639360641 9.003996003996065 -1 0 0
465.335164835165 15.597402597402633 -1 0 0
457.2432567432569 17.695304695304742 -1 0 0
444.0564435564437 17.695304695304742 -1 0 0
449.1513486513488 13.19980019980025 -1 0 0
452.1483516483518 6.9060939060939575 -1 0 0
447.0534465534467 6.006993006993071 -1 0 0
437.76273726273735 3.6093906093906583 -1 0 0
437.16333666333685 7.805194805194843 -1 0 0
474.0264735264737 6.9060939060939575 -1 0 0
482.11838161838176 10.502497502497562 -1 0 0
492.60789210789227 10.202797202797257 -1 0 0
484.8156843156845 20.692307692307736 -1 0 0
495.30519480519496 20.39260739260743 -1 0 0
496.95354645354644 5.1078921078920985 -1 0 0
462.488011988012 2.1108891108891044 -1 0 0
457.69280719280715 5.707292707292709 -1 0 0
472.3781218781219 2.7102897102897145 -1 0 0
481.96853146853147 5.407592407592404 -1 0 0
478.07242757242756 2.7102897102897145 -1 0 0
485.26523476523477 2.4105894105894095 -1 0 0
493.35714285714283 1.8111888111887993 -1 0 0
503.24725274725273 3.9090909090909065 -1 0 0
501.1493506493507 10.502497502497505 -1 0 0
507.1433566433566 17.095904095904075 -1 0 0
511.3391608391608 8.704295704295703 -1 0 0
513.4370629370629 10.502497502497505 -1 0 0
516.434065934066 6.6063936063935955 -1 0 0
513.7367632367632 17.39560439560438 -1 0 0
518.8316683316683 24.888111888111894 -1 0 0
515.2352647352648 22.790209790209786 -1 0 0
523.3271728271728 23.389610389610368 -1 0 0
526.9235764235764 20.092907092907097 -1 0 0
521.8286713286714 17.095904095904075 -1 0 0
524.8256743256743 12.900099900099889 -1 0 0
527.8226773226772 5.1078921078920985 -1 0 0
534.1163836163836 9.60339660339659 -1 0 0
532.3181818181818 15.297702297702303 -1 0 0
539.8106893106892 13.199800199800194 -1 0 0
539.2112887112887 6.6063936063935955 -1 0 0
535.614885114885 2.1108891108891044 -1 0 0
545.2052947052946 3.3096903096902963 -1 0 0
548.5019980019979 6.30669330669329 -1 0 0
551.1993006993007 2.4105894105894095 -1 0 0
557.1933066933067 4.508491508491488 -1 0 0
553.8966033966034 6.6063936063935955 -1 0 0
556.8936063936064 10.2027972027972 -1 0 0
545.2052947052946 18.894105894105877 -1 0 0
542.2082917082917 21.591408591408594 -1 0 0
530.8196803196803 27.285714285714278 -1 0 0
535.9145854145854 32.38061938061938 -1 0 0
534.4160839160838 37.175824175824175 -1 0 0
522.4280719280719 40.472527472527474 -1 0 0
539.510989010989 41.97102897102897 -1 0 0
524.2262737262737 61.45154845154843 -1 0 0
514.635864135864 52.46053946053945 -1 0 0
554.7957042957042 64.74825174825173 -1 0 0
550.0004995004995 44.06893106893108 -1 0 0
555.0954045954045 39.873126873126864 -1 0 0
552.3981018981019 29.383616383616385 -1 0 0
549.7007992007991 33.57942057942057 -1 0 0
562.5879120879121 27.285714285714278 -1 0 0
558.9915084915085 15.297702297702303 -1 0 0
566.1843156843156 21.591408591408594 -1 0 0
563.7867132867132 13.199800199800194 -1 0 0
566.1843156843156 9.303696303696285 -1 0 0
569.7807192807193 13.199800199800194 -1 0 0
571.578921078921 7.8051948051947875 -1 0 0
576.6738261738261 13.199800199800194 -1 0 0
579.3711288711288 6.6063936063935955 -1 0 0
576.3741258741259 3.3096903096902963 -1 0 0
583.566933066933 3.009990009989991 -1 0 0
587.463036963037 5.1078921078920985 -1 0 0
584.7657342657342 14.698301698301693 -1 0 0
591.0594405594405 10.802197802197782 -1 0 0
596.7537462537462 8.404595404595398 -1 0 0
597.9525474525474 3.009990009989991 -1 0 0
593.7567432567432 3.009990009989991 -1 0 0
591.3591408591408 23.689310689310673 -1 0 0
582.0684315684316 25.78721278721278 -1 0 0
596.7537462537462 15.897102897102881 -1 0 0
583.2672327672327 43.46953046953047 -1 0 0
579.3711288711288 43.46953046953047 -1 0 0
576.9735264735264 49.46353646353646 -1 0 0
572.1783216783217 42.27072927072925 -1 0 0
568.8816183816184 32.38061938061938 -1 0 0
564.3861138861139 41.071928071928056 -1 0 0
560.49000999001 60.25274725274724 -1 0 0
573.6768231768231 60.55244755244754 -1 0 0
568.581918081918 57.85514485514482 -1 0 0
574.2762237762238 68.04495504495503 -1 0 0
576.0744255744255 82.43056943056942 -1 0 0
570.3801198801198 86.02697302697302 -1 0 0
563.7867132867132 90.22277722277721 -1 0 0
545.2052947052946 89.32367632367632 -1 0 0
541.3091908091908 73.73926073926071 -1 0 0
524.5259740259739 72.54045954045955 -1 0 0
539.2112887112887 107.60539460539461 -1 0 0
551.7987012987012 116.29670329670331 -1 0 0
555.9945054945055 110.00299700299699 -1 0 0
559.590909090909 118.69430569430568 -1 0 0
552.0984015984016 128.58441558441558 -1 0 0
547.9025974025974 132.78021978021977 -1 0 0
548.8016983016983 143.56943056943058 -1 0 0
548.8016983016983 148.66433566433565 -1 0 0
536.2142857142857 138.47452547452548 -1 0 0
566.7837162837163 157.35564435564436 -1 0 0
573.3771228771228 150.16283716283715 -1 0 0
579.9705294705294 154.05894105894106 -1 0 0
575.1753246753246 136.37662337662337 -1 0 0
564.3861138861139 136.67632367632368 -1 0 0
575.1753246753246 118.69430569430568 -1 0 0
585.3651348651349 123.48951048951048 -1 0 0
590.1603396603396 128.28471528471528 -1 0 0
596.7537462537462 123.48951048951048 -1 0 0
583.566933066933 109.7032967032967 -1 0 0
575.1753246753246 103.40959040959041 -1 0 0
584.7657342657342 98.01498501498502 -1 0 0
586.2642357642358 90.22277722277721 -1 0 0
592.2582417582416 84.22877122877122 -1 0 0
598.8516483516482 87.22577422577422 -1 0 0
598.551948051948 80.03296703296701 -1 0 0
595.2552447552447 75.23776223776224 -1 0 0
591.9585414585414 59.953046953046965 -1 0 0
591.9585414585414 50.36263736263737 -1 0 0
385.0154845154845 437.6878121878122 -1 0 0
390.4100899100899 408.9165834165834 -1 0 0
401.19930069930075 389.1363636363636 -1 0 0
384.4160839160839 372.9525474525475 -1 0 0
380.22027972027973 353.7717282717283 -1 0 0
366.4340659340659 331.5939060939061 -1 0 0
386.81368631368633 322.60289710289715 -1 0 0
367.03346653346654 290.23526473526476 -1 0 0
349.6508491508491 269.85564435564436 -1 0 0
329.2712287712288 274.6508491508491 -1 0 0
317.2832167832168 242.88261738261744 -1 0 0
377.8226773226773 239.88561438561445 -1 0 0
392.2082917082917 262.66283716283715 -1 0 0
377.2232767232768 281.2442557442557 -1 0 0
414.38611388611395 313.6118881118881 -1 0 0
434.76573426573424 336.3891108891109 -1 0 0
440.1603396603396 377.74775224775226 -1 0 0
441.95854145854145 420.9045954045954 -1 0 0
483.9165834165833 411.3141858141858 -1 0 0
463.5369630369631 383.74175824175825 -1 0 0
504.8956043956044 394.53096903096906 -1 0 0
519.2812187812189 417.3081918081918 -1 0 0
533.0674325674327 410.7147852147852 -1 0 0
540.2602397602398 443.0824175824176 -1 0 0
577.423076923077 423.9015984015984 -1 0 0
576.2242757242758 399.32617382617383 -1 0 0
543.8566433566434 392.1333666333666 -1 0 0
532.468031968032 358.5669330669331 -1 0 0
498.3021978021978 349.5759240759241 -1 0 0
486.3141858141858 341.78371628371633 -1 0 0
464.7357642357643 317.80769230769226 -1 0 0
489.91058941058947 316.00949050949055 -1 0 0
511.489010989011 333.3921078921079 -1 0 0
549.8506493506494 327.9975024975025 -1 0 0
560.6398601398602 306.4190809190809 -1 0 0
576.2242757242758 313.0124875124875 -1 0 0
591.8086913086913 329.19630369630374 -1 0 0
581.6188811188812 280.0454545454546 -1 0 0
547.453046953047 287.2382617382617 -1 0 0
512.0884115884116 289.03646353646354 -1 0 0
482.71778221778226 281.2442557442557 -1 0 0
429.97052947052947 268.05744255744264 -1 0 0
414.38611388611395 253.07242757242759 -1 0 0
405.39510489510496 243.48201798201796 -1 0 0
394.00649350649354 240.48501498501497 -1 0 0
437.1633366633367 242.2832167832168 -1 0 0
494.70579420579423 233.29220779220782 -1 0 0
521.0794205794207 225.50000000000006 -1 0 0
528.2722277722278 250.67482517482523 -1 0 0
537.8626373626374 266.2592407592408 -1 0 0
522.2782217782218 272.2532467532468 -1 0 0
506.6938061938062 269.85564435564436 -1 0 0
542.0584415584416 238.68681318681325 -1 0 0
578.0224775224775 248.87662337662343 -1 0 0
560.6398601398602 227.8976023976024 -1 0 0
564.2362637362638 209.91558441558448 -1 0 0
547.453046953047 212.31318681318686 -1 0 0
539.6608391608393 200.92457542457547 -1 0 0
572.0284715284715 169.15634365634372 -1 0 0
586.414085914086 196.72877122877128 -1 0 0
593.6068931068932 223.70179820179825 -1 0 0
596.0044955044956 161.9635364635365 -1 0 0
599.0014985014985 142.18331668331672 -1 0 0
280.71978021978026 261.46403596403604 -1 0 0
