13.357176470588252 443.4371764705882 -1 0 0
41.66776470588236 453.07482352941173 -1 0 0
44.07717647058827 489.8183529411765 -1 0 0
61.84658823529414 488.3124705882353 -1 0 0
88.95247058823531 484.096 -1 0 0
103.40894117647062 477.16894117647064 -1 0 0
63.35247058823532 437.1124705882353 -1 0 0
96.48188235294118 427.47482352941176 -1 0 0
156.71717647058824 419.9454117647059 -1 0 0
164.84894117647062 397.9595294117647 -1 0 0
178.10070588235297 475.6630588235294 -1 0 0
187.73835294117652 498.25129411764703 -1 0 0
185.63011764705885 447.6536470588235 -1 0 0
213.3383529411765 394.64658823529413 -1 0 0
225.98776470588234 412.7171764705882 -1 0 0
194.0630588235294 444.0395294117647 -1 0 0
67.26776470588237 390.4301176470588 -1 0 0
22.693647058823554 404.5854117647059 -1 0 0
85.03717647058826 427.47482352941176 -1 0 0
19.98305882352943 308.6607058823529 -1 0 0
21.79011764705884 336.36894117647057 -1 0 0
7.936000000000015 370.70305882352943 -1 0 0
63.35247058823532 344.19952941176473 -1 0 0
88.6512941176471 330.9477647058823 -1 0 0
136.23717647058825 338.176 -1 0 0
124.19011764705884 371.0042352941176 -1 0 0
155.2112941176471 346.3077647058823 -1 0 0
166.656 295.1077647058823 -1 0 0
188.6418823529412 273.12188235294116 -1 0 0
212.4348235294118 287.57835294117643 -1 0 0
225.3854117647059 275.2301176470588 -1 0 0
238.9383529411765 302.336 -1 0 0
228.096 350.82541176470585 -1 0 0
200.08658823529416 363.1736470588235 -1 0 0
253.09364705882356 376.42541176470587 -1 0 0
55.82305882352944 294.8065882352941 -1 0 0
-39.951058823529394 393.291294117647 -1 0 0
13.808941176470572 266.1948235294117 -1 0 0
49.950117647058825 268.6042352941176 -1 0 0
45.13129411764705 239.08894117647048 -1 0 0
82.47717647058825 251.7383529411764 -1 0 0
109.5830588235294 255.9548235294117 -1 0 0
142.11011764705887 234.87247058823522 -1 0 0
152.35011764705885 247.5218823529411 -1 0 0
172.83011764705887 222.22305882352936 -1 0 0
211.98305882352946 245.11247058823523 -1 0 0
73.59247058823532 219.5124705882352 -1 0 0
61.545411764705904 221.01835294117637 -1 0 0
105.8183529411765 221.62070588235284 -1 0 0
110.33600000000001 243.00423529411754 -1 0 0
124.79247058823532 206.86305882352931 -1 0 0
134.7312941176471 189.09364705882345 -1 0 0
239.8418823529412 221.01835294117637 -1 0 0
262.73129411764705 240.59482352941166 -1 0 0
250.9854117647059 185.4795294117646 -1 0 0
229.30070588235296 201.14070588235285 -1 0 0
155.2112941176471 236.07717647058814 -1 0 0
17.874823529411792 194.21364705882337 -1 0 0
18.47717647058825 159.57835294117632 -1 0 0
76.0018823529412 175.54070588235277 -1 0 0
92.26541176470592 157.7712941176469 -1 0 0
126.90070588235297 148.73599999999985 -1 0 0
149.79011764705885 136.086588235294 -1 0 0
161.2348235294118 165.60188235294103 -1 0 0
186.23247058823532 178.55247058823514 -1 0 0
183.8230588235294 169.21599999999987 -1 0 0
182.9195294117647 197.52658823529399 -1 0 0
241.95011764705885 151.44658823529397 -1 0 0
204.90541176470592 141.80894117647043 -1 0 0
243.75717647058826 128.55717647058808 -1 0 0
64.85835294117649 136.68894117647042 -1 0 0
87.44658823529414 128.85835294117632 -1 0 0
3.1171764705882525 81.57364705882335 -1 0 0
26.30776470588238 117.71482352941159 -1 0 0
20.88658823529414 109.88423529411746 -1 0 0
35.644235294117664 62.59952941176453 -1 0 0
38.05364705882356 86.09129411764688 -1 0 0
58.53364705882354 96.63247058823511 -1 0 0
87.74776470588236 94.8254117647057 -1 0 0
73.89364705882355 71.33364705882335 -1 0 0
73.59247058823532 50.55247058823511 -1 0 0
118.76894117647062 68.02070588235276 -1 0 0
133.82776470588234 54.467764705882175 -1 0 0
117.86541176470593 46.63717647058805 -1 0 0
167.86070588235296 83.681882352941 -1 0 0
160.3312941176471 104.46305882352924 -1 0 0
129.31011764705883 114.401882352941 -1 0 0
197.376 99.64423529411746 -1 0 0
205.8089411764706 88.50070588235276 -1 0 0
223.57835294117652 99.64423529411746 -1 0 0
243.75717647058826 75.85129411764687 -1 0 0
226.89129411764705 60.49129411764687 -1 0 0
171.47482352941182 53.56423529411747 -1 0 0
17.874823529411792 10.646588235294113 -1 0 0
29.620705882352965 44.6795294117647 -1 0 0
35.644235294117664 14.260705882352937 -1 0 0
65.46070588235297 31.12658823529411 -1 0 0
77.50776470588237 9.441882352941175 -1 0 0
100.6983529411765 25.40423529411765 -1 0 0
119.67247058823531 5.82776470588235 -1 0 0
139.85129411764711 12.754823529411748 -1 0 0
136.83952941176477 38.05364705882352 -1 0 0
164.24658823529415 13.357176470588223 -1 0 0
195.26776470588234 21.790117647058825 -1 0 0
213.03717647058826 8.538352941176461 -1 0 0
245.2630588235294 8.538352941176461 -1 0 0
137.89364705882355 47.540705882352896 -1 0 0
262.1289411764707 76.15247058823526 -1 0 0
252.79247058823537 102.35482352941172 -1 0 0
268.7548235294118 103.55952941176467 -1 0 0
281.4042352941177 62.29835294117643 -1 0 0
302.1854117647059 63.80423529411761 -1 0 0
307.3054117647059 44.22776470588231 -1 0 0
319.0512941176471 34.288941176470544 -1 0 0
327.7854117647059 55.37129411764702 -1 0 0
331.39952941176483 70.43011764705878 -1 0 0
344.6512941176471 78.86305882352937 -1 0 0
352.4818823529412 99.94541176470585 -1 0 0
359.4089411764706 118.01599999999998 -1 0 0
378.98541176470593 96.63247058823525 -1 0 0
357.90305882352953 55.97364705882348 -1 0 0
340.736 38.50541176470585 -1 0 0
365.1312941176471 39.1077647058823 -1 0 0
378.0818823529412 36.69835294117642 -1 0 0
383.5030588235295 60.49129411764702 -1 0 0
329.7430588235294 8.38776470588235 -1 0 0
419.4936470588235 42.1195294117647 -1 0 0
449.0089411764705 32.48188235294115 -1 0 0
439.371294117647 68.6230588235294 -1 0 0
458.64658823529413 51.75717647058823 -1 0 0
477.9218823529411 40.91482352941175 -1 0 0
487.5595294117646 67.41835294117645 -1 0 0
468.2842352941176 88.50070588235292 -1 0 0
449.611294117647 90.91011764705883 -1 0 0
454.4301176470588 115.00423529411762 -1 0 0
413.4701176470588 119.8230588235294 -1 0 0
395.3995294117646 129.46070588235293 -1 0 0
373.7148235294117 145.12188235294118 -1 0 0
333.206588235294 140.9054117647059 -1 0 0
348.2654117647058 207.4654117647059 -1 0 0
454.27952941176466 141.80894117647057 -1 0 0
494.63717647058814 110.4865882352941 -1 0 0
511.5030588235293 74.04423529411763 -1 0 0
513.9124705882352 128.85835294117646 -1 0 0
508.49129411764693 160.48188235294114 -1 0 0
557.2818823529411 130.36423529411763 -1 0 0
541.6207058823528 75.55011764705881 -1 0 0
542.5242352941176 46.034823529411746 -1 0 0
523.851294117647 39.710117647058794 -1 0 0
566.9195294117646 67.71952941176468 -1 0 0
318.1477647058823 196.32188235294115 -1 0 0
309.41364705882347 190.59952941176468 -1 0 0
303.99247058823516 150.54305882352935 -1 0 0
357.90305882352936 159.57835294117643 -1 0 0
370.55247058823517 166.2042352941176 -1 0 0
392.5383529411764 183.67247058823526 -1 0 0
419.9454117647058 156.8677647058823 -1 0 0
402.4771764705882 138.49599999999995 -1 0 0
478.3736470588235 160.78305882352933 -1 0 0
471.4465882352941 178.8536470588235 -1 0 0
434.4018823529411 214.6936470588235 -1 0 0
455.1830588235294 232.4630588235294 -1 0 0
413.0183529411764 235.1736470588235 -1 0 0
408.1995294117647 205.3571764705882 -1 0 0
389.22541176470577 223.1265882352941 -1 0 0
365.131294117647 234.87247058823527 -1 0 0
334.11011764705876 226.4395294117647 -1 0 0
302.7877647058823 238.4865882352941 -1 0 0
524.4536470588235 190.29835294117646 -1 0 0
536.3501176470588 287.87952941176474 -1 0 0
453.2254117647059 272.2183529411766 -1 0 0
316.6418823529411 289.38541176470596 -1 0 0
311.22070588235283 261.3760000000001 -1 0 0
287.72894117647047 259.8701176470589 -1 0 0
340.7359999999999 260.7736470588236 -1 0 0
360.91482352941165 279.4465882352942 -1 0 0
380.49129411764693 270.4112941176471 -1 0 0
403.9830588235293 253.8465882352942 -1 0 0
432.29364705882347 261.9783529411766 -1 0 0
418.1383529411763 302.6371764705883 -1 0 0
393.14070588235285 316.1901176470589 -1 0 0
393.14070588235285 282.45835294117654 -1 0 0
332.3030588235293 304.745411764706 -1 0 0
295.5595294117646 309.865411764706 -1 0 0
493.1312941176469 286.67482352941187 -1 0 0
315.4371764705882 380.0395294117648 -1 0 0
335.3148235294117 349.9218823529413 -1 0 0
318.44894117647056 345.70541176470596 -1 0 0
297.6677647058823 359.5595294117648 -1 0 0
285.0183529411764 401.4230588235295 -1 0 0
332.30305882352934 420.3971764705883 -1 0 0
371.7571764705882 406.5430588235295 -1 0 0
368.4442352941176 375.220705882353 -1 0 0
377.7807058823529 354.4395294117648 -1 0 0
358.2042352941176 328.83952941176483 -1 0 0
406.9948235294117 357.1501176470589 -1 0 0
414.82541176470585 389.67717647058834 -1 0 0
419.0418823529411 418.59011764705895 -1 0 0
453.376 377.32894117647066 -1 0 0
484.09599999999995 365.2818823529413 -1 0 0
452.171294117647 320.7077647058824 -1 0 0
429.58305882352937 346.6089411764707 -1 0 0
508.19011764705874 326.7312941176471 -1 0 0
462.411294117647 422.8065882352942 -1 0 0
253.2442352941176 472.19952941176484 -1 0 0
271.3148235294117 449.91247058823535 -1 0 0
291.19247058823527 430.6371764705883 -1 0 0
309.2630588235293 458.34541176470594 -1 0 0
358.65599999999995 472.19952941176484 -1 0 0
412.8677647058823 479.4277647058824 -1 0 0
389.97835294117647 443.28658823529423 -1 0 0
350.22305882352936 428.8301176470589 -1 0 0
269.5077647058823 306.55247058823534 -1 0 0
52.058352941176345 519.1830588235296 -1 0 0
479.7289411764705 461.9595294117648 -1 0 0
509.2442352941177 442.68423529411774 -1 0 0
523.700705882353 430.6371764705883 -1 0 0
524.9054117647058 390.8818823529412 -1 0 0
529.7242352941176 360.16188235294123 -1 0 0
548.9995294117646 337.8748235294118 -1 0 0
564.0583529411764 348.7171764705883 -1 0 0
592.3689411764706 381.84658823529423 -1 0 0
585.140705882353 423.40894117647065 -1 0 0
610.4395294117649 484.84894117647065 -1 0 0
667.5124705882353 347.21129411764707 -1 0 0
637.9971764705882 382.7501176470588 -1 0 0
671.1265882352942 397.8089411764706 -1 0 0
704.256 360.76423529411767 -1 0 0
737.0842352941177 383.0512941176471 -1 0 0
725.6395294117648 330.3454117647059 -1 0 0
706.3642352941176 292.9995294117647 -1 0 0
667.2112941176471 289.08423529411766 -1 0 0
630.4677647058825 300.8301176470588 -1 0 0
600.6512941176471 331.2489411764706 -1 0 0
580.7736470588236 292.096 -1 0 0
715.700705882353 270.41129411764706 -1 0 0
681.3665882352941 259.8701176470588 -1 0 0
688.2936470588235 224.33129411764705 -1 0 0
714.7971764705882 226.4395294117647 -1 0 0
748.8301176470588 236.6795294117647 -1 0 0
765.0936470588235 255.35247058823526 -1 0 0
758.7689411764707 297.216 -1 0 0
779.2489411764706 309.86541176470587 -1 0 0
792.500705882353 324.32188235294115 -1 0 0
807.2583529411766 308.3595294117647 -1 0 0
798.2230588235294 280.9524705882353 -1 0 0
832.8583529411766 272.8207058823529 -1 0 0
854.2418823529413 242.10070588235294 -1 0 0
859.9642352941177 266.19482352941174 -1 0 0
855.145411764706 301.43247058823533 -1 0 0
835.5689411764706 325.8277647058824 -1 0 0
868.3971764705882 313.17835294117646 -1 0 0
883.7571764705882 330.0442352941176 -1 0 0
889.780705882353 283.6630588235294 -1 0 0
917.1877647058824 258.9665882352941 -1 0 0
872.3124705882353 246.31717647058824 -1 0 0
876.5289411764707 227.94541176470585 -1 0 0
827.7383529411766 232.4630588235294 -1 0 0
785.8748235294119 274.6277647058823 -1 0 0
623.2395294117648 142.11011764705873 -1 0 0
580.1712941176471 152.0489411764705 -1 0 0
615.4089411764706 208.36894117647049 -1 0 0
591.9171764705883 238.48658823529405 -1 0 0
568.1242352941177 251.1359999999999 -1 0 0
548.2465882352942 237.2818823529411 -1 0 0
564.8112941176471 203.55011764705876 -1 0 0
645.8277647058824 171.32423529411756 -1 0 0
675.3430588235294 148.13364705882344 -1 0 0
685.8842352941177 180.66070588235283 -1 0 0
642.5148235294118 227.9454117647058 -1 0 0
632.8771764705883 253.24423529411757 -1 0 0
664.1995294117648 206.86305882352934 -1 0 0
663.8983529411765 197.82776470588226 -1 0 0
717.2065882352942 190.59952941176462 -1 0 0
737.9877647058825 191.20188235294108 -1 0 0
758.4677647058825 169.21599999999992 -1 0 0
780.7548235294119 192.40658823529404 -1 0 0
790.9948235294119 213.18776470588227 -1 0 0
717.8089411764706 163.1924705882352 -1 0 0
735.2771764705883 149.03717647058815 -1 0 0
794.0065882352942 159.5783529411764 -1 0 0
612.6983529411765 94.22305882352927 -1 0 0
579.2677647058824 105.6677647058822 -1 0 0
600.6512941176471 81.27247058823515 -1 0 0
580.7736470588236 140.6042352941175 -1 0 0
594.025411764706 136.3877647058822 -1 0 0
628.660705882353 110.78776470588221 -1 0 0
637.696 118.3171764705881 -1 0 0
642.816 137.89364705882338 -1 0 0
662.3924705882355 123.4371764705881 -1 0 0
683.1736470588236 136.086588235294 -1 0 0
711.1830588235294 136.3877647058822 -1 0 0
730.4583529411765 114.70305882352928 -1 0 0
685.2818823529412 90.91011764705868 -1 0 0
724.1336470588236 86.99482352941162 -1 0 0
662.0912941176471 68.02070588235279 -1 0 0
642.5148235294118 55.07011764705868 -1 0 0
631.070117647059 80.67011764705867 -1 0 0
702.4489411764706 57.78070588235279 -1 0 0
742.8065882352943 50.85364705882338 -1 0 0
724.7360000000001 38.95717647058822 -1 0 0
711.1830588235296 12.754823529411748 -1 0 0
746.1195294117648 12.754823529411748 -1 0 0
775.0324705882355 24.801882352941174 -1 0 0
766.2983529411765 54.9195294117647 -1 0 0
781.3571764705883 54.016 -1 0 0
826.8348235294118 24.801882352941174 -1 0 0
833.4607058823531 48.896 -1 0 0
842.4960000000001 55.22070588235294 -1 0 0
865.9877647058825 79.01364705882352 -1 0 0
834.665411764706 87.44658823529412 -1 0 0
812.980705882353 80.5195294117647 -1 0 0
778.6465882352942 106.72188235294118 -1 0 0
785.5736470588237 105.81835294117647 -1 0 0
804.5477647058824 120.27482352941175 -1 0 0
932.2465882352942 67.26776470588236 -1 0 0
878.336 10.646588235294113 -1 0 0
922.3077647058824 17.272470588235286 -1 0 0
937.6677647058824 32.33129411764705 -1 0 0
932.2465882352942 2.816 -1 0 0
792.1995294117648 5.82776470588235 -1 0 0
878.336 210.77835294117645 -1 0 0
888.8771764705883 201.1407058823529 -1 0 0
875.625411764706 193.3101176470588 -1 0 0
906.6465882352942 183.0701176470588 -1 0 0
932.2465882352942 168.91482352941176 -1 0 0
908.1524705882354 213.48894117647055 -1 0 0
921.4042352941176 234.87247058823527 -1 0 0
953.931294117647 213.48894117647055 -1 0 0
983.4465882352943 230.35482352941176 -1 0 0
1001.8183529411765 181.56423529411762 -1 0 0
951.5218823529412 143.0136470588235 -1 0 0
845.8089411764706 137.8936470588235 -1 0 0
815.3901176470588 153.55482352941175 -1 0 0
800.3312941176471 150.24188235294116 -1 0 0
875.0230588235294 145.12188235294116 -1 0 0
926.5242352941176 304.1430588235294 -1 0 0
964.171294117647 255.051294117647 -1 0 0
1009.3477647058825 250.53364705882348 -1 0 0
999.4089411764706 273.1218823529411 -1 0 0
836.7736470588235 408.0489411764705 -1 0 0
807.860705882353 383.051294117647 -1 0 0
839.1830588235294 379.1359999999999 -1 0 0
774.7312941176472 372.2089411764705 -1 0 0
777.7430588235294 406.54305882352935 -1 0 0
873.216 359.55952941176463 -1 0 0
914.7783529411765 348.4159999999999 -1 0 0
886.4677647058825 397.206588235294 -1 0 0
957.2442352941176 349.0183529411764 -1 0 0
971.0983529411765 418.2889411764705 -1 0 0
979.2301176470588 353.2348235294117 -1 0 0
975.9171764705882 391.78541176470577 -1 0 0
628.660705882353 398.7124705882352 -1 0 0
684.3783529411767 459.2489411764705 -1 0 0
715.7007058823531 440.27482352941166 -1 0 0
733.4701176470589 422.806588235294 -1 0 0
666.0065882352942 474.006588235294 -1 0 0
706.2136470588237 490.87247058823533 -1 0 0
755.6065882352942 471.5971764705882 -1 0 0
776.6889411764708 429.43247058823533 -1 0 0
797.1689411764709 457.7430588235294 -1 0 0
826.6842352941178 436.6607058823529 -1 0 0
856.1995294117648 454.1289411764706 -1 0 0
842.345411764706 492.07717647058826 -1 0 0
798.3736470588236 506.53364705882353 -1 0 0
767.0512941176472 510.7501176470588 -1 0 0
552.6136470588236 496.896 -1 0 0
374.9195294117648 495.0889411764706 -1 0 0
424.9148235294119 509.54541176470593 -1 0 0
652.6042352941179 278.2418823529411 -1 0 0
600.8018823529413 272.8207058823529 -1 0 0
556.8301176470591 266.7971764705882 -1 0 0
368.89600000000013 336.0677647058823 -1 0 0
979.380705882353 22.24188235294112 -1 0 0
967.3336470588237 56.575999999999944 -1 0 0
1005.8842352941178 63.20188235294115 -1 0 0
993.2348235294119 114.40188235294114 -1 0 0
1008.1430588235294 2.5148235294117622 -1 0 0
669.9218823529412 32.632470588235286 -1 0 0
685.8842352941177 3.4183529411764613 -1 0 0
646.7312941176472 15.16423529411765 -1 0 0
642.816 30.524235294117652 -1 0 0
620.830117647059 13.357176470588223 -1 0 0
604.265411764706 28.416 -1 0 0
595.2301176470589 40.16188235294118 -1 0 0
583.1830588235294 30.2230588235294 -1 0 0
587.3995294117647 4.924235294117651 -1 0 0
561.1971764705884 44.6795294117647 -1 0 0
529.8748235294119 12.754823529411748 -1 0 0
658.7783529411765 3.1171764705882232 -1 0 0
427.4748235294118 17.573647058823525 -1 0 0
445.54541176470593 4.924235294117651 -1 0 0
469.94070588235303 4.3218823529411745 -1 0 0
509.0936470588236 32.03011764705882 -1 0 0
282.4583529411764 174.63717647058823 -1 0 0
930.5901176470588 439.0701176470588 -1 0 0
895.6536470588236 457.1407058823529 -1 0 0
908.9054117647061 492.07717647058826 -1 0 0
989.0183529411767 495.0889411764706 -1 0 0
955.8889411764707 446.29835294117646 -1 0 0
1015.5218823529412 443.8889411764706 -1 0 0
1018.5336470588236 492.6795294117647 -1 0 0
770.3642352941177 355.3430588235294 -1 0 0
622.7877647058824 413.771294117647 -1 0 0
