78.19133734546851 679.6236103287779 -1 0 0
48.70819127805278 576.073048531025 -1 0 0
102.64077554771572 543.7134979692273 -1 0 0
76.03403397468199 538.6797901040588 -1 0 0
76.75313509827753 516.3876552725981 -1 0 0
60.9329103791764 525.0168687557441 -1 0 0
30.730663188165135 533.6460822388902 -1 0 0
11.314932851086503 503.443835047879 -1 0 0
18.505944087041552 494.81462156473293 -1 0 0
6.281224985917972 480.4325990928228 -1 0 0
26.416056446592137 491.21911594675544 -1 0 0
38.64077554771572 471.80338560967675 -1 0 0
47.98909015445729 476.1179923512498 -1 0 0
43.67448341288425 489.78091369956445 -1 0 0
58.05650588479435 493.37641931754195 -1 0 0
68.12392161513145 499.84832942990147 -1 0 0
13.741899143221362 420.8370934748453 -1 0 0
20.034033974682036 421.1966440366431 -1 0 0
24.887966558951693 420.6573181939464 -1 0 0
33.51718004209777 427.6685541490026 -1 0 0
20.75313509827754 430.90450920518236 -1 0 0
26.865494648839338 438.9943968456318 -1 0 0
39.62953959265956 433.96068898046326 -1 0 0
47.180101390412375 433.0618125759689 -1 0 0
13.382348581423605 435.758441789452 -1 0 0
7.090213749962931 463.80338560967675 -1 0 0
13.562123862322489 466.6797901040587 -1 0 0
20.21380925558091 467.758441789452 -1 0 0
26.146393525243834 457.15170021641836 -1 0 0
14.461000266816864 457.5112507782161 -1 0 0
19.135157570187648 454.9943968456318 -1 0 0
15.35987667131125 451.57866650855317 -1 0 0
4.213809255580909 453.91574516023854 -1 0 0
34.23628116569327 448.16293617147454 -1 0 0
25.067741839850576 447.80338560967675 -1 0 0
35.4947081319854 460.02810471080033 -1 0 0
41.966618244344964 464.5224867332723 -1 0 0
61.562123862322494 416.88203729507 -1 0 0
58.146393525243845 418.85956538495765 -1 0 0
68.75313509827754 416.5224867332723 -1 0 0
44.48347217692922 457.6910260591149 -1 0 0
79.80931487355846 446.45507100293514 -1 0 0
57.87673060389553 430.63484628383395 -1 0 0
50.685719367940486 426.320239542261 -1 0 0
68.39358453647979 451.0393406658564 -1 0 0
76.48347217692924 450.140464261362 -1 0 0
82.7756070083899 450.140464261362 -1 0 0
86.55088790726631 448.8820372950699 -1 0 0
64.61830363760338 448.8820372950699 -1 0 0
74.14639352524384 476.0281047108002 -1 0 0
72.70819127805282 465.42136313776655 -1 0 0
80.25875307580563 459.8483294299014 -1 0 0
74.14639352524384 455.17417212653055 -1 0 0
72.34864071625508 446.36518336248565 -1 0 0
91.76437105333372 461.4663069579912 -1 0 0
96.43852835670451 469.5561945984407 -1 0 0
88.52841599715394 484.4775429130474 -1 0 0
106.32616880614272 480.702262014171 -1 0 0
104.52841599715394 494.18540808158673 -1 0 0
90.14639352524384 494.18540808158673 -1 0 0
76.84302273872699 489.5112507782159 -1 0 0
72.52841599715394 484.4775429130474 -1 0 0
68.75313509827754 496.88203729506984 -1 0 0
59.764371053333726 482.85956538495753 -1 0 0
98.59583172749103 434.85956538495753 -1 0 0
89.06774183985058 435.57866650855306 -1 0 0
107.2250452106371 434.140464261362 -1 0 0
113.3374047611989 435.57866650855306 -1 0 0
122.14639352524384 434.67979010405867 -1 0 0
125.74189914322136 434.67979010405867 -1 0 0
109.74189914322137 461.4663069579912 -1 0 0
104.6183036376034 453.1067563961935 -1 0 0
100.66324745782815 450.58990246360923 -1 0 0
99.94414633423261 454.5449586433846 -1 0 0
101.0227980196259 531.4887788681036 -1 0 0
93.47223622187309 504.88203729506984 -1 0 0
135.1801013904124 518.5449586433846 -1 0 0
168.61830363760345 512.4325990928227 -1 0 0
185.51718004209783 520.7022620141711 -1 0 0
225.06774183985064 522.8595653849575 -1 0 0
253.47223622187312 500.92698111529467 -1 0 0
241.2475171207495 498.41012718271037 -1 0 0
213.92167442412028 508.4775429130474 -1 0 0
186.95538228928882 487.98316089057556 -1 0 0
203.85425869378324 489.06181257596876 -1 0 0
154.95538228928882 502.00563280068786 -1 0 0
131.58459577243488 495.5337226883283 -1 0 0
149.9216744241203 493.01686875574404 -1 0 0
170.41605644659222 487.98316089057556 -1 0 0
157.4722362218731 483.30900358720476 -1 0 0
126.55088790726633 487.26405976698004 -1 0 0
118.64077554771579 480.79214965462046 -1 0 0
123.67448341288433 464.6123743737216 -1 0 0
139.13515757018772 465.69102605911485 -1 0 0
147.76437105333378 475.3988912276542 -1 0 0
213.2025733005248 484.0281047108002 -1 0 0
240.16886543535628 479.3539474074295 -1 0 0
208.88796655895177 475.0393406658564 -1 0 0
246.64077554771583 539.3988912276542 -1 0 0
130.77560700838993 430.5449586433846 -1 0 0
148.93291037917643 429.82585751978905 -1 0 0
155.404820491536 435.57866650855306 -1 0 0
130.41605644659217 434.85956538495753 -1 0 0
109.92167442412025 453.19664403664297 -1 0 0
114.95538228928879 456.25282381192386 -1 0 0
91.76437105333375 453.73596987933956 -1 0 0
95.53965195221016 449.7809136995643 -1 0 0
82.41605644659217 454.45507100293503 -1 0 0
130.2362811656933 451.93821707035085 -1 0 0
121.42729240164834 449.7809136995643 -1 0 0
120.52841599715399 453.9157451602385 -1 0 0
144.7980789185023 432.702262014171 -1 0 0
138.14639352524387 436.11799235124965 -1 0 0
134.91043846906408 453.73596987933956 -1 0 0
149.29246094097422 451.0393406658564 -1 0 0
153.966618244345 451.2191159467553 -1 0 0
162.59583172749103 437.19664403664297 -1 0 0
160.0789777949068 451.57866650855306 -1 0 0
165.11268566007533 452.4775429130474 -1 0 0
174.8205508286146 432.5224867332722 -1 0 0
169.966618244345 432.16293617147437 -1 0 0
180.75313509827757 433.6011384186654 -1 0 0
187.22504521063712 434.32023954226094 -1 0 0
200.1688654353562 433.9606889804632 -1 0 0
205.0227980196259 433.6011384186654 -1 0 0
193.87673060389554 435.57866650855306 -1 0 0
189.7418991432214 436.2977676321486 -1 0 0
189.7418991432214 436.2977676321486 -1 0 0
167.98909015445733 453.55619459844075 -1 0 0
174.46100026681688 452.2977676321486 -1 0 0
183.26998903086184 452.2977676321486 -1 0 0
184.52841599715399 449.06181257596876 -1 0 0
182.7306631881652 456.07304853102494 -1 0 0
175.8992025140079 456.25282381192386 -1 0 0
170.14639352524387 459.8483294299014 -1 0 0
185.7868429634461 467.57866650855306 -1 0 0
170.86549464883936 469.5561945984407 -1 0 0
160.7980789185023 476.5674305534969 -1 0 0
167.98909015445733 477.4663069579912 -1 0 0
169.966618244345 484.4775429130475 -1 0 0
188.3036968960304 483.57866650855306 -1 0 0
201.24751712074948 464.3427114523733 -1 0 0
190.8205508286146 459.30900358720476 -1 0 0
174.8205508286146 463.0842844860811 -1 0 0
190.7306631881651 554.1404642613621 -1 0 0
190.7306631881651 590.0955204411374 -1 0 0
207.98909015445724 662.0056328006879 -1 0 0
208.1688654353562 435.6685541490025 -1 0 0
212.84302273872697 436.0281047108002 -1 0 0
199.89920251400787 455.80338560967664 -1 0 0
204.9329103791764 457.6011384186654 -1 0 0
207.0902137499629 446.8146215647328 -1 0 0
212.84302273872697 446.0955204411373 -1 0 0
211.04526992973817 455.80338560967664 -1 0 0
196.66324745782808 451.8483294299014 -1 0 0
207.8093148735584 461.19664403664297 -1 0 0
211.7643710533337 462.99439684563174 -1 0 0
213.92167442412023 469.4663069579912 -1 0 0
222.19133734546855 470.5449586433846 -1 0 0
232.9778541994011 462.63484628383395 -1 0 0
230.46100026681682 456.8820372950699 -1 0 0
227.2250452106371 453.64608223889013 -1 0 0
226.86549464883933 449.3314754973171 -1 0 0
218.95538228928874 456.8820372950699 -1 0 0
228.6632474578281 466.949453025407 -1 0 0
243.7643710533337 462.63484628383395 -1 0 0
249.15762948030002 465.15170021641825 -1 0 0
241.96661824434491 443.57866650855306 -1 0 0
92.75313509827748 517.2865316770924 -1 0 0
207.5396519522101 453.01686875574404 -1 0 0
198.19133734546855 452.4775429130474 -1 0 0
223.18010139041237 432.5224867332721 -1 0 0
219.2250452106371 437.9157451602384 -1 0 0
228.39358453647978 433.42136313776655 -1 0 0
237.3823485814236 432.8820372950699 -1 0 0
233.06774183985056 435.7584417894519 -1 0 0
242.41605644659214 435.3988912276542 -1 0 0
239.00032610951345 436.6573181939463 -1 0 0
233.06774183985056 445.6460822388901 -1 0 0
254.64077554771572 435.0393406658564 -1 0 0
256.07897779490673 445.4663069579912 -1 0 0
256.79807891850226 437.1966440366429 -1 0 0
248.8879665589517 458.9494530254069 -1 0 0
257.1576294803 467.578666508553 -1 0 0
254.64077554771572 481.9606889804632 -1 0 0
271.0003261095135 436.6573181939463 -1 0 0
272.07897779490673 431.6236103287777 -1 0 0
270.6407755477157 463.44383504787885 -1 0 0
255.00032610951345 472.6123743737216 -1 0 0
255.00032610951345 456.79214965462046 -1 0 0
261.11268566007533 456.79214965462046 -1 0 0
258.23628116569324 460.92698111529455 -1 0 0
263.2699890308618 466.50001482315974 -1 0 0
280.16886543535617 436.8370934748452 -1 0 0
283.0452699297382 431.98316089057556 -1 0 0
286.10144970501915 437.9157451602384 -1 0 0
287.89920251400787 434.140464261362 -1 0 0
291.67448341288423 435.7584417894519 -1 0 0
265.60706768254715 450.67979010405867 -1 0 0
246.73066318816515 470.27529572203616 -1 0 0
232.16886543535617 450.85956538495753 -1 0 0
267.5845957724348 455.3539474074295 -1 0 0
280.52841599715396 457.1517002164182 -1 0 0
275.3149328510865 454.27529572203616 -1 0 0
271.53965195221014 452.4775429130474 -1 0 0
283.7643710533337 445.6460822388901 -1 0 0
271.18010139041235 471.17417212653055 -1 0 0
271.0003261095135 474.23035190181145 -1 0 0
283.22504521063706 469.55619459844064 -1 0 0
284.843022738727 474.5899024636092 -1 0 0
283.5845957724348 461.2865316770924 -1 0 0
293.65201150277187 468.8370934748452 -1 0 0
293.1126856600753 464.16293617147437 -1 0 0
294.7306631881652 455.5337226883283 -1 0 0
290.595831727491 452.4775429130474 -1 0 0
297.06774183985056 450.85956538495753 -1 0 0
301.0227980196258 451.578666508553 -1 0 0
303.53965195221014 449.9606889804632 -1 0 0
306.7756070083899 448.702262014171 -1 0 0
310.91043846906405 450.3202395422609 -1 0 0
301.5621238623225 467.578666508553 -1 0 0
308.5733598173787 465.06181257596876 -1 0 0
314.86549464883933 469.1966440366429 -1 0 0
322.7756070083899 482.67979010405867 -1 0 0
299.04526992973814 485.9157451602384 -1 0 0
290.0565058847943 485.1966440366429 -1 0 0
282.3261688061427 486.63484628383395 -1 0 0
270.28122498591796 482.67979010405867 -1 0 0
283.9441463342326 497.60113841866536 -1 0 0
311.44976431176065 477.4663069579912 -1 0 0
317.2025733005247 462.36518336248565 -1 0 0
325.47223622187306 450.85956538495753 -1 0 0
328.16886543535617 460.92698111529455 -1 0 0
323.85425869378315 463.26405976698 -1 0 0
314.6857193679404 450.67979010405867 -1 0 0
310.7306631881652 433.7809136995643 -1 0 0
302.8205508286146 435.3988912276542 -1 0 0
295.6295395926595 436.11799235124965 -1 0 0
331.7643710533337 434.3202395422609 -1 0 0
295.6295395926595 494.18540808158673 -1 0 0
330.5059440870416 496.702262014171 -1 0 0
330.4160564465921 507.578666508553 -1 0 0
319.62953959265957 530.5899024636093 -1 0 0
311.0003261095135 563.6685541490024 -1 0 0
293.0227980196258 540.6573181939464 -1 0 0
359.89920251400787 540.6573181939464 -1 0 0
382.1913373454685 570.140464261362 -1 0 0
425.33740476119885 609.6910260591148 -1 0 0
497.96661824434494 586.6797901040587 -1 0 0
449.0677418398505 555.0393406658563 -1 0 0
515.2250452106371 533.4663069579913 -1 0 0
514.5059440870416 520.5224867332721 -1 0 0
454.8205508286146 516.9269811152946 -1 0 0
426.0565058847943 528.4325990928227 -1 0 0
364.2138092555809 519.0842844860811 -1 0 0
345.5171800420978 505.42136313776655 -1 0 0
415.2699890308618 508.2977676321485 -1 0 0
393.6969553229966 496.79214965462046 -1 0 0
374.28122498591796 496.79214965462046 -1 0 0
352.70819127805277 493.1966440366429 -1 0 0
341.9216744241202 480.2528238119238 -1 0 0
494.3711126263674 514.0505766209126 -1 0 0
509.47223622187306 492.4775429130474 -1 0 0
483.5845957724348 493.1966440366429 -1 0 0
495.09021374996297 488.16293617147437 -1 0 0
445.47223622187306 493.9157451602384 -1 0 0
458.41605644659217 488.16293617147437 -1 0 0
426.0565058847943 496.79214965462046 -1 0 0
413.1126856600753 491.03934066585634 -1 0 0
387.9441463342326 480.97192493551927 -1 0 0
382.91043846906405 473.78091369956434 -1 0 0
361.33740476119885 480.2528238119238 -1 0 0
306.4160564465922 453.19664403664285 -1 0 0
333.92167442412034 450.8595653849574 -1 0 0
331.5845957724349 454.0955204411372 -1 0 0
334.8205508286147 458.4101271827102 -1 0 0
338.23628116569336 454.0955204411372 -1 0 0
337.1576294803001 444.38765527259784 -1 0 0
338.9553822892889 435.0393406658563 -1 0 0
347.40482049153604 469.7359698793395 -1 0 0
355.6744834128844 470.455071002935 -1 0 0
342.19133734546864 466.6797901040585 -1 0 0
350.1014497050192 441.8708013400136 -1 0 0
349.02279801962595 437.37641931754166 -1 0 0
343.26998903086195 438.0955204411372 -1 0 0
354.0565058847945 433.06181257596864 -1 0 0
358.55088790726643 433.4213631377664 -1 0 0
362.32616880614285 435.398891227654 -1 0 0
370.2362811656934 436.2977676321484 -1 0 0
379.9441463342327 431.084284486081 -1 0 0
393.2475171207496 423.53372268832817 -1 0 0
322.5958317274911 421.7359698793394 -1 0 0
316.6632474578282 421.7359698793394 -1 0 0
395.22504521063723 434.8595653849574 -1 0 0
384.61830363760356 465.42136313776643 -1 0 0
392.16886543535634 462.90450920518214 -1 0 0
393.96661824434517 447.8033856096765 -1 0 0
384.97785419940124 449.96068898046303 -1 0 0
377.2475171207496 450.5000148231597 -1 0 0
363.0452699297383 462.00563280068775 -1 0 0
372.5733598173788 458.76967774450793 -1 0 0
361.2475171207496 455.89327325012596 -1 0 0
348.3036968960305 450.6797901040585 -1 0 0
342.19133734546864 453.01686875574393 -1 0 0
338.59583172749115 450.32023954226077 -1 0 0
355.31493285108667 450.8595653849574 -1 0 0
353.69695532299676 453.19664403664285 -1 0 0
349.2025733005249 455.71349796922703 -1 0 0
351.89920251400804 460.9269811152945 -1 0 0
344.8879665589518 458.05057662091247 -1 0 0
345.96661824434506 452.83709347484506 -1 0 0
368.4385283567047 455.89327325012596 -1 0 0
360.52841599715407 453.37641931754166 -1 0 0
378.32616880614285 454.455071002935 -1 0 0
379.9441463342327 463.4438350478788 -1 0 0
384.61830363760356 460.0281047108001 -1 0 0
381.5621238623226 457.15170021641813 -1 0 0
392.52841599715407 455.3539474074293 -1 0 0
396.1239216151316 453.37641931754166 -1 0 0
356.9329103791765 458.76967774450793 -1 0 0
366.64077554771586 472.2528238119237 -1 0 0
398.461000266817 437.016868755744 -1 0 0
402.41605644659234 437.7359698793395 -1 0 0
410.3261688061429 435.75844178945187 -1 0 0
417.15762948030016 433.96068898046303 -1 0 0
416.4385283567047 438.09552044113724 -1 0 0
421.4722362218732 437.016868755744 -1 0 0
423.98909015445753 437.016868755744 -1 0 0
435.3149328510867 438.27529572203605 -1 0 0
434.5958317274912 434.5000148231597 -1 0 0
449.15762948030016 437.5561945984406 -1 0 0
457.6070676825473 433.96068898046303 -1 0 0
462.461000266817 438.9943968456316 -1 0 0
398.10144970501926 447.8033856096765 -1 0 0
400.4385283567047 444.9269811152945 -1 0 0
402.41605644659234 446.5449586433844 -1 0 0
403.67448341288446 449.96068898046303 -1 0 0
398.6407755477159 450.14046426136196 -1 0 0
404.39358453648 455.89327325012596 -1 0 0
410.68571936794064 455.1741721265305 -1 0 0
410.146393525244 449.6011384186653 -1 0 0
399.8992025140081 471.89327325012596 -1 0 0
405.29246094097437 468.1179923512496 -1 0 0
411.9441463342328 467.03934066585634 -1 0 0
415.1801013904125 472.6123743737215 -1 0 0
407.0902137499631 479.8033856096765 -1 0 0
425.96661824434517 477.1067563961934 -1 0 0
437.6520115027721 475.3090035872046 -1 0 0
437.6520115027721 483.57866650855294 -1 0 0
446.10144970501926 475.1292283063058 -1 0 0
451.3149328510867 478.0056328006878 -1 0 0
469.29246094097437 481.0618125759687 -1 0 0
460.84302273872714 473.331475497317 -1 0 0
469.6520115027721 474.0505766209125 -1 0 0
478.2812249859182 474.769677744508 -1 0 0
475.2250452106373 467.57866650855294 -1 0 0
468.57335981737884 467.57866650855294 -1 0 0
458.68571936794064 459.3090035872046 -1 0 0
456.708191278053 456.6123743737215 -1 0 0
439.0902137499631 452.83709347484506 -1 0 0
413.74189914322153 461.6460822388901 -1 0 0
417.5171800420979 459.66855414900243 -1 0 0
420.39358453648 457.51125077821587 -1 0 0
434.2362811656934 449.6011384186653 -1 0 0
415.8992025140081 451.3988912276541 -1 0 0
424.34864071625526 448.8820372950698 -1 0 0
420.9329103791765 448.8820372950698 -1 0 0
437.11268566007544 444.02810471080016 -1 0 0
445.3823485814238 445.8258575197889 -1 0 0
449.5171800420979 446.7247339242833 -1 0 0
431.35987667131144 447.08428448608106 -1 0 0
440.16886543535634 446.36518336248554 -1 0 0
448.0789777949069 454.9943968456316 -1 0 0
459.58459577243497 448.70226201417097 -1 0 0
466.05650588479455 449.6011384186653 -1 0 0
472.5284159971542 449.6011384186653 -1 0 0
477.20257330052493 435.21911594675515 -1 0 0
478.6407755477159 435.75844178945187 -1 0 0
455.62953959265974 460.3876552725979 -1 0 0
451.49470813198553 459.1292283063058 -1 0 0
420.7531350982777 454.27529572203605 -1 0 0
431.7194272331092 454.63484628383384 -1 0 0
429.022798019626 451.21911594675515 -1 0 0
460.48347217692935 464.70226201417097 -1 0 0
402.1463935252438 677.825857519789 -1 0 0
550.2812249859179 646.1854080815867 -1 0 0
580.4834721769292 666.320239542261 -1 0 0
636.5733598173784 580.0281047108003 -1 0 0
567.5396519522102 574.2752957220362 -1 0 0
548.843022738727 523.9382170703508 -1 0 0
599.1801013904122 544.073048531025 -1 0 0
483.674483412884 437.3764193175417 -1 0 0
487.989090154457 438.27529572203616 -1 0 0
486.7306631881649 435.3988912276542 -1 0 0
492.8430227387267 435.3988912276542 -1 0 0
497.8767306038953 436.8370934748452 -1 0 0
505.96661824434466 435.21911594675527 -1 0 0
500.75313509827726 437.9157451602384 -1 0 0
508.8430227387267 435.578666508553 -1 0 0
512.4385283567042 437.016868755744 -1 0 0
523.2250452106368 436.8370934748452 -1 0 0
481.15762948029976 444.02810471080016 -1 0 0
495.7194272331087 474.41012718271026 -1 0 0
502.7306631881649 472.07304853102494 -1 0 0
491.94414633423236 465.42136313776655 -1 0 0
487.09021374996263 462.18540808158673 -1 0 0
481.15762948029976 468.2977676321485 -1 0 0
480.6183036376031 481.7809136995643 -1 0 0
477.92167442412 447.4438350478789 -1 0 0
480.4385283567042 447.98316089057545 -1 0 0
486.55088790726603 446.9045092051822 -1 0 0
491.76437105333343 449.0618125759687 -1 0 0
494.46100026681654 451.21911594675527 -1 0 0
488.70819127805254 455.35394740742936 -1 0 0
482.0565058847941 455.893273250126 -1 0 0
498.0565058847941 454.9943968456316 -1 0 0
501.2924609409739 456.79214965462046 -1 0 0
502.9104384690638 466.3202395422609 -1 0 0
499.31493285108627 462.9045092051822 -1 0 0
509.92167442412 460.5674305534968 -1 0 0
517.112685660075 461.6460822388901 -1 0 0
516.2138092555806 477.6460822388901 -1 0 0
499.31493285108627 481.7809136995643 -1 0 0
507.22504521063684 481.42136313776655 -1 0 0
512.6183036376032 449.42136313776655 -1 0 0
509.2025733005245 453.3764193175417 -1 0 0
503.44976431176036 453.3764193175417 -1 0 0
501.2924609409739 450.3202395422609 -1 0 0
500.3935845364795 448.3427114523732 -1 0 0
522.1463935252435 461.6460822388901 -1 0 0
522.1463935252435 453.016868755744 -1 0 0
516.7531350982772 454.6348462838339 -1 0 0
529.3374047611986 452.8370934748452 -1 0 0
527.8992025140076 456.07304853102494 -1 0 0
533.8317867836705 453.016868755744 -1 0 0
525.7418991432211 449.9606889804631 -1 0 0
528.6183036376032 467.3988912276542 -1 0 0
534.7306631881648 461.6460822388901 -1 0 0
536.5284159971537 457.1517002164182 -1 0 0
515.674483412884 487.17417212653055 -1 0 0
521.2475171207492 485.9157451602384 -1 0 0
527.8992025140076 486.6348462838339 -1 0 0
529.3374047611986 478.36518336248554 -1 0 0
523.7643710533334 475.48877886810357 -1 0 0
539.7643710533334 466.140464261362 -1 0 0
545.1576294802998 486.9943968456316 -1 0 0
526.4610002668165 437.016868755744 -1 0 0
515.1351575701873 437.7359698793395 -1 0 0
519.8093148735582 436.4775429130474 -1 0 0
532.5733598173784 435.21911594675527 -1 0 0
539.045269929738 436.4775429130474 -1 0 0
534.0115620645694 442.41012718271026 -1 0 0
537.7868429634458 450.3202395422609 -1 0 0
542.6407755477155 451.578666508553 -1 0 0
541.5621238623222 448.70226201417097 -1 0 0
544.9778541994009 447.08428448608106 -1 0 0
549.2924609409739 436.11799235124965 -1 0 0
545.6969553229964 435.21911594675527 -1 0 0
547.3149328510863 454.6348462838339 -1 0 0
552.5284159971537 454.0955204411373 -1 0 0
557.2025733005245 453.55619459844064 -1 0 0
540.483472176929 457.5112507782159 -1 0 0
553.2475171207492 468.2977676321485 -1 0 0
552.3486407162547 459.48877886810357 -1 0 0
737.2475171207493 641.8708013400137 -1 0 0
905.5171800420976 571.3988912276542 -1 0 0
994.6857193679404 531.1292283063059 -1 0 0
914.1463935252436 641.8708013400137 -1 0 0
659.5845957724349 557.0168687557441 -1 0 0
709.9216744241202 565.6460822388901 -1 0 0
747.3149328510864 558.4550710029351 -1 0 0
796.2138092555808 551.26405976698 -1 0 0
770.3261688061426 549.8258575197891 -1 0 0
691.225045210637 546.949453025407 -1 0 0
581.9216744241202 555.578666508553 -1 0 0
950.1014497050189 554.1404642613621 -1 0 0
849.4272924016482 558.4550710029351 -1 0 0
846.5508879072662 538.320239542261 -1 0 0
565.92167442412 487.44383504787885 -1 0 0
556.9329103791762 507.93821707035085 -1 0 0
570.2362811656931 503.98316089057556 -1 0 0
556.9329103791762 516.2078799916992 -1 0 0
575.2699890308617 467.30900358720476 -1 0 0
580.3036968960303 470.5449586433846 -1 0 0
582.1014497050189 478.0955204411373 -1 0 0
589.6520115027718 468.74720583439574 -1 0 0
595.4048204915358 470.5449586433846 -1 0 0
601.1576294802999 476.2977676321486 -1 0 0
591.8093148735583 480.25282381192386 -1 0 0
599.3598766713111 494.9943968456317 -1 0 0
605.8317867836706 488.88203729506995 -1 0 0
622.3711126263673 513.3314754973171 -1 0 0
639.9890901544572 519.0842844860812 -1 0 0
614.1014497050189 507.2191159467553 -1 0 0
623.0902137499628 494.63484628383395 -1 0 0
625.2475171207493 485.2865316770924 -1 0 0
597.2025733005246 485.2865316770924 -1 0 0
649.3374047611987 507.2191159467553 -1 0 0
662.2812249859179 513.3314754973171 -1 0 0
671.6295395926595 527.3539474074295 -1 0 0
701.1126856600752 530.949453025407 -1 0 0
691.7643710533337 533.1067563961935 -1 0 0
734.910438469064 522.320239542261 -1 0 0
752.1688654353562 529.8708013400137 -1 0 0
724.843022738727 512.2528238119239 -1 0 0
735.2699890308617 507.93821707035085 -1 0 0
755.7643710533337 503.26405976698004 -1 0 0
773.7418991432213 504.702262014171 -1 0 0
778.7756070083899 522.320239542261 -1 0 0
742.8205508286146 492.83709347484523 -1 0 0
750.3711126263673 492.11799235124965 -1 0 0
765.472236221873 489.6011384186654 -1 0 0
783.8093148735585 491.3988912276542 -1 0 0
780.5733598173786 483.8483294299014 -1 0 0
775.8992025140079 476.6573181939463 -1 0 0
762.9553822892888 479.1741721265306 -1 0 0
749.2924609409743 483.1292283063059 -1 0 0
734.5508879072662 478.0955204411373 -1 0 0
719.4497643117605 491.758441789452 -1 0 0
711.1801013904122 493.9157451602385 -1 0 0
700.0340339746821 494.2752957220362 -1 0 0
692.4834721769291 498.2303519018115 -1 0 0
676.3036968960303 505.42136313776655 -1 0 0
682.7756070083898 499.30900358720476 -1 0 0
658.6857193679404 494.9943968456317 -1 0 0
677.7418991432213 488.88203729506995 -1 0 0
675.9441463342325 479.5337226883284 -1 0 0
688.1688654353561 487.44383504787885 -1 0 0
696.0789777949068 484.92698111529467 -1 0 0
702.1913373454686 477.01686875574404 -1 0 0
707.5845957724348 482.41012718271037 -1 0 0
632.7980789185021 495.3539474074295 -1 0 0
642.8654946488392 490.32023954226094 -1 0 0
629.9216744241202 481.3314754973171 -1 0 0
637.1126856600753 478.8146215647328 -1 0 0
623.0902137499628 479.89327325012613 -1 0 0
614.8205508286145 476.6573181939463 -1 0 0
610.5059440870414 473.06181257596876 -1 0 0
603.6744834128841 470.5449586433846 -1 0 0
608.348640716255 461.9157451602385 -1 0 0
615.5396519522101 466.58990246360923 -1 0 0
620.2138092555807 468.74720583439574 -1 0 0
634.2362811656932 466.949453025407 -1 0 0
630.2812249859179 469.82585751978905 -1 0 0
642.1463935252436 471.26405976698004 -1 0 0
657.9666182443449 473.06181257596876 -1 0 0
663.3598766713111 467.30900358720476 -1 0 0
668.7531350982774 477.01686875574404 -1 0 0
686.7306631881651 474.85956538495753 -1 0 0
697.5171800420977 469.1067563961935 -1 0 0
693.2025733005246 463.7134979692272 -1 0 0
684.2138092555808 466.23035190181145 -1 0 0
684.5733598173786 460.4775429130474 -1 0 0
679.8992025140078 464.79214965462046 -1 0 0
676.3036968960303 471.98316089057556 -1 0 0
668.7531350982774 461.19664403664297 -1 0 0
656.5284159971538 465.5112507782159 -1 0 0
653.6520115027718 459.0393406658564 -1 0 0
638.9104384690639 459.0393406658564 -1 0 0
601.8767306038955 457.9606889804632 -1 0 0
583.53965195221 452.92698111529455 -1 0 0
494.3711126263672 526.9943968456317 -1 0 0
563.1351575701875 435.93821707035085 -1 0 0
559.7194272331088 436.2977676321486 -1 0 0
553.607067682547 437.01686875574404 -1 0 0
607.7194272331088 434.85956538495753 -1 0 0
597.292460940974 435.93821707035085 -1 0 0
599.0902137499628 436.6573181939463 -1 0 0
586.3261688061426 437.9157451602385 -1 0 0
576.7980789185021 437.9157451602385 -1 0 0
575.3598766713111 433.7809136995643 -1 0 0
569.9666182443449 438.2752957220362 -1 0 0
580.7531350982774 437.01686875574404 -1 0 0
582.9104384690638 436.6573181939463 -1 0 0
585.607067682547 434.50001482315986 -1 0 0
593.8767306038953 442.0505766209126 -1 0 0
589.9216744241202 436.2977676321486 -1 0 0
590.6407755477156 445.1067563961935 -1 0 0
583.2699890308617 446.00563280068786 -1 0 0
573.3823485814235 449.7809136995643 -1 0 0
557.92167442412 446.00563280068786 -1 0 0
566.7306631881651 449.9606889804632 -1 0 0
563.6744834128841 452.6573181939463 -1 0 0
591.0003261095134 452.11799235124965 -1 0 0
595.6744834128841 458.7696777445081 -1 0 0
619.7643710533335 459.30900358720476 -1 0 0
617.4272924016482 455.5337226883284 -1 0 0
609.8767306038953 455.3539474074295 -1 0 0
613.4722362218729 453.37641931754183 -1 0 0
617.7868429634459 449.7809136995643 -1 0 0
623.53965195221 452.8370934748452 -1 0 0
624.7980789185021 455.89327325012613 -1 0 0
567.8093148735583 457.69102605911485 -1 0 0
560.7980789185021 460.0281047108002 -1 0 0
650.1463935252436 437.19664403664297 -1 0 0
636.483472176929 435.93821707035085 -1 0 0
649.2475171207493 454.63484628383395 -1 0 0
644.3935845364797 454.8146215647328 -1 0 0
635.9441463342325 453.9157451602385 -1 0 0
640.0789777949066 452.4775429130474 -1 0 0
604.663247457828 453.55619459844075 -1 0 0
601.9666182443449 447.98316089057556 -1 0 0
623.7194272331088 449.9606889804632 -1 0 0
646.3711126263673 461.64608223889013 -1 0 0
737.2475171207493 460.6573181939464 -1 0 0
672.7980789185021 453.37641931754183 -1 0 0
668.8430227387269 454.0955204411373 -1 0 0
657.3374047611987 455.3539474074295 -1 0 0
662.7306631881651 449.6011384186654 -1 0 0
662.3711126263673 459.4887788681037 -1 0 0
660.3935845364797 454.45507100293514 -1 0 0
664.5284159971538 454.0955204411373 -1 0 0
678.1913373454685 452.4775429130475 -1 0 0
683.7643710533337 453.73596987933956 -1 0 0
679.9890901544572 454.99439684563174 -1 0 0
675.1351575701875 460.5674305534969 -1 0 0
692.2138092555809 450.32023954226094 -1 0 0
696.8879665589515 449.6011384186654 -1 0 0
692.5733598173786 454.2752957220362 -1 0 0
697.786842963446 453.19664403664297 -1 0 0
708.3935845364797 456.25282381192386 -1 0 0
706.2362811656931 452.83709347484523 -1 0 0
701.2025733005246 452.83709347484523 -1 0 0
712.7081912780527 450.32023954226094 -1 0 0
717.0227980196258 449.42136313776655 -1 0 0
735.719427233109 449.9606889804632 -1 0 0
721.8767306038955 454.63484628383395 -1 0 0
722.7756070083898 444.0281047108002 -1 0 0
727.4497643117605 435.2191159467553 -1 0 0
732.8430227387269 438.63484628383395 -1 0 0
724.9329103791764 451.7584417894519 -1 0 0
734.8205508286146 457.87080134001377 -1 0 0
731.9441463342325 460.387655272598 -1 0 0
727.4497643117605 456.25282381192386 -1 0 0
728.5284159971538 454.2752957220362 -1 0 0
728.8879665589515 452.4775429130475 -1 0 0
726.5508879072662 450.32023954226094 -1 0 0
720.2587530758055 450.50001482315986 -1 0 0
715.4048204915358 454.63484628383395 -1 0 0
709.1126856600752 453.73596987933956 -1 0 0
692.2138092555809 459.1292283063059 -1 0 0
739.8542586937831 454.45507100293514 -1 0 0
742.910438469064 469.9157451602385 -1 0 0
735.53965195221 465.42136313776655 -1 0 0
742.910438469064 455.5337226883284 -1 0 0
755.4947081319854 476.38765527259807 -1 0 0
754.2362811656932 469.5561945984407 -1 0 0
750.1014497050191 464.702262014171 -1 0 0
760.1688654353562 453.7359698793396 -1 0 0
740.0340339746821 462.00563280068786 -1 0 0
766.8205508286146 461.1067563961936 -1 0 0
766.2812249859179 454.0955204411374 -1 0 0
743.0902137499629 443.4887788681037 -1 0 0
763.5845957724348 443.4887788681037 -1 0 0
772.5733598173786 442.76967774450816 -1 0 0
777.786842963446 442.0505766209126 -1 0 0
784.9778541994011 445.2865316770924 -1 0 0
797.2025733005248 444.5674305534969 -1 0 0
804.7531350982775 442.2303519018115 -1 0 0
811.225045210637 442.4101271827104 -1 0 0
822.1913373454686 444.5674305534969 -1 0 0
761.2475171207495 470.2752957220362 -1 0 0
778.6857193679405 464.1629361714744 -1 0 0
777.966618244345 470.45507100293514 -1 0 0
790.0115620645697 473.51125077821604 -1 0 0
793.2475171207495 468.2977676321486 -1 0 0
792.5284159971538 462.00563280068786 -1 0 0
801.6969553229966 462.00563280068786 -1 0 0
807.4497643117606 463.26405976698004 -1 0 0
804.7531350982775 482.14046426136207 -1 0 0
808.348640716255 493.1067563961936 -1 0 0
823.0902137499628 484.83709347484523 -1 0 0
835.1351575701875 477.82585751978905 -1 0 0
827.5845957724348 496.1629361714744 -1 0 0
791.9890901544574 497.4213631377666 -1 0 0
783.3598766713112 461.64608223889013 -1 0 0
781.9216744241203 457.87080134001377 -1 0 0
773.1126856600752 460.0281047108002 -1 0 0
775.0902137499628 455.3539474074295 -1 0 0
772.0340339746821 453.7359698793396 -1 0 0
769.6969553229966 452.2977676321486 -1 0 0
757.2924609409743 457.3314754973171 -1 0 0
751.719427233109 454.99439684563174 -1 0 0
745.6070676825472 457.15170021641825 -1 0 0
777.786842963446 450.67979010405867 -1 0 0
782.1014497050191 451.57866650855306 -1 0 0
778.5059440870415 454.63484628383395 -1 0 0
786.0565058847944 452.83709347484523 -1 0 0
785.3374047611989 455.71349796922726 -1 0 0
787.8542586937832 460.38765527259807 -1 0 0
789.6520115027719 458.4101271827104 -1 0 0
789.6520115027719 452.2977676321486 -1 0 0
793.6070676825472 453.37641931754183 -1 0 0
796.4834721769291 455.89327325012613 -1 0 0
799.0003261095135 458.4101271827104 -1 0 0
796.1239216151315 460.0281047108002 -1 0 0
800.0789777949068 451.2191159467553 -1 0 0
812.843022738727 456.07304853102505 -1 0 0
807.6295395926595 451.93821707035085 -1 0 0
805.472236221873 455.3539474074295 -1 0 0
814.8205508286146 454.0955204411374 -1 0 0
818.416056446592 460.0281047108002 -1 0 0
816.6183036376034 452.1179923512497 -1 0 0
829.9216744241203 455.89327325012613 -1 0 0
837.8317867836707 467.39889122765425 -1 0 0
831.3598766713112 466.50001482315986 -1 0 0
818.7756070083899 468.6573181939463 -1 0 0
795.4048204915359 482.50001482315986 -1 0 0
819.6744834128842 453.19664403664297 -1 0 0
827.225045210637 444.7472058343958 -1 0 0
818.7756070083899 444.0281047108002 -1 0 0
832.4385283567044 444.0281047108002 -1 0 0
837.1126856600752 441.51125077821604 -1 0 0
839.0902137499628 439.5337226883284 -1 0 0
841.786842963446 441.51125077821604 -1 0 0
841.786842963446 444.5674305534969 -1 0 0
839.6295395926595 443.4887788681037 -1 0 0
844.6632474578281 441.6910260591149 -1 0 0
848.9778541994011 438.99439684563174 -1 0 0
856.1688654353562 442.76967774450816 -1 0 0
860.4834721769291 444.38765527259807 -1 0 0
856.5284159971538 440.7921496546205 -1 0 0
864.7980789185023 441.51125077821604 -1 0 0
863.1801013904122 442.0505766209126 -1 0 0
859.9441463342326 441.3314754973171 -1 0 0
860.3036968960303 451.57866650855306 -1 0 0
856.8879665589517 460.0281047108002 -1 0 0
864.6183036376034 457.15170021641825 -1 0 0
861.0227980196258 466.14046426136207 -1 0 0
822.7306631881652 460.0281047108002 -1 0 0
818.7756070083899 454.99439684563174 -1 0 0
874.7756070083899 437.4663069579912 -1 0 0
867.9441463342326 442.50001482315974 -1 0 0
886.2812249859181 458.67979010405867 -1 0 0
882.77560700839 441.3314754973171 -1 0 0
887.090213749963 442.23035190181145 -1 0 0
891.0452699297383 441.5112507782159 -1 0 0
894.6407755477159 441.3314754973171 -1 0 0
898.9553822892889 442.23035190181145 -1 0 0
905.4272924016485 442.7696777445081 -1 0 0
910.4610002668169 440.97192493551927 -1 0 0
920.3486407162552 444.387655272598 -1 0 0
923.9441463342326 442.5899024636092 -1 0 0
915.8542586937832 443.84832942990136 -1 0 0
919.8093148735585 440.97192493551927 -1 0 0
927.0003261095136 440.61237437372154 -1 0 0
943.7194272331091 438.8146215647328 -1 0 0
941.9216744241204 436.6573181939463 -1 0 0
934.1913373454687 437.55619459844064 -1 0 0
937.0677418398507 438.0955204411373 -1 0 0
934.7306631881653 440.07304853102494 -1 0 0
963.6744834128843 436.2977676321485 -1 0 0
921.9666182443451 447.26405976698 -1 0 0
932.7531350982777 443.48877886810357 -1 0 0
943.1801013904125 443.12922830630583 -1 0 0
899.8542586937832 484.8370934748452 -1 0 0
909.9216744241204 482.67979010405867 -1 0 0
918.7306631881653 480.3427114523732 -1 0 0
922.6857193679406 493.2865316770924 -1 0 0
927.3598766713114 489.5112507782159 -1 0 0
933.1126856600754 493.1067563961935 -1 0 0
945.6969553229967 490.0505766209126 -1 0 0
957.9216744241204 493.2865316770924 -1 0 0
962.0565058847945 481.7809136995643 -1 0 0
963.6744834128843 473.1517002164182 -1 0 0
969.7868429634461 470.9943968456316 -1 0 0
977.6969553229967 477.4663069579912 -1 0 0
977.6969553229967 483.7584417894519 -1 0 0
953.9666182443451 480.16293617147437 -1 0 0
957.2025733005248 474.7696777445081 -1 0 0
942.1014497050193 476.92698111529455 -1 0 0
947.3149328510867 474.9494530254069 -1 0 0
953.4272924016485 469.73596987933956 -1 0 0
934.1913373454687 481.60113841866536 -1 0 0
922.6857193679406 474.23035190181145 -1 0 0
911.0003261095136 475.12922830630583 -1 0 0
916.9329103791765 475.3090035872047 -1 0 0
906.6857193679406 470.6348462838339 -1 0 0
909.7418991432214 465.42136313776655 -1 0 0
917.1126856600754 464.3427114523732 -1 0 0
911.0003261095136 461.825857519789 -1 0 0
923.9441463342326 462.18540808158673 -1 0 0
930.9553822892889 460.2078799916991 -1 0 0
931.8542586937832 464.702262014171 -1 0 0
934.1913373454687 468.6573181939463 -1 0 0
939.9441463342326 468.4775429130474 -1 0 0
943.1801013904125 461.4663069579912 -1 0 0
945.6969553229967 458.9494530254069 -1 0 0
954.5059440870416 459.66855414900243 -1 0 0
953.4272924016485 455.17417212653055 -1 0 0
958.4610002668169 466.50001482315974 -1 0 0
947.3149328510867 464.702262014171 -1 0 0
952.528415997154 466.140464261362 -1 0 0
964.0340339746822 462.7247339242834 -1 0 0
967.090213749963 458.9494530254069 -1 0 0
970.5059440870416 465.42136313776655 -1 0 0
973.3823485814238 459.3090035872047 -1 0 0
972.6632474578282 452.65731819394625 -1 0 0
979.3149328510867 461.825857519789 -1 0 0
948.9329103791765 453.9157451602384 -1 0 0
937.0677418398507 460.92698111529455 -1 0 0
935.4497643117609 456.4325990928227 -1 0 0
919.9890901544575 453.55619459844064 -1 0 0
932.0340339746822 453.9157451602384 -1 0 0
903.8093148735585 451.93821707035073 -1 0 0
912.2587530758058 453.1966440366429 -1 0 0
911.7194272331091 455.3539474074295 -1 0 0
915.6744834128843 456.07304853102494 -1 0 0
953.2475171207495 446.00563280068786 -1 0 0
960.7980789185024 444.74720583439574 -1 0 0
956.1239216151316 442.23035190181145 -1 0 0
965.4722362218732 445.1067563961935 -1 0 0
966.1913373454687 441.3314754973171 -1 0 0
962.77560700839 442.23035190181145 -1 0 0
976.9778541994012 444.74720583439574 -1 0 0
968.1688654353563 442.23035190181145 -1 0 0
982.7306631881653 444.387655272598 -1 0 0
979.8542586937832 444.2078799916991 -1 0 0
977.3374047611991 440.61237437372154 -1 0 0
980.3935845364798 455.5337226883283 -1 0 0
979.8542586937832 452.65731819394625 -1 0 0
982.5508879072663 454.45507100293503 -1 0 0
982.5508879072663 470.6348462838339 -1 0 0
842.4160564465923 508.29776763214863 -1 0 0
813.6520115027719 519.4438350478789 -1 0 0
791.0003261095135 517.6460822388902 -1 0 0
830.5508879072663 532.7472058343958 -1 0 0
853.5621238623224 528.4325990928228 -1 0 0
894.910438469064 544.9719249355194 -1 0 0
923.3149328510865 525.196644036643 -1 0 0
943.4497643117606 525.9157451602385 -1 0 0
947.4048204915359 510.81462156473293 -1 0 0
927.9890901544574 503.26405976698004 -1 0 0
904.9778541994012 512.6123743737217 -1 0 0
988.3935845364798 474.85956538495765 -1 0 0
965.3823485814236 501.10675639619353 -1 0 0
995.9441463342326 470.90450920518236 -1 0 0
1000.2587530758055 468.02810471080033 -1 0 0
1015.7194272331091 472.34271145237335 -1 0 0
1017.8767306038956 486.005632800688 -1 0 0
996.3036968960305 477.3764193175419 -1 0 0
1000.2587530758055 485.28653167709246 -1 0 0
1007.090213749963 483.48877886810374 -1 0 0
991.3730063266551 444.9077916190178 -1 0 0
1001.5050603602375 444.9077916190178 -1 0 0
997.2389323460976 441.5304402744904 -1 0 0
987.1068783125152 454.8620903186778 -1 0 0
996.5279110104076 459.3059736667403 -1 0 0
999.5497516870901 455.21760098652277 -1 0 0
994.2170916694151 451.1292283063053 -1 0 0
990.4842296570425 457.3506649935928 -1 0 0
1007.5487417136026 443.66350428156034 -1 0 0
976.9748242789327 436.7310462585829 -1 0 0
986.75136764467 437.2643122603504 -1 0 0
985.6848356411351 443.66350428156034 -1 0 0
994.0393363354926 436.7310462585829 -1 0 0
1007.726497047525 436.3755355907379 -1 0 0
1002.038326362005 436.90880159250537 -1 0 0
1009.859561054595 439.3973762674204 -1 0 0
1013.4146677330449 436.7310462585829 -1 0 0
1016.7920190775724 436.3755355907379 -1 0 0
1014.1256890687349 453.9733136490653 -1 0 0
1019.2805937524874 456.1063776561353 -1 0 0
1005.0601670386876 455.21760098652277 -1 0 0
1019.2805937524874 463.5721016808803 -1 0 0
1015.0144657383474 446.1520789564754 -1 0 0
1017.680795747185 444.01901494940535 -1 0 0
1021.0581470917124 442.77472761194787 -1 0 0
1023.1912110987823 445.2633022868628 -1 0 0
1014.8367104044249 440.6416636048779 -1 0 0
1017.3252850793399 439.2196209334979 -1 0 0
1023.368966432705 436.7310462585829 -1 0 0
1012.7036463973549 443.1302382797929 -1 0 0
982.4852396305301 436.0200249228929 -1 0 0
990.4842296570425 435.4867589211254 -1 0 0
987.9956549821276 435.13124825328043 -1 0 0
997.2389323460976 437.44206759427294 -1 0 0
1001.6828156941601 479.2145710660601 -1 0 0
