286.59807882215637 387.5565131519884 -1 0 0
173.78364305592953 400.4495915252714 -1 0 0
142.62537032049548 313.4213125056108 -1 0 0
118.98805996947654 326.3143908788939 -1 0 0
102.87171200287273 312.3468893078372 -1 0 0
67.4157464763443 301.6026573301013 -1 0 0
57.745937696382 353.1749708232335 -1 0 0
8.322470598796949 338.13304605440334 -1 0 0
41.62958972977818 293.0072717479126 -1 0 0
53.44824490528762 267.2211150013465 -1 0 0
88.90421043181604 251.10476703474265 -1 0 0
117.91363677170295 255.40245982583704 -1 0 0
135.10440793608035 281.1886165724032 -1 0 0
174.8580662537031 263.99784540802574 -1 0 0
194.19768381362772 244.65822784810115 -1 0 0
161.96498788042007 244.65822784810115 -1 0 0
210.31403178023155 236.06284226591245 -1 0 0
222.13268695574098 225.31861028817653 -1 0 0
239.32345812011837 217.79764790376143 -1 0 0
251.14211329562792 217.79764790376143 -1 0 0
260.8119220755902 233.91399587036526 -1 0 0
254.36538288894872 251.10476703474265 -1 0 0
213.5373013735523 261.84899901247854 -1 0 0
229.65364934015614 296.2305413412334 -1 0 0
219.9838405601939 282.26303977017676 -1 0 0
194.19768381362772 301.6026573301013 -1 0 0
261.88634527336376 288.7095789568183 -1 0 0
264.03519166891095 270.44438459466727 -1 0 0
282.300386031062 231.76514947481812 -1 0 0
272.6305772510996 224.24418709040296 -1 0 0
317.7563515575904 218.87207110153503 -1 0 0
309.16096597540167 240.3605350570068 -1 0 0
295.19346440434504 256.47688302361064 -1 0 0
299.49115719543937 273.66765418798803 -1 0 0
315.6075051620432 284.4118861657239 -1 0 0
309.16096597540167 300.5282341323278 -1 0 0
275.8538468444204 353.1749708232335 -1 0 0
268.33288446000535 334.9097764610826 -1 0 0
349.98904749079804 325.2399676811203 -1 0 0
382.2217434240057 310.19804291229 -1 0 0
366.10539545740187 288.7095789568183 -1 0 0
403.7102073794775 251.10476703474265 -1 0 0
428.4219409282699 259.70015261693135 -1 0 0
420.9009785438549 244.65822784810115 -1 0 0
429.49636412604355 221.02091749708222 -1 0 0
444.53828889487374 217.79764790376143 -1 0 0
435.94290331268513 228.54187988149732 -1 0 0
476.7709848280815 231.76514947481812 -1 0 0
491.8129095969117 222.09534069485576 -1 0 0
518.6734895412513 219.94649429930863 -1 0 0
510.07810395906273 239.28611185923322 -1 0 0
399.4125145883831 201.68129993715766 -1 0 0
397.2636681928359 285.48630936349747 -1 0 0
373.626357841817 255.40245982583704 -1 0 0
363.9565490618547 234.98841906813885 -1 0 0
341.39366190860926 244.65822784810115 -1 0 0
330.64942993087345 262.92342221025217 -1 0 0
23.36439536762717 270.44438459466727 -1 0 0
9.396893796570541 305.9003501211957 -1 0 0
665.869467636233 501.44537211598873 -1 0 0
645.4554268785348 583.1015351467814 -1 0 0
525.120028727893 564.8363407846305 -1 0 0
833.4794864889128 595.9946135200646 -1 0 0
753.9721698536672 547.645569620253 -1 0 0
795.8746745668373 486.40344734715853 -1 0 0
781.9071729957805 400.4495915252714 -1 0 0
831.3306400933656 403.6728611185922 -1 0 0
833.4794864889128 366.06804919651665 -1 0 0
891.4983391686864 348.8772780321392 -1 0 0
949.5171918484605 362.84477960319583 -1 0 0
928.0287278929885 428.38459466738476 -1 0 0
993.5685429571774 355.3238172187807 -1 0 0
961.3358470239699 303.7515037256485 -1 0 0
948.4427686506867 277.96534697908237 -1 0 0
892.5727623664602 258.6257294191578 -1 0 0
875.3819912020828 277.96534697908237 -1 0 0
868.9354520154411 299.45381093455416 -1 0 0
804.4700601490258 271.51880779244084 -1 0 0
832.4050632911391 266.14669180357293 -1 0 0
809.842176137894 258.6257294191578 -1 0 0
735.7069754915162 258.6257294191578 -1 0 0
760.4187090403086 270.44438459466727 -1 0 0
748.6000538647993 310.19804291229 -1 0 0
701.3254331627613 279.039770176856 -1 0 0
681.9858156028369 244.65822784810115 -1 0 0
627.1902325163838 255.40245982583704 -1 0 0
655.1252356584971 267.2211150013465 -1 0 0
641.1577340874404 286.5607325612711 -1 0 0
603.5529221653649 282.26303977017676 -1 0 0
575.6179190232516 270.44438459466727 -1 0 0
585.2877278032139 243.58380465032755 -1 0 0
588.5109973965347 221.02091749708222 -1 0 0
570.2458030343836 227.46745668372373 -1 0 0
559.5015710566478 234.98841906813885 -1 0 0
538.0131071011759 248.9559206391955 -1 0 0
526.1944519256665 270.44438459466727 -1 0 0
500.4082951791004 271.51880779244084 -1 0 0
489.6640632013645 270.44438459466727 -1 0 0
455.2825208726097 258.6257294191578 -1 0 0
455.2825208726097 277.96534697908237 -1 0 0
449.91040488374176 313.4213125056108 -1 0 0
475.6965616303079 349.9517012299128 -1 0 0
483.217524014723 308.0491965167429 -1 0 0
446.68713529042094 375.73785797647895 -1 0 0
536.9386839034024 396.15189873417705 -1 0 0
544.4596462878176 360.69593320764864 -1 0 0
527.2688751234401 323.0911212855731 -1 0 0
569.1713798366101 300.5282341323278 -1 0 0
623.9669629230631 319.8678516922523 -1 0 0
623.9669629230631 349.9517012299128 -1 0 0
572.3946494299308 353.1749708232335 -1 0 0
564.8736870455157 424.0869018762904 -1 0 0
695.9533171738935 416.56593949187527 -1 0 0
647.6042732740821 387.5565131519884 -1 0 0
656.1996588562708 323.0911212855731 -1 0 0
717.4417811293652 373.58901158093175 -1 0 0
730.3348595026483 341.35631564772416 -1 0 0
778.6839034024598 348.8772780321392 -1 0 0
813.0654457312146 343.5051620432713 -1 0 0
838.8516024777807 334.9097764610826 -1 0 0
788.3537121824219 301.6026573301013 -1 0 0
917.2844959152526 486.40344734715853 -1 0 0
876.4564143998564 490.7011401382529 -1 0 0
909.7635335308375 563.7619175868568 -1 0 0
998.9406589460453 508.96633450040395 -1 0 0
598.180806176497 255.40245982583704 -1 0 0
586.3621510009874 267.2211150013465 -1 0 0
567.0225334410628 256.47688302361064 -1 0 0
525.120028727893 289.78400215459186 -1 0 0
358.5844330729867 395.07747553640354 -1 0 0
328.50058353532626 445.57536583176216 -1 0 0
406.93347697279825 303.7515037256485 -1 0 0
626.1158093186102 462.7661369961396 -1 0 0
512.2269503546099 638.9715414310081 -1 0 0
697.027740371667 262.92342221025217 -1 0 0
464.95232965257196 438.0544034473471 -1 0 0
507.92925756351553 458.4684442050453 -1 0 0
633.6367717030251 239.28611185923327 -1 0 0
339.2448155130622 222.09534069485585 -1 0 0
732.4837058981954 308.04919651674294 -1 0 0
398.3380913906095 241.43495825478047 -1 0 0
84.21481991615009 276.12125605615756 -1 0 0
937.9255017096187 269.1805188058042 -1 0 0
