38.913272010512486 402.0486202365309 -1 0 0
48.09461235216821 385.30617608409983 -1 0 0
24.871222076215503 388.54664914586067 -1 0 0
12.989487516425754 371.26412614980285 -1 0 0
48.09461235216821 366.94349540078844 -1 0 0
22.17082785808148 336.69908015768726 -1 0 0
50.795006570302235 333.9986859395532 -1 0 0
68.07752956636006 344.80026281208933 -1 0 0
88.60052562417874 385.30617608409983 -1 0 0
73.47831800262813 380.4454664914586 -1 0 0
99.94218134034165 396.6478318002628 -1 0 0
118.84494086727993 343.18002628120894 -1 0 0
108.58344283837059 326.43758212877793 -1 0 0
123.16557161629432 317.796320630749 -1 0 0
109.66360052562416 300.5137976346912 -1 0 0
79.9592641261498 307.53482260183966 -1 0 0
41.07358738501972 303.754270696452 -1 0 0
20.55059132720106 316.1760840998686 -1 0 0
16.229960578186592 301.5939553219448 -1 0 0
20.010512483574246 269.18922470433637 -1 0 0
8.128777923784497 264.86859395532196 -1 0 0
31.352168199737203 245.96583442838366 -1 0 0
14.069645203679386 234.08409986859397 -1 0 0
47.5545335085414 274.04993429697765 -1 0 0
59.43626806833115 262.7082785808147 -1 0 0
66.99737187910645 249.20630749014452 -1 0 0
84.81997371879109 256.76741130091983 -1 0 0
79.9592641261498 285.3915900131406 -1 0 0
108.04336399474377 275.67017082785804 -1 0 0
112.36399474375823 258.3876478318003 -1 0 0
101.5624178712221 236.784494086728 -1 0 0
75.63863337713533 212.48094612352168 -1 0 0
66.45729303547964 212.48094612352168 -1 0 0
45.39421813403416 228.6833114323259 -1 0 0
30.272010512483575 222.2023653088042 -1 0 0
21.630749014454665 211.40078843626807 -1 0 0
7.588699080157682 208.70039421813402 -1 0 0
14.069645203679386 204.37976346911958 -1 0 0
22.710906701708296 195.19842312746385 -1 0 0
43.77398160315374 200.0591327201051 -1 0 0
44.31406044678056 191.4178712220762 -1 0 0
38.913272010512486 183.3166885676741 -1 0 0
18.390275952693827 177.37582128777925 -1 0 0
20.010512483574246 161.71353482260184 -1 0 0
10.829172141918548 158.473061760841 -1 0 0
16.229960578186592 151.4520367936925 -1 0 0
4.3482260183968435 151.99211563731933 -1 0 0
5.428383705650475 136.3298291721419 -1 0 0
22.710906701708296 141.73061760840994 -1 0 0
23.7910643889619 122.28777923784492 -1 0 0
36.212877792378464 130.92904073587385 -1 0 0
31.352168199737203 147.13140604467804 -1 0 0
34.05256241787123 165.4940867279895 -1 0 0
43.233902759526956 163.33377135348226 -1 0 0
36.75295663600525 154.69250985545335 -1 0 0
54.03547963206307 153.07227332457296 -1 0 0
45.39421813403416 174.6754270696452 -1 0 0
57.81603153745073 180.61629434954008 -1 0 0
71.85808147174771 183.85676741130092 -1 0 0
85.36005256241785 178.45597897503285 -1 0 0
82.11957950065701 199.51905387647832 -1 0 0
88.60052562417874 195.19842312746385 -1 0 0
99.94218134034165 204.37976346911958 -1 0 0
100.48226018396846 186.01708278580816 -1 0 0
96.70170827858081 165.4940867279895 -1 0 0
111.2838370565046 149.29172141918525 -1 0 0
103.18265440210249 141.73061760840994 -1 0 0
92.92115637319316 147.67148488830486 -1 0 0
78.33902759526941 146.59132720105129 -1 0 0
68.07752956636006 158.473061760841 -1 0 0
49.71484888304863 142.81077529566357 -1 0 0
41.07358738501972 140.11038107752955 -1 0 0
65.37713534822603 124.44809461235218 -1 0 0
77.25886990801578 133.08935611038112 -1 0 0
49.174770039421816 123.36793692509856 -1 0 0
42.69382391590014 115.80683311432324 -1 0 0
30.272010512483575 117.42706964520367 -1 0 0
37.83311432325888 107.16557161629436 -1 0 0
37.83311432325888 98.52431011826548 -1 0 0
28.11169513797634 94.203679369251 -1 0 0
17.310118265440224 94.203679369251 -1 0 0
12.449408672798967 115.80683311432324 -1 0 0
14.609724047306173 79.08147174770039 -1 0 0
22.17082785808148 82.32194480946123 -1 0 0
29.731931668856763 77.46123521682 -1 0 0
18.930354796320643 68.27989487516425 -1 0 0
5.428383705650475 69.9001314060447 -1 0 0
11.909329829172151 57.47831800262816 -1 0 0
22.17082785808148 57.47831800262816 -1 0 0
35.67279894875165 70.98028909329832 -1 0 0
41.61366622864654 80.16162943495402 -1 0 0
35.13272010512483 92.04336399474374 -1 0 0
46.47437582128779 94.203679369251 -1 0 0
52.415243101182654 93.66360052562419 -1 0 0
61.05650459921157 83.40210249671486 -1 0 0
51.875164257555866 81.78186596583441 -1 0 0
49.71484888304863 72.0604467805519 -1 0 0
53.495400788436285 66.65965834428386 -1 0 0
47.01445466491458 61.79894875164257 -1 0 0
35.13272010512483 58.55847568988174 -1 0 0
25.41130091984232 47.21681997371877 -1 0 0
16.770039421813408 47.756898817345586 -1 0 0
46.47437582128779 54.77792378449408 -1 0 0
41.07358738501972 48.2969776609724 -1 0 0
41.61366622864654 40.735873850197095 -1 0 0
35.67279894875165 36.41524310118268 -1 0 0
31.352168199737203 31.5545335085414 -1 0 0
25.951379763469134 29.394218134034187 -1 0 0
15.149802890932987 31.5545335085414 -1 0 0
3.808147174770056 36.95532194480944 -1 0 0
4.888304862023659 31.5545335085414 -1 0 0
15.149802890932987 21.293035479632067 -1 0 0
4.888304862023659 18.592641261498045 -1 0 0
15.689881734559805 12.111695137976369 -1 0 0
9.208935611038129 9.411300919842347 -1 0 0
29.731931668856763 13.191852825229944 -1 0 0
23.7910643889619 22.3731931668857 -1 0 0
42.153745072273324 26.153745072273352 -1 0 0
36.75295663600525 18.592641261498045 -1 0 0
41.07358738501972 14.812089356110391 -1 0 0
44.854139290407375 18.592641261498045 -1 0 0
50.795006570302235 27.233902759526927 -1 0 0
47.01445466491458 38.03547963206307 -1 0 0
60.516425755584756 46.67674113009201 -1 0 0
54.57555847568989 53.69776609724045 -1 0 0
62.67674113009199 58.018396846254916 -1 0 0
62.67674113009199 73.14060446780553 -1 0 0
67.53745072273324 83.40210249671486 -1 0 0
59.97634691195797 100.68462549277268 -1 0 0
60.516425755584756 113.1064388961892 -1 0 0
69.15768725361366 105.54533508541392 -1 0 0
78.87910643889617 117.96714848883052 -1 0 0
80.49934296977662 110.94612352168201 -1 0 0
89.1406044678055 107.70565045992116 -1 0 0
81.03942181340344 99.06438896189223 -1 0 0
75.09855453350852 89.88304862023654 -1 0 0
81.57950065703025 91.50328515111698 -1 0 0
88.60052562417874 88.8028909329829 -1 0 0
84.81997371879109 81.2417871222076 -1 0 0
75.63863337713533 73.68068331143235 -1 0 0
86.44021024967148 70.98028909329832 -1 0 0
75.63863337713533 57.47831800262816 -1 0 0
84.27989487516427 56.938239159001334 -1 0 0
82.11957950065701 53.157687253613695 -1 0 0
70.77792378449408 47.756898817345586 -1 0 0
77.25886990801578 45.056504599211564 -1 0 0
70.23784494086729 34.795006570302235 -1 0 0
64.83705650459922 37.49540078843626 -1 0 0
62.136662286465196 31.5545335085414 -1 0 0
69.15768725361366 28.31406044678056 -1 0 0
62.67674113009199 18.592641261498045 -1 0 0
58.35611038107755 10.491458607095922 -1 0 0
52.415243101182654 13.73193166885676 -1 0 0
48.09461235216821 5.630749014454693 -1 0 0
54.03547963206307 3.47043363994743 -1 0 0
40.533508541392905 7.7910643889619 -1 0 0
35.67279894875165 4.010512483574246 -1 0 0
69.69776609724047 14.272010512483574 -1 0 0
76.71879106438897 9.411300919842347 -1 0 0
88.60052562417874 7.250985545335084 -1 0 0
82.11957950065701 18.592641261498045 -1 0 0
76.71879106438897 25.07358738501972 -1 0 0
83.19973718791064 33.17477003942179 -1 0 0
90.22076215505913 33.7148488830486 -1 0 0
92.92115637319316 21.293035479632067 -1 0 0
91.30091984231277 15.352168199737209 -1 0 0
98.32194480946126 9.411300919842347 -1 0 0
103.18265440210249 14.272010512483574 -1 0 0
101.02233902759528 27.233902759526927 -1 0 0
97.24178712220763 38.03547963206307 -1 0 0
103.7227332457293 47.21681997371877 -1 0 0
102.10249671484891 57.47831800262816 -1 0 0
111.82391590013142 53.157687253613695 -1 0 0
112.36399474375823 61.25886990801576 -1 0 0
107.50328515111696 63.41918528252302 -1 0 0
101.5624178712221 66.11957950065704 -1 0 0
95.08147174770042 68.81997371879106 -1 0 0
96.70170827858081 78.54139290407358 -1 0 0
103.18265440210249 82.32194480946123 -1 0 0
110.20367936925098 84.48226018396849 -1 0 0
103.18265440210249 96.36399474375821 -1 0 0
97.78186596583444 100.14454664914587 -1 0 0
89.68068331143232 98.52431011826548 -1 0 0
95.08147174770042 125.5282522996058 -1 0 0
113.44415243101182 120.12746386333771 -1 0 0
115.60446780551909 134.1695137976347 -1 0 0
119.92509855453348 139.5703022339028 -1 0 0
131.80683311432327 127.14848883048622 -1 0 0
128.02628120893561 115.80683311432324 -1 0 0
119.92509855453348 113.64651773981605 -1 0 0
122.62549277266757 103.9250985545335 -1 0 0
117.22470433639947 99.60446780551905 -1 0 0
124.24572930354798 94.74375821287776 -1 0 0
118.84494086727993 88.26281208935609 -1 0 0
124.24572930354798 80.70170827858078 -1 0 0
129.10643889618925 72.0604467805519 -1 0 0
123.16557161629432 62.8791064388962 -1 0 0
130.18659658344282 55.318002628120894 -1 0 0
124.24572930354798 50.457293035479665 -1 0 0
123.70565045992115 41.27595269382391 -1 0 0
129.646517739816 42.35611038107754 -1 0 0
122.08541392904077 28.854139290407378 -1 0 0
123.16557161629432 19.67279894875162 -1 0 0
128.56636005256243 20.75295663600525 -1 0 0
128.56636005256243 26.693823915900115 -1 0 0
114.52431011826543 190.8777923784494 -1 0 0
123.16557161629432 190.8777923784494 -1 0 0
126.94612352168198 173.05519053876478 -1 0 0
113.98423127463863 168.73455978975034 -1 0 0
135.58738501971092 168.19448094612352 -1 0 0
130.18659658344282 207.62023653088042 -1 0 0
116.68462549277264 205.45992115637318 -1 0 0
125.3258869908016 225.98291721419187 -1 0 0
128.56636005256243 262.7082785808147 -1 0 0
140.44809461235215 243.2654402102497 -1 0 0
151.7897503285151 269.7293035479632 -1 0 0
143.688567674113 285.3915900131406 -1 0 0
152.86990801576874 309.1550591327201 -1 0 0
142.0683311432326 370.1839684625493 -1 0 0
166.3718791064389 357.7621550591327 -1 0 0
173.3929040735874 339.9395532194481 -1 0 0
194.45597897503282 333.9986859395532 -1 0 0
168.53219448094612 269.18922470433637 -1 0 0
180.4139290407359 262.1681997371879 -1 0 0
177.71353482260182 234.62417871222075 -1 0 0
151.2496714848883 233.00394218134034 -1 0 0
160.431011826544 216.80157687253615 -1 0 0
149.0893561103811 200.59921156373193 -1 0 0
137.2076215505913 185.47700394218134 -1 0 0
146.92904073587383 175.75558475689883 -1 0 0
164.21156373193165 186.01708278580816 -1 0 0
176.09329829172142 171.97503285151117 -1 0 0
169.07227332457293 176.29566360052561 -1 0 0
154.49014454664913 163.87385019710905 -1 0 0
155.57030223390277 151.99211563731933 -1 0 0
143.14848883048623 153.07227332457296 -1 0 0
145.84888304862025 139.03022339027598 -1 0 0
161.51116951379763 143.3508541392904 -1 0 0
157.73061760840997 134.1695137976347 -1 0 0
148.00919842312746 124.44809461235218 -1 0 0
160.431011826544 122.28777923784492 -1 0 0
155.57030223390277 109.8659658344284 -1 0 0
139.36793692509858 109.32588699080155 -1 0 0
134.5072273324573 100.68462549277268 -1 0 0
141.52825229960578 84.48226018396849 -1 0 0
156.11038107752958 81.78186596583441 -1 0 0
159.89093298291723 93.12352168199737 -1 0 0
162.05124835742444 102.84494086727989 -1 0 0
175.5532194480946 89.88304862023654 -1 0 0
173.93298291721422 101.22470433639944 -1 0 0
181.49408672798947 135.78975032851508 -1 0 0
185.27463863337712 115.80683311432324 -1 0 0
191.7555847568988 127.14848883048622 -1 0 0
192.29566360052561 108.78580814717475 -1 0 0
191.21550591327198 94.74375821287776 -1 0 0
183.11432325886992 81.2417871222076 -1 0 0
170.69250985545332 80.16162943495402 -1 0 0
169.07227332457293 72.0604467805519 -1 0 0
157.73061760840997 70.44021024967151 -1 0 0
149.0893561103811 66.11957950065704 -1 0 0
157.19053876478316 56.938239159001334 -1 0 0
145.30880420499344 53.69776609724045 -1 0 0
144.76872536136662 42.35611038107754 -1 0 0
135.58738501971092 43.436268068331174 -1 0 0
139.90801576872533 33.7148488830486 -1 0 0
131.80683311432327 33.7148488830486 -1 0 0
136.6675427069645 26.693823915900115 -1 0 0
140.44809461235215 21.293035479632067 -1 0 0
140.98817345597897 16.432325886990782 -1 0 0
135.58738501971092 16.432325886990782 -1 0 0
128.02628120893561 13.73193166885676 -1 0 0
125.3258869908016 8.331143232588715 -1 0 0
112.36399474375823 16.432325886990782 -1 0 0
111.2838370565046 7.250985545335084 -1 0 0
119.38501971090668 4.550591327201062 -1 0 0
131.26675427069645 5.630749014454693 -1 0 0
136.6675427069645 5.630749014454693 -1 0 0
144.76872536136662 6.170827858081452 -1 0 0
148.00919842312746 20.75295663600525 -1 0 0
155.57030223390277 18.05256241787123 -1 0 0
150.70959264126148 12.111695137976369 -1 0 0
157.19053876478316 8.331143232588715 -1 0 0
165.29172141918528 7.7910643889619 -1 0 0
164.75164257555846 21.293035479632067 -1 0 0
164.21156373193165 15.892247043364023 -1 0 0
166.3718791064389 29.394218134034187 -1 0 0
162.05124835742444 34.795006570302235 -1 0 0
159.89093298291723 40.19579500657028 -1 0 0
152.32982917214193 42.35611038107754 -1 0 0
151.2496714848883 34.795006570302235 -1 0 0
153.40998685939556 27.233902759526927 -1 0 0
146.92904073587383 28.31406044678056 -1 0 0
164.21156373193165 48.83705650459922 -1 0 0
174.47306176084098 44.51642575558475 -1 0 0
183.11432325886992 41.27595269382391 -1 0 0
176.63337713534824 37.49540078843626 -1 0 0
176.63337713534824 33.7148488830486 -1 0 0
185.81471747700394 31.5545335085414 -1 0 0
177.17345597897506 25.613666228646537 -1 0 0
178.25361366622863 20.212877792378436 -1 0 0
181.49408672798947 13.191852825229944 -1 0 0
175.0131406044678 7.7910643889619 -1 0 0
179.87385019710908 3.47043363994743 -1 0 0
187.97503285151114 5.630749014454693 -1 0 0
190.67542706964522 7.7910643889619 -1 0 0
196.61629434954008 15.352168199737209 -1 0 0
190.67542706964522 22.913272010512514 -1 0 0
194.45597897503282 33.17477003942179 -1 0 0
189.5952693823916 60.71879106438894 -1 0 0
179.33377135348226 57.47831800262816 -1 0 0
170.69250985545332 63.41918528252302 -1 0 0
186.35479632063075 72.60052562417872 -1 0 0
178.79369250985545 71.52036793692508 -1 0 0
192.29566360052561 82.32194480946123 -1 0 0
200.93692509855455 88.8028909329829 -1 0 0
209.57818659658344 87.72273324572927 -1 0 0
205.25755584756897 76.38107752956637 -1 0 0
201.4770039421813 66.11957950065704 -1 0 0
197.69645203679372 58.018396846254916 -1 0 0
200.93692509855455 49.377135348226034 -1 0 0
207.95795006570305 43.97634691195793 -1 0 0
210.11826544021025 38.03547963206307 -1 0 0
205.25755584756897 29.934296977661006 -1 0 0
210.11826544021025 21.833114323258883 -1 0 0
204.1773981603154 18.592641261498045 -1 0 0
211.73850197109064 14.272010512483574 -1 0 0
219.83968462549277 8.331143232588715 -1 0 0
203.09724047306176 5.630749014454693 -1 0 0
222.54007884362682 28.854139290407378 -1 0 0
219.83968462549277 20.75295663600525 -1 0 0
229.02102496714846 12.111695137976369 -1 0 0
230.10118265440207 21.293035479632067 -1 0 0
232.2614980289093 31.5545335085414 -1 0 0
237.12220762155061 25.07358738501972 -1 0 0
225.78055190538763 43.97634691195793 -1 0 0
233.34165571616293 48.83705650459922 -1 0 0
228.48094612352173 56.938239159001334 -1 0 0
216.0591327201051 54.77792378449408 -1 0 0
212.81865965834427 60.17871222076212 -1 0 0
225.78055190538763 66.11957950065704 -1 0 0
226.86070959264126 74.76084099868592 -1 0 0
217.13929040735874 80.70170827858078 -1 0 0
227.40078843626807 87.72273324572927 -1 0 0
226.32063074901447 103.3850197109067 -1 0 0
216.59921156373193 109.8659658344284 -1 0 0
205.25755584756897 105.54533508541392 -1 0 0
200.93692509855455 97.44415243101184 -1 0 0
208.4980289093298 119.5873850197109 -1 0 0
205.79763469119578 130.38896189224704 -1 0 0
214.43889618922472 123.90801576872536 -1 0 0
223.0801576872536 122.28777923784492 -1 0 0
214.97897503285148 143.8909329829172 -1 0 0
225.2404730617608 136.3298291721419 -1 0 0
210.65834428383707 155.23258869908017 -1 0 0
196.07621550591327 161.17345597897503 -1 0 0
192.83574244415243 152.53219448094615 -1 0 0
185.81471747700394 161.71353482260184 -1 0 0
179.33377135348226 150.37187910643888 -1 0 0
172.8528252299606 158.473061760841 -1 0 0
189.05519053876478 139.03022339027598 -1 0 0
207.41787122207623 176.29566360052561 -1 0 0
194.99605781865964 195.73850197109067 -1 0 0
201.4770039421813 192.49802890932983 -1 0 0
194.99605781865964 207.08015768725363 -1 0 0
187.4349540078844 221.6622864651774 -1 0 0
197.1563731931669 230.8436268068331 -1 0 0
198.7766097240473 256.227332457293 -1 0 0
192.29566360052561 280.53088042049933 -1 0 0
214.97897503285148 262.1681997371879 -1 0 0
206.3377135348226 299.4336399474376 -1 0 0
234.42181340341654 286.4717477003942 -1 0 0
241.98291721419187 310.2352168199737 -1 0 0
246.8436268068331 327.5177398160315 -1 0 0
232.2614980289093 373.4244415243101 -1 0 0
194.45597897503282 372.8843626806833 -1 0 0
190.1353482260184 359.92247043363994 -1 0 0
256.56504599211564 359.3823915900131 -1 0 0
254.94480946123522 389.6268068331143 -1 0 0
226.86070959264126 391.24704336399475 -1 0 0
296.53088042049933 394.4875164257556 -1 0 0
289.50985545335084 375.5847568988173 -1 0 0
299.2312746386334 343.72010512483575 -1 0 0
282.48883048620235 322.6570302233903 -1 0 0
264.12614980289095 327.5177398160315 -1 0 0
276.5479632063075 271.34954007884363 -1 0 0
262.5059132720105 244.88567674113008 -1 0 0
250.62417871222075 232.4638633377135 -1 0 0
226.32063074901447 241.10512483574243 -1 0 0
239.8226018396846 202.21944809461235 -1 0 0
220.37976346911958 220.5821287779238 -1 0 0
225.2404730617608 193.57818659658344 -1 0 0
245.7634691195795 187.09724047306176 -1 0 0
237.12220762155061 153.07227332457296 -1 0 0
224.70039421813405 163.33377135348226 -1 0 0
237.12220762155061 140.65045992115637 -1 0 0
226.86070959264126 150.37187910643888 -1 0 0
246.30354796320628 126.60840998685937 -1 0 0
240.9027595269382 131.46911957950067 -1 0 0
239.28252299605782 124.44809461235218 -1 0 0
233.88173455978975 110.94612352168201 -1 0 0
238.742444152431 102.84494086727989 -1 0 0
243.06307490144542 93.66360052562419 -1 0 0
256.56504599211564 97.44415243101184 -1 0 0
254.4047306176084 109.8659658344284 -1 0 0
272.2273324572931 116.88699080157687 -1 0 0
263.58607095926413 143.8909329829172 -1 0 0
272.2273324572931 146.59132720105129 -1 0 0
265.2063074901446 133.62943495400788 -1 0 0
268.44678055190536 167.6544021024967 -1 0 0
264.12614980289095 178.45597897503285 -1 0 0
261.42575558475687 193.57818659658344 -1 0 0
272.2273324572931 180.61629434954008 -1 0 0
249.00394218134034 213.56110381077528 -1 0 0
280.3285151116951 211.94086727989486 -1 0 0
272.2273324572931 226.52299605781866 -1 0 0
307.3324572930354 285.9316688567674 -1 0 0
302.4717477003942 252.44678055190536 -1 0 0
310.5729303547963 216.26149802890936 -1 0 0
292.2102496714849 188.71747700394218 -1 0 0
310.5729303547963 169.27463863337712 -1 0 0
318.1340341655716 181.15637319316687 -1 0 0
307.3324572930354 159.0131406044678 -1 0 0
279.78843626806827 155.23258869908017 -1 0 0
287.3495400788436 148.21156373193168 -1 0 0
304.63206307490145 141.19053876478318 -1 0 0
317.053876478318 147.67148488830486 -1 0 0
328.9356110381077 139.03022339027598 -1 0 0
309.4927726675427 127.68856767411302 -1 0 0
318.1340341655716 113.64651773981605 -1 0 0
289.50985545335084 116.34691195795006 -1 0 0
283.568988173456 108.24572930354793 -1 0 0
308.95269382391587 105.00525624178715 -1 0 0
293.83048620236525 95.8239159001314 -1 0 0
311.11300919842313 87.72273324572927 -1 0 0
287.8896189224704 83.40210249671486 -1 0 0
275.46780551905385 82.86202365308804 -1 0 0
268.44678055190536 88.26281208935609 -1 0 0
259.2654402102497 86.6425755584757 -1 0 0
257.6452036793693 76.38107752956637 -1 0 0
266.8265440210249 65.03942181340341 -1 0 0
251.16425755584754 61.25886990801576 -1 0 0
243.06307490144542 57.47831800262816 -1 0 0
252.2444152431012 49.91721419185285 -1 0 0
245.7634691195795 46.136662286465196 -1 0 0
251.7043363994744 39.115637319316704 -1 0 0
254.94480946123522 30.474375821287765 -1 0 0
246.30354796320628 29.394218134034187 -1 0 0
254.4047306176084 20.75295663600525 -1 0 0
243.06307490144542 4.550591327201062 -1 0 0
251.16425755584754 7.7910643889619 -1 0 0
254.94480946123522 12.651773981603185 -1 0 0
261.9658344283837 18.05256241787123 -1 0 0
265.7463863337714 28.31406044678056 -1 0 0
261.42575558475687 40.735873850197095 -1 0 0
270.0670170827858 46.136662286465196 -1 0 0
281.4086727989487 45.59658344283838 -1 0 0
277.6281208935611 38.03547963206307 -1 0 0
285.72930354796324 32.09461235216821 -1 0 0
273.8475689881734 21.833114323258883 -1 0 0
283.568988173456 9.411300919842347 -1 0 0
271.68725361366626 6.170827858081452 -1 0 0
290.04993429697765 6.710906701708268 -1 0 0
298.6911957950066 39.65571616294352 -1 0 0
286.80946123521676 57.47831800262816 -1 0 0
271.68725361366626 53.157687253613695 -1 0 0
277.6281208935611 68.27989487516425 -1 0 0
290.04993429697765 70.98028909329832 -1 0 0
300.3114323258869 68.27989487516425 -1 0 0
300.3114323258869 60.17871222076212 -1 0 0
308.41261498028905 41.816031537450726 -1 0 0
303.011826544021 31.01445466491458 -1 0 0
310.5729303547963 14.272010512483574 -1 0 0
297.07095926412615 12.111695137976369 -1 0 0
318.1340341655716 25.613666228646537 -1 0 0
310.0328515111695 24.533508541392905 -1 0 0
321.9145860709592 9.951379763469106 -1 0 0
326.23521681997374 21.833114323258883 -1 0 0
333.2562417871221 34.795006570302235 -1 0 0
321.9145860709592 47.756898817345586 -1 0 0
326.23521681997374 42.89618922470436 -1 0 0
339.7371879106438 43.97634691195793 -1 0 0
334.33639947437575 55.318002628120894 -1 0 0
322.99474375821285 57.47831800262816 -1 0 0
313.2733245729304 63.41918528252302 -1 0 0
311.65308804204994 68.27989487516425 -1 0 0
319.75427069645207 68.27989487516425 -1 0 0
321.9145860709592 76.92115637319318 -1 0 0
336.496714848883 78.00131406044682 -1 0 0
334.87647831800257 102.84494086727989 -1 0 0
326.77529566360056 94.74375821287776 -1 0 0
339.1971090670171 121.7477003942181 -1 0 0
352.69908015768726 120.66754270696453 -1 0 0
352.69908015768726 106.62549277266754 -1 0 0
352.15900131406045 95.28383705650458 -1 0 0
361.3403416557161 88.8028909329829 -1 0 0
357.5597897503285 81.2417871222076 -1 0 0
349.9986859395532 61.25886990801576 -1 0 0
360.26018396846246 50.997371879106424 -1 0 0
373.7621550591326 46.136662286465196 -1 0 0
373.7621550591326 38.57555847568989 -1 0 0
371.6018396846255 29.394218134034187 -1 0 0
365.1208935611038 30.474375821287765 -1 0 0
353.23915900131396 34.25492772667542 -1 0 0
359.72010512483575 20.75295663600525 -1 0 0
341.89750328515106 20.75295663600525 -1 0 0
347.8383705650459 14.812089356110391 -1 0 0
344.59789750328514 7.250985545335084 -1 0 0
353.7792378449408 12.111695137976369 -1 0 0
303.5519053876478 4.010512483574246 -1 0 0
68.61760840998687 5.090670170827877 -1 0 0
64.83705650459922 7.7910643889619 -1 0 0
360.8002628120893 3.47043363994743 -1 0 0
364.580814717477 8.331143232588715 -1 0 0
351.61892247043363 3.47043363994743 -1 0 0
372.1419185282523 10.491458607095922 -1 0 0
390.5045992115637 4.550591327201062 -1 0 0
380.2431011826544 5.630749014454693 -1 0 0
388.88436268068324 14.812089356110391 -1 0 0
402.9264126149802 8.331143232588715 -1 0 0
408.32720105124827 9.411300919842347 -1 0 0
406.1668856767411 14.272010512483574 -1 0 0
416.9684625492772 12.111695137976369 -1 0 0
416.4283837056504 5.090670170827877 -1 0 0
423.4494086727989 7.7910643889619 -1 0 0
432.0906701708278 8.331143232588715 -1 0 0
440.73193166885676 14.272010512483574 -1 0 0
361.9142575558476 125.9333114323259 -1 0 0
365.6948094612352 118.64224704336402 -1 0 0
364.3446123521682 105.14027595269386 -1 0 0
374.0660315374507 80.83672798948754 -1 0 0
384.59756898817346 78.67641261498031 -1 0 0
385.67772667542704 53.56274638633379 -1 0 0
391.3485545335086 135.65473061760844 -1 0 0
367.04500657030223 143.48587385019712 -1 0 0
364.6146517739816 154.28745072273327 -1 0 0
353.27299605781866 148.6166228646518 -1 0 0
342.20137976346916 164.818988173456 -1 0 0
350.30256241787123 176.16064388961894 -1 0 0
370.0154402102497 195.87352168199737 -1 0 0
388.1080814717477 198.84395532194483 -1 0 0
407.82095926412615 200.19415243101184 -1 0 0
407.0108409986859 181.2913929040736 -1 0 0
392.4287122207621 164.00886990801578 -1 0 0
395.1291064388962 149.426741130092 -1 0 0
381.3570959264126 116.4819316688568 -1 0 0
391.3485545335086 97.57917214191855 -1 0 0
398.0995400788437 62.47404730617609 -1 0 0
411.06143232588704 59.50361366622866 -1 0 0
402.4201708278581 40.87089356110383 -1 0 0
387.0279237844941 32.22963206307492 -1 0 0
405.9306833114323 26.828843626806876 -1 0 0
436.4451379763469 48.16195795006573 -1 0 0
432.3945466491459 36.550262812089386 -1 0 0
424.2933639947438 30.87943495400791 -1 0 0
416.7322601839685 26.828843626806876 -1 0 0
419.43265440210246 18.45762155059134 -1 0 0
426.45367936925095 23.318331143232626 -1 0 0
434.8249014454665 27.09888304862025 -1 0 0
441.03580814717475 23.318331143232626 -1 0 0
422.94316688567676 48.70203679369254 -1 0 0
424.2933639947438 58.42345597897506 -1 0 0
435.0949408672799 70.3051905387648 -1 0 0
419.16261498028905 81.64684625492775 -1 0 0
401.06997371879106 72.19546649145863 -1 0 0
420.5128120893561 96.22897503285154 -1 0 0
415.65210249671486 105.95039421813405 -1 0 0
430.7743101182655 100.27956636005258 -1 0 0
436.71517739816034 110.81110381077531 -1 0 0
441.30584756898816 85.6974375821288 -1 0 0
439.9556504599211 78.67641261498031 -1 0 0
423.753285151117 70.57522996057821 -1 0 0
413.2217477003942 121.34264126149806 -1 0 0
414.57194480946123 135.11465177398162 -1 0 0
414.0318659658344 147.8065045992116 -1 0 0
397.28942181340346 129.71386333771355 -1 0 0
430.50427069645207 132.68429697766098 -1 0 0
441.03580814717475 129.98390275952696 -1 0 0
435.0949408672799 149.9668199737188 -1 0 0
439.6856110381077 168.32950065703025 -1 0 0
436.71517739816034 197.49375821287782 -1 0 0
434.2509855453351 18.05256241787123 -1 0 0
398.065703022339 230.3035479632063 -1 0 0
378.08278580814715 240.56504599211564 -1 0 0
365.1208935611038 232.4638633377135 -1 0 0
358.6399474375821 219.50197109067017 -1 0 0
343.5177398160315 207.62023653088042 -1 0 0
331.6360052562418 213.0210249671485 -1 0 0
335.4165571616294 241.64520367936922 -1 0 0
331.095926412615 252.9868593955322 -1 0 0
324.6149802890933 274.59001314060447 -1 0 0
343.5177398160315 284.8515111695138 -1 0 0
324.0749014454665 307.53482260183966 -1 0 0
349.9986859395532 318.8764783180026 -1 0 0
340.2772667542706 340.47963206307486 -1 0 0
352.15900131406045 361.54270696452033 -1 0 0
389.96452036793687 364.7831800262812 -1 0 0
413.1879106438896 386.38633377135346 -1 0 0
421.28909329829173 305.9145860709592 -1 0 0
389.42444152431005 327.5177398160315 -1 0 0
366.20105124835743 312.39553219448095 -1 0 0
390.5045992115637 276.21024967148486 -1 0 0
360.8002628120893 256.227332457293 -1 0 0
415.34822601839676 260.5479632063075 -1 0 0
432.0906701708278 282.1511169513797 -1 0 0
435.3311432325886 250.82654402102494 -1 0 0
431.550591327201 221.1222076215506 -1 0 0
