15.110389610389603 357.86363636363626 -1 0 0
37.8376623376623 324.09740259740266 -1 0 0
16.409090909090878 272.1493506493507 -1 0 0
69.65584415584412 248.12337662337666 -1 0 0
31.993506493506466 225.39610389610394 -1 0 0
41.08441558441556 187.7337662337663 -1 0 0
15.759740259740228 181.24025974025977 -1 0 0
9.915584415584364 162.40909090909093 -1 0 0
29.396103896103856 133.83766233766238 -1 0 0
42.38311688311686 120.85064935064935 -1 0 0
15.110389610389575 129.29220779220782 -1 0 0
5.370129870129831 132.53896103896108 -1 0 0
57.96753246753244 132.53896103896108 -1 0 0
86.538961038961 139.6818181818182 -1 0 0
89.13636363636361 168.90259740259745 -1 0 0
60.56493506493502 177.99350649350652 -1 0 0
79.39610389610387 195.52597402597408 -1 0 0
115.75974025974024 252.01948051948062 -1 0 0
109.91558441558438 216.95454545454552 -1 0 0
111.21428571428568 170.85064935064935 -1 0 0
107.31818181818177 147.474025974026 -1 0 0
134.5909090909091 161.11038961038963 -1 0 0
137.83766233766235 181.24025974025977 -1 0 0
119.65584415584415 149.42207792207796 -1 0 0
128.74675324675323 140.9805194805195 -1 0 0
138.48701298701295 356.5649350649351 -1 0 0
107.96753246753242 315.0064935064936 -1 0 0
74.20129870129868 305.26623376623377 -1 0 0
72.90259740259738 331.8896103896105 -1 0 0
152.12337662337663 274.7467532467533 -1 0 0
148.22727272727272 417.6038961038962 -1 0 0
194.98051948051946 390.98051948051955 -1 0 0
239.78571428571428 357.86363636363643 -1 0 0
222.2532467532467 300.72077922077926 -1 0 0
196.27922077922076 270.8506493506494 -1 0 0
234.5909090909091 233.18831168831179 -1 0 0
168.35714285714286 226.04545454545462 -1 0 0
161.86363636363635 189.0324675324676 -1 0 0
176.14935064935062 174.09740259740266 -1 0 0
157.96753246753244 166.95454545454544 -1 0 0
152.12337662337663 144.8766233766234 -1 0 0
260.56493506493507 279.2922077922078 -1 0 0
263.1623376623377 313.0584415584416 -1 0 0
307.96753246753246 294.87662337662346 -1 0 0
348.8766233766234 246.82467532467538 -1 0 0
304.7207792207792 226.6948051948052 -1 0 0
263.1623376623377 219.55194805194813 -1 0 0
264.461038961039 198.77272727272734 -1 0 0
250.17532467532467 190.98051948051955 -1 0 0
221.60389610389606 200.0714285714286 -1 0 0
198.87662337662337 189.0324675324676 -1 0 0
190.4350649350649 168.25324675324674 -1 0 0
226.14935064935062 177.99350649350652 -1 0 0
186.53896103896105 139.6818181818182 -1 0 0
170.95454545454547 138.38311688311688 -1 0 0
163.8116883116883 110.46103896103898 -1 0 0
141.08441558441555 107.86363636363643 -1 0 0
219.0064935064935 154.61688311688312 -1 0 0
228.09740259740258 134.48701298701297 -1 0 0
252.77272727272728 168.25324675324674 -1 0 0
269.00649350649354 157.86363636363643 -1 0 0
262.512987012987 136.435064935065 -1 0 0
284.5909090909091 127.99350649350652 -1 0 0
242.38311688311686 26.694805194805213 -1 0 0
291.73376623376623 16.954545454545496 -1 0 0
304.7207792207792 13.058441558441586 -1 0 0
307.96753246753246 25.39610389610391 -1 0 0
317.70779220779224 26.694805194805213 -1 0 0
335.2402597402598 24.746753246753258 -1 0 0
325.5 13.058441558441586 -1 0 0
339.1363636363636 4.616883116883116 -1 0 0
361.86363636363643 14.357142857142891 -1 0 0
357.3181818181818 22.79870129870136 -1 0 0
382.64285714285717 29.94155844155847 -1 0 0
415.11038961038963 22.79870129870136 -1 0 0
471.60389610389615 166.95454545454544 -1 0 0
488.487012987013 168.25324675324674 -1 0 0
452.7727272727273 172.14935064935065 -1 0 0
435.8896103896104 196.82467532467538 -1 0 0
419.65584415584414 168.25324675324674 -1 0 0
400.8246753246753 194.87662337662343 -1 0 0
381.99350649350646 170.85064935064935 -1 0 0
363.1623376623376 189.0324675324676 -1 0 0
345.62987012987014 176.04545454545456 -1 0 0
359.2662337662338 163.70779220779224 -1 0 0
326.14935064935065 176.04545454545456 -1 0 0
309.9155844155844 164.3571428571429 -1 0 0
296.92857142857144 189.0324675324676 -1 0 0
278.0974025974026 185.78571428571428 -1 0 0
324.85064935064935 205.26623376623382 -1 0 0
357.9675324675325 215.00649350649357 -1 0 0
387.8376623376624 239.68181818181822 -1 0 0
377.4480519480519 315.0064935064936 -1 0 0
377.4480519480519 381.8896103896105 -1 0 0
287.8376623376623 421.50000000000006 -1 0 0
421.60389610389615 415.65584415584425 -1 0 0
479.39610389610385 425.39610389610397 -1 0 0
462.51298701298697 360.46103896103904 -1 0 0
417.70779220779224 325.39610389610397 -1 0 0
454.0714285714286 292.27922077922085 -1 0 0
419.00649350649354 255.91558441558445 -1 0 0
460.5649350649351 253.96753246753252 -1 0 0
482.64285714285717 240.98051948051952 -1 0 0
353.4220779220779 124.74675324675326 -1 0 0
370.3051948051949 122.79870129870136 -1 0 0
331.9935064935065 116.95454545454542 -1 0 0
319.00649350649354 126.04545454545456 -1 0 0
311.8636363636364 124.09740259740268 -1 0 0
217.7077922077922 124.09740259740268 -1 0 0
554.0714285714287 163.0584415584416 -1 0 0
580.6948051948052 170.85064935064935 -1 0 0
567.0584415584416 228.64285714285722 -1 0 0
536.5389610389611 233.83766233766238 -1 0 0
504.7207792207792 283.1883116883117 -1 0 0
543.6818181818182 296.82467532467535 -1 0 0
507.3181818181818 338.38311688311694 -1 0 0
604.7207792207793 353.31818181818187 -1 0 0
642.3831168831169 322.79870129870136 -1 0 0
582.6428571428572 431.24025974025983 -1 0 0
598.2272727272727 253.96753246753252 -1 0 0
637.1883116883117 260.461038961039 -1 0 0
584.5909090909091 207.21428571428578 -1 0 0
614.461038961039 214.35714285714292 -1 0 0
639.1363636363637 181.24025974025977 -1 0 0
642.3831168831169 215.65584415584422 -1 0 0
632.6428571428572 134.48701298701297 -1 0 0
615.1103896103897 125.39610389610391 -1 0 0
629.3961038961039 118.90259740259745 -1 0 0
417.0584415584416 108.51298701298703 -1 0 0
385.2402597402597 121.50000000000006 -1 0 0
463.81168831168833 215.33116883116892 -1 0 0
