279.4897683918456 855.4897683918455 -1 0 0
477.3079502100274 765.7235346256117 -1 0 0
733.3079502100273 749.1001580022352 -1 0 0
967.6975605996379 815.5936644957416 -1 0 0
857.9832748853523 795.6456125476897 -1 0 0
856.3209372230147 715.8534047554817 -1 0 0
874.6066515087289 669.3079502100272 -1 0 0
946.0871709892483 727.4897683918455 -1 0 0
691.749508651586 690.9183398204169 -1 0 0
545.4637943658716 685.931326833404 -1 0 0
510.55470345678077 669.3079502100272 -1 0 0
459.02223592431307 665.983274885352 -1 0 0
449.04820995028723 714.1910670931442 -1 0 0
415.801456703534 795.6456125476897 -1 0 0
392.52872943080666 692.5806774827546 -1 0 0
277.8274307295079 680.944313846391 -1 0 0
306.0871709892483 687.5936644957416 -1 0 0
327.69756059963794 657.6715865736638 -1 0 0
201.35989826197542 744.1131450152221 -1 0 0
184.73652163859882 692.5806774827546 -1 0 0
139.85340475548205 714.1910670931442 -1 0 0
181.41184631392363 843.8534047554817 -1 0 0
126.55470345678069 842.1910670931442 -1 0 0
66.7105476126249 727.4897683918455 -1 0 0
214.65859956067686 684.2689891710663 -1 0 0
412.47678137885856 652.6845735866506 -1 0 0
200.52872943080652 677.2040541061313 -1 0 0
257.04820995028706 646.4508073528846 -1 0 0
280.3209372230143 649.7754826775598 -1 0 0
302.7624956645728 651.4378203398975 -1 0 0
303.5936644957415 638.1391190411961 -1 0 0
352.6326255347026 643.957300859378 -1 0 0
394.1910670931441 640.6326255347027 -1 0 0
433.2560021580792 644.7884696905469 -1 0 0
488.94431384639097 648.1131450152221 -1 0 0
645.2040541061314 714.1910670931442 -1 0 0
592.0092489113262 662.6585995606766 -1 0 0
615.2819761840534 654.3469112489885 -1 0 0
660.1650930671702 648.1131450152221 -1 0 0
636.8923657944429 638.1391190411961 -1 0 0
587.8534047554818 634.8144437165207 -1 0 0
562.918339820417 643.9573008593779 -1 0 0
539.6456125476897 653.100158002235 -1 0 0
472.3209372230143 639.8014567035337 -1 0 0
456.5287294308065 641.4637943658715 -1 0 0
507.23002813210525 649.7754826775597 -1 0 0
498.91833982041703 630.6585995606766 -1 0 0
482.2949631970402 628.1650930671701 -1 0 0
440.73652163859873 652.2689891710663 -1 0 0
512.2170411191182 629.8274307295078 -1 0 0
337.6715865736637 658.9183398204168 -1 0 0
765.7235346256117 663.074183976261 -1 0 0
757.4118463139234 645.6196385217156 -1 0 0
815.5936644957417 649.7754826775597 -1 0 0
828.0611969632739 610.7105476126247 -1 0 0
795.6456125476897 604.8923657944429 -1 0 0
726.6585995606766 659.7495086515858 -1 0 0
686.3469112489884 630.0352229373001 -1 0 0
675.1261320282092 618.8144437165208 -1 0 0
692.1650930671701 610.0871709892481 -1 0 0
740.3728852749624 635.853404755482 -1 0 0
756.5806774827546 634.1910670931443 -1 0 0
715.4378203398975 593.0482099502871 -1 0 0
680.1131450152221 607.1780800801572 -1 0 0
662.6585995606766 602.6066515087286 -1 0 0
667.2300281321052 601.3598982619754 -1 0 0
648.1131450152221 608.8404177424949 -1 0 0
636.4767813788584 607.1780800801572 -1 0 0
633.1521060541832 600.1131450152222 -1 0 0
621.9313268334039 598.8663917684689 -1 0 0
626.9183398204169 608.8404177424949 -1 0 0
611.9573008593779 617.5676904697676 -1 0 0
607.8014567035337 630.0352229373001 -1 0 0
611.1261320282091 637.931326833404 -1 0 0
584.944313846391 611.7495086515858 -1 0 0
577.4637943658715 603.4378203398975 -1 0 0
567.074183976261 604.2689891710663 -1 0 0
543.8014567035337 607.5936644957417 -1 0 0
529.6715865736636 618.3988593009365 -1 0 0
568.3209372230143 623.3858722879494 -1 0 0
599.9053528074298 610.918339820417 -1 0 0
608.2170411191182 594.2949631970404 -1 0 0
604.8923657944429 585.983274885352 -1 0 0
593.2560021580792 590.1391190411961 -1 0 0
584.1131450152221 594.2949631970404 -1 0 0
575.8014567035337 593.0482099502871 -1 0 0
564.996261898339 600.1131450152222 -1 0 0
552.944313846391 601.7754826775599 -1 0 0
656.4248333269104 627.5417164437936 -1 0 0
648.1131450152221 620.4767813788585 -1 0 0
665.983274885352 618.3988593009365 -1 0 0
720.8404177424949 633.3598982619754 -1 0 0
732.8923657944429 629.2040541061314 -1 0 0
701.7235346256117 579.3339242360014 -1 0 0
711.2819761840533 575.5936644957417 -1 0 0
697.5676904697675 571.0222359243131 -1 0 0
683.4378203398975 584.3209372230143 -1 0 0
673.0482099502871 594.2949631970404 -1 0 0
727.9053528074298 552.3209372230143 -1 0 0
712.944313846391 556.061196963274 -1 0 0
604.8923657944429 561.0482099502871 -1 0 0
624.8404177424948 567.6975605996378 -1 0 0
644.7884696905468 570.6066515087286 -1 0 0
634.3988593009364 579.3339242360014 -1 0 0
624.4248333269104 588.0611969632741 -1 0 0
663.4897683918455 574.7624956645728 -1 0 0
714.3988593009364 607.4897683918455 -1 0 0
703.3858722879494 606.4508073528846 -1 0 0
700.2689891710663 599.1780800801572 -1 0 0
729.152106054183 612.6845735866508 -1 0 0
748.8923657944429 611.2300281321052 -1 0 0
724.7884696905468 586.0871709892481 -1 0 0
729.152106054183 592.7365216385988 -1 0 0
729.3598982619753 575.2819761840533 -1 0 0
735.3858722879494 577.1521060541832 -1 0 0
734.9702878723649 548.061196963274 -1 0 0
740.1650930671701 549.5157424178195 -1 0 0
730.6066515087286 543.2819761840533 -1 0 0
717.100158002235 575.0741839762611 -1 0 0
721.6715865736636 566.3469112489884 -1 0 0
776.5287294308065 595.2300281321052 -1 0 0
761.3598982619753 599.5936644957417 -1 0 0
679.2819761840533 573.2040541061313 -1 0 0
666.3988593009364 563.4378203398975 -1 0 0
690.0871709892481 558.8663917684689 -1 0 0
697.5676904697675 558.4508073528846 -1 0 0
679.2819761840533 562.1910670931443 -1 0 0
670.3469112489884 558.6585995606766 -1 0 0
674.9183398204169 567.8014567035337 -1 0 0
660.3728852749623 666.7105476126249 -1 0 0
676.9962618983388 759.3858722879495 -1 0 0
690.5027554048326 548.061196963274 -1 0 0
681.9832748853521 550.3469112489884 -1 0 0
673.8793787814559 548.8923657944429 -1 0 0
666.3988593009365 542.8663917684688 -1 0 0
662.6585995606767 536.2170411191182 -1 0 0
669.931326833404 532.061196963274 -1 0 0
658.0871709892482 537.0482099502871 -1 0 0
651.2300281321053 538.5027554048324 -1 0 0
654.762495664573 547.022235924313 -1 0 0
658.0871709892482 554.9183398204169 -1 0 0
644.5806774827547 545.5676904697675 -1 0 0
638.3469112489885 548.061196963274 -1 0 0
629.4118463139235 542.6585995606766 -1 0 0
629.4118463139235 570.9183398204169 -1 0 0
714.3988593009365 543.6975605996377 -1 0 0
700.6845735866508 544.3209372230143 -1 0 0
706.2949631970404 542.6585995606766 -1 0 0
694.4508073528846 552.4248333269104 -1 0 0
696.3209372230144 540.3728852749624 -1 0 0
689.8793787814559 537.8793787814559 -1 0 0
687.1780800801573 541.2040541061313 -1 0 0
681.3598982619754 538.7105476126247 -1 0 0
678.866391768469 542.2430151450922 -1 0 0
642.7105476126247 561.5676904697675 -1 0 0
790.6585995606769 660.7884696905468 -1 0 0
893.7235346256118 655.3858722879494 -1 0 0
909.9313268334042 650.8144437165207 -1 0 0
23.765004325425846 673.6887888195123 -1 0 0
61.44174545551785 679.0711804095255 -1 0 0
221.5678952584087 662.924005639486 -1 0 0
