577.0308858005687 364.7804102691122 -1 0 0
544.0682582861122 261.89705772399043 -1 0 0
60.61638807408378 313.8381677467703 -1 0 0
200.45783813541436 232.92990021128628 -1 0 0
282.3649731713365 209.95594770121053 -1 0 0
243.4091406542516 243.9174427161051 -1 0 0
243.4091406542516 216.94802020427704 -1 0 0
227.42726064724232 202.963875198144 -1 0 0
232.4215981494327 183.98539268982057 -1 0 0
212.4442481406712 172.99785018500174 -1 0 0
194.4646331327859 178.9910551876302 -1 0 0
135.53145060693942 211.9536827020867 -1 0 0
112.5574980968637 246.9140452174193 -1 0 0
69.60619557802646 229.93329770997207 -1 0 0
27.6537605596273 247.91291271785735 -1 0 0
3.680940549113509 230.93216521041012 -1 0 0
30.65036306094153 220.94349020602934 -1 0 0
33.64696556225576 204.96161019902016 -1 0 0
63.61299057539801 195.97180269507749 -1 0 0
77.34741870642169 152.77078330113073 -1 0 0
91.83099746277378 139.78550579543577 -1 0 0
71.35421370379323 132.79343329236926 -1 0 0
73.3519487046694 122.30532453776945 -1 0 0
80.84345495795493 123.80362578842656 -1 0 0
58.368936198098254 144.77984329762617 -1 0 0
32.39838118670829 157.26568705310208 -1 0 0
23.40857368276563 160.76172330463538 -1 0 0
10.922729927289703 163.25889205573054 -1 0 0
6.92725992553739 130.79569829149307 -1 0 0
10.922729927289703 118.30985453601716 -1 0 0
3.930657424223161 115.31325203470294 -1 0 0
22.409706182327543 106.32344453076026 -1 0 0
19.91253743123237 97.3336370268176 -1 0 0
26.40517618407986 92.83873327484625 -1 0 0
13.419898678384879 93.83760077528433 -1 0 0
13.419898678384879 102.827408279227 -1 0 0
8.924994926413536 102.32797452900796 -1 0 0
3.43122367400413 102.827408279227 -1 0 0
1.9329224233470155 93.83760077528433 -1 0 0
33.39724868714638 115.81268578492198 -1 0 0
42.38705619108907 109.81948078229352 -1 0 0
23.40857368276563 116.81155328536006 -1 0 0
35.894417438241575 129.29739704083602 -1 0 0
46.382526192841354 179.24077206273975 -1 0 0
96.82533496496414 179.24077206273975 -1 0 0
79.84458745751687 171.24983205923513 -1 0 0
121.79702247591604 167.7537958077019 -1 0 0
125.79249247766832 186.7322783160253 -1 0 0
138.27833623314424 165.25662705660667 -1 0 0
44.38479119196521 78.85458826871321 -1 0 0
48.3802611937175 71.86251576564666 -1 0 0
51.37686369503173 79.85345576915128 -1 0 0
57.86950244787922 95.83533577616048 -1 0 0
44.88422494218424 98.8319382774747 -1 0 0
67.85817745225995 113.31551703382678 -1 0 0
72.35308120423129 107.82174578141738 -1 0 0
76.84798495620264 101.82854077878893 -1 0 0
131.7856974802968 298.10600461487064 -1 0 0
101.32023871693548 114.81381828448389 -1 0 0
84.83892495970726 114.81381828448389 -1 0 0
154.26021624015345 134.29173454302637 -1 0 0
133.7834324811729 131.29513204171212 -1 0 0
128.2896612287635 129.29739704083602 -1 0 0
123.79475747679216 117.31098703557912 -1 0 0
133.2839987309539 117.31098703557912 -1 0 0
136.78003498248714 121.80589078755044 -1 0 0
143.77210748555365 117.31098703557912 -1 0 0
155.2590837405915 106.82287828097931 -1 0 0
160.7528549930009 120.80702328711233 -1 0 0
174.73699999913404 121.80589078755044 -1 0 0
168.74379499650556 102.32797452900796 -1 0 0
159.75398749256283 102.32797452900796 -1 0 0
159.2545537423438 94.8364682757224 -1 0 0
172.2398312480388 251.15923209428112 -1 0 0
78.84571995707881 79.85345576915128 -1 0 0
72.85251495445034 67.86704576389438 -1 0 0
79.34515370729783 65.86931076301823 -1 0 0
77.34741870642169 57.378937009294596 -1 0 0
69.35647870291706 59.87610576038977 -1 0 0
44.38479119196521 53.882900757761334 -1 0 0
48.879694943936535 56.38006950885651 -1 0 0
54.87289994656499 64.37100951236111 -1 0 0
53.37459869590788 59.87610576038977 -1 0 0
60.3666711989744 59.87610576038977 -1 0 0
62.36440619985056 64.37100951236111 -1 0 0
381.25285571470596 212.95255020252475 -1 0 0
383.25059071558206 179.98992268806825 -1 0 0
366.26984320813483 163.009175180621 -1 0 0
374.26078321163936 143.0318251718595 -1 0 0
449.175845744495 241.9197077152289 -1 0 0
10.922729927289703 76.35741951761801 -1 0 0
28.402911184956004 77.35628701805608 -1 0 0
11.422163677508735 107.82174578141735 -1 0 0
22.909139932546598 136.2894695439025 -1 0 0
91.33156371255473 93.83760077528432 -1 0 0
118.80041997460181 95.83533577616046 -1 0 0
104.81627496846876 96.3347695263795 -1 0 0
132.2851312305158 94.33703452550334 -1 0 0
113.30664872219239 271.1365821030426 -1 0 0
18.539094618129955 63.61520765330672 -1 0 0
16.791076492363324 68.60954515549709 -1 0 0
23.033998370101298 69.10897890571614 -1 0 0
9.299570239077761 60.11917140177346 -1 0 0
11.547022115063434 54.87511702447357 -1 0 0
9.299570239077761 50.879647022721265 -1 0 0
6.053250862654018 52.12823139826885 -1 0 0
1.0589133604636427 45.38587577031185 -1 0 0
4.554949611996903 48.38247827162608 -1 0 0
7.551552113311132 42.88870701921666 -1 0 0
18.289377743020438 52.37794827337838 -1 0 0
20.037395868787073 58.37115327600684 -1 0 0
26.779751496744083 52.62766514848789 -1 0 0
32.77295649937253 48.132761396516564 -1 0 0
76.22369276842879 131.2884808079863 -1 0 0
23.033998370101298 44.387008269873775 -1 0 0
19.288245243458512 47.133893896078476 -1 0 0
24.03286587053937 47.88304452140704 -1 0 0
50.75257150725788 47.88304452140704 -1 0 0
44.50964962951992 35.646917641040616 -1 0 0
40.01474587754857 35.646917641040616 -1 0 0
39.015878377110496 38.393803267245325 -1 0 0
55.49719213433873 55.3745507746926 -1 0 0
37.51757712645338 51.379080772940306 -1 0 0
25.531167121196486 62.86605702797816 -1 0 0
22.035130869663224 39.142953892573885 -1 0 0
19.53796211856804 35.646917641040616 -1 0 0
25.780883996306002 35.14748389082158 -1 0 0
24.282582745648888 36.89550201658821 -1 0 0
18.289377743020438 40.89097201834051 -1 0 0
17.04079336747285 44.387008269873775 -1 0 0
15.542492116815735 48.132761396516564 -1 0 0
11.79673899017295 46.38474327074993 -1 0 0
12.296172740391992 43.13842389432617 -1 0 0
53.74917400857211 73.10444890746844 -1 0 0
40.51417962776762 70.35756328126374 -1 0 0
33.27239024959156 67.36096077994951 -1 0 0
93.95359090120465 74.85246703323507 -1 0 0
114.6800915352947 69.10897890571614 -1 0 0
111.18405528376144 59.61973765155442 -1 0 0
94.9524584016427 61.11803890221154 -1 0 0
83.96491589682388 61.11803890221154 -1 0 0
83.96491589682388 53.37681577381645 -1 0 0
85.7129340225905 50.62993014761175 -1 0 0
91.70613902521897 50.380213272502225 -1 0 0
95.95132590208078 44.387008269873775 -1 0 0
77.4722771439764 51.379080772940306 -1 0 0
68.98190339025277 48.38247827162608 -1 0 0
67.73331901470516 36.89550201658821 -1 0 0
29.901212435613118 32.6525322176351 -1 0 0
36.39385118846061 31.154230966977977 -1 0 0
32.39838118670829 29.156495966101836 -1 0 0
33.896682437365406 36.14856846916836 -1 0 0
33.896682437365406 39.64460472070162 -1 0 0
23.40857368276563 30.654797216758958 -1 0 0
15.417633679261025 34.15083346829221 -1 0 0
11.921597427727765 26.159893464787608 -1 0 0
2.9317899237850993 25.6604597145686 -1 0 0
3.43122367400413 22.164423463035316 -1 0 0
9.923862426851619 22.164423463035316 -1 0 0
10.42329617707065 19.167820961721088 -1 0 0
5.428958674880276 18.668387211502036 -1 0 0
16.91593492991814 17.669519711063977 -1 0 0
14.418766178822963 19.167820961721088 -1 0 0
19.91253743123237 20.16668846215915 -1 0 0
17.41536868013717 25.6604597145686 -1 0 0
14.418766178822963 23.662724713692427 -1 0 0
10.922729927289703 36.14856846916836 -1 0 0
11.422163677508735 34.15083346829221 -1 0 0
7.426693675756422 27.658194715444722 -1 0 0
32.89781493692735 27.158760965225714 -1 0 0
29.40177868539409 26.159893464787608 -1 0 0
23.90800743298466 23.662724713692427 -1 0 0
38.391586189336756 27.158760965225714 -1 0 0
38.89101993955578 23.662724713692427 -1 0 0
32.39838118670829 22.164423463035316 -1 0 0
482.8876238842801 249.90621356291638 -1 0 0
452.9215988711379 202.46000729210786 -1 0 0
438.43802011478584 190.47359728685095 -1 0 0
441.9340563663191 157.51096977239447 -1 0 0
454.919333872014 165.00247602568004 -1 0 0
473.3983826301184 163.50417477502293 -1 0 0
467.90461137770905 166.0013435261181 -1 0 0
486.88309388603244 170.49624727808944 -1 0 0
503.3644076432607 196.4668022894794 -1 0 0
488.88082888690855 179.98548853225114 -1 0 0
474.8966838807755 191.97189853750805 -1 0 0
527.3372276537744 163.50417477502293 -1 0 0
521.8434564013651 146.02399351735662 -1 0 0
544.3179751612217 161.00700602392774 -1 0 0
534.329300156841 178.48718728159403 -1 0 0
541.8208064101266 201.9605735418888 -1 0 0
528.3360951542126 197.46566978991746 -1 0 0
557.3032526669167 198.9639710405746 -1 0 0
573.784566424145 201.9605735418888 -1 0 0
565.2941926704214 164.50304227546098 -1 0 0
195.21378375811454 136.03531851297586 -1 0 0
201.206988760743 122.55060725706184 -1 0 0
208.69849501402857 119.05457100552859 -1 0 0
201.706422510962 111.56306475224304 -1 0 0
193.7154825074574 110.56419725180494 -1 0 0
213.6928325162189 115.05910100377629 -1 0 0
172.73926499825785 74.60496723603426 -1 0 0
199.7086875100859 75.1044009862533 -1 0 0
189.72001250570509 75.60383473647232 -1 0 0
205.20245876249524 96.08061849545285 -1 0 0
222.6826400201616 110.56419725180494 -1 0 0
225.17980877125675 125.54720975837606 -1 0 0
232.1718812743233 120.5528722561857 -1 0 0
235.16848377563753 118.55513725530953 -1 0 0
252.6486650333038 93.08401599413862 -1 0 0
241.661122528485 90.58684724304345 -1 0 0
251.1503637826467 102.57325724830035 -1 0 0
261.1390387870275 98.078353496329 -1 0 0
262.6373400376846 110.56419725180494 -1 0 0
271.12771379140827 113.06136600290013 -1 0 0
286.61016004819845 122.05117350684282 -1 0 0
300.09487130411236 154.01493352086123 -1 0 0
306.08807630674085 166.0013435261181 -1 0 0
287.60902754863645 158.01040352261353 -1 0 0
261.6384725372465 160.00813852348963 -1 0 0
283.1141237966651 133.03871601166162 -1 0 0
264.13564128834173 131.0409810107855 -1 0 0
250.65093003242768 157.51096977239447 -1 0 0
236.66678502629466 148.52116226845177 -1 0 0
222.1832062699425 140.53022226494718 -1 0 0
228.17641127257096 149.52002976888988 -1 0 0
222.6826400201616 168.49851227721328 -1 0 0
206.20132626293335 149.52002976888988 -1 0 0
217.18886876775215 149.52002976888988 -1 0 0
186.22397625417187 162.50530727458485 -1 0 0
204.70302501227624 163.50417477502293 -1 0 0
178.23303625066725 151.018331019547 -1 0 0
171.74039749781977 96.58005224567191 -1 0 0
177.73360250044823 99.07722099676708 -1 0 0
186.72341000439087 94.58231724479575 -1 0 0
180.7302050017624 106.56872725005266 -1 0 0
187.22284375460993 103.57212474873843 -1 0 0
221.6837725197235 74.60496723603426 -1 0 0
214.69170001665702 76.10326848669135 -1 0 0
207.69962751359046 72.10779848493905 -1 0 0
232.6713150245423 77.10213598712944 -1 0 0
237.66565252673274 75.1044009862533 -1 0 0
230.17414627344718 71.60836473472001 -1 0 0
234.16961627519944 61.61968973033926 -1 0 0
244.65772502979922 71.10893098450099 -1 0 0
252.6486650333038 64.61629223165349 -1 0 0
259.64073753637035 74.60496723603426 -1 0 0
223.1820737703806 93.08401599413862 -1 0 0
237.66565252673274 112.06249850246208 -1 0 0
230.6735800236662 104.07155849895746 -1 0 0
274.12431629272254 77.10213598712944 -1 0 0
271.62714754162727 71.10893098450099 -1 0 0
284.61242504732223 78.1010034875675 -1 0 0
284.61242504732223 68.6117622334058 -1 0 0
279.61808754513186 71.10893098450099 -1 0 0
293.60223255126493 71.10893098450099 -1 0 0
293.10279880104594 83.59477473997693 -1 0 0
304.09034130586474 92.08514849370056 -1 0 0
311.5818475591503 93.08401599413862 -1 0 0
321.57052256353103 107.06816100027169 -1 0 0
325.06655881506435 89.08854599238634 -1 0 0
342.0473063225116 92.5845822439196 -1 0 0
343.54560757316864 78.1010034875675 -1 0 0
327.0642938159405 73.10666598537712 -1 0 0
336.05410131988316 68.6117622334058 -1 0 0
343.54560757316864 66.61402723252962 -1 0 0
334.555800069226 61.120255980120234 -1 0 0
340.04957132163537 59.12252097924409 -1 0 0
355.5320175784256 73.10666598537712 -1 0 0
354.53315007798756 79.59930473822462 -1 0 0
379.0054038387204 76.10326848669135 -1 0 0
350.0382463260162 93.58344974435768 -1 0 0
376.50823508762517 92.08514849370056 -1 0 0
372.01333133565373 101.07495599764323 -1 0 0
361.025788830835 99.07722099676708 -1 0 0
364.02239133214925 112.06249850246208 -1 0 0
380.5037050893775 114.06023350333821 -1 0 0
372.51276508587296 122.55060725706184 -1 0 0
363.0235238317111 134.53701726231873 -1 0 0
357.0303188290827 134.53701726231873 -1 0 0
348.53994507535907 114.06023350333821 -1 0 0
333.55693256878794 118.55513725530953 -1 0 0
330.0608963172547 110.06476350158592 -1 0 0
351.0371138264543 104.57099224917648 -1 0 0
322.0699563137501 137.03418601341392 -1 0 0
314.5784500604645 146.02399351735662 -1 0 0
328.56259506659757 149.52002976888988 -1 0 0
346.0427763242639 174.49171727984177 -1 0 0
398.4833200972628 147.02286101779467 -1 0 0
400.980488848358 154.51436727108023 -1 0 0
405.9748263505483 141.52908976538527 -1 0 0
401.9793563487961 134.53701726231873 -1 0 0
389.4935125933202 122.05117350684282 -1 0 0
403.9770913496722 115.5585347539953 -1 0 0
398.4833200972628 100.5755222474242 -1 0 0
420.9578388571195 108.06702850070975 -1 0 0
414.465200104272 87.09081099151018 -1 0 0
419.9589713566814 86.59137724129117 -1 0 0
415.9635013549291 73.10666598537712 -1 0 0
410.4697301025197 58.62308722902505 -1 0 0
396.4855850963866 72.6072322351581 -1 0 0
400.980488848358 65.11572598187254 -1 0 0
143.27267373533465 75.60383473647232 -1 0 0
120.29872122525892 71.60836473472001 -1 0 0
28.77748649762023 10.175796379869709 -1 0 0
31.27465524871542 11.424380755417298 -1 0 0
36.518709626015315 12.922682006074412 -1 0 0
44.50964962951992 10.675230130088739 -1 0 0
20.786546494115626 8.677495129212595 -1 0 0
12.795606490611023 11.92381450563633 -1 0 0
9.549287114187278 12.922682006074412 -1 0 0
8.30070273863969 15.669567632279115 -1 0 0
4.804666487106429 15.669567632279115 -1 0 0
33.27239024959156 25.158808886440834 -1 0 0
43.51078212908184 19.914754509140934 -1 0 0
38.76616150200099 19.4153207589219 -1 0 0
48.505119631272215 26.40739326198842 -1 0 0
45.25880025484848 25.158808886440834 -1 0 0
48.25540275616269 24.409658261112277 -1 0 0
50.502854632148356 23.910224510893237 -1 0 0
50.502854632148356 34.39833326549303 -1 0 0
54.74804150901018 35.896634516150144 -1 0 0
63.737849012952864 31.15201388906928 -1 0 0
58.74351151076249 20.913622009579004 -1 0 0
56.24634275966729 23.910224510893237 -1 0 0
54.997758384119706 28.155411387755052 -1 0 0
53.249740258353064 28.654845137974092 -1 0 0
41.762764003315205 31.401730764178797 -1 0 0
44.50964962951992 30.902297013959767 -1 0 0
47.755969005943655 43.887574519654734 -1 0 0
52.75030650813403 45.13615889520233 -1 0 0
40.26446275265808 45.38587577031185 -1 0 0
38.266727751781936 43.3881407694357 -1 0 0
61.24068026185767 47.133893896078476 -1 0 0
60.49152963652911 43.63785764454522 -1 0 0
57.245210260105374 40.89097201834051 -1 0 0
60.99096338674816 37.394935766807244 -1 0 0
64.23728276317189 40.39153826812147 -1 0 0
68.73218651514324 40.39153826812147 -1 0 0
73.97624089244314 40.14182139301196 -1 0 0
76.22369276842879 34.897767015712056 -1 0 0
73.97624089244314 35.646917641040616 -1 0 0
67.23388526448612 33.89889951527398 -1 0 0
67.98303588981469 31.651447639288314 -1 0 0
67.98303588981469 27.905694512645535 -1 0 0
71.47907214134794 27.655977637536022 -1 0 0
72.97737339200506 30.652580138850233 -1 0 0
75.22482526799072 28.654845137974092 -1 0 0
77.22256026886687 29.154278888193126 -1 0 0
81.4677471457287 27.905694512645535 -1 0 0
78.97057839463352 25.40852576155035 -1 0 0
69.23162026536227 21.16333888468853 -1 0 0
61.98983088718622 20.164471384250447 -1 0 0
68.48246964003371 17.667302633155263 -1 0 0
61.24068026185767 12.922682006074412 -1 0 0
65.23615026360997 13.17239888118394 -1 0 0
70.48020464090986 13.67183263140297 -1 0 0
57.49492713521488 16.418718257607672 -1 0 0
65.98530088893854 44.886442020092815 -1 0 0
75.47454214310024 43.3881407694357 -1 0 0
99.19764527850452 15.919284507388632 -1 0 0
103.44283215536636 17.167868882936233 -1 0 0
96.20104277719031 15.669567632279115 -1 0 0
91.95585590032849 15.4198507571696 -1 0 0
88.2101027736857 18.91588700870286 -1 0 0
93.20444027587608 24.15994138600275 -1 0 0
91.45642215010943 20.66390513446949 -1 0 0
96.95019340251886 28.155411387755052 -1 0 0
97.69934402784743 21.66277263490756 -1 0 0
103.19311528025683 21.66277263490756 -1 0 0
106.93886840689962 19.914754509140934 -1 0 0
107.18858528200913 22.162206385126606 -1 0 0
108.93660340777576 21.66277263490756 -1 0 0
82.46661464616679 36.39606826636917 -1 0 0
84.21463277193338 32.150881389507354 -1 0 0
83.96491589682388 42.63899014410715 -1 0 0
78.720861519524 41.14068889345003 -1 0 0
80.96831339550965 45.13615889520233 -1 0 0
91.70613902521897 44.387008269873775 -1 0 0
101.44509715449018 44.387008269873775 -1 0 0
108.93660340777576 43.887574519654734 -1 0 0
106.18971778157106 37.894369517026284 -1 0 0
99.19764527850452 37.894369517026284 -1 0 0
93.45415715098558 34.897767015712056 -1 0 0
95.20217527675223 32.150881389507354 -1 0 0
99.94679590383308 32.900032014835915 -1 0 0
100.69594652916163 28.90456201308361 -1 0 0
109.68575403310432 29.403995763302653 -1 0 0
114.92980841040422 30.652580138850233 -1 0 0
111.93320590908999 40.14182139301196 -1 0 0
114.6800915352947 39.142953892573885 -1 0 0
118.92527841215652 35.646917641040616 -1 0 0
118.92527841215652 33.89889951527398 -1 0 0
117.67669403660892 22.162206385126606 -1 0 0
127.91508591609917 27.655977637536022 -1 0 0
131.16140529252291 30.652580138850233 -1 0 0
129.91282091697533 34.897767015712056 -1 0 0
124.41904966456592 35.896634516150144 -1 0 0
139.15234529602753 37.394935766807244 -1 0 0
101.19538027938069 52.12823139826885 -1 0 0
95.95132590208078 51.87851452315934 -1 0 0
106.93886840689962 53.626532648925966 -1 0 0
103.69254903047586 48.63219514673559 -1 0 0
109.18632028288529 50.62993014761175 -1 0 0
106.68915153179009 62.116906402649605 -1 0 0
117.92641091171843 49.631062647173664 -1 0 0
118.92527841215652 45.38587577031185 -1 0 0
133.65857404361813 46.88417702096896 -1 0 0
136.65517654493237 47.88304452140704 -1 0 0
129.66310404186584 61.867189527540084 -1 0 0
135.40659216938474 65.86265952929239 -1 0 0
136.40545966982282 60.11917140177346 -1 0 0
144.14668279821788 60.368888276882984 -1 0 0
145.64498404887502 49.13162889695464 -1 0 0
144.39639967332744 46.13502639564041 -1 0 0
141.64951404712272 46.13502639564041 -1 0 0
141.64951404712272 43.3881407694357 -1 0 0
143.64724904799888 34.64805014060255 -1 0 0
141.1500802969037 32.150881389507354 -1 0 0
132.90942341828958 22.411923260236122 -1 0 0
128.41451966631823 22.162206385126606 -1 0 0
125.91735091522304 21.66277263490756 -1 0 0
156.63252655369388 63.864924528416246 -1 0 0
164.12403280697944 68.60954515549709 -1 0 0
158.63026155456998 78.34850328476834 -1 0 0
152.88677342705108 88.83661203936812 -1 0 0
137.15461029515137 89.08632891447765 -1 0 0
157.3816771790224 54.12596639914501 -1 0 0
160.37827968033662 53.37681577381645 -1 0 0
159.8788459301176 50.62993014761175 -1 0 0
155.63365905325577 42.13955639388811 -1 0 0
164.87318343230797 43.63785764454522 -1 0 0
171.36582218515548 43.3881407694357 -1 0 0
170.11723780960781 39.64238764279292 -1 0 0
174.36242468646967 39.64238764279292 -1 0 0
174.36242468646967 48.88191202184511 -1 0 0
175.11157531179822 46.13502639564041 -1 0 0
166.12176780785558 51.379080772940306 -1 0 0
175.11157531179822 56.872852025349715 -1 0 0
181.85393093975526 56.872852025349715 -1 0 0
179.35676218866004 62.116906402649605 -1 0 0
172.61440656070306 64.11464140352577 -1 0 0
182.10364781486476 68.11011140527806 -1 0 0
184.10138281574092 63.864924528416246 -1 0 0
186.8482684419456 67.36096077994951 -1 0 0
191.09345531880743 60.11917140177346 -1 0 0
185.59968406639805 60.368888276882984 -1 0 0
195.58835907077878 95.82868454243464 -1 0 0
139.6517790462466 29.403995763302653 -1 0 0
136.65517654493237 27.156543887316978 -1 0 0
304.96435036874794 66.36209327951143 -1 0 0
205.07760032494048 60.61860515199249 -1 0 0
204.07873282450245 63.864924528416246 -1 0 0
200.08326282275013 56.872852025349715 -1 0 0
205.07760032494048 55.87398452491164 -1 0 0
197.5860940716549 47.133893896078476 -1 0 0
193.84034094501212 44.387008269873775 -1 0 0
187.84713594238372 46.38474327074993 -1 0 0
184.8505334410695 47.133893896078476 -1 0 0
182.35336468997426 43.3881407694357 -1 0 0
180.60534656420768 39.89210451790243 -1 0 0
153.38620717727008 30.402863263740723 -1 0 0
151.38847217639395 34.1486163903835 -1 0 0
148.64158655018923 30.402863263740723 -1 0 0
100.1965127789426 152.2646983171859 -1 0 0
85.463217147481 -6.30551737735855 -1 0 0
87.46095214835715 147.2703608149955 -1 0 0
125.16820028989447 40.89097201834051 -1 0 0
126.16706779033255 44.387008269873775 -1 0 0
89.95812089945233 134.53480018441005 -1 0 0
126.41678466544208 52.62766514848789 -1 0 0
138.15347779558948 19.914754509140934 -1 0 0
120.1738627877041 18.166736383374303 -1 0 0
117.4269771614994 25.90795951176938 -1 0 0
124.66876653967545 25.158808886440834 -1 0 0
76.72312651864785 15.669567632279115 -1 0 0
73.47680714222409 14.920417006950558 -1 0 0
79.22029526974302 16.418718257607672 -1 0 0
177.6087440628934 83.59255766206822 -1 0 0
197.83581094676444 79.59708766031592 -1 0 0
166.12176780785558 37.394935766807244 -1 0 0
159.37941217989854 33.89889951527398 -1 0 0
162.12629780610325 30.652580138850233 -1 0 0
165.37261718252697 27.655977637536022 -1 0 0
168.61893655895074 32.150881389507354 -1 0 0
170.11723780960781 27.406260762426502 -1 0 0
163.6245990567604 22.911357010455163 -1 0 0
161.37714718077473 23.410790760674193 -1 0 0
158.38054467946048 22.162206385126606 -1 0 0
155.63365905325577 18.91588700870286 -1 0 0
150.3896046759559 19.914754509140934 -1 0 0
143.89696592310838 20.66390513446949 -1 0 0
141.1500802969037 22.411923260236122 -1 0 0
167.62006905851268 21.91248951001709 -1 0 0
163.37488218165086 19.914754509140934 -1 0 0
147.89243592486068 10.175796379869709 -1 0 0
70.72992151601939 -9.052403003563231 -1 0 0
79.47001214485255 148.01951144032407 -1 0 0
85.21350027237148 -9.052403003563231 -1 0 0
109.68575403310432 80.09652141053496 -1 0 0
101.69481402959971 78.34850328476834 -1 0 0
107.93773590733768 73.35416578257797 -1 0 0
97.69934402784743 69.60841265593517 -1 0 0
90.45755464967138 54.37568327425453 -1 0 0
89.4586871492333 39.89210451790243 -1 0 0
88.70953652390473 29.903429513521683 -1 0 0
85.7129340225905 23.410790760674193 -1 0 0
82.9660483963858 21.66277263490756 -1 0 0
48.00568588105318 20.913622009579004 -1 0 0
48.00568588105318 17.167868882936233 -1 0 0
42.26219775353425 17.167868882936233 -1 0 0
45.50851712995799 17.667302633155263 -1 0 0
51.501722132586444 20.66390513446949 -1 0 0
8.050985863530174 63.11577390308768 -1 0 0
13.794473991049106 62.36662327775913 -1 0 0
3.8057989866683455 62.36662327775913 -1 0 0
3.55608211155883 57.62200265067828 -1 0 0
126.6665015405516 57.62200265067828 -1 0 0
118.92527841215652 58.62087015111634 -1 0 0
187.59741906727416 12.423248255855382 -1 0 0
179.60647906376957 14.670700131841043 -1 0 0
176.36015968734586 13.67183263140297 -1 0 0
173.3635571860316 13.67183263140297 -1 0 0
162.37601468121278 13.921549506512497 -1 0 0
166.87091843318413 10.675230130088739 -1 0 0
158.87997842967954 10.425513254979215 -1 0 0
150.3896046759559 11.174663880307772 -1 0 0
143.14781529777983 7.1791938785554805 -1 0 0
143.14781529777983 5.43117575278884 -1 0 0
131.91055591785147 6.929477003445955 -1 0 0
133.90829091872763 14.670700131841043 -1 0 0
129.91282091697533 14.670700131841043 -1 0 0
127.66536904098967 12.922682006074412 -1 0 0
124.91848341478497 5.930609503007871 -1 0 0
107.43830215711864 12.922682006074412 -1 0 0
112.68235653441855 14.171266381622004 -1 0 0
115.17952528551372 14.171266381622004 -1 0 0
148.14215279997023 13.921549506512497 -1 0 0
148.14215279997023 13.921549506512497 -1 0 0
184.8505334410695 37.394935766807244 -1 0 0
189.09572031793127 41.14068889345003 -1 0 0
190.59402156858843 32.900032014835915 -1 0 0
195.08892532055975 36.64578514147869 -1 0 0
198.085527821874 35.646917641040616 -1 0 0
196.08779282099778 31.401730764178797 -1 0 0
194.09005782012167 28.155411387755052 -1 0 0
182.35336468997426 33.89889951527398 -1 0 0
179.35676218866004 36.39606826636917 -1 0 0
175.36129218690772 35.896634516150144 -1 0 0
172.86412343581256 31.401730764178797 -1 0 0
169.61780405938882 25.158808886440834 -1 0 0
175.86072593712683 24.15994138600275 -1 0 0
170.36695468471743 17.667302633155263 -1 0 0
170.36695468471743 20.66390513446949 -1 0 0
181.6042140646457 18.41645325848382 -1 0 0
179.60647906376957 22.661640135345635 -1 0 0
182.8527984401933 25.158808886440834 -1 0 0
184.8505334410695 27.406260762426502 -1 0 0
191.84260594413598 23.910224510893237 -1 0 0
187.84713594238372 25.158808886440834 -1 0 0
187.84713594238372 20.913622009579004 -1 0 0
186.3488346917266 22.162206385126606 -1 0 0
186.3488346917266 32.900032014835915 -1 0 0
209.57250407691183 159.0070539451429 -1 0 0
260.7644634743632 64.11464140352577 -1 0 0
263.5113491005678 67.11124390483998 -1 0 0
302.96661536787184 54.87511702447357 -1 0 0
122.9207484139088 153.01384894251444 -1 0 0
230.29900471100188 56.62313515024021 -1 0 0
216.81429345508784 58.87058702622587 -1 0 0
212.56910657822604 65.86265952929239 -1 0 0
219.5611790812926 67.11124390483998 -1 0 0
199.33411219742155 26.40739326198842 -1 0 0
202.58043157384535 27.655977637536022 -1 0 0
205.82675095026903 29.903429513521683 -1 0 0
208.82335345158324 31.15201388906928 -1 0 0
203.07986532406434 37.64465264191677 -1 0 0
199.33411219742155 40.39153826812147 -1 0 0
206.0764678253786 45.635592645421376 -1 0 0
206.82561845070714 42.63899014410715 -1 0 0
209.32278720180236 39.142953892573885 -1 0 0
215.06627532932126 40.89097201834051 -1 0 0
215.31599220443073 50.879647022721265 -1 0 0
209.57250407691183 50.380213272502225 -1 0 0
211.3205222026785 25.658242636659864 -1 0 0
213.81769095377362 29.903429513521683 -1 0 0
195.08892532055975 17.417585758045742 -1 0 0
202.08099782362623 21.66277263490756 -1 0 0
199.83354594764057 13.17239888118394 -1 0 0
208.32391970136425 20.66390513446949 -1 0 0
231.04815533633044 139.77885456170995 -1 0 0
278.24464473202954 125.7947095555769 -1 0 0
153.88564092748913 128.54159518178162 -1 0 0
220.0606128315116 46.13502639564041 -1 0 0
226.05381783414006 43.3881407694357 -1 0 0
215.56570907954028 44.636725144983295 -1 0 0
212.8188234533356 46.13502639564041 -1 0 0
217.0640103301974 38.393803267245325 -1 0 0
209.82222095202135 34.1486163903835 -1 0 0
213.81769095377362 33.89889951527398 -1 0 0
217.31372720530695 33.39946576505495 -1 0 0
222.3080647074973 36.64578514147869 -1 0 0
224.55551658348296 33.39946576505495 -1 0 0
231.54758908654952 33.89889951527398 -1 0 0
235.29334221319223 35.14748389082158 -1 0 0
233.79504096253518 40.14182139301196 -1 0 0
234.54419158786376 43.13842389432617 -1 0 0
273.7497409800582 -6.055800502249024 -1 0 0
258.76672847348703 51.379080772940306 -1 0 0
262.0130478499107 58.62087015111634 -1 0 0
285.48643411020555 133.78564955908152 -1 0 0
256.01984284728235 47.133893896078476 -1 0 0
245.03230034246346 49.13162889695464 -1 0 0
241.2865472158207 44.886442020092815 -1 0 0
244.53286659224446 40.39153826812147 -1 0 0
241.03683034071122 32.900032014835915 -1 0 0
229.79957096078286 10.425513254979215 -1 0 0
250.52607159487292 12.922682006074412 -1 0 0
250.52607159487292 17.167868882936233 -1 0 0
253.52267409618716 17.167868882936233 -1 0 0
227.80183595990673 28.155411387755052 -1 0 0
227.05268533457817 31.15201388906928 -1 0 0
232.54645658698755 28.155411387755052 -1 0 0
222.3080647074973 26.40739326198842 -1 0 0
225.05495033370198 27.156543887316978 -1 0 0
226.30353470924962 26.906827012207465 -1 0 0
229.5498540856733 24.15994138600275 -1 0 0
224.55551658348296 11.92381450563633 -1 0 0
268.25596972764873 88.83661203936812 -1 0 0
275.4977591058248 86.58916016338243 -1 0 0
301.96774786743384 49.631062647173664 -1 0 0
297.97227786568146 49.631062647173664 -1 0 0
291.7293559879435 46.88417702096896 -1 0 0
286.73501848575313 47.133893896078476 -1 0 0
278.74407848224854 45.13615889520233 -1 0 0
267.2571022272106 47.133893896078476 -1 0 0
267.00738535210115 43.63785764454522 -1 0 0
263.5113491005678 43.3881407694357 -1 0 0
260.0153128490346 41.14068889345003 -1 0 0
291.22992223772445 61.11803890221154 -1 0 0
299.72029599144815 58.87058702622587 -1 0 0
290.73048848750545 54.12596639914501 -1 0 0
285.236717235096 58.87058702622587 -1 0 0
283.48869910932933 51.628797648049826 -1 0 0
275.7474759809343 54.12596639914501 -1 0 0
268.25596972764873 53.37681577381645 -1 0 0
272.25143972940106 54.87511702447357 -1 0 0
269.0051203529773 58.37115327600684 -1 0 0
295.22539223947683 39.3926707676834 -1 0 0
286.23558473553413 41.889839518778594 -1 0 0
279.74294598268665 34.64805014060255 -1 0 0
276.74634348137243 36.39606826636917 -1 0 0
271.0028553538534 33.39946576505495 -1 0 0
268.0062528525392 33.14974888994543 -1 0 0
270.5034216036344 38.643520142354845 -1 0 0
264.7599334761155 36.89550201658821 -1 0 0
260.5147465992536 34.39833326549303 -1 0 0
259.26616222370603 33.39946576505495 -1 0 0
259.0164453485965 29.154278888193126 -1 0 0
263.01191535034883 30.902297013959767 -1 0 0
247.77918596866823 32.150881389507354 -1 0 0
250.02663784465392 35.896634516150144 -1 0 0
249.0277703442158 29.653712638412166 -1 0 0
252.77352347085858 28.90456201308361 -1 0 0
244.53286659224446 28.90456201308361 -1 0 0
244.2831497171349 26.157676386878908 -1 0 0
252.77352347085858 19.914754509140934 -1 0 0
252.27408972063958 25.158808886440834 -1 0 0
250.02663784465392 25.90795951176938 -1 0 0
257.2684272228299 22.162206385126606 -1 0 0
261.5136140996917 25.40852576155035 -1 0 0
264.01078285078694 18.91588700870286 -1 0 0
266.5079516018821 23.66050763578372 -1 0 0
270.2537047285249 23.66050763578372 -1 0 0
274.49889160538675 21.91248951001709 -1 0 0
275.99719285604385 24.409658261112277 -1 0 0
274.7486084804962 28.155411387755052 -1 0 0
277.99492785692 23.410790760674193 -1 0 0
281.2412472333437 6.6797601283364285 -1 0 0
287.9836028613007 5.930609503007871 -1 0 0
281.74068098356275 22.911357010455163 -1 0 0
283.48869910932933 22.162206385126606 -1 0 0
288.9824703617388 23.410790760674193 -1 0 0
282.48983160889134 26.40739326198842 -1 0 0
288.9824703617388 26.40739326198842 -1 0 0
302.46718161765284 23.410790760674193 -1 0 0
296.2242597399148 22.162206385126606 -1 0 0
300.46944661677674 24.409658261112277 -1 0 0
302.21746474254326 27.406260762426502 -1 0 0
300.46944661677674 27.406260762426502 -1 0 0
294.97567536436725 30.402863263740723 -1 0 0
306.71236849451464 24.409658261112277 -1 0 0
309.20953724560985 24.409658261112277 -1 0 0
296.2242597399148 36.89550201658821 -1 0 0
288.73275348662924 35.896634516150144 -1 0 0
285.736150985315 31.651447639288314 -1 0 0
291.97907286305303 35.896634516150144 -1 0 0
291.7293559879435 37.394935766807244 -1 0 0
284.48756660976744 39.142953892573885 -1 0 0
287.9836028613007 37.64465264191677 -1 0 0
302.71689849276237 38.643520142354845 -1 0 0
300.71916349188615 41.64012264366907 -1 0 0
304.96435036874794 42.63899014410715 -1 0 0
75.72425901820976 18.166736383374303 -1 0 0
47.755969005943655 10.175796379869709 -1 0 0
74.7253915177717 48.88191202184511 -1 0 0
133.40885716850858 43.63785764454522 -1 0 0
144.77097498599176 105.07042599939554 -1 0 0
136.2806012322681 109.56532975136686 -1 0 0
75.84911745576457 73.60609973559617 -1 0 0
62.36440619985056 73.10666598537712 -1 0 0
38.391586189336756 100.07608849720516 -1 0 0
51.87629744525076 134.03758351209973 -1 0 0
306.58751005695996 113.56079975311917 -1 0 0
301.5931725547695 105.07042599939554 -1 0 0
291.1050638001698 96.58005224567191 -1 0 0
381.0031388395965 124.04890850771898 -1 0 0
419.4595376064624 120.5528722561857 -1 0 0
425.9521763593098 145.02512601691853 -1 0 0
447.42782761872843 124.54834225793799 -1 0 0
439.9363213654429 119.05457100552859 -1 0 0
433.4436826125954 115.05910100377629 -1 0 0
438.43802011478584 109.56532975136686 -1 0 0
448.9261288693856 103.07269099851938 -1 0 0
454.919333872014 106.56872725005266 -1 0 0
468.90347887814704 108.06702850070975 -1 0 0
469.40291262836615 130.54154726056646 -1 0 0
463.4097076257377 130.54154726056646 -1 0 0
453.4210326213569 117.05683600465241 -1 0 0
441.4346226161 131.5404147610045 -1 0 0
484.3859251349372 153.51549977064218 -1 0 0
486.38366013581344 132.53928226144262 -1 0 0
492.8762988886609 129.04324600990932 -1 0 0
491.8774313882228 142.52795726582337 -1 0 0
502.8649738930416 141.52908976538527 -1 0 0
503.3644076432607 131.0409810107855 -1 0 0
509.85704639610816 125.54720975837606 -1 0 0
520.844588900927 115.05910100377629 -1 0 0
554.3066501656025 141.52908976538527 -1 0 0
542.8196739105646 134.03758351209973 -1 0 0
530.8332639053077 134.53701726231873 -1 0 0
535.8276014074982 139.03192101429008 -1 0 0
525.8389264031173 128.04437850947127 -1 0 0
520.345155150708 128.04437850947127 -1 0 0
560.2998551682309 135.03645101253778 -1 0 0
574.783433924583 147.02286101779467 -1 0 0
605.7483264381633 152.01719851998507 -1 0 0
607.2466276888205 143.52682476626143 -1 0 0
599.2556876853158 139.53135476450913 -1 0 0
594.2613501831255 146.52342726757564 -1 0 0
601.253422686192 163.50417477502293 -1 0 0
615.7370014425442 180.98435603268925 -1 0 0
580.7766389272115 160.00813852348963 -1 0 0
585.2715426791829 132.53928226144262 -1 0 0
583.7732414285257 124.04890850771898 -1 0 0
586.7698439298399 123.54947475749992 -1 0 0
577.7800364258973 121.05230600640475 -1 0 0
568.7902289219545 117.55626975487147 -1 0 0
569.7890964223926 134.53701726231873 -1 0 0
560.2998551682309 115.05910100377629 -1 0 0
529.3349626546507 103.07269099851938 -1 0 0
520.844588900927 104.07155849895746 -1 0 0
508.35874514545105 104.07155849895746 -1 0 0
513.3530826476414 100.07608849720516 -1 0 0
498.86950389128936 106.56872725005266 -1 0 0
492.3768651384419 94.0828834945767 -1 0 0
244.65772502979922 63.117990980996375 -1 0 0
247.15489378089444 64.11685848143446 -1 0 0
251.6497975328658 57.12478597836794 -1 0 0
240.1628212778279 54.627617227272744 -1 0 0
235.16848377563753 52.629882226396596 -1 0 0
229.17527877300907 50.63214722552045 -1 0 0
227.67697752235196 46.63667722376814 -1 0 0
229.6747125232281 45.138375973111046 -1 0 0
119.79928747503986 62.61855723077735 -1 0 0
99.82193746627837 95.58118474523383 -1 0 0
93.3292987134309 82.09647348931982 -1 0 0
73.3519487046694 92.08514849370056 -1 0 0
65.86044245138382 92.5845822439196 -1 0 0
287.60902754863645 276.3762023245254 -1 0 0
269.62941254075116 309.33882983898184 -1 0 0
310.08354630849317 50.63214722552045 -1 0 0
327.5637275661595 53.62874972683468 -1 0 0
322.5693900639691 53.62874972683468 -1 0 0
192.2171812568003 68.11232848318676 -1 0 0
56.371201197222106 115.5585347539953 -1 0 0
36.39385118846061 76.10326848669135 -1 0 0
179.73133750132436 6.6797601283364285 -1 0 0
172.73926499825785 6.180326378117397 -1 0 0
162.50087311876757 4.432308252350757 -1 0 0
197.7109525092097 6.929477003445955 -1 0 0
183.72680750307669 6.6797601283364285 -1 0 0
112.55749809686382 3.1837238768031684 -1 0 0
215.69056751709505 9.676362629650658 -1 0 0
210.19679626468567 10.175796379869709 -1 0 0
205.95160938782385 10.175796379869709 -1 0 0
235.41820065074708 9.426645754541152 -1 0 0
241.661122528485 9.676362629650658 -1 0 0
282.36497317133654 11.174663880307772 -1 0 0
295.59996755214104 11.92381450563633 -1 0 0
288.8576119241841 9.426645754541152 -1 0 0
301.34345567966005 10.175796379869709 -1 0 0
314.0790163102455 9.426645754541152 -1 0 0
363.2732407068207 10.175796379869709 -1 0 0
357.2800357041922 11.424380755417298 -1 0 0
315.3276006857931 24.409658261112277 -1 0 0
316.07675131112165 27.156543887316978 -1 0 0
311.33213068404075 27.406260762426502 -1 0 0
309.33439568316464 27.156543887316978 -1 0 0
305.8383594316314 26.906827012207465 -1 0 0
305.58864255652185 30.902297013959767 -1 0 0
300.59430505433147 33.89889951527398 -1 0 0
307.58637755739795 34.64805014060255 -1 0 0
309.58411255827417 38.393803267245325 -1 0 0
320.82137193820245 39.142953892573885 -1 0 0
306.8372269320694 45.635592645421376 -1 0 0
299.09600380367436 44.387008269873775 -1 0 0
321.32080568842156 69.60841265593517 -1 0 0
313.0801488098074 69.85812953104471 -1 0 0
311.83156443425986 65.61294265418287 -1 0 0
316.3264681862312 68.11011140527806 -1 0 0
323.81797443951666 46.13502639564041 -1 0 0
326.3151431906119 43.63785764454522 -1 0 0
329.06202881681656 38.643520142354845 -1 0 0
339.0507038211974 50.879647022721265 -1 0 0
336.8032519452117 53.37681577381645 -1 0 0
342.79645694784017 52.12823139826885 -1 0 0
348.0405113251401 55.12483389958308 -1 0 0
357.2800357041922 51.87851452315934 -1 0 0
351.28683070156376 52.62766514848789 -1 0 0
346.7919269495924 48.88191202184511 -1 0 0
340.798721946964 47.88304452140704 -1 0 0
360.27663820550646 52.62766514848789 -1 0 0
363.7726744570397 55.12483389958308 -1 0 0
367.268710708573 60.61860515199249 -1 0 0
356.53088507886366 64.6140751537448 -1 0 0
362.5240900814921 69.60841265593517 -1 0 0
375.009933836968 71.60614765681132 -1 0 0
372.2630482107634 59.3700207764449 -1 0 0
370.2653132098872 55.87398452491164 -1 0 0
367.51842758368247 50.130496397392704 -1 0 0
364.52182508236825 48.38247827162608 -1 0 0
355.03258382820655 44.886442020092815 -1 0 0
350.5376800762352 39.142953892573885 -1 0 0
345.0439088238258 73.85359953279699 -1 0 0
346.2924931993734 70.35756328126374 -1 0 0
360.7760719557255 87.0885939136015 -1 0 0
298.84628692856484 80.34623828564449 -1 0 0
328.56259506659757 34.64805014060255 -1 0 0
319.82250443776445 34.1486163903835 -1 0 0
256.8938519101657 133.78564955908152 -1 0 0
341.29815569718306 40.89097201834051 -1 0 0
335.8043844447736 41.889839518778594 -1 0 0
319.07335381243587 21.66277263490756 -1 0 0
304.83949193119327 9.426645754541152 -1 0 0
379.0054038387204 5.181458877679313 -1 0 0
372.76248196098237 10.425513254979215 -1 0 0
367.268710708573 10.175796379869709 -1 0 0
382.5014400902536 10.425513254979215 -1 0 0
393.9884163452915 4.432308252350757 -1 0 0
387.7454944675535 11.174663880307772 -1 0 0
336.8032519452117 134.53480018441005 -1 0 0
375.5093675871871 58.62087015111634 -1 0 0
377.5071025880633 54.12596639914501 -1 0 0
378.7556869636108 46.13502639564041 -1 0 0
384.9986088413488 50.879647022721265 -1 0 0
388.7443619679916 49.631062647173664 -1 0 0
393.738699470182 54.87511702447357 -1 0 0
387.2460607173345 61.11803890221154 -1 0 0
387.495777592444 69.60841265593517 -1 0 0
282.3649731713366 -28.780036137215227 -1 0 0
282.6146900464461 128.79131205689112 -1 0 0
377.0076688378442 65.61294265418287 -1 0 0
414.9646338544911 55.12483389958308 -1 0 0
423.70472448332424 56.872852025349715 -1 0 0
400.481055098139 50.380213272502225 -1 0 0
248.90291190666107 128.54159518178162 -1 0 0
403.9770913496722 40.89097201834051 -1 0 0
400.980488848358 36.89550201658821 -1 0 0
384.7488919662393 147.02064393988599 -1 0 0
501.11695576727504 148.01951144032407 -1 0 0
499.61865451661794 92.33264829090137 -1 0 0
508.1090282703416 95.82868454243464 -1 0 0
493.875166389099 90.0851964149157 -1 0 0
475.14640075588505 90.0851964149157 -1 0 0
455.91820137245213 91.83321454068235 -1 0 0
450.42443012004276 86.58916016338243 -1 0 0
435.69113448858116 91.33378079046332 -1 0 0
428.1996282352956 76.10105140878267 -1 0 0
423.20529073310513 63.864924528416246 -1 0 0
416.96236885536723 65.61294265418287 -1 0 0
430.44708011128125 69.10897890571614 -1 0 0
434.19283323792405 63.61520765330672 -1 0 0
439.93632136544295 64.8637920288543 -1 0 0
256.64413503505614 118.55292017740086 -1 0 0
457.91593637332835 67.61067765505904 -1 0 0
450.42443012004276 72.60501515724941 -1 0 0
451.67301449559034 63.864924528416246 -1 0 0
443.18264074186663 65.36322577907336 -1 0 0
438.1883032396763 60.61860515199249 -1 0 0
434.4425501130335 58.62087015111634 -1 0 0
430.94651386150025 55.87398452491164 -1 0 0
477.1441357567613 71.85586453192084 -1 0 0
460.91253887464256 72.60501515724941 -1 0 0
441.6843394912095 53.37681577381645 -1 0 0
453.42103262135697 51.628797648049826 -1 0 0
462.16112325019014 51.379080772940306 -1 0 0
414.71491697938154 50.62993014761175 -1 0 0
408.7217119767531 49.88077952228319 -1 0 0
394.7375669706201 42.13955639388811 -1 0 0
274.1243162927225 123.79697455470074 -1 0 0
375.7590844622966 41.889839518778594 -1 0 0
370.5150300849967 44.636725144983295 -1 0 0
315.82703443601207 37.394935766807244 -1 0 0
312.08128130936933 38.643520142354845 -1 0 0
340.798721946964 34.1486163903835 -1 0 0
336.8032519452117 34.64805014060255 -1 0 0
346.7919269495924 30.402863263740723 -1 0 0
482.63790700917065 139.0297039363814 -1 0 0
240.41253815293743 138.28055331105284 -1 0 0
361.2755057059445 30.402863263740723 -1 0 0
365.7704094579159 30.402863263740723 -1 0 0
357.2800357041922 29.403995763302653 -1 0 0
239.91310440271843 143.27489081324322 -1 0 0
329.31174569192615 29.903429513521683 -1 0 0
371.26418071032526 -30.028620512762814 -1 0 0
408.2222782265341 -12.548439255096513 -1 0 0
350.2879632011257 19.914754509140934 -1 0 0
342.2970231976211 18.166736383374303 -1 0 0
339.0507038211974 20.66390513446949 -1 0 0
335.8043844447736 23.410790760674193 -1 0 0
331.80891444302137 25.158808886440834 -1 0 0
329.81117944214515 21.66277263490756 -1 0 0
327.06429381594046 20.164471384250447 -1 0 0
322.81910693907867 22.911357010455163 -1 0 0
327.5637275661595 14.171266381622004 -1 0 0
331.5591975679118 11.92381450563633 -1 0 0
349.2890957006876 10.675230130088739 -1 0 0
346.04277632426385 9.426645754541152 -1 0 0
362.5240900814921 20.66390513446949 -1 0 0
358.5286200797399 25.158808886440834 -1 0 0
363.0235238317112 22.911357010455163 -1 0 0
367.5184275836825 23.66050763578372 -1 0 0
370.2653132098872 22.411923260236122 -1 0 0
374.01106633653 21.66277263490756 -1 0 0
369.76587945966816 25.658242636659864 -1 0 0
371.7636144605443 26.906827012207465 -1 0 0
375.2596507120776 24.659375136221794 -1 0 0
383.0008738404727 22.911357010455163 -1 0 0
385.9974763417869 25.658242636659864 -1 0 0
386.4969100920059 23.410790760674193 -1 0 0
378.50597008850133 33.89889951527398 -1 0 0
374.510500086749 30.402863263740723 -1 0 0
371.0144638352158 30.652580138850233 -1 0 0
375.2596507120776 35.646917641040616 -1 0 0
378.0065363382823 35.646917641040616 -1 0 0
381.75228946492507 39.3926707676834 -1 0 0
383.5003075906917 41.889839518778594 -1 0 0
385.2483257164584 37.894369517026284 -1 0 0
384.7488919662393 34.64805014060255 -1 0 0
387.7454944675535 36.14635139125966 -1 0 0
386.996343842225 30.402863263740723 -1 0 0
391.2415307190868 31.15201388906928 -1 0 0
392.2403982195248 29.154278888193126 -1 0 0
393.9884163452915 22.911357010455163 -1 0 0
398.48332009726283 22.411923260236122 -1 0 0
397.7341694719343 27.655977637536022 -1 0 0
408.4719951016436 22.411923260236122 -1 0 0
404.9759588501103 25.90795951176938 -1 0 0
408.7217119767531 27.655977637536022 -1 0 0
409.2211457269721 32.40059826461687 -1 0 0
407.47312760120553 33.89889951527398 -1 0 0
413.965766354053 38.144086392135804 -1 0 0
415.2143507296006 40.89097201834051 -1 0 0
417.46180260558623 44.886442020092815 -1 0 0
418.96010385624334 41.64012264366907 -1 0 0
420.2086882317909 35.896634516150144 -1 0 0
415.9635013549291 33.39946576505495 -1 0 0
412.9668988536149 26.906827012207465 -1 0 0
414.465200104272 25.158808886440834 -1 0 0
414.465200104272 22.661640135345635 -1 0 0
426.45161010952893 27.905694512645535 -1 0 0
424.20415823354324 23.910224510893237 -1 0 0
421.9567063575576 27.406260762426502 -1 0 0
421.706989482448 10.675230130088739 -1 0 0
415.7137844798196 11.174663880307772 -1 0 0
427.2007607348575 12.922682006074412 -1 0 0
430.1973632361717 10.175796379869709 -1 0 0
432.9442488623764 11.92381450563633 -1 0 0
437.43915261434773 11.92381450563633 -1 0 0
443.4323576169762 10.175796379869709 -1 0 0
447.92726136894754 12.173531380745855 -1 0 0
452.9215988711379 10.675230130088739 -1 0 0
457.16678574799977 11.174663880307772 -1 0 0
462.91027387551867 10.425513254979215 -1 0 0
475.89555138121364 11.92381450563633 -1 0 0
481.88875638384206 12.423248255855382 -1 0 0
484.13620825982775 12.423248255855382 -1 0 0
488.88082888690866 11.92381450563633 -1 0 0
492.3768651384419 13.17239888118394 -1 0 0
503.61412451837026 13.67183263140297 -1 0 0
507.6095945201226 12.922682006074412 -1 0 0
513.1033657725319 11.92381450563633 -1 0 0
433.9431163628145 23.410790760674193 -1 0 0
428.1996282352956 20.66390513446949 -1 0 0
436.6900019890192 20.913622009579004 -1 0 0
438.93745386500484 27.655977637536022 -1 0 0
434.69226698814305 26.906827012207465 -1 0 0
443.18264074186663 24.15994138600275 -1 0 0
445.18037574274285 22.162206385126606 -1 0 0
445.92952636807144 30.902297013959767 -1 0 0
432.9442488623764 33.14974888994543 -1 0 0
432.19509823704783 42.13955639388811 -1 0 0
424.9533088588718 34.897767015712056 -1 0 0
428.44934511040503 34.64805014060255 -1 0 0
428.44934511040503 43.3881407694357 -1 0 0
426.2018932344194 48.88191202184511 -1 0 0
432.19509823704783 46.88417702096896 -1 0 0
423.20529073310513 43.13842389432617 -1 0 0
434.19283323792405 53.12709889870694 -1 0 0
440.43575511566195 56.872852025349715 -1 0 0
438.68773698989537 72.60501515724941 -1 0 0
455.66848449734266 74.35303328301602 -1 0 0
457.41650262310924 62.116906402649605 -1 0 0
462.16112325019014 61.867189527540084 -1 0 0
456.16791824756166 57.62200265067828 -1 0 0
446.92839386850943 44.387008269873775 -1 0 0
453.920466371576 46.13502639564041 -1 0 0
453.42103262135697 40.14182139301196 -1 0 0
449.1758457444951 38.393803267245325 -1 0 0
438.68773698989537 46.38474327074993 -1 0 0
437.43915261434773 36.64578514147869 -1 0 0
435.44141761347163 31.15201388906928 -1 0 0
438.93745386500484 31.15201388906928 -1 0 0
462.4108401252996 44.636725144983295 -1 0 0
461.41197262486156 40.89097201834051 -1 0 0
461.41197262486156 39.142953892573885 -1 0 0
456.6673519977807 36.39606826636917 -1 0 0
453.920466371576 31.651447639288314 -1 0 0
451.4232976204808 33.89889951527398 -1 0 0
459.41423762398546 32.150881389507354 -1 0 0
460.41310512442345 28.90456201308361 -1 0 0
465.15772575150436 29.653712638412166 -1 0 0
465.15772575150436 33.14974888994543 -1 0 0
465.65715950172336 36.64578514147869 -1 0 0
467.6548945025995 42.88870701921666 -1 0 0
468.1543282528186 49.631062647173664 -1 0 0
472.39951512968037 57.62200265067828 -1 0 0
471.15093075413284 59.3700207764449 -1 0 0
476.89441888165175 59.61973765155442 -1 0 0
482.3881901340612 60.368888276882984 -1 0 0
482.13847325895165 89.58576266469667 -1 0 0
494.12488326420856 67.36096077994951 -1 0 0
501.3666726423846 69.10897890571614 -1 0 0
501.3666726423846 64.11464140352577 -1 0 0
507.85931139523206 62.116906402649605 -1 0 0
507.1101607699035 70.35756328126374 -1 0 0
504.61299201880837 83.09312391184919 -1 0 0
491.12828076289435 80.34623828564449 -1 0 0
496.87176889041325 75.35190078345411 -1 0 0
483.38705763449923 33.89889951527398 -1 0 0
480.88988888340407 37.894369517026284 -1 0 0
486.13394326070386 37.394935766807244 -1 0 0
487.38252763625155 39.64238764279292 -1 0 0
490.87856388778476 51.628797648049826 -1 0 0
473.89781638033753 53.12709889870694 -1 0 0
480.88988888340407 54.87511702447357 -1 0 0
468.90347887814715 74.35303328301602 -1 0 0
502.8649738930417 49.631062647173664 -1 0 0
506.1112932694655 48.38247827162608 -1 0 0
509.6073295209987 48.88191202184511 -1 0 0
501.86610639260357 42.63899014410715 -1 0 0
494.37460013931803 40.89097201834051 -1 0 0
485.63450951048486 46.88417702096896 -1 0 0
490.62884701267524 45.13615889520233 -1 0 0
478.1430032571993 46.38474327074993 -1 0 0
467.90461137770905 27.655977637536022 -1 0 0
459.91367137420445 23.410790760674193 -1 0 0
454.91933387201414 23.410790760674193 -1 0 0
449.67527949471423 25.158808886440834 -1 0 0
473.89781638033753 26.906827012207465 -1 0 0
476.64470200654216 30.402863263740723 -1 0 0
473.3983826301185 30.652580138850233 -1 0 0
469.1531957532566 30.652580138850233 -1 0 0
472.14979825457084 35.646917641040616 -1 0 0
473.14866575500895 40.39153826812147 -1 0 0
489.38026263712766 22.411923260236122 -1 0 0
496.12261826508467 23.910224510893237 -1 0 0
496.87176889041325 22.661640135345635 -1 0 0
501.11695576727504 23.66050763578372 -1 0 0
500.118088266837 20.66390513446949 -1 0 0
506.1112932694655 21.66277263490756 -1 0 0
506.36101014457495 25.158808886440834 -1 0 0
504.3632751436988 25.658242636659864 -1 0 0
500.118088266837 26.906827012207465 -1 0 0
485.38479263537533 29.403995763302653 -1 0 0
490.62884701267524 28.654845137974092 -1 0 0
494.12488326420856 30.652580138850233 -1 0 0
497.6209195157418 29.154278888193126 -1 0 0
498.37007014107036 32.650315139726395 -1 0 0
491.37799763800376 34.64805014060255 -1 0 0
503.61412451837026 31.401730764178797 -1 0 0
508.6084620205606 31.401730764178797 -1 0 0
440.935188865881 147.76979456521454 -1 0 0
496.12261826508467 37.894369517026284 -1 0 0
399.2324707225914 42.63899014410715 -1 0 0
365.7704094579159 38.144086392135804 -1 0 0
360.526355080616 36.39606826636917 -1 0 0
354.5331500779875 35.646917641040616 -1 0 0
350.5376800762352 36.14635139125966 -1 0 0
347.04164382470196 37.394935766807244 -1 0 0
344.2947581984973 38.144086392135804 -1 0 0
346.5422100744829 41.889839518778594 -1 0 0
312.83043193469786 32.900032014835915 -1 0 0
315.0778838106836 51.631014725958515 -1 0 0
316.0767513111217 43.14064097223488 -1 0 0
311.0824138089313 43.14064097223488 -1 0 0
575.2828676748021 259.89488856729713 -1 0 0
603.2511576870683 200.96170604145075 -1 0 0
624.2273751962678 205.45660979342207 -1 0 0
493.37573263888 272.8801660729921 -1 0 0
646.2024602059055 181.48378978290825 -1 0 0
637.2126527019628 171.99454852874655 -1 0 0
653.194532708972 172.99341602918463 -1 0 0
631.2194476993344 139.03192101429008 -1 0 0
642.7064239543722 132.53928226144262 -1 0 0
650.1979302076578 153.01606602042312 -1 0 0
636.7132189517437 160.00813852348963 -1 0 0
657.6894364609433 162.50530727458485 -1 0 0
668.1775452155431 179.98548853225114 -1 0 0
670.1752802164193 134.03758351209973 -1 0 0
665.6803764644479 139.53135476450913 -1 0 0
658.1888702111623 125.54720975837606 -1 0 0
622.7290739456107 140.03078851472816 -1 0 0
609.2443626896967 98.078353496329 -1 0 0
508.35874514545117 37.894369517026284 -1 0 0
517.5982695245033 32.650315139726395 -1 0 0
519.845721400489 32.150881389507354 -1 0 0
515.1011007734081 44.387008269873775 -1 0 0
520.0954382755986 46.13502639564041 -1 0 0
506.860443894794 42.88870701921666 -1 0 0
520.5948720258175 37.394935766807244 -1 0 0
524.3406251524603 36.89550201658821 -1 0 0
537.5756195332648 70.85699703148276 -1 0 0
526.3383601533365 87.0885939136015 -1 0 0
538.3247701585933 86.08972641316342 -1 0 0
521.5937395262556 69.85812953104471 -1 0 0
516.5994020240652 66.61181015462094 -1 0 0
527.087510778665 62.116906402649605 -1 0 0
547.814011412755 62.116906402649605 -1 0 0
539.073920783922 65.61294265418287 -1 0 0
551.8094814145073 70.35756328126374 -1 0 0
544.8174089114408 71.35643078170179 -1 0 0
548.5631620380836 66.36209327951143 -1 0 0
556.8038189166978 87.338310788711 -1 0 0
563.7958914197643 91.0840639153538 -1 0 0
544.3179751612219 89.58576266469667 -1 0 0
547.814011412755 89.58576266469667 -1 0 0
554.8060839158217 79.59708766031592 -1 0 0
572.5359820485975 75.10218390834459 -1 0 0
580.526922052102 76.10105140878267 -1 0 0
573.5348495490356 90.0851964149157 -1 0 0
581.5257895525401 88.83661203936812 -1 0 0
588.0184283053876 91.83321454068235 -1 0 0
587.768711430278 103.07047392061068 -1 0 0
605.7483264381634 93.58123266644898 -1 0 0
606.2477601883825 80.84567203586352 -1 0 0
594.011633308016 76.60048515900169 -1 0 0
604.9991758128349 68.60954515549709 -1 0 0
586.5201270547304 50.380213272502225 -1 0 0
574.0342832992545 53.37681577381645 -1 0 0
574.0342832992545 61.11803890221154 -1 0 0
577.7800364258974 62.116906402649605 -1 0 0
566.2930601708595 61.11803890221154 -1 0 0
566.7924939210785 49.88077952228319 -1 0 0
560.5495720433405 54.12596639914501 -1 0 0
552.3089151647264 54.12596639914501 -1 0 0
548.8128789131931 51.379080772940306 -1 0 0
557.8026864171359 51.379080772940306 -1 0 0
553.5574995402741 59.3700207764449 -1 0 0
554.5563670407121 64.11464140352577 -1 0 0
531.5824145306364 52.12823139826885 -1 0 0
536.3270351577172 43.13842389432617 -1 0 0
530.8332639053077 45.38587577031185 -1 0 0
521.344022651146 130.78904705776728 -1 0 0
515.8502513987366 28.654845137974092 -1 0 0
512.8536488974224 25.658242636659864 -1 0 0
513.1033657725319 20.913622009579004 -1 0 0
509.8570463961083 16.418718257607672 -1 0 0
506.36101014457495 16.418718257607672 -1 0 0
517.5982695245033 11.424380755417298 -1 0 0
529.5846795297603 6.6797601283364285 -1 0 0
500.61752201705605 10.425513254979215 -1 0 0
531.0829807804173 35.14748389082158 -1 0 0
525.0897757777889 30.652580138850233 -1 0 0
520.8445889009271 26.906827012207465 -1 0 0
523.8411914022413 23.410790760674193 -1 0 0
527.087510778665 26.157676386878908 -1 0 0
544.5676920363313 7.678627628774513 -1 0 0
539.3236376590314 11.424380755417298 -1 0 0
537.5756195332648 11.92381450563633 -1 0 0
534.3293001568411 12.173531380745855 -1 0 0
554.056933290493 11.174663880307772 -1 0 0
557.8026864171359 10.675230130088739 -1 0 0
565.0444757953119 7.928344503884038 -1 0 0
585.5212595542923 5.930609503007871 -1 0 0
573.0354157988164 13.17239888118394 -1 0 0
575.2828676748021 13.67183263140297 -1 0 0
544.0682582861123 27.406260762426502 -1 0 0
545.8162764118789 28.155411387755052 -1 0 0
537.5756195332648 32.650315139726395 -1 0 0
536.8264689079363 27.156543887316978 -1 0 0
534.8287339070602 24.15994138600275 -1 0 0
532.5812820310745 27.406260762426502 -1 0 0
546.315710162098 36.39606826636917 -1 0 0
541.5710895350171 36.64578514147869 -1 0 0
547.3145776625361 43.13842389432617 -1 0 0
550.8106139140692 40.14182139301196 -1 0 0
551.0603307891788 35.896634516150144 -1 0 0
555.3055176660406 29.653712638412166 -1 0 0
551.3100476642884 27.406260762426502 -1 0 0
555.0558007909311 25.90795951176938 -1 0 0
556.8038189166978 22.911357010455163 -1 0 0
558.0524032922453 27.406260762426502 -1 0 0
563.0467407944358 26.157676386878908 -1 0 0
563.2964576695452 30.402863263740723 -1 0 0
560.0501382931214 31.15201388906928 -1 0 0
562.5473070442166 33.89889951527398 -1 0 0
554.8060839158217 34.39833326549303 -1 0 0
557.8026864171359 39.3926707676834 -1 0 0
555.0558007909311 40.39153826812147 -1 0 0
553.5574995402741 46.63446014585945 -1 0 0
560.0501382931214 43.13842389432617 -1 0 0
564.5450420450928 43.3881407694357 -1 0 0
568.5405120468452 43.887574519654734 -1 0 0
569.2896626721737 35.646917641040616 -1 0 0
573.0354157988164 34.64805014060255 -1 0 0
576.0320183001306 35.896634516150144 -1 0 0
570.5382470477213 29.653712638412166 -1 0 0
571.5371145481594 22.661640135345635 -1 0 0
587.2692776800591 39.64238764279292 -1 0 0
583.0240908031973 39.64238764279292 -1 0 0
584.2726751787447 33.14974888994543 -1 0 0
582.2749401778686 31.651447639288314 -1 0 0
580.027488301883 26.906827012207465 -1 0 0
583.5235245534162 28.155411387755052 -1 0 0
584.2726751787447 23.910224510893237 -1 0 0
599.0059708102063 12.173531380745855 -1 0 0
602.7517239368492 12.423248255855382 -1 0 0
607.7460614390395 13.67183263140297 -1 0 0
616.9855858180917 12.922682006074412 -1 0 0
625.9753933220345 14.920417006950558 -1 0 0
631.4691645744439 13.67183263140297 -1 0 0
636.9629358268533 13.67183263140297 -1 0 0
644.2047252050293 14.171266381622004 -1 0 0
649.9482133325483 12.922682006074412 -1 0 0
658.6883039613814 13.921549506512497 -1 0 0
664.4317920889004 12.922682006074412 -1 0 0
669.4261295910907 14.171266381622004 -1 0 0
655.4419845849577 14.670700131841043 -1 0 0
581.2760726774305 51.379080772940306 -1 0 0
590.7653139315922 55.87398452491164 -1 0 0
595.0105008084541 56.62313515024021 -1 0 0
602.2522901866301 59.3700207764449 -1 0 0
611.2420976905729 57.871719525787796 -1 0 0
615.7370014425442 79.0976539100969 -1 0 0
622.7290739456107 76.10105140878267 -1 0 0
628.4725620731296 73.10444890746844 -1 0 0
634.7154839508676 69.85812953104471 -1 0 0
632.4680320748819 85.34057578783485 -1 0 0
617.9844533185299 90.83434704024427 -1 0 0
657.4397195858338 95.3292507922156 -1 0 0
644.9538758303579 63.864924528416246 -1 0 0
648.4499120818912 60.11917140177346 -1 0 0
637.4623695770723 60.11917140177346 -1 0 0
634.2160502006486 64.6140751537448 -1 0 0
628.4725620731296 60.368888276882984 -1 0 0
630.9697308242248 57.122568900459235 -1 0 0
623.4782245709392 54.87511702447357 -1 0 0
616.7358689429823 56.872852025349715 -1 0 0
622.4793570705012 61.867189527540084 -1 0 0
614.9878508172156 70.85699703148276 -1 0 0
620.481622069625 65.61294265418287 -1 0 0
610.2432301901348 52.62766514848789 -1 0 0
610.2432301901348 47.133893896078476 -1 0 0
606.996910813711 51.87851452315934 -1 0 0
602.5020070617397 50.62993014761175 -1 0 0
604.7494589377253 44.387008269873775 -1 0 0
601.253422686192 45.635592645421376 -1 0 0
597.5076695595493 44.387008269873775 -1 0 0
592.0138983071399 45.38587577031185 -1 0 0
592.513332057359 41.64012264366907 -1 0 0
593.7619164329064 38.144086392135804 -1 0 0
600.0048383106445 39.89210451790243 -1 0 0
602.5020070617397 39.64238764279292 -1 0 0
590.5155970564828 36.64578514147869 -1 0 0
594.011633308016 25.158808886440834 -1 0 0
566.2930601708595 26.906827012207465 -1 0 0
613.9889833167775 44.636725144983295 -1 0 0
611.4918145656824 42.63899014410715 -1 0 0
618.2341701936393 38.144086392135804 -1 0 0
621.7302064451727 43.63785764454522 -1 0 0
624.9765258215964 45.13615889520233 -1 0 0
623.4782245709392 49.631062647173664 -1 0 0
629.9708633237867 46.38474327074993 -1 0 0
629.2217126984582 49.88077952228319 -1 0 0
635.9640683264151 49.13162889695464 -1 0 0
633.2171827002105 43.887574519654734 -1 0 0
629.7211464486772 41.14068889345003 -1 0 0
586.5201270547304 123.04782392937219 -1 0 0
645.453309580577 80.09652141053496 -1 0 0
661.1854727124766 80.595955160754 -1 0 0
672.6724489675145 74.85246703323507 -1 0 0
668.9266958408717 66.36209327951143 -1 0 0
663.4329245884622 60.61860515199249 -1 0 0
658.1888702111623 58.62087015111634 -1 0 0
652.1956652085339 67.36096077994951 -1 0 0
678.6656539701429 90.58463016513475 -1 0 0
674.9199008435002 62.36662327775913 -1 0 0
674.9199008435002 68.11011140527806 -1 0 0
669.6758464662003 60.11917140177346 -1 0 0
672.4227320924049 56.123701400021154 -1 0 0
664.1820752137908 48.38247827162608 -1 0 0
653.9436833343005 51.379080772940306 -1 0 0
643.9550083299198 45.635592645421376 -1 0 0
646.452177081015 46.13502639564041 -1 0 0
651.6962314583149 46.13502639564041 -1 0 0
644.9538758303579 49.631062647173664 -1 0 0
637.7120864521818 39.89210451790243 -1 0 0
641.208122703715 39.89210451790243 -1 0 0
639.210387702839 34.1486163903835 -1 0 0
618.4838870687489 31.401730764178797 -1 0 0
623.2285076958298 35.646917641040616 -1 0 0
623.2285076958298 33.89889951527398 -1 0 0
632.7177489499915 27.156543887316978 -1 0 0
628.4725620731296 27.905694512645535 -1 0 0
612.4906820661205 23.410790760674193 -1 0 0
600.0048383106445 28.155411387755052 -1 0 0
596.2590851840017 29.653712638412166 -1 0 0
591.5144645569209 32.650315139726395 -1 0 0
588.7675789307161 28.654845137974092 -1 0 0
591.5144645569209 26.40739326198842 -1 0 0
601.0037058110826 33.14974888994543 -1 0 0
604.2500251875063 36.64578514147869 -1 0 0
631.9685983246629 32.650315139726395 -1 0 0
632.9674658251009 38.643520142354845 -1 0 0
638.2115202024008 28.90456201308361 -1 0 0
641.208122703715 26.40739326198842 -1 0 0
635.7143514513057 22.411923260236122 -1 0 0
655.9414183351766 30.652580138850233 -1 0 0
648.2001952067816 37.394935766807244 -1 0 0
654.1934002094101 37.394935766807244 -1 0 0
651.1967977080959 41.64012264366907 -1 0 0
664.9312258391194 42.63899014410715 -1 0 0
662.4340570880242 41.390405768559546 -1 0 0
659.1877377116004 44.886442020092815 -1 0 0
675.1696177186096 33.14974888994543 -1 0 0
666.679243964886 33.14974888994543 -1 0 0
667.178677715105 23.910224510893237 -1 0 0
660.6860389622576 27.905694512645535 -1 0 0
671.1741477168573 27.655977637536022 -1 0 0
668.4272620906527 30.652580138850233 -1 0 0
673.921033343062 29.403995763302653 -1 0 0
680.4136720959095 24.659375136221794 -1 0 0
679.9142383456905 29.903429513521683 -1 0 0
672.6724489675145 45.635592645421376 -1 0 0
675.1696177186096 42.63899014410715 -1 0 0
674.1707502181716 47.88304452140704 -1 0 0
672.1730152172954 49.88077952228319 -1 0 0
535.8276014074982 140.77772206214803 -1 0 0
591.0150308067018 71.35643078170179 -1 0 0
577.0308858005687 32.40059826461687 -1 0 0
573.285132673926 25.158808886440834 -1 0 0
647.9504783316721 26.157676386878908 -1 0 0
653.693966459191 25.158808886440834 -1 0 0
401.4799225985771 88.58911224216726 -1 0 0
389.9929463435392 92.58458224391957 -1 0 0
401.4799225985771 78.60043723778651 -1 0 0
261.1390387870275 86.09194349107209 -1 0 0
687.6554614740855 179.9854885322511 -1 0 0
703.1379077308757 191.47246478728897 -1 0 0
685.6577264732093 209.45207979517434 -1 0 0
740.0960052470845 178.98662103181303 -1 0 0
707.632811482847 162.50530727458482 -1 0 0
727.1107277413895 183.48152478378438 -1 0 0
691.6509314758378 144.02625851648042 -1 0 0
678.6656539701429 137.03418601341392 -1 0 0
699.6418714793424 131.04098101078546 -1 0 0
700.1413052295615 121.0523060064047 -1 0 0
699.1424377291233 113.56079975311911 -1 0 0
685.1582927229903 109.56532975136685 -1 0 0
667.178677715105 110.5641972518049 -1 0 0
636.7132189517437 113.0613660029001 -1 0 0
717.6214864872278 156.51210227195637 -1 0 0
717.6214864872278 142.52795726582335 -1 0 0
733.1039327440179 149.52002976888983 -1 0 0
734.102800244456 138.03305351385197 -1 0 0
749.0858127510271 140.03078851472813 -1 0 0
767.0654277589124 146.02399351735656 -1 0 0
749.5852465012462 169.49737977765133 -1 0 0
757.5761865047508 203.45887479254588 -1 0 0
771.5603315108838 183.48152478378438 -1 0 0
718.6203539876658 208.95264604495523 -1 0 0
830.9929477869492 190.47359728685086 -1 0 0
810.5161640279688 181.48378978290822 -1 0 0
767.0654277589124 171.49511477852747 -1 0 0
766.0665602584744 157.01153602217542 -1 0 0
775.5558015126362 162.50530727458482 -1 0 0
787.042777767674 146.5234272675756 -1 0 0
784.0461752663598 139.5313547645091 -1 0 0
790.0393802689882 129.04324600990927 -1 0 0
807.5195615266546 129.54267976012835 -1 0 0
802.5252240244641 140.03078851472813 -1 0 0
826.498044034978 137.03418601341392 -1 0 0
818.0076702812541 122.55060725706183 -1 0 0
835.4878515389206 131.04098101078546 -1 0 0
833.9895502882634 125.54720975837606 -1 0 0
829.9940802865111 179.9854885322511 -1 0 0
806.5206940262163 121.0523060064047 -1 0 0
808.0189952768736 115.05910100377625 -1 0 0
527.3372276537746 56.12591847792984 -1 0 0
526.8377939035555 55.12705097749177 -1 0 0
524.8400589026793 47.13611097398717 -1 0 0
691.6509314758378 78.59822015987788 -1 0 0
688.404612099414 70.35756328126378 -1 0 0
684.6588589727711 72.60501515724944 -1 0 0
666.1798102146669 87.58802766382057 -1 0 0
653.1945327089718 92.3326482909014 -1 0 0
847.4742615441774 134.5348001844101 -1 0 0
649.448779582329 73.85359953279703 -1 0 0
648.4499120818911 66.36209327951146 -1 0 0
830.2437971616206 146.52121018966702 -1 0 0
751.5829815021222 136.03310143506724 -1 0 0
804.2732421502305 118.5529201774009 -1 0 0
689.9029133500711 42.13955639388813 -1 0 0
683.160557722114 35.89663451615017 -1 0 0
686.9063108487569 33.89889951527402 -1 0 0
686.6565939736473 30.402863263740752 -1 0 0
682.9108408470046 27.905694512645567 -1 0 0
686.4068770985378 26.15767638687894 -1 0 0
678.1662202199237 13.67183263140299 -1 0 0
681.6622564714569 13.172398881183959 -1 0 0
685.9074433483188 14.670700131841075 -1 0 0
688.1548952243045 13.172398881183959 -1 0 0
692.1503652260567 11.174663880307815 -1 0 0
696.6452689780281 13.921549506512518 -1 0 0
700.1413052295613 12.922682006074433 -1 0 0
682.6611239718951 31.651447639288357 -1 0 0
691.1514977256187 29.40399576330268 -1 0 0
690.9017808505091 25.907959511769413 -1 0 0
694.3978171020425 26.407393261988453 -1 0 0
694.3978171020425 34.8977670157121 -1 0 0
705.3853596068612 35.14748389082162 -1 0 0
698.1435702286851 41.6401226436691 -1 0 0
694.647533977152 42.13955639388813 -1 0 0
697.1447027282471 37.394935766807286 -1 0 0
680.9131058461285 54.37568327425457 -1 0 0
685.9074433483188 55.12483389958312 -1 0 0
693.3989496016044 55.12483389958312 -1 0 0
685.6577264732093 64.61407515374485 -1 0 0
703.1379077308756 82.34397328652067 -1 0 0
709.3808296086136 80.096521410535 -1 0 0
692.8995158513853 95.32925079221565 -1 0 0
683.6599914723331 92.3326482909014 -1 0 0
695.3966846024805 77.34963578433029 -1 0 0
694.647533977152 64.86379202885436 -1 0 0
699.1424377291232 65.3632257790734 -1 0 0
705.1356427317518 61.11803890221156 -1 0 0
705.3853596068612 53.12709889870697 -1 0 0
709.8802633588325 55.12483389958312 -1 0 0
710.1299802339421 46.88417702096899 -1 0 0
703.6373414810946 42.888707019216696 -1 0 0
712.6271489850373 43.388140769435736 -1 0 0
718.8700708627753 42.13955639388813 -1 0 0
709.630546483723 30.652580138850272 -1 0 0
704.8859258566423 28.654845137974124 -1 0 0
700.6407389797804 25.658242636659896 -1 0 0
815.2607846550495 128.54159518178164 -1 0 0
702.8881908557661 71.35643078170185 -1 0 0
710.8791308592706 68.3598282803876 -1 0 0
703.3876246059851 65.6129426541829 -1 0 0
719.3695046129943 55.12483389958312 -1 0 0
720.3683721134323 82.59369016163019 -1 0 0
715.1243177361325 90.08519641491574 -1 0 0
709.3808296086136 90.83434704024431 -1 0 0
730.1073302427036 90.5846301651348 -1 0 0
731.6056314933606 79.59708766031596 -1 0 0
738.5977039964273 98.82528704374889 -1 0 0
719.3695046129943 100.0738714192965 -1 0 0
737.5988364959892 106.566510172144 -1 0 0
749.585246501246 105.81735954681545 -1 0 0
750.3343971265747 92.58236516601094 -1 0 0
754.829300878546 100.57330516951555 -1 0 0
745.5897764994937 95.32925079221565 -1 0 0
750.5841140016842 98.07613641842033 -1 0 0
761.072222756284 97.07726891798227 -1 0 0
761.072222756284 90.08519641491574 -1 0 0
764.3185421327078 79.59708766031596 -1 0 0
773.3083496366504 79.59708766031596 -1 0 0
777.0541027632931 80.34623828564453 -1 0 0
758.8247708802983 71.85586453192089 -1 0 0
741.844023372851 63.61520765330677 -1 0 0
741.5943064977415 68.1101114052781 -1 0 0
747.5875115003699 64.1146414035258 -1 0 0
754.5795840034365 64.1146414035258 -1 0 0
754.5795840034365 59.37002077644494 -1 0 0
759.8236383807363 67.36096077994955 -1 0 0
729.6078964924845 70.8569970314828 -1 0 0
735.3513846200035 64.1146414035258 -1 0 0
732.1050652435797 57.622002650678304 -1 0 0
729.1084627422655 58.37115327600686 -1 0 0
736.8496858706606 62.11690640264965 -1 0 0
719.8689383632134 50.62993014761178 -1 0 0
779.5512715143883 94.82981704199662 -1 0 0
790.7885308943168 91.83321454068239 -1 0 0
793.0359827703023 100.57330516951555 -1 0 0
800.2777721484783 91.33378079046336 -1 0 0
808.5184290270923 94.82981704199662 -1 0 0
817.2585196559257 106.31679329703447 -1 0 0
820.25512215724 91.08406391535382 -1 0 0
811.7647484035164 81.34510578608258 -1 0 0
809.7670134026401 74.8524670332351 -1 0 0
796.5320190218356 76.85020203411128 -1 0 0
792.7862658951927 73.10444890746848 -1 0 0
717.1220527370085 12.922682006074433 -1 0 0
722.3661071143085 14.670700131841075 -1 0 0
710.3796971090517 17.167868882936258 -1 0 0
727.8598783667179 11.923814505636372 -1 0 0
732.1050652435797 15.669567632279147 -1 0 0
738.0982702462081 15.419850757169622 -1 0 0
742.0937402479605 13.67183263140299 -1 0 0
747.3377946252604 14.92041700695059 -1 0 0
752.3321321274508 15.419850757169622 -1 0 0
755.828168378984 15.419850757169622 -1 0 0
757.5761865047507 15.419850757169622 -1 0 0
761.5716565065029 14.670700131841075 -1 0 0
766.5659940086933 13.67183263140299 -1 0 0
769.8123133851171 15.419850757169622 -1 0 0
773.3083496366504 12.922682006074433 -1 0 0
777.0541027632931 13.921549506512518 -1 0 0
779.0518377641691 13.67183263140299 -1 0 0
782.0484402654835 13.921549506512518 -1 0 0
790.7885308943168 15.419850757169622 -1 0 0
793.5354165205214 13.67183263140299 -1 0 0
798.2800371476021 15.419850757169622 -1 0 0
801.026922773807 13.172398881183959 -1 0 0
806.5206940262163 14.670700131841075 -1 0 0
808.5184290270923 13.921549506512518 -1 0 0
814.2619171546114 12.922682006074433 -1 0 0
816.2596521554875 12.173531380745876 -1 0 0
819.7556884070208 12.173531380745876 -1 0 0
843.7285084175346 9.676362629650699 -1 0 0
713.1265827352563 27.406260762426527 -1 0 0
716.6226189867897 29.903429513521715 -1 0 0
719.1197877378847 34.398333265493065 -1 0 0
715.6237514863516 36.396068266369205 -1 0 0
713.3762996103659 36.895502016588246 -1 0 0
706.8836608575183 37.89436951702632 -1 0 0
723.8644083649657 36.396068266369205 -1 0 0
729.1084627422655 40.89097201834054 -1 0 0
723.6146914898561 41.14068889345006 -1 0 0
722.6158239894181 44.88644202009286 -1 0 0
740.5954389973034 58.620870151116385 -1 0 0
741.0948727475223 54.37568327425457 -1 0 0
741.0948727475223 50.62993014761178 -1 0 0
738.3479871213177 48.63219514673563 -1 0 0
734.8519508697844 49.88077952228323 -1 0 0
733.8530833693463 39.392670767683434 -1 0 0
747.5875115003699 58.87058702622591 -1 0 0
747.5875115003699 55.12483389958312 -1 0 0
747.0880777501509 50.38021327250227 -1 0 0
752.3321321274508 53.62653264892601 -1 0 0
753.3309996278889 49.63106264717371 -1 0 0
748.3366621256985 41.39040576855959 -1 0 0
747.0880777501509 43.388140769435736 -1 0 0
741.3445896226319 41.6401226436691 -1 0 0
744.0914752488367 40.39153826812151 -1 0 0
741.844023372851 36.895502016588246 -1 0 0
737.3491196208797 36.396068266369205 -1 0 0
769.8123133851171 67.61067765505905 -1 0 0
772.8089158864314 64.61407515374485 -1 0 0
763.8191083824887 61.86718952754012 -1 0 0
764.5682590078171 56.62313515024023 -1 0 0
757.8259033798602 50.879647022721294 -1 0 0
757.5761865047507 46.135026395640445 -1 0 0
755.328734628765 41.88983951877862 -1 0 0
760.3230721309553 38.14408639213585 -1 0 0
763.0699577571601 42.638990144107176 -1 0 0
764.0688252575982 48.13276139651659 -1 0 0
773.8077833868693 50.879647022721294 -1 0 0
782.0484402654835 61.86718952754012 -1 0 0
781.5490065152645 68.3598282803876 -1 0 0
793.5354165205214 64.61407515374485 -1 0 0
802.5252240244641 72.60501515724944 -1 0 0
808.0189952768735 70.35756328126378 -1 0 0
799.7783383982594 70.8569970314828 -1 0 0
798.2800371476021 58.620870151116385 -1 0 0
790.7885308943168 56.87285202534976 -1 0 0
810.2664471528591 64.61407515374485 -1 0 0
817.0088027808162 74.8524670332351 -1 0 0
820.7545559074589 71.85586453192089 -1 0 0
814.2619171546114 68.1101114052781 -1 0 0
825.4991765345397 69.10897890571617 -1 0 0
822.5025740332255 77.84906953454932 -1 0 0
831.2426646620587 75.35190078345416 -1 0 0
840.98162279133 83.59255766206826 -1 0 0
843.4787915424251 97.82641954331082 -1 0 0
837.9850202900158 101.3224557948441 -1 0 0
845.9759602935203 93.58123266644903 -1 0 0
841.7307734166584 71.85586453192089 -1 0 0
845.2268096681918 74.8524670332351 -1 0 0
836.736435914468 71.60614765681136 -1 0 0
836.9861527895778 62.11690640264965 -1 0 0
830.4935140367302 63.61520765330677 -1 0 0
835.4878515389205 57.12256890045927 -1 0 0
810.0167302777496 55.37455077469264 -1 0 0
724.3638421151846 21.662772634907594 -1 0 0
721.6169564889799 22.661640135345667 -1 0 0
728.6090289920464 29.6537126384122 -1 0 0
728.1095952418275 31.651447639288357 -1 0 0
741.0948727475223 33.399465765054984 -1 0 0
738.0982702462081 27.655977637536054 -1 0 0
735.8508183702226 28.654845137974124 -1 0 0
734.8519508697844 20.663905134469523 -1 0 0
750.0846802514651 33.89889951527402 -1 0 0
747.5875115003699 29.154278888193158 -1 0 0
743.8417583737271 27.406260762426527 -1 0 0
744.0914752488367 22.162206385126638 -1 0 0
765.5671265082553 23.660507635783752 -1 0 0
761.5716565065029 27.905694512645567 -1 0 0
757.5761865047507 23.660507635783752 -1 0 0
754.829300878546 23.660507635783752 -1 0 0
749.585246501246 23.410790760674224 -1 0 0
753.5807165029984 30.402863263740752 -1 0 0
761.8213733816125 32.4005982646169 -1 0 0
767.315144634022 33.14974888994546 -1 0 0
772.8089158864314 33.14974888994546 -1 0 0
770.5614640104455 30.402863263740752 -1 0 0
732.1050652435797 33.89889951527402 -1 0 0
728.359312116937 25.158808886440855 -1 0 0
768.5637290095696 41.39040576855959 -1 0 0
772.3094821362123 41.6401226436691 -1 0 0
663.9323583386811 70.8569970314828 -1 0 0
721.6169564889799 78.34850328476838 -1 0 0
717.6214864872277 67.36096077994955 -1 0 0
777.3038196384025 71.85586453192089 -1 0 0
678.6656539701427 47.13389389607852 -1 0 0
687.4057445989758 49.88077952228323 -1 0 0
652.1956652085337 56.1237014000212 -1 0 0
789.5399465187689 50.13049639739274 -1 0 0
786.2936271423453 47.88304452140708 -1 0 0
779.8009883894978 47.38361077118804 -1 0 0
776.3049521379645 46.88417702096899 -1 0 0
783.7964583912501 42.13955639388813 -1 0 0
777.0541027632931 40.89097201834054 -1 0 0
778.8021208890598 36.146351391259685 -1 0 0
772.3094821362123 25.158808886440855 -1 0 0
775.5558015126359 25.158808886440855 -1 0 0
735.1016677448939 75.60161765856365 -1 0 0
867.9510453031579 177.48831978115592 -1 0 0
842.9793577922062 167.99907852699423 -1 0 0
853.4674665468058 177.98775353137498 -1 0 0
844.9770927930822 139.03192101429005 -1 0 0
865.9533103022818 136.53475226319486 -1 0 0
847.4742615441774 125.54720975837606 -1 0 0
845.4765265433014 115.05910100377625 -1 0 0
837.9850202900155 112.06249850246202 -1 0 0
829.494646536292 108.56646225092877 -1 0 0
858.4618040489961 148.52116226845177 -1 0 0
883.4334915599482 140.03078851472813 -1 0 0
892.9227328141098 144.02625851648042 -1 0 0
861.9578403005294 274.3784673236492 -1 0 0
868.949912803596 168.49851227721322 -1 0 0
891.9238653136717 177.48831978115592 -1 0 0
887.4289615617005 167.00021102655617 -1 0 0
873.9442503057863 146.02399351735656 -1 0 0
895.9193353154241 155.51323477151828 -1 0 0
899.9148053171762 164.50304227546096 -1 0 0
930.8796978307566 193.9696335383842 -1 0 0
930.8796978307566 168.49851227721322 -1 0 0
924.8864928281282 156.51210227195637 -1 0 0
909.404046571338 156.51210227195637 -1 0 0
908.4051790708997 141.5290897653852 -1 0 0
992.3100491076982 258.896021066859 -1 0 0
891.4244315634526 118.55513725530953 -1 0 0
899.4153715669571 194.9685010388222 -1 0 0
969.8355303478417 148.52116226845177 -1 0 0
961.8445903443368 150.01946351910885 -1 0 0
950.357614089299 153.01606602042307 -1 0 0
938.3712040840421 145.0251260169185 -1 0 0
926.8842278290043 145.0251260169185 -1 0 0
964.8411928456511 170.4962472780894 -1 0 0
975.8287353504701 167.49964477677517 -1 0 0
984.3191091041937 154.01493352086118 -1 0 0
992.3100491076982 153.01606602042307 -1 0 0
981.8219403530986 147.02286101779467 -1 0 0
970.3349640980604 139.03192101429005 -1 0 0
998.8026878605458 183.48152478378438 -1 0 0
1011.7879653662405 198.46453729035545 -1 0 0
987.3157116055079 200.96170604145067 -1 0 0
1025.2726766221547 171.49511477852747 -1 0 0
1015.2840016177738 156.51210227195637 -1 0 0
1009.2907966151454 127.54494475925218 -1 0 0
1007.7924953644884 121.0523060064047 -1 0 0
989.812880356603 130.5415472605664 -1 0 0
977.327036601127 124.54834225793795 -1 0 0
960.845722843899 131.04098101078546 -1 0 0
951.8559153399563 129.04324600990927 -1 0 0
948.859312838642 134.5370172623187 -1 0 0
941.8672403355754 109.56532975136685 -1 0 0
924.3870590779092 127.54494475925218 -1 0 0
910.4029140717762 114.06023350333818 -1 0 0
919.892155325938 113.56079975311911 -1 0 0
897.4176365660811 108.06702850070972 -1 0 0
904.4097090691478 105.0704259993955 -1 0 0
855.4652015476819 96.08061849545284 -1 0 0
863.4561415511866 115.5585347539953 -1 0 0
871.9465153049102 86.59137724129111 -1 0 0
867.9510453031579 75.60383473647231 -1 0 0
843.4787915424249 62.61855723077733 -1 0 0
806.1461187135521 50.628821608657475 -1 0 0
799.0291877729308 49.87967098332892 -1 0 0
794.6591424585143 50.628821608657475 -1 0 0
789.1653712061047 43.88646598070046 -1 0 0
775.4309430750814 30.651471599895967 -1 0 0
813.6376249668377 47.25764379467896 -1 0 0
804.8975343380046 42.88759848026239 -1 0 0
810.2664471528592 42.13844785493383 -1 0 0
809.0178627773115 44.63561660602902 -1 0 0
806.8952693388808 39.266703791174365 -1 0 0
800.028055273369 42.263306292488586 -1 0 0
796.7817358969452 37.64354410296249 -1 0 0
792.786265895193 36.3949597274149 -1 0 0
800.1529137109236 38.39269472829105 -1 0 0
788.7907958934405 33.77293253876495 -1 0 0
782.7975908908121 31.275763787669764 -1 0 0
784.9201843292429 26.780860035698428 -1 0 0
788.041645268112 24.15883284704848 -1 0 0
790.7885308943168 26.15656784792463 -1 0 0
794.1597087082952 28.903453474129343 -1 0 0
798.7794708978212 27.7797275361365 -1 0 0
803.7738084000116 36.76953504007918 -1 0 0
807.6444199642092 31.15090535011501 -1 0 0
810.3913055904139 29.278028786793616 -1 0 0
807.3947030890997 28.52887816146506 -1 0 0
803.3992330873474 29.402887224348365 -1 0 0
806.8952693388808 24.907983472377037 -1 0 0
800.7772058986974 24.15883284704848 -1 0 0
799.1540462104856 24.533408159712756 -1 0 0
793.785133395631 23.40968222171992 -1 0 0
815.0110677799399 39.89099597894816 -1 0 0
812.7636159039544 36.89439347763393 -1 0 0
810.3913055904139 35.27123378942206 -1 0 0
815.510501530159 35.02151691431255 -1 0 0
819.2562546568018 35.02151691431255 -1 0 0
820.0054052821304 40.51528816672195 -1 0 0
819.3811130943566 43.1373153553719 -1 0 0
814.1370587170568 51.62768910909554 -1 0 0
805.3969680882235 46.38363473179565 -1 0 0
827.7466284105255 49.00566192044561 -1 0 0
824.7500259092112 45.13505035624806 -1 0 0
830.6183724742849 45.63448410646709 -1 0 0
827.996345285635 39.01698691606485 -1 0 0
828.6206374734088 34.64694160164827 -1 0 0
831.617239974723 39.89099597894816 -1 0 0
817.2585196559257 32.02491441299832 -1 0 0
824.5003090341017 29.90232097456741 -1 0 0
820.6296974699042 24.408549722158 -1 0 0
816.0099352803782 20.537938157960454 -1 0 0
813.2630496541734 25.532275660150837 -1 0 0
829.3697880987373 20.28822128285094 -1 0 0
832.4912490376064 18.789920032193827 -1 0 0
826.498044034978 24.658266597267517 -1 0 0
838.1098787275704 32.14977285055308 -1 0 0
835.1132762262564 34.14750785142923 -1 0 0
841.2313396664396 34.14750785142923 -1 0 0
844.9770927930822 42.513023167598114 -1 0 0
838.35959560268 45.50962566891233 -1 0 0
834.8635593511468 48.631086607781334 -1 0 0
837.9850202900158 49.75481254577415 -1 0 0
842.7296409170966 43.636749105590944 -1 0 0
851.9691652961488 48.88080348289084 -1 0 0
847.5991199817322 46.88306848201468 -1 0 0
854.7160509223536 45.13505035624806 -1 0 0
851.5945899834844 40.140712854057675 -1 0 0
854.8409093599082 40.3904297291672 -1 0 0
856.588927485675 37.51868566540774 -1 0 0
857.4629365485582 35.7706675396411 -1 0 0
846.4753940437394 32.3994897256626 -1 0 0
843.60364997998 29.028311911684092 -1 0 0
839.2336046655633 30.152037849676926 -1 0 0
837.2358696646871 26.40628472303415 -1 0 0
831.8669568498326 27.1554353483627 -1 0 0
831.2426646620588 31.65033910033404 -1 0 0
842.3550656044324 26.656001598143668 -1 0 0
797.5308865222737 33.14974888994543 -1 0 0
795.5331515213976 32.900032014835915 -1 0 0
799.5286215231498 30.652580138850233 -1 0 0
794.5342840209594 26.40739326198842 -1 0 0
879.4380215581958 130.78904705776728 -1 0 0
884.9317928106054 77.84906953454929 -1 0 0
884.1826421852768 70.85699703148276 -1 0 0
890.4255640630148 76.10105140878267 -1 0 0
894.6707509398766 89.58576266469667 -1 0 0
887.4289615617005 92.83208204112043 -1 0 0
909.1543296962286 94.08066641666802 -1 0 0
872.1962321800198 95.82868454243464 -1 0 0
873.9442503057863 62.116906402649605 -1 0 0
859.2109546743249 67.61067765505904 -1 0 0
856.46406904812 62.116906402649605 -1 0 0
852.2188821712582 59.61973765155442 -1 0 0
849.222279669944 53.37681577381645 -1 0 0
868.2007621782676 139.77885456170995 -1 0 0
925.6356434534569 78.59822015987784 -1 0 0
921.1407397014855 88.83661203936812 -1 0 0
911.1520646971046 84.34170828739677 -1 0 0
910.1531971966666 77.34963578433026 -1 0 0
897.9170703163002 78.34850328476834 -1 0 0
902.162257193162 71.35643078170179 -1 0 0
942.6163909609043 145.27262581411938 -1 0 0
935.8740353329471 80.595955160754 -1 0 0
943.8649753364518 80.34623828564449 -1 0 0
940.8683728351375 69.85812953104471 -1 0 0
925.6356434534569 60.11917140177346 -1 0 0
922.6390409521426 56.872852025349715 -1 0 0
915.6469684490762 61.367755777321044 -1 0 0
908.1554621957904 60.368888276882984 -1 0 0
902.4119740682717 62.116906402649605 -1 0 0
906.1577271949144 54.37568327425453 -1 0 0
903.1611246936002 55.87398452491164 -1 0 0
895.9193353154241 56.123701400021154 -1 0 0
891.1747146883432 58.37115327600684 -1 0 0
891.1747146883432 61.867189527540084 -1 0 0
887.67867843681 67.36096077994951 -1 0 0
891.1747146883432 67.11124390483998 -1 0 0
882.1849071844006 61.11803890221154 -1 0 0
866.2030271773914 54.87511702447357 -1 0 0
883.4334915599482 52.62766514848789 -1 0 0
878.4391540577578 50.380213272502225 -1 0 0
894.6707509398766 125.54499268046739 -1 0 0
854.7160509223536 75.10218390834459 -1 0 0
851.7194484210394 79.0976539100969 -1 0 0
870.1984971791436 124.79584205513882 -1 0 0
869.1996296787056 56.872852025349715 -1 0 0
871.9465153049102 51.87851452315934 -1 0 0
864.7047259267342 42.13955639388811 -1 0 0
860.9589728000914 42.63899014410715 -1 0 0
869.4493465538152 38.643520142354845 -1 0 0
873.4448165555674 38.643520142354845 -1 0 0
880.1871721835245 45.13615889520233 -1 0 0
882.6843409346196 41.14068889345003 -1 0 0
874.193967180896 33.39946576505495 -1 0 0
876.9408528071006 32.150881389507354 -1 0 0
875.9419853066627 29.403995763302653 -1 0 0
859.7103884245438 26.40739326198842 -1 0 0
856.9635027983392 25.40852576155035 -1 0 0
853.4674665468058 27.156543887316978 -1 0 0
874.693400931115 46.13502639564041 -1 0 0
869.6990634289245 43.3881407694357 -1 0 0
886.6798109363718 47.133893896078476 -1 0 0
887.67867843681 44.387008269873775 -1 0 0
892.1735821887814 39.64238764279292 -1 0 0
892.6730159390004 44.387008269873775 -1 0 0
887.4289615617005 36.89550201658821 -1 0 0
889.1769796874672 34.897767015712056 -1 0 0
879.6877384333054 34.897767015712056 -1 0 0
890.4255640630148 131.78791455820536 -1 0 0
894.1713171896574 72.60501515724941 -1 0 0
926.8842278290044 73.60388265768746 -1 0 0
932.3779990814138 97.57670266820128 -1 0 0
915.6469684490762 99.32472079396791 -1 0 0
929.13167970499 102.32132329528213 -1 0 0
931.8785653311949 107.3156607974725 -1 0 0
936.8729028333852 103.07047392061068 -1 0 0
938.8706378342614 107.56537767258203 -1 0 0
946.6118609626564 103.07047392061068 -1 0 0
970.0852472229512 100.5733051695155 -1 0 0
972.8321328491559 96.32811829265368 -1 0 0
984.8185428544128 102.82075704550118 -1 0 0
961.3451565941181 102.32132329528213 -1 0 0
950.8570478395183 77.84906953454929 -1 0 0
950.6073309644087 72.10558140703034 -1 0 0
963.5926084701036 80.09652141053496 -1 0 0
965.3406265958703 66.61181015462094 -1 0 0
955.8513853417087 67.11124390483998 -1 0 0
965.3406265958703 72.60501515724941 -1 0 0
968.8366628474034 75.10218390834459 -1 0 0
975.0795847251417 76.10105140878267 -1 0 0
979.3247716020035 70.85699703148276 -1 0 0
977.5767534762368 64.11464140352577 -1 0 0
970.3349640980607 65.61294265418287 -1 0 0
933.8763003320709 56.872852025349715 -1 0 0
936.1237522080567 60.368888276882984 -1 0 0
944.3644090866707 60.368888276882984 -1 0 0
916.6458359495142 56.872852025349715 -1 0 0
912.1509321975428 57.871719525787796 -1 0 0
916.8955528246237 51.379080772940306 -1 0 0
919.3927215757188 51.379080772940306 -1 0 0
896.6684859407526 46.88417702096896 -1 0 0
890.6752809381242 51.379080772940306 -1 0 0
909.903480321557 33.14974888994543 -1 0 0
879.1883046830864 124.2964083049198 -1 0 0
901.1633896927241 40.89097201834051 -1 0 0
851.7194484210394 8.42777825410307 -1 0 0
847.7239784192869 15.4198507571696 -1 0 0
845.2268096681918 15.4198507571696 -1 0 0
855.7149184227916 16.418718257607672 -1 0 0
860.9589728000914 13.67183263140297 -1 0 0
871.6967984298008 13.921549506512497 -1 0 0
846.9748277939584 27.156543887316978 -1 0 0
820.754555907459 80.84567203586352 -1 0 0
829.7443634114015 79.59708766031592 -1 0 0
906.1577271949144 8.677495129212595 -1 0 0
896.9182028158622 17.667302633155263 -1 0 0
893.1724496892193 15.919284507388632 -1 0 0
888.4278290621386 19.165603883812377 -1 0 0
883.1837746848387 28.654845137974092 -1 0 0
858.2120871738867 53.37681577381645 -1 0 0
855.9646352979012 48.63219514673559 -1 0 0
868.2007621782674 48.63219514673559 -1 0 0
875.192834681334 56.872852025349715 -1 0 0
870.4482140542532 31.651447639288314 -1 0 0
859.4606715494343 31.15201388906928 -1 0 0
829.9940802865111 53.12709889870694 -1 0 0
833.9895502882634 44.636725144983295 -1 0 0
835.9872852891395 38.393803267245325 -1 0 0
933.8763003320709 124.2964083049198 -1 0 0
903.9102753189286 97.57670266820128 -1 0 0
928.3825290796616 90.58463016513475 -1 0 0
933.6265834569615 50.62993014761175 -1 0 0
933.3768665818518 45.38587577031185 -1 0 0
928.632245954771 51.379080772940306 -1 0 0
949.6084634639706 48.38247827162608 -1 0 0
944.6141259617802 50.380213272502225 -1 0 0
955.601668466599 54.12596639914501 -1 0 0
955.8513853417087 59.61973765155442 -1 0 0
948.859312838642 55.12483389958308 -1 0 0
954.8525178412705 44.387008269873775 -1 0 0
947.1112947128754 43.887574519654734 -1 0 0
932.6277159565234 39.142953892573885 -1 0 0
930.6299809556473 35.14748389082158 -1 0 0
920.1418722010474 39.64238764279292 -1 0 0
918.8932878254998 33.89889951527398 -1 0 0
915.3972515739664 32.40059826461687 -1 0 0
919.1430047006094 30.652580138850233 -1 0 0
916.3961190744046 26.906827012207465 -1 0 0
913.8989503233095 25.90795951176938 -1 0 0
899.1656546918479 24.15994138600275 -1 0 0
904.6594259442572 25.158808886440834 -1 0 0
896.418769065643 26.906827012207465 -1 0 0
894.6707509398766 29.403995763302653 -1 0 0
900.4142390673954 29.903429513521683 -1 0 0
919.6424384508284 15.919284507388632 -1 0 0
916.8955528246237 16.66843513271719 -1 0 0
912.4006490726522 17.167868882936233 -1 0 0
924.3870590779092 15.669567632279115 -1 0 0
923.1384747023616 16.418718257607672 -1 0 0
935.1248847076184 14.920417006950558 -1 0 0
920.3915890761571 23.410790760674193 -1 0 0
924.3870590779092 23.66050763578372 -1 0 0
928.132812204552 26.157676386878908 -1 0 0
924.3870590779092 30.902297013959767 -1 0 0
927.133944704114 30.652580138850233 -1 0 0
933.1271497067424 28.90456201308361 -1 0 0
936.373469083166 23.66050763578372 -1 0 0
944.6141259617802 25.158808886440834 -1 0 0
953.8536503408324 26.906827012207465 -1 0 0
949.8581803390803 29.903429513521683 -1 0 0
952.3553490901754 30.652580138850233 -1 0 0
940.6186559600278 35.646917641040616 -1 0 0
933.8763003320709 34.64805014060255 -1 0 0
947.6107284630945 33.89889951527398 -1 0 0
943.615258461342 33.89889951527398 -1 0 0
952.3553490901754 34.1486163903835 -1 0 0
961.0954397190085 31.651447639288314 -1 0 0
939.1203547093709 -25.283999885681965 -1 0 0
955.8513853417087 28.654845137974092 -1 0 0
954.1033672159421 29.403995763302653 -1 0 0
944.6141259617802 38.144086392135804 -1 0 0
940.3689390849185 46.13502639564041 -1 0 0
956.6005359670372 49.631062647173664 -1 0 0
967.5880784718559 56.872852025349715 -1 0 0
967.3383615967465 49.631062647173664 -1 0 0
963.0931747198847 60.61860515199249 -1 0 0
961.3451565941181 54.12596639914501 -1 0 0
959.0977047181323 40.39153826812147 -1 0 0
962.843457844775 37.64465264191677 -1 0 0
976.3281691006893 56.62313515024021 -1 0 0
974.0807172247034 56.872852025349715 -1 0 0
975.329301600251 51.628797648049826 -1 0 0
985.0682597295222 51.628797648049826 -1 0 0
999.0524047356553 72.10558140703034 -1 0 0
1013.5359834920075 96.5778351677632 -1 0 0
1017.7811703688693 100.07387141929645 -1 0 0
982.571090978427 92.83208204112043 -1 0 0
989.0637297312746 96.32811829265368 -1 0 0
992.8094828579173 95.3292507922156 -1 0 0
979.3247716020035 93.08179891622993 -1 0 0
995.8060853592315 101.07273891973453 -1 0 0
973.5812834744844 136.28281831017668 -1 0 0
1005.0456097382838 67.11124390483998 -1 0 0
992.8094828579173 61.367755777321044 -1 0 0
988.3145791059461 47.88304452140704 -1 0 0
976.3281691006893 43.3881407694357 -1 0 0
978.5756209766748 40.39153826812147 -1 0 0
975.5790184753606 37.394935766807244 -1 0 0
971.5835484736083 39.3926707676834 -1 0 0
967.5880784718559 42.63899014410715 -1 0 0
964.5914759705416 42.63899014410715 -1 0 0
959.5971384683514 42.88870701921666 -1 0 0
966.8389278465274 35.646917641040616 -1 0 0
1000.0512722360934 132.03763143331486 -1 0 0
974.330434099813 32.650315139726395 -1 0 0
949.6084634639706 133.535932683972 -1 0 0
986.3168441050699 40.89097201834051 -1 0 0
997.3043866098889 8.42777825410307 -1 0 0
995.0569347339031 28.155411387755052 -1 0 0
989.5631634814937 27.905694512645535 -1 0 0
983.0705247286461 27.156543887316978 -1 0 0
905.9080103198048 124.79584205513882 -1 0 0
989.812880356603 71.85586453192084 -1 0 0
985.0682597295222 76.60048515900169 -1 0 0
1004.0467422378457 84.84114203761582 -1 0 0
1014.5348509924455 77.09991890922073 -1 0 0
1021.2772066204025 78.34850328476834 -1 0 0
1012.0376822413502 69.60841265593517 -1 0 0
1018.2806041190883 65.61294265418287 -1 0 0
1004.7958928631742 58.37115327600684 -1 0 0
1003.0478747374076 51.628797648049826 -1 0 0
1005.7947603636125 52.37794827337838 -1 0 0
999.8015553609839 55.87398452491164 -1 0 0
1000.0512722360934 48.38247827162608 -1 0 0
997.054669734779 48.88191202184511 -1 0 0
992.8094828579173 55.3745507746926 -1 0 0
992.0603322325888 47.88304452140704 -1 0 0
989.5631634814937 42.88870701921666 -1 0 0
994.557500983684 41.64012264366907 -1 0 0
997.3043866098889 41.889839518778594 -1 0 0
988.0648622308364 37.894369517026284 -1 0 0
984.3191091041937 36.14635139125966 -1 0 0
995.0569347339031 37.394935766807244 -1 0 0
999.3021216107649 38.393803267245325 -1 0 0
1004.0467422378457 40.14182139301196 -1 0 0
999.5518384858744 31.15201388906928 -1 0 0
899.9148053171764 120.80037205338654 -1 0 0
1021.2772066204025 56.872852025349715 -1 0 0
1017.0320197435407 43.13842389432617 -1 0 0
1010.0399472404742 52.62766514848789 -1 0 0
1015.5337184928836 50.130496397392704 -1 0 0
1019.2794716195262 51.379080772940306 -1 0 0
1011.0388147409122 59.3700207764449 -1 0 0
1017.7811703688693 58.62087015111634 -1 0 0
1019.2794716195262 69.60841265593517 -1 0 0
1005.0456097382838 28.90456201308361 -1 0 0
1008.5416459898171 29.653712638412166 -1 0 0
1013.7857003671169 31.15201388906928 -1 0 0
1015.5337184928836 32.650315139726395 -1 0 0
1019.2794716195262 33.14974888994543 -1 0 0
1003.2975916125173 15.919284507388632 -1 0 0
999.3021216107649 17.167868882936233 -1 0 0
994.8072178587935 17.167868882936233 -1 0 0
1008.5416459898171 15.919284507388632 -1 0 0
1002.5484409871887 28.155411387755052 -1 0 0
1018.2806041190883 28.654845137974092 -1 0 0
1021.526923495512 29.653712638412166 -1 0 0
1020.0286222448549 37.894369517026284 -1 0 0
1009.041079740036 41.64012264366907 -1 0 0
1013.7857003671169 43.3881407694357 -1 0 0
799.5286215231498 170.99346395039979 -1 0 0
907.406311570462 116.05575142630566 -1 0 0
983.5699584788653 64.11464140352577 -1 0 0
986.3168441050699 62.116906402649605 -1 0 0
918.8932878254998 73.60388265768746 -1 0 0
917.1452696997331 68.11011140527806 -1 0 0
914.1486671984188 67.61067765505904 -1 0 0
918.1441372001713 65.36322577907336 -1 0 0
913.8989503233095 48.132761396516564 -1 0 0
907.905745320681 46.88417702096896 -1 0 0
905.6582934446952 49.631062647173664 -1 0 0
903.9102753189286 45.13615889520233 -1 0 0
814.0122002795019 77.09991890922073 -1 0 0
812.7636159039544 73.10444890746844 -1 0 0
675.918768343938 58.74794566657977 -1 0 0
746.5886439999317 77.9761450500127 -1 0 0
796.0325852716165 53.75360816438939 -1 0 0
799.7783383982593 53.50389128927988 -1 0 0
803.2743746497925 53.25417441417036 -1 0 0
476.145268256323 55.00219253993699 -1 0 0
489.8796963873466 59.247379416798815 -1 0 0
485.1350757602657 63.49256629366062 -1 0 0
497.37120264063213 59.247379416798815 -1 0 0
560.2998551682309 135.16130945009252 -1 0 0
430.94651386150014 89.96255505526962 -1 0 0
448.4266951191665 93.45859130680289 -1 0 0
489.3802626371275 158.6346957103873 -1 0 0
489.629979512237 160.3827138361539 -1 0 0
574.7834339245829 68.23718692074148 -1 0 0
409.47086260208147 91.21113943081721 -1 0 0
698.6430039789042 138.03305351385197 -1 0 0
673.6713164679524 118.55513725530953 -1 0 0
679.1650877203617 118.55513725530953 -1 0 0
684.1594252225522 121.0523060064047 -1 0 0
749.5852465012459 118.55513725530953 -1 0 0
726.6112939911702 124.54834225793795 -1 0 0
792.5365490200833 115.05910100377625 -1 0 0
763.0699577571601 112.06249850246202 -1 0 0
844.9770927930822 204.4577422929839 -1 0 0
818.5071040314732 212.94811604670758 -1 0 0
820.0054052821303 199.46340479079356 -1 0 0
773.0586327615407 193.9696335383842 -1 0 0
786.0439102672358 190.47359728685086 -1 0 0
633.7166164504293 266.8869610703636 -1 0 0
567.2919276712975 183.48152478378438 -1 0 0
555.8049514162594 124.54834225793795 -1 0 0
541.8208064101265 99.5766547469861 -1 0 0
837.4855865397965 15.172350959968796 -1 0 0
836.4867190393586 88.58911224216726 -1 0 0
408.97142885186247 99.07722099676707 -1 0 0
335.05523381944494 76.10326848669133 -1 0 0
273.1254487922843 63.11799098099635 -1 0 0
278.1197862944747 63.11799098099635 -1 0 0
605.7483264381633 259.8948885672971 -1 0 0
495.373467639756 151.01833101954696 -1 0 0
540.3225051594694 108.06702850070972 -1 0 0
532.8309989061837 111.563064752243 -1 0 0
595.2602176835635 254.4011173148877 -1 0 0
314.0790163102453 122.05117350684277 -1 0 0
576.2817351752401 41.64233972157776 -1 0 0
784.0461752663596 51.631014725958494 -1 0 0
785.5444765170167 99.07722099676707 -1 0 0
769.5625965100074 136.53475226319486 -1 0 0
760.5727890060647 131.54041476100446 -1 0 0
630.7200139491151 130.5415472605664 -1 0 0
620.2319051945153 122.05117350684277 -1 0 0
427.94991136018587 156.51210227195637 -1 0 0
637.2126527019626 226.4328273026216 -1 0 0
632.2183151997722 190.47359728685086 -1 0 0
335.05523381944494 30.65479721675893 -1 0 0
343.5456075731685 23.66272471369239 -1 0 0
341.0484388220734 25.660459714568557 -1 0 0
313.5795825600263 73.60609973559616 -1 0 0
161.2522887432199 -26.280650308211317 -1 0 0
1008.2232736021366 109.80876490573527 -1 0 0
1017.2272704046945 18.950251716286793 -1 0 0
949.0833855126084 20.208665137229307 -1 0 0
954.8132016596907 23.073573210770494 -1 0 0
964.6357436261176 28.80338935785282 -1 0 0
965.8635613719209 26.34775386624609 -1 0 0
975.2768307564132 24.301390956573858 -1 0 0
986.3271904686435 15.70666673595031 -1 0 0
1013.953089749219 144.18766178822926 -1 0 0
1019.6829058963013 136.0022101495402 -1 0 0
1017.2272704046945 122.08694236376883 -1 0 0
