115.36935952935951 645.327152847153 -1 0 0
38.646082806082795 661.6947852147853 -1 0 0
94.90981906981911 495.9725074925076 -1 0 0
53.99073815073815 475.51296703296714 -1 0 0
158.33439449439453 505.17930069930077 -1 0 0
213.5751537351538 501.0873926073926 -1 0 0
213.5751537351538 458.1223576423576 -1 0 0
159.35737151737158 442.7777022977023 -1 0 0
119.46126762126765 352.7557242757243 -1 0 0
52.967761127761115 371.16931068931063 -1 0 0
5.910818070818076 395.7207592407593 -1 0 0
6.933795093795085 324.1123676323676 -1 0 0
26.37035853035855 324.1123676323676 -1 0 0
49.89883005883006 309.7906893106893 -1 0 0
29.439289599289612 308.7677122877123 -1 0 0
19.20951936951936 301.60687312687315 -1 0 0
15.117611277611289 281.14733266733265 -1 0 0
61.15157731157731 290.3541258741259 -1 0 0
72.40432456432458 307.74473526473525 -1 0 0
89.79493395493397 306.7217582417582 -1 0 0
92.86386502386503 276.03244755244754 -1 0 0
95.93279609279615 235.1133666333666 -1 0 0
121.50722166722167 305.6987812187812 -1 0 0
123.55317571317575 295.46901098901094 -1 0 0
132.75996891996894 299.56091908091906 -1 0 0
178.79393495393504 293.42305694305696 -1 0 0
183.90882006882012 284.2162637362638 -1 0 0
190.04668220668222 285.2392407592407 -1 0 0
200.2764524364525 277.05542457542464 -1 0 0
203.34538350538358 262.73374625374623 -1 0 0
209.48324564324568 245.34313686313683 -1 0 0
238.12660228660232 234.09038961038956 -1 0 0
246.31041847041854 241.2512287712287 -1 0 0
213.5751537351538 349.6867932067932 -1 0 0
205.39133755133759 334.34213786213786 -1 0 0
239.14957930957937 394.6977822177822 -1 0 0
313.8269019869021 514.386093906094 -1 0 0
308.71201687201693 465.28319680319686 -1 0 0
297.4592696192697 608.4999800199801 -1 0 0
189.02370518370526 579.8566233766234 -1 0 0
287.22949938949944 649.4190609390611 -1 0 0
328.14858030858045 669.8786013986015 -1 0 0
324.05667221667227 559.397082917083 -1 0 0
326.10262626262636 399.8126673326674 -1 0 0
305.6430858030859 395.7207592407593 -1 0 0
314.8498790098791 329.22725274725275 -1 0 0
227.89683205683218 323.08939060939053 -1 0 0
227.89683205683218 277.566913086913 -1 0 0
216.6440848040849 283.1932867132866 -1 0 0
243.75297591297604 288.30817182817174 -1 0 0
243.75297591297604 300.58389610389605 -1 0 0
255.00572316572328 320.02045954045946 -1 0 0
261.1435853035854 338.9455344655344 -1 0 0
254.4942346542348 282.17030969030964 -1 0 0
259.6091197691199 275.520959040959 -1 0 0
251.93679209679223 271.42905094905086 -1 0 0
255.00572316572328 260.68779220779214 -1 0 0
272.9078210678212 266.8256543456543 -1 0 0
280.0686602286604 234.60187812187803 -1 0 0
291.3214074814076 195.21726273726264 -1 0 0
298.9937351537353 195.72875124875117 -1 0 0
303.5971317571319 301.6068731268731 -1 0 0
315.36136752136764 307.7447352647352 -1 0 0
327.63709179709195 307.7447352647352 -1 0 0
327.63709179709195 293.93454545454534 -1 0 0
319.96476412476426 280.12435564435555 -1 0 0
304.1086202686205 278.0784015984015 -1 0 0
320.47625263625275 265.29118881118876 -1 0 0
317.40732156732173 258.64183816183805 -1 0 0
316.89583305583324 250.96951048951038 -1 0 0
305.13159729159736 255.57290709290703 -1 0 0
309.7349938949941 239.71676323676317 -1 0 0
325.0796492396493 245.34313686313678 -1 0 0
324.05667221667244 238.1822977022976 -1 0 0
319.4532756132757 234.09038961038954 -1 0 0
310.757970917971 225.90657342657335 -1 0 0
322.01071817071835 219.76871128871122 -1 0 0
318.94178710178727 212.09638361638355 -1 0 0
311.78094794094807 206.9814985014984 -1 0 0
314.84987900987915 199.30917082917074 -1 0 0
338.37835053835073 196.75172827172818 -1 0 0
334.7979309579311 207.49298701298696 -1 0 0
336.33239649239664 215.1653146853146 -1 0 0
336.33239649239664 221.30317682317676 -1 0 0
341.95877011877025 220.79168831168823 -1 0 0
347.0736552336554 241.76271728271718 -1 0 0
335.82090798090815 240.22825174825167 -1 0 0
354.23449439449456 268.3601198801198 -1 0 0
357.30342546342564 251.4809990009989 -1 0 0
356.79193695193715 238.1822977022976 -1 0 0
352.700028860029 216.18829170829164 -1 0 0
367.02170718170737 203.40107892107883 -1 0 0
354.23449439449456 176.29218781218773 -1 0 0
360.88384504384516 187.544935064935 -1 0 0
369.06766122766135 184.98749250749242 -1 0 0
377.76296592296603 170.15432567432558 -1 0 0
389.0157131757133 170.6658141858141 -1 0 0
396.1765523365525 162.4819980019979 -1 0 0
385.69103785103795 175.01346653346644 -1 0 0
391.5731557331559 177.05942057942048 -1 0 0
394.13059829059847 178.08239760239752 -1 0 0
397.1995293595295 176.54793206793198 -1 0 0
400.52420468420485 175.2692107892107 -1 0 0
398.73399489399503 171.1773026973026 -1 0 0
401.5471817071819 168.87560439560428 -1 0 0
405.6390897990899 167.59688311688305 -1 0 0
409.47525363525375 168.87560439560428 -1 0 0
414.3343944943946 172.71176823176813 -1 0 0
418.17055833055844 168.10837162837154 -1 0 0
423.5411877011878 166.0624175824175 -1 0 0
417.9148140748142 174.50197802197792 -1 0 0
421.2394893994895 177.31516483516475 -1 0 0
425.07565323565336 172.45602397602389 -1 0 0
427.3773515373517 174.50197802197792 -1 0 0
428.14458430458444 165.80667332667323 -1 0 0
432.4922366522368 164.2722077922077 -1 0 0
431.725003885004 168.61986013986007 -1 0 0
436.8398889998891 165.80667332667323 -1 0 0
438.6300987900989 169.8985814185813 -1 0 0
440.676052836053 167.8526273726273 -1 0 0
444.7679609279611 164.2722077922077 -1 0 0
445.7909379509381 170.15432567432558 -1 0 0
449.37135753135766 165.80667332667323 -1 0 0
456.0207081807083 167.0853946053945 -1 0 0
460.11261627261644 165.03944055944046 -1 0 0
467.52919968919986 164.01646353646342 -1 0 0
474.690038850039 163.2492307692307 -1 0 0
472.1325962925964 167.0853946053945 -1 0 0
469.06366522366534 167.59688311688305 -1 0 0
467.2734554334555 169.1313486513486 -1 0 0
459.8568720168721 172.20027972027964 -1 0 0
469.8308979908981 175.52495504495494 -1 0 0
475.96876012876027 169.8985814185813 -1 0 0
482.36236652236664 171.1773026973026 -1 0 0
481.33938949938965 167.0853946053945 -1 0 0
484.9198090798092 168.87560439560428 -1 0 0
479.5491797091799 189.590889110889 -1 0 0
486.1985303585305 160.94753246753237 -1 0 0
490.0346941946943 164.78369630369622 -1 0 0
496.684044844045 163.50497502497495 -1 0 0
497.96276612276625 168.10837162837154 -1 0 0
505.3793495393497 151.22925074925067 -1 0 0
505.89083805083817 155.83264735264729 -1 0 0
507.6810478410479 158.13434565434557 -1 0 0
513.8189099789101 155.57690309690304 -1 0 0
520.7240048840049 156.85562437562433 -1 0 0
523.2814474414475 153.78669330669322 -1 0 0
526.8618670218672 151.7407392607392 -1 0 0
522.2584704184706 140.7437362637362 -1 0 0
534.2784504384506 146.62585414585405 -1 0 0
536.0686602286604 147.6488311688311 -1 0 0
544.7639649239651 143.81266733266725 -1 0 0
551.1575713175714 141.2552247752247 -1 0 0
558.8298989898991 140.48799200799192 -1 0 0
561.8988300588302 136.14033966033958 -1 0 0
565.2235053835055 139.4650149850149 -1 0 0
570.0826462426463 138.18629370629364 -1 0 0
570.8498790098791 135.11736263736256 -1 0 0
574.1745543345545 134.60587412587407 -1 0 0
580.8239049839051 136.39608391608385 -1 0 0
581.3353934953936 130.00247752247745 -1 0 0
583.6370917970919 127.9565234765234 -1 0 0
585.4273015873018 124.12035964035957 -1 0 0
587.9847441447442 130.2582217782217 -1 0 0
593.6111177711178 120.02845154845147 -1 0 0
598.726002886003 116.44803196803191 -1 0 0
601.2834454434455 118.23824175824168 -1 0 0
605.1196092796094 115.93654345654338 -1 0 0
603.3293994893996 128.72375624375618 -1 0 0
610.745982905983 126.42205794205788 -1 0 0
612.791936951937 116.9595204795204 -1 0 0
622.5102186702188 114.65782217782211 -1 0 0
621.2314973914976 117.21526473526467 -1 0 0
625.0676612276613 117.21526473526467 -1 0 0
634.5301986901987 115.68079920079913 -1 0 0
637.5991297591299 115.16931068931062 -1 0 0
638.1106182706184 117.21526473526467 -1 0 0
641.691037851038 117.21526473526467 -1 0 0
645.2714574314575 114.14633366633359 -1 0 0
646.8059229659231 116.70377622377616 -1 0 0
652.6880408480409 115.42505494505487 -1 0 0
655.2454834054835 116.70377622377616 -1 0 0
659.0816472416474 113.89058941058934 -1 0 0
376.739988899989 319.7368675768676 -1 0 0
380.3204084804086 294.16244200244205 -1 0 0
363.44128760128774 292.116487956488 -1 0 0
374.694034854035 281.8867177267178 -1 0 0
369.57914973914984 262.9616428016428 -1 0 0
372.6480808080809 243.0135908535909 -1 0 0
385.9467821067823 240.96763680763684 -1 0 0
390.0386901986903 232.78382062382065 -1 0 0
388.50422466422475 260.9156887556888 -1 0 0
405.3833455433457 318.71389055389056 -1 0 0
418.17055833055844 302.34625818625824 -1 0 0
414.07865023865037 285.97862581862586 -1 0 0
408.96376512376526 274.72587856587865 -1 0 0
425.3313974913976 277.79480963480967 -1 0 0
423.2854434454436 267.5650394050395 -1 0 0
414.07865023865037 256.8237806637807 -1 0 0
427.3773515373516 253.75484959484962 -1 0 0
408.96376512376526 245.05954489954493 -1 0 0
412.03269619269633 236.87572871572874 -1 0 0
405.89483405483423 232.78382062382065 -1 0 0
421.750977910978 230.73786657786658 -1 0 0
430.4462826062827 235.34126318126323 -1 0 0
444.2564724164725 244.03656787656791 -1 0 0
438.1186102786104 230.22637806637812 -1 0 0
448.8598690198691 228.18042402042406 -1 0 0
453.9747541347542 234.8297746697747 -1 0 0
454.4862426462427 243.0135908535909 -1 0 0
456.5321966921968 260.40420024420024 -1 0 0
442.2105183705185 285.97862581862586 -1 0 0
445.7909379509381 306.4381662781663 -1 0 0
460.1126162726164 327.9206837606838 -1 0 0
466.76196692196703 306.9496547896548 -1 0 0
474.9457831057832 265.5190853590854 -1 0 0
494.3823465423466 280.35225219225225 -1 0 0
493.35936951936964 308.9956088356089 -1 0 0
514.3303984903986 335.081522921523 -1 0 0
527.6290997890999 322.8057986457987 -1 0 0
544.5082206682208 293.65095349095355 -1 0 0
517.9108180708182 294.6739305139306 -1 0 0
532.2324963924965 272.16843600843606 -1 0 0
519.4452836052837 266.0305738705739 -1 0 0
517.9108180708182 253.24336108336107 -1 0 0
505.6350937950939 256.3122921522922 -1 0 0
489.77894993895006 257.84675768675777 -1 0 0
479.03769119769134 251.70889554889555 -1 0 0
477.5032256632258 239.43317127317133 -1 0 0
490.8019269619271 242.50210234210238 -1 0 0
500.52020868020884 234.8297746697747 -1 0 0
510.74997890997906 239.43317127317133 -1 0 0
516.3763525363527 247.10549894549897 -1 0 0
517.9108180708182 232.78382062382065 -1 0 0
507.16955932955943 230.73786657786658 -1 0 0
503.58913974913986 216.9276767676768 -1 0 0
490.2904384504386 223.57702741702744 -1 0 0
479.03769119769134 224.60000444000448 -1 0 0
462.15857031857047 219.48511932511934 -1 0 0
469.8308979908981 212.32428016428017 -1 0 0
472.3883405483407 218.46214230214233 -1 0 0
438.1186102786104 217.9506537906538 -1 0 0
441.69902985902996 209.25534909534915 -1 0 0
435.0496792096793 209.25534909534915 -1 0 0
436.58414474414485 201.5830214230214 -1 0 0
427.8888400488401 198.00260184260185 -1 0 0
418.68204684204693 201.5830214230214 -1 0 0
409.47525363525375 195.44515928515932 -1 0 0
405.3833455433457 196.46813630813634 -1 0 0
405.3833455433457 201.07153291153296 -1 0 0
397.19952935952944 200.56004440004443 -1 0 0
397.19952935952944 192.88771672771674 -1 0 0
386.9697591297592 198.00260184260185 -1 0 0
379.2974314574315 209.76683760683764 -1 0 0
370.60212676212683 209.76683760683764 -1 0 0
514.3303984903986 221.0195848595849 -1 0 0
522.0027261627263 216.41618825618824 -1 0 0
527.6290997890999 215.39321123321128 -1 0 0
524.5601687201689 223.57702741702744 -1 0 0
530.1865423465425 230.73786657786658 -1 0 0
534.2784504384506 257.84675768675777 -1 0 0
562.9218070818073 286.4901143301144 -1 0 0
562.4103185703187 272.67992451992455 -1 0 0
579.8009279609281 302.34625818625824 -1 0 0
577.2434854034856 328.4321722721723 -1 0 0
587.4732556332557 316.66793650793653 -1 0 0
601.7949339549342 306.4381662781663 -1 0 0
616.1166122766124 303.3692352092353 -1 0 0
632.4842446442448 295.6969075369076 -1 0 0
624.3004284604287 268.58801642801643 -1 0 0
612.5361926961929 277.79480963480967 -1 0 0
601.2834454434455 260.9156887556888 -1 0 0
592.5881407481409 260.9156887556888 -1 0 0
582.8698590298592 267.5650394050395 -1 0 0
567.5252036852038 256.8237806637807 -1 0 0
576.2205083805085 238.92168276168277 -1 0 0
583.3813475413477 245.05954489954493 -1 0 0
586.4502786102787 234.31828615828618 -1 0 0
553.2035253635256 230.73786657786658 -1 0 0
552.692036852037 218.97363081363085 -1 0 0
509.2155133755135 201.07153291153296 -1 0 0
519.9567721167722 198.51409035409037 -1 0 0
512.795932955933 188.79580863580864 -1 0 0
503.07765123765137 189.81878565878569 -1 0 0
494.3823465423466 194.9336707736708 -1 0 0
498.47425463425475 180.10050394050396 -1 0 0
509.727001887002 180.61199245199248 -1 0 0
521.4912376512377 184.7039005439006 -1 0 0
516.8878410478411 183.68092352092353 -1 0 0
535.8129159729161 187.77283161283162 -1 0 0
527.1176112776113 181.6349694749695 -1 0 0
544.5082206682208 190.8417626817627 -1 0 0
551.1575713175715 191.35325119325123 -1 0 0
548.6001287601289 188.79580863580864 -1 0 0
556.783944943945 188.28432012432015 -1 0 0
565.4792496392497 190.8417626817627 -1 0 0
554.737990897991 203.62897546897548 -1 0 0
554.737990897991 198.51409035409037 -1 0 0
573.663065823066 191.8647397047397 -1 0 0
579.2894394494396 201.5830214230214 -1 0 0
583.3813475413477 199.5370673770674 -1 0 0
577.2434854034856 183.68092352092353 -1 0 0
583.8928360528362 185.21538905538907 -1 0 0
585.4273015873018 190.3302741702742 -1 0 0
596.680048840049 203.62897546897548 -1 0 0
589.5192096792098 208.7438605838606 -1 0 0
589.0077211677213 221.0195848595849 -1 0 0
576.2205083805085 220.5080963480964 -1 0 0
566.5022266622268 222.55405039405042 -1 0 0
598.2145143745145 211.30130314130318 -1 0 0
607.9327960927963 211.81279165279173 -1 0 0
604.3523765123767 223.57702741702744 -1 0 0
598.726002886003 232.27233211233212 -1 0 0
616.1166122766124 228.69191253191252 -1 0 0
613.5591697191697 245.05954489954493 -1 0 0
648.3403885003887 262.45015429015433 -1 0 0
652.9437851037853 249.15145299145303 -1 0 0
640.668060828061 239.43317127317133 -1 0 0
629.9268020868022 220.5080963480964 -1 0 0
623.2774514374516 210.27832611832616 -1 0 0
618.1625663225665 200.0485558885559 -1 0 0
625.3234054834056 196.9796248196249 -1 0 0
612.0247041847043 194.9336707736708 -1 0 0
622.2544744144744 191.35325119325123 -1 0 0
637.5991297591299 184.19241203241205 -1 0 0
640.1565723165725 195.95664779664781 -1 0 0
650.8978310578311 204.65195249195253 -1 0 0
658.0586702186704 184.7039005439006 -1 0 0
678.0067221667223 200.56004440004443 -1 0 0
687.7250038850041 206.6979065379066 -1 0 0
669.3114174714176 253.75484959484962 -1 0 0
671.3573715173717 271.6569474969475 -1 0 0
679.0296991896994 323.31728715728724 -1 0 0
662.662066822067 320.75984459984466 -1 0 0
679.5411877011879 304.3922122322123 -1 0 0
712.2764524364526 318.71389055389056 -1 0 0
719.4372915972918 292.6279764679765 -1 0 0
714.8338949938951 261.93866577866584 -1 0 0
693.3513775113776 247.10549894549897 -1 0 0
708.1845443445445 237.89870573870576 -1 0 0
697.9547741147743 215.39321123321128 -1 0 0
715.8568720168721 218.97363081363085 -1 0 0
725.5751537351539 221.0195848595849 -1 0 0
733.2474814074815 232.27233211233212 -1 0 0
736.8279009879012 253.75484959484962 -1 0 0
745.5232056832059 239.43317127317133 -1 0 0
759.3333954933958 306.4381662781663 -1 0 0
771.60911976912 232.78382062382065 -1 0 0
790.0227061827064 234.31828615828618 -1 0 0
768.0287001887004 215.39321123321128 -1 0 0
731.713015873016 212.32428016428017 -1 0 0
726.598130758131 208.2323720723721 -1 0 0
738.3623665223666 202.09450993450994 -1 0 0
719.9487801087803 192.3762282162282 -1 0 0
736.3164124764127 190.3302741702742 -1 0 0
732.2245043845045 167.31329115329117 -1 0 0
723.5291996891998 162.19840603840606 -1 0 0
682.0986302586304 50.182422022422024 -1 0 0
682.6101187701189 60.41219225219225 -1 0 0
689.770957930958 55.808795648795645 -1 0 0
707.1615673215674 60.923680763680736 -1 0 0
698.4662626262627 46.602002442002416 -1 0 0
697.9547741147743 30.745858585858564 -1 0 0
720.4602686202687 36.37223221223219 -1 0 0
729.667061827062 38.92967476967476 -1 0 0
735.8049239649241 20.516088356088343 -1 0 0
740.4083205683207 16.42418026418024 -1 0 0
758.8219069819072 34.32627816627817 -1 0 0
773.655073815074 22.562042402042362 -1 0 0
775.7010278610281 7.7288755688755515 -1 0 0
763.4253035853037 11.820783660783652 -1 0 0
787.9767521367523 10.79780663780661 -1 0 0
781.8388899988902 165.2673371073371 -1 0 0
788.4882406482409 176.52008436008438 -1 0 0
772.632096792097 195.44515928515932 -1 0 0
769.5631657231659 202.60599844599847 -1 0 0
759.3333954933958 199.5370673770674 -1 0 0
785.4193095793098 206.18641802641807 -1 0 0
784.9078210678213 229.20340104340107 -1 0 0
740.9198090798092 298.2543500943501 -1 0 0
695.9088200688202 195.44515928515932 -1 0 0
639.645083805084 179.58901542901546 -1 0 0
634.5301986901989 179.58901542901546 -1 0 0
645.2714574314576 173.4511532911533 -1 0 0
650.8978310578311 170.38222222222223 -1 0 0
655.5012276612279 170.38222222222223 -1 0 0
686.1905383505385 181.123480963481 -1 0 0
696.4203085803088 181.123480963481 -1 0 0
420.85317820438235 436.66094240837697 -1 0 0
414.9160829939887 390.3515997673066 -1 0 0
381.66834981578444 363.04096179949585 -1 0 0
413.72866395191005 357.10386658910215 -1 0 0
470.72477797168887 374.91515222028306 -1 0 0
500.41025402365716 364.2283808415745 -1 0 0
537.2202443280978 364.2283808415745 -1 0 0
551.4692728330423 504.34382780686445 -1 0 0
556.2189490013574 468.72125654450264 -1 0 0
499.2228349815784 550.6531704479348 -1 0 0
585.9044250533256 644.4592747721543 -1 0 0
650.0250533255769 606.461865425635 -1 0 0
640.525700988947 529.2796276905177 -1 0 0
615.5899011052938 416.4748186930386 -1 0 0
663.0866627884428 429.53642815590456 -1 0 0
686.8350436300174 389.1641807252279 -1 0 0
653.5873104518131 372.54031413612563 -1 0 0
631.0263486523172 365.4157998836533 -1 0 0
604.9031297265852 383.22708551483424 -1 0 0
591.8415202637192 353.541609462866 -1 0 0
625.0892534419236 332.1680667054489 -1 0 0
733.1443862710879 389.1641807252279 -1 0 0
759.2676051968199 368.9780570098895 -1 0 0
806.7643668799691 510.2809230172581 -1 0 0
739.0814814814815 648.0215318983905 -1 0 0
843.5743571844096 621.8983129726586 -1 0 0
804.3895287958114 570.8392941632733 -1 0 0
938.5678805507076 588.6505797944541 -1 0 0
867.3227380259841 435.47352336629825 -1 0 0
813.8888811324414 389.1641807252279 -1 0 0
798.4524335854178 371.35289509404697 -1 0 0
840.0121000581732 354.7290285049447 -1 0 0
1007.4381849912739 642.0844366879969 -1 0 0
1013.3752802016676 504.34382780686445 -1 0 0
978.9401279813844 393.91385689354274 -1 0 0
1014.5626992437465 418.849656777196 -1 0 0
932.630785340314 346.41709521039365 -1 0 0
970.6281946868335 336.91774287376376 -1 0 0
887.5088617413226 342.8548380841575 -1 0 0
838.3421679270893 328.6058095792128 -1 0 0
842.4981345743649 281.7027574171031 -1 0 0
877.5269963156875 272.2034050804732 -1 0 0
867.4339344580181 252.01728136513486 -1 0 0
856.1534535582703 240.14309094434756 -1 0 0
849.6226488268372 230.64373860771775 -1 0 0
831.8113631956564 206.30164824510382 -1 0 0
855.5597440372309 202.73939111886762 -1 0 0
846.6541012216404 199.17713399263144 -1 0 0
855.5597440372309 190.27149117704099 -1 0 0
844.279263137483 184.33439596664735 -1 0 0
834.7799108008531 184.9281054876867 -1 0 0
830.0302346325384 184.33439596664735 -1 0 0
814.5937870855148 182.55326740352925 -1 0 0
835.967329842932 164.14827225130898 -1 0 0
855.5597440372309 158.8048865619547 -1 0 0
865.0590963738608 178.99101027729307 -1 0 0
870.4024820632151 170.08536746170262 -1 0 0
897.7131200310258 172.46020554586008 -1 0 0
907.8061818886949 173.6476245879388 -1 0 0
916.7118247042855 174.24133410897818 -1 0 0
907.2124723676556 189.67778165600163 -1 0 0
897.7131200310258 200.36455303471018 -1 0 0
897.1194105099863 218.76954818693045 -1 0 0
908.9936009307736 221.14438627108794 -1 0 0
931.5545627302695 237.7682528601901 -1 0 0
908.3998914097342 262.70405274384336 -1 0 0
951.7406864456079 259.7355051386466 -1 0 0
954.7092340508046 230.05002908667836 -1 0 0
945.209881714175 233.01857669187518 -1 0 0
975.4890672871825 234.20599573395393 -1 0 0
956.4903626139229 197.39600542951337 -1 0 0
965.3960054295133 197.9897149505527 -1 0 0
983.8010005817334 177.80359123521433 -1 0 0
977.2701958503005 153.4615008726004 -1 0 0
984.9884196238124 160.58601512507278 -1 0 0
961.8337483032772 151.086662788443 -1 0 0
954.7092340508046 155.2426294357185 -1 0 0
944.022462672096 171.8664960248207 -1 0 0
981.4261624975761 276.9530812487881 -1 0 0
869.2150630211363 8.893232499515223 -1 0 0
827.0616870273415 21.36113244134189 -1 0 0
819.9371727748692 8.299522978475887 -1 0 0
830.6239441535777 5.924684894318408 -1 0 0
777.2354933954933 308.1283516483516 -1 0 0
