12.6111111111111 238.32777777777775 -1 0 0
36.34444444444438 242.61296296296297 -1 0 0
99.63333333333328 247.88703703703703 -1 0 0
120.39999999999993 252.17222222222222 -1 0 0
130.61851851851844 245.25 -1 0 0
144.46296296296293 240.96481481481482 -1 0 0
168.19629629629623 241.6240740740741 -1 0 0
196.54444444444437 242.94259259259258 -1 0 0
224.8925925925925 243.93148148148146 -1 0 0
239.72592592592588 240.63518518518518 -1 0 0
268.074074074074 241.6240740740741 -1 0 0
284.88518518518515 241.9537037037037 -1 0 0
304.00370370370365 242.61296296296297 -1 0 0
333.34074074074067 237.99814814814815 -1 0 0
376.5222222222222 244.26111111111112 -1 0 0
358.7222222222222 247.88703703703703 -1 0 0
398.937037037037 221.51666666666665 -1 0 0
341.91111111111104 216.57222222222222 -1 0 0
317.5185185185185 211.29814814814813 -1 0 0
288.84074074074067 213.93518518518516 -1 0 0
273.3481481481481 210.96851851851852 -1 0 0
248.29629629629625 212.28703703703704 -1 0 0
208.74074074074073 215.58333333333331 -1 0 0
187.6444444444444 213.93518518518516 -1 0 0
160.28518518518513 210.63888888888889 -1 0 0
116.77407407407402 210.30925925925925 -1 0 0
80.84444444444439 216.57222222222222 -1 0 0
57.11111111111104 217.23148148148147 -1 0 0
17.885185185185122 222.17592592592592 -1 0 0
4.37037037037031 187.5648148148148 -1 0 0
40.959259259259184 186.2462962962963 -1 0 0
68.97777777777772 191.19074074074072 -1 0 0
82.82222222222215 192.50925925925924 -1 0 0
105.23703703703698 181.63148148148147 -1 0 0
130.61851851851844 184.92777777777778 -1 0 0
151.38518518518515 182.62037037037035 -1 0 0
180.72222222222217 185.25740740740738 -1 0 0
203.46666666666655 193.1685185185185 -1 0 0
223.90370370370363 183.27962962962962 -1 0 0
252.25185185185182 186.2462962962963 -1 0 0
333.34074074074067 183.93888888888887 -1 0 0
365.97407407407405 188.22407407407405 -1 0 0
383.4444444444444 186.57592592592593 -1 0 0
380.47777777777776 165.80925925925925 -1 0 0
357.074074074074 166.79814814814813 -1 0 0
326.41851851851845 160.20555555555555 -1 0 0
303.3444444444444 161.19444444444443 -1 0 0
278.62222222222215 163.50185185185185 -1 0 0
253.89999999999995 158.5574074074074 -1 0 0
229.837037037037 162.84259259259258 -1 0 0
194.8962962962962 160.86481481481482 -1 0 0
174.45925925925917 164.49074074074073 -1 0 0
162.2629629629629 164.82037037037037 -1 0 0
138.5296296296296 160.53518518518518 -1 0 0
112.81851851851849 161.52407407407406 -1 0 0
86.77777777777773 153.61296296296297 -1 0 0
72.93333333333327 158.88703703703703 -1 0 0
50.188888888888826 153.61296296296297 -1 0 0
25.796296296296234 155.92037037037036 -1 0 0
25.137037037036976 134.1648148148148 -1 0 0
48.87037037037031 132.18703703703704 -1 0 0
69.63703703703699 133.17592592592592 -1 0 0
91.39259259259255 136.80185185185184 -1 0 0
115.78518518518513 137.13148148148147 -1 0 0
134.90370370370363 138.45 -1 0 0
148.08888888888885 139.10925925925926 -1 0 0
183.6888888888888 150.6462962962963 -1 0 0
166.87777777777774 149.98703703703703 -1 0 0
213.3555555555555 136.80185185185184 -1 0 0
221.59629629629626 139.10925925925926 -1 0 0
244.34074074074067 113.39814814814815 -1 0 0
224.5629629629629 118.01296296296297 -1 0 0
303.01481481481477 114.71666666666668 -1 0 0
323.12222222222215 113.39814814814815 -1 0 0
339.6037037037037 114.71666666666668 -1 0 0
361.0296296296296 119.6611111111111 -1 0 0
363.337037037037 138.45 -1 0 0
379.8185185185185 138.45 -1 0 0
397.28888888888883 121.96851851851852 -1 0 0
373.5555555555555 102.19074074074075 -1 0 0
385.42222222222216 103.50925925925924 -1 0 0
346.5259259259259 99.88333333333333 -1 0 0
328.39629629629627 97.57592592592593 -1 0 0
317.1888888888888 97.2462962962963 -1 0 0
300.0481481481481 82.41296296296298 -1 0 0
275.9851851851851 105.48703703703706 -1 0 0
257.8555555555555 96.91666666666669 -1 0 0
200.82962962962958 112.73888888888888 -1 0 0
174.12962962962956 112.73888888888888 -1 0 0
148.41851851851845 109.11296296296297 -1 0 0
125.67407407407404 108.78333333333333 -1 0 0
115.78518518518513 110.76111111111112 -1 0 0
95.3481481481481 117.3537037037037 -1 0 0
74.25185185185178 90.32407407407408 -1 0 0
38.65185185185179 114.38703703703703 -1 0 0
21.51111111111105 106.1462962962963 -1 0 0
7.996296296296237 67.25 -1 0 0
25.466666666666598 77.46851851851852 -1 0 0
37.003703703703636 77.79814814814813 -1 0 0
55.79259259259253 75.49074074074073 -1 0 0
75.24074074074069 72.19444444444446 -1 0 0
92.71111111111107 82.41296296296298 -1 0 0
100.62222222222216 91.31296296296296 -1 0 0
119.74074074074069 74.17222222222222 -1 0 0
124.02592592592589 95.26851851851853 -1 0 0
138.5296296296296 93.62037037037038 -1 0 0
156.3296296296296 96.25740740740741 -1 0 0
170.50370370370365 84.0611111111111 -1 0 0
184.34814814814808 92.63148148148152 -1 0 0
187.31481481481478 79.11666666666667 -1 0 0
202.80740740740737 85.05000000000001 -1 0 0
204.12592592592588 100.5425925925926 -1 0 0
214.67407407407404 99.22407407407405 -1 0 0
240.38518518518512 101.20185185185187 -1 0 0
235.11111111111103 84.39074074074074 -1 0 0
246.3185185185185 83.07222222222224 -1 0 0
259.83333333333326 84.0611111111111 -1 0 0
274.99629629629624 79.44629629629628 -1 0 0
320.8148148148148 63.953703703703695 -1 0 0
298.4 50.4388888888889 -1 0 0
143.80370370370366 81.09444444444443 -1 0 0
132.59629629629626 74.17222222222222 -1 0 0
14.918518518518454 59.66851851851851 -1 0 0
33.37777777777771 59.3388888888889 -1 0 0
54.47407407407401 52.74629629629629 -1 0 0
31.729629629629567 47.14259259259259 -1 0 0
40.959259259259184 37.91296296296298 -1 0 0
34.69629629629624 8.246296296296293 -1 0 0
14.918518518518454 6.927777777777806 -1 0 0
16.566666666666606 34.616666666666674 -1 0 0
69.63703703703699 4.949999999999989 -1 0 0
85.45925925925921 26.046296296296305 -1 0 0
79.19629629629624 38.57222222222222 -1 0 0
87.10740740740736 53.405555555555566 -1 0 0
91.72222222222216 66.26111111111112 -1 0 0
89.41481481481476 4.949999999999989 -1 0 0
110.51111111111106 19.124074074074088 -1 0 0
107.54444444444438 28.024074074074065 -1 0 0
114.13703703703698 40.220370370370375 -1 0 0
131.60740740740738 28.683333333333337 -1 0 0
131.27777777777771 56.0425925925926 -1 0 0
112.81851851851849 56.70185185185187 -1 0 0
103.91851851851847 62.964814814814815 -1 0 0
164.5703703703703 64.94259259259258 -1 0 0
142.1555555555555 12.861111111111114 -1 0 0
143.80370370370366 2.3129629629629562 -1 0 0
155.01111111111106 7.257407407407413 -1 0 0
159.95555555555552 17.475925925925935 -1 0 0
155.99999999999994 32.96851851851852 -1 0 0
154.68148148148146 44.50555555555556 -1 0 0
137.54074074074072 43.187037037037044 -1 0 0
154.3518518518518 62.964814814814815 -1 0 0
185.33703703703696 137.13148148148147 -1 0 0
172.81111111111107 16.487037037037055 -1 0 0
172.4814814814814 3.9611111111111086 -1 0 0
173.4703703703703 31.979629629629642 -1 0 0
183.0296296296296 55.383333333333326 -1 0 0
174.45925925925917 62.30555555555554 -1 0 0
195.88518518518515 60.32777777777778 -1 0 0
196.21481481481476 45.49444444444444 -1 0 0
186.98518518518512 32.96851851851852 -1 0 0
188.96296296296288 2.9722222222222285 -1 0 0
195.88518518518515 16.816666666666663 -1 0 0
210.0592592592592 18.79444444444445 -1 0 0
202.47777777777773 27.694444444444457 -1 0 0
212.36666666666662 45.824074074074076 -1 0 0
228.18888888888884 44.8351851851852 -1 0 0
233.79259259259257 33.29814814814816 -1 0 0
304.99259259259253 178.6648148148148 -1 0 0
374.87407407407403 67.25 -1 0 0
365.97407407407405 70.5462962962963 -1 0 0
380.1481481481481 88.67592592592592 -1 0 0
396.9592592592592 87.68703703703704 -1 0 0
388.0592592592592 64.28333333333333 -1 0 0
346.1962962962962 80.10555555555555 -1 0 0
335.3185185185185 59.3388888888889 -1 0 0
345.537037037037 33.9574074074074 -1 0 0
358.7222222222222 18.79444444444445 -1 0 0
366.96296296296293 16.15740740740742 -1 0 0
377.84074074074067 7.916666666666686 -1 0 0
376.5222222222222 18.13518518518518 -1 0 0
388.71851851851847 35.275925925925925 -1 0 0
398.2777777777777 29.34259259259261 -1 0 0
396.9592592592592 21.431481481481484 -1 0 0
337.62592592592586 22.75 -1 0 0
317.1888888888888 8.575925925925958 -1 0 0
306.97037037037035 9.894444444444446 -1 0 0
293.7851851851851 21.76111111111112 -1 0 0
281.58888888888885 21.431481481481484 -1 0 0
294.11481481481474 34.94629629629628 -1 0 0
272.3592592592592 45.49444444444444 -1 0 0
259.83333333333326 59.00925925925927 -1 0 0
229.50740740740736 18.79444444444445 -1 0 0
258.1851851851851 31.650000000000006 -1 0 0
259.50370370370365 49.44999999999999 -1 0 0
242.0333333333333 47.801851851851836 -1 0 0
228.51851851851848 64.94259259259258 -1 0 0
214.67407407407404 68.23888888888888 -1 0 0
207.42222222222213 60.32777777777778 -1 0 0
264.4481481481481 21.76111111111112 -1 0 0
249.28518518518513 7.587037037037021 -1 0 0
260.8222222222222 10.224074074074053 -1 0 0
277.63333333333327 7.916666666666686 -1 0 0
289.82962962962955 9.564814814814838 -1 0 0
242.0333333333333 22.420370370370364 -1 0 0
323.4518518518518 36.92407407407407 -1 0 0
323.4518518518518 20.77222222222224 -1 0 0
180.0629629629629 43.84629629629629 -1 0 0
215.66296296296292 81.42407407407407 -1 0 0
247.30740740740737 69.22777777777776 -1 0 0
282.2481481481481 63.29444444444445 -1 0 0
371.5777777777777 54.72407407407408 -1 0 0
384.76296296296294 53.73518518518517 -1 0 0
398.2777777777777 62.63518518518518 -1 0 0
368.6111111111111 34.94629629629628 -1 0 0
331.6925925925925 40.87962962962962 -1 0 0
307.9592592592592 39.89074074074074 -1 0 0
57.44074074074068 39.89074074074074 -1 0 0
128.9703703703703 13.19074074074075 -1 0 0
251.92222222222216 22.75 -1 0 0
349.8222222222222 2.3129629629629562 -1 0 0
333.34074074074067 10.224074074074053 -1 0 0
237.41851851851845 5.609259259259261 -1 0 0
219.61851851851844 4.949999999999989 -1 0 0
353.1185185185185 51.75740740740741 -1 0 0
356.7444444444444 84.39074074074074 -1 0 0
7.337037037036979 160.86481481481482 -1 0 0
83.48148148148142 244.59074074074073 -1 0 0
140.95954045954045 195.5384615384615 -1 0 0
116.18431568431569 52.88111888111888 -1 0 0
95.80469530469531 50.883116883116884 -1 0 0
398.7017982017981 51.68231768231769 -1 0 0
270.43006993006986 66.46753246753246 -1 0 0
224.47602397602395 55.67832167832168 -1 0 0
217.28321678321674 56.87712287712287 -1 0 0
204.89560439560438 1.7322677322677578 -1 0 0
143.75674325674325 119.61438561438558 -1 0 0
331.9685314685314 47.686313686313696 -1 0 0
