8.689560439560438 510.076173826174 -1 0 0
13.80444555444555 565.8284215784217 -1 0 0
6.643606393606376 550.9952547452549 -1 0 0
32.218031968031966 544.8573926073927 -1 0 0
54.723526473526476 518.2599900099901 -1 0 0
23.522727272727252 487.57067932067946 -1 0 0
35.79845154845154 487.0591908091909 -1 0 0
55.74650349650349 475.8064435564437 -1 0 0
35.79845154845154 461.99625374625384 -1 0 0
23.522727272727252 465.0651848151849 -1 0 0
6.643606393606376 455.34690309690325 -1 0 0
8.689560439560438 450.2320179820181 -1 0 0
12.26998001998001 441.02522477522484 -1 0 0
35.79845154845154 444.0941558441559 -1 0 0
8.689560439560438 425.68056943056956 -1 0 0
14.315934065934044 418.5197302697304 -1 0 0
4.08616383616382 436.4218281718283 -1 0 0
37.8444055944056 422.10014985014993 -1 0 0
27.614635364635348 426.70354645354655 -1 0 0
78.7634865134865 503.4268231768233 -1 0 0
77.74050949050948 540.2539960039961 -1 0 0
109.9642857142857 602.6555944055945 -1 0 0
110.98726273726274 580.1500999001 -1 0 0
112.52172827172825 556.11013986014 -1 0 0
123.77447552447552 536.6735764235766 -1 0 0
78.7634865134865 467.62262737262745 -1 0 0
94.10814185814186 464.04220779220793 -1 0 0
69.55669330669329 436.4218281718283 -1 0 0
54.723526473526476 422.10014985014993 -1 0 0
69.42882117882115 421.07717282717294 -1 0 0
59.71053946053943 408.28996003996014 -1 0 0
63.546703296703264 399.3389110889112 -1 0 0
43.0871628371628 410.59165834165844 -1 0 0
88.99325674325672 439.49075924075936 -1 0 0
82.8553946053946 432.8414085914087 -1 0 0
98.71153846153845 444.6056443556445 -1 0 0
99.22302697302698 435.39885114885124 -1 0 0
90.01623376623377 425.169080919081 -1 0 0
102.29195804195803 422.6116383616385 -1 0 0
91.5506993006993 412.38186813186826 -1 0 0
109.9642857142857 427.7265234765236 -1 0 0
122.24000999000998 444.6056443556445 -1 0 0
118.14810189810188 460.4617882117883 -1 0 0
123.262987012987 470.18006993007003 -1 0 0
137.07317682317682 460.4617882117883 -1 0 0
98.20004995004993 481.4328171828173 -1 0 0
107.40684315684314 532.5816683316684 -1 0 0
139.63061938061935 511.6106393606395 -1 0 0
154.97527472527474 554.064185814186 -1 0 0
187.71053946053945 519.2829670329672 -1 0 0
188.7335164835165 478.8753746253747 -1 0 0
184.13011988011988 468.6456043956045 -1 0 0
196.40584415584414 465.0651848151849 -1 0 0
145.256993006993 472.7375124875126 -1 0 0
149.34890109890108 452.27797202797217 -1 0 0
122.7514985014985 431.30694305694317 -1 0 0
123.77447552447552 420.5656843156844 -1 0 0
130.93531468531467 423.123126873127 -1 0 0
115.07917082917083 415.96228771228783 -1 0 0
142.69955044955043 419.5427072927074 -1 0 0
136.56168831168833 430.2839660339662 -1 0 0
158.55569430569432 453.30094905094916 -1 0 0
174.41183816183815 443.5826673326675 -1 0 0
152.41783216783216 444.0941558441559 -1 0 0
172.3658841158841 424.146103896104 -1 0 0
167.7624875124875 411.3588911088912 -1 0 0
154.97527472527474 422.6116383616385 -1 0 0
150.88336663336662 416.4737762237763 -1 0 0
157.53271728271727 408.80144855144863 -1 0 0
131.44680319680322 412.89335664335675 -1 0 0
138.60764235764236 409.82442557442573 -1 0 0
135.0272227772228 407.77847152847164 -1 0 0
127.86638361638362 405.2210289710291 -1 0 0
102.80344655344655 408.80144855144863 -1 0 0
208.1700799200799 529.5127372627373 -1 0 0
213.284965034965 556.6216283716285 -1 0 0
191.29095904095902 589.3568931068933 -1 0 0
276.70954045954045 579.6386113886115 -1 0 0
266.9912587412587 547.9263236763238 -1 0 0
235.278971028971 556.6216283716285 -1 0 0
314.0482017982018 551.5067432567434 -1 0 0
297.1690809190809 537.185064935065 -1 0 0
308.93331668331666 515.191058941059 -1 0 0
294.1001498501498 500.3578921078922 -1 0 0
253.18106893106892 484.5017482517484 -1 0 0
237.83641358641358 473.2490009990011 -1 0 0
216.3538961038961 478.8753746253747 -1 0 0
220.9572927072927 472.22602397602407 -1 0 0
236.81343656343654 464.5536963036964 -1 0 0
219.93431568431566 448.18606393606404 -1 0 0
192.31393606393604 444.86138861138875 -1 0 0
214.30794205794203 425.93631368631384 -1 0 0
206.37987012987008 423.12312687312703 -1 0 0
180.54970029970025 411.35889110889127 -1 0 0
207.91433566433562 441.02522477522496 -1 0 0
201.26498501498497 416.7295204795206 -1 0 0
226.58366633366632 438.2120379620381 -1 0 0
232.9772727272727 446.14010989011007 -1 0 0
251.3908591408591 467.62262737262756 -1 0 0
259.0631868131868 470.94730269730286 -1 0 0
258.55169830169825 447.16308691308706 -1 0 0
250.3678821178821 444.09415584415603 -1 0 0
243.71853146853144 441.53671328671345 -1 0 0
234.76748251748248 424.146103896104 -1 0 0
225.30494505494502 409.05719280719296 -1 0 0
226.0721778221778 422.10014985015 -1 0 0
232.21003996003992 407.77847152847164 -1 0 0
250.62362637362634 422.6116383616385 -1 0 0
259.3189310689311 431.05119880119895 -1 0 0
269.03721278721275 424.9133366633368 -1 0 0
275.1750749250749 449.46478521478537 -1 0 0
283.3588911088911 439.74650349650364 -1 0 0
283.1031468531468 447.67457542457555 -1 0 0
297.1690809190809 487.31493506493524 -1 0 0
296.65759240759235 469.4128371628373 -1 0 0
289.7524975024975 468.13411588411606 -1 0 0
298.1920579420579 457.13711288711306 -1 0 0
289.4967532467532 452.53371628371644 -1 0 0
291.286963036963 432.84140859140877 -1 0 0
281.0571928071928 428.49375624375637 -1 0 0
286.4278221778221 424.6575924075926 -1 0 0
248.5776723276723 408.8014485514487 -1 0 0
287.4507992007992 415.45079920079934 -1 0 0
305.35289710289715 422.10014985015 -1 0 0
309.7005494505495 476.062187812188 -1 0 0
318.1401098901099 462.2519980019982 -1 0 0
304.5856643356643 447.67457542457555 -1 0 0
317.1171328671329 449.9762737262739 -1 0 0
339.1111388611389 447.67457542457555 -1 0 0
313.280969030969 495.7544955044957 -1 0 0
344.22602397602395 528.4897602397605 -1 0 0
209.70454545454544 616.4657842157844 -1 0 0
288.9852647352647 615.9542957042959 -1 0 0
348.3179320679321 606.2360139860141 -1 0 0
382.5876623376623 554.064185814186 -1 0 0
398.95529470529465 533.6046453546455 -1 0 0
376.44980019980017 519.7944555444558 -1 0 0
379.51873126873124 503.93831168831184 -1 0 0
348.82942057942057 515.7025474525476 -1 0 0
351.89835164835165 502.4038461538463 -1 0 0
387.70254745254744 497.80044955044974 -1 0 0
405.0931568431568 517.2370129870131 -1 0 0
415.32292707292703 524.9093406593408 -1 0 0
438.85139860139856 559.179070929071 -1 0 0
399.4667832167832 596.006243756244 -1 0 0
469.54070929070923 599.5866633366635 -1 0 0
411.23101898101896 621.0691808191809 -1 0 0
488.9772727272727 568.8973526473528 -1 0 0
466.47177822177827 546.9033466533468 -1 0 0
443.4547952047952 539.2310189810191 -1 0 0
484.8853646353646 520.8174325674327 -1 0 0
417.3688811188811 496.7774725274727 -1 0 0
429.64460539460543 482.9672827172829 -1 0 0
270.315934065934 405.73251748251755 -1 0 0
364.4298201798201 447.67457542457555 -1 0 0
390.0042457542457 475.29495504495515 -1 0 0
457.0092407592407 501.89235764235775 -1 0 0
447.29095904095897 505.4727772227773 -1 0 0
458.03221778221774 482.96728271728284 -1 0 0
453.4288211788211 457.3928571428572 -1 0 0
438.0841658341658 454.32392607392615 -1 0 0
415.06718281718275 411.8703796203797 -1 0 0
441.15309690309687 429.77247752247763 -1 0 0
433.99225774225766 427.21503496503504 -1 0 0
432.4577922077922 422.10014985014993 -1 0 0
472.8653846153846 440.51373626373635 -1 0 0
458.54370629370624 445.62862137862146 -1 0 0
461.1011488511488 428.7495004995006 -1 0 0
473.3768731268731 427.72652347652354 -1 0 0
475.9343156843156 479.89835164835176 -1 0 0
474.9113386613386 469.66858141858154 -1 0 0
478.4917582417582 457.9043456543458 -1 0 0
484.1181318681318 457.9043456543458 -1 0 0
490.25599400599395 449.2090409590411 -1 0 0
487.1870629370629 431.30694305694317 -1 0 0
502.0202297702297 431.81843156843166 -1 0 0
501.5087412587412 471.7145354645355 -1 0 0
504.06618381618375 458.92732267732276 -1 0 0
489.74450549450546 457.3928571428572 -1 0 0
512.25 461.99625374625384 -1 0 0
498.43981018981015 501.3808691308692 -1 0 0
488.2100399600399 498.8234265734267 -1 0 0
524.5257242757242 498.3119380619381 -1 0 0
511.73851148851145 545.8803696303697 -1 0 0
512.7614885114884 528.4897602397604 -1 0 0
525.5487012987012 538.7195304695306 -1 0 0
539.3588911088912 533.6046453546455 -1 0 0
549.0771728271727 527.9782717282718 -1 0 0
523.5027472527472 566.3399100899102 -1 0 0
539.3588911088912 582.7075424575426 -1 0 0
542.4278221778222 559.179070929071 -1 0 0
591.5307192807193 542.2999500499502 -1 0 0
622.7315184815184 582.7075424575426 -1 0 0
621.7085414585415 602.1441058941059 -1 0 0
638.0761738261738 572.9892607392608 -1 0 0
621.197052947053 535.139110889111 -1 0 0
565.9562937062938 504.96128871128883 -1 0 0
536.2899600399601 487.5706793206794 -1 0 0
559.306943056943 485.52472527472537 -1 0 0
518.3878621378622 465.06518481518486 -1 0 0
526.5716783216783 457.3928571428572 -1 0 0
553.1690809190809 458.4158341658342 -1 0 0
577.7205294705295 464.0422077922078 -1 0 0
559.8184315684316 447.6745754245755 -1 0 0
545.4967532467533 448.186063936064 -1 0 0
537.3129370629371 444.6056443556444 -1 0 0
544.9852647352648 429.2609890109891 -1 0 0
537.8244255744255 428.7495004995005 -1 0 0
568.0022477522477 431.8184315684316 -1 0 0
558.2839660339661 469.157092907093 -1 0 0
585.9043456543457 483.99025974025983 -1 0 0
630.9153346653347 486.54770229770236 -1 0 0
611.4787712287712 480.92132867132875 -1 0 0
617.1051448551449 460.9732767232768 -1 0 0
624.7774725274726 451.25499500499507 -1 0 0
635.0072427572427 443.0711788211789 -1 0 0
584.8813686313686 434.3758741258742 -1 0 0
550.1001498501498 423.6346153846155 -1 0 0
550.1001498501498 415.4507992007992 -1 0 0
648.8174325674327 465.06518481518486 -1 0 0
659.5586913086913 456.8813686313687 -1 0 0
653.9323176823177 443.0711788211789 -1 0 0
639.0991508491509 431.3069430569431 -1 0 0
596.3898601398602 450.9992507492508 -1 0 0
585.6486013986014 454.83541458541464 -1 0 0
624.5217282717283 430.7954545454546 -1 0 0
674.3918581418582 430.7954545454546 -1 0 0
663.3948551448551 432.5856643356644 -1 0 0
653.9323176823177 418.5197302697303 -1 0 0
638.5876623376623 504.70554445554455 -1 0 0
651.1191308691309 504.70554445554455 -1 0 0
650.8633866133866 529.5127372627373 -1 0 0
670.2999500499501 510.58766233766244 -1 0 0
675.9263236763237 501.3808691308692 -1 0 0
678.7395104895105 465.5766733266734 -1 0 0
692.2939560439561 460.206043956044 -1 0 0
693.8284215784216 454.06818181818187 -1 0 0
688.7135364635365 425.9363136863137 -1 0 0
687.4348151848152 420.8214285714286 -1 0 0
625.0332167832167 423.1231268731269 -1 0 0
687.1790709290709 616.4657842157842 -1 0 0
673.8803696303696 582.7075424575424 -1 0 0
658.5357142857142 554.0641858141859 -1 0 0
602.271978021978 558.1560939060939 -1 0 0
703.5467032967033 581.6845654345655 -1 0 0
734.236013986014 563.2709790209791 -1 0 0
753.6725774225774 559.1790709290709 -1 0 0
741.3968531468531 530.5357142857143 -1 0 0
700.4777722277722 539.7425074925076 -1 0 0
699.4547952047952 503.9383116883117 -1 0 0
720.9373126873127 497.80044955044957 -1 0 0
767.9942557442557 623.1151348651349 -1 0 0
781.292957042957 594.4717782217783 -1 0 0
767.9942557442557 579.6386113886115 -1 0 0
771.5746753246754 549.9722777222778 -1 0 0
707.1271228771229 535.139110889111 -1 0 0
741.3968531468531 510.58766233766244 -1 0 0
756.23001998002 498.8234265734267 -1 0 0
746.5117382617383 491.6625874125875 -1 0 0
727.5866633366634 491.6625874125875 -1 0 0
707.6386113886114 489.10514485514494 -1 0 0
708.6615884115884 470.6915584415585 -1 0 0
715.8224275724276 465.57667332667336 -1 0 0
724.5177322677323 467.62262737262745 -1 0 0
729.6326173826174 475.29495504495515 -1 0 0
737.8164335664335 463.01923076923083 -1 0 0
721.4488011988012 452.7894605394606 -1 0 0
711.7305194805194 453.30094905094916 -1 0 0
700.4777722277722 446.14010989010995 -1 0 0
755.207042957043 470.6915584415585 -1 0 0
783.8503996003997 510.58766233766244 -1 0 0
792.0342157842158 501.89235764235775 -1 0 0
792.0342157842158 478.87537462537466 -1 0 0
780.7814685314686 471.7145354645355 -1 0 0
799.195054945055 473.7604895104896 -1 0 0
822.212037962038 514.168081918082 -1 0 0
819.6545954045954 531.0472027972029 -1 0 0
811.4707792207791 547.4148351648353 -1 0 0
823.7465034965035 621.0691808191809 -1 0 0
844.7175324675325 596.0062437562437 -1 0 0
843.1830669330669 562.2480019980021 -1 0 0
868.7574925074925 568.8973526473527 -1 0 0
866.20004995005 589.8683816183817 -1 0 0
884.6136363636363 607.7704795204795 -1 0 0
929.1131368631368 628.2300199800201 -1 0 0
907.6306193806195 584.7534965034965 -1 0 0
936.7854645354646 584.7534965034965 -1 0 0
957.7564935064936 596.5177322677323 -1 0 0
972.5896603396604 611.8623876123877 -1 0 0
975.147102897103 578.1041458541459 -1 0 0
945.9922577422578 536.162087912088 -1 0 0
899.4468031968031 556.6216283716285 -1 0 0
862.1081418581418 541.7884615384617 -1 0 0
833.4647852147853 512.6336163836165 -1 0 0
820.1660839160838 504.4498001998003 -1 0 0
820.1660839160838 495.7544955044956 -1 0 0
838.5796703296703 494.22002997003005 -1 0 0
846.7634865134864 459.43881118881126 -1 0 0
811.4707792207791 450.2320179820181 -1 0 0
791.5227272727273 457.9043456543457 -1 0 0
711.219030969031 431.05119880119895 -1 0 0
720.4258241758241 432.3299200799202 -1 0 0
734.7475024975025 433.86438561438575 -1 0 0
725.7964535464536 416.7295204795206 -1 0 0
715.5666833166833 418.5197302697304 -1 0 0
759.0432067932068 461.7405094905096 -1 0 0
748.3019480519481 435.143106893107 -1 0 0
747.7904595404596 419.5427072927074 -1 0 0
737.0492007992008 426.44780219780233 -1 0 0
758.7874625374625 418.77547452547464 -1 0 0
762.8793706293707 419.0312187812189 -1 0 0
754.184065934066 420.05419580419596 -1 0 0
708.6615884115884 418.26398601398614 -1 0 0
787.1750749250749 434.8873626373628 -1 0 0
994.8394105894106 640.5057442557443 -1 0 0
1011.2070429570429 633.3449050949051 -1 0 0
1009.6725774225774 608.7934565434566 -1 0 0
1022.4597902097903 580.6615884115885 -1 0 0
1018.3678821178821 557.1331168831169 -1 0 0
977.9602897102898 546.3918581418582 -1 0 0
982.5636863136863 529.5127372627373 -1 0 0
1005.5806693306693 514.6795704295705 -1 0 0
976.9373126873127 512.6336163836164 -1 0 0
911.9782717282717 512.122127872128 -1 0 0
901.237012987013 531.5586913086913 -1 0 0
862.8753746253747 509.05319680319684 -1 0 0
844.4617882117882 510.0761738261739 -1 0 0
862.8753746253747 481.94430569430574 -1 0 0
876.6855644355644 499.3349150849151 -1 0 0
898.6795704295705 486.0362137862138 -1 0 0
895.6106393606394 472.7375124875125 -1 0 0
905.8404095904095 469.6685814185814 -1 0 0
897.6565934065934 456.3698801198801 -1 0 0
874.1281218781219 457.39285714285717 -1 0 0
838.323926073926 436.9333166833167 -1 0 0
833.209040959041 433.86438561438564 -1 0 0
924.253996003996 467.1111388611389 -1 0 0
953.9203296703297 456.3698801198801 -1 0 0
944.7135364635365 453.30094905094904 -1 0 0
922.208041958042 498.3119380619381 -1 0 0
908.3978521478521 498.8234265734266 -1 0 0
941.1331168831168 508.54170829170835 -1 0 0
943.179070929071 499.3349150849151 -1 0 0
959.5467032967033 494.7315184815185 -1 0 0
954.9433066933068 474.27197802197804 -1 0 0
976.4258241758241 490.6396103896104 -1 0 0
993.8164335664335 493.19705294705295 -1 0 0
1005.5806693306693 498.3119380619381 -1 0 0
1018.3678821178821 511.0991508491509 -1 0 0
1017.344905094905 539.7425074925075 -1 0 0
989.5966533466534 455.8583916083917 -1 0 0
971.9502997002998 456.11413586413596 -1 0 0
965.5566933066933 461.2290209790211 -1 0 0
956.6056443556444 441.02522477522484 -1 0 0
965.300949050949 438.21203796203804 -1 0 0
955.0711788211788 432.8414085914087 -1 0 0
935.3788711288711 434.8873626373627 -1 0 0
908.5257242757243 437.70054945054954 -1 0 0
917.7325174825174 438.9792707292708 -1 0 0
914.4078421578422 426.192057942058 -1 0 0
891.9023476523477 444.6056443556445 -1 0 0
875.7904595404596 442.3039460539461 -1 0 0
877.5806693306693 451.7664835164836 -1 0 0
879.8823676323676 424.40184815184824 -1 0 0
868.3738761238761 423.6346153846155 -1 0 0
858.9113386613386 424.14610389610397 -1 0 0
844.0781718281718 420.5656843156844 -1 0 0
811.342907092907 420.05419580419584 -1 0 0
829.2450049950049 486.80344655344663 -1 0 0
844.8454045954046 489.6166333666335 -1 0 0
899.0631868131868 518.0042457542459 -1 0 0
971.9502997002998 434.1201298701299 -1 0 0
979.1111388611389 426.4478021978022 -1 0 0
983.4587912087912 424.9133366633367 -1 0 0
989.5966533466534 427.215034965035 -1 0 0
993.4328171828172 426.9592907092907 -1 0 0
977.0651848151848 434.8873626373627 -1 0 0
938.4478021978022 428.49375624375625 -1 0 0
994.9672827172827 438.212037962038 -1 0 0
988.317932067932 432.8414085914086 -1 0 0
1002.3838661338661 432.8414085914086 -1 0 0
1011.0791708291708 426.9592907092907 -1 0 0
1020.2859640359641 428.49375624375625 -1 0 0
1019.0072427572428 437.189060939061 -1 0 0
1011.8464035964035 437.7005494505495 -1 0 0
28.38186813186806 649.201048951049 -1 0 0
83.6226273726273 634.8793706293707 -1 0 0
145.0012487512487 634.8793706293707 -1 0 0
513.272977022977 641.0172327672328 -1 0 0
587.9502997002996 705.4647852147853 -1 0 0
613.5247252747253 620.5576923076924 -1 0 0
566.4677822177822 615.4428071928072 -1 0 0
963.3828671328671 667.6146353646354 -1 0 0
518.9515706806283 -28.566753926701608 -1 0 0
487.4541884816754 413.73691099476434 -1 0 0
482.0929319371728 412.39659685863876 -1 0 0
488.7945026178011 422.44895287958116 -1 0 0
494.15575916230364 423.119109947644 -1 0 0
504.20811518324615 421.7787958115183 -1 0 0
506.88874345549743 416.4175392670156 -1 0 0
516.9410994764398 422.44895287958116 -1 0 0
526.3232984293194 425.12958115183244 -1 0 0
535.7054973821989 410.3861256544502 -1 0 0
285.73691099476446 407.0353403141361 -1 0 0
291.098167539267 406.36518324607323 -1 0 0
303.16099476439797 406.36518324607323 -1 0 0
311.2028795811518 407.0353403141361 -1 0 0
203.9777486910995 401.6740837696335 -1 0 0
200.62696335078536 403.68455497382195 -1 0 0
195.26570680628274 403.0143979057591 -1 0 0
184.5431937172775 401.6740837696335 -1 0 0
171.8102094240838 403.68455497382195 -1 0 0
406.1161338661339 487.92382617382617 -1 0 0
246.14810189810188 419.06468531468533 -1 0 0
299.8543956043956 408.32342657342656 -1 0 0
278.11613386613385 411.0087412587413 -1 0 0
259.8304195804195 407.87587412587413 -1 0 0
276.9652847152847 426.6091408591409 -1 0 0
255.61063936063934 405.6381118881119 -1 0 0
