2.207640449438204 171.9226966292135 -1 0 0
6.342471910112363 172.28224719101127 -1 0 0
9.937977528089895 173.00134831460673 -1 0 0
8.67955056179776 182.16988764044945 -1 0 0
19.46606741573034 186.30471910112362 -1 0 0
6.881797752808998 178.57438202247192 -1 0 0
24.859325842696634 195.65303370786518 -1 0 0
41.75820224719102 192.23730337078655 -1 0 0
40.32 185.04629213483145 -1 0 0
34.38741573033709 190.2597752808989 -1 0 0
28.275056179775294 190.2597752808989 -1 0 0
16.230112359550567 195.65303370786518 -1 0 0
4.724494382022477 194.75415730337082 -1 0 0
7.960449438202249 209.49573033707867 -1 0 0
29.713258426966306 220.10247191011237 -1 0 0
33.66831460674158 217.40584269662924 -1 0 0
55.960449438202254 201.40584269662924 -1 0 0
46.072808988764045 188.641797752809 -1 0 0
60.81438202247193 206.79910112359553 -1 0 0
62.61213483146068 218.66426966292136 -1 0 0
50.38741573033709 219.74292134831464 -1 0 0
48.23011235955057 208.23730337078655 -1 0 0
52.18516853932586 200.68674157303371 -1 0 0
47.87056179775282 197.8103370786517 -1 0 0
25.03910112359551 228.73168539325846 -1 0 0
28.814382022471918 236.641797752809 -1 0 0
71.60089887640449 203.9226966292135 -1 0 0
16.42786516853936 180.84774831460683 -1 0 0
32.07550561797755 197.4158382022473 -1 0 0
22.871011235955088 247.12010786516865 -1 0 0
57.84808988764046 251.72235505617985 -1 0 0
66.13213483146069 234.2338157303372 -1 0 0
25.28719101123595 184.64460224719107 -1 0 0
65.55685393258426 202.36325393258434 -1 0 0
53.821123595505625 188.78662471910116 -1 0 0
47.608089887640446 192.69853483146076 -1 0 0
66.0170786516854 194.7695460674158 -1 0 0
73.8408988764045 195.22977078651692 -1 0 0
72.23011235955056 199.60190561797762 -1 0 0
80.28404494382022 206.73538876404498 -1 0 0
79.1334831460674 200.0621303370787 -1 0 0
80.05393258426965 195.9201078651686 -1 0 0
61.41483146067415 195.45988314606748 -1 0 0
59.3438202247191 194.30932134831465 -1 0 0
85.8067415730337 217.0904449438203 -1 0 0
85.34651685393258 209.26662471910117 -1 0 0
89.71865168539325 204.89448988764053 -1 0 0
94.55101123595504 208.1160629213484 -1 0 0
97.3123595505618 211.33763595505624 -1 0 0
107.89752808988764 212.48819775280907 -1 0 0
112.72988764044943 221.46257977528094 -1 0 0
115.03101123595506 216.16999550561803 -1 0 0
121.70426966292135 213.4086471910113 -1 0 0
94.78112359550562 220.31201797752817 -1 0 0
88.56808988764045 231.81763595505626 -1 0 0
87.18741573033707 238.7210067415731 -1 0 0
74.53123595505618 237.5704449438203 -1 0 0
55.662022471910106 223.0733662921349 -1 0 0
95.70157303370786 248.8459505617978 -1 0 0
108.81797752808988 225.8347146067416 -1 0 0
105.1361797752809 218.47111910112366 -1 0 0
106.28674157303371 233.19831011235962 -1 0 0
99.38337078651685 235.03920898876413 -1 0 0
112.72988764044943 245.62437752808995 -1 0 0
117.7923595505618 238.03066966292138 -1 0 0
126.99685393258426 220.31201797752817 -1 0 0
131.5991011235955 218.9313438202248 -1 0 0
135.51101123595504 216.63022022471915 -1 0 0
130.9087640449438 230.2068494382023 -1 0 0
135.97123595505616 232.73808539325847 -1 0 0
140.1132584269663 226.29493932584276 -1 0 0
143.10471910112358 221.92280449438206 -1 0 0
147.47685393258425 226.75516404494388 -1 0 0
141.26382022471907 233.42842247191015 -1 0 0
137.121797752809 236.64999550561802 -1 0 0
134.5905617977528 248.8459505617978 -1 0 0
122.85483146067416 248.61583820224726 -1 0 0
85.34651685393258 247.46527640449443 -1 0 0
149.0876404494382 246.31471460674163 -1 0 0
158.52224719101122 248.61583820224726 -1 0 0
148.39730337078652 221.92280449438206 -1 0 0
151.3887640449438 239.1812314606742 -1 0 0
61.184719101123584 192.46842247191017 -1 0 0
101.22426966292134 244.7039280898877 -1 0 0
38.51865168539327 302.3470741573034 -1 0 0
78.09797752808991 274.73359101123606 -1 0 0
86.38202247191015 260.00640000000004 -1 0 0
29.544269662921344 345.83831011235964 -1 0 0
84.77123595505617 312.24190561797764 -1 0 0
69.58382022471912 331.5713438202248 -1 0 0
92.59505617977526 331.5713438202248 -1 0 0
120.20853932584271 370.69044494382035 -1 0 0
122.50966292134831 340.77583820224726 -1 0 0
122.96988764044944 304.41808539325854 -1 0 0
143.67999999999998 312.24190561797764 -1 0 0
151.50382022471908 338.9349393258428 -1 0 0
168.07191011235955 363.78707415730344 -1 0 0
204.88988764044944 370.69044494382035 -1 0 0
192.003595505618 331.1111191011237 -1 0 0
186.94112359550564 309.940782022472 -1 0 0
152.42426966292135 290.6113438202248 -1 0 0
122.50966292134831 277.72505168539334 -1 0 0
108.70292134831462 262.07741123595514 -1 0 0
144.14022471910113 260.6967370786518 -1 0 0
161.6287640449438 274.5034786516855 -1 0 0
163.46966292134832 249.6513438202248 -1 0 0
171.2934831460674 245.04909662921358 -1 0 0
161.6287640449438 242.74797303370798 -1 0 0
171.2934831460674 234.4639280898877 -1 0 0
177.7366292134831 228.4810067415731 -1 0 0
178.19685393258428 241.8275235955057 -1 0 0
191.54337078651682 249.1911191011237 -1 0 0
186.94112359550564 257.0149393258428 -1 0 0
165.31056179775283 262.07741123595514 -1 0 0
173.59460674157302 267.1398831460675 -1 0 0
191.08314606741573 269.4410067415731 -1 0 0
201.66831460674155 262.07741123595514 -1 0 0
201.66831460674155 270.36145617977536 -1 0 0
190.62292134831463 288.77044494382034 -1 0 0
199.36719101123592 304.41808539325854 -1 0 0
202.58876404494382 284.6284224719102 -1 0 0
218.6966292134831 287.3897707865169 -1 0 0
224.21932584269663 316.3839280898877 -1 0 0
226.98067415730338 351.82123146067426 -1 0 0
210.41258426966291 345.3780853932585 -1 0 0
265.63955056179776 367.92909662921363 -1 0 0
258.27595505617984 401.0652764044945 -1 0 0
231.58292134831464 393.70168089887653 -1 0 0
256.8952808988764 350.4405573033709 -1 0 0
278.5258426966292 345.3780853932585 -1 0 0
269.7815730337079 320.52595056179786 -1 0 0
250.45213483146065 313.1623550561799 -1 0 0
238.02606741573035 320.06572584269674 -1 0 0
231.58292134831464 301.6567370786518 -1 0 0
259.6566292134832 305.7987595505619 -1 0 0
209.95235955056182 263.4580853932585 -1 0 0
217.77617977528092 265.75920898876416 -1 0 0
212.25348314606737 255.63426516853943 -1 0 0
215.01483146067417 251.03201797752817 -1 0 0
221.918202247191 244.58887191011243 -1 0 0
218.23640449438201 241.36729887640456 -1 0 0
196.6058426966292 244.12864719101134 -1 0 0
191.54337078651682 236.3048269662922 -1 0 0
182.79910112359548 236.76505168539333 -1 0 0
162.08898876404493 228.94123146067426 -1 0 0
137.6970786516854 243.20819775280907 -1 0 0
130.79370786516853 267.1398831460675 -1 0 0
163.8148314606741 217.32055730337083 -1 0 0
158.5222471910112 218.70123146067422 -1 0 0
156.6813483146067 212.94842247191016 -1 0 0
156.45123595505615 224.22392808988772 -1 0 0
153.45977528089884 216.63022022471915 -1 0 0
172.3289887640449 220.0819056179776 -1 0 0
167.72674157303365 217.78078202247198 -1 0 0
179.69258426966292 215.2495460674158 -1 0 0
184.29483146067412 223.30347865168545 -1 0 0
188.89707865168538 228.5960629213484 -1 0 0
185.2152808988764 231.81763595505626 -1 0 0
193.03910112359546 231.12729887640458 -1 0 0
199.4822471910112 231.3574112359551 -1 0 0
200.1725842696629 225.8347146067416 -1 0 0
196.951011235955 225.8347146067416 -1 0 0
178.31191011235953 249.07606292134838 -1 0 0
209.14696629213483 230.66707415730343 -1 0 0
214.66966292134828 228.3659505617978 -1 0 0
203.39415730337075 239.1812314606742 -1 0 0
167.95685393258424 225.14437752808993 -1 0 0
164.0449438202247 223.76370337078657 -1 0 0
222.03325842696628 235.95965842696634 -1 0 0
214.66966292134828 233.42842247191015 -1 0 0
213.05887640449438 237.11022022471917 -1 0 0
209.60719101123593 244.24370337078656 -1 0 0
205.92539325842694 255.74932134831468 -1 0 0
226.6355056179775 270.0162876404495 -1 0 0
236.3002247191011 254.59875955056185 -1 0 0
233.0786516853932 264.49359101123605 -1 0 0
228.70651685393256 243.55336629213488 -1 0 0
231.00764044943818 233.8886471910113 -1 0 0
234.68943820224717 236.1897707865169 -1 0 0
242.74337078651683 236.1897707865169 -1 0 0
239.06157303370784 240.33179325842704 -1 0 0
240.9024719101123 247.2351640449439 -1 0 0
251.4876404494382 241.7124674157304 -1 0 0
248.03595505617974 241.02213033707872 -1 0 0
247.34561797752804 252.75786067415734 -1 0 0
246.42516853932582 258.0504449438203 -1 0 0
247.57573033707865 263.57314157303375 -1 0 0
238.60134831460672 260.12145617977535 -1 0 0
243.20359550561793 269.55606292134837 -1 0 0
247.34561797752804 278.9906696629214 -1 0 0
253.32853932584266 282.90257977528097 -1 0 0
218.58157303370783 232.73808539325847 -1 0 0
204.31460674157302 231.3574112359551 -1 0 0
195.8004494382022 239.1812314606742 -1 0 0
199.71235955056176 237.5704449438203 -1 0 0
322.0170786516853 417.40325393258433 -1 0 0
313.73303370786516 390.7102202247192 -1 0 0
299.00584269662914 364.017186516854 -1 0 0
303.6080898876404 340.08550112359563 -1 0 0
286.1195505617977 326.2787595505619 -1 0 0
247.23056179775276 303.49763595505624 -1 0 0
267.4804494382022 294.75336629213496 -1 0 0
269.3213483146067 284.1681977528091 -1 0 0
261.03730337078645 280.94662471910124 -1 0 0
255.9748314606741 271.2819056179776 -1 0 0
264.7191011235954 253.33314157303383 -1 0 0
284.0485393258427 291.071568539326 -1 0 0
298.31550561797746 293.8329168539327 -1 0 0
309.3608988764044 321.9066247191012 -1 0 0
315.80404494382014 325.1281977528091 -1 0 0
323.62786516853924 331.57134382022485 -1 0 0
340.1959550561797 342.6167370786518 -1 0 0
353.5424719101122 341.23606292134843 -1 0 0
365.0480898876404 321.9066247191012 -1 0 0
325.4687640449438 303.49763595505624 -1 0 0
318.56539325842687 307.1794337078653 -1 0 0
315.80404494382014 299.3556134831462 -1 0 0
303.83820224719096 285.0886471910113 -1 0 0
292.79280898876397 281.40684943820236 -1 0 0
277.49033707865163 268.175388764045 -1 0 0
277.260224719101 275.30887191011243 -1 0 0
273.8085393258426 262.1924674157304 -1 0 0
277.260224719101 252.06752359550572 -1 0 0
280.4817977528089 255.05898426966297 -1 0 0
280.25168539325836 248.3857258426967 -1 0 0
266.6750561797752 247.2351640449439 -1 0 0
260.69213483146063 243.0931415730338 -1 0 0
251.48764044943812 247.695388764045 -1 0 0
254.709213483146 252.75786067415734 -1 0 0
255.1694382022471 244.7039280898877 -1 0 0
257.93078651685386 247.695388764045 -1 0 0
261.6125842696628 247.695388764045 -1 0 0
235.83999999999992 246.08460224719107 -1 0 0
317.5298876404494 285.4338157303372 -1 0 0
306.4844943820224 275.76909662921355 -1 0 0
305.56404494382014 267.25493932584277 -1 0 0
301.1919101123595 260.81179325842703 -1 0 0
297.5101123595505 255.28909662921353 -1 0 0
300.96179775280893 254.59875955056188 -1 0 0
287.8453932584269 254.59875955056188 -1 0 0
286.2346067415729 249.99651235955062 -1 0 0
284.3937078651685 263.1129168539327 -1 0 0
292.2175280898876 265.64415280898885 -1 0 0
292.9078651685393 257.8203325842697 -1 0 0
323.74292134831455 272.0872988764046 -1 0 0
314.53842696629204 263.1129168539327 -1 0 0
313.38786516853924 269.3259505617978 -1 0 0
309.7060674157303 261.5021303370787 -1 0 0
288.9959550561797 272.77763595505627 -1 0 0
272.19775280898864 270.93673707865173 -1 0 0
371.72134831460676 407.27831011235963 -1 0 0
380.0053932584269 380.58527640449444 -1 0 0
378.16449438202244 358.49448988764055 -1 0 0
394.73258426966294 404.5169617977529 -1 0 0
414.9824719101123 395.31246741573034 -1 0 0
385.5280898876405 339.16505168539334 -1 0 0
337.3195505617977 268.4055011235957 -1 0 0
344.4530337078652 264.49359101123616 -1 0 0
333.63775280898875 261.96235505617994 -1 0 0
332.2570786516854 265.8742651685395 -1 0 0
329.03550561797755 269.3259505617979 -1 0 0
333.17752808988763 276.9196584269665 -1 0 0
336.1689887640449 273.00774831460694 -1 0 0
343.0723595505618 274.15831011235974 -1 0 0
330.87640449438203 282.9025797752811 -1 0 0
326.7343820224719 287.0446022471912 -1 0 0
332.94741573033707 288.195164044944 -1 0 0
342.3820224719101 292.33718651685416 -1 0 0
357.1092134831461 290.95651235955074 -1 0 0
350.2058426966292 288.65538876404514 -1 0 0
355.26831460674157 275.76909662921366 -1 0 0
362.401797752809 271.85718651685414 -1 0 0
360.791011235955 278.99066966292156 -1 0 0
363.55235955056185 284.28325393258444 -1 0 0
345.37348314606743 303.61269213483166 -1 0 0
345.83370786516855 312.356961797753 -1 0 0
337.7797752808989 304.5331415730339 -1 0 0
317.76 266.79471460674176 -1 0 0
371.60629213483145 282.2122426966294 -1 0 0
375.9784269662921 282.2122426966294 -1 0 0
369.53528089887635 304.0729168539328 -1 0 0
357.56943820224717 304.76325393258446 -1 0 0
362.401797752809 312.356961797753 -1 0 0
373.44719101123593 314.42797303370804 -1 0 0
378.27955056179775 303.61269213483166 -1 0 0
377.58921348314607 298.3201078651687 -1 0 0
384.952808988764 299.4706696629215 -1 0 0
391.8561797752809 295.78887191011256 -1 0 0
393.23685393258427 305.91381573033726 -1 0 0
387.4840449438202 315.8086471910114 -1 0 0
381.7312359550562 321.3313438202249 -1 0 0
393.6970786516854 324.3228044943822 -1 0 0
385.8732584269663 280.14123146067436 -1 0 0
389.7851685393258 280.6014561797755 -1 0 0
384.7226966292135 289.1156134831462 -1 0 0
392.08629213483147 286.124152808989 -1 0 0
306.9447191011236 297.3996584269665 -1 0 0
373.9074157303371 290.95651235955074 -1 0 0
336.39910112359547 294.1780853932586 -1 0 0
402.44134831460667 278.9906696629214 -1 0 0
407.9640449438202 308.4450516853933 -1 0 0
410.0350561797752 297.85988314606743 -1 0 0
418.54921348314605 288.655388764045 -1 0 0
420.85033707865165 283.1326921348315 -1 0 0
426.8332584269662 285.89404044943825 -1 0 0
431.66561797752803 287.50482696629217 -1 0 0
427.2934831460674 293.9479730337079 -1 0 0
422.9213483146067 296.01898426966295 -1 0 0
416.47820224719095 297.16954606741575 -1 0 0
410.0350561797752 284.74347865168545 -1 0 0
407.2737078651685 283.1326921348315 -1 0 0
393.6970786516854 289.1156134831461 -1 0 0
389.09483146067413 287.73493932584273 -1 0 0
420.85033707865165 306.83426516853933 -1 0 0
426.3730337078651 313.50752359550563 -1 0 0
405.432808988764 324.55291685393263 -1 0 0
442.0206741573033 307.9848269662922 -1 0 0
439.7195505617977 312.817186516854 -1 0 0
442.0206741573033 296.70932134831463 -1 0 0
441.5604494382022 291.4167370786517 -1 0 0
446.62292134831455 295.55875955056183 -1 0 0
450.30471910112357 299.4706696629214 -1 0 0
456.97797752808987 293.02752359550567 -1 0 0
465.03191011235947 298.3201078651686 -1 0 0
460.8898876404494 293.9479730337079 -1 0 0
460.6597752808988 299.2405573033708 -1 0 0
434.8871910112359 288.19516404494385 -1 0 0
421.77078651685383 291.87696179775287 -1 0 0
438.79910112359545 320.6410067415731 -1 0 0
437.18831460674147 330.53583820224725 -1 0 0
430.51505617977523 329.8455011235955 -1 0 0
422.00089887640445 320.8711191011236 -1 0 0
428.21393258426957 341.81134382022475 -1 0 0
416.47820224719095 347.5641528089888 -1 0 0
419.9298876404494 326.16370337078655 -1 0 0
449.61438202247183 337.20909662921355 -1 0 0
454.44674157303365 311.20640000000003 -1 0 0
450.9950561797752 308.4450516853933 -1 0 0
460.42966292134827 304.30302921348317 -1 0 0
471.4750561797752 303.84280449438205 -1 0 0
472.16539325842695 299.0104449438203 -1 0 0
476.5375280898876 312.817186516854 -1 0 0
459.7393258426966 316.49898426966297 -1 0 0
451.45528089887637 325.01314157303375 -1 0 0
452.6058426966291 320.6410067415731 -1 0 0
462.27056179775275 340.20055730337083 -1 0 0
477.4579775280898 326.62392808988767 -1 0 0
476.307415730337 321.3313438202248 -1 0 0
487.5829213483146 312.817186516854 -1 0 0
489.423820224719 306.37404044943827 -1 0 0
493.56584269662915 302.23201797752813 -1 0 0
476.5375280898876 298.78033258426973 -1 0 0
497.01752808988755 304.7632539325843 -1 0 0
438.33887640449433 350.09538876404497 -1 0 0
478.3784269662921 337.4392089887641 -1 0 0
490.3442696629213 330.53583820224725 -1 0 0
494.94651685393256 329.38527640449445 -1 0 0
484.82157303370786 322.94213033707865 -1 0 0
489.8840449438202 343.8823550561798 -1 0 0
497.4777528089887 348.25448988764043 -1 0 0
500.2391011235955 340.6607820224719 -1 0 0
501.84988764044937 329.38527640449445 -1 0 0
512.4350561797752 335.368197752809 -1 0 0
516.3469662921348 330.53583820224725 -1 0 0
515.4265168539325 315.1183101123596 -1 0 0
519.5685393258426 311.20640000000003 -1 0 0
483.44089887640445 303.6126921348315 -1 0 0
479.7591011235955 302.69224269662925 -1 0 0
519.3384269662921 350.32550112359553 -1 0 0
511.51460674157295 351.47606292134833 -1 0 0
523.2503370786517 341.5812314606742 -1 0 0
529.4633707865167 317.64954606741577 -1 0 0
523.4804494382022 313.27741123595507 -1 0 0
507.83280898876404 309.5956134831461 -1 0 0
426.25797752808984 359.14196853932583 -1 0 0
448.8089887640449 356.8408449438202 -1 0 0
467.67820224719094 360.0624179775281 -1 0 0
458.01348314606736 356.8408449438202 -1 0 0
461.2350561797752 376.1702831460674 -1 0 0
454.79191011235946 396.42017078651685 -1 0 0
426.25797752808984 385.3747775280899 -1 0 0
412.4512359550561 357.30106966292135 -1 0 0
487.0076404494382 381.69297977528083 -1 0 0
479.6440449438202 397.80084494382027 -1 0 0
487.9280898876404 417.13028314606737 -1 0 0
492.53033707865166 430.9370247191011 -1 0 0
513.2404494382022 397.3406202247191 -1 0 0
498.9734831460674 373.86915955056173 -1 0 0
504.49617977528084 367.4260134831461 -1 0 0
510.0188764044944 361.9033168539326 -1 0 0
487.9280898876404 362.36354157303373 -1 0 0
480.1042696629213 370.64758651685395 -1 0 0
533.4903370786517 378.471406741573 -1 0 0
539.0130337078651 410.68713707865174 -1 0 0
539.9334831460674 394.57927191011237 -1 0 0
546.3766292134832 374.7896089887641 -1 0 0
562.0242696629213 376.1702831460674 -1 0 0
563.4049438202246 363.2839910112359 -1 0 0
539.4732584269663 357.30106966292135 -1 0 0
542.234606741573 345.3352269662921 -1 0 0
533.4903370786517 348.09657528089883 -1 0 0
556.9617977528089 410.68713707865174 -1 0 0
551.8993258426966 335.67050786516853 -1 0 0
540.0485393258427 320.36803595505626 -1 0 0
546.9519101123595 320.1379235955057 -1 0 0
557.767191011236 322.8992719101124 -1 0 0
567.6620224719102 326.811182022472 -1 0 0
580.0880898876404 328.19185617977536 -1 0 0
586.7613483146067 331.8736539325844 -1 0 0
598.0368539325843 335.7855640449439 -1 0 0
569.0426966292134 324.9702831460675 -1 0 0
560.2984269662921 322.20893483146074 -1 0 0
532.2247191011236 314.84533932584276 -1 0 0
528.0826966292135 313.9248898876405 -1 0 0
550.6337078651685 320.36803595505626 -1 0 0
563.2898876404495 339.6974741573035 -1 0 0
574.7955056179776 369.3819685393259 -1 0 0
579.8579775280899 355.5752269662922 -1 0 0
587.221573033708 357.18601348314616 -1 0 0
587.221573033708 367.0808449438203 -1 0 0
595.9658426966292 370.5325303370787 -1 0 0
601.9487640449438 369.61208089887646 -1 0 0
600.798202247191 358.10646292134834 -1 0 0
611.6134831460674 358.7968000000001 -1 0 0
607.9316853932585 374.67455280898884 -1 0 0
583.5397752808989 344.7599460674158 -1 0 0
572.954606741573 402.6631191011236 -1 0 0
607.4714606741572 390.0069393258427 -1 0 0
621.7384269662922 388.1660404494382 -1 0 0
621.278202247191 375.2797483146067 -1 0 0
623.1191011235954 363.3139056179775 -1 0 0
627.7213483146068 355.720197752809 -1 0 0
620.3577528089887 338.46177078651687 -1 0 0
648.4314606741573 348.5867146067416 -1 0 0
643.1388764044943 374.12918651685396 -1 0 0
635.3150561797753 367.68604044943817 -1 0 0
630.9429213483146 372.5184 -1 0 0
636.0053932584269 377.81098426966287 -1 0 0
629.1020224719102 380.5723325842696 -1 0 0
640.8377528089887 390.9273887640449 -1 0 0
636.6957303370787 416.46986067415725 -1 0 0
618.7469662921349 426.8249168539325 -1 0 0
608.8521348314607 432.1175011235955 -1 0 0
634.8548314606742 387.70581573033706 -1 0 0
597.0013483146068 420.3518561797752 -1 0 0
418.4341573033708 430.4767999999999 -1 0 0
438.3388764044944 291.14376629213484 -1 0 0
223.84709359605912 548.5856157635468 -1 0 0
301.40374384236463 554.2604926108374 -1 0 0
358.7830541871922 480.4870935960591 -1 0 0
407.33477832512335 484.27034482758614 -1 0 0
421.8372413793105 456.52650246305416 -1 0 0
443.27566502463065 507.60039408866993 -1 0 0
476.6943842364534 575.0683743842364 -1 0 0
500.6549753694583 626.1422660098522 -1 0 0
502.5466009852218 516.4279802955665 -1 0 0
482.99980295566513 486.16197044334973 -1 0 0
459.6697536945814 471.0289655172413 -1 0 0
493.08847290640415 448.9599999999999 -1 0 0
518.9406896551725 457.1570443349753 -1 0 0
537.2264039408869 443.2851231527093 -1 0 0
559.9259113300495 439.50187192118216 -1 0 0
558.664827586207 477.96492610837436 -1 0 0
528.3988177339904 481.7481773399015 -1 0 0
655.768275862069 351.2228571428572 -1 0 0
664.5958620689655 356.89773399014786 -1 0 0
665.2264039408867 366.98640394088665 -1 0 0
675.9456157635467 356.89773399014786 -1 0 0
669.640197044335 358.78935960591133 -1 0 0
657.0293596059113 378.336157635468 -1 0 0
643.7879802955665 367.6169458128079 -1 0 0
668.3791133004925 376.4445320197044 -1 0 0
670.9012807881774 371.400197044335 -1 0 0
663.9653201970443 375.8139901477833 -1 0 0
659.551527093596 389.0553694581281 -1 0 0
650.7239408866994 386.5332019704433 -1 0 0
643.7879802955665 382.74995073891625 -1 0 0
699.2756650246305 360.0504433497537 -1 0 0
678.4677832512315 364.464236453202 -1 0 0
696.2805911330048 364.62187192118233 -1 0 0
692.4973399014777 365.25241379310347 -1 0 0
700.6943842364531 381.015960591133 -1 0 0
695.0195073891625 390.15881773399013 -1 0 0
689.9751724137931 379.4396059113301 -1 0 0
688.7140886699506 401.1933004926109 -1 0 0
658.7633497536945 408.759802955665 -1 0 0
693.1278817733988 412.5430541871921 -1 0 0
694.7042364532019 433.03566502463053 -1 0 0
693.1278817733988 425.4691625615764 -1 0 0
704.4776354679801 421.3706403940887 -1 0 0
713.935763546798 407.183448275862 -1 0 0
715.5121182266009 393.94206896551725 -1 0 0
709.5219704433496 389.8435467980296 -1 0 0
726.231330049261 378.49379310344824 -1 0 0
733.167290640394 374.08 -1 0 0
723.7091625615762 369.0356650246306 -1 0 0
743.5712315270935 372.18837438423645 -1 0 0
734.1131034482756 368.0898522167488 -1 0 0
730.6451231527093 391.10463054187187 -1 0 0
735.6894581280787 391.10463054187187 -1 0 0
734.743645320197 403.40019704433496 -1 0 0
726.5466009852216 414.74995073891625 -1 0 0
741.9948768472905 389.528275862069 -1 0 0
753.0293596059112 375.656354679803 -1 0 0
750.5071921182265 371.2425615763547 -1 0 0
750.1919211822658 399.9322167487685 -1 0 0
764.0638423645319 392.0504433497537 -1 0 0
750.8224630541871 382.90758620689655 -1 0 0
763.1180295566502 399.9322167487685 -1 0 0
757.4431527093594 401.1933004926109 -1 0 0
741.6796059113299 396.464236453202 -1 0 0
739.4727093596058 411.91251231527093 -1 0 0
755.8667980295565 421.3706403940887 -1 0 0
770.6845320197044 375.656354679803 -1 0 0
769.423448275862 380.07014778325123 -1 0 0
774.1525123152708 378.49379310344824 -1 0 0
777.935763546798 382.27704433497536 -1 0 0
781.4037438423644 385.7450246305419 -1 0 0
785.1869950738916 385.7450246305419 -1 0 0
785.8175369458128 380.07014778325123 -1 0 0
783.9259113300492 380.07014778325123 -1 0 0
779.5121182266009 378.49379310344824 -1 0 0
758.3889655172413 375.656354679803 -1 0 0
733.797832512315 445.9617733990148 -1 0 0
743.8865024630541 439.6563546798029 -1 0 0
775.4135960591132 438.7105418719212 -1 0 0
781.0884729064038 404.9765517241379 -1 0 0
797.167290640394 403.7154679802956 -1 0 0
799.6894581280787 396.7795073891625 -1 0 0
803.4727093596058 402.1391133004926 -1 0 0
789.2855172413791 399.9322167487685 -1 0 0
803.7879802955664 387.3213793103448 -1 0 0
806.9406896551724 389.8435467980296 -1 0 0
799.6894581280787 385.7450246305419 -1 0 0
791.4924137931033 381.3312315270936 -1 0 0
812.3002955665023 388.89773399014786 -1 0 0
794.6451231527093 382.27704433497536 -1 0 0
796.2214778325122 381.6465024630542 -1 0 0
817.6599014778325 407.183448275862 -1 0 0
776.5958620689654 377.94206896551725 -1 0 0
795.03921182266 396.07014778325123 -1 0 0
820.8914285714284 399.69576354679805 -1 0 0
835.551527093596 403.00610837438427 -1 0 0
835.2362561576354 395.7548768472907 -1 0 0
832.2411822660097 394.4937931034483 -1 0 0
849.2658128078816 401.9026600985222 -1 0 0
842.014581280788 397.1735960591133 -1 0 0
862.6648275862067 402.3755665024631 -1 0 0
851.9456157635467 417.3509359605912 -1 0 0
838.7042364532017 422.08 -1 0 0
830.5071921182264 404.2671921182266 -1 0 0
826.0933990147781 392.91743842364536 -1 0 0
823.2559605911329 391.656354679803 -1 0 0
816.950541871921 390.3952709359606 -1 0 0
818.5268965517241 389.60709359605914 -1 0 0
800.1623645320199 430.0405911330049 -1 0 0
779.3544827586207 423.104630541872 -1 0 0
675.3150738916256 464.08985221674885 -1 0 0
660.1820689655173 438.86817733990154 -1 0 0
634.96039408867 443.2819704433498 -1 0 0
586.408669950739 430.0405911330049 -1 0 0
585.7781280788178 438.86817733990154 -1 0 0
584.5170443349754 456.5233497536947 -1 0 0
602.8027586206897 479.8533990147784 -1 0 0
634.96039408867 489.9420689655173 -1 0 0
663.9653201970443 530.2967487684731 -1 0 0
682.8815763546799 494.35586206896556 -1 0 0
703.0589162561577 491.8336945812809 -1 0 0
624.2411822660099 556.1489655172414 -1 0 0
669.0096551724139 576.9568472906404 -1 0 0
731.4333004926109 567.4987192118227 -1 0 0
735.8470935960592 539.1243349753696 -1 0 0
766.113103448276 536.6021674876848 -1 0 0
746.5663054187193 503.81399014778333 -1 0 0
737.1081773399017 522.7302463054189 -1 0 0
714.408669950739 479.8533990147784 -1 0 0
717.5613793103449 460.30660098522173 -1 0 0
732.6943842364534 457.78443349753695 -1 0 0
758.5466009852217 471.02581280788183 -1 0 0
753.5022660098523 483.0061083743844 -1 0 0
791.9653201970443 466.6120197044336 -1 0 0
795.1180295566503 476.7006896551725 -1 0 0
795.1180295566503 496.24748768472915 -1 0 0
819.0786206896553 462.1982266009853 -1 0 0
805.2066995073893 447.6957635467981 -1 0 0
817.8175369458129 433.1933004926109 -1 0 0
833.5810837438424 432.5627586206897 -1 0 0
831.689458128079 447.6957635467981 -1 0 0
839.8865024630544 441.39034482758626 -1 0 0
837.3643349753696 472.2868965517242 -1 0 0
837.9948768472907 494.9864039408868 -1 0 0
826.6451231527094 508.2277832512316 -1 0 0
806.4677832512316 530.9272906403942 -1 0 0
859.433300492611 484.26719211822666 -1 0 0
849.9751724137932 475.43960591133015 -1 0 0
856.9111330049262 444.5430541871922 -1 0 0
846.8224630541872 435.71546798029567 -1 0 0
876.457931034483 433.1933004926109 -1 0 0
879.8470935960593 405.8435467980296 -1 0 0
883.1574384236455 405.2130049261084 -1 0 0
894.9800985221677 412.9371428571428 -1 0 0
881.4234482758621 419.400197044335 -1 0 0
874.9603940886701 423.0258128078817 -1 0 0
874.9603940886701 414.1982266009852 -1 0 0
877.0096551724139 405.8435467980296 -1 0 0
903.8076847290642 414.3558620689655 -1 0 0
918.625418719212 416.87802955665023 -1 0 0
917.2066995073893 411.8336945812808 -1 0 0
909.6401970443351 409.1538916256158 -1 0 0
900.9702463054189 404.2671921182266 -1 0 0
892.457931034483 427.12433497536944 -1 0 0
902.0736945812808 445.41004926108377 -1 0 0
900.8126108374386 438.9469950738916 -1 0 0
888.201773399015 451.7154679802956 -1 0 0
876.6943842364534 453.76472906403944 -1 0 0
875.433300492611 441.78443349753695 -1 0 0
922.7239408866998 442.887881773399 -1 0 0
910.9012807881776 439.2622660098523 -1 0 0
906.329852216749 415.30167487684724 -1 0 0
912.9505418719214 410.887881773399 -1 0 0
928.6352709359606 416.9568472906403 -1 0 0
925.4825615763548 413.8041379310344 -1 0 0
924.8520197044335 427.0455172413793 -1 0 0
931.7879802955665 426.0997044334975 -1 0 0
939.3544827586207 437.4494581280788 -1 0 0
933.0490640394089 440.91743842364525 -1 0 0
933.6796059113302 446.90758620689655 -1 0 0
926.113103448276 449.7450246305418 -1 0 0
953.5416748768473 427.6760591133004 -1 0 0
985.384039408867 432.0898522167487 -1 0 0
992.9505418719211 435.8731034482758 -1 0 0
971.1968472906404 438.7105418719211 -1 0 0
964.576157635468 454.4740886699507 -1 0 0
957.3249261083745 446.2770443349753 -1 0 0
956.3791133004926 442.4937931034482 -1 0 0
959.8470935960592 445.64650246305416 -1 0 0
946.2904433497538 439.3410837438423 -1 0 0
953.2264039408867 439.3410837438423 -1 0 0
938.408669950739 459.5184236453201 -1 0 0
933.6796059113302 455.73517241379307 -1 0 0
922.6451231527094 457.9420689655172 -1 0 0
985.6993103448276 458.57261083743833 -1 0 0
980.6549753694582 455.73517241379307 -1 0 0
994.2116256157636 457.31152709359594 -1 0 0
1003.985024630542 454.1588177339901 -1 0 0
1000.5170443349754 450.37556650246296 -1 0 0
974.664827586207 466.4543842364531 -1 0 0
951.0195073891626 447.5381280788177 -1 0 0
945.0293596059113 456.6809852216748 -1 0 0
902.152512315271 457.9420689655172 -1 0 0
895.5318226600986 474.3361576354679 -1 0 0
902.4677832512316 467.7154679802955 -1 0 0
878.8224630541872 458.57261083743833 -1 0 0
883.2362561576356 470.2376354679802 -1 0 0
870.6254187192119 468.3460098522167 -1 0 0
907.8273891625616 493.5676847290639 -1 0 0
919.4924137931035 497.350935960591 -1 0 0
929.2658128078817 498.6120197044334 -1 0 0
960.7929064039408 484.10955665024625 -1 0 0
969.3052216748769 478.74995073891614 -1 0 0
961.1081773399014 502.0799999999999 -1 0 0
972.1426600985222 493.25241379310336 -1 0 0
1001.7781280788178 495.1440394088669 -1 0 0
955.985024630542 453.607093596059 -1 0 0
570.9603940886699 637.8041379310346 -1 0 0
628.9702463054189 661.7647290640394 -1 0 0
743.7288669950739 612.5824630541873 -1 0 0
746.2510344827587 651.6760591133005 -1 0 0
805.5219704433499 610.0602955665025 -1 0 0
883.7091625615766 606.2770443349755 -1 0 0
895.0589162561577 660.5036453201972 -1 0 0
963.1574384236454 646.6317241379312 -1 0 0
966.9406896551725 570.9666995073893 -1 0 0
886.2313300492611 557.0947783251232 -1 0 0
893.7978325123154 521.7844334975371 -1 0 0
915.2362561576356 536.9174384236454 -1 0 0
984.5958620689656 516.7400985221675 -1 0 0
971.9850246305421 533.1341871921184 -1 0 0
989.3249261083745 623.6200985221675 -1 0 0
1013.2855172413795 604.7038423645321 -1 0 0
1018.9603940886701 563.7186206896552 -1 0 0
994.9998029556652 548.5856157635468 -1 0 0
996.2608866995075 537.8664039408867 -1 0 0
1006.3495566502465 528.408275862069 -1 0 0
1013.9160591133005 506.96985221674873 -1 0 0
1023.3741871921185 486.79251231527087 -1 0 0
873.9357635467982 491.8368472906404 -1 0 0
