1005.8546365914788 544.3481430849852 -1 0 0
801.3871041239462 657.8026885395307 -1 0 0
695.4130781499202 644.0884028252449 -1 0 0
532.0884028252449 563.0494417862839 -1 0 0
469.7507404875825 501.9585326953748 -1 0 0
362.5299612668033 565.5429482797904 -1 0 0
104.45203918888114 711.4130781499202 -1 0 0
418.6338573706994 458.3221690590111 -1 0 0
367.5169742538162 435.8806106174527 -1 0 0
953.4910002278423 488.2442469810891 -1 0 0
936.0364547732968 460.81567555251763 -1 0 0
948.5039872408294 445.8546365914787 -1 0 0
978.4260651629074 408.45203918888126 -1 0 0
791.4130781499202 482.01048074732284 -1 0 0
682.9455456823878 462.0624287992709 -1 0 0
662.9974937343359 428.4000911369332 -1 0 0
675.4650262018683 418.42606516290726 -1 0 0
704.140350877193 414.68580542264755 -1 0 0
754.0104807473227 408.45203918888126 -1 0 0
775.2052859421281 405.9585326953748 -1 0 0
793.9065846434266 393.49100022784233 -1 0 0
828.8156755525177 410.9455456823877 -1 0 0
838.7897015265436 400.97151970836177 -1 0 0
889.9065846434266 405.9585326953748 -1 0 0
887.4130781499202 388.50398724082925 -1 0 0
544.5559352927772 408.45203918888126 -1 0 0
514.6338573706994 412.19229892914103 -1 0 0
255.30918204602403 425.90658464342675 -1 0 0
240.34814308498505 400.97151970836177 -1 0 0
114.42606516290712 414.68580542264755 -1 0 0
173.0234677603097 513.179311916154 -1 0 0
13.439052175894112 548.0884028252449 -1 0 0
45.85463659147851 418.42606516290726 -1 0 0
65.80268853953046 412.19229892914103 -1 0 0
91.98450672134864 394.73775347459554 -1 0 0
149.335156071998 397.231259968102 -1 0 0
271.5169742538163 498.218272955115 -1 0 0
330.1143768512189 408.45203918888126 -1 0 0
301.43905217589423 384.7637275005696 -1 0 0
391.20528594212794 399.7247664616086 -1 0 0
135.6208703577123 392.2442469810891 -1 0 0
441.07541581225786 405.9585326953748 -1 0 0
463.5169742538162 386.01048074732284 -1 0 0
545.8026885395305 382.27022100706307 -1 0 0
562.0104807473228 382.27022100706307 -1 0 0
525.8546365914787 373.5429482797903 -1 0 0
588.192298929141 402.218272955115 -1 0 0
598.1663249031669 419.67281840966047 -1 0 0
620.6078833447255 423.41307814992024 -1 0 0
623.101389838232 390.99749373433576 -1 0 0
651.7767145135566 379.7767145135566 -1 0 0
670.4780132148553 399.7247664616086 -1 0 0
681.6987924356345 397.231259968102 -1 0 0
731.5689223057645 397.231259968102 -1 0 0
747.7767145135567 368.55593529277735 -1 0 0
716.6078833447255 366.0624287992709 -1 0 0
712.8676236044656 353.59489633173837 -1 0 0
610.6338573706995 296.244246981089 -1 0 0
933.3351560719982 390.68580542264743 -1 0 0
919.6208703577124 395.04944178628386 -1 0 0
902.7897015265436 389.43905217589423 -1 0 0
870.9974937343359 355.7767145135566 -1 0 0
855.4130781499202 358.8935976304397 -1 0 0
844.8156755525176 361.3871041239462 -1 0 0
857.2832080200501 370.1143768512189 -1 0 0
824.8676236044656 370.1143768512189 -1 0 0
814.270221007063 381.95853269537474 -1 0 0
798.0624287992708 378.8416495784916 -1 0 0
795.5689223057644 367.6208703577125 -1 0 0
799.9325586694007 357.6468443836864 -1 0 0
783.101389838232 364.5039872408293 -1 0 0
768.7637275005695 358.8935976304397 -1 0 0
758.1663249031669 380.0884028252449 -1 0 0
1016.8676236044656 467.36113009797214 -1 0 0
1019.5689223057645 405.9585326953748 -1 0 0
698.5299612668034 406.270221007063 -1 0 0
711.6208703577124 398.7897015265435 -1 0 0
562.0104807473228 254.7897015265436 -1 0 0
630.5819093187514 327.7247664616085 -1 0 0
557.0234677603099 300.9195716564137 -1 0 0
593.8026885395307 316.5039872408293 -1 0 0
573.2312599681021 395.04944178628375 -1 0 0
535.8286625655046 385.07541581225786 -1 0 0
536.4520391888814 371.36113009797214 -1 0 0
483.4650262018683 373.231259968102 -1 0 0
479.10138983823197 390.68580542264743 -1 0 0
485.95853269537486 397.5429482797903 -1 0 0
614.9974937343359 418.1143768512189 -1 0 0
450.4260651629073 377.7507404875825 -1 0 0
456.6598313966735 368.71177944862154 -1 0 0
448.24424698108913 362.7897015265435 -1 0 0
453.23125996810205 360.29619503303707 -1 0 0
459.7767145135566 357.4910002278423 -1 0 0
453.23125996810205 354.06242879927083 -1 0 0
431.41307814992024 344.7117794486214 -1 0 0
429.5429482797904 361.5429482797903 -1 0 0
441.6987924356345 366.5299612668033 -1 0 0
435.4650262018683 371.8286625655046 -1 0 0
419.56892230576443 373.07541581225786 -1 0 0
422.0624287992709 381.17931191615395 -1 0 0
420.50398724082936 392.71177944862154 -1 0 0
410.8416495784917 383.98450672134874 -1 0 0
404.60788334472545 374.0104807473228 -1 0 0
404.60788334472545 364.0364547732968 -1 0 0
413.3351560719982 355.3091820460241 -1 0 0
389.64684438368647 375.5689223057643 -1 0 0
396.19229892914103 365.9065846434267 -1 0 0
384.9715197083618 369.0234677603098 -1 0 0
396.19229892914103 353.7507404875825 -1 0 0
378.42606516290726 348.4520391888812 -1 0 0
384.9715197083618 362.47801321485525 -1 0 0
377.8026885395306 356.244246981089 -1 0 0
379.0494417862839 365.2832080200501 -1 0 0
377.49100022784233 376.192298929141 -1 0 0
364.4000911369332 374.6338573706994 -1 0 0
368.7637275005696 398.0104807473228 -1 0 0
353.17931191615395 379.6208703577124 -1 0 0
359.10138983823197 370.270221007063 -1 0 0
366.89359763043973 364.0364547732968 -1 0 0
367.20528594212806 357.17931191615395 -1 0 0
371.8806106174527 355.3091820460241 -1 0 0
357.8546365914787 361.231259968102 -1 0 0
353.17931191615395 359.67281840966047 -1 0 0
353.80268853953066 346.270221007063 -1 0 0
395.8806106174527 361.231259968102 -1 0 0
427.6728184096605 368.71177944862154 -1 0 0
346.01048074732284 354.9974937343357 -1 0 0
343.20528594212806 360.60788334472534 -1 0 0
340.08840282524494 355.9325586694007 -1 0 0
329.17931191615395 353.7507404875825 -1 0 0
329.49100022784233 365.9065846434267 -1 0 0
328.8676236044657 377.7507404875825 -1 0 0
336.65983139667344 389.9065846434267 -1 0 0
274.6338573706994 389.1273638642059 -1 0 0
287.72476646160857 385.3871041239462 -1 0 0
252.19229892914097 376.6598313966734 -1 0 0
267.77671451355656 376.6598313966734 -1 0 0
236.6078833447254 384.1403508771929 -1 0 0
208.55593529277735 379.7767145135565 -1 0 0
200.45203918888123 404.08840282524477 -1 0 0
204.192298929141 482.6338573706994 -1 0 0
319.20528594212806 346.58190931875134 -1 0 0
321.38710412394624 354.68580542264743 -1 0 0
313.28320802005015 357.4910002278423 -1 0 0
310.47801321485537 348.1403508771929 -1 0 0
294.5819093187514 350.32216905901106 -1 0 0
290.8416495784916 355.3091820460241 -1 0 0
290.52996126680335 363.4130781499202 -1 0 0
280.55593529277735 359.04944178628386 -1 0 0
274.01048074732284 356.244246981089 -1 0 0
277.4390521758943 353.1273638642059 -1 0 0
257.80268853953066 355.9325586694007 -1 0 0
261.8546365914787 364.3481430849851 -1 0 0
253.7507404875826 361.8546365914786 -1 0 0
228.19229892914103 357.4910002278423 -1 0 0
219.77671451355656 359.98450672134874 -1 0 0
217.90658464342675 364.3481430849851 -1 0 0
216.34814308498517 357.4910002278423 -1 0 0
211.67281840966047 361.8546365914786 -1 0 0
206.3741171109592 364.65983139667344 -1 0 0
204.81567555251763 358.1143768512189 -1 0 0
193.90658464342667 358.1143768512189 -1 0 0
197.0234677603098 366.21827295511497 -1 0 0
190.7897015265436 375.5689223057643 -1 0 0
177.0754158122579 378.06242879927083 -1 0 0
180.19229892914103 362.47801321485525 -1 0 0
175.5169742538163 359.67281840966047 -1 0 0
167.1013898382319 359.04944178628386 -1 0 0
166.7897015265436 369.95853269537474 -1 0 0
152.45203918888123 369.95853269537474 -1 0 0
159.62087035771242 361.8546365914786 -1 0 0
150.27022100706307 361.231259968102 -1 0 0
142.78970152654358 366.21827295511497 -1 0 0
142.78970152654358 377.1273638642059 -1 0 0
129.07541581225786 373.3871041239462 -1 0 0
220.7117794486215 383.67281840966047 -1 0 0
228.19229892914103 385.8546365914786 -1 0 0
223.205285942128 358.1143768512189 -1 0 0
317.8546365914787 381.1793119161539 -1 0 0
319.41307814992024 369.02346776030976 -1 0 0
335.30918204602415 353.7507404875825 -1 0 0
302.8935976304397 366.84164957849157 -1 0 0
304.7637275005696 371.82866256550454 -1 0 0
244.60788334472542 358.42606516290715 -1 0 0
72.97151970836182 392.71177944862154 -1 0 0
69.85463659147872 374.3221690590111 -1 0 0
80.45203918888133 371.5169742538164 -1 0 0
106.3221690590112 370.8935976304397 -1 0 0
103.20528594212809 359.04944178628386 -1 0 0
93.85463659147872 348.45203918888126 -1 0 0
90.11437685121896 355.3091820460241 -1 0 0
77.95853269537481 350.3221690590111 -1 0 0
65.49100022784232 355.3091820460241 -1 0 0
59.56892230576444 351.25723399407605 -1 0 0
52.40009113693325 356.8676236044657 -1 0 0
49.90658464342677 350.3221690590111 -1 0 0
61.12736386420598 367.7767145135566 -1 0 0
75.15333789018001 365.59489633173837 -1 0 0
52.71177944862158 372.140350877193 -1 0 0
32.763727500569615 372.7637275005696 -1 0 0
31.51697425381636 389.59489633173837 -1 0 0
14.062428799270906 383.9845067213488 -1 0 0
13.12736386420597 370.5819093187514 -1 0 0
15.620870357712462 359.04944178628386 -1 0 0
18.737753474595593 352.5039872408293 -1 0 0
30.58190931875144 348.45203918888126 -1 0 0
119.41307814992028 368.4000911369332 -1 0 0
4.400091136933249 362.1663249031669 -1 0 0
5.023467760309869 343.7767145135565 -1 0 0
8.4520391888813 351.8806106174526 -1 0 0
644.2961950330371 540.6078833447255 -1 0 0
636.8156755525176 460.81567555251763 -1 0 0
586.9455456823878 379.7767145135566 -1 0 0
630.5819093187514 368.55593529277735 -1 0 0
618.7377534745956 381.33515607199814 -1 0 0
948.5039872408294 358.8935976304396 -1 0 0
883.0494417862839 370.1143768512189 -1 0 0
768.9715197083617 481.69879243563446 -1 0 0
92.2082829451251 376.08440682124876 -1 0 0
120.08440682124899 399.61287834972035 -1 0 0
