81.52432641984875 606.8168249660786 -1 0 0
162.12289203333978 563.757317309556 -1 0 0
131.20837371583636 547.1959682108935 -1 0 0
104.71021515797628 509.6569102539251 -1 0 0
82.62841635975957 524.0100794727658 -1 0 0
40.67299864314778 488.6792013956192 -1 0 0
10.862570265555243 520.6978096530333 -1 0 0
297.92595464237263 622.2740841248303 -1 0 0
193.03741035084317 571.485946888932 -1 0 0
189.72514053111067 500.82419073463836 -1 0 0
175.37197131226975 486.4710215157975 -1 0 0
156.60244233378558 477.63830199651085 -1 0 0
411.64721845318877 578.1104865283969 -1 0 0
444.7699166505138 578.1104865283969 -1 0 0
529.7848420236483 544.9877883310718 -1 0 0
528.6807520837375 653.1886024423337 -1 0 0
666.6919945725919 594.6718356270594 -1 0 0
689.8778833107193 543.883698391161 -1 0 0
670.0042643923244 509.6569102539251 -1 0 0
613.6956774568717 521.8018995929442 -1 0 0
558.49118046133 521.8018995929442 -1 0 0
530.888931963559 496.40783097499497 -1 0 0
488.9335142469472 478.74239193642177 -1 0 0
474.5803450281063 500.82419073463836 -1 0 0
435.93719713122715 488.6792013956192 -1 0 0
412.7513083930995 487.57511145570834 -1 0 0
381.8367900755961 493.0955611552625 -1 0 0
382.940880015507 520.6978096530333 -1 0 0
427.1044776119404 528.4264392324093 -1 0 0
796.9746074820705 524.0100794727658 -1 0 0
827.889125799574 614.5454545454544 -1 0 0
901.8631517736001 564.8614072494669 -1 0 0
934.9858499709251 613.4413646055435 -1 0 0
946.0267493700334 561.5491374297343 -1 0 0
955.9635588292308 526.2182593525877 -1 0 0
983.565807327002 482.0546617561542 -1 0 0
377.42043031595284 665.3335917813529 -1 0 0
336.56910253925184 560.4450474898235 -1 0 0
308.96685404148093 505.2405504942817 -1 0 0
743.9782903663504 511.8650901337467 -1 0 0
764.9559992246564 521.8018995929442 -1 0 0
711.9596821089361 518.4896297732117 -1 0 0
660.0674549331268 483.15875169606494 -1 0 0
767.164179104478 498.6160108548167 -1 0 0
801.390967241714 478.74239193642177 -1 0 0
826.7850358596633 464.3892227175808 -1 0 0
834.5136654390391 493.0955611552625 -1 0 0
819.0564062802871 498.6160108548167 -1 0 0
813.535956580733 518.4896297732117 -1 0 0
842.2422950184148 528.4264392324093 -1 0 0
953.7553789494092 494.19965109517335 -1 0 0
938.2981197906576 487.57511145570834 -1 0 0
133.56541965497195 504.96452800930405 -1 0 0
68.976158170188 480.67454933126567 -1 0 0
223.54874975770502 522.077922077922 -1 0 0
205.33126574917625 513.7972475285908 -1 0 0
209.19558053886414 482.8827292110874 -1 0 0
240.11009885636753 476.81023454157776 -1 0 0
266.6082574142277 493.37158364024026 -1 0 0
299.7309556115527 480.12250436131023 -1 0 0
315.74025974025983 474.05000969180065 -1 0 0
336.7179685985656 470.18569490211274 -1 0 0
327.885249079279 459.6968404729598 -1 0 0
312.9800348904827 451.968210893584 -1 0 0
304.1473153711961 454.72843574336105 -1 0 0
293.1064159720877 451.968210893584 -1 0 0
378.6733863151774 598.2601279317696 -1 0 0
311.87594495057186 583.3549137429734 -1 0 0
262.1918976545843 557.4088001550687 -1 0 0
258.8796278348518 605.9887575111455 -1 0 0
6.59507656522578 490.61135879046316 -1 0 0
23.708470633843735 474.05000969180065 -1 0 0
12.667571234735378 467.9775150222911 -1 0 0
52.414809071525475 461.35297538282606 -1 0 0
93.2661368482264 475.1540996317115 -1 0 0
97.68249660786972 489.5072688505524 -1 0 0
130.25314983523938 483.43477418104277 -1 0 0
146.81449893390194 495.0277185501065 -1 0 0
150.12676875363445 455.83252568327185 -1 0 0
138.5338243845707 451.968210893584 -1 0 0
123.62861019577437 449.20798604380684 -1 0 0
111.48362085675517 452.5202558635394 -1 0 0
118.10816049622022 467.9775150222911 -1 0 0
125.83679007559607 460.8009304128706 -1 0 0
51.31071913161463 451.968210893584 -1 0 0
44.134134522194195 443.6875363442527 -1 0 0
42.47799961232794 434.854816824966 -1 0 0
57.93525877107964 437.6150416747431 -1 0 0
51.86276410157004 429.88641209536723 -1 0 0
91.96045745299475 451.5541771661174 -1 0 0
93.06454739290557 444.377592556697 -1 0 0
150.7532467532467 449.6220197712735 -1 0 0
162.3461911223105 452.10622213607286 -1 0 0
164.8303934871099 461.76700911029263 -1 0 0
180.01163016088387 470.32370614460166 -1 0 0
192.70866446985843 471.9798410544679 -1 0 0
191.60457452994763 480.26051560379915 -1 0 0
33.44369063772048 444.377592556697 -1 0 0
59.94184919558053 446.86179492149637 -1 0 0
70.98274859468889 443.82554758674155 -1 0 0
74.8470633843768 434.7168055824772 -1 0 0
69.32661368482263 429.19635588292306 -1 0 0
62.97809653033532 426.98817600310133 -1 0 0
75.3991083543322 426.98817600310133 -1 0 0
74.8470633843768 422.0197712735026 -1 0 0
51.38515216127155 420.91568133359175 -1 0 0
44.20856755185111 416.4993215739484 -1 0 0
38.41209536731923 417.32738902888156 -1 0 0
28.199263423144004 415.947276603993 -1 0 0
19.64256638883503 420.0876138786586 -1 0 0
14.122116689280853 421.4677263035472 -1 0 0
6.1174646249272975 417.05136654390384 -1 0 0
8.049622019771267 403.80228726497376 -1 0 0
6.945532079860423 398.00581508044195 -1 0 0
15.226206629191696 396.07365768559794 -1 0 0
23.782903663500672 394.96956774568713 -1 0 0
9.981779414615223 381.4444659817794 -1 0 0
1.9771273502616684 381.4444659817794 -1 0 0
22.12676875363442 388.8970730761775 -1 0 0
11.913936809459193 390.0011630160884 -1 0 0
3.9092847451056376 407.94262453963944 -1 0 0
10.809846869548348 444.9296375266524 -1 0 0
43.65652258189571 425.8840860631905 -1 0 0
40.068230277185485 430.0244233378561 -1 0 0
46.69276991665049 409.32273696452796 -1 0 0
48.900949796472176 402.69819732506295 -1 0 0
38.41209536731923 395.24559023066485 -1 0 0
32.33960069780964 398.83388253537504 -1 0 0
30.131420817987973 402.4221748400853 -1 0 0
34.271758092653606 402.4221748400853 -1 0 0
25.715061058344627 406.2864896297732 -1 0 0
30.683465787943383 411.80693932932735 -1 0 0
28.75130839309943 407.390579569684 -1 0 0
15.778251599147117 408.49466950959487 -1 0 0
19.64256638883503 410.70284938941654 -1 0 0
17.98643147896878 401.59410738515214 -1 0 0
20.470633843768155 402.9742198100407 -1 0 0
43.65652258189571 396.3496801705757 -1 0 0
67.67047877495635 390.5532079860438 -1 0 0
77.05524326419845 382.2725334367125 -1 0 0
98.30897460748204 383.1006008916456 -1 0 0
32.61562318278735 381.7204884667571 -1 0 0
103.82942430703623 385.3087807714673 -1 0 0
120.11475092072104 392.4853653808877 -1 0 0
41.172320217096335 406.5625121147509 -1 0 0
58.28571428571428 421.19170381856947 -1 0 0
72.91490598953283 414.015119209149 -1 0 0
69.32661368482263 411.254894359372 -1 0 0
65.4622988951347 400.4900174452413 -1 0 0
61.32196162046907 397.72979259546423 -1 0 0
59.113781740647404 404.63035471990696 -1 0 0
77.33126574917617 393.0374103508432 -1 0 0
92.23647993797245 405.73444465981777 -1 0 0
92.78852490792788 409.32273696452796 -1 0 0
96.9288621825935 420.0876138786586 -1 0 0
104.38146927699164 419.5355689087032 -1 0 0
96.10079472766039 429.19635588292306 -1 0 0
103.82942430703623 432.78464818763325 -1 0 0
113.21418879627834 441.0653227369645 -1 0 0
108.79782903663498 442.99748013180846 -1 0 0
126.18724559023063 441.0653227369645 -1 0 0
132.81178522969563 442.4454351618531 -1 0 0
139.43632486916067 443.2735026167862 -1 0 0
144.1287071137817 437.20100794727654 -1 0 0
140.54041480907148 434.7168055824772 -1 0 0
135.01996510951733 426.98817600310133 -1 0 0
127.01531304516375 430.5764683078115 -1 0 0
121.7708858305873 433.0606706726109 -1 0 0
116.52645861601084 426.7121535181236 -1 0 0
111.28203140143437 426.98817600310133 -1 0 0
108.24578406667958 423.95192866834657 -1 0 0
110.72998643147895 421.19170381856947 -1 0 0
116.80248110098853 422.0197712735026 -1 0 0
123.15099825547584 424.2279511533243 -1 0 0
123.42702074045356 419.25954642372545 -1 0 0
116.80248110098853 417.879433998837 -1 0 0
113.21418879627834 415.1192091490598 -1 0 0
109.62589649156811 404.63035471990696 -1 0 0
105.20953673192476 399.9379724752859 -1 0 0
102.72533436712538 396.3496801705757 -1 0 0
93.61659236286098 396.62570265555337 -1 0 0
90.85636751308391 394.96956774568713 -1 0 0
84.2318278736189 426.98817600310133 -1 0 0
79.53944562899784 429.19635588292306 -1 0 0
79.81546811397556 415.947276603993 -1 0 0
82.29967047877493 404.9063772048847 -1 0 0
81.19558053886409 402.1461523551075 -1 0 0
74.8470633843768 401.0420624151967 -1 0 0
58.00969180073656 409.8747819344834 -1 0 0
85.05989532855203 419.25954642372545 -1 0 0
67.11843380500095 402.4221748400853 -1 0 0
130.603605349874 401.0420624151967 -1 0 0
133.91587516960647 401.59410738515214 -1 0 0
139.43632486916067 399.6619499903082 -1 0 0
141.64450474898234 396.9017251405311 -1 0 0
139.98836983911607 396.9017251405311 -1 0 0
145.78484202364797 390.0011630160884 -1 0 0
156.82574142275632 386.41287071137816 -1 0 0
164.8303934871099 392.20934289591 -1 0 0
155.72165148284543 396.07365768559794 -1 0 0
156.5497189377786 399.6619499903082 -1 0 0
150.2012017832913 401.59410738515214 -1 0 0
146.6129094785811 400.766039930219 -1 0 0
144.95677456871482 411.80693932932735 -1 0 0
143.30063965884858 417.32738902888156 -1 0 0
137.7801899592944 419.25954642372545 -1 0 0
117.07850358596625 410.70284938941654 -1 0 0
119.01066098081021 405.45842217484005 -1 0 0
114.87032370614459 400.21399496026356 -1 0 0
112.66214382632289 398.83388253537504 -1 0 0
48.07288234153905 412.08296181430507 -1 0 0
47.52083737158362 421.4677263035472 -1 0 0
135.29598759449505 413.18705175421593 -1 0 0
131.1556503198294 417.32738902888156 -1 0 0
127.29133553014147 417.32738902888156 -1 0 0
138.60825741422755 415.67125411901526 -1 0 0
151.58131420817983 405.73444465981777 -1 0 0
155.99767396782318 407.94262453963944 -1 0 0
155.16960651289006 411.80693932932735 -1 0 0
151.85733669315755 414.29114169412674 -1 0 0
149.6491568133359 418.15545648381465 -1 0 0
153.51347160302382 421.4677263035472 -1 0 0
141.3684822640046 425.0560186082574 -1 0 0
137.228144989339 422.2957937584803 -1 0 0
132.25974025974023 420.0876138786586 -1 0 0
100.51715448730373 424.77999612327966 -1 0 0
101.34522194223685 430.8524907927893 -1 0 0
149.6491568133359 437.20100794727654 -1 0 0
152.68540414809067 429.74840085287843 -1 0 0
148.54506687342504 428.9203333979453 -1 0 0
146.6129094785811 422.2957937584803 -1 0 0
160.69005621244426 422.0197712735026 -1 0 0
156.2736964528009 426.7121535181236 -1 0 0
160.96607869742195 427.8162434580345 -1 0 0
170.90288815661947 426.98817600310133 -1 0 0
167.03857336693153 431.128513277767 -1 0 0
170.35084318666404 429.74840085287843 -1 0 0
167.31459585190922 421.19170381856947 -1 0 0
171.17891064159716 420.0876138786586 -1 0 0
162.07016863733278 417.05136654390384 -1 0 0
157.10176390773404 416.22329908897075 -1 0 0
163.4502810622213 412.6350067842605 -1 0 0
163.4502810622213 406.8385345997286 -1 0 0
169.24675324675323 407.6666020546617 -1 0 0
172.0069780965303 408.49466950959487 -1 0 0
175.5952704012405 409.32273696452796 -1 0 0
175.3192479162628 405.73444465981777 -1 0 0
175.87129288621824 398.00581508044195 -1 0 0
174.49118046132966 394.141500290754 -1 0 0
180.01163016088387 392.20934289591 -1 0 0
206.5097887187439 390.0011630160884 -1 0 0
209.27001356852102 394.96956774568713 -1 0 0
211.20217096336495 395.7976352006202 -1 0 0
221.9670478774956 391.1052529559992 -1 0 0
228.8676100019383 398.5578600503973 -1 0 0
220.58693545260704 401.87012987012986 -1 0 0
215.34250823803058 455.1424694708276 -1 0 0
221.9670478774956 455.1424694708276 -1 0 0
235.49214964140336 449.06997480131804 -1 0 0
240.4605543710021 460.3868966854041 -1 0 0
250.12134134522188 455.1424694708276 -1 0 0
241.28862182593522 447.6898623764295 -1 0 0
247.91316146540024 441.0653227369645 -1 0 0
243.49680170575687 439.40918782709826 -1 0 0
242.66873425082375 434.4407830974995 -1 0 0
245.98100407055625 431.128513277767 -1 0 0
243.49680170575687 430.0244233378561 -1 0 0
239.63248691606898 426.98817600310133 -1 0 0
233.28396976158166 426.98817600310133 -1 0 0
231.35181236673773 433.0606706726109 -1 0 0
235.2161271564256 437.20100794727654 -1 0 0
228.5915875169606 445.4816824966078 -1 0 0
226.65943012211665 436.6489629773211 -1 0 0
221.41500290754016 435.5448730374103 -1 0 0
222.24307036247328 431.6805582477224 -1 0 0
218.65477805776308 430.5764683078115 -1 0 0
226.65943012211665 428.0922659430122 -1 0 0
131.4316728048071 431.128513277767 -1 0 0
159.033921302578 434.7168055824772 -1 0 0
164.27834851715446 436.6489629773211 -1 0 0
166.2105059119984 446.30974995154094 -1 0 0
171.45493312657487 447.1378174064741 -1 0 0
176.42333785617362 448.7939523163403 -1 0 0
189.94843962008136 450.72610971118434 -1 0 0
177.25140531110674 459.28280674549325 -1 0 0
211.47819344834267 439.96123279705364 -1 0 0
214.79046326807514 442.99748013180846 -1 0 0
213.1343283582089 448.24190734638495 -1 0 0
205.40569877883308 431.128513277767 -1 0 0
199.6092265943012 432.78464818763325 -1 0 0
194.088776894747 426.98817600310133 -1 0 0
193.53673192479155 422.2957937584803 -1 0 0
188.84434968017055 426.16010854816824 -1 0 0
185.2560573754603 423.1238612134134 -1 0 0
183.0478774956387 422.0197712735026 -1 0 0
186.36014731537117 419.25954642372545 -1 0 0
189.39639465012593 415.947276603993 -1 0 0
194.3647993797247 410.42682690443877 -1 0 0
190.50048459003682 411.254894359372 -1 0 0
193.53673192479155 407.390579569684 -1 0 0
187.1882147703043 402.4221748400853 -1 0 0
183.8759449505718 404.63035471990696 -1 0 0
178.90754022097303 405.73444465981777 -1 0 0
180.01163016088387 415.1192091490598 -1 0 0
174.49118046132966 416.4993215739484 -1 0 0
167.31459585190922 415.39523163403754 -1 0 0
168.14266330684237 417.879433998837 -1 0 0
178.07947276603986 429.74840085287843 -1 0 0
186.63616980034888 439.96123279705364 -1 0 0
190.22446210505908 441.0653227369645 -1 0 0
196.02093428959094 439.40918782709826 -1 0 0
202.36945144407827 456.7986043806939 -1 0 0
202.9214964140337 408.21864702461716 -1 0 0
203.47354138398907 402.4221748400853 -1 0 0
210.92614847838726 404.07830974995153 -1 0 0
207.61387865865476 407.94262453963944 -1 0 0
76.50319829424305 470.5997286295793 -1 0 0
198.22911416941272 419.0525295599922 -1 0 0
195.74491180461334 416.1542934677263 -1 0 0
208.30393487109907 426.91917038185693 -1 0 0
198.91917038185696 426.78115913936807 -1 0 0
204.5776313239 434.50978871874395 -1 0 0
210.0980810234542 436.71796859856556 -1 0 0
224.3132389998062 424.8490017445241 -1 0 0
226.38340763713902 421.67474316728044 -1 0 0
233.28396976158174 421.26070943981387 -1 0 0
239.4944756735802 421.95076565225816 -1 0 0
236.04419461135885 417.81042837759253 -1 0 0
240.7365768559799 411.59992246559403 -1 0 0
242.94475673580158 409.9437875557278 -1 0 0
241.0125993409576 407.0455514634619 -1 0 0
236.7342508238031 406.6315177359953 -1 0 0
229.14363248691612 407.7356076759061 -1 0 0
224.72727272727278 403.8712928862182 -1 0 0
220.44892421011824 412.15196743554947 -1 0 0
215.89455320798606 410.90986625314974 -1 0 0
216.99864314789693 408.5636751308393 -1 0 0
210.51211475092074 412.4279899205272 -1 0 0
207.19984493118824 413.39406861794913 -1 0 0
204.3016088389223 415.8782709827486 -1 0 0
210.51211475092074 421.95076565225816 -1 0 0
213.27233960069785 426.50513665439036 -1 0 0
210.51211475092074 415.464237255282 -1 0 0
207.6138786586548 418.0864508625702 -1 0 0
217.41267687536347 415.1882147703043 -1 0 0
225.27931769722818 414.49815855786 -1 0 0
253.43361116495447 431.611552626478 -1 0 0
259.2300833494864 432.1635975964334 -1 0 0
257.9879821670867 439.3401822058538 -1 0 0
262.2663306842412 444.860631905408 -1 0 0
262.6803644117078 440.99631711572005 -1 0 0
258.26400465206444 445.9647218453188 -1 0 0
261.85229695677464 457.69567745687146 -1 0 0
251.3634425276217 436.5799573560767 -1 0 0
265.71661174646255 431.611552626478 -1 0 0
267.23473541384 436.4419461135879 -1 0 0
262.2663306842412 429.40337274665626 -1 0 0
262.95638689668544 423.8829230471021 -1 0 0
267.9247916262843 423.8829230471021 -1 0 0
270.54700523357246 421.95076565225816 -1 0 0
266.268656716418 413.25605737546033 -1 0 0
265.02655553401826 406.3554952510176 -1 0 0
258.26400465206444 400.97305679395225 -1 0 0
215.89455320798606 390.07016863733276 -1 0 0
255.36576855979848 396.55669703430897 -1 0 0
262.12831944175235 396.41868579182005 -1 0 0
270.8230277185502 402.76720294630735 -1 0 0
270.4089939910836 408.5636751308393 -1 0 0
261.3002519868192 414.91219228532657 -1 0 0
259.3680945919752 409.9437875557278 -1 0 0
256.19383601473163 416.8443496801706 -1 0 0
253.84764489242107 420.2946307423919 -1 0 0
250.94940880015517 421.95076565225816 -1 0 0
244.0488466757124 414.91219228532657 -1 0 0
239.63248691606907 418.36247334754796 -1 0 0
245.70498158557865 419.7425857724365 -1 0 0
243.49680170575698 419.1905408024811 -1 0 0
248.05117270788918 423.6069005621244 -1 0 0
245.15293661562322 411.1858887381275 -1 0 0
251.77747625508823 412.5660011630161 -1 0 0
227.6255088195387 409.5297538282613 -1 0 0
224.8652839697616 411.1858887381275 -1 0 0
222.65710408993996 410.21981004070557 -1 0 0
212.03023841829815 409.5297538282613 -1 0 0
214.23841829811983 406.3554952510176 -1 0 0
221.27699166505138 426.78115913936807 -1 0 0
262.5423531692189 417.5344058926148 -1 0 0
265.8546229889514 415.1882147703043 -1 0 0
266.6826904438845 419.3285520449699 -1 0 0
227.6255088195387 403.5952704012405 -1 0 0
240.7365768559799 404.69936034115136 -1 0 0
204.3016088389223 424.5729792595464 -1 0 0
204.3016088389223 424.5729792595464 -1 0 0
187.60224849777092 414.22213607288234 -1 0 0
187.60224849777092 414.22213607288234 -1 0 0
189.67241713510373 403.5952704012405 -1 0 0
191.46656328745883 401.24907927893 -1 0 0
190.22446210505913 398.0748207016863 -1 0 0
278.55165729792594 398.97189377786395 -1 0 0
282.41597208761385 398.97189377786395 -1 0 0
290.14460166698973 396.7637138980423 -1 0 0
310.29424307036254 394.2795115332429 -1 0 0
305.6018608257414 397.86780383795315 -1 0 0
314.9866253149835 395.3836014731537 -1 0 0
317.47082767978293 397.86780383795315 -1 0 0
331.547974413646 397.86780383795315 -1 0 0
334.03217677844543 400.0759837177748 -1 0 0
326.02752471409184 403.664276022485 -1 0 0
315.26264779996126 406.9765458422175 -1 0 0
304.7737933708083 466.3213801124249 -1 0 0
318.0228726497383 443.9635588292305 -1 0 0
329.89183950377975 450.8641209536732 -1 0 0
334.5842217484008 447.275828648963 -1 0 0
332.1000193836015 432.64663694514445 -1 0 0
320.23105252956 430.7144795503005 -1 0 0
314.9866253149835 425.1940298507463 -1 0 0
310.84628804031786 426.02209730567944 -1 0 0
276.3962008141114 463.9751889901143 -1 0 0
265.355301415003 467.011436324869 -1 0 0
271.1517735995349 454.3144020158945 -1 0 0
271.1517735995349 445.4816824966078 -1 0 0
273.63597596433425 442.16941267687525 -1 0 0
274.7400659042451 438.0290754022096 -1 0 0
275.2921108742005 434.71680558247715 -1 0 0
271.7038185694903 428.9203333979452 -1 0 0
274.7400659042451 408.2186470246171 -1 0 0
279.9844931188216 412.08296181430507 -1 0 0
284.9528978484203 407.1145570847063 -1 0 0
306.75867416165937 410.42682690443877 -1 0 0
301.7902694320606 414.01511920914896 -1 0 0
296.8218647024618 414.01511920914896 -1 0 0
295.57976352006204 427.4712153518123 -1 0 0
295.9937972475287 431.7495638689668 -1 0 0
301.2382244621051 431.7495638689668 -1 0 0
307.4487303741036 432.71564256638874 -1 0 0
301.10021321961625 440.03023841829804 -1 0 0
304.13646055437107 442.2384182981197 -1 0 0
282.3306842411321 431.0595076565225 -1 0 0
286.74704400077536 432.02558635394445 -1 0 0
280.6745493312658 434.9238224462104 -1 0 0
276.9482457840668 429.4033727466562 -1 0 0
279.1564256638884 423.7449118046132 -1 0 0
284.4008528784649 423.4688893196355 -1 0 0
277.6383019965111 418.9145183175033 -1 0 0
275.9821670866448 412.28997867803827 -1 0 0
294.6136848226401 420.8466757123473 -1 0 0
289.7832913355302 418.6384958325256 -1 0 0
288.12715642566394 415.46423725528194 -1 0 0
291.4394262453964 415.74025974025966 -1 0 0
284.26284163597603 413.532079860438 -1 0 0
288.81721263810823 411.7379337080829 -1 0 0
302.7563481294825 418.9145183175033 -1 0 0
306.20662919170394 417.53440589261476 -1 0 0
304.2744717968599 416.56832719519275 -1 0 0
308.13878658654784 417.94843962008133 -1 0 0
310.20895522388065 417.53440589261476 -1 0 0
312.14111261872466 416.0162822252374 -1 0 0
314.2112812560574 421.39872068230267 -1 0 0
305.7925954642373 421.9507656522581 -1 0 0
314.9013374685017 436.85597984105436 -1 0 0
312.14111261872466 440.72029463074233 -1 0 0
328.15041674743173 427.4712153518123 -1 0 0
325.114169412677 420.8466757123473 -1 0 0
322.35394456289987 421.5367319247915 -1 0 0
320.4217871680559 425.6770691994572 -1 0 0
329.25450668734254 424.71099050203514 -1 0 0
332.1527427796085 427.19519286683453 -1 0 0
335.3270013568522 424.71099050203514 -1 0 0
341.81352975382833 429.54138398914506 -1 0 0
347.1959682108936 436.303934871099 -1 0 0
328.56445047489825 444.17057569296367 -1 0 0
320.4217871680559 439.4781934483426 -1 0 0
298.3399883698392 419.60457452994757 -1 0 0
311.58906764876923 410.633843768172 -1 0 0
323.0440007753441 414.9121922853265 -1 0 0
325.2521806551658 414.49815855785994 -1 0 0
324.4241132002327 408.7016863733281 -1 0 0
331.4626865671642 408.83969761581693 -1 0 0
338.2252374491181 405.25140531110674 -1 0 0
342.22756348129485 399.1789106415971 -1 0 0
339.19131614654003 394.2105059119984 -1 0 0
345.1257995735608 414.49815855785994 -1 0 0
337.1211475092073 420.29463074239186 -1 0 0
336.56910253925184 422.3647993797247 -1 0 0
332.98081023454165 416.9823609226593 -1 0 0
334.3609226594302 414.6361698003488 -1 0 0
340.1573948439621 414.49815855785994 -1 0 0
340.43341732893975 411.7379337080829 -1 0 0
344.7117658460943 405.25140531110674 -1 0 0
350.23221554564844 421.81275440976924 -1 0 0
345.4018220585385 425.2630354719906 -1 0 0
342.91761969373914 421.39872068230267 -1 0 0
345.95386702849396 418.50048459003676 -1 0 0
347.74801318084906 430.50746268656707 -1 0 0
322.35394456289987 399.04089939910824 -1 0 0
339.32932738902895 435.6138786586547 -1 0 0
288.12715642566394 447.75886799767386 -1 0 0
279.98449311882155 450.6571040899398 -1 0 0
281.22659430122127 458.1097111843379 -1 0 0
296.13180849001753 423.7449118046132 -1 0 0
293.0955611552627 425.815080441946 -1 0 0
289.6452800930413 424.4349680170575 -1 0 0
201.04206241519682 449.6910253925178 -1 0 0
343.0556309362281 446.5167668152742 -1 0 0
345.4018220585386 442.928474510564 -1 0 0
352.3023841829813 436.85597984105436 -1 0 0
355.8906764876915 431.1975188990113 -1 0 0
353.82050785035875 425.40104671447943 -1 0 0
354.0965303353364 420.70866446985843 -1 0 0
352.4403954254702 419.19054080248105 -1 0 0
354.64857530529184 414.36014731537114 -1 0 0
351.33630548555936 413.39406861794913 -1 0 0
351.1982942430705 403.87129288621816 -1 0 0
354.51056406280304 393.93448342702067 -1 0 0
379.9046326807522 388.6900562124442 -1 0 0
401.98643147896894 395.3145958519092 -1 0 0
418.54778057763144 395.0385733669315 -1 0 0
424.0682302771856 395.45260709439805 -1 0 0
368.8637332816438 442.65245202558646 -1 0 0
364.7233960069782 434.92382244621064 -1 0 0
366.5175421593333 430.78348517154495 -1 0 0
361.68714867222343 430.0934289591007 -1 0 0
373.8321380112426 427.19519286683476 -1 0 0
372.7280480713318 423.4688893196357 -1 0 0
371.20992440395435 426.3671254119016 -1 0 0
369.55378949408805 419.3285520449701 -1 0 0
366.793564644311 419.19054080248117 -1 0 0
363.6193060670673 419.6045745299478 -1 0 0
359.61698003489056 418.2244621050592 -1 0 0
361.68714867222343 416.70633843768184 -1 0 0
355.2006202752472 407.1835627059509 -1 0 0
361.68714867222343 404.1473153711961 -1 0 0
360.8590812172903 409.1157201007948 -1 0 0
366.793564644311 400.83504555146357 -1 0 0
372.0379918588875 400.83504555146357 -1 0 0
380.7327001356853 402.353169218841 -1 0 0
377.1444078309751 400.9730567939524 -1 0 0
385.0110486528398 400.9730567939524 -1 0 0
400.0542740841249 405.5274277960846 -1 0 0
406.4027912386122 402.21515797635215 -1 0 0
412.337274665633 401.6631130063967 -1 0 0
419.51385927505345 403.0432254312853 -1 0 0
427.7945338243847 403.7332816437295 -1 0 0
433.3149835239388 401.387090521419 -1 0 0
441.5956580732701 396.4186857918203 -1 0 0
447.9441752277574 402.0771467338633 -1 0 0
385.5630936227952 407.73560767590635 -1 0 0
376.7303741035085 408.977708858306 -1 0 0
373.0040705563095 408.4256638883506 -1 0 0
369.13975576662153 410.0817987982168 -1 0 0
369.4157782515993 412.0139561930608 -1 0 0
365.96549718937786 413.53207986043816 -1 0 0
365.82748594688906 416.4303159527041 -1 0 0
371.7619693739098 415.3262260127933 -1 0 0
375.2122504361311 414.636169800349 -1 0 0
378.6625314983525 412.5660011630162 -1 0 0
380.4566776507076 410.0817987982168 -1 0 0
384.7350261678621 411.04787749563883 -1 0 0
387.7712735026169 411.04787749563883 -1 0 0
392.0496220197714 411.32389998061655 -1 0 0
393.8437681721265 408.7016863733283 -1 0 0
398.9501841442141 408.5636751308394 -1 0 0
405.8507462686568 409.1157201007948 -1 0 0
405.16069005621256 406.90754022097315 -1 0 0
410.26710602830013 409.3917425857726 -1 0 0
388.1853072300834 458.6617561542935 -1 0 0
378.3865090133748 453.9693739096725 -1 0 0
372.452025586354 453.55534018220595 -1 0 0
371.07191316146555 450.1050591199846 -1 0 0
375.35026167862003 443.6185307230084 -1 0 0
374.384182981198 439.4781934483428 -1 0 0
380.59468889319646 428.4372940492345 -1 0 0
383.21690250048465 432.0255863539447 -1 0 0
381.42275634812955 434.23376623376635 -1 0 0
382.940880015507 441.96239581314217 -1 0 0
389.565419654972 440.7202946307425 -1 0 0
386.3911610777283 449.96704787749576 -1 0 0
395.08586935452615 446.7927893002521 -1 0 0
393.5677456871488 441.8243845706533 -1 0 0
404.19461135879055 439.7542159333205 -1 0 0
406.4027912386122 444.03256445047504 -1 0 0
410.1290947858113 447.62085675518523 -1 0 0
414.68346578794353 441.1343283582091 -1 0 0
407.36886993603423 434.6477999612329 -1 0 0
404.3326226012794 433.40569877883325 -1 0 0
395.63791432448164 432.0255863539447 -1 0 0
390.6695095948828 435.33785617367715 -1 0 0
391.49757704981596 430.36945144407844 -1 0 0
393.98177941461535 426.91917038185704 -1 0 0
388.04729598759457 419.6045745299478 -1 0 0
383.90695871292894 420.9846869548363 -1 0 0
380.04264392324103 422.5028106222137 -1 0 0
378.5245202558636 418.3624733475481 -1 0 0
374.2461717387091 419.3285520449701 -1 0 0
375.07423919364226 422.0887768947472 -1 0 0
395.36189183950387 417.25838340763727 -1 0 0
394.94785811203735 412.8420236479939 -1 0 0
404.7466563287459 416.84434968017064 -1 0 0
403.6425663888351 414.636169800349 -1 0 0
405.4367125411902 410.9098662531499 -1 0 0
407.2308586935454 411.32389998061655 -1 0 0
408.1969373909674 413.3940686179493 -1 0 0
414.40744330296576 411.46191122310535 -1 0 0
386.3911610777283 427.4712153518125 -1 0 0
397.57007171932554 425.9530916844351 -1 0 0
395.9139368094593 422.9168443496803 -1 0 0
397.15603799185897 420.1566194999032 -1 0 0
398.9501841442141 416.15429346772646 -1 0 0
428.48459003682893 407.4595851909286 -1 0 0
441.5956580732701 411.73793370808306 -1 0 0
445.59798410544687 407.73560767590635 -1 0 0
454.84473735220007 410.35782128319454 -1 0 0
445.87400659042453 454.52141887962796 -1 0 0
442.14770304322553 451.34716030238434 -1 0 0
433.4529947664277 448.4489242101183 -1 0 0
430.4167474316729 444.1705756929639 -1 0 0
436.4892421011825 442.9284745105642 -1 0 0
441.5956580732701 446.7927893002521 -1 0 0
448.6342314402017 443.8945532079862 -1 0 0
445.7359953479358 443.6185307230084 -1 0 0
446.9780965303354 438.09808102345426 -1 0 0
457.74297344446603 454.52141887962796 -1 0 0
457.4669509594884 447.7588679976741 -1 0 0
456.22484977708865 431.0595076565227 -1 0 0
456.7768947470441 426.50513665439047 -1 0 0
449.04826516766826 429.1273502616787 -1 0 0
444.49389416553606 430.78348517154495 -1 0 0
441.5956580732701 432.9916650513666 -1 0 0
436.76526458616024 430.2314402015896 -1 0 0
434.5570847063385 434.0957549912775 -1 0 0
433.7290172514054 438.51211475092083 -1 0 0
422.8261290947859 435.61387865865487 -1 0 0
427.24248885442927 431.1975188990115 -1 0 0
420.4799379724754 431.1975188990115 -1 0 0
416.3396006978098 427.3332041093236 -1 0 0
415.9255669703432 425.2630354719908 -1 0 0
411.50920721069986 433.1296762938555 -1 0 0
398.1221166892809 428.4372940492345 -1 0 0
401.43438650901345 426.6431478968794 -1 0 0
404.6086450862571 421.53673192479175 -1 0 0
409.8530723008336 419.19054080248117 -1 0 0
410.6811397557667 419.19054080248117 -1 0 0
363.06726109711195 457.6956774568716 -1 0 0
361.2731149447568 434.6477999612329 -1 0 0
417.3056793952317 415.74025974025983 -1 0 0
412.06125218065523 416.29230471021526 -1 0 0
413.99340957549924 418.6384958325258 -1 0 0
424.34425276216325 419.19054080248117 -1 0 0
426.69044388447384 416.29230471021526 -1 0 0
428.8986237642955 421.1226981973252 -1 0 0
437.3173095561156 425.6770691994574 -1 0 0
439.11145570847077 422.9168443496803 -1 0 0
436.2132196162048 420.2946307423921 -1 0 0
454.70672610971127 438.9261484783874 -1 0 0
458.29501841442146 438.2360922659431 -1 0 0
384.32099244039557 416.70633843768184 -1 0 0
383.35491374297357 414.49815855786017 -1 0 0
386.80519480519484 415.1882147703044 -1 0 0
390.11746462492744 417.25838340763727 -1 0 0
424.34425276216325 410.4958325256834 -1 0 0
426.4144213994961 410.9098662531499 -1 0 0
425.72436518705183 408.14964140337287 -1 0 0
421.44601666989735 415.3262260127933 -1 0 0
422.8261290947859 413.25605737546044 -1 0 0
419.92789300251997 412.70401240550507 -1 0 0
417.58170188020944 412.2899786780385 -1 0 0
440.0775344058927 438.78813723589855 -1 0 0
436.76526458616024 408.83969761581716 -1 0 0
452.7745687148673 417.8104283775927 -1 0 0
450.0143438650902 423.05485559216913 -1 0 0
454.15468113975584 425.6770691994574 -1 0 0
444.9079278930026 428.2992828067456 -1 0 0
443.52781546811406 422.9168443496803 -1 0 0
442.56173677069205 419.6045745299478 -1 0 0
440.49156813335924 418.2244621050592 -1 0 0
438.0073657685599 418.2244621050592 -1 0 0
432.62492731149456 420.1566194999032 -1 0 0
458.4330296569103 422.226788137236 -1 0 0
459.26109711184347 418.2244621050592 -1 0 0
459.1230858693546 410.0817987982168 -1 0 0
360.44504748982376 425.2630354719908 -1 0 0
346.50591199844933 524.0100794727658 -1 0 0
503.2866834657882 485.3669315758867 -1 0 0
464.50552432641996 445.9647218453186 -1 0 0
463.40143438650915 439.06415972087586 -1 0 0
465.7476255088197 431.1975188990112 -1 0 0
463.9534793564645 429.1273502616784 -1 0 0
467.265749176197 427.609226594301 -1 0 0
464.6435355689088 424.5729792595462 -1 0 0
461.0552432641986 424.0209342895908 -1 0 0
462.15933320410943 415.87827098274835 -1 0 0
462.2973444465983 409.3917425857722 -1 0 0
479.4107385152162 449.6910253925177 -1 0 0
474.8563675130841 447.8968792401626 -1 0 0
470.4400077534407 439.4781934483425 -1 0 0
488.5194805194806 446.516766815274 -1 0 0
493.2118627641017 454.24539639464984 -1 0 0
509.7732118627642 449.96704787749536 -1 0 0
502.0445822833883 447.2068230277183 -1 0 0
501.07850358596636 441.6863733281641 -1 0 0
506.8749757704983 440.44427214576444 -1 0 0
508.9451444078311 436.8559798410542 -1 0 0
511.9813917425859 438.51211475092043 -1 0 0
519.0199651095174 438.7881372358982 -1 0 0
520.8141112618725 442.1004070556307 -1 0 0
523.8503585966274 446.2407443302963 -1 0 0
524.6784260515605 453.0032952122502 -1 0 0
515.4316728048072 453.8313626671833 -1 0 0
526.7485946888933 439.75421593332015 -1 0 0
531.1649544485367 443.756541965497 -1 0 0
536.2713704206242 441.6863733281641 -1 0 0
538.2035278154682 450.38108160496193 -1 0 0
534.3392130257803 453.2793176972279 -1 0 0
480.7908509401048 442.23841829811954 -1 0 0
477.47858112037227 435.6138786586545 -1 0 0
473.7522775731732 435.88990114363224 -1 0 0
475.6844349680172 431.0595076565223 -1 0 0
477.75460360535 428.8513277767007 -1 0 0
473.890288815662 424.98701298701275 -1 0 0
470.4400077534407 424.29695677456846 -1 0 0
466.71370420624163 421.81275440976907 -1 0 0
467.5417716611748 419.1905408024809 -1 0 0
465.0575692963754 416.7063384376815 -1 0 0
465.19558053886425 413.5320798604378 -1 0 0
463.26342314402024 412.2899786780381 -1 0 0
467.1277379337082 413.5320798604378 -1 0 0
470.57801899592954 409.3917425857722 -1 0 0
468.3698391161079 397.5227757317307 -1 0 0
474.7183562705952 402.0771467338629 -1 0 0
452.36053498740074 402.6291917038184 -1 0 0
449.1862764101571 407.1835627059505 -1 0 0
448.77224268269055 415.7402597402595 -1 0 0
443.66582671060297 416.2923047102149 -1 0 0
448.4962201977129 420.018608257414 -1 0 0
451.25644504748993 413.5320798604378 -1 0 0
464.2295018414423 410.3578212831942 -1 0 0
471.6821089358404 431.7495638689666 -1 0 0
496.1100988563676 428.4372940492341 -1 0 0
489.07152548943606 436.99399108354305 -1 0 0
493.76390773405706 440.1682496607867 -1 0 0
493.3498740065906 443.756541965497 -1 0 0
498.18026749370046 435.6138786586545 -1 0 0
500.25043613103327 432.71564256638857 -1 0 0
493.62589649156826 434.6477999612326 -1 0 0
486.03527815468124 426.36712541190127 -1 0 0
483.2750533049042 424.0209342895908 -1 0 0
476.6505136654392 423.46888931963537 -1 0 0
479.5487497577051 416.84434968017035 -1 0 0
475.2704012405506 418.63849583252545 -1 0 0
469.74995154099645 415.7402597402595 -1 0 0
469.61194029850753 420.70866446985826 -1 0 0
474.9943787555729 414.36014731537097 -1 0 0
474.5803450281063 410.3578212831942 -1 0 0
480.1007947276605 401.6631130063963 -1 0 0
482.9990308199265 398.48885442915264 -1 0 0
490.3136266718358 396.4186857918199 -1 0 0
486.03527815468124 396.8327195192864 -1 0 0
493.2118627641017 397.38476448924183 -1 0 0
496.1100988563676 395.86664082186445 -1 0 0
493.90191897654597 405.11339406861765 -1 0 0
501.76855979841065 405.25140531110657 -1 0 0
504.52878464818775 405.11339406861765 -1 0 0
508.3930994378756 396.8327195192864 -1 0 0
516.3977515022292 396.9707307617753 -1 0 0
523.7123473541385 395.86664082186445 -1 0 0
484.1031207598373 410.63384376817186 -1 0 0
482.0329521225045 414.2221360728821 -1 0 0
480.7908509401048 413.5320798604378 -1 0 0
477.6165923628611 412.9800348904824 -1 0 0
488.9335142469472 410.3578212831942 -1 0 0
497.07617755378953 411.7379337080827 -1 0 0
503.0106609808103 412.2899786780381 -1 0 0
504.52878464818775 408.42566388835024 -1 0 0
511.01531304516385 401.6631130063963 -1 0 0
511.84338050009706 396.9707307617753 -1 0 0
515.0176390773406 403.5952704012403 -1 0 0
514.1895716224076 408.42566388835024 -1 0 0
514.7416165923629 411.32389998061615 -1 0 0
516.8117852296958 413.39406861794896 -1 0 0
508.9451444078311 413.5320798604378 -1 0 0
506.8749757704983 412.7040124055047 -1 0 0
509.0831556503199 410.0817987982165 -1 0 0
504.25276216321004 416.15429346772606 -1 0 0
508.80713316534224 419.6045745299474 -1 0 0
510.32525683271956 421.81275440976907 -1 0 0
505.0808296181431 422.3647993797245 -1 0 0
500.80248110098864 425.5390579569682 -1 0 0
500.80248110098864 418.36247334754773 -1 0 0
491.41771661174664 417.25838340763687 -1 0 0
488.79550300445834 423.05485559216874 -1 0 0
496.9381663113008 425.9530916844347 -1 0 0
501.76855979841065 415.18821477030406 -1 0 0
507.0129870129871 425.9530916844347 -1 0 0
509.2211668928088 432.4396200814109 -1 0 0
513.637526652452 431.3355301415 -1 0 0
514.4655941073853 426.9191703818567 -1 0 0
517.9158751696067 425.40104671447926 -1 0 0
519.433998836984 428.4372940492341 -1 0 0
516.5357627447181 432.71564256638857 -1 0 0
522.3322349292499 432.99166505136634 -1 0 0
524.6784260515605 427.88524907927865 -1 0 0
522.8842798992055 425.40104671447926 -1 0 0
526.3345609614267 431.4735413839889 -1 0 0
530.4748982360924 431.0595076565223 -1 0 0
536.1333591781354 428.2992828067452 -1 0 0
528.4047295987596 422.0887768947468 -1 0 0
523.9883698391162 421.81275440976907 -1 0 0
525.3684822640047 418.63849583252545 -1 0 0
522.6082574142278 417.67241713510344 -1 0 0
519.433998836984 415.7402597402595 -1 0 0
514.0515603799187 419.6045745299474 -1 0 0
512.9474704400079 416.7063384376815 -1 0 0
511.84338050009706 415.7402597402595 -1 0 0
518.6059313820509 409.6677650707499 -1 0 0
524.6784260515605 409.3917425857722 -1 0 0
528.1287071137818 407.8736189183948 -1 0 0
534.4772242682692 396.280674549331 -1 0 0
538.4795503004459 395.3145958519091 -1 0 0
544.8280674549331 395.86664082186445 -1 0 0
546.4842023647996 397.7987982167084 -1 0 0
549.2444272145765 395.86664082186445 -1 0 0
560.0093041287072 394.48652839697587 -1 0 0
567.3238999806165 400.0069780965301 -1 0 0
559.181236673774 403.5952704012403 -1 0 0
555.7309556115528 406.49350649350623 -1 0 0
557.387090521419 405.94146152355086 -1 0 0
555.4549331265749 411.32389998061615 -1 0 0
549.5204496995542 408.5636751308391 -1 0 0
546.4842023647996 407.5975964334171 -1 0 0
542.2058538476449 409.1157201007945 -1 0 0
541.3777863927119 406.76952897848395 -1 0 0
538.0655165729794 402.7672029463072 -1 0 0
535.1672804807134 409.80577631323877 -1 0 0
526.7485946888933 412.2899786780381 -1 0 0
531.716999418492 418.08645086257 -1 0 0
534.3392130257803 420.018608257414 -1 0 0
531.716999418492 424.29695677456846 -1 0 0
533.7871680558248 414.7741810428375 -1 0 0
531.4409769335143 413.39406861794896 -1 0 0
536.1333591781354 433.9577437487883 -1 0 0
543.0339213025782 437.5460360534985 -1 0 0
548.5543710021323 436.8559798410542 -1 0 0
550.0724946695098 443.0664857530527 -1 0 0
548.9684047295989 448.7249466950957 -1 0 0
548.0023260321769 454.107385152161 -1 0 0
556.5590230664858 452.3132389998059 -1 0 0
567.4619112231053 454.93545260709413 -1 0 0
562.7695289784842 446.93080054274054 -1 0 0
560.6993603411515 444.9986431478966 -1 0 0
555.8689668540416 441.9623958131418 -1 0 0
553.1087420042645 436.99399108354305 -1 0 0
561.6654390385735 436.57995735607653 -1 0 0
562.7695289784842 440.03023841829787 -1 0 0
568.704012405505 434.3717774762548 -1 0 0
564.839697615817 431.7495638689666 -1 0 0
560.9753828261292 430.0934289591003 -1 0 0
554.6268656716419 429.5413839891449 -1 0 0
550.2105059119986 427.3332041093233 -1 0 0
545.7941461523552 431.7495638689666 -1 0 0
543.1719325450671 430.0934289591003 -1 0 0
539.5836402403568 431.0595076565223 -1 0 0
539.7216514828456 427.1951928668344 -1 0 0
543.1719325450671 424.5729792595462 -1 0 0
546.0701686373329 424.98701298701275 -1 0 0
551.4526070943982 421.5367319247914 -1 0 0
555.3169218840861 424.0209342895908 -1 0 0
552.4186857918203 425.67706919945704 -1 0 0
537.7894940880017 420.984686954836 -1 0 0
539.9976739678233 412.42798992052695 -1 0 0
537.7894940880017 412.8420236479935 -1 0 0
552.5566970343091 418.2244621050589 -1 0 0
552.9707307617756 414.9121922853264 -1 0 0
548.2783485171545 413.9461135879044 -1 0 0
544.9660786974221 411.32389998061615 -1 0 0
541.7918201201785 413.25605737546016 -1 0 0
547.3122698197326 410.3578212831942 -1 0 0
546.0701686373329 419.1905408024809 -1 0 0
543.0339213025782 418.2244621050589 -1 0 0
539.9976739678233 418.63849583252545 -1 0 0
559.0432254312852 412.8420236479935 -1 0 0
561.3894165535958 413.80810234541553 -1 0 0
564.2876526458617 412.7040124055047 -1 0 0
563.4595851909286 410.3578212831942 -1 0 0
562.2174840085289 408.14964140337247 -1 0 0
560.5613490986626 405.11339406861765 -1 0 0
569.670091102927 414.9121922853264 -1 0 0
566.2198100407056 417.67241713510344 -1 0 0
569.8081023454158 420.70866446985826 -1 0 0
563.3215739484398 424.0209342895908 -1 0 0
560.4233378561738 420.984686954836 -1 0 0
562.3554952510177 420.2946307423917 -1 0 0
557.6631130063967 416.15429346772606 -1 0 0
560.4233378561738 416.15429346772606 -1 0 0
562.2174840085289 416.2923047102149 -1 0 0
569.9461135879047 411.59992246559386 -1 0 0
567.0478774956389 408.01163016088367 -1 0 0
569.670091102927 429.81740647412266 -1 0 0
567.3238999806165 430.0934289591003 -1 0 0
564.011630160884 428.4372940492341 -1 0 0
577.1226981973252 427.7472378367899 -1 0 0
576.9846869548364 442.23841829811965 -1 0 0
574.500484590037 449.2769916650512 -1 0 0
582.2291141694129 453.14130645473915 -1 0 0
586.6454739290563 453.14130645473915 -1 0 0
593.6840472959877 451.2091490598952 -1 0 0
597.5483620856758 448.1729017251404 -1 0 0
600.0325644504751 440.30626090327564 -1 0 0
591.0618336886995 444.8606319054079 -1 0 0
586.3694514440784 442.92847451056394 -1 0 0
580.4349680170577 445.41267687536333 -1 0 0
578.7788331071915 436.8559798410543 -1 0 0
585.2653615041677 436.5799573560766 -1 0 0
582.091102926924 431.3355301415001 -1 0 0
588.5776313239002 435.19984493118807 -1 0 0
590.6477999612331 431.05950765652244 -1 0 0
594.0980810234544 431.88757511145553 -1 0 0
593.5460360534989 428.7133165342119 -1 0 0
587.8875751114559 429.67939523163386 -1 0 0
587.4735413839893 425.9530916844348 -1 0 0
584.5753052917235 426.78115913936796 -1 0 0
580.7109905020354 426.78115913936796 -1 0 0
581.4010467144797 424.0209342895909 -1 0 0
577.5367319247919 421.6747431672803 -1 0 0
576.432641984881 424.0209342895909 -1 0 0
570.6361698003491 426.09110292692367 -1 0 0
568.1519674355498 423.6069005621243 -1 0 0
572.706338437682 418.224462105059 -1 0 0
572.4303159527042 412.42798992052707 -1 0 0
576.9846869548364 401.8011242488853 -1 0 0
582.5051366543906 400.2830005815079 -1 0 0
593.5460360534989 401.66311300639643 -1 0 0
595.478193448343 401.9391354913742 -1 0 0
605.829036635007 402.21515797635186 -1 0 0
594.7881372358986 388.2760224849776 -1 0 0
598.7904632680754 388.6900562124442 -1 0 0
604.8629579375851 388.4140337274664 -1 0 0
609.555340182206 388.6900562124442 -1 0 0
621.8383407637142 390.2081798798215 -1 0 0
633.0172514053113 392.27834851715437 -1 0 0
621.0102733087809 399.5929443690637 -1 0 0
642.1259934095757 397.7987982167085 -1 0 0
646.8183756541968 397.7987982167085 -1 0 0
660.3434774181045 399.31692188408596 -1 0 0
666.5539833301029 392.69238224462094 -1 0 0
671.5223880597017 396.41868579182 -1 0 0
668.6241519674356 401.2490792789299 -1 0 0
670.9703430897463 402.3531692188407 -1 0 0
672.6264779996125 404.28532661368473 -1 0 0
669.1761969373912 405.2514053111067 -1 0 0
661.3095561155263 402.90521418879615 -1 0 0
660.757511145571 406.76952897848406 -1 0 0
658.6873425082382 406.3554952510175 -1 0 0
658.6873425082382 408.1496414033726 -1 0 0
656.2031401434389 408.56367513083916 -1 0 0
650.9587129288624 405.6654390385732 -1 0 0
646.1283194417524 405.6654390385732 -1 0 0
645.8522969567747 408.0116301608837 -1 0 0
643.0920721069978 414.2221360728822 -1 0 0
643.0920721069978 418.224462105059 -1 0 0
640.4698584997094 419.190540802481 -1 0 0
641.9879821670869 422.64082186470233 -1 0 0
642.6780383795311 426.9191703818568 -1 0 0
648.3364993215741 424.5729792595463 -1 0 0
648.1984880790852 431.6115526264779 -1 0 0
650.5446792013958 433.68172126381063 -1 0 0
582.3671254119017 416.7063384376816 -1 0 0
580.9870129870131 416.84434968017047 -1 0 0
584.5753052917235 412.84202364799364 -1 0 0
584.0232603217679 409.66776507075 -1 0 0
586.3694514440784 406.3554952510175 -1 0 0
580.2969567745689 404.69936034115125 -1 0 0
577.9507656522584 411.4619112231051 -1 0 0
588.3016088389224 423.05485559216885 -1 0 0
584.0232603217679 421.26070943981375 -1 0 0
586.0934289591008 417.8104283775924 -1 0 0
588.5776313239002 417.39639465012584 -1 0 0
592.579957356077 418.77650707501437 -1 0 0
590.3717774762553 419.190540802481 -1 0 0
592.8559798410547 424.849001744524 -1 0 0
600.998643147897 423.05485559216885 -1 0 0
605.0009691800739 420.2946307423918 -1 0 0
608.8652839697618 418.9145183175032 -1 0 0
611.9015313045165 420.57065322736946 -1 0 0
613.8336886993606 423.6069005621243 -1 0 0
610.7974413646058 423.05485559216885 -1 0 0
609.0032952122506 423.74491180461314 -1 0 0
611.48749757705 428.4372940492342 -1 0 0
613.5576662143828 429.8174064741228 -1 0 0
614.6617561542937 434.23376623376606 -1 0 0
612.3155650319832 434.5097887187438 -1 0 0
613.2816437294051 445.55068811785213 -1 0 0
609.2793176972283 445.2746656328744 -1 0 0
606.2430703624735 451.4851715448729 -1 0 0
592.3039348710992 414.49815855785994 -1 0 0
593.8220585384767 413.3940686179491 -1 0 0
592.579957356077 411.1858887381274 -1 0 0
591.6138786586549 407.73560767590607 -1 0 0
596.7202946307426 408.1496414033726 -1 0 0
589.5437100213222 412.84202364799364 -1 0 0
605.1389804225628 410.21981004070545 -1 0 0
596.306260903276 417.67241713510356 -1 0 0
621.8383407637142 425.815080441946 -1 0 0
618.6640821864704 424.1589455320797 -1 0 0
621.0102733087809 422.22678813723576 -1 0 0
620.044194611359 414.3601473153711 -1 0 0
614.1097111843383 411.32389998061626 -1 0 0
613.8336886993606 406.63151773599526 -1 0 0
606.795115332429 406.3554952510175 -1 0 0
625.0125993409578 401.8011242488853 -1 0 0
619.6301608838924 444.4465981779413 -1 0 0
628.1868579182013 441.9623958131419 -1 0 0
633.1552626478001 448.44892421011815 -1 0 0
619.7681721263813 467.0804419461134 -1 0 0
620.1822058538478 439.3401822058537 -1 0 0
618.6640821864704 430.09342895910044 -1 0 0
629.9810040705565 430.36945144407815 -1 0 0
629.2909478581122 437.5460360534986 -1 0 0
639.917813529754 447.62085675518495 -1 0 0
637.5716224074434 437.40802481100974 -1 0 0
638.5377011048655 432.7156425663887 -1 0 0
630.2570265555341 421.1226981973249 -1 0 0
632.465206435356 418.224462105059 -1 0 0
628.7389028881569 415.18821477030417 -1 0 0
636.7435549525104 414.49815855785994 -1 0 0
636.7435549525104 411.1858887381274 -1 0 0
636.7435549525104 408.4256638883503 -1 0 0
640.7458809846871 408.97770885830573 -1 0 0
631.7751502229116 404.42333785617353 -1 0 0
624.5985656134911 408.4256638883503 -1 0 0
624.3225431285134 411.32389998061626 -1 0 0
627.3587904632683 408.56367513083916 -1 0 0
610.7974413646058 411.32389998061626 -1 0 0
598.3764295406088 420.84667571234723 -1 0 0
601.6886993603413 413.11804613297136 -1 0 0
599.4805194805197 409.94378755572774 -1 0 0
600.4465981779416 400.8350455514633 -1 0 0
600.5846094204305 406.76952897848406 -1 0 0
615.7658460942046 415.4642372552819 -1 0 0
633.8453188602443 420.15661949990294 -1 0 0
633.293273890289 428.0232603217676 -1 0 0
642.9540608645088 438.3741035084317 -1 0 0
649.9926342314404 441.54836208567536 -1 0 0
649.3025780189962 452.17522775731715 -1 0 0
656.06512890095 444.1705756929636 -1 0 0
660.3434774181045 439.064159720876 -1 0 0
654.9610389610392 436.16592362861 -1 0 0
661.723589842993 435.19984493118807 -1 0 0
661.723589842993 431.3355301415001 -1 0 0
666.0019383601475 429.4033727466562 -1 0 0
656.8931963558831 423.05485559216885 -1 0 0
652.7528590812175 423.6069005621243 -1 0 0
653.7189377786395 418.224462105059 -1 0 0
650.8207016863735 418.77650707501437 -1 0 0
653.166892808684 415.18821477030417 -1 0 0
650.5446792013958 414.7741810428376 -1 0 0
653.3049040511729 410.90986625314974 -1 0 0
649.7166117464627 409.94378755572774 -1 0 0
645.4382632293082 410.21981004070545 -1 0 0
666.0019383601475 411.04787749563855 -1 0 0
667.7960845125026 413.3940686179491 -1 0 0
670.9703430897463 409.94378755572774 -1 0 0
673.7305679395233 408.701686373328 -1 0 0
674.8346578794342 413.2560573754603 -1 0 0
674.8346578794342 418.77650707501437 -1 0 0
673.4545454545456 419.190540802481 -1 0 0
677.7328939717002 419.190540802481 -1 0 0
673.4545454545456 425.815080441946 -1 0 0
676.7668152742781 426.50513665439024 -1 0 0
676.7668152742781 423.05485559216885 -1 0 0
667.5200620275249 421.1226981973249 -1 0 0
664.3458034502813 420.57065322736946 -1 0 0
666.0019383601475 413.94611358790445 -1 0 0
662.9656910253927 416.29230471021503 -1 0 0
660.8955223880599 420.15661949990294 -1 0 0
657.7212638108163 414.7741810428376 -1 0 0
655.6510951734834 414.7741810428376 -1 0 0
657.1692188408608 419.74258577243637 -1 0 0
659.2393874781936 421.26070943981375 -1 0 0
655.3750726885056 419.88059701492523 -1 0 0
664.6218259352589 425.2630354719905 -1 0 0
678.2849389416556 435.61387865865464 -1 0 0
679.5270401240552 440.44427214576456 -1 0 0
681.7352200038769 438.51211475092055 -1 0 0
668.9001744524135 436.5799573560766 -1 0 0
672.6264779996125 432.9916650513664 -1 0 0
659.1013762357047 432.9916650513664 -1 0 0
655.6510951734834 429.1273502616785 -1 0 0
646.4043419267302 429.4033727466562 -1 0 0
643.5061058344642 433.2676875363441 -1 0 0
624.5985656134911 422.0887768947469 -1 0 0
625.4266330684244 418.77650707501437 -1 0 0
621.4243070362476 419.6045745299475 -1 0 0
607.623182787362 433.2676875363441 -1 0 0
601.136654390386 426.50513665439024 -1 0 0
601.136654390386 430.64547392905587 -1 0 0
600.170575692964 435.19984493118807 -1 0 0
571.74025974026 440.9273114944756 -1 0 0
578.9168443496804 491.99147121535174 -1 0 0
615.6278348517156 500.8241907346385 -1 0 0
631.0850940104674 492.2674937003294 -1 0 0
641.849970924598 469.909672417135 -1 0 0
735.6976158170189 465.7693351424694 -1 0 0
720.2403566582673 487.85113394068605 -1 0 0
707.267299864315 483.15875169606505 -1 0 0
698.4345803450282 485.090909090909 -1 0 0
697.8825353750728 468.5295599922465 -1 0 0
707.5433223492927 461.9050203527815 -1 0 0
686.8416359759646 463.28513277767 -1 0 0
666.415972087614 452.5202558635394 -1 0 0
667.7960845125026 445.89571622407436 -1 0 0
661.9996123279707 448.6559410738514 -1 0 0
694.0182205853849 447.8278736189183 -1 0 0
705.8871874394264 449.7600310137622 -1 0 0
727.4169412676878 450.03605349874 -1 0 0
728.5210312075985 455.83252568327185 -1 0 0
734.0414809071527 449.7600310137622 -1 0 0
729.9011436324871 444.7916262841635 -1 0 0
721.6204690831559 444.5156037991858 -1 0 0
724.1046714479553 440.0992440395425 -1 0 0
723.276603993022 434.85481682496595 -1 0 0
721.0684241132003 432.3706144601666 -1 0 0
714.1678619887576 432.3706144601666 -1 0 0
710.8555921690252 431.26652452025576 -1 0 0
713.8918395037799 428.5062996704787 -1 0 0
712.2357045939137 425.4700523357239 -1 0 0
718.0321767784457 425.1940298507462 -1 0 0
705.0591199844932 427.12618724559013 -1 0 0
701.7468501647608 431.8185694902112 -1 0 0
695.1223105252957 434.5787943399883 -1 0 0
691.5340182205856 436.78697421980996 -1 0 0
693.4661756154295 442.30742391936417 -1 0 0
702.5749176196939 439.547199069587 -1 0 0
709.4754797441367 439.547199069587 -1 0 0
706.7152548943595 431.8185694902112 -1 0 0
708.0953673192481 426.0220973056793 -1 0 0
705.0591199844932 419.3975576662143 -1 0 0
700.9187827098276 419.3975576662143 -1 0 0
700.6427602248499 422.9858499709245 -1 0 0
696.2264004652067 424.64198488079074 -1 0 0
689.0498158557862 432.3706144601666 -1 0 0
682.9773211862768 433.267687536344 -1 0 0
692.22407443303 431.8875751114554 -1 0 0
694.0182205853852 428.85132777670066 -1 0 0
686.9796472184536 426.643147896879 -1 0 0
684.771467338632 417.8104283775923 -1 0 0
682.0112424888548 416.0162822252372 -1 0 0
686.1515797635204 415.0502035278152 -1 0 0
685.7375460360539 411.461911223105 -1 0 0
692.0860631905413 414.6361698003486 -1 0 0
690.8439620081415 417.120372165148 -1 0 0
696.9164566776511 417.8104283775923 -1 0 0
694.9842992828071 419.74258577243626 -1 0 0
697.7445241325842 415.3262260127929 -1 0 0
697.8825353750731 412.01395619306044 -1 0 0
695.5363442527625 410.7718550106607 -1 0 0
691.257995735608 410.21981004070534 -1 0 0
692.5000969180077 405.5274277960843 -1 0 0
689.4638495832529 406.3554952510174 -1 0 0
686.9796472184536 406.3554952510174 -1 0 0
684.9094785811208 408.83969761581676 -1 0 0
682.2872649738325 405.3894165535954 -1 0 0
682.2872649738325 403.0432254312849 -1 0 0
679.8030626090332 403.5952704012403 -1 0 0
685.4615235510762 400.973056793952 -1 0 0
690.7059507656527 399.3169218840858 -1 0 0
694.2942430703629 398.35084318666384 -1 0 0
698.5725915875173 398.212831944175 -1 0 0
702.2988951347164 402.21515797635175 -1 0 0
700.9187827098278 404.00930412870684 -1 0 0
695.2603217677848 404.00930412870684 -1 0 0
709.6134909866257 396.4186857918199 -1 0 0
714.7199069587133 395.7286295793756 -1 0 0
726.8648962977325 429.4033727466561 -1 0 0
721.3444465981783 428.4372940492341 -1 0 0
719.2742779608456 419.8805970149251 -1 0 0
715.2719519286687 419.1905408024809 -1 0 0
713.4778057763136 421.3987206823025 -1 0 0
710.0275247140922 416.98236092265915 -1 0 0
708.2333785617371 411.1858887381273 -1 0 0
705.0591199844935 406.9075402209728 -1 0 0
710.0275247140922 408.28765264586133 -1 0 0
711.5456483814696 409.2537313432833 -1 0 0
712.097693351425 406.9075402209728 -1 0 0
710.30354719907 404.97538282612885 -1 0 0
708.3713898042259 404.97538282612885 -1 0 0
746.6005039736386 442.9284745105638 -1 0 0
735.4215933320414 440.03023841829787 -1 0 0
731.2812560573759 424.8490017445239 -1 0 0
725.8988176003105 420.7086644698582 -1 0 0
722.3105252956002 422.6408218647022 -1 0 0
734.4555146346195 427.47121535181213 -1 0 0
740.2519868191513 428.1612715642564 -1 0 0
740.2519868191513 421.9507656522579 -1 0 0
736.5256832719523 419.74258577243626 -1 0 0
732.7993797247532 412.2899786780381 -1 0 0
735.9736383019969 409.2537313432833 -1 0 0
732.6613684822644 406.9075402209728 -1 0 0
730.0391548749761 403.5952704012403 -1 0 0
726.0368288427993 403.0432254312849 -1 0 0
721.8964915681338 404.4233378561734 -1 0 0
716.2380306260907 403.871292886218 -1 0 0
720.3783679007563 398.62686567164155 -1 0 0
718.8602442333789 411.04787749563843 -1 0 0
716.3760418685795 409.3917425857722 -1 0 0
714.7199069587133 414.0841248303932 -1 0 0
720.6543903857341 414.91219228532634 -1 0 0
723.8286489629777 413.2560573754601 -1 0 0
722.586547780578 417.94843962008116 -1 0 0
725.7608063578216 417.120372165148 -1 0 0
743.4262453963951 426.78115913936784 -1 0 0
749.6367513083934 422.0887768947468 -1 0 0
742.460166698973 413.6700911029267 -1 0 0
745.0823803062613 413.6700911029267 -1 0 0
746.1864702461721 409.2537313432833 -1 0 0
740.5280093041291 409.2537313432833 -1 0 0
742.0461329715065 405.9414615235508 -1 0 0
739.8379530916849 400.973056793952 -1 0 0
734.3175033921306 396.1426633068421 -1 0 0
730.0391548749761 398.7648769141304 -1 0 0
756.5373134328362 444.9986431478966 -1 0 0
752.2589649156816 449.5530141500288 -1 0 0
763.1618530723013 444.4465981779412 -1 0 0
781.5173483233189 445.9647218453186 -1 0 0
788.6939329327392 446.37875557278517 -1 0 0
790.2120566001166 437.13200232603197 -1 0 0
796.6985849970928 440.72029463074216 -1 0 0
783.8635394456294 441.6863733281641 -1 0 0
778.481100988564 438.0980810234539 -1 0 0
771.3045163791436 436.4419461135877 -1 0 0
771.5805388641213 428.4372940492341 -1 0 0
766.4741228920337 424.29695677456846 -1 0 0
763.7138980422566 422.91684434967993 -1 0 0
755.709245977903 427.609226594301 -1 0 0
752.2589649156816 424.71099050203503 -1 0 0
747.1525489435941 433.267687536344 -1 0 0
743.2882341539062 430.5074626865669 -1 0 0
739.2859081217293 432.9916650513663 -1 0 0
726.8648962977325 433.267687536344 -1 0 0
755.709245977903 436.57995735607653 -1 0 0
751.4308974607486 432.0255863539443 -1 0 0
757.641403372747 412.9800348904824 -1 0 0
742.3221554564841 394.6245396394648 -1 0 0
743.1502229114174 399.17891064159693 -1 0 0
747.9806163985272 402.0771467338629 -1 0 0
749.2227175809269 405.11339406861765 -1 0 0
754.3291335530145 411.1858887381273 -1 0 0
751.5689087032374 410.7718550106607 -1 0 0
752.5349874006595 408.01163016088367 -1 0 0
756.675324675325 404.5613490986623 -1 0 0
762.8858305873234 401.2490792789298 -1 0 0
759.9875944950576 401.38709052141866 -1 0 0
776.2729211087424 393.2444272145762 -1 0 0
770.4764489242106 393.38243845706506 -1 0 0
778.0670672610973 398.212831944175 -1 0 0
785.3816631130067 398.35084318666384 -1 0 0
797.9406861794926 381.37546036053476 -1 0 0
794.7664276022488 409.94378755572757 -1 0 0
766.8881566195003 416.98236092265915 -1 0 0
769.6483814692774 413.6700911029267 -1 0 0
769.924403954255 407.8736189183948 -1 0 0
767.1641791044781 406.3554952510174 -1 0 0
763.7138980422566 408.4256638883502 -1 0 0
776.5489435937201 405.3894165535954 -1 0 0
776.2729211087424 409.2537313432833 -1 0 0
776.2729211087424 412.01395619306044 -1 0 0
779.8612134134526 414.2221360728821 -1 0 0
779.3091684434971 409.94378755572757 -1 0 0
783.7255282031406 406.49350649350623 -1 0 0
787.1758092653619 415.87827098274835 -1 0 0
782.2074045357631 417.53440589261464 -1 0 0
779.3091684434971 418.5004845900366 -1 0 0
775.7208761387869 427.47121535181213 -1 0 0
777.653033533631 431.0595076565223 -1 0 0
785.3816631130067 427.19519286683436 -1 0 0
777.653033533631 442.65245202558606 -1 0 0
792.9722814498938 429.5413839891449 -1 0 0
798.3547199069591 427.7472378367898 -1 0 0
804.0131808490021 429.67939523163375 -1 0 0
799.320798604381 422.0887768947468 -1 0 0
789.1079666602058 422.0887768947468 -1 0 0
784.5535956580736 420.0186082574139 -1 0 0
775.1688311688315 420.984686954836 -1 0 0
792.5582477224272 414.91219228532634 -1 0 0
802.0810234541581 416.0162822252372 -1 0 0
797.9406861794926 415.3262260127929 -1 0 0
800.1488660593142 409.6677650707499 -1 0 0
796.0085287846484 405.80345028106194 -1 0 0
800.1488660593142 403.0432254312849 -1 0 0
801.5289784842028 405.5274277960843 -1 0 0
801.8050009691805 400.42101182399665 -1 0 0
799.320798604381 393.2444272145762 -1 0 0
802.219034696647 394.48652839697587 -1 0 0
773.3746850164764 405.11339406861765 -1 0 0
756.675324675325 416.63733281643704 -1 0 0
749.7747625508823 417.4654002713702 -1 0 0
751.7069199457263 416.0852878464816 -1 0 0
808.2915293661566 443.6875363442525 -1 0 0
810.4997092459781 455.28048071331625 -1 0 0
824.3008334948637 446.4477611940296 -1 0 0
816.29618143051 438.71913161465375 -1 0 0
807.7394843962012 434.5787943399881 -1 0 0
811.3277767009114 427.6782322155454 -1 0 0
817.4002713704209 426.57414227563453 -1 0 0
810.4997092459781 421.8817600310135 -1 0 0
806.911416941268 423.26187245590205 -1 0 0
807.7394843962012 417.4654002713702 -1 0 0
810.775731730956 411.66892808683826 -1 0 0
813.5359565807331 413.6010854816822 -1 0 0
809.9476642760228 408.3566582671058 -1 0 0
811.8798216708667 408.3566582671058 -1 0 0
764.9559992246562 460.248885442915 -1 0 0
848.590812172902 458.31672804807107 -1 0 0
849.9709245977906 474.0500096918005 -1 0 0
862.6679589067652 476.81023454157753 -1 0 0
860.7358015119213 437.8910641597206 -1 0 0
850.522969567746 439.2711765846092 -1 0 0
854.1112618724563 434.0267493700327 -1 0 0
849.9709245977906 426.8501647606123 -1 0 0
845.830587323125 428.2302771855008 -1 0 0
842.5183175033924 434.8548168249658 -1 0 0
835.341732893972 439.82322155456455 -1 0 0
838.3779802287268 445.06764876914104 -1 0 0
843.6224074433032 444.7916262841634 -1 0 0
815.468113975577 431.5425470052333 -1 0 0
823.4727660399305 432.6466369451441 -1 0 0
828.717193254507 435.40686179492127 -1 0 0
833.6855979841058 435.40686179492127 -1 0 0
830.6493506493509 426.29811979065687 -1 0 0
824.8528784648191 423.8139174258575 -1 0 0
838.3779802287268 422.98584997092433 -1 0 0
831.2013956193064 422.4338050009689 -1 0 0
853.8352393874785 417.18937778639247 -1 0 0
859.079666602055 418.569490211281 -1 0 0
861.2878464818767 424.64198488079063 -1 0 0
857.6995541771664 431.5425470052333 -1 0 0
862.9439813917428 431.5425470052333 -1 0 0
866.2562512114754 423.8139174258575 -1 0 0
864.8761387865869 416.0852878464816 -1 0 0
868.4644310912971 417.18937778639247 -1 0 0
864.0480713316538 405.8724559023064 -1 0 0
837.8259352587713 390.139174258577 -1 0 0
832.8575305291727 393.17542159333175 -1 0 0
817.6762938553986 390.96724171351013 -1 0 0
816.5722039154878 391.7953091684433 -1 0 0
813.8119790657107 390.96724171351013 -1 0 0
807.7394843962012 391.24326419848785 -1 0 0
810.775731730956 399.5239387478191 -1 0 0
806.911416941268 401.7321186276408 -1 0 0
819.3324287652649 401.45609614266306 -1 0 0
816.0201589455324 402.2841635975962 -1 0 0
821.5406086450866 397.86780383795286 -1 0 0
825.1289009497967 399.79996123279676 -1 0 0
836.9978678038383 401.45609614266306 -1 0 0
832.3054855592172 404.76836596239554 -1 0 0
828.9932157394848 407.52859081217264 -1 0 0
831.4774181042842 408.3566582671058 -1 0 0
828.717193254507 410.8408606319052 -1 0 0
823.7487885249083 410.28881566194974 -1 0 0
820.9885636751311 410.28881566194974 -1 0 0
818.2283388253542 412.7730180267491 -1 0 0
822.0926536150421 415.53324287652623 -1 0 0
829.2692382244625 416.63733281643704 -1 0 0
836.9978678038383 418.569490211281 -1 0 0
832.8575305291727 418.0174452413256 -1 0 0
834.5136654390388 418.569490211281 -1 0 0
848.3147896879244 414.7051754215931 -1 0 0
848.590812172902 398.69587129288595 -1 0 0
840.3101376235708 396.4876914130643 -1 0 0
841.9662725334371 391.24326419848785 -1 0 0
850.2469470827683 392.8993991083541 -1 0 0
845.830587323125 391.24326419848785 -1 0 0
863.4960263616983 389.86315177359927 -1 0 0
867.9123861213417 392.07133165342094 -1 0 0
868.1884086063194 401.45609614266306 -1 0 0
862.1159139368098 391.7953091684433 -1 0 0
858.8036441170773 404.76836596239554 -1 0 0
847.2106997480134 404.4923434774178 -1 0 0
839.7580926536153 405.32041093235097 -1 0 0
841.6902500484592 402.2841635975962 -1 0 0
835.341732893972 397.59178135297515 -1 0 0
834.2376429540611 401.45609614266306 -1 0 0
848.590812172902 432.09459197518873 -1 0 0
856.5954642372557 413.04904051172684 -1 0 0
860.7358015119213 414.15313045163765 -1 0 0
830.9253731343287 399.5239387478191 -1 0 0
795.8705175421597 400.62802868772997 -1 0 0
796.4225625121151 395.9356464431089 -1 0 0
809.1195968210897 395.6596239581312 -1 0 0
855.7673967823224 396.4876914130643 -1 0 0
796.4225625121151 434.0267493700327 -1 0 0
766.8881566195003 437.33901918976517 -1 0 0
762.471796859857 430.1624345803448 -1 0 0
843.9511533242876 422.29579375848016 -1 0 0
843.1230858693546 408.4946695095947 -1 0 0
840.0868385345997 412.3589842992826 -1 0 0
872.3814692769917 394.69354526070924 -1 0 0
876.2457840666796 396.3496801705755 -1 0 0
883.1463461911222 396.3496801705755 -1 0 0
884.8024811009885 394.4175227757315 -1 0 0
883.1463461911222 392.20934289590986 -1 0 0
891.9790657104089 392.7613878658653 -1 0 0
893.9112231052528 387.51696065128885 -1 0 0
887.2866834657879 390.2771855010659 -1 0 0
890.3229308005426 399.1099050203526 -1 0 0
895.0153130451638 396.3496801705755 -1 0 0
907.1603023841828 385.58480325644484 -1 0 0
913.2327970536925 390.2771855010659 -1 0 0
915.4409769335142 381.1684434968015 -1 0 0
920.9614266330684 388.34502810622195 -1 0 0
871.0013568521032 434.1647606125216 -1 0 0
876.797829036635 434.99282806745475 -1 0 0
876.2457840666796 427.2641984880789 -1 0 0
873.7615817018801 421.467726303547 -1 0 0
871.2773793370807 412.3589842992826 -1 0 0
870.1732893971699 405.18239968986217 -1 0 0
878.4539639465012 405.18239968986217 -1 0 0
881.490211281256 405.7344446598176 -1 0 0
884.5264586160108 402.1461523551074 -1 0 0
885.6305485559216 409.8747819344832 -1 0 0
882.5943012211668 409.8747819344832 -1 0 0
887.0106609808101 406.0104671447953 -1 0 0
891.7030432254312 406.8385345997284 -1 0 0
888.6667958906764 401.04206241519654 -1 0 0
896.3954254700523 402.4221748400851 -1 0 0
892.8071331653421 404.07830974995136 -1 0 0
897.7755378949408 406.286489629773 -1 0 0
893.9112231052528 410.42682690443866 -1 0 0
898.3275828648963 412.3589842992826 -1 0 0
903.8480325644504 411.8069393293272 -1 0 0
902.4679201395619 414.843186664082 -1 0 0
899.4316728048071 417.60341151385904 -1 0 0
903.295987594495 418.4314789687922 -1 0 0
910.4725722039154 419.53556890870306 -1 0 0
909.092459779027 416.2232990889706 -1 0 0
903.8480325644504 478.0523357239773 -1 0 0
923.7216514828453 472.25586353944544 -1 0 0
934.7625508819539 479.1564256638882 -1 0 0
955.1882147703043 472.25586353944544 -1 0 0
965.1250242295018 455.41849195580517 -1 0 0
951.0478774956387 446.58577243651854 -1 0 0
946.907540220973 433.61271564256623 -1 0 0
967.6092265943012 436.9249854622987 -1 0 0
957.1203721651482 433.61271564256623 -1 0 0
960.1566194999031 427.2641984880789 -1 0 0
951.599922465594 426.7121535181235 -1 0 0
949.1157201007946 420.9156813335916 -1 0 0
929.794146152355 423.399883698391 -1 0 0
923.7216514828453 434.99282806745475 -1 0 0
935.3145958519093 432.23260321767765 -1 0 0
939.4549331265748 431.6805582477223 -1 0 0
883.4223686761 448.5179298313625 -1 0 0
882.0422562512114 465.079278930025 -1 0 0
894.4632680752084 461.76700911029246 -1 0 0
884.5264586160108 485.22892033339775 -1 0 0
884.2504361310332 438.85714285714266 -1 0 0
892.5311106803643 431.6805582477223 -1 0 0
885.6305485559216 429.74840085287826 -1 0 0
888.9428183756543 422.29579375848016 -1 0 0
883.1463461911222 418.70750145376996 -1 0 0
884.2504361310332 414.29114169412657 -1 0 0
864.1007947276603 412.3589842992826 -1 0 0
853.3359178135297 406.8385345997284 -1 0 0
909.092459779027 407.1145570847062 -1 0 0
902.4679201395619 403.80228726497364 -1 0 0
906.3322349292498 401.04206241519654 -1 0 0
910.1965497189377 399.1099050203526 -1 0 0
906.0562124442721 395.5216127156424 -1 0 0
902.7439426245396 396.62570265555325 -1 0 0
918.7532467532468 393.3134328358207 -1 0 0
930.8982360922658 389.4491180461328 -1 0 0
927.3099437875557 394.4175227757315 -1 0 0
924.2736964528009 400.21399496026345 -1 0 0
921.7894940880014 398.55786005039715 -1 0 0
918.2012017832913 398.2818375654195 -1 0 0
915.4409769335142 402.1461523551074 -1 0 0
1009.8406667958905 460.1108742004262 -1 0 0
1014.5330490405117 450.4500872262064 -1 0 0
1021.1575886799768 441.8933901918975 -1 0 0
1016.7412289203332 429.19635588292283 -1 0 0
965.1250242295018 434.1647606125216 -1 0 0
972.8536538088775 426.7121535181235 -1 0 0
968.1612715642565 422.5718162434578 -1 0 0
962.088776894747 420.08761387865843 -1 0 0
954.0841248303934 419.53556890870306 -1 0 0
950.7718550106609 414.29114169412657 -1 0 0
943.5952704012404 416.77534405892595 -1 0 0
944.4233378561736 414.29114169412657 -1 0 0
938.9028881566195 410.7028493894164 -1 0 0
934.2105059119984 411.25489435937175 -1 0 0
935.0385733669315 407.94262453963927 -1 0 0
932.0023260321767 405.7344446598176 -1 0 0
935.3145958519093 398.55786005039715 -1 0 0
929.5181236673774 402.1461523551074 -1 0 0
935.5906183368869 394.4175227757315 -1 0 0
938.6268656716418 394.4175227757315 -1 0 0
943.8712928862183 383.10060089164546 -1 0 0
950.4958325256832 381.1684434968015 -1 0 0
947.4595851909285 393.3134328358207 -1 0 0
943.3192479162628 393.3134328358207 -1 0 0
943.3192479162628 398.2818375654195 -1 0 0
946.907540220973 403.80228726497364 -1 0 0
952.9800348904826 402.4221748400851 -1 0 0
954.9121922853265 399.1099050203526 -1 0 0
955.7402597402597 391.3812754409767 -1 0 0
956.0162822252374 387.2409381663111 -1 0 0
995.211475092072 454.31440201589436 -1 0 0
999.9038573366932 443.8255475867414 -1 0 0
989.6910253925179 433.8887381275439 -1 0 0
979.4781934483426 422.5718162434578 -1 0 0
974.7858112037217 420.08761387865843 -1 0 0
968.1612715642565 415.67125411901515 -1 0 0
970.6454739290559 411.25489435937175 -1 0 0
973.6817212638108 415.1192091490597 -1 0 0
986.3787555727854 419.53556890870306 -1 0 0
998.7997673967823 420.9156813335916 -1 0 0
994.6594301221168 412.911029269238 -1 0 0
992.451250242295 408.7706919945724 -1 0 0
986.9308005427407 407.94262453963927 -1 0 0
1004.0441946113586 420.08761387865843 -1 0 0
1008.1845318860244 415.67125411901515 -1 0 0
1017.0172514053111 420.08761387865843 -1 0 0
1017.0172514053111 412.911029269238 -1 0 0
1021.4336111649544 409.3227369645278 -1 0 0
1015.0850940104672 405.18239968986217 -1 0 0
1008.1845318860244 407.39057956968384 -1 0 0
1006.5283969761582 407.94262453963927 -1 0 0
1001.2839697615817 410.42682690443866 -1 0 0
1001.2839697615817 410.42682690443866 -1 0 0
1002.9401046714479 405.7344446598176 -1 0 0
997.971699941849 406.286489629773 -1 0 0
997.971699941849 402.1461523551074 -1 0 0
993.8313626671836 399.1099050203526 -1 0 0
991.8992052723396 405.18239968986217 -1 0 0
988.8629579375847 402.1461523551074 -1 0 0
983.6185307230082 402.1461523551074 -1 0 0
984.722620662919 398.2818375654195 -1 0 0
985.2746656328746 391.6572979259545 -1 0 0
981.4103508431867 385.8608257414226 -1 0 0
976.16592362861 384.48071331653404 -1 0 0
966.781159139368 379.788331071913 -1 0 0
973.4056987788331 397.1777476255087 -1 0 0
968.9893390191896 396.3496801705755 -1 0 0
963.4688893196355 394.14150029075387 -1 0 0
958.7765070750145 393.3134328358207 -1 0 0
963.1928668346578 402.9742198100405 -1 0 0
959.8805970149253 406.286489629773 -1 0 0
952.1519674355495 407.94262453963927 -1 0 0
967.8852490792789 406.0104671447953 -1 0 0
928.6900562124442 448.5179298313625 -1 0 0
901.363830199651 444.6536150416745 -1 0 0
912.4047295987594 453.21031207598355 -1 0 0
870.7253343671254 457.9026943206046 -1 0 0
896.9474704400077 432.5086257026553 -1 0 0
895.0153130451638 424.50397363830183 -1 0 0
904.6761000193835 427.8162434580343 -1 0 0
906.3322349292498 421.467726303547 -1 0 0
913.2327970536925 431.6805582477223 -1 0 0
909.92052723396 434.1647606125216 -1 0 0
906.3322349292498 440.7893002519866 -1 0 0
916.2690443884474 425.8840860631903 -1 0 0
920.1333591781353 420.9156813335916 -1 0 0
924.8257414227563 416.2232990889706 -1 0 0
921.7894940880014 406.8385345997284 -1 0 0
1010.9447567358014 396.62570265555325 -1 0 0
1003.2161271564255 381.1684434968015 -1 0 0
975.8899011436325 390.2771855010659 -1 0 0
1020.6055437100212 395.5216127156424 -1 0 0
1020.881566194999 400.21399496026345 -1 0 0
1018.9494088001551 404.9063772048845 -1 0 0
980.8583058732312 397.1777476255087 -1 0 0
932.8303934871099 421.467726303547 -1 0 0
849.4716030238418 445.7577049815854 -1 0 0
917.6491568133359 449.898042256251 -1 0 0
920.9614266330684 439.68521031207575 -1 0 0
1010.9447567358014 432.5086257026553 -1 0 0
1000.1798798216707 427.2641984880789 -1 0 0
994.1073851521611 427.8162434580343 -1 0 0
999.3518123667376 416.49932157394824 -1 0 0
1002.3880597014925 397.45377011048635 -1 0 0
999.9038573366932 398.55786005039715 -1 0 0
995.4874975770497 393.58945532079844 -1 0 0
1006.8044194611358 426.7121535181235 -1 0 0
78.91296762938553 445.343671254119 -1 0 0
39.165729792595435 454.17639077340567 -1 0 0
405.1715448730374 503.8604380693933 -1 0 0
395.2347354138399 476.81023454157776 -1 0 0
470.31285132777674 476.81023454157776 -1 0 0
507.150998255476 523.1820120178328 -1 0 0
750.0507850358599 467.97751502229124 -1 0 0
924.4969955417723 527.5983717774761 -1 0 0
775.9968986237648 467.42547005233564 -1 0 0
