54.28868841082582 476.1512838306731 -1 0 0
216.24288688410832 501.0673143650243 -1 0 0
345.2199861207495 557.4947952810547 -1 0 0
440.48716169326866 537.70853573907 -1 0 0
382.5940319222763 490.80777238029145 -1 0 0
296.1207494795282 457.0978487161693 -1 0 0
96.79250520471895 419.72380291464253 -1 0 0
33.03678001387927 387.47952810548225 -1 0 0
123.17418459403196 407.26578764746694 -1 0 0
57.21998612074948 361.09784871616927 -1 0 0
40.3650242886884 355.9680777238028 -1 0 0
17.647467036780014 346.44136016655096 -1 0 0
35.968077723802935 334.71616932685623 -1 0 0
116.57876474670368 376.4871616932685 -1 0 0
95.32685634975714 329.58639833448984 -1 0 0
201.58639833448996 391.8764746703677 -1 0 0
180.3344899375434 353.0367800138792 -1 0 0
158.3497571131159 339.8459403192227 -1 0 0
288.792505204719 405.0673143650242 -1 0 0
389.9222761970854 445.37265787647465 -1 0 0
36.70090215128385 317.8612074947952 -1 0 0
239.6932685634976 350.1054823039555 -1 0 0
251.41845940319226 409.4642609299097 -1 0 0
478.5940319222763 465.89174184594026 -1 0 0
452.9451769604442 432.914642609299 -1 0 0
422.16655100624575 406.5329632199861 -1 0 0
345.95281054823045 375.75433726578757 -1 0 0
411.9070090215129 369.15891741845934 -1 0 0
378.1970853573908 361.09784871616927 -1 0 0
326.8993754337267 365.49479528105473 -1 0 0
277.80013879250527 362.56349757113105 -1 0 0
197.92227619708544 325.1894517696044 -1 0 0
142.41082581540599 314.0138792505204 -1 0 0
123.35739070090216 298.9909784871616 -1 0 0
156.70090215128386 285.0673143650242 -1 0 0
186.3802914642609 293.8612074947952 -1 0 0
206.16655100624567 304.120749479528 -1 0 0
183.8154059680777 314.0138792505204 -1 0 0
227.41845940319226 292.02914642609295 -1 0 0
254.8993754337266 303.75433726578757 -1 0 0
232.9146426092991 327.9375433726578 -1 0 0
264.7925052047189 327.9375433726578 -1 0 0
264.7925052047189 307.4184594031922 -1 0 0
327.8764746703678 304.6703678001386 -1 0 0
305.15891741845945 306.86884108258135 -1 0 0
281.70853573907004 321.5253296321997 -1 0 0
350.5940319222762 308.3344899375432 -1 0 0
327.1436502428869 333.2505204718944 -1 0 0
340.33448993754337 344.2428868841081 -1 0 0
307.35739070090216 333.98334489937525 -1 0 0
386.5024288688411 342.0444136016653 -1 0 0
375.5100624566274 330.3192227619707 -1 0 0
379.90700902151286 314.9299097848714 -1 0 0
404.09021512838314 309.80013879250504 -1 0 0
437.0673143650243 312.73143650242866 -1 0 0
464.91464260929916 340.5787647467035 -1 0 0
478.83830673143655 328.12074947952794 -1 0 0
487.6321998612075 322.9909784871615 -1 0 0
496.42609299097853 369.89174184594015 -1 0 0
505.95281054823045 388.21235253296305 -1 0 0
514.7467036780014 345.70853573906993 -1 0 0
514.0138792505205 499.60166551006233 -1 0 0
552.853573907009 440.2428868841081 -1 0 0
549.1894517696045 394.8077723802913 -1 0 0
579.2352532963221 388.21235253296305 -1 0 0
620.2734212352533 449.76960444136 -1 0 0
597.5558639833449 414.59403192227603 -1 0 0
623.2047189451771 364.76197085357376 -1 0 0
577.0367800138793 347.1741845940318 -1 0 0
603.4184594031923 342.0444136016653 -1 0 0
537.4642609299098 332.5176960444134 -1 0 0
560.1818181818182 336.91464260929894 -1 0 0
561.6474670367801 322.9909784871615 -1 0 0
480.1207494795282 301.55586398334475 -1 0 0
461.43372657876483 300.8230395558639 -1 0 0
483.41845940319234 294.9604441360165 -1 0 0
493.3115891741847 305.9528105482303 -1 0 0
492.2123525329634 275.54059680777226 -1 0 0
503.20471894517704 282.1360166551005 -1 0 0
510.16655100624575 291.6627342123524 -1 0 0
500.63983344899384 296.7925052047188 -1 0 0
526.2886884108259 296.7925052047188 -1 0 0
533.9833448993755 287.9986120749478 -1 0 0
528.4871616932687 284.7009021512837 -1 0 0
549.7390700902153 280.6703678001387 -1 0 0
542.0444136016656 291.6627342123524 -1 0 0
533.9833448993755 295.69326856349744 -1 0 0
542.410825815406 303.3879250520471 -1 0 0
550.1054823039557 303.3879250520471 -1 0 0
559.6321998612077 301.92227619708524 -1 0 0
556.3344899375435 287.26578764746694 -1 0 0
564.0291464260931 291.6627342123524 -1 0 0
573.555863983345 282.8688410825814 -1 0 0
580.8841082581541 290.56349757113105 -1 0 0
589.6780013879252 297.52532963219977 -1 0 0
584.1818181818182 305.2199861207494 -1 0 0
547.907009021513 321.3421235253295 -1 0 0
566.2276197085359 309.6169326856349 -1 0 0
568.4260929909786 302.65510062456616 -1 0 0
590.5940319222763 547.6016655100624 -1 0 0
691.723802914643 568.1207494795281 -1 0 0
700.5176960444138 516.8230395558639 -1 0 0
814.8383067314368 527.0825815405968 -1 0 0
937.9528105482307 496.3039555863983 -1 0 0
893.9833448993758 475.7848716169326 -1 0 0
848.5482303955589 458.1970853573906 -1 0 0
759.1436502428871 465.5253296321998 -1 0 0
685.8612074947955 430.3497571131158 -1 0 0
626.1360166551009 410.19708535739056 -1 0 0
689.8917418459405 391.87647467036766 -1 0 0
752.1818181818186 399.2047189451768 -1 0 0
770.5024288688414 424.120749479528 -1 0 0
819.6016655100628 419.7238029146425 -1 0 0
944.1818181818186 408.7314365024287 -1 0 0
973.4947952810553 399.9375433726577 -1 0 0
882.6245662734215 388.21235253296305 -1 0 0
637.8612074947955 339.11311589174164 -1 0 0
623.2047189451772 328.1207494795279 -1 0 0
607.082581540597 314.9299097848714 -1 0 0
597.3726578764749 305.2199861207493 -1 0 0
606.5329632199864 296.7925052047188 -1 0 0
599.5711311589176 291.29632199861186 -1 0 0
607.9986120749483 287.2657876474668 -1 0 0
613.8612074947955 283.6016655100623 -1 0 0
624.4871616932688 297.52532963219966 -1 0 0
626.3192227619711 285.43372657876455 -1 0 0
639.5100624566276 303.387925052047 -1 0 0
660.7619708535742 316.21235253296305 -1 0 0
650.8688410825819 299.357390700902 -1 0 0
649.0367800138795 290.56349757113094 -1 0 0
665.8917418459406 288.73143650242866 -1 0 0
654.166551006246 352.4871616932684 -1 0 0
679.0825815405972 322.4413601665508 -1 0 0
700.3344899375436 293.86120749479505 -1 0 0
698.1360166551009 285.43372657876455 -1 0 0
693.7390700902154 309.25052047189433 -1 0 0
708.7619708535742 312.9146426092989 -1 0 0
720.1207494795283 298.2581540596806 -1 0 0
710.227619708536 296.7925052047188 -1 0 0
732.2123525329636 290.9299097848714 -1 0 0
733.6780013879254 306.31922276197065 -1 0 0
723.784871616933 305.9528105482302 -1 0 0
713.5253296322 331.6016655100623 -1 0 0
675.784871616933 368.97571131158895 -1 0 0
693.372657876475 366.77723802914625 -1 0 0
715.5405968077724 359.6321998612075 -1 0 0
737.5253296321999 377.21998612074947 -1 0 0
750.7161693268565 364.7619708535739 -1 0 0
745.5863983344901 322.99097848716167 -1 0 0
806.6551006245663 372.09021512838297 -1 0 0
818.380291464261 339.8459403192226 -1 0 0
774.410825815406 331.0520471894516 -1 0 0
781.7390700902153 339.8459403192226 -1 0 0
768.5482303955588 309.8001387925051 -1 0 0
792.7314365024289 319.32685634975695 -1 0 0
785.4031922276197 304.6703678001387 -1 0 0
794.1970853573908 287.08258154059666 -1 0 0
773.6780013879252 294.4108258154059 -1 0 0
744.3650242886885 296.6092990978486 -1 0 0
767.265787647467 290.9299097848715 -1 0 0
737.2199861207495 295.32685634975695 -1 0 0
811.6016655100625 310.71616932685623 -1 0 0
810.5024288688411 299.7238029146425 -1 0 0
810.5024288688411 291.6627342123524 -1 0 0
817.8306731436503 289.0978487161692 -1 0 0
826.6245662734211 309.6169326856348 -1 0 0
816.3650242886883 319.87647467036766 -1 0 0
835.4184594031922 319.87647467036766 -1 0 0
848.2428868841082 323.1741845940318 -1 0 0
847.1436502428868 306.3192227619707 -1 0 0
855.2047189451769 303.0215128383066 -1 0 0
847.5100624566275 295.32685634975695 -1 0 0
842.380291464261 303.7543372657875 -1 0 0
840.914642609299 292.3955586398333 -1 0 0
830.6551006245662 301.92227619708524 -1 0 0
833.9528105482303 300.4566273421234 -1 0 0
881.2199861207496 300.09021512838297 -1 0 0
872.792505204719 318.4108258154059 -1 0 0
864.7314365024289 329.40319222761957 -1 0 0
850.441360166551 342.22761970853566 -1 0 0
882.319222761971 353.5863983344898 -1 0 0
846.0444136016655 367.14365024288674 -1 0 0
907.3573907009021 329.76960444136006 -1 0 0
889.0367800138793 300.8230395558639 -1 0 0
916.1512838306732 304.48716169326843 -1 0 0
920.1818181818182 298.25815405968063 -1 0 0
909.1894517696045 300.09021512838297 -1 0 0
906.2581540596809 346.6245662734211 -1 0 0
915.0520471894517 371.17418459403183 -1 0 0
944.7314365024289 355.0520471894517 -1 0 0
967.8154059680778 367.8764746703677 -1 0 0
945.8306731436503 324.2734212352532 -1 0 0
940.7009021512839 300.4566273421234 -1 0 0
955.7238029146425 292.7619708535738 -1 0 0
956.4566273421235 305.2199861207494 -1 0 0
964.5176960444138 308.5176960444135 -1 0 0
961.9528105482304 327.9375433726578 -1 0 0
975.5100624566275 309.2505204718944 -1 0 0
994.9299097848717 314.38029146426084 -1 0 0
1004.0902151283832 300.09021512838297 -1 0 0
1013.616932685635 303.02151283830665 -1 0 0
1006.6551006245663 326.10548230395545 -1 0 0
1019.1131158917418 328.6703678001387 -1 0 0
993.8306731436503 338.19708535739056 -1 0 0
979.174184594032 344.05968077723793 -1 0 0
987.968077723803 362.74670367800127 -1 0 0
1010.319222761971 355.4184594031921 -1 0 0
1004.0902151283832 389.12838306731425 -1 0 0
1020.6398334489938 507.6627342123525 -1 0 0
