204.3311688311689 489.84659090909093 -1 0 0
222.8295454545455 481.67288961038963 -1 0 0
241.3279220779221 499.74107142857144 -1 0 0
237.4561688311689 473.49918831168833 -1 0 0
276.60389610389615 521.6810064935065 -1 0 0
306.71753246753246 518.6696428571429 -1 0 0
331.2386363636364 507.48457792207796 -1 0 0
354.8993506493506 498.88068181818187 -1 0 0
385.4431818181818 487.2654220779221 -1 0 0
434.0551948051948 516.9488636363636 -1 0 0
418.137987012987 527.7037337662338 -1 0 0
418.5681818181818 505.7637987012987 -1 0 0
415.1266233766234 480.8125 -1 0 0
459.8668831168831 502.3222402597403 -1 0 0
444.81006493506493 488.5560064935065 -1 0 0
456.42532467532465 454.57061688311694 -1 0 0
492.9918831168831 486.83522727272725 -1 0 0
492.5616883116883 455.4310064935065 -1 0 0
461.15746753246754 437.3628246753247 -1 0 0
427.60227272727275 461.88392857142856 -1 0 0
416.41720779220776 453.71022727272725 -1 0 0
382.0016233766234 468.33685064935065 -1 0 0
375.5487012987013 457.58198051948057 -1 0 0
298.1136363636364 480.16720779220776 -1 0 0
275.7435064935065 495.65422077922074 -1 0 0
276.6038961038961 467.2613636363636 -1 0 0
297.2532467532468 469.84253246753246 -1 0 0
286.92857142857144 454.35551948051943 -1 0 0
272.3019480519481 431.9853896103896 -1 0 0
250.79220779220785 442.31006493506493 -1 0 0
251.65259740259742 436.2873376623377 -1 0 0
205.1915584415585 472.4237012987013 -1 0 0
212.0746753246754 466.400974025974 -1 0 0
218.09740259740266 495.65422077922074 -1 0 0
230.14285714285722 500.8165584415584 -1 0 0
238.7467532467533 518.0243506493506 -1 0 0
335.1103896103896 438.86850649350646 -1 0 0
298.97402597402595 416.4983766233766 -1 0 0
286.92857142857144 412.19642857142856 -1 0 0
294.67207792207796 404.45292207792204 -1 0 0
320.48376623376623 398.4301948051948 -1 0 0
304.1363636363636 399.29058441558436 -1 0 0
350.5974025974026 431.9853896103896 -1 0 0
368.6655844155845 479.3068181818182 -1 0 0
380.711038961039 443.1704545454545 -1 0 0
361.78246753246754 443.1704545454545 -1 0 0
372.96753246753246 428.54383116883116 -1 0 0
494.28246753246754 437.14772727272725 -1 0 0
514.9318181818182 434.5665584415584 -1 0 0
544.1850649350649 449.1931818181818 -1 0 0
536.4415584415585 443.1704545454545 -1 0 0
540.7435064935065 431.9853896103896 -1 0 0
532.1396103896104 432.84577922077926 -1 0 0
535.5811688311688 431.125 -1 0 0
563.1136363636364 438.86850649350646 -1 0 0
585.4837662337662 474.1444805194805 -1 0 0
595.8084415584416 444.03084415584414 -1 0 0
603.5519480519481 404.45292207792204 -1 0 0
607.8538961038962 388.10551948051943 -1 0 0
599.25 392.4074675324675 -1 0 0
591.5064935064936 381.22240259740255 -1 0 0
585.4837662337662 400.150974025974 -1 0 0
573.4383116883117 394.12824675324674 -1 0 0
572.5779220779222 413.05681818181813 -1 0 0
563.9740259740261 416.4983766233766 -1 0 0
553.6493506493507 412.19642857142856 -1 0 0
395.3376623376623 432.84577922077926 -1 0 0
394.47727272727275 424.2418831168831 -1 0 0
416.84740259740266 418.2191558441558 -1 0 0
400.5 444.03084415584414 -1 0 0
401.3603896103897 428.54383116883116 -1 0 0
420.288961038961 404.45292207792204 -1 0 0
387.5941558441559 394.9886363636363 -1 0 0
367.8051948051948 408.7548701298701 -1 0 0
351.4577922077922 404.45292207792204 -1 0 0
345.43506493506493 414.7775974025974 -1 0 0
341.13311688311694 398.4301948051948 -1 0 0
350.5974025974026 394.12824675324674 -1 0 0
345.43506493506493 374.33928571428567 -1 0 0
328.22727272727275 382.0827922077922 -1 0 0
333.3896103896104 384.663961038961 -1 0 0
323.92532467532465 375.1996753246753 -1 0 0
333.3896103896104 351.9691558441558 -1 0 0
323.92532467532465 357.1314935064935 -1 0 0
293.8116883116883 382.0827922077922 -1 0 0
285.2077922077922 382.0827922077922 -1 0 0
251.65259740259742 381.22240259740255 -1 0 0
255.95454545454547 369.17694805194805 -1 0 0
253.3733766233767 327.0178571428571 -1 0 0
291.23051948051955 363.15422077922074 -1 0 0
306.71753246753246 348.5275974025974 -1 0 0
193.14610389610394 393.2678571428571 -1 0 0
212.0746753246754 406.17370129870125 -1 0 0
194.0064935064935 412.19642857142856 -1 0 0
201.75000000000003 430.26461038961037 -1 0 0
534.7207792207793 401.0113636363636 -1 0 0
521.8149350649351 404.45292207792204 -1 0 0
528.698051948052 388.96590909090907 -1 0 0
521.8149350649351 370.89772727272725 -1 0 0
512.3506493506494 361.43344155844153 -1 0 0
505.46753246753246 354.55032467532465 -1 0 0
493.42207792207796 357.1314935064935 -1 0 0
492.56168831168833 369.17694805194805 -1 0 0
496.0032467532468 392.4074675324675 -1 0 0
500.30519480519484 418.2191558441558 -1 0 0
491.7012987012987 413.05681818181813 -1 0 0
494.28246753246754 404.45292207792204 -1 0 0
486.538961038961 404.45292207792204 -1 0 0
485.67857142857144 396.7094155844156 -1 0 0
477.0746753246754 382.9431818181818 -1 0 0
456.4253246753247 406.17370129870125 -1 0 0
446.961038961039 402.73214285714283 -1 0 0
460.72727272727275 388.10551948051943 -1 0 0
462.448051948052 378.6412337662337 -1 0 0
436.6363636363636 380.362012987013 -1 0 0
430.6136363636363 390.6866883116883 -1 0 0
423.73051948051955 386.3847402597402 -1 0 0
416.84740259740266 392.4074675324675 -1 0 0
425.4512987012987 381.22240259740255 -1 0 0
426.3116883116884 370.0373376623377 -1 0 0
434.9155844155845 369.17694805194805 -1 0 0
409.1038961038961 364.87499999999994 -1 0 0
394.47727272727275 381.22240259740255 -1 0 0
382.43181818181824 370.89772727272725 -1 0 0
376.4090909090909 378.6412337662337 -1 0 0
372.1071428571429 368.3165584415584 -1 0 0
354.038961038961 354.55032467532465 -1 0 0
359.2012987012987 342.5048701298701 -1 0 0
368.6655844155845 342.5048701298701 -1 0 0
385.0129870129871 348.5275974025974 -1 0 0
401.3603896103897 342.5048701298701 -1 0 0
413.4058441558442 355.4107142857143 -1 0 0
403.08116883116884 348.5275974025974 -1 0 0
422.87012987012986 349.38798701298697 -1 0 0
434.0551948051948 361.43344155844153 -1 0 0
450.4025974025974 361.43344155844153 -1 0 0
468.4707792207792 358.8522727272727 -1 0 0
481.3766233766234 366.59577922077926 -1 0 0
484.81818181818187 350.2483766233766 -1 0 0
478.7954545454547 338.20292207792204 -1 0 0
411.68506493506493 346.80681818181813 -1 0 0
400.5 325.2970779220779 -1 0 0
407.383116883117 318.413961038961 -1 0 0
378.12987012987014 320.1347402597402 -1 0 0
370.3863636363636 322.71590909090907 -1 0 0
343.7142857142858 324.4366883116883 -1 0 0
340.27272727272725 324.4366883116883 -1 0 0
329.948051948052 314.112012987013 -1 0 0
323.92532467532465 320.1347402597402 -1 0 0
315.32142857142856 314.112012987013 -1 0 0
256.81493506493507 316.69318181818176 -1 0 0
251.65259740259742 304.64772727272725 -1 0 0
251.65259740259742 294.3230519480519 -1 0 0
245.62987012987017 290.02110389610385 -1 0 0
249.93181818181822 282.27759740259734 -1 0 0
244.76948051948054 274.5340909090909 -1 0 0
250.79220779220785 264.2094155844155 -1 0 0
255.09415584415586 262.4886363636363 -1 0 0
246.4902597402598 253.0243506493506 -1 0 0
282.62662337662334 233.23538961038957 -1 0 0
305.8571428571429 320.99512987012986 -1 0 0
317.0422077922078 294.3230519480519 -1 0 0
311.87987012987014 274.5340909090909 -1 0 0
301.5551948051948 256.46590909090907 -1 0 0
284.3474025974026 258.1866883116883 -1 0 0
291.23051948051955 242.69967532467524 -1 0 0
300.6948051948052 232.37499999999994 -1 0 0
309.2987012987013 231.5146103896103 -1 0 0
317.9025974025974 232.37499999999994 -1 0 0
303.27597402597405 216.88798701298697 -1 0 0
294.67207792207796 210.86525974025972 -1 0 0
317.9025974025974 198.81980519480516 -1 0 0
288.6493506493507 189.35551948051943 -1 0 0
245.62987012987017 166.12499999999994 -1 0 0
280.0454545454545 171.28733766233762 -1 0 0
291.23051948051955 166.98538961038957 -1 0 0
283.48701298701303 163.5438311688311 -1 0 0
274.88311688311694 144.61525974025972 -1 0 0
297.2532467532468 154.939935064935 -1 0 0
318.7629870129871 159.24188311688306 -1 0 0
336.83116883116884 168.70616883116878 -1 0 0
339.4123376623377 159.24188311688306 -1 0 0
346.2954545454546 186.7743506493506 -1 0 0
372.96753246753246 189.35551948051943 -1 0 0
331.66883116883116 235.8165584415584 -1 0 0
334.25 220.32954545454538 -1 0 0
350.5974025974026 220.32954545454538 -1 0 0
365.22402597402595 231.5146103896103 -1 0 0
372.1071428571429 214.30681818181813 -1 0 0
387.5941558441559 214.30681818181813 -1 0 0
384.1525974025974 238.39772727272725 -1 0 0
375.5487012987013 232.37499999999994 -1 0 0
362.6428571428571 238.39772727272725 -1 0 0
354.8993506493507 250.44318181818176 -1 0 0
341.9935064935065 246.1412337662337 -1 0 0
382.43181818181824 246.1412337662337 -1 0 0
391.8961038961039 247.00162337662334 -1 0 0
400.5 233.23538961038957 -1 0 0
407.383116883117 219.4691558441558 -1 0 0
412.5454545454546 214.30681818181813 -1 0 0
409.1038961038961 231.5146103896103 -1 0 0
412.5454545454546 226.3522727272727 -1 0 0
412.5454545454546 248.72240259740255 -1 0 0
403.94155844155847 248.72240259740255 -1 0 0
429.75324675324686 247.00162337662334 -1 0 0
439.21753246753246 238.39772727272725 -1 0 0
426.3116883116884 217.74837662337654 -1 0 0
422.0097402597403 211.7256493506493 -1 0 0
442.65909090909105 227.21266233766232 -1 0 0
454.70454545454555 225.49188311688306 -1 0 0
466.74999999999994 226.3522727272727 -1 0 0
465.8896103896105 209.14448051948045 -1 0 0
452.9837662337663 250.44318181818176 -1 0 0
452.12337662337666 233.23538961038957 -1 0 0
471.0519480519481 256.46590909090907 -1 0 0
480.51623376623377 207.42370129870125 -1 0 0
483.9577922077923 221.189935064935 -1 0 0
496.8636363636364 215.1672077922077 -1 0 0
501.16558441558453 210.86525974025972 -1 0 0
520.0941558441559 196.23863636363632 -1 0 0
528.698051948052 180.75162337662334 -1 0 0
544.1850649350649 208.28409090909088 -1 0 0
536.4415584415585 196.23863636363632 -1 0 0
566.5551948051949 360.5730519480519 -1 0 0
546.7662337662338 362.29383116883116 -1 0 0
535.5811688311688 361.43344155844153 -1 0 0
526.1168831168832 352.82954545454544 -1 0 0
560.5324675324675 370.0373376623377 -1 0 0
548.487012987013 373.4788961038961 -1 0 0
578.6006493506494 362.29383116883116 -1 0 0
583.7629870129871 363.15422077922074 -1 0 0
603.5519480519481 355.4107142857143 -1 0 0
603.5519480519481 337.3425324675324 -1 0 0
588.0649350649351 340.7840909090909 -1 0 0
552.7889610389611 326.1574675324675 -1 0 0
569.9967532467533 318.413961038961 -1 0 0
593.2272727272727 304.64772727272725 -1 0 0
576.8798701298701 314.112012987013 -1 0 0
624.2012987012987 339.06331168831167 -1 0 0
632.8051948051949 333.04058441558436 -1 0 0
663.7792207792209 334.7613636363636 -1 0 0
643.9902597402598 312.3912337662337 -1 0 0
624.2012987012987 298.62499999999994 -1 0 0
607.8538961038962 304.64772727272725 -1 0 0
610.4350649350649 296.0438311688311 -1 0 0
618.1785714285714 284.8587662337662 -1 0 0
614.737012987013 276.2548701298701 -1 0 0
604.4123376623377 246.1412337662337 -1 0 0
635.3863636363637 250.44318181818176 -1 0 0
329.948051948052 283.13798701298697 -1 0 0
307.57792207792204 300.34577922077926 -1 0 0
338.5519480519481 280.55681818181813 -1 0 0
345.43506493506493 282.27759740259734 -1 0 0
356.62012987012986 301.2061688311688 -1 0 0
358.3409090909091 292.6022727272727 -1 0 0
341.9935064935065 313.25162337662334 -1 0 0
377.26948051948057 306.36850649350646 -1 0 0
384.1525974025974 298.62499999999994 -1 0 0
372.96753246753246 282.27759740259734 -1 0 0
365.22402597402595 280.55681818181813 -1 0 0
370.3863636363636 264.2094155844155 -1 0 0
361.78246753246754 253.88474025974023 -1 0 0
371.2467532467533 244.4204545454545 -1 0 0
363.5032467532468 264.2094155844155 -1 0 0
405.66233766233773 276.2548701298701 -1 0 0
419.4285714285714 270.23214285714283 -1 0 0
430.6136363636363 270.23214285714283 -1 0 0
439.21753246753246 278.8360389610389 -1 0 0
421.14935064935065 286.57954545454544 -1 0 0
415.12662337662346 295.18344155844153 -1 0 0
408.24350649350646 301.2061688311688 -1 0 0
397.91883116883116 310.6704545454545 -1 0 0
436.6363636363636 298.62499999999994 -1 0 0
426.3116883116884 316.69318181818176 -1 0 0
419.4285714285714 312.3912337662337 -1 0 0
449.5422077922078 306.36850649350646 -1 0 0
440.9383116883117 306.36850649350646 -1 0 0
457.28571428571433 300.34577922077926 -1 0 0
470.1915584415585 312.3912337662337 -1 0 0
467.61038961038975 289.1607142857142 -1 0 0
463.3084415584416 286.57954545454544 -1 0 0
457.28571428571433 288.30032467532465 -1 0 0
451.2629870129871 288.30032467532465 -1 0 0
453.8441558441559 277.9756493506493 -1 0 0
468.4707792207792 280.55681818181813 -1 0 0
488.25974025974034 292.6022727272727 -1 0 0
505.46753246753246 306.36850649350646 -1 0 0
495.1428571428572 316.69318181818176 -1 0 0
506.32792207792215 326.1574675324675 -1 0 0
501.16558441558453 336.48214285714283 -1 0 0
489.1201298701298 330.4594155844155 -1 0 0
478.7954545454547 306.36850649350646 -1 0 0
542.4642857142858 328.7386363636363 -1 0 0
503.74675324675326 286.57954545454544 -1 0 0
499.4448051948052 294.3230519480519 -1 0 0
492.56168831168833 274.5340909090909 -1 0 0
482.23701298701303 270.23214285714283 -1 0 0
446.1006493506494 253.88474025974023 -1 0 0
534.7207792207793 298.62499999999994 -1 0 0
541.6038961038961 290.02110389610385 -1 0 0
538.1623376623377 282.27759740259734 -1 0 0
533.0 288.30032467532465 -1 0 0
543.3246753246754 264.2094155844155 -1 0 0
549.3474025974026 265.06980519480516 -1 0 0
569.9967532467533 265.9301948051948 -1 0 0
593.2272727272727 268.51136363636357 -1 0 0
582.0422077922078 292.6022727272727 -1 0 0
594.0876623376624 290.02110389610385 -1 0 0
543.3246753246754 301.2061688311688 -1 0 0
549.3474025974026 284.8587662337662 -1 0 0
557.0909090909091 292.6022727272727 -1 0 0
566.5551948051949 302.926948051948 -1 0 0
553.6493506493507 308.9496753246753 -1 0 0
585.4837662337662 268.51136363636357 -1 0 0
574.2987012987013 252.16396103896102 -1 0 0
578.6006493506494 252.16396103896102 -1 0 0
561.3928571428572 244.4204545454545 -1 0 0
554.5097402597403 247.00162337662334 -1 0 0
549.3474025974026 250.44318181818176 -1 0 0
547.6266233766235 241.83928571428564 -1 0 0
536.4415584415585 236.676948051948 -1 0 0
524.3961038961039 226.3522727272727 -1 0 0
485.67857142857144 240.9788961038961 -1 0 0
510.62987012987014 252.16396103896102 -1 0 0
521.8149350649351 260.7678571428571 -1 0 0
517.5129870129871 304.64772727272725 -1 0 0
525.2564935064936 266.79058441558436 -1 0 0
640.5487012987013 259.0470779220779 -1 0 0
634.525974025974 278.8360389610389 -1 0 0
645.711038961039 262.4886363636363 -1 0 0
658.6168831168832 266.79058441558436 -1 0 0
674.1038961038962 282.27759740259734 -1 0 0
677.5454545454546 288.30032467532465 -1 0 0
684.4285714285714 286.57954545454544 -1 0 0
704.2175324675326 296.0438311688311 -1 0 0
704.2175324675326 302.926948051948 -1 0 0
690.4512987012988 314.112012987013 -1 0 0
680.987012987013 312.3912337662337 -1 0 0
673.2435064935065 302.926948051948 -1 0 0
658.6168831168832 298.62499999999994 -1 0 0
670.6623376623377 322.71590909090907 -1 0 0
663.7792207792209 322.71590909090907 -1 0 0
660.3376623376624 308.9496753246753 -1 0 0
747.237012987013 342.5048701298701 -1 0 0
730.0292207792209 330.4594155844155 -1 0 0
724.0064935064936 331.31980519480516 -1 0 0
742.935064935065 330.4594155844155 -1 0 0
718.8441558441559 334.7613636363636 -1 0 0
711.961038961039 336.48214285714283 -1 0 0
711.1006493506494 345.0860389610389 -1 0 0
703.3571428571429 322.71590909090907 -1 0 0
698.1948051948052 336.48214285714283 -1 0 0
676.685064935065 333.04058441558436 -1 0 0
641.409090909091 324.4366883116883 -1 0 0
485.67857142857144 175.58928571428564 -1 0 0
489.1201298701298 160.10227272727263 -1 0 0
487.3993506493507 168.70616883116878 -1 0 0
484.81818181818187 166.12499999999994 -1 0 0
470.1915584415585 151.49837662337654 -1 0 0
455.564935064935 145.4756493506493 -1 0 0
442.65909090909105 179.03084415584405 -1 0 0
431.47402597402595 180.75162337662334 -1 0 0
405.66233766233773 179.8912337662337 -1 0 0
403.08116883116884 163.5438311688311 -1 0 0
407.383116883117 171.28733766233762 -1 0 0
418.5681818181819 157.52110389610385 -1 0 0
443.5194805194805 168.70616883116878 -1 0 0
429.75324675324686 160.10227272727263 -1 0 0
449.5422077922078 138.5925324675324 -1 0 0
423.73051948051955 137.73214285714278 -1 0 0
436.6363636363636 144.61525974025972 -1 0 0
412.5454545454546 139.45292207792204 -1 0 0
393.6168831168832 151.49837662337654 -1 0 0
384.1525974025974 148.05681818181813 -1 0 0
389.31493506493507 141.17370129870125 -1 0 0
394.47727272727275 132.5698051948051 -1 0 0
385.87337662337666 133.4301948051948 -1 0 0
404.8019480519481 130.84902597402595 -1 0 0
393.6168831168832 114.50162337662334 -1 0 0
385.0129870129871 119.66396103896102 -1 0 0
370.3863636363636 111.06006493506487 -1 0 0
379.8506493506494 99.87499999999994 -1 0 0
370.3863636363636 89.55032467532465 -1 0 0
365.22402597402595 92.99188311688306 -1 0 0
361.78246753246754 113.64123376623371 -1 0 0
353.17857142857144 119.66396103896102 -1 0 0
343.7142857142858 119.66396103896102 -1 0 0
338.5519480519481 113.64123376623371 -1 0 0
335.97077922077926 108.47889610389603 -1 0 0
325.6461038961039 118.80357142857133 -1 0 0
322.2045454545455 109.33928571428567 -1 0 0
316.18181818181824 120.5243506493506 -1 0 0
299.83441558441564 119.66396103896102 -1 0 0
354.038961038961 148.9172077922077 -1 0 0
337.6915584415584 147.19642857142856 -1 0 0
365.22402597402595 154.939935064935 -1 0 0
376.4090909090909 160.10227272727263 -1 0 0
370.3863636363636 142.03409090909088 -1 0 0
321.3441558441558 148.9172077922077 -1 0 0
299.83441558441564 135.15097402597394 -1 0 0
286.06818181818187 129.98863636363632 -1 0 0
335.11038961038963 97.9391233766234 -1 0 0
315.3214285714286 104.39204545454547 -1 0 0
304.1363636363637 102.67126623376623 -1 0 0
314.0308441558442 66.10470779220782 -1 0 0
347.586038961039 135.36607142857144 -1 0 0
385.87337662337666 168.92126623376626 -1 0 0
410.39448051948057 159.88717532467535 -1 0 0
476.64448051948057 173.6534090909091 -1 0 0
321.7743506493507 192.58198051948054 -1 0 0
306.28733766233773 189.5706168831169 -1 0 0
313.6006493506494 87.82954545454538 -1 0 0
309.2987012987013 92.99188311688306 -1 0 0
326.5064935064935 85.24837662337654 -1 0 0
339.4123376623377 90.41071428571422 -1 0 0
341.13311688311694 79.22564935064929 -1 0 0
331.66883116883116 78.36525974025966 -1 0 0
354.038961038961 86.96915584415581 -1 0 0
344.57467532467535 103.31655844155841 -1 0 0
348.87662337662334 111.06006493506487 -1 0 0
411.68506493506493 105.8977272727272 -1 0 0
277.4642857142858 103.31655844155841 -1 0 0
279.18506493506493 87.82954545454538 -1 0 0
258.53571428571433 87.82954545454538 -1 0 0
249.07142857142858 75.78409090909088 -1 0 0
302.4155844155845 56.85551948051943 -1 0 0
294.67207792207796 56.85551948051943 -1 0 0
290.37012987012986 69.76136363636357 -1 0 0
283.48701298701303 65.45941558441552 -1 0 0
286.06818181818187 54.274350649350595 -1 0 0
313.6006493506494 59.43668831168827 -1 0 0
249.07142857142858 27.602272727272634 -1 0 0
261.97727272727275 20.719155844155807 -1 0 0
258.53571428571433 6.9529220779220395 -1 0 0
264.5584415584416 43.089285714285666 -1 0 0
249.93181818181822 51.693181818181756 -1 0 0
311.87987012987014 446.612012987013 -1 0 0
322.2045454545455 439.7288961038961 -1 0 0
313.6006493506494 438.0081168831169 -1 0 0
328.22727272727275 430.26461038961037 -1 0 0
256.81493506493507 115.36201298701292 -1 0 0
266.27922077922085 109.33928571428567 -1 0 0
261.1168831168832 138.5925324675324 -1 0 0
297.2532467532468 86.96915584415581 -1 0 0
291.23051948051955 75.78409090909088 -1 0 0
