6.199440447641849 353.0299760191847 -1 0 0
53.28177458033568 315.85971223021585 -1 0 0
39.90047961630691 271.25539568345323 -1 0 0
18.589528377298137 252.4224620303757 -1 0 0
4.712629896083101 234.0851318944844 -1 0 0
8.181854516386863 218.22581934452435 -1 0 0
47.83013589128694 211.78297362110308 -1 0 0
82.52238209432451 221.69504396482816 -1 0 0
89.46083133493201 198.89728217426057 -1 0 0
101.35531574740205 201.3752997601918 -1 0 0
116.7190247801758 165.6918465227817 -1 0 0
141.0035971223021 174.61270983213427 -1 0 0
151.4112709832134 182.04676258992802 -1 0 0
169.74860111910465 210.29616306954435 -1 0 0
138.52557953637086 201.3752997601918 -1 0 0
183.1298960831334 227.1466826538769 -1 0 0
189.57274180655472 246.97082334132693 -1 0 0
347.1746602717825 412.0067945643486 -1 0 0
50.4320543565148 173.74540367705833 -1 0 0
64.55675459632295 149.46083133493204 -1 0 0
75.95563549160671 149.95643485211826 -1 0 0
85.86770583533172 147.72621902478016 -1 0 0
2.6063149480415717 49.10111910471616 -1 0 0
13.757394084732212 57.030775379696195 -1 0 0
15.739808153477227 71.65107913669058 -1 0 0
17.226618705035975 83.04996003197436 -1 0 0
8.057953637090336 88.25379696243002 -1 0 0
6.571143085531574 101.13948840927253 -1 0 0
22.43045563549161 104.6087130295763 -1 0 0
15.739808153477227 112.53836930455631 -1 0 0
23.173860911270992 118.98121502797757 -1 0 0
6.323341326938447 121.95483613109508 -1 0 0
1.3673061550759442 107.33453237410068 -1 0 0
8.057953637090336 131.619104716227 -1 0 0
20.44804156674661 136.07953637090327 -1 0 0
15.4920063948841 147.23061550759388 -1 0 0
5.084332533972827 138.80535571542762 -1 0 0
44.23701039168665 151.69104716227014 -1 0 0
27.38649080735412 147.72621902478016 -1 0 0
36.05955235811352 135.83173461231013 -1 0 0
43.24580335731416 128.1498800959232 -1 0 0
36.307354116706634 116.75099920063944 -1 0 0
44.732613908872914 117.2466027178257 -1 0 0
33.08593125499601 111.05155875299756 -1 0 0
40.51998401278978 101.38729016786567 -1 0 0
29.368904876099123 94.20103916866503 -1 0 0
36.80295763389289 87.51039168665062 -1 0 0
25.15627498001599 77.5983213429256 -1 0 0
37.29856115107914 78.09392486011185 -1 0 0
37.29856115107914 60.25219824140683 -1 0 0
30.855715427657884 53.313749000799305 -1 0 0
31.351318944844124 63.225819344524325 -1 0 0
48.945243804956036 77.10271782573935 -1 0 0
59.10511590727418 107.5823341326938 -1 0 0
46.71502797761791 94.44884092725815 -1 0 0
52.414468425259805 112.53836930455631 -1 0 0
54.14908073541167 118.98121502797757 -1 0 0
61.33533173461231 120.96362909672258 -1 0 0
68.52158273381296 135.33613109512385 -1 0 0
55.38808952837731 132.61031175059946 -1 0 0
77.93804956035173 121.21143085531571 -1 0 0
76.69904076738611 130.13229416466822 -1 0 0
88.59352517985612 131.12350119904073 -1 0 0
98.50559552358114 114.27298161470819 -1 0 0
84.87649880095923 110.30815347721818 -1 0 0
76.69904076738611 107.5823341326938 -1 0 0
66.0435651478817 92.96203037569938 -1 0 0
68.02597921662671 80.32414068744998 -1 0 0
56.13149480415667 74.12909672262185 -1 0 0
51.175459632294164 66.44724220623496 -1 0 0
57.12270183852918 61.986810551558705 -1 0 0
56.87490007993605 50.835731414868036 -1 0 0
50.67985611510792 50.835731414868036 -1 0 0
63.0699440447642 46.870903277378034 -1 0 0
97.51438848920863 73.6334932054356 -1 0 0
88.84132693844927 84.78457234212624 -1 0 0
86.11550759392487 94.20103916866503 -1 0 0
80.66386890487611 101.13948840927253 -1 0 0
101.47921662669866 101.63509192645878 -1 0 0
102.22262190247802 88.50159872102313 -1 0 0
92.06274980015986 63.72142286171058 -1 0 0
84.62869704236611 48.109912070343654 -1 0 0
96.52318145483615 51.57913669064743 -1 0 0
99.9924060751399 64.9604316546762 -1 0 0
90.82374100719426 54.552757793764926 -1 0 0
63.0699440447642 57.77418065547556 -1 0 0
20.44804156674661 52.81814548361305 -1 0 0
96.27537969624301 124.92845723421259 -1 0 0
135.9236610711431 147.72621902478016 -1 0 0
109.65667466027178 139.05315747402074 -1 0 0
99.00119904076739 138.5575539568345 -1 0 0
69.76059152677858 66.69504396482807 -1 0 0
71.99080735411671 58.51758593125493 -1 0 0
58.857314148681056 67.68625099920058 -1 0 0
63.56554756195044 66.69504396482807 -1 0 0
114.86051159072741 49.84452438049556 -1 0 0
116.09952038369305 58.0219824140687 -1 0 0
130.2242206235012 60.25219824140683 -1 0 0
120.06434852118305 55.04836131095118 -1 0 0
119.32094324540368 85.52797761790563 -1 0 0
125.26818545163869 81.06754596322935 -1 0 0
136.66706634692247 75.36810551558747 -1 0 0
134.9324540367706 86.271382893685 -1 0 0
139.39288569144685 91.97082334132688 -1 0 0
139.39288569144685 96.92685851318942 -1 0 0
146.33133493205435 100.39608313349316 -1 0 0
150.7917665867306 108.32573940847318 -1 0 0
148.06594724220622 116.75099920063944 -1 0 0
135.42805755395682 107.33453237410068 -1 0 0
137.1626698641087 119.2290167865707 -1 0 0
127.74620303756994 117.2466027178257 -1 0 0
122.04676258992806 103.36970423661066 -1 0 0
126.75499600319745 94.9444444444444 -1 0 0
135.67585931254996 59.75659472422058 -1 0 0
139.39288569144685 53.56155075939242 -1 0 0
130.47202238209434 50.835731414868036 -1 0 0
161.94284572342127 51.08353317346118 -1 0 0
157.73021582733816 47.36650679456429 -1 0 0
150.54396482813752 47.36650679456429 -1 0 0
143.60551558752996 45.879696243005526 -1 0 0
148.80935251798564 55.04836131095118 -1 0 0
144.34892086330933 62.978017585931184 -1 0 0
169.1290967226219 83.04996003197436 -1 0 0
164.9164668265388 94.44884092725815 -1 0 0
174.08513189448445 89.74060751398875 -1 0 0
173.09392486011194 103.12190247801755 -1 0 0
166.89888089528375 109.31694644284568 -1 0 0
155.5 108.32573940847318 -1 0 0
155.25219824140686 99.6526778577138 -1 0 0
150.7917665867306 93.20983213429253 -1 0 0
145.09232613908875 87.26258992805751 -1 0 0
156.73900879296568 87.26258992805751 -1 0 0
151.28737010391689 84.04116706634687 -1 0 0
144.8445243804956 79.33293365307748 -1 0 0
153.2697841726619 74.12909672262185 -1 0 0
155.99560351718628 64.71262989608309 -1 0 0
161.1994404476419 59.75659472422058 -1 0 0
171.60711430855315 182.66626698641085 -1 0 0
189.2010391686651 173.00199840127897 -1 0 0
184.74060751398883 183.4096722621902 -1 0 0
212.742206235012 201.74700239808152 -1 0 0
207.78617106314948 182.17066346922462 -1 0 0
213.73341326938447 181.67505995203834 -1 0 0
194.15707434052757 182.914068745004 -1 0 0
196.38729016786573 167.79816147082335 -1 0 0
207.2905675459632 169.03717026378894 -1 0 0
213.4856115107914 159.12509992006392 -1 0 0
205.80375699440444 152.18665067945642 -1 0 0
193.4136690647482 157.88609112709827 -1 0 0
189.94444444444446 145.24820143884887 -1 0 0
179.7845723421263 153.9212629896083 -1 0 0
172.59832134292566 151.69104716227014 -1 0 0
160.20823341326943 154.41686650679452 -1 0 0
156.4912070343725 171.51518784972018 -1 0 0
174.08513189448445 166.5591526778577 -1 0 0
149.05715427657873 146.9828137490008 -1 0 0
165.9076738609113 144.00919264588327 -1 0 0
135.67585931254996 135.83173461231013 -1 0 0
142.36650679456437 128.8932853717026 -1 0 0
156.24340527577937 125.67186250999197 -1 0 0
165.16426858513188 134.34492406075134 -1 0 0
172.35051958433252 129.88449240607508 -1 0 0
184.49280575539572 116.75099920063944 -1 0 0
179.28896882494007 133.35371702637886 -1 0 0
190.44004796163068 133.35371702637886 -1 0 0
201.83892885691444 131.8669064748201 -1 0 0
206.79496402877697 123.19384492406071 -1 0 0
201.83892885691444 116.99880095923257 -1 0 0
193.16586730615506 118.48561151079133 -1 0 0
189.69664268585132 98.41366906474815 -1 0 0
182.01478816946445 103.86530775379691 -1 0 0
192.4224620303757 92.71422861710627 -1 0 0
182.01478816946445 92.96203037569938 -1 0 0
186.22741806554757 82.05875299760186 -1 0 0
178.0499600319744 82.80215827338125 -1 0 0
261.06354916067147 82.05875299760186 -1 0 0
248.17785771382893 69.91646682653871 -1 0 0
196.6350919264588 46.37529976019178 -1 0 0
182.26258992805754 52.074740207833685 -1 0 0
171.11151079136692 45.13629096722616 -1 0 0
174.33293365307756 56.782973621103054 -1 0 0
194.4048760991207 82.05875299760186 -1 0 0
201.09552358113507 81.56314948041563 -1 0 0
205.80375699440444 64.9604316546762 -1 0 0
213.4856115107914 60.747801758593084 -1 0 0
189.69664268585132 60.25219824140683 -1 0 0
183.00599520383696 60.25219824140683 -1 0 0
171.60711430855315 59.508792965627435 -1 0 0
225.6278976818545 79.33293365307748 -1 0 0
217.94604316546764 74.6247002398081 -1 0 0
236.03557154276578 70.6598721023181 -1 0 0
227.11470823341324 63.72142286171058 -1 0 0
239.25699440447642 56.03956834532369 -1 0 0
246.93884892086328 52.81814548361305 -1 0 0
259.8245403677058 50.34012789768178 -1 0 0
228.10591526778575 45.879696243005526 -1 0 0
169.87250199840128 198.27777777777777 -1 0 0
219.92845723421257 135.08832933653073 -1 0 0
209.7685851318945 141.2833733013589 -1 0 0
225.6278976818545 149.95643485211826 -1 0 0
216.21143085531577 127.65427657873697 -1 0 0
218.9372501998401 121.45923261390882 -1 0 0
228.60151878497203 125.67186250999197 -1 0 0
238.51358912869705 130.13229416466822 -1 0 0
242.72621902478016 141.77897681854512 -1 0 0
254.12509992006395 148.71742605915267 -1 0 0
235.53996802557953 157.88609112709827 -1 0 0
246.69104716227017 162.59432454036767 -1 0 0
224.38888888888886 167.79816147082335 -1 0 0
240.49600319744206 183.4096722621902 -1 0 0
245.6998401278977 194.31294964028774 -1 0 0
237.77018385291768 197.03876898481212 -1 0 0
229.59272581934454 213.64148681055156 -1 0 0
237.2745803357314 215.8717026378897 -1 0 0
243.46962430055953 223.30575539568343 -1 0 0
262.30255795363706 226.77498001598718 -1 0 0
274.1970423661071 230.49200639488407 -1 0 0
290.79976019184653 210.91566746602717 -1 0 0
274.6926458832934 213.3936850519584 -1 0 0
258.3377298161471 203.97721822541968 -1 0 0
268.00199840127897 197.03876898481212 -1 0 0
262.30255795363706 185.39208633093523 -1 0 0
262.79816147082335 164.32893685051954 -1 0 0
276.9228617106315 166.0635491606714 -1 0 0
266.51518784972023 146.48721023181452 -1 0 0
204.0691446842526 98.66147082334129 -1 0 0
199.85651478816948 99.40487609912066 -1 0 0
211.75099920063946 96.43125499600313 -1 0 0
213.4856115107914 84.53677058353313 -1 0 0
207.04276578737012 82.80215827338125 -1 0 0
206.79496402877697 46.870903277378034 -1 0 0
272.2146282973621 84.53677058353313 -1 0 0
267.01079136690646 73.6334932054356 -1 0 0
277.41846522781776 76.85491606714623 -1 0 0
281.1354916067146 75.86370903277373 -1 0 0
277.1706634692246 57.27857713828931 -1 0 0
281.1354916067146 49.84452438049556 -1 0 0
264.03717026378894 134.09712230215825 -1 0 0
254.86850519584334 126.41526778577133 -1 0 0
245.45203836930455 121.95483613109508 -1 0 0
240.49600319744206 116.75099920063944 -1 0 0
243.71742605915264 105.59992006394879 -1 0 0
230.3361310951239 96.43125499600313 -1 0 0
220.17625899280574 102.13069544364504 -1 0 0
226.619104716227 110.30815347721818 -1 0 0
221.66306954436448 113.52957633892882 -1 0 0
208.52957633892885 114.27298161470819 -1 0 0
199.11310951239008 113.28177458033569 -1 0 0
300.21622701838527 185.1442845723421 -1 0 0
293.5255795363709 198.5255795363709 -1 0 0
286.09152677857713 212.8980815347722 -1 0 0
284.35691446842526 193.07394084732215 -1 0 0
305.42006394884095 155.1602717825739 -1 0 0
305.1722621902478 166.0635491606714 -1 0 0
291.79096722621904 156.89488409272582 -1 0 0
277.1706634692246 150.45203836930455 -1 0 0
284.1091127098321 143.513589128697 -1 0 0
298.2338129496403 134.09712230215825 -1 0 0
286.09152677857713 124.68065547561946 -1 0 0
278.65747402078335 131.12350119904073 -1 0 0
273.2058353317346 120.2202238209432 -1 0 0
264.78057553956836 113.28177458033569 -1 0 0
256.3553157474021 102.8741007194244 -1 0 0
259.8245403677058 98.9092725819344 -1 0 0
246.44324540367705 90.73181454836126 -1 0 0
239.50479616306959 81.31534772182249 -1 0 0
253.38169464428455 55.04836131095118 -1 0 0
291.0475619504397 108.32573940847318 -1 0 0
301.95083932853714 116.99880095923257 -1 0 0
275.1882494004796 106.5911270983213 -1 0 0
286.8349320543565 103.12190247801755 -1 0 0
282.1266986410871 95.93565147881691 -1 0 0
269.73661071143084 97.67026378896878 -1 0 0
268.9932054356515 49.84452438049556 -1 0 0
250.6558752997602 61.986810551558705 -1 0 0
225.6278976818545 54.30495603517181 -1 0 0
219.43285371702635 51.08353317346118 -1 0 0
200.3521183053557 56.782973621103054 -1 0 0
158.72142286171066 71.15547561950433 -1 0 0
208.03397282174262 75.86370903277373 -1 0 0
186.7230215827338 68.42965627497995 -1 0 0
195.39608313349322 67.19064748201433 -1 0 0
287.3305355715428 55.04836131095118 -1 0 0
292.0387689848121 56.03956834532369 -1 0 0
296.4992006394884 72.39448441246998 -1 0 0
291.0475619504397 79.33293365307748 -1 0 0
298.4816147082334 80.57194244604312 -1 0 0
285.843725019984 86.271382893685 -1 0 0
306.1634692246203 104.6087130295763 -1 0 0
307.8980815347722 97.9180655475619 -1 0 0
303.1898481215028 62.23461231015182 -1 0 0
297.4904076738609 64.71262989608309 -1 0 0
244.95643485211832 79.58073541167062 -1 0 0
252.14268585131896 76.85491606714623 -1 0 0
320.7837729816147 108.51159072741802 -1 0 0
322.6422861710631 66.75699440447637 -1 0 0
315.7038369304556 46.43725019984008 -1 0 0
268.3737010391686 38.13589128697038 -1 0 0
331.3153477218225 39.99440447641882 -1 0 0
310.62390087929657 42.96802557953633 -1 0 0
313.3497202238209 62.544364508393244 -1 0 0
304.6766586730615 74.19104716227014 -1 0 0
307.89808153477213 117.06075139888085 -1 0 0
461.941712337564 388.7751983864547 -1 0 0
504.8441993008311 417.20455721753535 -1 0 0
500.19212240119975 392.9103778527937 -1 0 0
458.58187902116356 429.3516468999062 -1 0 0
544.1284042310516 419.530595667351 -1 0 0
534.0489042818504 400.4053906355332 -1 0 0
568.164134879147 408.93419828485736 -1 0 0
560.1522246631152 389.2920958197471 -1 0 0
585.7386476110878 389.8089932530395 -1 0 0
617.5278397585689 373.5267241043297 -1 0 0
606.4145449427829 358.53669853885077 -1 0 0
593.2336603938272 344.58046783995667 -1 0 0
587.2893399109649 328.29819869124685 -1 0 0
605.1223013595518 308.91454494278275 -1 0 0
597.8857372934585 301.16108344339716 -1 0 0
573.8500066453632 278.15914766188644 -1 0 0
569.1979297457318 263.1691220964076 -1 0 0
613.39266029223 257.2248016135453 -1 0 0
571.0070707622551 246.6284042310516 -1 0 0
541.0270196312974 249.47134011415966 -1 0 0
502.00126341772307 251.02203241403677 -1 0 0
503.8104044342464 259.0339426300686 -1 0 0
508.9793787671701 271.6979297457318 -1 0 0
523.969404332649 284.87881429468734 -1 0 0
536.1164940150197 298.0596988436429 -1 0 0
549.2973785639754 281.2605322616407 -1 0 0
564.5458528461004 313.82507055906035 -1 0 0
558.8599810798843 304.2624680431514 -1 0 0
559.8937759464691 346.38960885648 -1 0 0
556.0170451967763 329.848890991124 -1 0 0
570.2317246123166 359.05359597214317 -1 0 0
547.2297888308059 378.69569843725344 -1 0 0
539.7347760480664 355.1768652224504 -1 0 0
523.969404332649 365.773262604944 -1 0 0
504.3273018675387 371.97603180445253 -1 0 0
440.7489175725766 354.91841650580415 -1 0 0
463.4924046374411 348.97409602294186 -1 0 0
494.2478019183374 356.2106600890351 -1 0 0
489.59572501870605 338.63614735709433 -1 0 0
492.9555583351065 313.82507055906035 -1 0 0
505.87799416741586 304.2624680431514 -1 0 0
482.617609669259 280.7436348283484 -1 0 0
474.0888020199348 276.60845536200935 -1 0 0
482.8760583859052 261.1015323632381 -1 0 0
453.9298021215322 292.1153783607806 -1 0 0
475.3810456031657 302.4533270266281 -1 0 0
451.3453149550703 281.00208354499455 -1 0 0
434.8045970897143 299.8688398601662 -1 0 0
450.31152008848557 313.0497244091218 -1 0 0
438.1644304061148 333.4671730241706 -1 0 0
415.9378407745426 355.43531393909655 -1 0 0
418.0054305077121 330.88268585770874 -1 0 0
392.6774562763857 339.4114935070329 -1 0 0
391.3852126931548 323.6461217916155 -1 0 0
412.0611100248498 304.5209167597976 -1 0 0
392.41900755973955 299.8688398601662 -1 0 0
372.7769050946293 312.01592954253704 -1 0 0
346.41513599671816 296.76745526041196 -1 0 0
325.480789948377 282.81122456151786 -1 0 0
312.0414566827752 271.1810323124394 -1 0 0
302.4788541668663 248.43754524757492 -1 0 0
314.6259438492371 247.40375038099015 -1 0 0
334.52649503099354 263.68601952969993 -1 0 0
353.1348026295191 259.0339426300686 -1 0 0
346.67358471336433 249.98823754745203 -1 0 0
368.9001743449365 251.02203241403677 -1 0 0
377.1705332776145 264.71981439628473 -1 0 0
361.40516156219707 272.9901733289627 -1 0 0
391.643661409801 280.7436348283484 -1 0 0
393.9696998596167 256.4494554636067 -1 0 0
388.28382809340053 271.1810323124394 -1 0 0
405.8583408253413 262.9106733797614 -1 0 0
420.07302024088165 244.04391706458972 -1 0 0
428.6018278902058 261.1015323632381 -1 0 0
395.77884087614 247.66219909763635 -1 0 0
445.1425457555618 251.79737856397534 -1 0 0
431.96166120660627 277.12535279530175 -1 0 0
412.57800745814217 285.3957117279797 -1 0 0
422.9159561239897 298.3181475602891 -1 0 0
481.5838148026742 242.2347760480664 -1 0 0
466.85223795384155 257.4832503301915 -1 0 0
394.74504600955527 437.62200583258414 -1 0 0
508.9793787671701 285.3957117279797 -1 0 0
613.9095577255223 276.3500066453631 -1 0 0
610.808173125768 420.822839250582 -1 0 0
582.3788142946873 428.5763007499676 -1 0 0
273.92027097746256 243.5563518809253 -1 0 0
288.39339910964907 253.89430054677283 -1 0 0
294.59616830915763 238.38737754800155 -1 0 0
312.1706810410983 220.29596738276842 -1 0 0
316.3058605074374 194.4510957181497 -1 0 0
306.4848092748822 208.9242238503362 -1 0 0
325.6100143067001 203.23835208412007 -1 0 0
-53.275804296610666 264.7491466459127 -1 0 0
-70.85031702855142 261.13086461286605 -1 0 0
-77.5699836613523 262.6815569127432 -1 0 0
-76.01929136147515 280.2560696446839 -1 0 0
-54.30959916319543 270.9519158454211 -1 0 0
-37.25198386454705 263.71535177932793 -1 0 0
-28.46472749857667 247.6915313472643 -1 0 0
256.86265567881424 67.81122456151786 -1 0 0
243.4233224132125 65.74363482834838 -1 0 0
262.54852744503035 57.47327589567038 -1 0 0
208.79119438262336 55.4056861625009 -1 0 0
166.922502285941 62.12535279530176 -1 0 0
174.67596378532664 64.19294252847124 -1 0 0
131.77347682205954 69.87881429468734 -1 0 0
123.50311788938149 71.42950659456449 -1 0 0
80.6006309261144 67.81122456151786 -1 0 0
242.90642497992005 60.57466049542461 -1 0 0
335.94796297254754 64.19294252847124 -1 0 0
332.32968093950086 62.12535279530176 -1 0 0
321.474834840361 57.47327589567038 -1 0 0
344.2183219052256 62.64225022859409 -1 0 0
334.3972706726705 55.92258359579324 -1 0 0
345.76901420510274 84.35194242687385 -1 0 0
333.88037323937806 84.35194242687385 -1 0 0
328.19450147316195 84.35194242687385 -1 0 0
323.54242457353064 80.21676296053488 -1 0 0
317.3396553740221 76.59848092748825 -1 0 0
312.1706810410983 78.66607066065774 -1 0 0
313.72137334097545 69.361916861395 -1 0 0
327.6776040398696 74.01399376102637 -1 0 0
335.94796297254754 75.04778862761111 -1 0 0
345.2521167718103 71.42950659456449 -1 0 0
319.40724510719156 100.89266029222983 -1 0 0
297.18065547561946 93.65609622613658 -1 0 0
305.4510144082975 84.86883986016625 -1 0 0
317.3396553740221 92.1054039262595 -1 0 0
312.1706810410983 87.97022445992047 -1 0 0
315.27206564085265 124.15304479038674 -1 0 0
318.8903476738992 122.08545505721725 -1 0 0
317.3396553740221 114.848890991124 -1 0 0
265.1330146114923 69.87881429468734 -1 0 0
256.86265567881424 96.75748082589087 -1 0 0
60.4416310277118 78.66607066065774 -1 0 0
317.8565528073144 177.39348041950132 -1 0 0
324.059322006823 167.05553175365384 -1 0 0
314.2382707742678 156.71758308780636 -1 0 0
318.8903476738992 148.9641215884207 -1 0 0
307.518604141467 138.10927548928083 -1 0 0
334.3972706726705 112.78130125795445 -1 0 0
328.7113989064543 120.01786532404769 -1 0 0
341.1169373054713 96.75748082589087 -1 0 0
349.9041936714417 89.52091675979761 -1 0 0
362.3097320704587 75.04778862761111 -1 0 0
367.99560383667483 76.59848092748825 -1 0 0
361.2759372038739 68.32812199481026 -1 0 0
349.38729623814936 66.77742969493312 -1 0 0
357.14075773753495 57.47327589567038 -1 0 0
348.87039880485685 55.4056861625009 -1 0 0
371.0969884364291 65.74363482834838 -1 0 0
376.7828602026452 62.12535279530176 -1 0 0
377.81665506923 56.956378462377984 -1 0 0
366.4449115367977 58.507070762255125 -1 0 0
378.33355250252237 71.42950659456449 -1 0 0
384.5363217020308 66.26053226164072 -1 0 0
392.28978320141636 62.12535279530176 -1 0 0
389.18839860166224 59.54086562883987 -1 0 0
401.0770395673868 67.81122456151786 -1 0 0
396.4249626677555 72.98019889444163 -1 0 0
388.6715011683699 73.49709632773397 -1 0 0
393.3235780680012 79.18296809395014 -1 0 0
387.6377063017851 89.52091675979761 -1 0 0
380.4011422356919 82.28435269370436 -1 0 0
372.64768073630626 84.35194242687385 -1 0 0
382.46873196886133 97.27437825918321 -1 0 0
375.23216790276814 94.68989109272138 -1 0 0
366.4449115367977 98.82507055906035 -1 0 0
358.69145003741215 99.34196799235275 -1 0 0
361.2759372038739 90.03781419308996 -1 0 0
352.48868083790353 116.39958329100106 -1 0 0
357.6576551708273 116.39958329100106 -1 0 0
345.2521167718103 120.01786532404769 -1 0 0
341.63383473876365 138.10927548928083 -1 0 0
335.4310655392552 135.52478832281895 -1 0 0
335.4310655392552 127.25442939014096 -1 0 0
324.5762194401153 130.87271142318758 -1 0 0
318.8903476738992 138.10927548928083 -1 0 0
331.2958860729163 148.9641215884207 -1 0 0
342.6676296053485 151.5486087548826 -1 0 0
327.16070660657726 156.20068565451396 -1 0 0
353.5224757044884 154.64999335463682 -1 0 0
357.6576551708273 142.24445495561986 -1 0 0
370.0631935698444 151.0317113215902 -1 0 0
351.45488597131884 134.4909934562342 -1 0 0
361.7928346371664 131.90650628977232 -1 0 0
374.1983730361834 130.87271142318758 -1 0 0
368.5125012699672 138.10927548928083 -1 0 0
380.4011422356919 138.10927548928083 -1 0 0
379.8842448023995 156.71758308780636 -1 0 0
376.2659627693529 161.88655742073007 -1 0 0
385.0532191353233 163.4372497206072 -1 0 0
375.74906533606037 183.59624961900982 -1 0 0
370.0631935698444 173.25830095316235 -1 0 0
363.86042437033586 166.53863432036144 -1 0 0
362.82662950375106 159.3020702542682 -1 0 0
360.24214233728924 153.61619848805208 -1 0 0
349.38729623814936 170.15691635340806 -1 0 0
341.1169373054713 163.4372497206072 -1 0 0
348.87039880485685 199.62007005107344 -1 0 0
338.01555270571714 187.21453165205645 -1 0 0
350.9379885380265 181.52865988584034 -1 0 0
330.26209120633143 178.42727528608606 -1 0 0
359.7252449039969 175.32589068633183 -1 0 0
367.4787064033825 196.00178801802682 -1 0 0
365.92801410350535 209.44112128362858 -1 0 0
357.6576551708273 185.66383935217934 -1 0 0
356.6238603042426 213.0594033166752 -1 0 0
363.3435269370435 222.36355711593794 -1 0 0
373.1645781695986 239.9380698478787 -1 0 0
392.28978320141636 227.5325314488617 -1 0 0
392.80668063470887 216.67768534972183 -1 0 0
390.7390909015394 205.30594181728958 -1 0 0
378.8504499358147 205.30594181728958 -1 0 0
386.60391143520025 187.73142908534882 -1 0 0
401.59393700067926 172.74140351986995 -1 0 0
401.0770395673868 184.1131470523022 -1 0 0
415.5501676995733 205.82283925058195 -1 0 0
417.10085999945045 210.9918135835057 -1 0 0
409.34739850006486 194.4510957181497 -1 0 0
413.4825779664039 162.40345485402247 -1 0 0
397.97565496763264 166.0217368870691 -1 0 0
399.0094498342173 156.71758308780636 -1 0 0
396.9418601010479 146.37963442195883 -1 0 0
381.43493710227665 149.99791645500545 -1 0 0
391.2559883348318 144.31204468878934 -1 0 0
326.64380917328475 231.1508134819083 -1 0 0
336.9817578391324 220.81286481606082 -1 0 0
345.2521167718103 239.9380698478787 -1 0 0
297.18065547561946 220.29596738276842 -1 0 0
376.2659627693529 106.0616346251536 -1 0 0
332.8465783727934 98.82507055906035 -1 0 0
330.26209120633143 68.32812199481026 -1 0 0
405.72911646701823 56.956378462377984 -1 0 0
396.4249626677555 53.33809642933136 -1 0 0
401.0770395673868 85.90263472675099 -1 0 0
541.0270196312974 243.68557623924846 -1 0 0
539.4763273314202 232.31383270681624 -1 0 0
503.8104044342464 232.05538399017007 -1 0 0
505.36109673412346 244.97781982247943 -1 0 0
451.3453149550703 231.53848655687767 -1 0 0
431.1863150566677 226.62796094060013 -1 0 0
458.06498158787116 214.99776869152169 -1 0 0
447.7270329220237 205.69361489225895 -1 0 0
440.49046885593043 194.58032007647284 -1 0 0
430.15252019008295 193.80497392653427 -1 0 0
415.9378407745426 181.65788424416348 -1 0 0
429.8940714734367 166.15096124539224 -1 0 0
415.67939205789645 173.3875253114855 -1 0 0
442.0411611558076 180.62408937757874 -1 0 0
434.2876996564219 177.52270477782446 -1 0 0
446.43478933879277 168.73544841185412 -1 0 0
452.89600725494745 182.43323039410205 -1 0 0
458.58187902116356 187.08530729373342 -1 0 0
453.9298021215322 195.6141149430576 -1 0 0
468.9198276870111 189.6697944601953 -1 0 0
471.5043148534729 180.62408937757874 -1 0 0
488.04503271882896 189.1528970269029 -1 0 0
499.67522496790735 197.4232559595809 -1 0 0
493.2140070517527 193.02962777659576 -1 0 0
478.74087891956617 204.1429225923818 -1 0 0
494.2478019183374 213.44707639164454 -1 0 0
485.2020968357209 220.16674302444545 -1 0 0
473.57190458664246 232.05538399017007 -1 0 0
537.1502888816045 195.6141149430576 -1 0 0
534.5658017151427 214.99776869152169 -1 0 0
543.353058081113 216.806909708045 -1 0 0
545.4206478142826 207.76120462542843 -1 0 0
560.1522246631152 212.9301789583522 -1 0 0
581.3450194281027 209.57034564195175 -1 0 0
569.9732758956704 229.21244810706202 -1 0 0
560.4106733797614 239.5503967729095 -1 0 0
585.2217501777955 225.077268640723 -1 0 0
599.1779808766896 212.4132815250598 -1 0 0
594.0090065437657 204.65982002567415 -1 0 0
606.9314423760752 196.13101237635 -1 0 0
615.4602500253993 203.10912772579707 -1 0 0
580.0527758448717 199.2323969761042 -1 0 0
587.0308911943188 188.89444831025673 -1 0 0
580.569673278164 185.01771756056394 -1 0 0
586.2555450443801 175.71356376130115 -1 0 0
572.8162117787784 175.1966663280088 -1 0 0
552.915660597022 170.8030381450236 -1 0 0
541.802365781236 184.24237141062537 -1 0 0
529.3968273822189 185.01771756056394 -1 0 0
522.1602633161257 195.09721750976524 -1 0 0
506.91178903400055 189.41134574354913 -1 0 0
495.7984942182146 180.62408937757874 -1 0 0
506.3948916007083 164.85871766216127 -1 0 0
492.4386609018141 167.18475611197698 -1 0 0
489.59572501870605 176.48890991123972 -1 0 0
484.6851994024285 159.43129461259133 -1 0 0
498.1245326680302 157.10525616277567 -1 0 0
478.74087891956617 154.77921771295996 -1 0 0
462.7170584875026 162.0157817790532 -1 0 0
466.3353405205492 168.73544841185412 -1 0 0
446.9516867720851 159.68974332923753 -1 0 0
429.1187253234982 147.80110236351288 -1 0 0
417.23008435777353 151.67783311320574 -1 0 0
408.4428279918032 141.8567818806506 -1 0 0
402.49850750894086 135.91246139778826 -1 0 0
395.5203921594938 130.22658963157215 -1 0 0
383.63175119376916 132.81107679803404 -1 0 0
387.2500332268158 118.8548460991399 -1 0 0
389.83452039327767 113.42742304956997 -1 0 0
407.40903312521846 109.29224358323097 -1 0 0
419.03922537429685 132.81107679803404 -1 0 0
430.9278663400215 139.01384599754255 -1 0 0
440.7489175725766 132.81107679803404 -1 0 0
437.13063553953 126.86675631517171 -1 0 0
446.69323805543894 126.09141016523316 -1 0 0
455.9973918547017 129.96814091492598 -1 0 0
462.45860977085636 135.13711524784972 -1 0 0
469.43672512030344 137.20470498101923 -1 0 0
457.806532871225 143.4074741805277 -1 0 0
462.2001610542102 152.4531792631443 -1 0 0
481.84226351932045 141.8567818806506 -1 0 0
490.11262245199845 129.96814091492598 -1 0 0
498.1245326680302 146.50885878028197 -1 0 0
530.4306222488037 139.7891921474811 -1 0 0
514.6652505333863 151.67783311320574 -1 0 0
520.0926735829562 160.7235381958223 -1 0 0
490.11262245199845 142.63212803058917 -1 0 0
548.0051349807444 151.67783311320574 -1 0 0
541.2854683479436 142.63212803058917 -1 0 0
554.7248016135453 143.4074741805277 -1 0 0
534.5658017151427 149.86869209668242 -1 0 0
536.1164940150197 162.0157817790532 -1 0 0
536.6333914483122 173.3875253114855 -1 0 0
564.028955412808 149.86869209668242 -1 0 0
557.050840063361 154.2623202796676 -1 0 0
579.0189809782869 158.914397179299 -1 0 0
582.6372630113335 147.80110236351288 -1 0 0
597.6272885768124 141.5983331640044 -1 0 0
603.8300577763209 149.86869209668242 -1 0 0
607.7067885260137 167.96010226191555 -1 0 0
611.0666218424142 173.90442274477783 -1 0 0
613.39266029223 138.23849984760398 -1 0 0
609.7743782591833 132.03573064809547 -1 0 0
600.4702244599205 132.29417936474164 -1 0 0
591.6829680939502 131.5188332148031 -1 0 0
575.9175963785326 125.0576152986484 -1 0 0
561.9613656796386 137.20470498101923 -1 0 0
558.3430836465919 127.90055118175647 -1 0 0
558.0846349299458 119.63019224907845 -1 0 0
550.0727247139139 125.57451273194079 -1 0 0
545.6790965309287 129.70969219827978 -1 0 0
542.0608144978821 116.52880764932422 -1 0 0
529.3968273822189 124.28226914870984 -1 0 0
520.8680197328947 126.34985888187934 -1 0 0
522.1602633161257 137.20470498101923 -1 0 0
513.6314556668015 145.9919613469896 -1 0 0
507.6871351839392 130.74348706486452 -1 0 0
509.2378274838163 116.52880764932422 -1 0 0
391.90211012644716 90.1670385514131 -1 0 0
409.47662285838794 65.61441047002529 -1 0 0
410.76886644161885 71.81717966953377 -1 0 0
415.67939205789645 82.15512833538128 -1 0 0
406.6336869752799 87.58255138495122 -1 0 0
409.47662285838794 99.98808978396823 -1 0 0
399.1386741925404 98.4373974840911 -1 0 0
467.6275841037801 69.49114121971809 -1 0 0
465.8184430872568 75.4354617025804 -1 0 0
469.6951738369496 78.01994886904228 -1 0 0
454.44669955482453 68.97424378642572 -1 0 0
448.7608277886084 64.83906432008672 -1 0 0
453.9298021215322 60.18698742045535 -1 0 0
437.13063553953 58.63629512057821 -1 0 0
437.6475329728224 64.06371817014815 -1 0 0
436.09684067294523 84.48116678519696 -1 0 0
433.2539047898372 78.01994886904228 -1 0 0
439.9735714226381 75.6939104192266 -1 0 0
422.9159561239897 84.73961550184316 -1 0 0
417.48853307441976 99.21274363402966 -1 0 0
423.94975099057444 90.68393598470547 -1 0 0
434.8045970897143 97.40360261750635 -1 0 0
437.13063553953 87.06565395165885 -1 0 0
444.62564832226946 93.78532058445973 -1 0 0
453.9298021215322 93.52687186781353 -1 0 0
449.79462265519317 86.29030780172027 -1 0 0
459.098776454456 96.11135903427541 -1 0 0
457.0311867212864 88.87479496818216 -1 0 0
448.50237907196225 79.05374373562702 -1 0 0
455.2220457047631 77.24460271910371 -1 0 0
466.5937892371954 87.32410266830502 -1 0 0
471.24586613682675 87.32410266830502 -1 0 0
482.617609669259 85.25651293513553 -1 0 0
487.01123785224416 91.20083341799784 -1 0 0
480.2915712194433 94.81911545104447 -1 0 0
472.2796610034115 95.59446160098304 -1 0 0
460.1325713210407 105.15706411689197 -1 0 0
450.8284175217779 101.02188465055298 -1 0 0
444.8840970389156 110.32603844981571 -1 0 0
457.0311867212864 112.9105256162776 -1 0 0
451.8622123883627 120.66398711566322 -1 0 0
439.1982252726995 106.96620513341529 -1 0 0
425.5004432904516 92.75152571787498 -1 0 0
414.9040459079579 121.69778198224797 -1 0 0
417.74698179106593 116.27035893267802 -1 0 0
404.3076485254642 122.73157684883272 -1 0 0
423.94975099057444 110.06758973316954 -1 0 0
470.72896870353435 126.86675631517171 -1 0 0
475.12259688651955 116.52880764932422 -1 0 0
469.43672512030344 104.3817179669534 -1 0 0
475.63949431981194 106.96620513341529 -1 0 0
488.04503271882896 117.56260251590896 -1 0 0
497.09073780144547 108.00000000000003 -1 0 0
503.8104044342464 95.33601288433684 -1 0 0
485.4605455523671 99.21274363402966 -1 0 0
483.65140453584377 59.15319255387058 -1 0 0
505.6195454507697 59.92853870380915 -1 0 0
499.158327534615 59.15319255387058 -1 0 0
496.0569429348607 89.39169240147453 -1 0 0
499.67522496790735 78.53684630233465 -1 0 0
497.3491865180917 74.91856426928803 -1 0 0
509.75472491710866 80.0875386022118 -1 0 0
511.82231465027826 73.10942325276471 -1 0 0
544.9037503809902 79.31219245227322 -1 0 0
538.1840837481893 76.21080785251897 -1 0 0
533.5320068485579 73.10942325276471 -1 0 0
528.8799299489265 77.50305143574991 -1 0 0
524.7447504825875 81.6382309020889 -1 0 0
517.2497376998481 91.71773085129021 -1 0 0
514.6652505333863 85.7734103684279 -1 0 0
536.6333914483122 90.68393598470547 -1 0 0
549.5558272806215 96.62825646756778 -1 0 0
546.1959939642211 93.00997443452115 -1 0 0
530.4306222488037 102.05567951713772 -1 0 0
520.3511222996024 105.15706411689197 -1 0 0
522.6771607494181 116.52880764932422 -1 0 0
605.3807500761981 87.06565395165885 -1 0 0
604.0885064929671 99.72964106732204 -1 0 0
607.4483398093676 120.66398711566322 -1 0 0
558.3430836465919 68.97424378642572 -1 0 0
559.8937759464691 76.72770528581134 -1 0 0
583.6710578779183 63.02992330356341 -1 0 0
590.3907245107191 64.58061560344052 -1 0 0
576.9513912451174 70.00803865301046 -1 0 0
585.2217501777955 78.01994886904228 -1 0 0
589.3569296441344 97.92050005079872 -1 0 0
570.748622045609 106.19085898347672 -1 0 0
562.9951605462234 101.53878208384535 -1 0 0
568.9394810290856 91.71773085129021 -1 0 0
602.2793654764438 184.7592688439177 -1 0 0
589.6153783607806 81.12133346879654 -1 0 0
553.4325580303143 88.09944881824359 -1 0 0
541.2854683479436 61.737679720332466 -1 0 0
527.5876863656956 61.737679720332466 -1 0 0
617.2693910419227 93.78532058445973 -1 0 0
615.2018013087531 87.58255138495122 -1 0 0
607.1898910927214 75.6939104192266 -1 0 0
597.3688398601662 68.97424378642572 -1 0 0
594.5259039770582 74.40166683599566 -1 0 0
615.7186987420455 74.40166683599566 -1 0 0
616.4940448919841 61.996128436978665 -1 0 0
595.3012501269968 118.07949994920133 -1 0 0
613.1342115755837 109.03379486658477 -1 0 0
617.7862884752151 158.13905102936042 -1 0 0
572.299314345486 136.42935883108066 -1 0 0
588.0646860609036 130.74348706486452 -1 0 0
581.3450194281027 136.42935883108066 -1 0 0
552.3987631637297 103.34792310036866 -1 0 0
561.4444682463461 192.77117905994953 -1 0 0
550.5896221472062 197.68170467622713 -1 0 0
367.34948204505935 109.80914101652334 -1 0 0
367.0910333284132 118.33794866584753 -1 0 0
437.3890842561762 142.89057674723534 -1 0 0
443.5918534556847 146.50885878028197 -1 0 0
475.3810456031657 59.92853870380915 -1 0 0
566.3549938626238 62.77147458691721 -1 0 0
578.2436348283484 115.23656406609328 -1 0 0
584.1879553112107 86.54875651836647 -1 0 0
588.3231347775497 89.9085898347669 -1 0 0
565.8380964293314 82.15512833538128 -1 0 0
560.4106733797614 83.44737191861222 -1 0 0
617.2693910419227 68.19889763648715 -1 0 0
463.2339559207949 204.65982002567415 -1 0 0
413.09490489143457 229.21244810706202 -1 0 0
467.36913538713395 175.71356376130115 -1 0 0
494.2478019183374 121.18088454895559 -1 0 0
511.3054172169858 103.34792310036866 -1 0 0
479.77467378615097 78.53684630233465 -1 0 0
435.83839195629906 118.07949994920133 -1 0 0
463.2339559207949 244.71937110583326 -1 0 0
560.6691220964076 160.32119899603896 -1 0 0
588.0646860609036 157.99516054622325 -1 0 0
21.868631368631355 24.42107892107896 -1 0 0
38.59190809190807 30.614885114885112 -1 0 0
42.92757242757241 32.473026973027004 -1 0 0
24.965534465534432 33.711788211788246 -1 0 0
23.72677322677322 33.092407592407596 -1 0 0
16.913586413586387 23.80169830169831 -1 0 0
8.24225774225772 6.459040959040976 -1 0 0
8.861638361638342 31.23426573426576 -1 0 0
8.861638361638342 42.383116883116884 -1 0 0
14.436063936063931 47.957542457542445 -1 0 0
27.443056943056916 46.71878121878126 -1 0 0
21.249250749250734 15.130369630369671 -1 0 0
37.353146853146825 15.130369630369671 -1 0 0
44.16633366633366 28.13736263736269 -1 0 0
64.60589410589407 45.48001998002002 -1 0 0
61.50899100899099 17.6078921078921 -1 0 0
56.55394605394602 15.130369630369671 -1 0 0
57.79270729270726 39.28621378621381 -1 0 0
57.17332667332664 41.14435564435564 -1 0 0
85.66483516483513 38.047452547452565 -1 0 0
80.09040959040956 29.376123876123874 -1 0 0
69.56093906093903 39.28621378621381 -1 0 0
76.99350649350646 49.81568431568434 -1 0 0
83.80669330669329 29.376123876123874 -1 0 0
72.03846153846152 22.562937062937067 -1 0 0
59.031468531468505 28.13736263736269 -1 0 0
76.99350649350646 37.42807192807197 -1 0 0
79.47102897102894 17.6078921078921 -1 0 0
80.70979020979019 13.27222777222778 -1 0 0
86.90359640359637 25.04045954045955 -1 0 0
91.23926073926071 36.80869130869132 -1 0 0
98.67182817182814 33.711788211788246 -1 0 0
92.47802197802196 15.749750249750264 -1 0 0
88.14235764235762 10.794705294705295 -1 0 0
79.47102897102894 3.3621378621378994 -1 0 0
76.37412587412584 4.600899100899142 -1 0 0
68.32217782217779 7.078421578421626 -1 0 0
52.2182817182817 6.459040959040976 -1 0 0
48.501998001997976 4.600899100899142 -1 0 0
33.017482517482506 6.459040959040976 -1 0 0
59.650849150849126 11.414085914085945 -1 0 0
69.56093906093903 8.93656343656346 -1 0 0
60.270229770229754 2.74275724275725 -1 0 0
52.2182817182817 18.227272727272748 -1 0 0
44.78571428571425 17.6078921078921 -1 0 0
41.68881118881117 15.130369630369671 -1 0 0
117.87262737262733 26.279220779220793 -1 0 0
119.11138861138858 26.279220779220793 -1 0 0
131.49900099900094 31.23426573426576 -1 0 0
129.02147852147846 37.42807192807197 -1 0 0
122.20829170829165 35.56993006993008 -1 0 0
114.15634365634361 25.04045954045955 -1 0 0
110.44005994005988 13.27222777222778 -1 0 0
107.3431568431568 13.27222777222778 -1 0 0
116.63386613386609 38.047452547452565 -1 0 0
117.87262737262733 45.48001998002002 -1 0 0
127.78271728271727 45.48001998002002 -1 0 0
125.92457542457538 19.46603396603399 -1 0 0
119.73076923076917 13.27222777222778 -1 0 0
121.58891108891106 17.6078921078921 -1 0 0
130.2602397602397 26.279220779220793 -1 0 0
131.49900099900094 26.279220779220793 -1 0 0
137.07342657342656 15.130369630369671 -1 0 0
132.73776223776218 6.459040959040976 -1 0 0
144.50599400599395 18.227272727272748 -1 0 0
145.7447552447552 20.085414585414583 -1 0 0
142.64785214785212 32.473026973027004 -1 0 0
140.17032967032964 36.80869130869132 -1 0 0
138.9315684315684 36.80869130869132 -1 0 0
137.69280719280715 28.13736263736269 -1 0 0
137.07342657342656 22.562937062937067 -1 0 0
127.78271728271727 12.033466533466537 -1 0 0
151.9385614385614 11.414085914085945 -1 0 0
152.557942057942 12.033466533466537 -1 0 0
155.03546453546448 26.279220779220793 -1 0 0
151.31918081918076 34.95054945054949 -1 0 0
150.08041958041952 33.711788211788246 -1 0 0
148.84165834165827 28.756743256743277 -1 0 0
146.98351648351644 25.04045954045955 -1 0 0
173.61688311688306 23.80169830169831 -1 0 0
190.3401598401598 22.562937062937067 -1 0 0
184.1463536463536 26.898601398601443 -1 0 0
178.57192807192803 30.614885114885112 -1 0 0
183.526973026973 34.95054945054949 -1 0 0
178.57192807192803 33.092407592407596 -1 0 0
160.60989010989005 29.376123876123874 -1 0 0
168.6618381618381 42.383116883116884 -1 0 0
188.4820179820179 49.81568431568434 -1 0 0
189.10139860139856 48.576923076923094 -1 0 0
181.04945054945054 41.14435564435564 -1 0 0
170.51998001997998 34.95054945054949 -1 0 0
163.08741258741253 28.13736263736269 -1 0 0
161.2292707292707 15.130369630369671 -1 0 0
163.08741258741253 9.555944055944053 -1 0 0
171.13936063936058 8.93656343656346 -1 0 0
186.00449550449548 18.227272727272748 -1 0 0
162.4680319680319 7.078421578421626 -1 0 0
149.46103896103892 10.794705294705295 -1 0 0
154.4160839160839 19.46603396603399 -1 0 0
162.4680319680319 19.46603396603399 -1 0 0
172.99750249750247 19.46603396603399 -1 0 0
181.6688311688311 6.459040959040976 -1 0 0
187.24325674325672 6.459040959040976 -1 0 0
190.3401598401598 10.794705294705295 -1 0 0
178.57192807192803 13.891608391608429 -1 0 0
174.2362637362637 12.033466533466537 -1 0 0
166.80369630369626 12.033466533466537 -1 0 0
200.86963036963033 15.130369630369671 -1 0 0
203.96653346653338 16.369130869130913 -1 0 0
204.58591408591406 28.13736263736269 -1 0 0
195.29520479520477 34.95054945054949 -1 0 0
192.19830169830163 41.76373626373629 -1 0 0
195.91458541458536 28.13736263736269 -1 0 0
187.24325674325672 28.756743256743277 -1 0 0
200.86963036963033 41.76373626373629 -1 0 0
207.06343656343657 36.80869130869132 -1 0 0
209.540959040959 33.092407592407596 -1 0 0
215.73476523476518 26.279220779220793 -1 0 0
218.83166833166828 36.80869130869132 -1 0 0
221.30919080919074 41.76373626373629 -1 0 0
225.02547452547446 39.28621378621381 -1 0 0
231.8386613386613 36.80869130869132 -1 0 0
238.03246753246748 35.56993006993008 -1 0 0
240.50999000998996 30.614885114885112 -1 0 0
236.79370629370624 28.756743256743277 -1 0 0
229.36113886113878 22.562937062937067 -1 0 0
222.547952047952 19.46603396603399 -1 0 0
218.83166833166828 21.943556443556474 -1 0 0
208.30219780219772 5.220279720279734 -1 0 0
209.540959040959 3.3621378621378994 -1 0 0
234.9355644355644 10.794705294705295 -1 0 0
244.2262737262737 10.794705294705295 -1 0 0
255.99450549450546 15.130369630369671 -1 0 0
257.2332667332667 19.46603396603399 -1 0 0
251.65884115884108 32.473026973027004 -1 0 0
250.42007992007984 41.14435564435564 -1 0 0
247.94255744255736 41.14435564435564 -1 0 0
249.1813186813186 46.09940059940061 -1 0 0
242.3681318681318 44.241258741258775 -1 0 0
226.88361638361636 29.376123876123874 -1 0 0
221.30919080919074 29.376123876123874 -1 0 0
225.64485514485511 33.711788211788246 -1 0 0
212.01848151848145 6.459040959040976 -1 0 0
216.97352647352642 6.459040959040976 -1 0 0
228.12237762237754 10.794705294705295 -1 0 0
232.45804195804192 19.46603396603399 -1 0 0
220.0704295704295 19.46603396603399 -1 0 0
226.26423576423568 15.130369630369671 -1 0 0
244.2262737262737 19.46603396603399 -1 0 0
264.0464535464535 30.614885114885112 -1 0 0
268.3821178821178 31.23426573426576 -1 0 0
254.75574425574422 26.898601398601443 -1 0 0
251.0394605394605 26.898601398601443 -1 0 0
260.3301698301698 23.80169830169831 -1 0 0
268.3821178821178 15.130369630369671 -1 0 0
262.80769230769226 10.794705294705295 -1 0 0
269.62087912087907 20.704795204795232 -1 0 0
278.2922077922077 31.23426573426576 -1 0 0
257.2332667332667 13.891608391608429 -1 0 0
247.94255744255736 6.459040959040976 -1 0 0
259.09140859140854 6.459040959040976 -1 0 0
286.9635364635364 4.600899100899142 -1 0 0
295.01548451548445 4.600899100899142 -1 0 0
288.20229770229764 7.078421578421626 -1 0 0
275.8146853146853 7.078421578421626 -1 0 0
288.82167832167823 19.46603396603399 -1 0 0
290.0604395604395 21.943556443556474 -1 0 0
284.4860139860139 24.42107892107896 -1 0 0
277.0534465534465 15.749750249750264 -1 0 0
280.1503496503496 15.130369630369671 -1 0 0
293.7767232767232 15.749750249750264 -1 0 0
297.49300699300693 19.46603396603399 -1 0 0
298.1123876123875 33.711788211788246 -1 0 0
286.9635364635364 34.95054945054949 -1 0 0
297.49300699300693 45.48001998002002 -1 0 0
297.49300699300693 45.48001998002002 -1 0 0
286.9635364635364 43.621878121878126 -1 0 0
278.2922077922077 42.383116883116884 -1 0 0
283.8666333666333 44.241258741258775 -1 0 0
285.72477522477516 41.14435564435564 -1 0 0
278.91158841158835 39.28621378621381 -1 0 0
297.49300699300693 41.76373626373629 -1 0 0
299.9705294705294 41.76373626373629 -1 0 0
259.09140859140854 45.48001998002002 -1 0 0
264.0464535464535 46.71878121878126 -1 0 0
311.11938061938054 21.943556443556474 -1 0 0
322.8876123876123 20.704795204795232 -1 0 0
334.6558441558441 39.28621378621381 -1 0 0
314.83566433566426 32.473026973027004 -1 0 0
303.0674325674325 23.80169830169831 -1 0 0
308.64185814185805 33.092407592407596 -1 0 0
316.6938061938061 33.092407592407596 -1 0 0
300.58991008991 44.241258741258775 -1 0 0
304.30619380619373 52.29320679320682 -1 0 0
312.3581418581418 52.29320679320682 -1 0 0
330.32017982017976 50.43506493506493 -1 0 0
342.7077922077921 48.576923076923094 -1 0 0
348.2822177822177 36.80869130869132 -1 0 0
332.17832167832154 25.04045954045955 -1 0 0
319.1713286713286 33.711788211788246 -1 0 0
325.98451548451544 47.957542457542445 -1 0 0
335.89460539460526 50.43506493506493 -1 0 0
336.51398601398597 34.95054945054949 -1 0 0
329.0814185814185 31.23426573426576 -1 0 0
327.2232767232766 41.76373626373629 -1 0 0
324.7457542457542 13.891608391608429 -1 0 0
312.97752247752237 11.414085914085945 -1 0 0
330.32017982017976 24.42107892107896 -1 0 0
327.2232767232766 13.27222777222778 -1 0 0
321.64885114885107 8.93656343656346 -1 0 0
317.93256743256734 23.80169830169831 -1 0 0
315.4550449550449 4.600899100899142 -1 0 0
302.4480519480519 15.130369630369671 -1 0 0
324.7457542457542 4.600899100899142 -1 0 0
314.83566433566426 3.3621378621378994 -1 0 0
316.0744255744255 18.227272727272748 -1 0 0
338.9915084915084 19.46603396603399 -1 0 0
358.8116883116883 25.04045954045955 -1 0 0
342.7077922077921 8.93656343656346 -1 0 0
337.13336663336656 13.891608391608429 -1 0 0
358.19230769230757 26.898601398601443 -1 0 0
364.3861138861138 28.13736263736269 -1 0 0
353.85664335664336 28.13736263736269 -1 0 0
348.2822177822177 31.23426573426576 -1 0 0
344.565934065934 28.13736263736269 -1 0 0
346.42407592407585 19.46603396603399 -1 0 0
359.4310689310688 13.27222777222778 -1 0 0
370.57992007992004 16.369130869130913 -1 0 0
382.3481518481518 28.756743256743277 -1 0 0
394.7357642357641 28.13736263736269 -1 0 0
389.1613386613386 37.42807192807197 -1 0 0
379.8706293706294 41.76373626373629 -1 0 0
384.2062937062936 56.62887112887114 -1 0 0
406.5039960039959 52.91258741258741 -1 0 0
407.12337662337654 35.56993006993008 -1 0 0
414.555944055944 30.614885114885112 -1 0 0
415.17532467532465 23.80169830169831 -1 0 0
412.0784215784215 21.943556443556474 -1 0 0
397.83266733266726 13.27222777222778 -1 0 0
404.0264735264734 11.414085914085945 -1 0 0
416.41408591408583 10.794705294705295 -1 0 0
420.1303696303695 9.555944055944053 -1 0 0
416.41408591408583 11.414085914085945 -1 0 0
397.2132867132866 18.227272727272748 -1 0 0
389.78071928071915 24.42107892107896 -1 0 0
412.69780219780216 36.80869130869132 -1 0 0
450.48001998001985 36.80869130869132 -1 0 0
475.2552447552447 23.80169830169831 -1 0 0
465.34515484515475 20.085414585414583 -1 0 0
449.8606393606393 23.80169830169831 -1 0 0
436.8536463536463 33.711788211788246 -1 0 0
431.8986013986013 41.14435564435564 -1 0 0
482.0684315684315 39.90559440559446 -1 0 0
510.55994005994 39.28621378621381 -1 0 0
508.0824175824175 33.092407592407596 -1 0 0
485.1653346653346 36.80869130869132 -1 0 0
454.8156843156842 44.241258741258775 -1 0 0
428.1823176823176 50.43506493506493 -1 0 0
403.4070929070929 49.81568431568434 -1 0 0
387.30319680319667 45.48001998002002 -1 0 0
371.81868131868123 44.241258741258775 -1 0 0
354.47602397602384 41.14435564435564 -1 0 0
353.85664335664336 35.56993006993008 -1 0 0
392.8776223776223 43.621878121878126 -1 0 0
428.8016983016982 46.71878121878126 -1 0 0
401.5489510489509 46.09940059940061 -1 0 0
366.86363636363626 44.241258741258775 -1 0 0
368.10239760239756 33.711788211788246 -1 0 0
369.9605394605394 28.13736263736269 -1 0 0
369.3411588411588 15.749750249750264 -1 0 0
360.05044955044946 10.794705294705295 -1 0 0
351.3791208791208 -1.592907092907069 -1 0 0
368.10239760239756 -2.2122877122877185 -1 0 0
382.96753246753235 3.3621378621378994 -1 0 0
389.1613386613386 6.459040959040976 -1 0 0
378.0124875124874 6.459040959040976 -1 0 0
362.52797202797194 8.93656343656346 -1 0 0
351.9985014985014 17.6078921078921 -1 0 0
368.10239760239756 21.943556443556474 -1 0 0
378.63186813186803 20.704795204795232 -1 0 0
382.3481518481518 19.46603396603399 -1 0 0
391.6388611388611 12.033466533466537 -1 0 0
404.0264735264734 6.459040959040976 -1 0 0
419.51098901098896 7.078421578421626 -1 0 0
432.5179820179819 9.555944055944053 -1 0 0
440.56993006993 12.033466533466537 -1 0 0
430.04045954045944 15.130369630369671 -1 0 0
421.36913086913086 19.46603396603399 -1 0 0
423.22727272727263 21.943556443556474 -1 0 0
431.27922077922074 23.80169830169831 -1 0 0
441.8086913086912 32.473026973027004 -1 0 0
462.8676323676323 42.383116883116884 -1 0 0
487.02347652347646 43.621878121878126 -1 0 0
498.1723276723276 46.71878121878126 -1 0 0
469.0614385614384 57.24825174825179 -1 0 0
434.9955044955044 20.085414585414583 -1 0 0
447.3831168831169 60.96453546453551 -1 0 0
443.66683316683304 48.576923076923094 -1 0 0
438.09240759240754 49.81568431568434 -1 0 0
426.9435564435563 57.24825174825179 -1 0 0
438.09240759240754 58.48701298701303 -1 0 0
456.6738261738261 54.770729270729305 -1 0 0
477.1133866133865 54.151348651348655 -1 0 0
495.6948051948051 54.151348651348655 -1 0 0
478.97152847152836 51.05444555444558 -1 0 0
472.15834165834156 47.957542457542445 -1 0 0
464.7257742257741 41.14435564435564 -1 0 0
462.2482517482516 36.80869130869132 -1 0 0
469.0614385614384 23.80169830169831 -1 0 0
463.4870129870129 15.130369630369671 -1 0 0
451.0994005994005 13.27222777222778 -1 0 0
452.95754245754233 11.414085914085945 -1 0 0
487.642857142857 8.93656343656346 -1 0 0
496.3141858141857 8.93656343656346 -1 0 0
527.2832167832166 26.898601398601443 -1 0 0
544.625874125874 26.279220779220793 -1 0 0
552.6778221778221 21.943556443556474 -1 0 0
526.6638361638361 20.085414585414583 -1 0 0
517.9925074925073 23.80169830169831 -1 0 0
560.1103896103895 47.957542457542445 -1 0 0
594.7957042957041 41.76373626373629 -1 0 0
577.4530469530469 33.092407592407596 -1 0 0
527.9025974025973 43.621878121878126 -1 0 0
553.9165834165833 56.62887112887114 -1 0 0
588.601898101898 48.576923076923094 -1 0 0
563.2072927072926 35.56993006993008 -1 0 0
546.4840159840159 37.42807192807197 -1 0 0
597.2732267732266 43.621878121878126 -1 0 0
578.0724275724275 21.943556443556474 -1 0 0
546.4840159840159 23.80169830169831 -1 0 0
578.0724275724275 41.76373626373629 -1 0 0
580.54995004995 21.943556443556474 -1 0 0
537.8126873126872 11.414085914085945 -1 0 0
584.8856143856143 43.621878121878126 -1 0 0
562.587912087912 15.749750249750264 -1 0 0
508.0824175824175 13.27222777222778 -1 0 0
545.2452547452547 39.28621378621381 -1 0 0
557.0134865134864 23.80169830169831 -1 0 0
515.5149850149849 7.697802197802218 -1 0 0
520.4700299700298 28.13736263736269 -1 0 0
521.7087912087911 25.04045954045955 -1 0 0
504.3661338661337 22.562937062937067 -1 0 0
576.8336663336662 17.6078921078921 -1 0 0
586.1243756243755 13.891608391608429 -1 0 0
595.4150849150848 28.13736263736269 -1 0 0
596.0344655344654 39.90559440559446 -1 0 0
609.660839160839 41.14435564435564 -1 0 0
592.9375624375623 15.130369630369671 -1 0 0
601.608891108891 8.93656343656346 -1 0 0
605.3251748251747 8.93656343656346 -1 0 0
612.1383616383615 22.562937062937067 -1 0 0
615.2352647352646 35.56993006993008 -1 0 0
615.8546453546452 43.621878121878126 -1 0 0
607.1833166833165 46.71878121878126 -1 0 0
611.5189810189809 37.42807192807197 -1 0 0
607.1833166833165 19.46603396603399 -1 0 0
600.9895104895104 32.473026973027004 -1 0 0
607.1833166833165 49.81568431568434 -1 0 0
614.615884115884 52.29320679320682 -1 0 0
622.0484515484513 46.71878121878126 -1 0 0
611.5189810189809 15.130369630369671 -1 0 0
602.2282717282716 6.459040959040976 -1 0 0
597.8926073926073 21.943556443556474 -1 0 0
594.7957042957041 33.092407592407596 -1 0 0
591.6988011988011 47.957542457542445 -1 0 0
586.1243756243755 52.91258741258741 -1 0 0
571.2592407592407 45.48001998002002 -1 0 0
565.0654345654344 47.957542457542445 -1 0 0
602.2282717282716 58.48701298701303 -1 0 0
609.0414585414584 59.106393606393624 -1 0 0
582.4080919080918 58.48701298701303 -1 0 0
572.4980019980019 58.48701298701303 -1 0 0
562.587912087912 58.48701298701303 -1 0 0
536.5739260739259 55.390109890109905 -1 0 0
514.8956043956043 55.390109890109905 -1 0 0
506.8436563436562 56.62887112887114 -1 0 0
497.55294705294693 62.82267732267735 -1 0 0
483.9265734265733 67.15834165834167 -1 0 0
482.0684315684315 69.63586413586415 -1 0 0
497.55294705294693 67.77772227772232 -1 0 0
502.5079920079919 52.91258741258741 -1 0 0
511.79870129870113 47.957542457542445 -1 0 0
527.2832167832166 35.56993006993008 -1 0 0
526.0444555444554 29.376123876123874 -1 0 0
518.611888111888 37.42807192807197 -1 0 0
511.79870129870113 32.473026973027004 -1 0 0
503.12737262737255 26.898601398601443 -1 0 0
484.545954045954 23.80169830169831 -1 0 0
480.8296703296702 30.614885114885112 -1 0 0
500.64985014985007 30.614885114885112 -1 0 0
498.79170829170823 21.943556443556474 -1 0 0
490.73976023976013 15.749750249750264 -1 0 0
470.91958041958037 10.794705294705295 -1 0 0
452.95754245754233 4.600899100899142 -1 0 0
436.2342657342656 0.26523476523476575 -1 0 0
418.8916083916083 3.3621378621378994 -1 0 0
393.49700299700294 0.8846153846154152 -1 0 0
361.2892107892108 2.1233766233766573 -1 0 0
352.61788211788206 2.1233766233766573 -1 0 0
348.90159840159833 3.3621378621378994 -1 0 0
399.07142857142844 6.459040959040976 -1 0 0
431.8986013986013 4.600899100899142 -1 0 0
457.9125874125873 5.220279720279734 -1 0 0
488.26223776223765 6.459040959040976 -1 0 0
510.55994005994 6.459040959040976 -1 0 0
530.9995004995004 6.459040959040976 -1 0 0
545.8646353646352 10.794705294705295 -1 0 0
554.535964035964 17.6078921078921 -1 0 0
539.670829170829 17.6078921078921 -1 0 0
522.3281718281718 15.749750249750264 -1 0 0
517.3731268731268 13.27222777222778 -1 0 0
540.2902097902097 10.794705294705295 -1 0 0
549.580919080919 9.555944055944053 -1 0 0
555.7747252747251 7.697802197802218 -1 0 0
548.3421578421577 6.459040959040976 -1 0 0
529.1413586413586 8.93656343656346 -1 0 0
515.5149850149849 10.794705294705295 -1 0 0
555.1553446553445 13.27222777222778 -1 0 0
562.587912087912 13.27222777222778 -1 0 0
545.8646353646352 22.562937062937067 -1 0 0
532.8576423576422 41.14435564435564 -1 0 0
541.5289710289709 45.48001998002002 -1 0 0
534.7157842157841 34.95054945054949 -1 0 0
537.1933066933066 48.576923076923094 -1 0 0
465.34515484515475 33.092407592407596 -1 0 0
448.621878121878 28.756743256743277 -1 0 0
433.7567432567432 26.898601398601443 -1 0 0
417.652847152847 28.13736263736269 -1 0 0
407.12337662337654 29.376123876123874 -1 0 0
400.9295704295704 30.614885114885112 -1 0 0
397.2132867132866 33.711788211788246 -1 0 0
420.1303696303695 42.383116883116884 -1 0 0
470.91958041958037 28.756743256743277 -1 0 0
456.6738261738261 34.95054945054949 -1 0 0
456.05444555444546 29.376123876123874 -1 0 0
460.3901098901098 26.898601398601443 -1 0 0
443.0474525474525 8.93656343656346 -1 0 0
460.3901098901098 17.6078921078921 -1 0 0
475.8746253746252 7.697802197802218 -1 0 0
292.53796203796196 26.279220779220793 -1 0 0
298.1123876123875 30.614885114885112 -1 0 0
298.73176823176817 67.77772227772232 -1 0 0
278.91158841158835 65.30019980019983 -1 0 0
273.9565434565434 65.30019980019983 -1 0 0
285.10539460539457 62.82267732267735 -1 0 0
288.82167832167823 62.82267732267735 -1 0 0
304.9255744255744 6.459040959040976 -1 0 0
312.97752247752237 12.033466533466537 -1 0 0
355.71478521478514 15.749750249750264 -1 0 0
220.0704295704295 4.600899100899142 -1 0 0
213.87662337662334 5.220279720279734 -1 0 0
207.68281718281713 5.220279720279734 -1 0 0
195.91458541458536 5.220279720279734 -1 0 0
187.86263736263732 5.220279720279734 -1 0 0
156.27422577422573 4.600899100899142 -1 0 0
119.73076923076917 4.600899100899142 -1 0 0
119.73076923076917 4.600899100899142 -1 0 0
106.10439560439556 5.220279720279734 -1 0 0
208.92157842157837 20.395104895104907 -1 0 0
212.6378621378621 17.298201798201774 -1 0 0
216.35414585414586 13.581918081918047 -1 0 0
199.01148851148844 24.111388611388634 -1 0 0
193.43706293706288 19.156343656343665 -1 0 0
152.557942057942 1.8136863136863326 -1 0 0
145.7447552447552 3.0524475524475747 -1 0 0
145.1253746253746 7.388111888111894 -1 0 0
140.17032967032964 11.10439560439562 -1 0 0
140.17032967032964 3.0524475524475747 -1 0 0
135.21528471528467 3.0524475524475747 -1 0 0
129.02147852147846 2.4330669330669252 -1 0 0
128.40209790209786 6.149350649350652 -1 0 0
120.35014985014982 8.626873126873136 -1 0 0
84.42607392607388 4.29120879120876 -1 0 0
88.14235764235762 4.29120879120876 -1 0 0
26.204295704295674 2.4330669330669252 -1 0 0
21.249250749250734 3.6718281718281673 -1 0 0
14.436063936063931 7.388111888111894 -1 0 0
8.861638361638342 12.962537462537455 -1 0 0
3.2872127872127805 4.9105894105894095 -1 0 0
3.2872127872127805 14.820679320679346 -1 0 0
15.674825174825145 32.78271728271727 -1 0 0
31.778721278721264 24.730769230769226 -1 0 0
33.63686313686313 32.16333666333668 -1 0 0
29.9205794205794 34.021478521478514 -1 0 0
32.398101898101885 43.3121878121878 -1 0 0
37.353146853146825 37.73776223776224 -1 0 0
29.30119880119878 37.73776223776224 -1 0 0
20.010489510489492 38.97652347652348 -1 0 0
12.577922077922066 38.35714285714283 -1 0 0
2.6678321678321595 32.78271728271727 -1 0 0
3.2872127872127805 21.63386613386615 -1 0 0
38.59190809190807 6.768731268731244 -1 0 0
43.546953046953035 9.246253746253728 -1 0 0
46.64385614385611 11.723776223776213 -1 0 0
47.882617382617354 32.16333666333668 -1 0 0
44.78571428571425 40.83466533466532 -1 0 0
44.16633366633366 47.64785214785218 -1 0 0
44.16633366633366 53.84165834165833 -1 0 0
48.501998001997976 24.730769230769226 -1 0 0
52.83766233766232 24.730769230769226 -1 0 0
58.412087912087884 94.10139860139861 -1 0 0
521.0894105894105 313.36213786213784 -1 0 0
512.4180819180818 344.33116883116884 -1 0 0
482.0684315684315 376.538961038961 -1 0 0
350.14035964035963 282.3931068931069 -1 0 0
298.1123876123875 229.1263736263736 -1 0 0
524.1863136863136 248.32717282717286 -1 0 0
510.55994005994 227.26823176823177 -1 0 0
517.9925074925073 211.16433566433565 -1 0 0
605.9445554445554 213.02247752247752 -1 0 0
571.8786213786212 12.343156843156862 -1 0 0
578.691808191808 9.246253746253728 -1 0 0
587.3631368631368 7.388111888111894 -1 0 0
582.4080919080918 4.29120879120876 -1 0 0
571.2592407592407 4.9105894105894095 -1 0 0
563.8266733266732 4.9105894105894095 -1 0 0
563.2072927072926 22.872627372627335 -1 0 0
557.0134865134864 30.924575424575437 -1 0 0
553.2972027972027 47.64785214785218 -1 0 0
545.8646353646352 55.699800199800166 -1 0 0
548.9615384615383 63.13236763236762 -1 0 0
570.0204795204794 71.18431568431566 -1 0 0
600.9895104895104 14.820679320679346 -1 0 0
596.0344655344654 9.246253746253728 -1 0 0
594.1763236763236 6.149350649350652 -1 0 0
539.670829170829 4.29120879120876 -1 0 0
524.1863136863136 3.0524475524475747 -1 0 0
503.7467532467532 3.6718281718281673 -1 0 0
501.2692307692307 10.48501498501497 -1 0 0
477.7327672327672 3.0524475524475747 -1 0 0
478.35214785214765 15.440059940059939 -1 0 0
464.7257742257741 3.6718281718281673 -1 0 0
470.91958041958037 3.6718281718281673 -1 0 0
403.4070929070929 1.8136863136863326 -1 0 0
272.09840159840155 4.9105894105894095 -1 0 0
269.62087912087907 9.865634365634378 -1 0 0
228.12237762237754 4.29120879120876 -1 0 0
233.69680319680316 4.9105894105894095 -1 0 0
239.2712287712287 4.9105894105894095 -1 0 0
336.51398601398597 6.768731268731244 -1 0 0
330.93956043956035 6.149350649350652 -1 0 0
225.64485514485511 237.48801198801206 -1 0 0
