205.1533076569047 652.8975122931956 -1 0 0
371.31797592229236 637.3451541796865 -1 0 0
282.09655306058175 422.0677760821646 -1 0 0
350.85434682556973 435.16449870406706 -1 0 0
346.7616210062252 403.24123731317974 -1 0 0
361.4954339558656 399.1485114938352 -1 0 0
318.9310854346824 354.9470726449144 -1 0 0
282.09655306058175 337.7576242036674 -1 0 0
273.9111014218926 377.86633723324366 -1 0 0
268.9998304386793 342.6688951868809 -1 0 0
241.98784003100545 349.21725649783207 -1 0 0
218.25003027880723 354.9470726449144 -1 0 0
214.15730445946267 386.0517888719328 -1 0 0
203.51621732916692 416.3379599350823 -1 0 0
164.2260494634595 469.5433955865611 -1 0 0
34.89591357217253 554.6720926289271 -1 0 0
192.05658503500226 551.3979119734515 -1 0 0
-65.78514158370275 406.5154179686553 -1 0 0
171.5929559382796 331.20926289271614 -1 0 0
154.40350749703262 343.48744035074975 -1 0 0
151.129326841557 320.5681757624204 -1 0 0
195.33076569047788 309.10854346825573 -1 0 0
169.9558656105418 278.0038272412374 -1 0 0
142.1253300389991 285.3707337160575 -1 0 0
157.6776881525083 269.8183756025483 -1 0 0
211.701668967856 279.64091756897517 -1 0 0
228.89111740910295 310.7456337959935 -1 0 0
210.88312380398708 310.7456337959935 -1 0 0
219.88712060654504 305.0158176489112 -1 0 0
213.33875929559377 294.3747305186155 -1 0 0
237.8951142116609 296.8303660102222 -1 0 0
262.4514691277281 269.8183756025483 -1 0 0
282.91509822445073 283.7336433883197 -1 0 0
258.35874330838357 294.3747305186155 -1 0 0
279.64091756897506 308.2899983043868 -1 0 0
300.92309182956654 305.8343628127801 -1 0 0
300.92309182956654 281.27800789671295 -1 0 0
336.9390790397984 334.48344354819176 -1 0 0
360.6768887919966 345.94307584235645 -1 0 0
349.217256497832 345.94307584235645 -1 0 0
395.8743308383595 357.40270813652114 -1 0 0
422.8863212460334 335.3019887120607 -1 0 0
431.0717728847224 305.8343628127801 -1 0 0
420.4306857544267 278.0038272412374 -1 0 0
427.7975922292468 264.9071046193349 -1 0 0
422.8863212460334 254.26601748903911 -1 0 0
457.2652181285274 263.2700142915971 -1 0 0
447.44267616210055 260.8143787999903 -1 0 0
439.2572245234115 268.9998304386794 -1 0 0
440.07576968728034 282.09655306058187 -1 0 0
453.17249230918287 287.82636920766424 -1 0 0
474.45466656977436 268.18128527481053 -1 0 0
483.4586633723323 303.3787273211734 -1 0 0
471.99903107816766 311.56417895986243 -1 0 0
458.08376329239627 351.6728919894388 -1 0 0
443.349950342756 384.41469854419495 -1 0 0
437.6201341956736 442.5314051788872 -1 0 0
461.35794394787195 469.5433955865611 -1 0 0
512.926289271613 561.2204539398783 -1 0 0
578.4099023811252 536.6640990238112 -1 0 0
568.5873604146984 488.3699343555458 -1 0 0
599.6920766417168 478.5473923891189 -1 0 0
559.5833636121405 454.8095826369207 -1 0 0
526.8415570573843 448.2612213259695 -1 0 0
512.107744107744 427.79759222924685 -1 0 0
569.4059055785674 412.24523411573773 -1 0 0
487.55138919167683 435.16449870406706 -1 0 0
553.0350023011893 374.5921565777681 -1 0 0
574.3171765617808 366.40670493907913 -1 0 0
479.36593755298776 328.75362740110944 -1 0 0
496.5553859942348 343.48744035074975 -1 0 0
520.2931957464331 348.39871133396315 -1 0 0
538.301189351549 340.21325969527413 -1 0 0
537.48264418768 318.1125402708137 -1 0 0
522.7488312380398 302.5601821573045 -1 0 0
546.486640990238 292.73764019087764 -1 0 0
512.926289271613 287.82636920766424 -1 0 0
496.5553859942348 300.9230918295667 -1 0 0
506.3779279606616 299.28600150182893 -1 0 0
481.0030278807256 285.3707337160575 -1 0 0
483.4586633723323 263.2700142915971 -1 0 0
477.72884722525004 256.72165298064584 -1 0 0
617.7000702468328 548.9422764818447 -1 0 0
670.9055058983115 555.4906377927961 -1 0 0
740.4818448271684 566.9502700869607 -1 0 0
782.2276481844826 663.5385994234914 -1 0 0
854.2596226049461 558.7648184482716 -1 0 0
815.7879999031076 517.0190150909575 -1 0 0
877.1788871932756 484.2772085362013 -1 0 0
936.9326841557055 539.9382796792868 -1 0 0
927.1101421892787 494.0997505026281 -1 0 0
999.1421166097422 540.7568248431558 -1 0 0
982.7712133323641 549.7608216457137 -1 0 0
1015.5130198871203 400.78560182157304 -1 0 0
-120.62766756291937 412.24523411573773 -1 0 0
991.7752101349222 387.68887919967057 -1 0 0
903.3723324370804 350.035801661701 -1 0 0
882.090158176489 396.69287600222856 -1 0 0
851.8039871133395 395.0557856744908 -1 0 0
828.8847225250099 392.6001501828841 -1 0 0
762.5825642516288 374.5921565777681 -1 0 0
747.8487513019885 366.40670493907913 -1 0 0
717.5625802388391 359.85834362812784 -1 0 0
682.3651381924763 366.40670493907913 -1 0 0
688.9134995034274 323.84235641789604 -1 0 0
636.5266090158174 327.9350822372405 -1 0 0
602.9662572971924 311.56417895986243 -1 0 0
621.7927960661773 386.0517888719328 -1 0 0
647.9862413099822 399.1485114938352 -1 0 0
694.6433156505097 414.70086960734443 -1 0 0
626.7040670493906 419.6121405905579 -1 0 0
654.5346026209335 455.6281278007897 -1 0 0
646.3491509822444 494.0997505026281 -1 0 0
682.3651381924763 514.5633795993508 -1 0 0
699.5545866337231 495.73684083036596 -1 0 0
828.0661773611413 325.4794467456339 -1 0 0
817.4250902308456 349.21725649783207 -1 0 0
811.6952740837631 295.1932756824844 -1 0 0
837.8887193275681 306.65290797664903 -1 0 0
775.6792868735314 308.2899983043868 -1 0 0
995.8679359542667 368.86234043068583 -1 0 0
652.0789671293268 316.4754499430759 -1 0 0
670.9055058983115 282.09655306058187 -1 0 0
667.6313252428359 300.1045466656978 -1 0 0
592.3251701668967 286.1892788799264 -1 0 0
586.5953540198144 308.2899983043868 -1 0 0
580.0469927088631 287.82636920766424 -1 0 0
551.3979119734514 274.72964658576177 -1 0 0
192.8751301988712 291.10054986313986 -1 0 0
567.7688152508297 343.692076641717 -1 0 0
588.6417169294867 260.6097425090232 -1 0 0
463.40430685754427 285.16609742509036 -1 0 0
485.09575370007025 274.52501029479464 -1 0 0
623.0206138119806 267.5673764019089 -1 0 0
618.1093428287672 282.30118935154917 -1 0 0
608.2868008623404 276.16210062253236 -1 0 0
598.054986313979 272.0693748031878 -1 0 0
605.4218927887993 288.8495506625004 -1 0 0
672.9518688079838 267.5673764019089 -1 0 0
496.14611341230045 279.436281278008 -1 0 0
298.46745633795996 430.4578640118209 -1 0 0
601.3291669694547 253.6521086161375 -1 0 0
605.8311653707337 252.01501828839966 -1 0 0
593.5529879127001 246.6944747232518 -1 0 0
654.943875202868 348.6033476249304 -1 0 0
438.43867935954273 334.27880725722457 -1 0 0
635.912700142916 268.8975122931958 -1 0 0
604.6033476249304 261.73524210934295 -1 0 0
613.1980718455538 256.8239711261295 -1 0 0
157.88232444347545 288.8495506625004 -1 0 0
254.47065378000627 277.38991836833577 -1 0 0
238.91829566649707 283.1197345154181 -1 0 0
152.5617808783276 367.4298863939153 -1 0 0
174.25322772085357 380.5266090158177 -1 0 0
217.63612140590556 414.0869607344428 -1 0 0
423.5002301189351 397.7160574570648 -1 0 0
180.80158903180487 283.1197345154181 -1 0 0
292.73764019087747 309.1085434682558 -1 0 0
301.7416369934355 332.0278080565851 -1 0 0
230.52820773684078 332.84635322045403 -1 0 0
462.99503427560967 270.6369207664173 -1 0 0
914.8319647312452 613.6073444274883 -1 0 0
950.8479519414768 671.7240510621805 -1 0 0
897.6425162899982 677.4538672092629 -1 0 0
812.513819247632 332.0278080565851 -1 0 0
