27.05032467532467 373.3936688311688 -1 0 0
77.57792207792207 366.65665584415575 -1 0 0
58.71428571428572 332.2978896103895 -1 0 0
121.36850649350649 344.4245129870129 -1 0 0
268.9090909090909 353.1826298701298 -1 0 0
342.3425324675324 362.614448051948 -1 0 0
611.823051948052 355.877435064935 -1 0 0
578.1379870129871 351.8352272727272 -1 0 0
549.8425324675325 376.08847402597394 -1 0 0
499.9886363636364 361.9407467532467 -1 0 0
453.50324675324686 321.5186688311688 -1 0 0
473.7142857142858 327.58198051948045 -1 0 0
389.50162337662346 313.4342532467532 -1 0 0
321.4577922077922 337.68749999999994 -1 0 0
155.05357142857142 324.88717532467524 -1 0 0
239.939935064935 289.1810064935064 -1 0 0
225.7922077922078 282.4439935064934 -1 0 0
252.06655844155844 279.7491883116883 -1 0 0
264.19318181818187 274.35957792207785 -1 0 0
254.76136363636365 264.25405844155836 -1 0 0
239.26623376623374 260.2118506493506 -1 0 0
227.1396103896104 249.43262987012983 -1 0 0
215.012987012987 245.39042207792198 -1 0 0
200.19155844155844 250.10633116883108 -1 0 0
206.2548701298701 248.08522727272722 -1 0 0
310.67857142857144 282.4439935064934 -1 0 0
42.54545454545457 296.59172077922074 -1 0 0
52.65097402597402 274.35957792207785 -1 0 0
18.29220779220779 269.6436688311688 -1 0 0
9.534090909090907 268.2962662337662 -1 0 0
10.881493506493513 240.00081168831161 -1 0 0
32.43993506493507 227.87418831168827 -1 0 0
20.987012987013003 244.71672077922068 -1 0 0
29.74512987012986 266.94886363636357 -1 0 0
52.65097402597402 249.43262987012983 -1 0 0
41.198051948051955 246.73782467532462 -1 0 0
74.20941558441558 240.00081168831161 -1 0 0
53.324675324675326 231.91639610389603 -1 0 0
66.7987012987013 221.13717532467527 -1 0 0
80.94642857142858 222.48457792207788 -1 0 0
89.70454545454547 229.22159090909088 -1 0 0
49.28246753246753 260.2118506493506 -1 0 0
115.97889610389612 217.76866883116872 -1 0 0
127.43181818181816 224.50568181818173 -1 0 0
133.4951298701299 211.70535714285708 -1 0 0
103.17857142857143 202.2735389610389 -1 0 0
82.29383116883119 177.34659090909085 -1 0 0
72.1883116883117 167.24107142857136 -1 0 0
89.70454545454547 175.32548701298694 -1 0 0
61.40909090909091 159.1566558441558 -1 0 0
33.113636363636374 197.5576298701298 -1 0 0
9.534090909090907 173.30438311688306 -1 0 0
14.25 165.21996753246748 -1 0 0
23.68181818181819 113.34496753246748 -1 0 0
28.39772727272728 120.08198051948045 -1 0 0
85.66233766233765 111.32386363636355 -1 0 0
98.46266233766235 111.99756493506487 -1 0 0
109.91558441558439 99.87094155844147 -1 0 0
140.90584415584416 105.93425324675319 -1 0 0
156.40097402597402 206.989448051948 -1 0 0
151.68506493506496 227.20048701298694 -1 0 0
167.18019480519482 210.35795454545448 -1 0 0
164.4853896103896 218.44237012987003 -1 0 0
159.09577922077924 251.45373376623368 -1 0 0
145.62175324675323 241.34821428571422 -1 0 0
125.4107142857143 235.28490259740252 -1 0 0
254.76136363636365 244.71672077922068 -1 0 0
254.76136363636365 230.56899350649343 -1 0 0
265.54058441558436 235.95860389610382 -1 0 0
274.9724025974026 225.85308441558433 -1 0 0
378.0487012987013 235.95860389610382 -1 0 0
343.68993506493507 245.39042207792198 -1 0 0
362.55357142857144 248.08522727272722 -1 0 0
312.02597402597405 243.36931818181807 -1 0 0
316.06818181818187 227.87418831168827 -1 0 0
327.5211038961039 243.36931818181807 -1 0 0
270.9301948051948 249.43262987012983 -1 0 0
264.19318181818187 250.10633116883108 -1 0 0
216.69724025974017 227.70576298701292 -1 0 0
199.1810064935064 230.06371753246748 -1 0 0
169.20129870129864 251.28530844155839 -1 0 0
191.43344155844147 255.32751623376618 -1 0 0
213.6655844155843 209.85267857142853 -1 0 0
234.5503246753246 203.45251623376618 -1 0 0
222.4237012987012 215.91599025974023 -1 0 0
251.0560064935064 204.46306818181813 -1 0 0
268.57224025974017 203.45251623376618 -1 0 0
302.9310064935064 224.0004058441558 -1 0 0
293.16233766233756 222.31615259740255 -1 0 0
369.62743506493496 234.10592532467527 -1 0 0
367.2694805194804 225.3478084415584 -1 0 0
356.49025974025966 222.31615259740255 -1 0 0
349.7532467532467 229.39001623376618 -1 0 0
337.6266233766233 230.06371753246748 -1 0 0
332.9107142857142 209.51582792207788 -1 0 0
342.34253246753235 218.94764610389603 -1 0 0
357.16396103896096 210.5263798701298 -1 0 0
374.3433441558441 215.91599025974023 -1 0 0
312.69967532467524 213.55803571428567 -1 0 0
297.87824675324663 204.46306818181813 -1 0 0
303.26785714285705 189.30478896103892 -1 0 0
327.85795454545445 186.94683441558436 -1 0 0
320.44724025974017 180.54667207792204 -1 0 0
348.0689935064934 199.74715909090904 -1 0 0
401.62824675324663 199.74715909090904 -1 0 0
395.2280844155843 221.3056006493506 -1 0 0
382.7646103896103 223.66355519480516 -1 0 0
382.090909090909 199.74715909090904 -1 0 0
358.8482142857142 173.80965909090907 -1 0 0
337.6266233766233 176.1676136363636 -1 0 0
286.08847402597394 191.66274350649346 -1 0 0
270.93019480519473 188.96793831168827 -1 0 0
278.340909090909 181.22037337662334 -1 0 0
258.80357142857133 185.59943181818176 -1 0 0
242.63474025974017 184.58887987012983 -1 0 0
224.4448051948051 180.54667207792204 -1 0 0
229.49756493506487 176.50446428571422 -1 0 0
216.36038961038952 175.15706168831164 -1 0 0
206.25487012987003 173.80965909090907 -1 0 0
229.83441558441552 168.42004870129867 -1 0 0
252.74025974025966 172.7991071428571 -1 0 0
247.6874999999999 158.98823051948048 -1 0 0
239.6030844155843 155.95657467532465 -1 0 0
233.8766233766233 114.52394480519476 -1 0 0
260.15097402597394 154.9460227272727 -1 0 0
267.89853896103887 167.74634740259737 -1 0 0
283.3936688311687 171.4517045454545 -1 0 0
283.0568181818181 161.68303571428567 -1 0 0
293.83603896103887 170.1043019480519 -1 0 0
319.77353896103887 171.4517045454545 -1 0 0
347.7321428571428 166.0620941558441 -1 0 0
335.94237012987 162.35673701298697 -1 0 0
285.077922077922 154.9460227272727 -1 0 0
306.97321428571416 153.59862012987008 -1 0 0
293.16233766233756 151.24066558441555 -1 0 0
319.09983766233756 146.52475649350646 -1 0 0
325.83685064935054 149.21956168831164 -1 0 0
314.04707792207785 137.42978896103892 -1 0 0
328.53165584415575 141.80884740259737 -1 0 0
334.9318181818181 146.8616071428571 -1 0 0
345.3741883116882 148.882711038961 -1 0 0
301.24675324675314 154.2723214285714 -1 0 0
293.83603896103887 146.52475649350646 -1 0 0
302.9310064935064 130.3559253246753 -1 0 0
295.8571428571428 127.99797077922074 -1 0 0
299.5624999999999 122.94521103896099 -1 0 0
299.5624999999999 134.73498376623374 -1 0 0
286.76217532467524 132.37702922077918 -1 0 0
242.97159090909082 129.0085227272727 -1 0 0
243.98214285714278 119.23985389610385 -1 0 0
378.0487012987012 158.31452922077918 -1 0 0
369.9642857142856 164.04099025974023 -1 0 0
392.87012987012974 173.13595779220776 -1 0 0
377.71185064935054 189.30478896103892 -1 0 0
420.15503246753235 164.04099025974023 -1 0 0
401.62824675324663 166.0620941558441 -1 0 0
411.0600649350648 163.03043831168827 -1 0 0
407.01785714285705 163.70413961038957 -1 0 0
343.68993506493507 177.34659090909085 -1 0 0
33.113636363636374 111.32386363636355 -1 0 0
41.87175324675325 111.99756493506487 -1 0 0
210.29707792207793 99.87094155844147 -1 0 0
197.49675324675323 102.56574675324669 -1 0 0
412.40746753246754 226.52678571428564 -1 0 0
363.22727272727275 200.9261363636363 -1 0 0
328.19480519480527 193.515422077922 -1 0 0
314.72077922077926 199.5787337662337 -1 0 0
260.82467532467535 227.20048701298694 -1 0 0
244.65584415584416 230.56899350649343 -1 0 0
238.59253246753246 224.50568181818173 -1 0 0
220.40259740259742 192.8417207792207 -1 0 0
308.65746753246754 162.52516233766227 -1 0 0
308.65746753246754 177.34659090909085 -1 0 0
324.8262987012987 163.87256493506487 -1 0 0
319.4366883116883 158.4829545454545 -1 0 0
316.06818181818187 153.09334415584408 -1 0 0
272.9512987012987 149.05113636363626 -1 0 0
248.6980519480519 147.0300324675324 -1 0 0
456.198051948052 210.35795454545448 -1 0 0
497.2938311688311 215.07386363636357 -1 0 0
490.55681818181824 199.5787337662337 -1 0 0
490.55681818181824 158.4829545454545 -1 0 0
442.72402597402595 168.58847402597397 -1 0 0
465.96672077922074 176.50446428571422 -1 0 0
530.6420454545454 148.2090097402597 -1 0 0
516.8311688311687 141.13514610389603 -1 0 0
497.2938311688311 136.75608766233762 -1 0 0
510.0941558441558 129.68222402597397 -1 0 0
443.73457792207785 132.0401785714285 -1 0 0
432.2816558441558 135.07183441558436 -1 0 0
437.3344155844155 156.2934253246753 -1 0 0
443.0608766233766 144.50365259740255 -1 0 0
427.90259740259734 150.56696428571422 -1 0 0
402.301948051948 150.56696428571422 -1 0 0
392.5332792207792 146.1879058441558 -1 0 0
416.11282467532465 136.41923701298697 -1 0 0
403.31249999999994 139.78774350649346 -1 0 0
417.7970779220779 144.1668019480519 -1 0 0
412.4074675324675 152.25121753246748 -1 0 0
426.8920454545454 134.39813311688306 -1 0 0
429.24999999999994 123.95576298701293 -1 0 0
456.53490259740255 130.69277597402592 -1 0 0
449.1241883116883 122.94521103896099 -1 0 0
478.4301948051948 139.4508928571428 -1 0 0
479.10389610389603 131.02962662337657 -1 0 0
470.00892857142856 131.02962662337657 -1 0 0
477.7564935064935 121.59780844155839 -1 0 0
471.69318181818176 107.11323051948045 -1 0 0
453.84009740259734 87.23904220779215 -1 0 0
452.49269480519473 59.28043831168827 -1 0 0
490.55681818181813 95.32345779220773 -1 0 0
484.4935064935065 106.43952922077915 -1 0 0
493.588474025974 106.43952922077915 -1 0 0
481.12499999999994 96.67086038961034 -1 0 0
473.04058441558436 97.6814123376623 -1 0 0
468.66152597402595 95.99715909090904 -1 0 0
462.5982142857142 100.37621753246748 -1 0 0
519.8628246753246 122.60836038961034 -1 0 0
530.978896103896 122.60836038961034 -1 0 0
540.4107142857142 126.31371753246748 -1 0 0
539.4001623376623 143.82995129870125 -1 0 0
558.6006493506493 131.36647727272722 -1 0 0
555.9058441558441 124.96631493506489 -1 0 0
556.2426948051948 114.86079545454538 -1 0 0
559.2743506493506 110.14488636363632 -1 0 0
542.7686688311687 109.47118506493501 -1 0 0
541.0844155844155 102.39732142857139 -1 0 0
530.3051948051948 103.07102272727269 -1 0 0
529.9683441558441 110.48173701298697 -1 0 0
516.8311688311687 103.40787337662334 -1 0 0
500.32548701298697 115.87134740259734 -1 0 0
509.75730519480516 115.87134740259734 -1 0 0
491.90422077922074 116.88189935064929 -1 0 0
535.0211038961038 85.89163961038957 -1 0 0
539.0633116883116 94.64975649350646 -1 0 0
535.3579545454545 99.36566558441552 -1 0 0
557.2532467532467 107.11323051948045 -1 0 0
552.5373376623377 98.69196428571422 -1 0 0
558.9375 101.72362012987008 -1 0 0
567.3587662337661 109.47118506493501 -1 0 0
579.4853896103896 129.0085227272727 -1 0 0
610.4756493506493 114.52394480519476 -1 0 0
605.0860389610389 114.52394480519476 -1 0 0
592.2857142857142 110.81858766233762 -1 0 0
580.8327922077922 104.75527597402592 -1 0 0
567.3587662337661 98.69196428571422 -1 0 0
558.6006493506493 88.58644480519476 -1 0 0
551.8636363636363 91.95495129870125 -1 0 0
547.8214285714284 86.9021915584415 -1 0 0
505.3782467532468 110.65016233766225 -1 0 0
435.9870129870131 120.08198051948045 -1 0 0
506.0519480519481 99.19724025974017 -1 0 0
512.1152597402597 93.8076298701298 -1 0 0
485.8409090909091 146.3563311688311 -1 0 0
473.7142857142858 153.76704545454538 -1 0 0
464.95616883116884 140.96672077922074 -1 0 0
458.2191558441559 147.0300324675324 -1 0 0
450.1347402597403 151.07224025974017 -1 0 0
458.2191558441559 126.14529220779217 -1 0 0
471.01948051948057 115.36607142857132 -1 0 0
479.1038961038961 114.01866883116878 -1 0 0
479.7775974025974 181.38879870129864 -1 0 0
624.7613636363635 100.71306818181819 -1 0 0
615.3295454545454 98.35511363636364 -1 0 0
618.6980519480519 88.58644480519482 -1 0 0
614.6558441558441 85.21793831168831 -1 0 0
607.5819805194805 79.49147727272728 -1 0 0
595.7922077922078 92.29180194805195 -1 0 0
589.0551948051948 94.6497564935065 -1 0 0
596.8027597402597 95.9971590909091 -1 0 0
583.3287337662337 89.26014610389612 -1 0 0
583.3287337662337 75.78612012987014 -1 0 0
567.4967532467532 76.1229707792208 -1 0 0
582.9918831168831 50.859172077922096 -1 0 0
570.528409090909 70.05965909090912 -1 0 0
570.528409090909 60.96469155844159 -1 0 0
548.6331168831168 79.82832792207793 -1 0 0
558.0649350649351 82.85998376623378 -1 0 0
555.7069805194805 65.34375 -1 0 0
603.5397727272727 40.753652597402606 -1 0 0
646.3198051948052 92.29180194805195 -1 0 0
608.9293831168831 91.28125000000001 -1 0 0
592.2857142857143 72.92288961038957 -1 0 0
590.2646103896104 63.49107142857133 -1 0 0
598.349025974026 56.0803571428571 -1 0 0
552.5373376623377 60.12256493506488 -1 0 0
557.9269480519481 54.73295454545451 -1 0 0
594.9805194805195 126.14529220779217 -1 0 0
572.7483766233767 94.4813311688311 -1 0 0
577.4642857142858 93.1339285714285 -1 0 0
577.4642857142858 82.3547077922077 -1 0 0
516.1574675324675 90.43912337662334 -1 0 0
546.474025974026 120.08198051948045 -1 0 0
508.073051948052 153.76704545454538 -1 0 0
485.8409090909091 120.08198051948045 -1 0 0
503.3571428571429 130.86120129870125 -1 0 0
305.288961038961 118.73457792207785 -1 0 0
316.74188311688306 124.79788961038959 -1 0 0
285.07792207792204 123.45048701298698 -1 0 0
312.69967532467535 268.2962662337662 -1 0 0
314.72077922077926 238.65340909090904 -1 0 0
248.6980519480519 321.5186688311688 -1 0 0
219.72889610389612 329.60308441558436 -1 0 0
475.7353896103897 384.8465909090908 -1 0 0
631.3603896103896 351.8352272727272 -1 0 0
30.41883116883116 299.9602272727272 -1 0 0
23.008116883116884 294.5706168831168 -1 0 0
18.965909090909093 290.528409090909 -1 0 0
30.41883116883116 280.4228896103895 -1 0 0
12.228896103896119 316.80275974025966 -1 0 0
345.0373376623377 104.58685064935058 -1 0 0
345.0373376623377 77.63879870129864 -1 0 0
325.5 87.07061688311683 -1 0 0
310.67857142857144 85.72321428571422 -1 0 0
299.2256493506493 90.43912337662334 -1 0 0
281.70941558441564 103.91314935064929 -1 0 0
291.81493506493507 84.37581168831161 -1 0 0
348.4058441558442 30.47970779220771 -1 0 0
334.93181818181824 37.216720779220736 -1 0 0
380.0698051948052 83.70211038961031 -1 0 0
388.15422077922085 82.3547077922077 -1 0 0
394.89123376623377 78.98620129870125 -1 0 0
332.91071428571433 105.93425324675319 -1 0 0
315.39448051948057 115.36607142857132 -1 0 0
372.6590909090909 147.0300324675324 -1 0 0
398.93344155844153 141.64042207792204 -1 0 0
391.5227272727272 136.25081168831161 -1 0 0
374.6801948051948 192.8417207792207 -1 0 0
389.50162337662346 189.47321428571422 -1 0 0
410.3863636363636 192.8417207792207 -1 0 0
526.2629870129871 91.78652597402589 -1 0 0
217.7077922077922 110.65016233766225 -1 0 0
142.92694805194807 188.12581168831161 -1 0 0
153.7061688311688 191.49431818181813 -1 0 0
167.18019480519482 190.14691558441552 -1 0 0
153.0324675324675 177.34659090909085 -1 0 0
163.137987012987 184.75730519480513 -1 0 0
208.27597402597405 235.95860389610382 -1 0 0
208.27597402597405 215.07386363636357 -1 0 0
442.3831168831168 87.22077922077932 -1 0 0
424.2012987012987 68.38961038961048 -1 0 0
483.2922077922077 85.27272727272737 -1 0 0
480.69480519480504 80.07792207792215 -1 0 0
469.65584415584414 84.62337662337671 -1 0 0
469.65584415584414 72.28571428571433 -1 0 0
510.56493506493507 76.18181818181824 -1 0 0
533.2922077922077 80.07792207792215 -1 0 0
539.1363636363636 78.12987012987026 -1 0 0
581.3441558441558 37.22077922077932 -1 0 0
585.2402597402597 24.88311688311694 -1 0 0
591.0844155844155 37.87012987012997 -1 0 0
