97.26308539944904 558.4139118457301 -1 0 0
111.0371900826446 508.1384297520662 -1 0 0
81.4228650137741 506.76101928374663 -1 0 0
85.55509641873277 490.92079889807167 -1 0 0
95.19696969696969 481.9676308539946 -1 0 0
144.09504132231405 504.0061983471075 -1 0 0
24.260330578512395 503.3174931129478 -1 0 0
10.486225895316807 508.82713498622593 -1 0 0
0.8443526170798918 458.55165289256206 -1 0 0
53.87465564738292 457.1742424242425 -1 0 0
68.3374655647383 441.3340220385676 -1 0 0
93.81955922865012 444.0888429752067 -1 0 0
161.31267217630852 487.4772727272728 -1 0 0
131.698347107438 492.29820936639123 -1 0 0
135.8305785123967 484.72245179063367 -1 0 0
212.96556473829202 475.08057851239676 -1 0 0
173.0206611570248 460.6177685950414 -1 0 0
154.42561983471074 443.40013774104693 -1 0 0
247.40082644628097 453.0420110192838 -1 0 0
235.6928374655647 469.57093663911854 -1 0 0
257.7314049586777 521.223829201102 -1 0 0
286.6570247933884 465.43870523415984 -1 0 0
283.2134986225895 482.6563360881544 -1 0 0
299.74242424242425 488.8546831955924 -1 0 0
287.3457300275482 423.4276859504133 -1 0 0
300.43112947658403 423.4276859504133 -1 0 0
294.232782369146 411.03099173553727 -1 0 0
288.034435261708 407.58746556473835 -1 0 0
281.1473829201102 397.94559228650144 -1 0 0
290.10055096418733 383.4827823691461 -1 0 0
306.62947658402203 422.05027548209375 -1 0 0
327.2906336088154 414.47451790633613 -1 0 0
325.2245179063361 437.89049586776866 -1 0 0
332.11157024793386 477.8353994490359 -1 0 0
347.95179063360877 498.4965564738293 -1 0 0
400.2933884297521 493.6756198347108 -1 0 0
394.78374655647383 464.7500000000001 -1 0 0
407.1804407713498 478.5241046831957 -1 0 0
131.0096418732782 385.54889807162544 -1 0 0
130.32093663911843 376.59573002754826 -1 0 0
146.1611570247934 366.9538567493114 -1 0 0
133.76446280991735 346.9814049586778 -1 0 0
142.0289256198347 345.6039944903582 -1 0 0
147.53856749311296 344.22658402203865 -1 0 0
159.93526170798896 354.55716253443535 -1 0 0
164.06749311294766 351.8023415977962 -1 0 0
177.84159779614322 361.44421487603313 -1 0 0
184.72865013774106 364.19903581267226 -1 0 0
209.5220385674931 367.6425619834712 -1 0 0
204.01239669421489 383.4827823691461 -1 0 0
201.94628099173553 393.124655647383 -1 0 0
188.17217630853992 384.86019283746566 -1 0 0
171.64325068870522 388.3037190082645 -1 0 0
412.6900826446281 448.90977961432515 -1 0 0
6.353994490358133 367.6425619834712 -1 0 0
63.51652892561983 419.2954545454546 -1 0 0
436.1060606060606 449.59848484848493 -1 0 0
445.7479338842975 439.26790633608823 -1 0 0
457.4559228650138 448.22107438016536 -1 0 0
473.9848484848485 503.3174931129478 -1 0 0
454.70110192837467 470.25964187327827 -1 0 0
464.3429752066115 461.995179063361 -1 0 0
497.4008264462809 500.56267217630864 -1 0 0
496.71212121212113 426.87121212121224 -1 0 0
453.3236914600551 408.9648760330579 -1 0 0
439.5495867768594 419.9841597796144 -1 0 0
429.90771349862257 423.4276859504133 -1 0 0
404.4256198347107 400.7004132231406 -1 0 0
390.6515151515151 411.03099173553727 -1 0 0
256.3539944903581 413.7858126721764 -1 0 0
260.4862258953168 391.05853994490366 -1 0 0
243.95730027548205 380.0392561983472 -1 0 0
269.43939393939394 380.72796143250696 -1 0 0
225.362258953168 509.5158402203857 -1 0 0
462.2768595041322 482.6563360881544 -1 0 0
474.6735537190083 401.38911845730036 -1 0 0
489.1363636363636 390.3698347107439 -1 0 0
454.70110192837467 391.05853994490366 -1 0 0
449.8801652892562 388.3037190082645 -1 0 0
423.02066115702473 386.2376033057852 -1 0 0
408.5578512396694 384.86019283746566 -1 0 0
384.4531680440771 386.926308539945 -1 0 0
373.43388429752065 390.3698347107439 -1 0 0
345.8856749311294 391.74724517906344 -1 0 0
320.4035812672176 393.124655647383 -1 0 0
317.6487603305785 380.0392561983472 -1 0 0
310.07300275482095 386.2376033057852 -1 0 0
330.0454545454545 383.4827823691461 -1 0 0
137.89669421487605 444.7775482093665 -1 0 0
128.25482093663913 437.89049586776866 -1 0 0
123.43388429752065 424.8050964187329 -1 0 0
93.81955922865012 400.7004132231406 -1 0 0
80.73415977961432 375.21831955922875 -1 0 0
49.74242424242425 395.8794765840221 -1 0 0
106.21625344352617 385.54889807162544 -1 0 0
106.21625344352617 364.19903581267226 -1 0 0
88.30991735537191 365.57644628099183 -1 0 0
48.36501377410468 375.21831955922875 -1 0 0
66.96005509641873 349.04752066115714 -1 0 0
211.58815426997245 450.2871900826447 -1 0 0
199.88016528925618 445.4662534435263 -1 0 0
20.12809917355372 383.4827823691461 -1 0 0
20.816804407713505 370.39738292011026 -1 0 0
24.260330578512395 350.42493112947665 -1 0 0
21.50550964187329 339.40564738292017 -1 0 0
19.439393939393938 330.45247933884303 -1 0 0
13.929752066115697 326.3202479338844 -1 0 0
2.221763085399459 351.8023415977962 -1 0 0
20.816804407713505 321.4993112947659 -1 0 0
72.46969696969697 329.7637741046833 -1 0 0
49.053719008264466 335.2734159779615 -1 0 0
91.06473829201104 332.5185950413224 -1 0 0
101.39531680440768 326.3202479338844 -1 0 0
117.23553719008265 323.56542699724525 -1 0 0
104.15013774104682 345.6039944903582 -1 0 0
137.20798898071627 324.9428374655648 -1 0 0
157.8691460055096 318.05578512396704 -1 0 0
152.3595041322314 329.7637741046833 -1 0 0
204.70110192837467 320.8106060606061 -1 0 0
198.50275482093662 321.4993112947659 -1 0 0
345.8856749311294 414.47451790633613 -1 0 0
358.2823691460055 419.9841597796144 -1 0 0
365.858126721763 417.22933884297527 -1 0 0
489.1363636363636 371.7747933884298 -1 0 0
492.57988980716254 382.1053719008265 -1 0 0
491.202479338843 365.57644628099183 -1 0 0
496.71212121212113 364.19903581267226 -1 0 0
489.1363636363636 323.56542699724525 -1 0 0
460.8994490358126 347.67011019283757 -1 0 0
469.16391184573 346.9814049586778 -1 0 0
450.56887052341597 351.8023415977962 -1 0 0
435.41735537190084 350.42493112947665 -1 0 0
410.62396694214874 359.3780991735538 -1 0 0
403.0482093663911 360.75550964187335 -1 0 0
382.3870523415977 364.19903581267226 -1 0 0
376.1887052341598 369.0199724517907 -1 0 0
371.3677685950413 378.6618457300276 -1 0 0
385.14187327823686 380.0392561983472 -1 0 0
349.32920110192833 366.2651515151516 -1 0 0
357.59366391184574 353.1797520661158 -1 0 0
371.3677685950413 359.3780991735538 -1 0 0
379.6322314049587 351.8023415977962 -1 0 0
398.22727272727275 340.09435261707995 -1 0 0
403.7369146005509 339.40564738292017 -1 0 0
387.2079889807162 325.6315426997246 -1 0 0
376.87741046831957 325.6315426997246 -1 0 0
429.90771349862257 320.8106060606061 -1 0 0
365.858126721763 318.7444903581268 -1 0 0
398.22727272727275 315.3009641873279 -1 0 0
328.668044077135 338.02823691460065 -1 0 0
350.0179063360881 330.45247933884303 -1 0 0
356.90495867768595 342.8491735537191 -1 0 0
346.5743801652892 350.42493112947665 -1 0 0
344.50826446280985 344.91528925619843 -1 0 0
327.9793388429752 359.3780991735538 -1 0 0
336.93250688705234 366.2651515151516 -1 0 0
316.27134986225894 362.8216253443527 -1 0 0
312.82782369146 369.0199724517907 -1 0 0
306.62947658402203 362.1329201101929 -1 0 0
300.43112947658403 369.0199724517907 -1 0 0
297.6763085399449 378.6618457300276 -1 0 0
285.96831955922863 369.0199724517907 -1 0 0
289.41184573002755 355.9345730027549 -1 0 0
277.0151515151515 360.75550964187335 -1 0 0
261.1749311294766 362.1329201101929 -1 0 0
242.57988980716254 354.55716253443535 -1 0 0
235.6928374655647 340.78305785123973 -1 0 0
246.0234159779614 335.2734159779615 -1 0 0
217.09779614325066 382.1053719008265 -1 0 0
210.89944903581267 395.1907713498623 -1 0 0
162.0013774104683 394.5020661157026 -1 0 0
263.2410468319559 457.1742424242425 -1 0 0
383.7644628099173 425.49380165289267 -1 0 0
256.3539944903581 330.45247933884303 -1 0 0
250.8443526170799 318.7444903581268 -1 0 0
272.194214876033 315.9896694214877 -1 0 0
279.76997245179064 318.7444903581268 -1 0 0
284.59090909090907 315.9896694214877 -1 0 0
314.2052341597796 316.6783746556475 -1 0 0
298.3650137741047 321.4993112947659 -1 0 0
292.16666666666663 313.92355371900834 -1 0 0
326.60192837465564 327.69765840220396 -1 0 0
318.3374655647383 332.5185950413224 -1 0 0
279.76997245179064 342.1604683195593 -1 0 0
274.94903581267215 347.67011019283757 -1 0 0
432.6625344352617 371.7747933884298 -1 0 0
404.4256198347107 370.39738292011026 -1 0 0
455.38980716253445 371.08608815427004 -1 0 0
462.96556473829196 371.08608815427004 -1 0 0
464.3429752066115 384.86019283746566 -1 0 0
473.2961432506887 383.4827823691461 -1 0 0
469.8526170798898 389.6811294765841 -1 0 0
192.9931129476584 344.91528925619843 -1 0 0
42.16666666666666 362.8216253443527 -1 0 0
87.62121212121212 305.1790633608816 -1 0 0
76.60192837465564 299.6694214876035 -1 0 0
70.40358126721762 300.35812672176326 -1 0 0
82.11157024793388 287.2727272727274 -1 0 0
121.3677685950413 290.02754820936656 -1 0 0
103.46143250688704 299.6694214876035 -1 0 0
134.45316804407713 301.7355371900828 -1 0 0
153.73691460055096 309.31129476584044 -1 0 0
149.60468319559226 301.7355371900828 -1 0 0
162.0013774104683 309.31129476584044 -1 0 0
167.51101928374652 303.1129476584024 -1 0 0
184.03994490358127 292.78236914600564 -1 0 0
180.59641873278235 290.7162534435263 -1 0 0
197.81404958677683 296.91460055096434 -1 0 0
199.1914600550964 274.1873278236916 -1 0 0
226.0509641873278 292.09366391184585 -1 0 0
222.60743801652893 306.5564738292012 -1 0 0
214.34297520661158 314.1322314049588 -1 0 0
232.93801652892563 299.6694214876035 -1 0 0
261.8636363636364 305.1790633608816 -1 0 0
267.3732782369146 301.7355371900828 -1 0 0
289.41184573002755 300.35812672176326 -1 0 0
298.3650137741047 296.91460055096434 -1 0 0
306.62947658402203 311.3774104683197 -1 0 0
285.27961432506885 295.53719008264477 -1 0 0
294.92148760330576 282.451790633609 -1 0 0
277.0151515151515 280.38567493112964 -1 0 0
272.8829201101928 276.25344352617094 -1 0 0
283.9022038567493 274.1873278236916 -1 0 0
268.75068870523415 287.9614325068872 -1 0 0
337.6212121212121 282.451790633609 -1 0 0
337.6212121212121 296.91460055096434 -1 0 0
332.80027548209364 311.3774104683197 -1 0 0
352.08402203856747 277.6308539944905 -1 0 0
418.19972451790636 300.35812672176326 -1 0 0
404.4256198347107 287.2727272727274 -1 0 0
478.80578512396687 290.7162534435263 -1 0 0
470.5413223140496 306.5564738292012 -1 0 0
496.71212121212113 306.5564738292012 -1 0 0
374.12258953168043 293.4710743801654 -1 0 0
361.72589531680444 290.7162534435263 -1 0 0
149.60468319559226 285.2066115702481 -1 0 0
138.58539944903583 284.51790633608834 -1 0 0
133.76446280991735 287.2727272727274 -1 0 0
124.81129476584022 279.69696969696986 -1 0 0
131.698347107438 274.1873278236916 -1 0 0
160.62396694214874 255.59228650137757 -1 0 0
168.8884297520661 237.6859504132233 -1 0 0
162.6900826446281 243.8842975206613 -1 0 0
151.6707988980716 234.93112947658418 -1 0 0
133.07575757575756 239.06336088154285 -1 0 0
134.45316804407713 256.9696969696971 -1 0 0
117.92424242424244 253.52617079889822 -1 0 0
101.39531680440768 285.89531680440786 -1 0 0
89.68732782369148 284.51790633608834 -1 0 0
155.11432506887053 276.25344352617094 -1 0 0
163.37878787878788 274.8760330578514 -1 0 0
160.62396694214874 288.650137741047 -1 0 0
95.19696969696969 252.14876033057868 -1 0 0
84.1776859504132 252.14876033057868 -1 0 0
80.73415977961432 214.9586776859506 -1 0 0
24.260330578512395 311.3774104683197 -1 0 0
45.610192837465576 300.35812672176326 -1 0 0
247.40082644628097 364.40771349862274 -1 0 0
241.89118457300276 365.7851239669423 -1 0 0
215.0316804407713 365.0964187327825 -1 0 0
219.16391184573 360.27548209366404 -1 0 0
177.15289256198344 305.1790633608816 -1 0 0
144.78374655647383 212.20385674931146 -1 0 0
126.87741046831957 212.20385674931146 -1 0 0
113.10330578512395 210.1377410468321 -1 0 0
106.21625344352617 210.8264462809919 -1 0 0
100.7066115702479 210.8264462809919 -1 0 0
88.99862258953169 218.40220385674945 -1 0 0
89.68732782369148 211.51515151515167 -1 0 0
137.20798898071627 188.09917355371917 -1 0 0
104.8388429752066 184.65564738292028 -1 0 0
122.74517906336087 181.90082644628114 -1 0 0
149.60468319559226 186.03305785123985 -1 0 0
375.5 173.6363636363638 -1 0 0
380.3209366391185 167.4380165289258 -1 0 0
390.6515151515151 166.74931129476602 -1 0 0
397.53856749311296 172.25895316804423 -1 0 0
410.62396694214874 166.74931129476602 -1 0 0
473.2961432506887 184.65564738292028 -1 0 0
312.13911845730024 157.79614325068889 -1 0 0
317.6487603305785 155.04132231404975 -1 0 0
306.62947658402203 155.73002754820953 -1 0 0
303.8746556473829 152.9752066115704 -1 0 0
298.3650137741047 159.86225895316824 -1 0 0
2.910468319559243 300.35812672176326 -1 0 0
298.8815426997245 158.14049586776878 -1 0 0
294.7493112947658 155.04132231404978 -1 0 0
289.9283746556474 157.79614325068889 -1 0 0
284.763085399449 152.97520661157046 -1 0 0
267.5454545454545 148.84297520661175 -1 0 0
256.8705234159779 147.4655647382922 -1 0 0
246.88429752066114 146.08815426997265 -1 0 0
107.07713498622586 135.75757575757595 -1 0 0
110.52066115702476 131.28099173553738 -1 0 0
103.97796143250685 132.31404958677706 -1 0 0
129.8044077134986 132.31404958677706 -1 0 0
514.6184573002754 264.5454545454547 -1 0 0
506.35399449035805 338.9256198347108 -1 0 0
511.86363636363626 375.42699724517917 -1 0 0
505.6652892561983 381.62534435261716 -1 0 0
518.7506887052341 383.6914600550965 -1 0 0
522.8829201101928 373.3608815426998 -1 0 0
533.2134986225894 366.47382920110203 -1 0 0
529.0812672176307 360.9641873278238 -1 0 0
504.2878787878787 364.4077134986227 -1 0 0
542.8553719008264 331.3498622589533 -1 0 0
531.8360881542699 332.72727272727286 -1 0 0
554.5633608815426 350.6336088154271 -1 0 0
554.5633608815426 368.5399449035814 -1 0 0
555.9407713498622 378.1818181818183 -1 0 0
537.3457300275481 378.8705234159781 -1 0 0
567.6487603305784 375.42699724517917 -1 0 0
564.8939393939393 368.5399449035814 -1 0 0
566.2713498622588 383.6914600550965 -1 0 0
580.7341597796142 380.24793388429765 -1 0 0
583.4889807162533 388.512396694215 -1 0 0
597.9517906336087 378.8705234159781 -1 0 0
595.8856749311294 369.22865013774117 -1 0 0
593.1308539944903 349.94490358126734 -1 0 0
581.4228650137741 332.72727272727286 -1 0 0
582.8002754820936 312.75482093663925 -1 0 0
564.8939393939393 323.7741046831957 -1 0 0
549.7424242424241 321.0192837465566 -1 0 0
559.384297520661 311.3774104683197 -1 0 0
512.552341597796 294.1597796143252 -1 0 0
523.5716253443525 292.09366391184585 -1 0 0
529.7699724517905 298.2920110192839 -1 0 0
542.8553719008264 286.5840220385676 -1 0 0
553.8746556473828 294.1597796143252 -1 0 0
544.9214876033056 306.5564738292012 -1 0 0
580.0454545454545 299.6694214876034 -1 0 0
585.5550964187328 298.2920110192839 -1 0 0
600.7066115702478 303.11294765840233 -1 0 0
612.4146005509642 303.11294765840233 -1 0 0
598.6404958677685 316.19834710743817 -1 0 0
615.858126721763 308.62258953168055 -1 0 0
623.4338842975205 312.06611570247946 -1 0 0
636.5192837465563 301.73553719008277 -1 0 0
636.5192837465563 335.48209366391194 -1 0 0
619.9903581267217 348.5674931129478 -1 0 0
625.5 348.5674931129478 -1 0 0
631.6983471074379 356.14325068870534 -1 0 0
612.4146005509642 354.76584022038577 -1 0 0
613.7920110192836 374.0495867768596 -1 0 0
622.056473829201 385.0688705234161 -1 0 0
643.4063360881541 360.9641873278238 -1 0 0
645.4724517906336 352.0110192837467 -1 0 0
637.8966942148759 349.94490358126734 -1 0 0
653.7369146005508 373.3608815426998 -1 0 0
644.095041322314 395.3994490358128 -1 0 0
631.6983471074379 395.3994490358128 -1 0 0
665.4449035812672 354.76584022038577 -1 0 0
666.1336088154269 311.3774104683197 -1 0 0
669.5771349862259 303.11294765840233 -1 0 0
488.4476584022038 261.1019283746558 -1 0 0
678.530303030303 252.14876033057865 -1 0 0
702.6349862258953 256.9696969696971 -1 0 0
693.681818181818 318.95316804407724 -1 0 0
686.1060606060605 318.95316804407724 -1 0 0
674.3980716253443 292.09366391184585 -1 0 0
688.8608815426996 282.45179063360894 -1 0 0
684.7286501377409 280.38567493112964 -1 0 0
690.9269972451791 272.12121212121224 -1 0 0
743.2685950413222 352.0110192837467 -1 0 0
692.3044077134984 373.3608815426998 -1 0 0
679.2190082644627 378.8705234159781 -1 0 0
671.6432506887052 368.5399449035814 -1 0 0
667.5110192837465 378.1818181818183 -1 0 0
701.2575757575758 391.2672176308541 -1 0 0
715.7203856749311 388.512396694215 -1 0 0
731.560606060606 383.00275482093673 -1 0 0
742.5798898071625 383.00275482093673 -1 0 0
750.15564738292 385.0688705234161 -1 0 0
751.5330578512396 362.34159779614333 -1 0 0
703.323691460055 294.848484848485 -1 0 0
699.1914600550963 288.65013774104693 -1 0 0
708.8333333333333 281.76308539944915 -1 0 0
717.0977961432507 281.76308539944915 -1 0 0
708.1446280991736 272.809917355372 -1 0 0
712.965564738292 267.98898071625354 -1 0 0
717.7865013774103 267.98898071625354 -1 0 0
726.0509641873277 265.92286501377424 -1 0 0
733.6267217630852 265.23415977961446 -1 0 0
740.5137741046831 263.1680440771351 -1 0 0
738.4476584022038 274.1873278236916 -1 0 0
726.0509641873277 279.0082644628101 -1 0 0
721.918732782369 275.56473829201116 -1 0 0
726.7396694214876 286.5840220385676 -1 0 0
743.2685950413222 282.45179063360894 -1 0 0
732.9380165289256 301.046831955923 -1 0 0
740.5137741046831 301.046831955923 -1 0 0
717.7865013774103 296.91460055096434 -1 0 0
715.0316804407712 303.8016528925621 -1 0 0
710.2107438016528 301.73553719008277 -1 0 0
704.7011019283746 308.62258953168055 -1 0 0
705.3898071625345 313.44352617079903 -1 0 0
709.5220385674932 311.3774104683197 -1 0 0
715.7203856749311 318.26446280991746 -1 0 0
692.3044077134984 332.72727272727286 -1 0 0
704.0123966942149 347.1900826446282 -1 0 0
715.7203856749311 352.0110192837467 -1 0 0
705.3898071625345 340.30303030303037 -1 0 0
737.758953168044 327.9063360881544 -1 0 0
731.560606060606 320.3305785123968 -1 0 0
629.6322314049587 293.4710743801654 -1 0 0
678.530303030303 500.56267217630864 -1 0 0
685.4173553719008 481.2789256198348 -1 0 0
651.6707988980716 477.1466942148761 -1 0 0
629.6322314049587 481.9676308539946 -1 0 0
619.9903581267217 487.4772727272728 -1 0 0
609.6597796143251 508.82713498622593 -1 0 0
596.5743801652893 490.92079889807167 -1 0 0
752.9104683195592 503.3174931129478 -1 0 0
703.323691460055 498.4965564738293 -1 0 0
690.2382920110192 494.3643250688706 -1 0 0
692.3044077134987 467.5048209366392 -1 0 0
697.125344352617 412.40840220385684 -1 0 0
707.4559228650137 404.1439393939395 -1 0 0
732.9380165289256 414.47451790633613 -1 0 0
748.0895316804408 409.6535812672177 -1 0 0
757.0426997245179 402.7665289256199 -1 0 0
768.0619834710744 404.8326446280993 -1 0 0
763.2410468319558 371.7747933884298 -1 0 0
771.5055096418732 371.7747933884298 -1 0 0
764.6184573002754 346.9814049586778 -1 0 0
787.3457300275481 337.33953168044087 -1 0 0
787.3457300275481 355.9345730027549 -1 0 0
812.1391184573002 365.57644628099183 -1 0 0
798.3650137741047 391.74724517906344 -1 0 0
816.271349862259 426.87121212121224 -1 0 0
843.1308539944903 412.40840220385684 -1 0 0
848.6404958677685 400.0117079889808 -1 0 0
851.3953168044077 411.03099173553727 -1 0 0
801.8085399449035 479.90151515151524 -1 0 0
810.0730027548209 493.6756198347108 -1 0 0
780.4586776859503 490.92079889807167 -1 0 0
753.599173553719 479.21280991735546 -1 0 0
871.3677685950413 501.9400826446282 -1 0 0
818.3374655647383 476.4579889807163 -1 0 0
816.271349862259 469.57093663911854 -1 0 0
874.8112947658402 443.40013774104693 -1 0 0
865.1694214876032 443.40013774104693 -1 0 0
876.8774104683196 423.4276859504133 -1 0 0
885.1418732782369 417.22933884297527 -1 0 0
897.538567493113 413.7858126721764 -1 0 0
878.2548209366391 407.58746556473835 -1 0 0
872.7451790633609 400.0117079889808 -1 0 0
877.5661157024794 383.4827823691461 -1 0 0
866.5468319559228 389.6811294765841 -1 0 0
856.904958677686 365.57644628099183 -1 0 0
917.5110192837465 366.2651515151516 -1 0 0
885.1418732782369 382.1053719008265 -1 0 0
889.9628099173553 370.39738292011026 -1 0 0
903.0482093663911 354.55716253443535 -1 0 0
920.9545454545454 350.42493112947665 -1 0 0
934.728650137741 384.86019283746566 -1 0 0
934.728650137741 393.124655647383 -1 0 0
938.1721763085399 422.05027548209375 -1 0 0
925.7754820936639 438.57920110192845 -1 0 0
888.5853994490358 446.15495867768607 -1 0 0
936.7947658402203 482.6563360881544 -1 0 0
915.4449035812672 481.2789256198348 -1 0 0
912.6900826446281 493.6756198347108 -1 0 0
903.0482093663911 500.56267217630864 -1 0 0
923.0206611570247 503.3174931129478 -1 0 0
900.293388429752 469.57093663911854 -1 0 0
953.3236914600551 476.4579889807163 -1 0 0
965.0316804407713 506.76101928374663 -1 0 0
975.362258953168 500.56267217630864 -1 0 0
970.5413223140496 437.89049586776866 -1 0 0
956.7672176308539 407.58746556473835 -1 0 0
954.0123966942149 380.72796143250696 -1 0 0
965.0316804407713 371.7747933884298 -1 0 0
960.2107438016528 364.19903581267226 -1 0 0
965.7203856749311 360.75550964187335 -1 0 0
993.2685950413223 412.40840220385684 -1 0 0
992.5798898071625 426.87121212121224 -1 0 0
993.2685950413223 450.2871900826447 -1 0 0
985.6928374655647 444.7775482093665 -1 0 0
991.202479338843 497.1191460055097 -1 0 0
991.202479338843 476.4579889807163 -1 0 0
653.0482093663911 415.8519283746557 -1 0 0
663.3787878787879 407.58746556473835 -1 0 0
670.2658402203856 399.323002754821 -1 0 0
674.3980716253443 395.1907713498623 -1 0 0
605.5275482093664 400.0117079889808 -1 0 0
602.0840220385675 415.8519283746557 -1 0 0
586.9325068870523 400.0117079889808 -1 0 0
583.4889807162534 405.52134986225906 -1 0 0
573.1584022038567 423.4276859504133 -1 0 0
544.9214876033058 415.8519283746557 -1 0 0
513.2410468319559 422.05027548209375 -1 0 0
509.797520661157 428.24862258953175 -1 0 0
498.77823691460054 424.8050964187329 -1 0 0
835.5550964187328 361.44421487603313 -1 0 0
826.6019283746556 364.19903581267226 -1 0 0
827.2906336088154 344.91528925619843 -1 0 0
825.2245179063361 325.6315426997246 -1 0 0
784.590909090909 318.05578512396704 -1 0 0
763.9297520661157 323.56542699724525 -1 0 0
794.232782369146 315.3009641873279 -1 0 0
883.0757575757575 337.33953168044087 -1 0 0
872.0564738292011 335.2734159779615 -1 0 0
888.5853994490358 344.22658402203865 -1 0 0
914.7561983471074 335.2734159779615 -1 0 0
896.8498622589532 327.69765840220396 -1 0 0
955.3898071625343 332.5185950413224 -1 0 0
967.0977961432507 326.3202479338844 -1 0 0
973.2961432506887 330.45247933884303 -1 0 0
991.202479338843 342.1604683195593 -1 0 0
520.1280991735537 405.52134986225906 -1 0 0
509.797520661157 404.8326446280993 -1 0 0
498.77823691460054 394.5020661157026 -1 0 0
572.469696969697 487.4772727272728 -1 0 0
576.6019283746556 467.5048209366392 -1 0 0
570.4035812672176 461.995179063361 -1 0 0
595.1969696969697 484.03374655647394 -1 0 0
604.1501377410468 468.88223140495876 -1 0 0
547.6763085399449 479.21280991735546 -1 0 0
544.232782369146 495.74173553719015 -1 0 0
519.4393939393939 495.74173553719015 -1 0 0
503.59917355371897 498.4965564738293 -1 0 0
506.3539944903581 476.4579889807163 -1 0 0
755.6652892561983 494.3643250688706 -1 0 0
783.2134986225894 471.63705234159784 -1 0 0
939.5495867768594 330.45247933884303 -1 0 0
942.9931129476583 346.9814049586778 -1 0 0
967.7865013774104 349.73622589531686 -1 0 0
862.4146005509642 352.69972451790653 -1 0 0
852.7727272727273 356.8319559228652 -1 0 0
833.4889807162534 374.7382920110195 -1 0 0
931.9738292011019 298.9807162534437 -1 0 0
933.3512396694215 307.2451790633611 -1 0 0
918.1997245179064 295.5371900826448 -1 0 0
1018.7506887052341 131.62534435261728 -1 0 0
754.9765840220385 290.7162534435264 -1 0 0
757.0426997245179 294.15977961432526 -1 0 0
794.2062937062936 305.00499500499484 -1 0 0
802.1983016983016 296.01398601398586 -1 0 0
795.2052947052947 288.0219780219779 -1 0 0
819.1813186813187 307.00299700299684 -1 0 0
809.1913086913088 324.9850149850148 -1 0 0
619.3811188811189 287.0229770229769 -1 0 0
892.8576423576424 314.4955044955043 -1 0 0
829.9205794205795 302.5074925074923 -1 0 0
836.9135864135865 295.0149850149848 -1 0 0
