9.644444444444431 264.3685185185185 -1 0 0
5.029629629629568 255.13888888888889 -1 0 0
2.0629629629628994 227.77962962962962 -1 0 0
21.181481481481413 233.38333333333333 -1 0 0
32.38888888888883 236.02037037037036 -1 0 0
34.69629629629624 259.09444444444443 -1 0 0
32.71851851851845 244.59074074074073 -1 0 0
52.166666666666615 233.05370370370372 -1 0 0
74.25185185185178 257.7759259259259 -1 0 0
88.09629629629625 242.28333333333333 -1 0 0
101.61111111111104 255.46851851851852 -1 0 0
110.84074074074069 236.67962962962963 -1 0 0
126.66296296296291 258.7648148148148 -1 0 0
142.81481481481478 240.63518518518518 -1 0 0
143.474074074074 224.81296296296296 -1 0 0
156.3296296296296 212.9462962962963 -1 0 0
126.33333333333327 211.9574074074074 -1 0 0
165.5592592592592 259.09444444444443 -1 0 0
180.0629629629629 249.53518518518518 -1 0 0
199.1814814814814 260.412962962963 -1 0 0
217.31111111111107 255.13888888888889 -1 0 0
213.6851851851851 227.77962962962962 -1 0 0
184.34814814814808 231.73518518518517 -1 0 0
180.0629629629629 220.8574074074074 -1 0 0
173.14074074074068 208.3314814814815 -1 0 0
200.82962962962955 204.70555555555555 -1 0 0
222.58518518518514 205.36481481481482 -1 0 0
231.1555555555555 216.2425925925926 -1 0 0
245.32962962962955 229.42777777777778 -1 0 0
264.4481481481481 232.39444444444445 -1 0 0
283.5666666666666 230.7462962962963 -1 0 0
250.60370370370367 212.9462962962963 -1 0 0
243.6814814814814 203.71666666666667 -1 0 0
264.4481481481481 201.07962962962964 -1 0 0
296.42222222222216 203.05740740740742 -1 0 0
309.937037037037 202.39814814814815 -1 0 0
330.37407407407403 182.29074074074074 -1 0 0
350.4814814814814 182.62037037037038 -1 0 0
306.6407407407407 189.5425925925926 -1 0 0
285.21481481481476 183.27962962962962 -1 0 0
290.4888888888888 168.77592592592595 -1 0 0
314.88148148148144 162.51296296296297 -1 0 0
324.7703703703703 152.9537037037037 -1 0 0
339.274074074074 141.41666666666669 -1 0 0
332.3518518518518 131.52777777777777 -1 0 0
351.1407407407407 121.30925925925925 -1 0 0
316.5296296296296 125.9240740740741 -1 0 0
328.0666666666666 114.7166666666667 -1 0 0
302.68518518518516 126.58333333333334 -1 0 0
309.2777777777777 141.41666666666669 -1 0 0
301.3666666666666 152.6240740740741 -1 0 0
279.9407407407407 142.73518518518517 -1 0 0
287.8518518518518 135.81296296296296 -1 0 0
270.71111111111105 160.20555555555558 -1 0 0
254.22962962962958 163.50185185185185 -1 0 0
276.6444444444444 180.31296296296296 -1 0 0
260.49259259259253 180.31296296296296 -1 0 0
238.40740740740733 180.31296296296296 -1 0 0
229.17777777777775 159.5462962962963 -1 0 0
245.98888888888882 146.69074074074075 -1 0 0
259.83333333333326 139.4388888888889 -1 0 0
236.42962962962957 135.81296296296296 -1 0 0
227.8592592592592 148.99814814814818 -1 0 0
212.69629629629623 144.38333333333333 -1 0 0
205.774074074074 141.08703703703705 -1 0 0
200.49999999999994 150.97592592592594 -1 0 0
209.0703703703703 167.4574074074074 -1 0 0
195.5555555555555 174.37962962962965 -1 0 0
184.01851851851848 174.05 -1 0 0
182.69999999999993 156.90925925925927 -1 0 0
185.99629629629624 141.7462962962963 -1 0 0
192.58888888888885 129.22037037037038 -1 0 0
167.537037037037 126.2537037037037 -1 0 0
155.01111111111106 165.15 -1 0 0
168.8555555555555 165.15 -1 0 0
158.96666666666664 177.34629629629632 -1 0 0
154.02222222222218 155.59074074074073 -1 0 0
141.49629629629624 191.85 -1 0 0
125.34444444444439 186.90555555555557 -1 0 0
116.11481481481475 201.40925925925927 -1 0 0
139.51851851851848 176.3574074074074 -1 0 0
131.937037037037 165.80925925925925 -1 0 0
128.64074074074068 150.97592592592594 -1 0 0
135.89259259259256 141.08703703703705 -1 0 0
113.47777777777772 160.53518518518518 -1 0 0
104.2481481481481 183.60925925925926 -1 0 0
93.04074074074067 201.07962962962964 -1 0 0
80.84444444444439 185.2574074074074 -1 0 0
83.81111111111106 169.4351851851852 -1 0 0
98.97407407407401 156.57962962962964 -1 0 0
68.31851851851847 195.80555555555557 -1 0 0
50.51851851851846 205.03518518518518 -1 0 0
37.66296296296291 218.55 -1 0 0
8.655555555555495 209.97962962962964 -1 0 0
24.477777777777717 195.1462962962963 -1 0 0
9.644444444444375 195.80555555555557 -1 0 0
2.7222222222221575 179.32407407407408 -1 0 0
21.51111111111105 176.3574074074074 -1 0 0
32.71851851851845 180.97222222222223 -1 0 0
43.92592592592585 172.40185185185186 -1 0 0
59.08888888888883 175.69814814814816 -1 0 0
73.59259259259254 162.8425925925926 -1 0 0
80.51481481481476 152.29444444444445 -1 0 0
58.09999999999995 150.97592592592594 -1 0 0
106.22592592592586 151.30555555555554 -1 0 0
95.3481481481481 137.4611111111111 -1 0 0
77.54814814814809 136.80185185185186 -1 0 0
61.725925925925864 133.8351851851852 -1 0 0
33.04814814814809 147.02037037037036 -1 0 0
1.7333333333332632 141.08703703703705 -1 0 0
27.444444444444386 139.4388888888889 -1 0 0
19.20370370370364 132.84629629629632 -1 0 0
17.555555555555486 113.72777777777779 -1 0 0
28.762962962962902 119.99074074074076 -1 0 0
38.322222222222166 124.60555555555555 -1 0 0
57.770370370370316 117.35370370370373 -1 0 0
69.9666666666666 113.72777777777779 -1 0 0
43.92592592592585 106.1462962962963 -1 0 0
12.94074074074068 98.2351851851852 -1 0 0
10.633333333333269 84.06111111111113 -1 0 0
34.3666666666666 87.0277777777778 -1 0 0
46.562962962962914 94.27962962962965 -1 0 0
66.67037037037032 94.27962962962965 -1 0 0
81.17407407407403 100.21296296296299 -1 0 0
100.9518518518518 104.49814814814818 -1 0 0
109.8518518518518 110.76111111111112 -1 0 0
134.2444444444444 101.20185185185187 -1 0 0
147.09999999999997 114.05740740740742 -1 0 0
150.0666666666666 134.49444444444447 -1 0 0
152.37407407407403 102.19074074074075 -1 0 0
159.95555555555552 98.56481481481484 -1 0 0
170.83333333333326 104.49814814814818 -1 0 0
182.04074074074066 104.82777777777778 -1 0 0
179.07407407407402 119.33148148148149 -1 0 0
194.8962962962962 88.34629629629632 -1 0 0
186.6555555555555 87.35740740740744 -1 0 0
5.029629629629568 69.22777777777779 -1 0 0
7.337037037036978 57.361111111111114 -1 0 0
11.622222222222163 47.801851851851865 -1 0 0
22.499999999999943 49.12037037037038 -1 0 0
26.785185185185128 57.361111111111114 -1 0 0
36.34444444444438 46.812962962962985 -1 0 0
41.61851851851846 55.383333333333354 -1 0 0
47.551851851851794 69.22777777777779 -1 0 0
45.90370370370364 57.69074074074075 -1 0 0
41.28888888888882 80.10555555555555 -1 0 0
17.555555555555486 68.56851851851854 -1 0 0
56.4518518518518 83.40185185185186 -1 0 0
57.44074074074068 71.53518518518518 -1 0 0
58.42962962962956 58.02037037037039 -1 0 0
54.47407407407401 46.812962962962985 -1 0 0
84.4703703703703 46.48333333333335 -1 0 0
75.5703703703703 62.30555555555557 -1 0 0
78.20740740740736 51.09814814814817 -1 0 0
97.32592592592586 55.71296296296299 -1 0 0
114.79629629629623 58.02037037037039 -1 0 0
109.52222222222217 65.93148148148148 -1 0 0
101.28148148148144 76.47962962962964 -1 0 0
76.5592592592592 74.50185185185185 -1 0 0
114.46666666666663 75.82037037037037 -1 0 0
131.27777777777771 49.12037037037038 -1 0 0
142.1555555555555 69.88703703703706 -1 0 0
142.81481481481478 84.72037037037038 -1 0 0
154.3518518518518 79.44629629629631 -1 0 0
162.59259259259255 86.36851851851853 -1 0 0
172.81111111111107 92.96111111111111 -1 0 0
175.11851851851844 83.7314814814815 -1 0 0
153.3629629629629 65.60185185185188 -1 0 0
160.6148148148148 70.87592592592594 -1 0 0
161.274074074074 53.405555555555566 -1 0 0
173.79999999999995 58.02037037037039 -1 0 0
176.437037037037 48.1314814814815 -1 0 0
179.07407407407402 67.25 -1 0 0
180.0629629629629 73.84259259259261 -1 0 0
186.32592592592584 68.56851851851854 -1 0 0
194.5666666666666 64.9425925925926 -1 0 0
199.51111111111106 71.53518518518518 -1 0 0
196.21481481481476 56.372222222222234 -1 0 0
206.10370370370367 50.10925925925926 -1 0 0
211.37777777777774 61.31666666666669 -1 0 0
212.03703703703695 70.87592592592594 -1 0 0
223.90370370370363 85.05000000000001 -1 0 0
210.0592592592592 95.26851851851853 -1 0 0
208.08148148148143 83.07222222222225 -1 0 0
217.64074074074068 77.79814814814816 -1 0 0
206.10370370370367 125.26481481481483 -1 0 0
209.0703703703703 124.93518518518519 -1 0 0
251.92222222222216 121.30925925925925 -1 0 0
259.50370370370365 109.77222222222224 -1 0 0
270.0518518518518 113.06851851851854 -1 0 0
278.9518518518518 123.28703703703707 -1 0 0
297.7407407407407 119.00185185185188 -1 0 0
307.62962962962956 107.79444444444445 -1 0 0
332.0222222222222 100.5425925925926 -1 0 0
344.87777777777774 92.30185185185186 -1 0 0
349.8222222222222 71.20555555555558 -1 0 0
340.92222222222216 61.31666666666669 -1 0 0
347.8444444444444 54.394444444444446 -1 0 0
339.6037037037037 49.45000000000002 -1 0 0
333.67037037037034 53.07592592592593 -1 0 0
325.75925925925924 59.66851851851854 -1 0 0
326.41851851851845 69.88703703703706 -1 0 0
310.59629629629626 69.55740740740742 -1 0 0
309.6074074074074 56.0425925925926 -1 0 0
317.1888888888888 47.14259259259262 -1 0 0
308.9481481481481 46.48333333333335 -1 0 0
299.71851851851847 56.70185185185187 -1 0 0
289.17037037037034 63.953703703703724 -1 0 0
276.6444444444444 59.998148148148175 -1 0 0
280.2703703703703 48.1314814814815 -1 0 0
277.63333333333327 68.56851851851854 -1 0 0
267.08518518518514 61.31666666666669 -1 0 0
261.8111111111111 52.08703703703705 -1 0 0
255.54814814814807 48.1314814814815 -1 0 0
247.63703703703698 54.394444444444446 -1 0 0
245.65925925925922 48.790740740740745 -1 0 0
234.78148148148142 58.02037037037039 -1 0 0
241.70370370370364 62.63518518518521 -1 0 0
231.81481481481478 65.27222222222224 -1 0 0
233.46296296296293 75.16111111111113 -1 0 0
247.63703703703698 86.03888888888889 -1 0 0
250.60370370370367 76.15 -1 0 0
263.12962962962956 68.89814814814815 -1 0 0
285.87407407407403 91.31296296296298 -1 0 0
35.3555555555555 162.8425925925926 -1 0 0
82.82222222222215 122.9574074074074 -1 0 0
108.8629629629629 133.50555555555556 -1 0 0
383.9165834165833 128.80519480519482 -1 0 0
366.33416583416573 127.60639360639362 -1 0 0
366.33416583416573 112.82117882117882 -1 0 0
355.544955044955 102.03196803196806 -1 0 0
372.7277722277721 98.83516483516485 -1 0 0
378.72177822177815 109.62437562437566 -1 0 0
384.71578421578414 109.22477522477524 -1 0 0
391.5089910089909 96.83716283716285 -1 0 0
395.1053946053945 86.04795204795207 -1 0 0
385.1153846153845 84.04995004995007 -1 0 0
390.3101898101897 78.85514485514489 -1 0 0
395.5049950049949 70.8631368631369 -1 0 0
390.3101898101897 66.0679320679321 -1 0 0
373.9265734265733 78.85514485514489 -1 0 0
361.1393606393606 76.05794205794209 -1 0 0
365.13536463536457 67.2667332667333 -1 0 0
366.33416583416573 60.07392607392612 -1 0 0
369.93056943056934 48.08591408591411 -1 0 0
378.72177822177815 46.88711288711292 -1 0 0
385.1153846153845 48.08591408591411 -1 0 0
386.71378621378614 53.280719280719325 -1 0 0
391.1093906093905 44.889110889110924 -1 0 0
394.3061938061937 54.879120879120904 -1 0 0
399.1013986013985 29.70429570429576 -1 0 0
394.3061938061937 24.10989010989016 -1 0 0
399.9005994005993 12.921078921078959 -1 0 0
383.11738261738253 12.52147852147857 -1 0 0
372.3281718281717 18.51548451548456 -1 0 0
373.12737262737255 10.523476523476575 -1 0 0
379.5209790209789 24.10989010989016 -1 0 0
373.12737262737255 25.708291708291767 -1 0 0
365.93456543456534 34.09990009990014 -1 0 0
363.93656343656335 26.507492507492543 -1 0 0
359.1413586413586 30.103896103896147 -1 0 0
355.544955044955 21.712287712287775 -1 0 0
362.33816183816174 19.71428571428575 -1 0 0
350.35014985014976 35.69830169830175 -1 0 0
349.550949050949 25.708291708291767 -1 0 0
339.16133866133856 26.107892107892155 -1 0 0
331.1693306693306 22.51148851148855 -1 0 0
360.34015984015974 44.489510489510536 -1 0 0
355.544955044955 44.889110889110924 -1 0 0
339.16133866133856 41.29270729270735 -1 0 0
332.3681318681318 39.29470529470535 -1 0 0
327.572927072927 30.103896103896147 -1 0 0
319.98051948051943 17.316683316683367 -1 0 0
296.4040959040958 40.493506493506544 -1 0 0
300.79970029970025 31.30269730269734 -1 0 0
308.39210789210784 26.507492507492543 -1 0 0
304.79570429570424 20.513486513486555 -1 0 0
301.598901098901 15.31868131868137 -1 0 0
301.19930069930064 11.32267732267735 -1 0 0
287.61288711288705 10.923076923076962 -1 0 0
276.82367632367624 11.722277722277767 -1 0 0
274.42607392607385 20.513486513486555 -1 0 0
290.01048951048944 20.91308691308697 -1 0 0
293.60689310689304 26.107892107892155 -1 0 0
285.61488511488506 30.103896103896147 -1 0 0
292.4080919080918 30.103896103896147 -1 0 0
280.02047952047946 28.50549450549454 -1 0 0
268.0324675324675 35.29870129870133 -1 0 0
272.42807192807186 35.29870129870133 -1 0 0
278.42207792207785 42.091908091908124 -1 0 0
266.43406593406587 38.895104895104936 -1 0 0
259.6408591408591 41.692307692307736 -1 0 0
237.2632367632367 27.306693306693347 -1 0 0
240.8596403596403 18.11588411588417 -1 0 0
246.4540459540459 10.523476523476575 -1 0 0
261.6388611388611 10.523476523476575 -1 0 0
238.46203796203793 8.12587412587419 -1 0 0
224.87562437562434 10.923076923076962 -1 0 0
229.6708291708291 18.11588411588417 -1 0 0
220.48001998001996 30.90309690309695 -1 0 0
232.06843156843155 39.29470529470535 -1 0 0
208.89160839160837 16.91708291708298 -1 0 0
200.49999999999994 22.911088911088967 -1 0 0
194.50599400599395 31.702297702297756 -1 0 0
185.7147852147852 20.113886113886167 -1 0 0
193.70679320679318 13.720279720279763 -1 0 0
208.49200799200798 7.726273726273803 -1 0 0
170.9295704295704 11.32267732267735 -1 0 0
156.14435564435564 12.921078921078959 -1 0 0
166.533966033966 18.915084915084975 -1 0 0
165.73476523476523 26.107892107892155 -1 0 0
182.1183816183816 40.09390609390613 -1 0 0
164.13636363636363 38.09590409590413 -1 0 0
142.15834165834164 40.493506493506544 -1 0 0
145.35514485514486 31.30269730269734 -1 0 0
145.75474525474525 18.915084915084975 -1 0 0
138.96153846153845 24.909090909090963 -1 0 0
133.36713286713285 30.503496503496535 -1 0 0
130.56993006993008 19.314685314685363 -1 0 0
121.77872127872129 11.722277722277767 -1 0 0
117.38311688311688 33.70029970029975 -1 0 0
122.57792207792207 26.507492507492543 -1 0 0
97.0034965034965 37.696303696303744 -1 0 0
100.9995004995005 29.70429570429576 -1 0 0
100.9995004995005 18.51548451548456 -1 0 0
97.0034965034965 11.32267732267735 -1 0 0
115.78471528471528 9.324675324675354 -1 0 0
77.42307692307693 9.724275724275799 -1 0 0
78.62187812187813 35.29870129870133 -1 0 0
71.42907092907095 29.304695304695343 -1 0 0
57.04345654345656 23.310689310689355 -1 0 0
18.282217782217828 11.722277722277767 -1 0 0
23.47702297702301 30.103896103896147 -1 0 0
36.66383616383621 22.51148851148855 -1 0 0
36.66383616383621 76.4575424575425 -1 0 0
58.641858141858165 35.29870129870133 -1 0 0
45.854645354645385 30.503496503496535 -1 0 0
34.66583416583421 37.29670329670333 -1 0 0
172.1283716283716 194.73926073926071 -1 0 0
235.2652347652347 197.53646353646351 -1 0 0
228.47202797202794 255.87812187812185 -1 0 0
395.9045954045953 160.37362637362637 -1 0 0
383.9165834165833 213.9200799200799 -1 0 0
377.9225774225773 181.15284715284713 -1 0 0
381.11938061938054 165.16883116883116 -1 0 0
355.14535464535453 159.17482517482517 -1 0 0
366.33416583416573 152.78121878121877 -1 0 0
392.7077922077921 144.78921078921078 -1 0 0
295.3051948051948 6.710539460539479 -1 0 0
312.6878121878122 6.310939060939077 -1 0 0
388.21228771228766 35.68156843156844 -1 0 0
303.497002997003 42.67457542457542 -1 0 0
252.54795204795207 69.0482017982018 -1 0 0
141.95854145854148 6.710539460539479 -1 0 0
72.02847152847154 57.4597902097902 -1 0 0
82.21828171828173 262.67132867132864 -1 0 0
76.82367632367632 221.5124875124875 -1 0 0
57.64285714285716 217.3166833166833 -1 0 0
40.6598401598402 8.125874125874134 -1 0 0
166.13436563436562 2.9310689310689213 -1 0 0
200.10039960039956 6.9270729270729134 -1 0 0
190.9095904095904 6.527472527472526 -1 0 0
196.9035964035964 2.5314685314685335 -1 0 0
257.24325674325667 22.91108891108891 -1 0 0
258.0424575424575 31.30269730269731 -1 0 0
252.04845154845148 39.69430569430568 -1 0 0
273.6268731268731 53.28071928071927 -1 0 0
351.548951048951 12.921078921078902 -1 0 0
341.558941058941 6.527472527472526 -1 0 0
384.3161838161837 6.9270729270729134 -1 0 0
392.3081918081917 7.326673326673301 -1 0 0
368.3321678321677 6.127872127872138 -1 0 0
378.72177822177815 145.58841158841153 -1 0 0
