165.79338842975204 215.18732782369145 -1 0 0
64.73002754820936 178.65840220385672 -1 0 0
31.85399449035813 226.7548209366391 -1 0 0
86.03856749311294 153.08815426997245 -1 0 0
1.4132231404958873 151.87052341597794 -1 0 0
5.066115702479351 213.96969696969694 -1 0 0
176.14325068870522 160.39393939393938 -1 0 0
187.71074380165288 129.34435261707986 -1 0 0
153.0082644628099 123.86501377410468 -1 0 0
90.9090909090909 28.280991735537214 -1 0 0
75.07988980716252 70.89807162534436 -1 0 0
56.81542699724517 89.1625344352617 -1 0 0
98.21487603305783 131.77961432506885 -1 0 0
147.5289256198347 92.20661157024792 -1 0 0
146.92011019283746 66.63636363636363 -1 0 0
119.52341597796139 53.85123966942149 -1 0 0
141.44077134986225 47.76308539944904 -1 0 0
155.44352617079886 43.50137741046831 -1 0 0
160.31404958677683 30.71625344352617 -1 0 0
162.7493112947658 19.75757575757575 -1 0 0
151.18181818181813 13.060606060606064 -1 0 0
180.4049586776859 9.40771349862257 -1 0 0
197.45179063360877 33.15151515151513 -1 0 0
216.32506887052335 21.58402203856747 -1 0 0
198.66942148760324 23.410468319559243 -1 0 0
208.4104683195592 6.972451790633613 -1 0 0
240.0688705234159 14.88705234159778 -1 0 0
249.80991735537182 17.931129476584033 -1 0 0
241.28650137741042 30.71625344352617 -1 0 0
224.23966942148758 30.71625344352617 -1 0 0
219.97796143250685 45.327823691460054 -1 0 0
217.54269972451783 62.374655647382895 -1 0 0
205.97520661157023 90.98898071625342 -1 0 0
230.93663911845726 73.33333333333331 -1 0 0
251.63636363636357 45.327823691460054 -1 0 0
265.63911845730024 30.71625344352617 -1 0 0
263.2038567493112 20.366391184572993 -1 0 0
269.9008264462809 5.1460055096418955 -1 0 0
286.9476584022038 15.49586776859502 -1 0 0
315.5619834710743 36.80440771349862 -1 0 0
317.99724517906327 15.49586776859502 -1 0 0
310.0826446280991 17.931129476584033 -1 0 0
304.6033057851239 11.842975206611584 -1 0 0
297.9063360881542 5.1460055096418955 -1 0 0
342.9586776859503 6.363636363636374 -1 0 0
361.8319559228649 8.190082644628092 -1 0 0
343.5674931129476 30.10743801652893 -1 0 0
351.48209366391177 34.36914600550966 -1 0 0
374.0082644628098 23.410468319559243 -1 0 0
374.61707988980703 11.842975206611584 -1 0 0
394.0991735537189 6.363636363636374 -1 0 0
405.6666666666666 5.1460055096418955 -1 0 0
414.7988980716253 2.7107438016528818 -1 0 0
430.01928374655637 13.669421487603302 -1 0 0
430.01928374655637 21.58402203856747 -1 0 0
430.6280991735536 30.71625344352617 -1 0 0
415.4077134986225 30.71625344352617 -1 0 0
406.2754820936638 43.50137741046831 -1 0 0
420.88705234159767 42.89256198347107 -1 0 0
433.06336088154256 45.93663911845729 -1 0 0
416.625344352617 76.37741046831957 -1 0 0
381.3140495867768 81.24793388429751 -1 0 0
347.8292011019283 72.11570247933884 -1 0 0
305.8209366391184 72.72451790633608 -1 0 0
293.6446280991735 64.80991735537191 -1 0 0
289.99173553719004 59.3305785123967 -1 0 0
344.17630853994484 117.77685950413223 -1 0 0
408.10192837465553 113.5151515151515 -1 0 0
428.8016528925619 100.73002754820936 -1 0 0
386.79338842975193 56.89531680440771 -1 0 0
386.79338842975193 132.3884297520661 -1 0 0
10.545454545454561 65.41873278236915 -1 0 0
27.59228650137743 41.06611570247935 -1 0 0
25.157024793388445 19.75757575757575 -1 0 0
45.85674931129478 28.280991735537214 -1 0 0
15.415977961432532 2.1019283746556425 -1 0 0
39.76859504132233 14.88705234159778 -1 0 0
64.12121212121212 15.49586776859502 -1 0 0
82.99449035812671 9.40771349862257 -1 0 0
109.17355371900823 6.363636363636374 -1 0 0
111.0 30.10743801652893 -1 0 0
121.34986225895312 7.581267217630852 -1 0 0
45.85674931129478 5.1460055096418955 -1 0 0
227.89256198347104 15.49586776859502 -1 0 0
439.7603305785123 134.82369146005507 -1 0 0
