62.32098765432093 354.0617283950617 -1 0 0
136.72839506172835 377.85185185185185 -1 0 0
177.22222222222223 296.8641975308642 -1 0 0
285.54320987654324 383.9259259259259 -1 0 0
339.1975308641976 358.61728395061726 -1 0 0
419.67901234567904 359.12345679012344 -1 0 0
495.0987654320988 390.0 -1 0 0
518.3827160493827 280.66666666666663 -1 0 0
499.6543209876545 279.14814814814815 -1 0 0
410.0617283950617 272.06172839506166 -1 0 0
314.3950617283951 324.1975308641975 -1 0 0
304.2716049382716 289.77777777777777 -1 0 0
234.92592592592592 283.7037037037037 -1 0 0
135.716049382716 268.5185185185185 -1 0 0
68.395061728395 277.12345679012344 -1 0 0
9.172839506172778 263.45679012345676 -1 0 0
74.97530864197526 232.58024691358017 -1 0 0
143.81481481481478 226.50617283950615 -1 0 0
209.1111111111111 243.20987654320984 -1 0 0
277.44444444444446 246.24691358024688 -1 0 0
322.4938271604938 197.1481481481481 -1 0 0
430.81481481481484 214.86419753086415 -1 0 0
488.51851851851853 241.1851851851852 -1 0 0
523.4444444444446 224.48148148148144 -1 0 0
453.08641975308643 203.22222222222217 -1 0 0
525.4691358024693 154.12345679012338 -1 0 0
511.29629629629636 146.0246913580246 -1 0 0
494.08641975308643 138.93827160493822 -1 0 0
389.81481481481484 182.46913580246908 -1 0 0
355.3950617283951 216.88888888888886 -1 0 0
401.45679012345687 150.5802469135802 -1 0 0
424.7407407407408 151.08641975308637 -1 0 0
437.9012345679013 151.08641975308637 -1 0 0
337.67901234567904 150.5802469135802 -1 0 0
285.54320987654324 167.79012345679007 -1 0 0
294.14814814814815 173.35802469135797 -1 0 0
246.5679012345679 137.92592592592587 -1 0 0
246.06172839506172 165.2592592592592 -1 0 0
232.9012345679012 194.61728395061724 -1 0 0
226.32098765432096 164.75308641975303 -1 0 0
165.5802469135802 175.88888888888886 -1 0 0
110.91358024691357 217.395061728395 -1 0 0
77.50617283950614 193.6049382716049 -1 0 0
40.555555555555486 168.29629629629625 -1 0 0
0.5679012345678416 156.65432098765427 -1 0 0
17.777777777777715 118.69135802469128 -1 0 0
41.56790123456784 113.12345679012338 -1 0 0
65.35802469135797 150.5802469135802 -1 0 0
26.88888888888883 102.99999999999994 -1 0 0
124.07407407407402 101.48148148148141 -1 0 0
130.1481481481481 123.24691358024683 -1 0 0
116.48148148148147 132.86419753086415 -1 0 0
87.62962962962959 85.28395061728389 -1 0 0
91.67901234567896 76.17283950617275 -1 0 0
112.93827160493822 72.62962962962956 -1 0 0
131.66666666666663 70.60493827160485 -1 0 0
121.03703703703701 82.753086419753 -1 0 0
144.82716049382717 75.66666666666657 -1 0 0
156.9753086419753 86.80246913580237 -1 0 0
181.2716049382716 97.43209876543204 -1 0 0
156.4691358024691 120.20987654320983 -1 0 0
168.61728395061726 127.80246913580243 -1 0 0
195.44444444444446 126.79012345679007 -1 0 0
207.59259259259255 131.8518518518518 -1 0 0
221.76543209876542 107.5555555555555 -1 0 0
195.44444444444446 83.76543209876536 -1 0 0
181.77777777777777 81.23456790123447 -1 0 0
216.19753086419752 82.24691358024683 -1 0 0
262.25925925925924 97.93827160493822 -1 0 0
317.4320987654321 86.80246913580237 -1 0 0
316.9259259259259 111.60493827160485 -1 0 0
339.1975308641976 111.60493827160485 -1 0 0
353.8765432098766 81.23456790123447 -1 0 0
381.7160493827161 77.69135802469128 -1 0 0
379.1851851851853 85.28395061728389 -1 0 0
390.8271604938272 86.80246913580237 -1 0 0
379.6913580246914 98.44444444444434 -1 0 0
420.6913580246914 93.38271604938262 -1 0 0
413.604938271605 88.82716049382708 -1 0 0
454.0987654320988 83.76543209876536 -1 0 0
477.88888888888897 88.3209876543209 -1 0 0
479.40740740740745 80.22222222222217 -1 0 0
495.604938271605 75.66666666666657 -1 0 0
510.7901234567902 73.64197530864192 -1 0 0
521.9259259259261 103.50617283950612 -1 0 0
512.8148148148148 92.37037037037032 -1 0 0
525.9753086419753 89.33333333333326 -1 0 0
487.00000000000006 106.54320987654314 -1 0 0
524.4567901234568 125.77777777777771 -1 0 0
479.40740740740745 117.67901234567893 -1 0 0
456.1234567901235 108.06172839506166 -1 0 0
443.97530864197535 115.1481481481481 -1 0 0
410.56790123456796 129.82716049382708 -1 0 0
202.53086419753083 116.16049382716045 -1 0 0
544.0959040959042 332.04845154845157 -1 0 0
53.08791208791212 84.0134865134865 -1 0 0
21.028971028971057 43.517982017982035 -1 0 0
33.40259740259742 50.26723276723277 -1 0 0
58.71228771228775 49.704795204795175 -1 0 0
310.1218781218782 62.078421578421576 -1 0 0
292.12387612387613 36.768731268731244 -1 0 0
274.6883116883117 71.07742257742257 -1 0 0
246.00399600399606 63.2032967032967 -1 0 0
259.50249750249753 58.703796203796166 -1 0 0
273.5634365634366 59.828671328671305 -1 0 0
269.62637362637366 51.95454545454544 -1 0 0
266.81418581418586 48.017482517482506 -1 0 0
255.00299700299706 43.517982017982035 -1 0 0
260.62737262737267 35.64385614385611 -1 0 0
272.43856143856146 45.205294705294705 -1 0 0
341.61838161838165 36.768731268731244 -1 0 0
373.67732267732276 52.51698301698303 -1 0 0
388.3006993006993 41.83066933066931 -1 0 0
383.8011988011989 37.33116883116884 -1 0 0
397.2997002997003 40.14335664335664 -1 0 0
408.54845154845157 32.269230769230774 -1 0 0
415.29770229770236 40.14335664335664 -1 0 0
484.4775224775226 41.26823176823177 -1 0 0
432.1708291708293 69.3901098901099 -1 0 0
551.4075924075925 75.5769230769231 -1 0 0
531.7222777222778 77.8266733266733 -1 0 0
521.5984015984017 60.3911088911089 -1 0 0
504.72527472527474 58.703796203796166 -1 0 0
508.0999000999002 49.704795204795175 -1 0 0
517.0989010989011 42.95554445554444 -1 0 0
494.6013986013986 49.704795204795175 -1 0 0
559.8441558441559 50.26723276723277 -1 0 0
537.3466533466534 38.45604395604397 -1 0 0
556.4695304695306 139.6948051948052 -1 0 0
542.4085914085915 124.50899100899102 -1 0 0
122.2677322677323 57.016483516483504 -1 0 0
89.64635364635367 62.640859140859106 -1 0 0
100.89510489510494 50.82967032967031 -1 0 0
101.4575424575425 45.76773226773224 -1 0 0
73.33566433566438 41.83066933066931 -1 0 0
47.463536463536485 46.33016983016984 -1 0 0
96.39560439560444 33.95654345654344 -1 0 0
102.5824175824176 32.83166833166831 -1 0 0
101.4575424575425 40.14335664335664 -1 0 0
126.76723276723283 40.70579420579418 -1 0 0
134.6413586413587 41.83066933066931 -1 0 0
121.14285714285717 36.20629370629371 -1 0 0
159.95104895104902 36.20629370629371 -1 0 0
149.2647352647353 38.45604395604397 -1 0 0
183.01098901098908 39.5809190809191 -1 0 0
176.2617382617383 46.33016983016984 -1 0 0
201.00899100899107 50.82967032967031 -1 0 0
217.88211788211794 40.14335664335664 -1 0 0
37.620879120879124 23.977522477522513 -1 0 0
232.78671328671328 15.540959040959052 -1 0 0
246.003996003996 27.070929070929083 -1 0 0
238.97352647352648 28.47702297702301 -1 0 0
258.94005994005994 17.22827172827175 -1 0 0
288.1868131868132 22.85264735264738 -1 0 0
280.59390609390607 19.478021978022014 -1 0 0
271.31368631368633 27.91458541458545 -1 0 0
292.96753246753246 18.63436563436565 -1 0 0
87.3966033966034 29.883116883116912 -1 0 0
72.2107892107892 34.38261738261741 -1 0 0
120.58041958041959 23.977522477522513 -1 0 0
123.67382617382616 28.47702297702301 -1 0 0
115.23726273726272 29.601898101898115 -1 0 0
139.14085914085916 35.226273726273746 -1 0 0
81.491008991009 21.165334665334683 -1 0 0
50.275724275724286 21.165334665334683 -1 0 0
151.2332667332667 19.478021978022014 -1 0 0
164.73176823176823 19.759240759240782 -1 0 0
157.4200799200799 30.445554445554475 -1 0 0
171.48101898101896 31.851648351648375 -1 0 0
164.45054945054943 31.289210789210813 -1 0 0
208.03946053946055 34.101398601398614 -1 0 0
201.00899100899102 30.16433566433568 -1 0 0
186.94805194805195 21.72777222777225 -1 0 0
192.57242757242756 18.35314685314688 -1 0 0
182.16733266733263 27.91458541458545 -1 0 0
269.6263736263736 18.071928071928085 -1 0 0
215.35114885114888 26.227272727272744 -1 0 0
207.75824175824175 18.071928071928085 -1 0 0
234.47402597402592 51.53696303696307 -1 0 0
228.56843156843155 64.473026973027 -1 0 0
434.8096903096904 168.2207907545386 -1 0 0
468.8756243756244 47.69306270993661 -1 0 0
456.2402597402597 42.73801775489167 -1 0 0
330.1343656343656 44.472283489157405 -1 0 0
326.41808191808195 40.50824752512145 -1 0 0
307.34115884115886 35.80095481782874 -1 0 0
329.39110889110896 18.458297475171406 -1 0 0
317.00349650349654 23.66109467796861 -1 0 0
456.9835164835165 17.715040731914655 -1 0 0
465.1593406593406 32.58017559704953 -1 0 0
482.74975024975026 31.34141435828829 -1 0 0
455.00149850149853 59.33741835429227 -1 0 0
347.72477522477527 62.55819757507149 -1 0 0
337.81468531468533 45.71104472791865 -1 0 0
347.72477522477527 22.917837934711855 -1 0 0
378.6938061938062 24.652103668977585 -1 0 0
406.93756243756246 16.476279493153413 -1 0 0
420.31618381618387 14.74201375888768 -1 0 0
425.51898101898104 20.93581995269389 -1 0 0
429.7307692307692 17.467288484162424 -1 0 0
284.30019980019983 100.71204372891765 -1 0 0
399.75274725274727 30.598157615031543 -1 0 0
470.1143856143856 14.494261511135448 -1 0 0
346.1143856143857 343.1338776676256 -1 0 0
430.35014985014993 351.0619495956975 -1 0 0
26.513986013985956 46.822189355937155 -1 0 0
214.50749250749254 5.834665334665317 -1 0 0
174.57442557442562 8.646853146853118 -1 0 0
135.20379620379623 9.209290709290713 -1 0 0
129.01698301698303 10.896603396603382 -1 0 0
119.45554445554448 14.27122877122872 -1 0 0
31.715284715284753 17.08341658341658 -1 0 0
9.780219780219795 14.27122877122872 -1 0 0
69.96103896103898 13.708791208791183 -1 0 0
59.83716283716287 23.832667332667313 -1 0 0
90.20879120879124 9.77172827172825 -1 0 0
94.70829170829174 18.208291708291654 -1 0 0
104.83216783216787 17.08341658341658 -1 0 0
113.2687312687313 9.209290709290713 -1 0 0
120.01798201798204 9.209290709290713 -1 0 0
312.934065934066 12.583916083916051 -1 0 0
276.3756243756244 5.272227772227723 -1 0 0
262.31468531468533 3.5849150849150533 -1 0 0
242.06693306693313 4.709790209790185 -1 0 0
177.38661338661342 13.146353646353646 -1 0 0
434.9830169830171 8.646853146853118 -1 0 0
420.92207792207796 9.77172827172825 -1 0 0
414.1728271728273 11.45904095904092 -1 0 0
483.915084915085 10.896603396603382 -1 0 0
490.6643356643357 19.333166833166786 -1 0 0
497.97602397602407 13.708791208791183 -1 0 0
512.0369630369631 19.89560439560438 -1 0 0
534.5344655344657 10.896603396603382 -1 0 0
519.911088911089 7.521978021977986 -1 0 0
526.6603396603398 27.769730269730246 -1 0 0
547.4705294705295 29.457042957042916 -1 0 0
544.6583416583418 11.45904095904092 -1 0 0
549.7202797202798 15.958541458541447 -1 0 0
560.4065934065935 12.583916083916051 -1 0 0
355.6793206793207 4.709790209790185 -1 0 0
331.4945054945056 4.709790209790185 -1 0 0
325.87012987012986 6.959540459540449 -1 0 0
314.0589410589411 5.272227772227723 -1 0 0
304.4975024975025 10.334165834165788 -1 0 0
293.2487512487513 8.646853146853118 -1 0 0
