7.583895953247267 472.26086264102435 -1 0 0
21.712008866359227 440.97718404770507 -1 0 0
37.85842362420145 288.93177841135736 -1 0 0
9.93858143876593 293.30476574160633 -1 0 0
12.629650565072964 312.47863326654397 -1 0 0
34.830970857106045 306.0873440915647 -1 0 0
57.705058430715866 286.24070928505034 -1 0 0
69.81486949909753 288.93177841135736 -1 0 0
94.03449163586089 301.37797312052743 -1 0 0
93.02534071349574 312.1422496257556 -1 0 0
75.5333913925 315.8424696744278 -1 0 0
48.959083770217994 301.37797312052743 -1 0 0
51.65015289652504 333.33441899542356 -1 0 0
40.213109109720115 329.29781530596296 -1 0 0
15.657103332168392 331.98888443226997 -1 0 0
43.24056187681555 355.1993556466682 -1 0 0
53.33207110046693 345.4442300638052 -1 0 0
69.47848585830916 340.3984754519795 -1 0 0
99.41662988847497 323.9156770533489 -1 0 0
122.96348474366155 300.3688221981623 -1 0 0
119.59964833577774 285.23155836268523 -1 0 0
152.90162877382735 300.7052058389507 -1 0 0
137.4279812975619 314.8333187520626 -1 0 0
178.13040183295584 319.8790733638883 -1 0 0
174.09379814349532 309.78756414023695 -1 0 0
201.67725668814242 300.3688221981623 -1 0 0
194.94958387237483 319.2063060823116 -1 0 0
201.00448940656568 340.3984754519795 -1 0 0
180.82147095926288 345.1078464230168 -1 0 0
167.3661253277277 334.34356991778867 -1 0 0
163.6659052790555 345.1078464230168 -1 0 0
163.6659052790555 357.2176574913985 -1 0 0
138.77351586071538 354.8629720058798 -1 0 0
140.79181770544568 331.98888443226997 -1 0 0
129.35477391864077 331.98888443226997 -1 0 0
113.54474280158693 327.9522807428094 -1 0 0
94.03449163586089 337.37102268488405 -1 0 0
108.49898818976125 347.4625319085355 -1 0 0
115.22666100552884 354.5265883650914 -1 0 0
140.79181770544568 371.00938676372203 -1 0 0
129.69115755942914 368.6547012782034 -1 0 0
93.02534071349574 362.93617938480094 -1 0 0
102.78046629635877 376.3915250163361 -1 0 0
113.8811264423753 386.1466505991992 -1 0 0
132.0458430449478 387.828568803141 -1 0 0
169.72081081324632 375.0459904531826 -1 0 0
188.89467833818398 370.3366194821453 -1 0 0
196.9678857171051 362.2634121032242 -1 0 0
205.04109309602623 368.9910849189918 -1 0 0
223.20580969859876 371.6821540452988 -1 0 0
243.38882814590153 377.0642922979129 -1 0 0
231.95178435909662 347.4625319085355 -1 0 0
241.37052630117125 327.2795134612327 -1 0 0
229.2607152327896 288.93177841135736 -1 0 0
258.18970834059024 307.43287865471825 -1 0 0
284.4276323220839 303.7326586060461 -1 0 0
286.7823178076025 289.9409293337225 -1 0 0
321.0934491680173 305.0781931691996 -1 0 0
311.00193994436586 324.25206069413724 -1 0 0
319.4115309640754 330.97973350990486 -1 0 0
316.04769455619163 351.49913559799603 -1 0 0
302.92873256544476 339.7257081704027 -1 0 0
293.17360698258176 328.62504802438616 -1 0 0
308.6472544588472 366.6363994334732 -1 0 0
301.5831980022913 396.574543463639 -1 0 0
294.18275790494687 390.85602157023646 -1 0 0
271.6450539721254 395.56539254127375 -1 0 0
264.91738115635786 391.8651724926016 -1 0 0
274.3361230984325 350.4899846756309 -1 0 0
257.1805574182251 349.8172173940541 -1 0 0
245.74351363142017 355.87212292824495 -1 0 0
88.31596974245844 402.6294489978298 -1 0 0
64.43273124648346 372.69130496766394 -1 0 0
71.16040406225106 353.5174374427263 -1 0 0
37.52203998341308 379.41897778343156 -1 0 0
9.265814157189165 379.7553614242199 -1 0 0
28.43968168212682 398.5928453083692 -1 0 0
14.311568769014864 406.66605268729035 -1 0 0
5.901977749305368 397.2473107452157 -1 0 0
59.72336027544613 412.72095822148117 -1 0 0
60.73251119781129 427.5218384161699 -1 0 0
55.3503729451972 458.1327497279124 -1 0 0
65.4418821688486 474.9519317673314 -1 0 0
80.5791460043257 461.49658613579624 -1 0 0
98.07109532532145 487.73451011728986 -1 0 0
124.98178658839181 471.25171171865924 -1 0 0
133.7277612488897 475.2883154081198 -1 0 0
136.41883037519673 439.2952658437631 -1 0 0
136.41883037519673 413.73010914384633 -1 0 0
152.56524513303899 429.20375662011185 -1 0 0
147.85587416200167 451.0686932713565 -1 0 0
166.02059076457417 438.62249856218637 -1 0 0
154.91993061855763 474.9519317673314 -1 0 0
174.43018178428366 487.0617428357131 -1 0 0
177.4576345513791 471.25171171865924 -1 0 0
185.1944582895118 458.4691333687008 -1 0 0
217.1509041644079 466.8787243884104 -1 0 0
196.63150207631676 491.09834652517367 -1 0 0
236.66115533013394 482.0159882238874 -1 0 0
266.93568300108814 469.233409873929 -1 0 0
246.75266455378534 436.9405803582445 -1 0 0
258.5260919813786 419.11224739646036 -1 0 0
227.24241338805928 412.0481909399044 -1 0 0
299.564896157561 431.22205846484206 -1 0 0
320.7570655272289 447.3684732226843 -1 0 0
313.0202417890962 461.8329697765846 -1 0 0
281.4001795549885 462.169353417373 -1 0 0
272.99058853527896 488.0708937580782 -1 0 0
12.629650565072964 424.49438564907445 -1 0 0
274.67250673922086 383.79196511368053 -1 0 0
208.7413131446984 404.9841344833484 -1 0 0
192.5948983868562 388.8377197255062 -1 0 0
163.6659052790555 401.956681716253 -1 0 0
189.90382926054914 404.31136720177165 -1 0 0
212.1051495525822 446.3593223003191 -1 0 0
108.83537183054962 413.73010914384633 -1 0 0
107.82622090818445 433.91312759114913 -1 0 0
360.74968571967645 435.595045795091 -1 0 0
347.967107369718 424.8307692898628 -1 0 0
342.24858547631555 374.7096068123942 -1 0 0
362.43160392361835 396.23815982285055 -1 0 0
345.276038243411 340.3984754519795 -1 0 0
355.031163826274 352.5082865203612 -1 0 0
349.9854092144483 313.48778418890913 -1 0 0
340.56666727237365 319.54268972309995 -1 0 0
378.24163504067224 322.57014249019534 -1 0 0
459.31009247067175 368.9910849189918 -1 0 0
426.00811203262214 355.1993556466682 -1 0 0
400.44295533270525 336.0254881217306 -1 0 0
407.1706281484729 317.1880042375813 -1 0 0
392.0333643129958 317.1880042375813 -1 0 0
500.01251300606566 336.6982554033073 -1 0 0
464.01946344170904 333.67080263621193 -1 0 0
492.61207290872136 309.11479685866016 -1 0 0
480.16587819955134 304.06904224683444 -1 0 0
458.637325189095 303.7326586060461 -1 0 0
518.849996890215 385.4738833176224 -1 0 0
500.6852802876425 384.80111603604564 -1 0 0
510.7767895112938 411.37542365832763 -1 0 0
499.00336208370055 424.8307692898628 -1 0 0
509.7676385889287 444.0046368148005 -1 0 0
503.0399657731611 458.4691333687008 -1 0 0
526.2504369875593 458.4691333687008 -1 0 0
536.6783298519991 425.50353657143955 -1 0 0
552.8247446098413 440.3044167661283 -1 0 0
547.4426063572273 466.2059571068335 -1 0 0
545.424304512497 437.9497312806096 -1 0 0
595.2090833491773 431.55844210563043 -1 0 0
609.3371962622891 454.7689133200286 -1 0 0
628.1746801464385 430.8856748240537 -1 0 0
641.966409418762 434.2495112319375 -1 0 0
628.5110637872268 390.85602157023646 -1 0 0
652.3943022832018 380.09174506500835 -1 0 0
653.0670695647785 339.7257081704027 -1 0 0
642.9755603411271 327.2795134612327 -1 0 0
629.8565983503803 312.1422496257556 -1 0 0
644.3210949042806 303.7326586060461 -1 0 0
609.6735799030776 298.0141367126436 -1 0 0
618.4195545635754 328.9614316651746 -1 0 0
599.2456870386378 326.9431298204443 -1 0 0
586.7994923294677 313.15140054812076 -1 0 0
570.9894612124139 289.60454569293415 -1 0 0
561.2343356295509 294.31391666397144 -1 0 0
556.8613482993019 301.37797312052743 -1 0 0
563.9254047558578 316.17885331521614 -1 0 0
537.0147134927875 297.3413694310669 -1 0 0
531.9689588809618 286.5770929258387 -1 0 0
514.1406259191778 295.659451227125 -1 0 0
483.19333096664667 292.29561481924117 -1 0 0
616.7376363596335 359.5723429769171 -1 0 0
641.966409418762 352.1719028795728 -1 0 0
600.9276052425797 356.8812738506101 -1 0 0
581.4173540768537 323.9156770533489 -1 0 0
576.3715994650279 505.8992267198623 -1 0 0
430.0447157220827 302.0507404021042 -1 0 0
429.37194844050595 316.85162059679294 -1 0 0
408.8525463524148 289.60454569293415 -1 0 0
402.4612571774355 381.43727962816183 -1 0 0
414.9074518866056 377.0642922979129 -1 0 0
383.62377329328626 357.2176574913985 -1 0 0
369.8320440209627 351.16275195720766 -1 0 0
363.44075484598346 296.66860214949014 -1 0 0
383.2873896524979 308.7784132178718 -1 0 0
379.9235532446141 421.8033165227674 -1 0 0
408.5161627116264 420.1213983188255 -1 0 0
401.7884898958588 397.2473107452157 -1 0 0
389.00591154590035 374.7096068123942 -1 0 0
373.1958804288465 386.8194178807759 -1 0 0
383.96015693407463 445.0137877371656 -1 0 0
400.1065716919169 453.7597623976635 -1 0 0
405.1523263037426 476.297466330485 -1 0 0
376.22333319594196 482.6887555054642 -1 0 0
380.5963205261909 470.91532807787087 -1 0 0
337.87559814606664 473.60639720417794 -1 0 0
338.88474906843174 451.0686932713565 -1 0 0
439.4634576641573 458.80551700948917 -1 0 0
421.9715083431616 445.0137877371656 -1 0 0
411.54361547872185 445.68655501874235 -1 0 0
451.23688509175054 473.9427808449663 -1 0 0
456.2826397035763 437.9497312806096 -1 0 0
453.9279542180577 424.49438564907445 -1 0 0
452.58241965490413 386.1466505991992 -1 0 0
439.12707402336895 388.50133608471776 -1 0 0
440.13622494573417 372.35492132687557 -1 0 0
485.88440009295374 376.05514137554775 -1 0 0
499.3397457244889 387.828568803141 -1 0 0
475.79289086930237 400.27476351231115 -1 0 0
509.43125494814035 481.34322094231067 -1 0 0
504.3855003363146 477.3066172528501 -1 0 0
433.40855212996655 346.78976462695874 -1 0 0
336.5300635829131 303.7326586060461 -1 0 0
443.50006135361787 289.9409293337225 -1 0 0
460.99201067461365 284.89517472189686 -1 0 0
484.53886552980015 286.5770929258387 -1 0 0
519.5227641717918 338.0437899664608 -1 0 0
526.923204269136 329.97058258753975 -1 0 0
522.2138332980987 322.23375884940697 -1 0 0
528.2687388322896 346.4533809861703 -1 0 0
472.76543810220693 429.8765239016886 -1 0 0
594.8726997083888 369.3274685597802 -1 0 0
612.7010326701729 505.56284307907396 -1 0 0
600.9276052425797 477.3066172528501 -1 0 0
595.2090833491773 465.5331898252568 -1 0 0
630.529365631957 482.3523718646758 -1 0 0
639.6117239332433 465.5331898252568 -1 0 0
603.9550580096751 401.956681716253 -1 0 0
592.5180142228702 399.60199623073436 -1 0 0
576.7079831058163 370.0002358413569 -1 0 0
556.1885810177251 374.0368395308175 -1 0 0
556.8613482993019 388.50133608471776 -1 0 0
548.115373638804 401.956681716253 -1 0 0
560.5615683479741 406.66605268729035 -1 0 0
620.1014727675173 300.3688221981623 -1 0 0
635.2387366029944 287.24986020741545 -1 0 0
494.29399111266326 354.5265883650914 -1 0 0
475.12012358772563 329.6341989467513 -1 0 0
537.0147134927875 360.5814938992823 -1 0 0
537.0147134927875 360.5814938992823 -1 0 0
557.5341155808786 341.4076263743446 -1 0 0
592.5180142228702 286.24070928505034 -1 0 0
425.3353447510454 397.92007802679245 -1 0 0
399.0974207695517 326.2703625388675 -1 0 0
383.62377329328626 299.0232876350088 -1 0 0
585.4539577663141 353.18105380193794 -1 0 0
580.4082031544884 334.67995355857704 -1 0 0
313.0202417890962 79.08393615146288 -1 0 0
319.075147323287 63.94667231598579 -1 0 0
311.3383235851543 63.94667231598579 -1 0 0
300.9104307207145 51.83686124760413 -1 0 0
321.42983280880566 35.017679208185115 -1 0 0
315.7113109154032 26.608088188475623 -1 0 0
302.92873256544476 17.189346246400994 -1 0 0
288.8006196523328 24.589786343745352 -1 0 0
282.4093304773536 36.02683013055025 -1 0 0
275.3452740207976 23.58063542138022 -1 0 0
298.8921288759842 74.0381815396372 -1 0 0
309.6564053812124 127.18679678420119 -1 0 0
290.81892149706306 123.48657673552903 -1 0 0
281.0637959142001 132.56893503681528 -1 0 0
274.67250673922086 116.75890391976142 -1 0 0
280.05464499183495 96.57588547245864 -1 0 0
261.55354474847405 85.13884168565372 -1 0 0
259.1988592629554 66.63774144229282 -1 0 0
229.93348251436635 92.87566542378644 -1 0 0
236.9975389709223 75.38371610279071 -1 0 0
222.8694260578104 71.68349605411852 -1 0 0
232.96093528146176 64.95582323835093 -1 0 0
245.74351363142017 65.6285905199277 -1 0 0
248.43458275772724 60.24645226731363 -1 0 0
238.34307353407584 55.20069765548793 -1 0 0
208.06854586312164 62.60113775283225 -1 0 0
215.468985960466 72.01987969490692 -1 0 0
210.4232313486403 85.81160896723048 -1 0 0
202.68640761050762 93.21204906457484 -1 0 0
198.649803921047 84.80245804486535 -1 0 0
187.5491437750305 90.52097993826781 -1 0 0
176.11209998822557 87.49352717117237 -1 0 0
172.41187993955342 75.04733246200232 -1 0 0
162.99313799747875 61.928370471255526 -1 0 0
160.6384525119601 67.98327600544633 -1 0 0
141.80096862781082 76.39286702515582 -1 0 0
134.40052853046646 77.73840158830936 -1 0 0
146.51033959884813 109.0220801816287 -1 0 0
146.17395595805976 97.2486527540354 -1 0 0
140.1190504238689 86.14799260801885 -1 0 0
157.2746161040763 84.80245804486535 -1 0 0
162.32037071590202 88.50267809353751 -1 0 0
164.3386725606323 102.63079100664947 -1 0 0
159.29291794880658 116.08613663818467 -1 0 0
166.6933580461509 119.44997304606846 -1 0 0
185.1944582895118 115.4133693566079 -1 0 0
177.12125091059067 110.7039983855706 -1 0 0
195.28596751316317 107.3401619776868 -1 0 0
199.99533848420052 122.47742581316389 -1 0 0
189.56744561976075 130.88701683287337 -1 0 0
212.44153319337062 131.8961677552385 -1 0 0
221.18750785386848 137.27830600785262 -1 0 0
221.86027513544522 147.369815231504 -1 0 0
260.8807774668973 118.44082212370333 -1 0 0
233.9700862038269 116.42252027897305 -1 0 0
312.68385814830776 162.1706954261927 -1 0 0
301.91958164307965 156.78855717357862 -1 0 0
294.18275790494687 145.68789702756212 -1 0 0
302.92873256544476 138.9602242117945 -1 0 0
316.72046183776837 140.97852605652477 -1 0 0
296.87382703125394 101.95802372507274 -1 0 0
291.49168877863985 109.69484746320546 -1 0 0
253.14395372876456 102.2944073658611 -1 0 0
271.6450539721254 190.76330489320497 -1 0 0
295.5282924681004 205.9005687286821 -1 0 0
287.11870144839094 191.77245581557014 -1 0 0
288.12785237075605 178.65349382482333 -1 0 0
318.4023800417103 199.50927955370287 -1 0 0
308.9836380996356 178.65349382482333 -1 0 0
327.4847383429965 172.59858829063248 -1 0 0
261.55354474847405 134.92362052233395 -1 0 0
249.44373368009238 129.54148226971986 -1 0 0
238.34307353407584 133.5780859591804 -1 0 0
230.26986615515472 138.28745693021776 -1 0 0
247.42543183536208 157.79770809594376 -1 0 0
259.87162654453215 168.56198460117193 -1 0 0
271.9814376129138 181.34456295113034 -1 0 0
243.38882814590153 186.0539339221677 -1 0 0
242.7160608643248 197.82736134976096 -1 0 0
234.64285348540366 169.2347518827487 -1 0 0
214.12345139731252 167.88921731959516 -1 0 0
192.93128202764456 158.8068590183089 -1 0 0
202.35002396971922 159.47962629988567 -1 0 0
202.0136403289308 142.66044426046668 -1 0 0
208.7413131446984 144.34236246440858 -1 0 0
175.43933270664877 146.69704794992725 -1 0 0
155.9290815409228 149.38811707623427 -1 0 0
147.85587416200167 154.0974880472716 -1 0 0
145.8375723172714 143.33321154204344 -1 0 0
136.41883037519673 130.21424955129663 -1 0 0
143.4828868317527 124.1593440171058 -1 0 0
130.7003084817943 115.4133693566079 -1 0 0
134.73691217125483 101.28525644349594 -1 0 0
127.00008843312209 95.23035090930513 -1 0 0
123.29986838444992 108.34931290005193 -1 0 0
217.1509041644079 97.2486527540354 -1 0 0
198.98618756183535 42.75450294631785 -1 0 0
202.68640761050762 30.308308237147813 -1 0 0
192.93128202764456 12.479975275363666 -1 0 0
206.38662765917974 12.479975275363666 -1 0 0
226.56964610648254 18.534880809554522 -1 0 0
239.01584081565258 6.761453381961205 -1 0 0
249.44373368009238 19.544031731919656 -1 0 0
263.5718465932043 7.770604304326363 -1 0 0
179.47593639610938 162.1706954261927 -1 0 0
164.3386725606323 171.58943736826734 -1 0 0
156.9382324632879 163.17984634855785 -1 0 0
190.2402129013375 181.34456295113034 -1 0 0
187.5491437750305 192.78160673793528 -1 0 0
180.14870367768611 199.50927955370287 -1 0 0
201.00448940656568 203.54588324316344 -1 0 0
202.68640761050762 193.11799037872365 -1 0 0
224.88772790254063 200.18204683527964 -1 0 0
219.84197329071495 207.24610329183562 -1 0 0
248.43458275772724 205.22780144710532 -1 0 0
272.31782125370216 201.86396503922154 -1 0 0
287.7914687299677 207.582486932624 -1 0 0
307.3017198956937 191.43607217478174 -1 0 0
143.81927047254112 199.50927955370287 -1 0 0
159.29291794880658 200.518430476068 -1 0 0
159.62930158959495 190.76330489320497 -1 0 0
143.14650319096432 178.9898774656117 -1 0 0
139.78266678308054 156.45217353279023 -1 0 0
129.69115755942914 162.5070790669811 -1 0 0
124.64540294760344 142.66044426046668 -1 0 0
119.93603197656611 127.85956406577796 -1 0 0
123.63625202523829 120.79550760922199 -1 0 0
130.0275412002175 60.91921954889037 -1 0 0
150.2105596475203 40.063433820010815 -1 0 0
168.03889260930447 18.534880809554522 -1 0 0
155.59269790013443 7.770604304326363 -1 0 0
147.5194905212133 21.225949935861554 -1 0 0
133.39137760810132 18.534880809554522 -1 0 0
127.67285571469887 41.40896838316434 -1 0 0
142.13735226859922 45.781955713413275 -1 0 0
186.5399928526653 66.30135780150444 -1 0 0
180.14870367768611 59.57368498573684 -1 0 0
177.4576345513791 42.41811930552948 -1 0 0
186.5399928526653 43.76365386868301 -1 0 0
164.3386725606323 47.1274902765668 -1 0 0
186.20360921187697 21.898717217438318 -1 0 0
203.6955585328727 24.253402702956958 -1 0 0
266.59929936029977 52.84601216996924 -1 0 0
261.8899283892624 37.37236469370378 -1 0 0
255.83502285507157 49.14579212129708 -1 0 0
282.745714118142 50.15494304366221 -1 0 0
282.745714118142 50.15494304366221 -1 0 0
291.1553051378515 46.79110663577841 -1 0 0
304.61065076938667 32.66299372266646 -1 0 0
297.8829779536191 7.770604304326363 -1 0 0
284.0912486812955 8.106987945114732 -1 0 0
138.77351586071538 54.19154673312277 -1 0 0
277.6999595063163 157.79770809594376 -1 0 0
263.5718465932043 151.74280256175294 -1 0 0
259.5352429037438 149.0517334354459 -1 0 0
316.38407819698 150.3972679985994 -1 0 0
303.9378834878099 90.85736357905618 -1 0 0
288.4642360115444 89.51182901590265 -1 0 0
281.0637959142001 72.69264697648366 -1 0 0
267.60845028266493 76.72925066594422 -1 0 0
326.47558742063137 53.8551630923344 -1 0 0
324.79366921668947 44.43642115025975 -1 0 0
221.86027513544522 54.52793037391114 -1 0 0
221.86027513544522 45.445572072624906 -1 0 0
215.13260231967763 37.37236469370378 -1 0 0
233.29731892225013 35.017679208185115 -1 0 0
244.06159542747827 31.990226441089714 -1 0 0
282.745714118142 17.86211352797776 -1 0 0
226.23326246569417 182.0173302327071 -1 0 0
230.60624979594309 190.76330489320497 -1 0 0
120.60879925814291 199.50927955370287 -1 0 0
123.9726356660267 187.39946848532122 -1 0 0
120.27241561735448 13.825509838517194 -1 0 0
142.47373590938759 1.3793151293471602 -1 0 0
126.66370479233372 9.116138867479869 -1 0 0
104.79876814108903 6.0886861003844635 -1 0 0
81.25191328590245 10.798057071421766 -1 0 0
88.31596974245844 35.017679208185115 -1 0 0
89.66150430561196 45.109188431836515 -1 0 0
101.43493173320523 46.79110663577841 -1 0 0
115.22666100552884 36.69959741212702 -1 0 0
113.8811264423753 23.244251780591824 -1 0 0
99.41662988847497 20.21679901349642 -1 0 0
63.423580324118326 22.57148449901506 -1 0 0
59.050592993869394 7.770604304326363 -1 0 0
47.27716556627611 10.798057071421766 -1 0 0
34.15820357552928 21.898717217438318 -1 0 0
41.89502731366202 30.308308237147813 -1 0 0
41.89502731366202 39.05428289764568 -1 0 0
37.52203998341308 44.77280479104814 -1 0 0
30.12159988606872 49.14579212129708 -1 0 0
35.84012177947118 58.564534063371724 -1 0 0
46.940781925487705 67.98327600544633 -1 0 0
43.9133291583923 73.36541425806043 -1 0 0
41.89502731366202 86.82075988959562 -1 0 0
34.494587216317655 86.14799260801885 -1 0 0
24.73946163345465 81.10223799619315 -1 0 0
23.05754342951275 70.33796149096501 -1 0 0
15.32071969138001 51.83686124760413 -1 0 0
4.556443186151851 37.37236469370378 -1 0 0
13.302417846649728 32.99937736345485 -1 0 0
10.274965079554311 23.58063542138022 -1 0 0
9.93858143876593 10.125289789845025 -1 0 0
24.73946163345465 6.761453381961205 -1 0 0
25.075845274243022 15.507428042459093 -1 0 0
31.803518090010616 13.15274255694043 -1 0 0
38.19480726498984 7.770604304326363 -1 0 0
77.21530959644188 51.500477606815735 -1 0 0
75.5333913925 38.381515616068924 -1 0 0
62.750813042541566 42.08173566474111 -1 0 0
54.34122202283207 51.500477606815735 -1 0 0
49.29546741100636 54.19154673312277 -1 0 0
5.2292104677286035 55.5370812962763 -1 0 0
5.565594108516986 71.34711241333014 -1 0 0
16.329870613745154 83.79330712250021 -1 0 0
3.210908622998334 88.50267809353751 -1 0 0
87.97958610167005 64.28305595677416 -1 0 0
66.11464945042536 64.28305595677416 -1 0 0
68.46933493594402 56.882615859429826 -1 0 0
68.80571857673239 76.39286702515582 -1 0 0
67.4601840135789 85.81160896723048 -1 0 0
57.368674789927496 87.49352717117237 -1 0 0
58.714209353081 75.04733246200232 -1 0 0
95.04364255822604 86.14799260801885 -1 0 0
93.02534071349574 95.23035090930513 -1 0 0
87.97958610167005 107.0037783368984 -1 0 0
81.58829692669084 116.08613663818467 -1 0 0
93.02534071349574 121.13189125001036 -1 0 0
105.13515178187744 111.71314930793574 -1 0 0
100.08939717005174 133.24170231839204 -1 0 0
108.49898818976125 135.59638780391072 -1 0 0
100.08939717005174 153.08833712490645 -1 0 0
91.67980615034224 149.0517334354459 -1 0 0
73.17870590698135 135.93277144469909 -1 0 0
59.72336027544613 141.9876769788899 -1 0 0
62.0780457609648 154.0974880472716 -1 0 0
109.50813911212636 184.03563207743738 -1 0 0
101.43493173320523 204.2186505247402 -1 0 0
88.6523533832468 204.89141780631695 -1 0 0
91.67980615034224 193.11799037872365 -1 0 0
79.90637872274895 171.58943736826734 -1 0 0
66.45103309121373 178.9898774656117 -1 0 0
68.46933493594402 193.11799037872365 -1 0 0
69.14210221752079 205.56418508789372 -1 0 0
55.3503729451972 192.1088394563585 -1 0 0
47.61354920706448 205.22780144710532 -1 0 0
30.457983526857088 192.78160673793528 -1 0 0
11.95688328349621 188.74500304847473 -1 0 0
38.19480726498984 178.9898774656117 -1 0 0
14.984336050591628 176.63519198009305 -1 0 0
7.583895953247267 170.24390280511383 -1 0 0
9.93858143876593 157.4613244551554 -1 0 0
33.82181993474089 141.31490969731314 -1 0 0
28.77606532291519 131.8961677552385 -1 0 0
39.54034182814335 128.19594770656636 -1 0 0
30.794367167645483 116.75890391976142 -1 0 0
19.693707021628953 125.84126222104769 -1 0 0
18.348172458475425 109.0220801816287 -1 0 0
110.51729003449151 73.70179789884882 -1 0 0
110.18090639370314 58.564534063371724 -1 0 0
85.6249006161514 77.73840158830936 -1 0 0
25.412228915031392 35.017679208185115 -1 0 0
20.030090662417326 26.608088188475623 -1 0 0
35.84012177947118 155.10663896963675 -1 0 0
61.06889483859967 166.88006639723002 -1 0 0
50.30461833337151 168.56198460117193 -1 0 0
99.41662988847497 171.92582100905574 -1 0 0
4.892826826940233 200.18204683527964 -1 0 0
25.748612555819786 209.60078877735427 -1 0 0
161.31121979353685 28.29000639241752 -1 0 0
152.22886149225062 23.58063542138022 -1 0 0
164.00228891984392 132.90531867760365 -1 0 0
175.10294906586043 127.18679678420119 -1 0 0
51.31376925573664 102.2944073658611 -1 0 0
67.4601840135789 103.63994192901461 -1 0 0
61.06889483859967 118.44082212370333 -1 0 0
52.99568745967854 122.47742581316389 -1 0 0
244.06159542747827 45.781955713413275 -1 0 0
318.0659964009219 98.25780367640054 -1 0 0
323.44813465353593 102.2944073658611 -1 0 0
324.79366921668947 110.7039983855706 -1 0 0
302.92873256544476 120.12274032764525 -1 0 0
322.43898373117077 192.1088394563585 -1 0 0
172.075496298765 189.41777033005147 -1 0 0
118.25411377262422 220.00090684576668 -1 0 0
103.45323357793555 221.3464414089202 -1 0 0
95.04364255822604 233.11986883651352 -1 0 0
99.75301352926334 251.9573527206628 -1 0 0
110.18090639370314 244.22052898253 -1 0 0
106.81706998581934 252.96650364302792 -1 0 0
119.93603197656611 261.0397110219491 -1 0 0
124.98178658839181 281.89549675082856 -1 0 0
162.32037071590202 270.1220693232353 -1 0 0
151.21971056988545 230.09241606941808 -1 0 0
137.76436493835027 223.3647432536505 -1 0 0
123.63625202523829 211.59131582605718 -1 0 0
156.26546518171116 215.2915358747294 -1 0 0
177.4576345513791 222.35559233128538 -1 0 0
188.55829469739564 261.7124783035258 -1 0 0
186.5399928526653 279.8771949060983 -1 0 0
198.98618756183535 292.6597732560568 -1 0 0
173.7574145027069 278.8680439837332 -1 0 0
233.6337025630385 281.89549675082856 -1 0 0
210.08684770785192 265.412698352198 -1 0 0
222.8694260578104 252.29373636145118 -1 0 0
226.23326246569417 236.4837052443973 -1 0 0
214.4598350381009 226.05581237995753 -1 0 0
204.03194217366112 244.22052898253 -1 0 0
250.78926824324589 230.42879971020645 -1 0 0
245.4071299906318 214.955152233941 -1 0 0
280.05464499183495 223.3647432536505 -1 0 0
273.99973945764407 232.78348519572515 -1 0 0
300.5740470799261 223.3647432536505 -1 0 0
307.3017198956937 235.81093796282056 -1 0 0
304.94703441017504 248.2571326719906 -1 0 0
307.3017198956937 264.7399310706212 -1 0 0
307.63810353648205 277.85889306136806 -1 0 0
325.8028201390546 227.73773058389943 -1 0 0
315.37492727461483 217.64622136024803 -1 0 0
266.2629157195114 246.5752144680487 -1 0 0
275.3452740207976 260.0305600995839 -1 0 0
245.4071299906318 257.6758746140652 -1 0 0
239.01584081565258 227.06496330232264 -1 0 0
129.69115755942914 239.8475416522811 -1 0 0
73.17870590698135 258.68502553643043 -1 0 0
57.705058430715866 256.6667236917001 -1 0 0
42.90417823602715 248.2571326719906 -1 0 0
30.457983526857088 248.2571326719906 -1 0 0
12.629650565072964 241.19307621543464 -1 0 0
16.329870613745154 251.62096907987438 -1 0 0
17.67540517689866 263.0580128666793 -1 0 0
3.5472922637867046 236.4837052443973 -1 0 0
9.265814157189165 213.94600131157583 -1 0 0
48.28631648864123 218.6553722826132 -1 0 0
70.4876367806743 220.33729048655505 -1 0 0
97.73471168453308 267.76738383771664 -1 0 0
109.84452275291473 291.98700597448004 -1 0 0
27.075630588288405 224.87846963719824 -1 0 0
34.47607068563276 232.27890973454257 -1 0 0
350.0039257451331 229.58784060823552 -1 0 0
542.0604681046132 35.69044648976188 -1 0 0
515.8225441231195 25.93532090689886 -1 0 0
494.29399111266326 16.180195324035857 -1 0 0
478.8203436363978 15.171044401670724 -1 0 0
466.0377652864393 13.15274255694043 -1 0 0
457.96455790751816 16.180195324035857 -1 0 0
441.1453758680993 13.825509838517194 -1 0 0
421.6351247023732 11.807207993786925 -1 0 0
430.7174830036595 26.608088188475623 -1 0 0
419.95320649843126 25.598937266110486 -1 0 0
434.41770305233166 43.76365386868301 -1 0 0
446.86389776150173 37.70874833449215 -1 0 0
455.94625606278794 49.14579212129708 -1 0 0
461.66477795619045 35.35406284897351 -1 0 0
467.71968349038127 43.09088658710624 -1 0 0
486.2207837337421 51.500477606815735 -1 0 0
492.94845654950973 33.672144645031615 -1 0 0
507.07656946262176 41.40896838316434 -1 0 0
515.8225441231195 43.09088658710624 -1 0 0
521.2046823757337 54.86431401469954 -1 0 0
531.6325752401733 55.5370812962763 -1 0 0
552.1519773282646 59.57368498573684 -1 0 0
543.0696190269783 69.32881056859986 -1 0 0
524.5685187836174 76.72925066594422 -1 0 0
518.849996890215 78.74755251067451 -1 0 0
497.9942111613354 78.74755251067451 -1 0 0
503.37634941394947 90.52097993826781 -1 0 0
489.9210037824143 88.16629445274914 -1 0 0
486.2207837337421 75.38371610279071 -1 0 0
470.4107526166882 75.38371610279071 -1 0 0
467.71968349038127 59.57368498573684 -1 0 0
451.9096523733274 66.30135780150444 -1 0 0
441.1453758680993 75.38371610279071 -1 0 0
427.6900302365641 78.07478522909776 -1 0 0
415.9166028089707 84.80245804486535 -1 0 0
405.1523263037426 76.39286702515582 -1 0 0
400.1065716919169 85.81160896723048 -1 0 0
370.8411949433278 60.91921954889037 -1 0 0
365.12267304992537 71.34711241333014 -1 0 0
367.81374217623244 80.09308707382802 -1 0 0
386.31484241959333 76.39286702515582 -1 0 0
382.6146223709211 75.04733246200232 -1 0 0
357.04946567100427 94.55758362772835 -1 0 0
350.658176496025 96.57588547245864 -1 0 0
348.9762582920831 104.64909285137976 -1 0 0
340.9030509131621 114.0678347934544 -1 0 0
336.86644722370147 120.79550760922199 -1 0 0
334.8481453789712 137.61468964864096 -1 0 0
382.2782387301327 133.24170231839204 -1 0 0
398.0882698471866 127.85956406577796 -1 0 0
394.38804979851443 142.66044426046668 -1 0 0
407.50701178926124 147.70619887229236 -1 0 0
420.6259737800081 159.1432426590973 -1 0 0
441.818143149676 137.27830600785262 -1 0 0
449.5549668878087 128.53233134735473 -1 0 0
611.6918817478078 105.3218601329565 -1 0 0
612.0282653885961 91.53013086063294 -1 0 0
611.019114466231 88.16629445274914 -1 0 0
596.891001553119 86.14799260801885 -1 0 0
585.7903414071026 77.40201794752099 -1 0 0
593.5271651452352 70.33796149096501 -1 0 0
577.380750387393 64.28305595677416 -1 0 0
585.1175741255257 51.500477606815735 -1 0 0
568.2983920861069 49.48217576208545 -1 0 0
556.8613482993019 27.280855470052387 -1 0 0
566.2800902413766 22.23510085822669 -1 0 0
544.0787699493434 17.525729887189364 -1 0 0
552.488360969053 18.534880809554522 -1 0 0
532.9781098033269 21.898717217438318 -1 0 0
530.9598079585966 7.097837022749597 -1 0 0
535.669178929634 106.66739469611004 -1 0 0
526.923204269136 118.44082212370333 -1 0 0
506.7401858218333 118.44082212370333 -1 0 0
503.71273305473784 105.99462741453327 -1 0 0
484.2024818890118 99.60333823955405 -1 0 0
492.61207290872136 124.83211129868255 -1 0 0
473.4382053837838 119.1135894052801 -1 0 0
459.9828597522485 111.37676566714737 -1 0 0
440.47260858652254 116.75890391976142 -1 0 0
427.6900302365641 118.44082212370333 -1 0 0
462.67392887855556 145.35151338677372 -1 0 0
464.3558470824974 158.47047537752053 -1 0 0
481.5114127627048 152.0791862025413 -1 0 0
506.7401858218333 145.01512974598535 -1 0 0
504.72188397710295 154.77025532884835 -1 0 0
496.31229295739354 165.5345318340765 -1 0 0
515.1497768415428 175.6260410577279 -1 0 0
529.9506570362315 188.40861940768633 -1 0 0
519.5227641717918 185.04478299980255 -1 0 0
539.0330153375178 181.68094659191874 -1 0 0
557.870499221667 189.75415397083984 -1 0 0
570.3166939308371 174.95327377615115 -1 0 0
585.7903414071026 193.11799037872365 -1 0 0
599.2456870386378 183.69924843664901 -1 0 0
609.6735799030776 162.5070790669811 -1 0 0
597.2273851939075 164.52538091171135 -1 0 0
596.2182342715423 139.96937513415963 -1 0 0
617.0740200004219 151.40641892096454 -1 0 0
652.3943022832018 150.7336516393878 -1 0 0
651.0487677200482 130.88701683287337 -1 0 0
635.9115038845712 124.83211129868255 -1 0 0
642.6391767003388 120.12274032764525 -1 0 0
636.2478875253596 103.63994192901461 -1 0 0
649.7032331568947 104.98547649216813 -1 0 0
640.6208748556085 89.51182901590265 -1 0 0
655.7581386910856 78.07478522909776 -1 0 0
655.0853714095089 61.928370471255526 -1 0 0
653.7398368463553 49.48217576208545 -1 0 0
637.9298057293014 36.02683013055025 -1 0 0
628.8474474280152 39.05428289764568 -1 0 0
633.2204347582641 53.18239581075763 -1 0 0
607.9916616991356 48.13664119893194 -1 0 0
610.0099635438659 59.91006862652523 -1 0 0
580.4082031544884 40.063433820010815 -1 0 0
585.7903414071026 18.534880809554522 -1 0 0
575.0260649018744 14.161893479305565 -1 0 0
387.99676062353524 113.05868387108926 -1 0 0
405.48870994453097 110.7039983855706 -1 0 0
407.1706281484729 98.93057095797731 -1 0 0
416.58937009054745 95.23035090930513 -1 0 0
425.67172839183377 95.23035090930513 -1 0 0
433.40855212996655 91.8665145014213 -1 0 0
368.4865094578092 35.017679208185115 -1 0 0
374.8777986327884 46.79110663577841 -1 0 0
381.2690878077676 31.65384280030132 -1 0 0
369.49566038017434 13.825509838517194 -1 0 0
357.72223295258107 11.470824352998532 -1 0 0
339.8938999907969 15.171044401670724 -1 0 0
348.9762582920831 32.66299372266646 -1 0 0
360.4133020788881 30.308308237147813 -1 0 0
359.06776751573454 34.00852828581998 -1 0 0
346.62157280656453 43.42727022789461 -1 0 0
350.658176496025 52.84601216996924 -1 0 0
337.87559814606664 58.564534063371724 -1 0 0
332.4934598934525 71.34711241333014 -1 0 0
342.24858547631555 78.74755251067451 -1 0 0
337.87559814606664 89.51182901590265 -1 0 0
396.4063516432447 65.6285905199277 -1 0 0
401.4521062550704 54.19154673312277 -1 0 0
391.6969806722074 48.13664119893194 -1 0 0
414.57106824581723 39.727050179222445 -1 0 0
420.2895901392196 47.80025755814354 -1 0 0
419.2804392168545 56.546232218641435 -1 0 0
438.11792310100384 50.15494304366221 -1 0 0
431.7266339260246 5.75230245959607 -1 0 0
507.07656946262176 54.86431401469954 -1 0 0
565.2709393190113 156.78855717357862 -1 0 0
549.4609082019575 155.44302261042512 -1 0 0
553.4975118914181 146.69704794992725 -1 0 0
545.0879208717085 132.56893503681528 -1 0 0
555.17943009536 121.46827489079875 -1 0 0
557.5341155808786 116.08613663818467 -1 0 0
549.1245245611692 97.58503639482377 -1 0 0
537.6874807743642 88.16629445274914 -1 0 0
555.5158137361484 88.16629445274914 -1 0 0
587.8086432518329 94.22119998693998 -1 0 0
580.744586795277 89.17544537511426 -1 0 0
582.0901213584305 129.54148226971986 -1 0 0
593.1907815044469 127.18679678420119 -1 0 0
618.4195545635754 125.50487858025929 -1 0 0
640.28449121482 146.69704794992725 -1 0 0
631.2021329135338 147.369815231504 -1 0 0
620.7742400490941 186.72670120374445 -1 0 0
615.0557181556917 194.1271413010888 -1 0 0
637.5934220885131 193.45437401951204 -1 0 0
631.8749001951105 206.57333601025883 -1 0 0
568.6347757268952 201.52758139843314 -1 0 0
575.0260649018744 193.79075766030041 -1 0 0
539.0330153375178 200.18204683527964 -1 0 0
536.6783298519991 205.22780144710532 -1 0 0
517.5044623270614 204.89141780631695 -1 0 0
505.73103489946817 205.56418508789372 -1 0 0
497.9942111613354 186.0539339221677 -1 0 0
481.17502912191645 204.89141780631695 -1 0 0
465.36499800486257 200.518430476068 -1 0 0
482.52056368506993 178.9898774656117 -1 0 0
447.2002814022901 179.66264474718847 -1 0 0
441.48175950888765 194.46352494187718 -1 0 0
419.2804392168545 193.79075766030041 -1 0 0
403.80679174058906 198.8365122721261 -1 0 0
395.73358436166797 189.0813866892631 -1 0 0
399.7701880511285 181.00817931034197 -1 0 0
374.8777986327884 193.11799037872365 -1 0 0
349.6490255736599 200.18204683527964 -1 0 0
338.5483654276434 187.39946848532122 -1 0 0
338.5483654276434 205.9005687286821 -1 0 0
358.05861659336944 117.76805484212656 -1 0 0
368.82289309859755 102.63079100664947 -1 0 0
380.5963205261909 98.93057095797731 -1 0 0
389.67867882747714 88.50267809353751 -1 0 0
633.2204347582641 77.73840158830936 -1 0 0
626.1563783017082 66.97412508308122 -1 0 0
642.3027930595504 26.608088188475623 -1 0 0
635.9115038845712 10.125289789845025 -1 0 0
597.9001524754842 2.0520824109239015 -1 0 0
577.380750387393 2.0520824109239015 -1 0 0
363.44075484598346 152.0791862025413 -1 0 0
343.5941200394691 153.7611044064832 -1 0 0
338.88474906843174 162.1706954261927 -1 0 0
511.44955679287057 220.67367412734347 -1 0 0
523.8957515020406 239.17477437070437 -1 0 0
473.4382053837838 227.7377305838995 -1 0 0
489.5846201416259 229.08326514705297 -1 0 0
490.9301547047794 241.52945985622304 -1 0 0
479.8294945587629 240.18392529306948 -1 0 0
471.41990353905334 260.70332738116065 -1 0 0
455.2734887812112 246.23883082726033 -1 0 0
448.88219960623195 240.85669257464625 -1 0 0
435.42685397469677 224.37389417601565 -1 0 0
447.87304868386684 217.64622136024803 -1 0 0
417.2621373721243 217.64622136024803 -1 0 0
421.29874106158485 208.22747941817343 -1 0 0
430.3810993628711 203.18172480634772 -1 0 0
398.0882698471866 214.95515223394102 -1 0 0
400.44295533270525 226.72857966153427 -1 0 0
408.17977907083804 243.8841453417417 -1 0 0
372.85949678805815 221.01005776813184 -1 0 0
373.5322640696349 209.90939762211528 -1 0 0
368.1501258170208 252.63012000223955 -1 0 0
361.7588366420416 254.31203820618146 -1 0 0
338.88474906843174 245.5660635456836 -1 0 0
344.60327096183426 257.3394909732769 -1 0 0
350.32179285523665 271.4676038863889 -1 0 0
419.95320649843126 280.21357854688665 -1 0 0
437.445155819427 263.0580128666793 -1 0 0
426.3444956734105 262.0488619443142 -1 0 0
433.07216848917807 252.63012000223955 -1 0 0
492.275689267933 275.8405912166378 -1 0 0
513.1314749968125 272.1403711679656 -1 0 0
529.9506570362315 252.63012000223955 -1 0 0
542.0604681046132 259.0214091772188 -1 0 0
549.1245245611692 268.44015111929343 -1 0 0
561.5707192703393 253.3028872838163 -1 0 0
544.4151535901318 237.8292398075509 -1 0 0
582.4265049992188 251.9573527206628 -1 0 0
576.3715994650279 270.1220693232353 -1 0 0
590.1633287373514 254.98480548775825 -1 0 0
601.263988883368 237.8292398075509 -1 0 0
583.0992722807955 226.72857966153427 -1 0 0
597.2273851939075 212.93685038921072 -1 0 0
603.2822907280984 228.41049786547623 -1 0 0
573.6805303387208 226.72857966153427 -1 0 0
563.2526374742811 229.08326514705297 -1 0 0
545.0879208717085 210.58216490369207 -1 0 0
619.765089126729 231.43795063257164 -1 0 0
627.5019128648618 247.92074903120226 -1 0 0
619.765089126729 247.92074903120226 -1 0 0
648.6940822345297 220.3372904865551 -1 0 0
651.3851513608366 236.14732160360893 -1 0 0
658.1128241766041 253.63927092460472 -1 0 0
641.2936421371853 262.7216292258909 -1 0 0
634.902352962206 265.0763147114096 -1 0 0
649.7032331568947 271.4676038863889 -1 0 0
603.9550580096751 275.16782393506105 -1 0 0
439.12707402336895 164.49760611568405 -1 0 0
436.0996212562735 135.56861300788336 -1 0 0
609.0193291521856 222.86016779246793 -1 0 0
537.0332300234722 225.55123691877498 -1 0 0
647.3670642020609 177.78475992682502 -1 0 0
636.6027876968327 169.03878526632715 -1 0 0
214.10493486662756 423.3448177023423 -1 0 0
329.14814001625354 274.6632484738784 -1 0 0
260.525877295424 277.3543176001855 -1 0 0
581.4358706075384 148.1829995374476 -1 0 0
36.49437253036303 269.9538775028411 -1 0 0
474.46587283683357 173.0753889557877 -1 0 0
7.565379422562357 144.81916312956383 -1 0 0
526.9417207998209 152.21960322690816 -1 0 0
535.6876954603188 144.81916312956383 -1 0 0
210.74109845874378 281.39092128964603 -1 0 0
455.9382361228515 90.53871256948175 -1 0 0
74.36780655242184 503.8214298521991 -1 0 0
104.0341402187555 545.7634877942571 -1 0 0
152.1140602986756 530.4188324496017 -1 0 0
167.4587156433309 510.9822690130383 -1 0 0
194.05611824073353 531.4418094725788 -1 0 0
213.49268167729699 554.9702810010504 -1 0 0
238.04413022874556 522.2350162657856 -1 0 0
229.86031404492937 510.9822690130383 -1 0 0
290.21595840057364 516.0971541279234 -1 0 0
79.48269166730695 541.671579702349 -1 0 0
66.18399036860565 519.1660851968545 -1 0 0
5.8283460129612665 509.9592919900613 -1 0 0
26.28788647250175 562.1311201618895 -1 0 0
37.540633725248966 627.6016496324189 -1 0 0
38.56361074822599 637.8314198621893 -1 0 0
59.023151207766475 634.7624887932582 -1 0 0
72.32185250646779 637.8314198621893 -1 0 0
89.71246189707715 642.9463049770743 -1 0 0
126.53963472425002 634.7624887932582 -1 0 0
134.7234509080662 615.3259253566947 -1 0 0
129.60856579318107 591.7974538282231 -1 0 0
111.19497937959466 572.3608903916596 -1 0 0
165.41276159737686 634.7624887932582 -1 0 0
168.4816926663079 627.6016496324189 -1 0 0
201.21695740157267 649.0841671149365 -1 0 0
233.95222213683746 631.6935577243271 -1 0 0
249.29687748149283 595.8893619201313 -1 0 0
270.7793949640102 541.671579702349 -1 0 0
284.07809626271154 577.4757755065448 -1 0 0
288.17000435461966 613.2799713107406 -1 0 0
259.5266477112631 644.9922590230284 -1 0 0
323.9742001588155 622.4867645175339 -1 0 0
352.61755680217215 591.7974538282231 -1 0 0
372.0541202387356 606.1191321499015 -1 0 0
337.27290145751675 545.7634877942571 -1 0 0
297.37679756141284 547.8094418402112 -1 0 0
311.6984758830912 493.5916596224289 -1 0 0
311.6984758830912 493.5916596224289 -1 0 0
324.9971771817925 504.84440687517616 -1 0 0
334.2039703885858 519.1660851968545 -1 0 0
346.47969466431005 523.2579932887626 -1 0 0
368.9851891698046 538.602648633418 -1 0 0
387.3987755833909 520.1890622198315 -1 0 0
388.42175260636793 491.54570557647486 -1 0 0
436.50167268628803 524.2809703117396 -1 0 0
446.7314429160583 517.1201311509004 -1 0 0
460.0301442147596 491.54570557647486 -1 0 0
495.83434001895534 503.8214298521991 -1 0 0
402.7434309280463 548.8324188631882 -1 0 0
449.8003739849894 558.0392120699814 -1 0 0
475.37479955941495 565.2000512308205 -1 0 0
482.53563872025404 574.4068444376137 -1 0 0
478.44373062834603 608.1650861958555 -1 0 0
556.1899843745999 515.0741771049464 -1 0 0
525.500673685289 534.5107405415099 -1 0 0
520.3857885704041 547.8094418402112 -1 0 0
550.0521222367377 562.1311201618895 -1 0 0
562.3278465124619 576.4527984835678 -1 0 0
551.0750992597146 586.682568713338 -1 0 0
578.6954788800942 548.8324188631882 -1 0 0
600.1779963626118 526.3269243576937 -1 0 0
611.430743615359 547.8094418402112 -1 0 0
645.1889853736008 577.4757755065448 -1 0 0
635.9821921668076 534.5107405415099 -1 0 0
629.8443300289454 505.8673838981532 -1 0 0
658.4876866723021 513.0282230589924 -1 0 0
683.0391352237507 475.1780732088425 -1 0 0
658.4876866723021 464.9483029790722 -1 0 0
674.8553190399346 450.6266246573939 -1 0 0
675.8782960629114 438.3509003816696 -1 0 0
652.34982453444 409.707543738313 -1 0 0
656.4417326263481 405.61563564640494 -1 0 0
686.1080662926817 414.8224288531981 -1 0 0
698.383790568406 409.707543738313 -1 0 0
687.1310433156588 384.13311816388733 -1 0 0
690.1999743845897 374.9263249570942 -1 0 0
669.7404339250493 365.71953175030103 -1 0 0
699.4067675913831 348.32892235969166 -1 0 0
700.4297446143601 329.9153359461052 -1 0 0
689.1769973616128 313.5477035784728 -1 0 0
662.5795947642104 305.3638873946566 -1 0 0
663.6025717871871 269.55969159046083 -1 0 0
682.0161582007736 265.46778349855276 -1 0 0
419.11106329567866 646.0152360460054 -1 0 0
427.29487947949485 627.6016496324189 -1 0 0
439.5706037552191 639.8773739081432 -1 0 0
452.86930505392047 649.0841671149365 -1 0 0
484.5815927662081 637.8314198621893 -1 0 0
542.8912830758984 613.2799713107406 -1 0 0
530.6155588001742 646.0152360460054 -1 0 0
333.18099336560874 650.1071441379135 -1 0 0
352.61755680217215 638.8543968851662 -1 0 0
382.28389046850583 636.8084428392121 -1 0 0
314.7674069520223 649.0841671149365 -1 0 0
558.2359384205538 652.1530981838675 -1 0 0
566.41975460437 636.8084428392121 -1 0 0
641.0970772816926 626.5786726094419 -1 0 0
593.0171572017725 651.1301211608906 -1 0 0
644.1660083506238 651.1301211608906 -1 0 0
678.9472271318427 624.5327185634878 -1 0 0
708.6135607981762 644.9922590230284 -1 0 0
693.2689054535209 581.5676835984528 -1 0 0
707.5905837751993 572.3608903916596 -1 0 0
678.9472271318427 554.9702810010504 -1 0 0
657.464709649325 562.1311201618895 -1 0 0
689.1769973616128 527.3499013806706 -1 0 0
705.5446297292452 498.706544737314 -1 0 0
726.0041701887857 507.91333794410724 -1 0 0
717.8203540049697 526.3269243576937 -1 0 0
747.4866876713031 508.93631496708423 -1 0 0
716.7973769819923 486.43082046158975 -1 0 0
712.7054688900843 473.1321191628884 -1 0 0
738.27989446451 434.25899228976147 -1 0 0
765.9002740848897 451.649601680371 -1 0 0
727.0271472117628 554.9702810010504 -1 0 0
739.302871487487 545.7634877942571 -1 0 0
774.0840902687057 554.9702810010504 -1 0 0
785.3368375214529 560.0851661159354 -1 0 0
798.6355388201544 536.5566945874639 -1 0 0
832.393780578396 536.5566945874639 -1 0 0
830.347826532442 507.91333794410724 -1 0 0
808.8653090499246 497.68356771433696 -1 0 0
800.6814928661083 513.0282230589924 -1 0 0
738.27989446451 580.5447065754759 -1 0 0
747.4866876713031 576.4527984835678 -1 0 0
767.9462281308436 591.7974538282231 -1 0 0
783.2908834754988 603.0502010809704 -1 0 0
790.4517226363381 581.5676835984528 -1 0 0
822.1640103486258 584.6366146673839 -1 0 0
817.0491252337407 627.6016496324189 -1 0 0
848.7614129460284 609.1880632188326 -1 0 0
868.1979763825918 617.3718794026487 -1 0 0
917.300873485489 646.0152360460054 -1 0 0
894.7953789799944 649.0841671149365 -1 0 0
921.392781577397 610.2110402418095 -1 0 0
899.9102640948796 597.9353159660852 -1 0 0
883.5426317272472 587.705545736315 -1 0 0
867.1749993596148 562.1311201618895 -1 0 0
875.3588155434311 545.7634877942571 -1 0 0
909.1170573016727 569.2919593227285 -1 0 0
929.5765977612132 567.2460052767746 -1 0 0
925.4846896693051 554.9702810010504 -1 0 0
979.7024718870873 569.2919593227285 -1 0 0
978.6794948641104 538.602648633418 -1 0 0
1016.5296447142601 541.671579702349 -1 0 0
997.0930812776968 529.3958554266247 -1 0 0
991.9781961628116 502.79845282922213 -1 0 0
984.8173570019725 487.45379748456673 -1 0 0
1014.4836906683062 475.1780732088425 -1 0 0
998.1160583006738 452.67257870334794 -1 0 0
968.4497246343401 490.5227285534978 -1 0 0
965.380793565409 515.0741771049464 -1 0 0
900.9332411178566 493.5916596224289 -1 0 0
942.8752990599146 509.9592919900613 -1 0 0
936.7374369220526 468.0172340480033 -1 0 0
906.0481262327418 474.15509618586543 -1 0 0
881.4966776812931 483.36188939265867 -1 0 0
871.2669074515229 489.49975153052077 -1 0 0
825.232941417557 460.85639488716413 -1 0 0
808.8653090499246 472.1091421399114 -1 0 0
793.5206537052691 457.78746381823316 -1 0 0
807.8423320269475 444.48876251953175 -1 0 0
797.6125617971772 430.1670841978535 -1 0 0
729.0731012577166 395.38586541663466 -1 0 0
723.9582161428316 387.20204923281847 -1 0 0
732.1420323266478 372.88037091114023 -1 0 0
722.9352391198545 327.86938190015115 -1 0 0
739.302871487487 353.4438074745768 -1 0 0
744.4177566023719 337.07617510694433 -1 0 0
749.5326417172572 357.53571556648484 -1 0 0
761.8083659929814 341.16808319885246 -1 0 0
762.8313430159584 327.86938190015115 -1 0 0
899.9102640948796 436.30494633571556 -1 0 0
883.5426317272472 450.6266246573939 -1 0 0
868.1979763825918 441.4198314506007 -1 0 0
856.9452291298446 432.21303824380755 -1 0 0
845.6924818770973 443.4657854965548 -1 0 0
829.324849509465 443.4657854965548 -1 0 0
822.1640103486258 427.09815312892243 -1 0 0
828.3018724864879 408.68456671533596 -1 0 0
849.7843899690054 417.8913599221292 -1 0 0
941.8523220369375 446.5347165654858 -1 0 0
946.9672071518228 427.09815312892243 -1 0 0
925.4846896693051 427.09815312892243 -1 0 0
917.300873485489 382.08716411793336 -1 0 0
759.7624119470274 407.661589692359 -1 0 0
769.9921821767977 395.38586541663466 -1 0 0
780.2219524065679 409.707543738313 -1 0 0
781.2449294295448 432.21303824380755 -1 0 0
775.1070672916828 446.5347165654858 -1 0 0
796.5895847742003 393.3399113706807 -1 0 0
826.2559184405338 369.8114398422091 -1 0 0
841.6005737851893 388.22502625579557 -1 0 0
866.1520223366377 373.9033479341172 -1 0 0
883.5426317272472 391.29395732472653 -1 0 0
901.9562181408337 372.88037091114023 -1 0 0
914.231942416558 357.53571556648484 -1 0 0
940.8293450139606 345.2599912907605 -1 0 0
935.7144598990753 369.8114398422091 -1 0 0
946.9672071518228 379.01823304900233 -1 0 0
956.1740003586159 369.8114398422091 -1 0 0
959.2429314275469 357.53571556648484 -1 0 0
975.6105637951792 351.3978534286226 -1 0 0
997.0930812776968 341.16808319885246 -1 0 0
997.0930812776968 367.7654857962551 -1 0 0
980.7254489100644 382.08716411793336 -1 0 0
989.9322421168575 393.3399113706807 -1 0 0
672.8093649939805 85.42382745459662 -1 0 0
665.6485258331412 125.31993135070057 -1 0 0
672.8093649939805 112.02123005199925 -1 0 0
663.6025717871871 103.83741386818306 -1 0 0
682.0161582007736 50.64260867337781 -1 0 0
748.6619359993985 184.59536919956506 -1 0 0
735.4020689932777 166.56195007124083 -1 0 0
713.6558871032396 160.7276085885477 -1 0 0
705.6999668995672 169.74431815270978 -1 0 0
696.1528626551602 178.7610277168719 -1 0 0
717.3686498649535 180.88260643785125 -1 0 0
704.1087828588327 200.50720960690998 -1 0 0
697.7440466958948 212.17589257229625 -1 0 0
713.1254924229949 216.41905001425488 -1 0 0
725.8549647488708 220.66220745621348 -1 0 0
735.4020689932777 213.23668193278587 -1 0 0
721.0814126266672 202.09839364764443 -1 0 0
735.4020689932777 195.7336574847065 -1 0 0
751.3139094006226 214.29747129327552 -1 0 0
776.7728540523743 203.15918300813408 -1 0 0
788.9719316980055 197.32484152544095 -1 0 0
782.6071955350676 184.59536919956506 -1 0 0
799.5798253029021 180.88260643785125 -1 0 0
708.8823349810361 282.1879903646138 -1 0 0
726.9157541093604 271.5800967597172 -1 0 0
711.0039137020154 254.6074669918826 -1 0 0
690.3185211724672 251.4250989104136 -1 0 0
687.1361530909982 232.8612851018446 -1 0 0
677.0586541663464 227.02694361915147 -1 0 0
670.1635233231635 208.99352449082724 -1 0 0
656.3732616367979 207.93273513033753 -1 0 0
672.285102044143 185.6561585600547 -1 0 0
732.2197009118087 249.83391486967912 -1 0 0
715.2470711439742 240.2868106252722 -1 0 0
747.070751958664 249.30352018943435 -1 0 0
759.2698296042951 253.54667763139298 -1 0 0
748.6619359993985 264.68496591653434 -1 0 0
764.0433817264985 276.88404356216546 -1 0 0
744.9491732376846 289.61351588804143 -1 0 0
753.4354881216019 303.9341722546518 -1 0 0
774.1208806511503 299.16062013244834 -1 0 0
781.5464061745778 311.8900924583243 -1 0 0
789.5023263782504 323.55877542371053 -1 0 0
811.2485082682884 310.2989084175898 -1 0 0
794.2758785004538 289.61351588804143 -1 0 0
786.8503529770262 271.04970207947235 -1 0 0
792.1542997794744 250.36430954992397 -1 0 0
665.9203658812049 158.60602986756837 -1 0 0
677.0586541663464 166.56195007124083 -1 0 0
582.6484010827666 117.23524480847163 -1 0 0
558.7806404717493 104.5057724825957 -1 0 0
570.9797181173803 110.34011396528882 -1 0 0
606.5161616937839 35.55446405076776 -1 0 0
754.4962774820916 91.77630015671977 -1 0 0
769.8777232091917 90.18511611598528 -1 0 0
773.0600912906606 98.67143099990258 -1 0 0
779.9552221338433 85.41156399378178 -1 0 0
790.0327210584952 98.67143099990258 -1 0 0
796.3974572214331 86.47235335427148 -1 0 0
812.309297628778 102.38419376161633 -1 0 0
817.6132444312263 117.23524480847163 -1 0 0
837.7682422805298 125.72155969238888 -1 0 0
815.491665710247 143.2245841404683 -1 0 0
716.3078605044637 147.46774158242692 -1 0 0
703.047993498343 147.99813626267178 -1 0 0
705.1695722193224 124.66077033189924 -1 0 0
688.7273371317326 109.80971928504397 -1 0 0
688.1969424514878 85.41156399378178 -1 0 0
698.2744413761395 66.84775018521275 -1 0 0
701.9872041378534 39.267226812481574 -1 0 0
713.1254924229949 40.85841085321607 -1 0 0
726.3853594291156 39.267226812481574 -1 0 0
741.2364104759708 32.37209596929877 -1 0 0
794.8062731806987 61.54380338276443 -1 0 0
791.0935104189848 48.28393637664369 -1 0 0
779.4248274535986 46.69275233590919 -1 0 0
776.2424593721296 39.267226812481574 -1 0 0
757.1482508833157 36.08485873101258 -1 0 0
754.4962774820916 44.571173614929876 -1 0 0
750.7835147203778 55.70946190007131 -1 0 0
752.3746987611122 65.25656614447824 -1 0 0
763.5129870462537 51.9966991383575 -1 0 0
767.2257498079674 62.0741980630093 -1 0 0
782.6071955350676 63.13498742349893 -1 0 0
755.0266721623365 80.10761719133349 -1 0 0
734.8716743130328 90.18511611598528 -1 0 0
727.4461487896052 80.63801187157834 -1 0 0
730.0981221908294 56.23985658031613 -1 0 0
709.9431243415258 54.118277859336814 -1 0 0
665.9203658812049 42.97998957419538 -1 0 0
660.0860243985118 33.963280010033266 -1 0 0
532.2609064595077 37.14564809150226 -1 0 0
691.3793105329568 135.79905861704069 -1 0 0
698.2744413761395 145.34616286144762 -1 0 0
696.1528626551602 113.52248204675782 -1 0 0
714.7166764637293 107.15774588381983 -1 0 0
712.0647030625051 92.8370895172094 -1 0 0
702.5175988180982 84.35077463329216 -1 0 0
665.9203658812049 62.0741980630093 -1 0 0
827.1603486756333 76.92524910986454 -1 0 0
822.9171912336747 91.77630015671977 -1 0 0
839.8898210015093 94.95866823818872 -1 0 0
843.602583763223 102.91458844186121 -1 0 0
844.1329784434678 115.11366608749232 -1 0 0
831.4035061175919 104.5057724825957 -1 0 0
872.7742911766887 91.24590547647496 -1 0 0
900.3548145494198 94.95866823818872 -1 0 0
823.9779805941643 193.6120787637272 -1 0 0
836.7074529200403 188.30813196127886 -1 0 0
858.4536348100783 200.50720960690998 -1 0 0
870.6527124557093 198.38563088593065 -1 0 0
904.5979719913785 203.15918300813408 -1 0 0
926.3441538814164 214.29747129327552 -1 0 0
936.4216528060682 237.634837224048 -1 0 0
915.2058655962752 234.98286382282387 -1 0 0
901.4156039099095 233.92207446233425 -1 0 0
899.2940251889302 248.77312550918947 -1 0 0
874.3654752174232 226.4965489389066 -1 0 0
867.4703443742403 239.2260212647825 -1 0 0
840.420215681754 228.08773297964112 -1 0 0
840.9506103619988 215.88865533401 -1 0 0
833.5250848385713 208.4631298105824 -1 0 0
803.8229827448608 225.435759578417 -1 0 0
820.2652178324505 229.14852234013074 -1 0 0
824.5083752744091 245.0603627474756 -1 0 0
833.5250848385713 256.72904571286193 -1 0 0
825.5691646348988 263.62417655604474 -1 0 0
813.3700869892676 256.1986510326171 -1 0 0
790.0327210584952 229.14852234013074 -1 0 0
774.1208806511503 226.4965489389066 -1 0 0
784.198379575802 220.66220745621348 -1 0 0
799.0494306226573 213.23668193278587 -1 0 0
825.038769954654 169.74431815270978 -1 0 0
822.9171912336747 160.19721390830284 -1 0 0
828.7515327163678 142.16379477997862 -1 0 0
846.2545571644472 163.90997667001668 -1 0 0
857.3928454495885 169.74431815270978 -1 0 0
857.3928454495885 155.4236617860994 -1 0 0
872.7742911766887 158.60602986756837 -1 0 0
882.8517901013405 166.03155539099598 -1 0 0
883.91257946183 189.3689213217685 -1 0 0
896.1116571074613 186.71694792054436 -1 0 0
897.1724464679507 171.8658968736891 -1 0 0
903.006787950644 154.89326710585453 -1 0 0
918.3882336777442 154.89326710585453 -1 0 0
922.100996439458 176.6394489958926 -1 0 0
909.3715241135819 175.0482649551581 -1 0 0
941.1952049282719 177.16984367613742 -1 0 0
939.0736262072925 185.6561585600547 -1 0 0
968.7757283010029 272.11049143996195 -1 0 0
983.0963846676134 278.47522760289996 -1 0 0
996.8866463539791 294.38706801024483 -1 0 0
1000.5994091156929 269.45851803873785 -1 0 0
1011.2073027205894 286.9615424868172 -1 0 0
1010.6769080403446 269.45851803873785 -1 0 0
1012.7984867613238 249.30352018943435 -1 0 0
1012.268092081079 227.02694361915147 -1 0 0
1003.7817771971619 210.58470853156174 -1 0 0
1001.6601984761824 176.6394489958926 -1 0 0
1013.3288814415688 181.41300111809605 -1 0 0
1019.1632229242618 158.07563518732354 -1 0 0
926.3441538814164 144.28537350095795 -1 0 0
906.1891560321129 142.16379477997862 -1 0 0
891.3381049852577 133.14708521581656 -1 0 0
887.094947543299 117.23524480847163 -1 0 0
869.5919230952197 122.00879693067508 -1 0 0
865.3487656532612 137.3902426577752 -1 0 0
864.8183709730163 103.44498312210602 -1 0 0
863.2271869322817 82.22919591231285 -1 0 0
875.9566592581577 74.80367038888522 -1 0 0
888.6861315840337 67.3781448654576 -1 0 0
897.1724464679507 74.27327570864036 -1 0 0
903.006787950644 64.1957767839886 -1 0 0
916.2666549567647 74.80367038888522 -1 0 0
925.283364520927 66.84775018521275 -1 0 0
945.9687570504752 66.84775018521275 -1 0 0
956.576650655372 64.1957767839886 -1 0 0
973.0188857429616 87.5331427147611 -1 0 0
978.8532272256547 73.21248634815072 -1 0 0
987.8699367898168 92.8370895172094 -1 0 0
1009.6161186798549 91.24590547647496 -1 0 0
1016.5112495230378 111.40090332577846 -1 0 0
1008.5553293193651 129.96471713434755 -1 0 0
996.3562516737342 129.4343224541027 -1 0 0
1002.7209878366722 110.87050864553365 -1 0 0
993.7042782725101 66.84775018521275 -1 0 0
991.5826995515306 54.64867253958163 -1 0 0
1000.5994091156929 45.101568295174694 -1 0 0
866.4095550137507 61.54380338276443 -1 0 0
854.2104773681195 50.405515097623 -1 0 0
829.8123220768575 48.814331056888506 -1 0 0
833.5250848385713 43.5103842544402 -1 0 0
843.0721890829783 35.55446405076776 -1 0 0
854.2104773681195 35.55446405076776 -1 0 0
884.442974142075 38.20643745199194 -1 0 0
954.9854666146374 51.9966991383575 -1 0 0
963.4717814985547 41.91920021370575 -1 0 0
941.7255996085166 33.43288532978845 -1 0 0
822.3867965534298 61.54380338276443 -1 0 0
809.6573242275539 47.22314701615401 -1 0 0
845.7241624842025 71.09090762717136 -1 0 0
905.6587613518682 128.37353309361305 -1 0 0
914.6754709160305 120.94800757018544 -1 0 0
927.9353379221511 105.03616716284051 -1 0 0
375.2640811070379 258.32022975359644 -1 0 0
680.7714169280601 132.61669053557168 -1 0 0
787.3807476572711 120.94800757018544 -1 0 0
804.3533774251056 134.20787457630618 -1 0 0
789.5023263782504 151.18050434414073 -1 0 0
789.5023263782504 162.31879262928217 -1 0 0
762.9825923660088 152.77168838487523 -1 0 0
749.1923306796432 151.18050434414073 -1 0 0
736.4628583537674 140.57261073924417 -1 0 0
737.523647714257 120.94800757018544 -1 0 0
733.2804902722984 117.23524480847163 -1 0 0
732.7500955920535 106.62735120357502 -1 0 0
748.6619359993985 111.40090332577846 -1 0 0
757.6786455635606 125.72155969238888 -1 0 0
777.3032487326192 113.52248204675782 -1 0 0
856.8624507693438 288.02233184730693 -1 0 0
854.7408720483645 304.46456693489665 -1 0 0
829.2819273966128 306.58614565587595 -1 0 0
835.1162688793057 285.9007531263276 -1 0 0
819.7348231522056 289.61351588804143 -1 0 0
814.4308763497575 277.4144382424103 -1 0 0
799.5798253029021 282.1879903646138 -1 0 0
678.6498382070808 66.84775018521275 -1 0 0
1010.6769080403446 65.25656614447824 -1 0 0
962.9413868183098 104.5057724825957 -1 0 0
977.2620431849203 96.0194575986784 -1 0 0
956.046255975127 93.36748419745423 -1 0 0
950.7423091726787 82.75959059255766 -1 0 0
933.7696794048442 94.95866823818872 -1 0 0
948.6207304516994 111.40090332577846 -1 0 0
944.3775730097409 118.82642884920608 -1 0 0
951.8030985331684 141.10300541948894 -1 0 0
967.7149389405134 139.5118213787545 -1 0 0
974.0796751034513 130.49511181459238 -1 0 0
967.7149389405134 154.89326710585453 -1 0 0
973.0188857429616 162.849187309527 -1 0 0
958.1678346961064 163.90997667001668 -1 0 0
944.9079676899856 161.78839794903735 -1 0 0
1044.0917728957688 50.405515097623 -1 0 0
986.2787527490824 236.57404786355838 -1 0 0
984.1571740281031 221.72299681670313 -1 0 0
984.6875687083478 204.21997236862373 -1 0 0
976.2012538244304 182.47379047858573 -1 0 0
967.1845442602685 189.3689213217685 -1 0 0
954.9854666146374 207.93273513033753 -1 0 0
964.5325708590444 214.29747129327552 -1 0 0
957.1070453356167 231.80049574135487 -1 0 0
935.3608634455787 226.4965489389066 -1 0 0
941.1952049282719 206.87194576984788 -1 0 0
916.7970496370095 196.79444684519615 -1 0 0
938.0128368468029 276.3536488819206 -1 0 0
951.8030985331684 258.85062443384123 -1 0 0
925.8137592011717 249.83391486967912 -1 0 0
906.7195507123578 268.928123358493 -1 0 0
898.2332358284407 277.4144382424103 -1 0 0
874.895869897668 267.3369393177585 -1 0 0
858.9840294903232 259.9114137943309 -1 0 0
866.4095550137507 271.04970207947235 -1 0 0
891.3381049852577 285.9007531263276 -1 0 0
899.2940251889302 312.42048713856906 -1 0 0
923.6921804801924 310.82930309783455 -1 0 0
915.7362602765199 295.44785737073454 -1 0 0
914.1450762357855 341.0617998717899 -1 0 0
903.5371826308888 335.2274583890968 -1 0 0
875.9566592581577 336.8186424298313 -1 0 0
864.8183709730163 336.8186424298313 -1 0 0
836.1770582397955 330.4539062668933 -1 0 0
773.5904859709053 127.31274373312338 -1 0 0
776.2424593721296 164.4403713502615 -1 0 0
748.6619359993985 204.7503670488686 -1 0 0
732.2197009118087 326.74114350517954 -1 0 0
1034.014273971117 80.10761719133349 -1 0 0
931.6481006838649 132.08629585532688 -1 0 0
989.4611208305514 146.9373469021821 -1 0 0
986.2787527490824 134.20787457630618 -1 0 0
923.6921804801924 40.85841085321607 -1 0 0
899.824419869175 48.28393637664369 -1 0 0
995.2954623132445 166.03155539099598 -1 0 0
855.8016614088542 192.02089472299267 -1 0 0
616.0632659381909 207.93273513033753 -1 0 0
984.1571740281031 312.9508818188139 -1 0 0
953.9246772541477 316.1332499002829 -1 0 0
952.863887893658 284.8399637658379 -1 0 0
960.8198080973307 295.44785737073454 -1 0 0
508.92354052873515 242.93878402649636 -1 0 0
248.4605382782897 75.01851678893118 -1 0 0
625.5294654063883 87.93183621112634 -1 0 0
618.7935385614062 23.7148178663271 -1 0 0
643.8739070731281 5.949556837190692 -1 0 0
655.3690759743341 9.084602901155929 -1 0 0
664.7742141662297 20.57977180236186 -1 0 0
676.2693830674356 23.7148178663271 -1 0 0
677.3143984220907 1.7694954185703442 -1 0 0
689.8545826779518 13.264664319776278 -1 0 0
703.4397822884679 16.399710383741514 -1 0 0
706.574828352433 16.399710383741514 -1 0 0
721.2050433176042 16.399710383741514 -1 0 0
736.8802736374305 14.309679674431388 -1 0 0
745.240396474671 6.994572191845802 -1 0 0
754.645534666567 13.264664319776278 -1 0 0
777.6358724689786 11.174633610466149 -1 0 0
789.1310413701846 16.399710383741514 -1 0 0
811.0763638179412 24.75983322098221 -1 0 0
808.986333108631 11.174633610466149 -1 0 0
804.8062716900108 1.7694954185703442 -1 0 0
823.6165480738022 13.264664319776278 -1 0 0
823.6165480738022 17.444725738396624 -1 0 0
833.021686265698 18.489741093051734 -1 0 0
850.7869472948344 13.264664319776278 -1 0 0
859.1470701320751 20.57977180236186 -1 0 0
872.7322697425911 24.75983322098221 -1 0 0
883.182423289142 23.7148178663271 -1 0 0
889.4525154170725 11.174633610466149 -1 0 0
909.3078071555191 20.57977180236186 -1 0 0
933.3431603125858 23.7148178663271 -1 0 0
953.1984520510324 18.489741093051734 -1 0 0
956.3334981149977 18.489741093051734 -1 0 0
963.6486055975832 16.399710383741514 -1 0 0
967.8286670162036 14.309679674431388 -1 0 0
979.3238359174096 20.57977180236186 -1 0 0
985.59392804534 23.7148178663271 -1 0 0
993.9540508825805 13.264664319776278 -1 0 0
1021.1244501036128 27.89487928494745 -1 0 0
1017.9894040396475 9.084602901155929 -1 0 0
1003.3591890744764 23.7148178663271 -1 0 0
996.0440815918907 28.93989463960256 -1 0 0
711.7999051257084 2.814510773225454 -1 0 0
317.82911642074254 5.949556837190692 -1 0 0
801.6712256260455 352.8946545826779 -1 0 0
797.4911642074252 354.98468529198806 -1 0 0
816.3014405912166 345.5795471000924 -1 0 0
819.436486655182 346.6245624547475 -1 0 0
831.9766709110429 346.6245624547475 -1 0 0
848.6969165855243 360.20976206526353 -1 0 0
860.1920854867302 350.8046238733678 -1 0 0
871.687254387936 352.8946545826779 -1 0 0
886.3174693531072 352.8946545826779 -1 0 0
463.08625071779903 188.82724390183006 -1 0 0
113.00610690834648 94.77586198287264 -1 0 0
466.2212967817642 356.0297006466432 -1 0 0
448.4560357526279 338.2644396175068 -1 0 0
764.0506728584626 369.6149002571593 -1 0 0
785.9959953062194 382.15508451302026 -1 0 0
795.401133498115 369.6149002571593 -1 0 0
978.2788205627545 429.18077547249896 -1 0 0
403.06462774983277 13.140935925996809 -1 0 0
381.6872097282004 12.015808661700332 -1 0 0
471.69739087191584 4.139917811625261 -1 0 0
446.94459105739406 6.3901723402181245 -1 0 0
183.66481121202645 6.3901723402181245 -1 0 0
603.3372807945995 18.766572247479015 -1 0 0
621.3393170233426 5.2650450759216465 -1 0 0
613.4634261732676 7.5152996045146025 -1 0 0
691.097207409722 27.767590361850562 -1 0 0
707.9741163741686 26.642463097554085 -1 0 0
936.3749510263466 7.5152996045146025 -1 0 0
920.6231693261964 8.640426868810989 -1 0 0
863.2416788470779 5.2650450759216465 -1 0 0
953.2518599907934 7.5152996045146025 -1 0 0
1012.8836049985047 396.80933305108374 -1 0 0
1015.1338595270976 384.4329331438229 -1 0 0
1017.3841140556906 420.43700560130907 -1 0 0
