154.6720183486238 702.6353211009174 -1 0 0
191.66284403669715 660.3600917431193 -1 0 0
99.18577981651367 603.993119266055 -1 0 0
60.433486238532 605.7545871559632 -1 0 0
-61.988532110091825 418.15825688073386 -1 0 0
9.350917431192556 536.1766055045871 -1 0 0
58.672018348623794 513.2775229357798 -1 0 0
74.52522935779808 512.3967889908256 -1 0 0
260.36009174311914 520.3233944954128 -1 0 0
233.0573394495412 515.9197247706421 -1 0 0
156.43348623853205 548.5068807339449 -1 0 0
122.96559633027516 500.06651376146783 -1 0 0
182.8555045871559 523.8463302752293 -1 0 0
106.23165137614671 474.5252293577981 -1 0 0
91.25917431192653 458.67201834862385 -1 0 0
98.30504587155957 435.7729357798165 -1 0 0
156.43348623853205 443.6995412844036 -1 0 0
16.3967889908256 449.8646788990825 -1 0 0
3.185779816513673 474.5252293577981 -1 0 0
43.69954128440361 437.5344036697247 -1 0 0
56.029816513761375 457.79128440366964 -1 0 0
99.18577981651367 532.6536697247706 -1 0 0
153.79128440366964 493.0206422018348 -1 0 0
171.40596330275224 466.59862385321094 -1 0 0
218.084862385321 448.1032110091743 -1 0 0
222.48853211009168 468.3600917431192 -1 0 0
285.90137614678895 468.3600917431192 -1 0 0
247.14908256880727 474.5252293577981 -1 0 0
307.03899082568796 476.28669724770634 -1 0 0
355.4793577981651 544.1032110091742 -1 0 0
301.75458715596324 512.3967889908256 -1 0 0
322.0114678899082 536.1766055045871 -1 0 0
320.2499999999999 503.58944954128435 -1 0 0
366.9288990825687 486.8555045871559 -1 0 0
335.22247706422013 463.0756880733944 -1 0 0
349.3142201834862 446.34174311926597 -1 0 0
335.22247706422013 435.7729357798165 -1 0 0
366.9288990825687 418.15825688073386 -1 0 0
387.1857798165137 624.2499999999999 -1 0 0
447.9564220183486 688.5435779816513 -1 0 0
468.21330275229354 575.8096330275229 -1 0 0
484.06651376146783 525.6077981651375 -1 0 0
491.1123853211009 568.7637614678898 -1 0 0
439.14908256880733 480.69036697247697 -1 0 0
391.58944954128435 501.8279816513761 -1 0 0
412.72706422018337 466.59862385321094 -1 0 0
487.58944954128435 486.8555045871559 -1 0 0
461.1674311926605 462.1949541284403 -1 0 0
427.6995412844036 452.50688073394485 -1 0 0
418.89220183486236 402.3050458715596 -1 0 0
440.0298165137614 392.6169724770641 -1 0 0
402.1582568807339 407.58944954128435 -1 0 0
418.0114678899082 373.2408256880733 -1 0 0
382.3417431192659 465.0573394495412 -1 0 0
378.3784403669723 428.50688073394485 -1 0 0
481.86467889908243 421.4610091743118 -1 0 0
456.76376146788976 421.0206422018348 -1 0 0
407.4426605504586 368.6169724770641 -1 0 0
374.41513761467877 373.4610091743118 -1 0 0
467.3325688073393 377.86467889908243 -1 0 0
506.9655963302751 387.5527522935779 -1 0 0
531.6261467889906 398.5619266055045 -1 0 0
494.1949541284402 385.79128440366964 -1 0 0
516.6536697247705 362.45183486238517 -1 0 0
467.77293577981635 359.3692660550458 -1 0 0
447.9564220183485 351.88302752293566 -1 0 0
429.46100917431176 335.1490825688072 -1 0 0
241.42431192660536 450.5252293577981 -1 0 0
569.4977064220182 519.2224770642201 -1 0 0
540.4334862385319 504.69036697247697 -1 0 0
510.92889908256865 489.27752293577976 -1 0 0
515.7729357798164 506.8922018348623 -1 0 0
535.5894495412842 558.8555045871559 -1 0 0
539.9931192660549 623.1490825688072 -1 0 0
575.6628440366972 603.7729357798164 -1 0 0
581.8279816513759 416.6169724770641 -1 0 0
513.130733944954 405.6077981651375 -1 0 0
517.0940366972475 393.7178899082568 -1 0 0
540.873853211009 404.28669724770634 -1 0 0
551.4426605504586 402.525229357798 -1 0 0
580.9472477064219 366.85550458715585 -1 0 0
616.1766055045871 392.3967889908256 -1 0 0
539.9931192660549 432.4701834862384 -1 0 0
589.7545871559632 402.96559633027516 -1 0 0
630.268348623853 415.73623853211 -1 0 0
389.827981651376 384.0298165137614 -1 0 0
374.85550458715585 334.70871559633014 -1 0 0
580.9472477064219 315.3325688073393 -1 0 0
652.2866972477063 441.27752293577976 -1 0 0
545.7178899082567 468.5802752293577 -1 0 0
534.2683486238532 469.4610091743118 -1 0 0
514.4518348623851 453.6077981651375 -1 0 0
589.314220183486 559.73623853211 -1 0 0
703.9564220183486 592.3233944954127 -1 0 0
625.1307339449542 630.6353211009173 -1 0 0
611.4793577981651 622.7087155963302 -1 0 0
693.8279816513761 701.0940366972476 -1 0 0
766.9288990825687 673.7912844036696 -1 0 0
761.644495412844 617.4243119266055 -1 0 0
855.8830275229359 653.5344036697247 -1 0 0
810.9655963302753 742.0481651376145 -1 0 0
888.0298165137615 745.5711009174311 -1 0 0
940.8738532110092 683.038990825688 -1 0 0
991.5160550458716 715.6261467889907 -1 0 0
1001.644495412844 646.0481651376145 -1 0 0
938.2316513761468 606.4151376146788 -1 0 0
939.9931192660549 549.6077981651375 -1 0 0
902.5619266055046 645.1674311926605 -1 0 0
807.0022935779816 567.6628440366972 -1 0 0
758.1215596330276 578.6720183486237 -1 0 0
686.7821100917431 633.7178899082568 -1 0 0
803.9197247706422 622.2683486238532 -1 0 0
904.7637614678899 514.3784403669724 -1 0 0
855.4426605504586 580.433486238532 -1 0 0
908.2866972477063 554.4518348623852 -1 0 0
963.7729357798164 553.130733944954 -1 0 0
963.3325688073394 524.5068807339449 -1 0 0
977.8646788990825 499.84633027522926 -1 0 0
927.6628440366972 494.1215596330274 -1 0 0
829.0206422018348 539.038990825688 -1 0 0
829.0206422018348 572.0665137614678 -1 0 0
839.1490825688074 507.3325688073393 -1 0 0
862.9288990825687 475.1857798165137 -1 0 0
893.3142201834862 455.8096330275228 -1 0 0
809.644495412844 513.4977064220183 -1 0 0
764.7270642201835 510.41513761467877 -1 0 0
693.8279816513761 480.0298165137614 -1 0 0
770.0114678899083 493.6811926605504 -1 0 0
769.5711009174313 479.5894495412843 -1 0 0
732.5802752293578 502.9288990825687 -1 0 0
709.2408256880733 502.9288990825687 -1 0 0
646.2683486238532 501.16743119266044 -1 0 0
644.506880733945 529.3509174311926 -1 0 0
668.7270642201835 535.9564220183486 -1 0 0
670.4885321100917 561.4977064220183 -1 0 0
614.5619266055046 569.8646788990825 -1 0 0
616.3233944954128 506.01146788990815 -1 0 0
597.8279816513761 501.6077981651375 -1 0 0
580.2133027522935 470.34174311926597 -1 0 0
611.0389908256881 479.5894495412843 -1 0 0
631.295871559633 447.88302752293566 -1 0 0
961.5711009174311 433.35091743119256 -1 0 0
1019.6995412844037 442.5986238532109 -1 0 0
1021.0206422018348 467.25917431192653 -1 0 0
939.9931192660549 422.782110091743 -1 0 0
878.3417431192661 439.9564220183485 -1 0 0
868.2133027522937 432.47018348623845 -1 0 0
853.2408256880733 433.35091743119256 -1 0 0
836.0665137614678 435.1123853211008 -1 0 0
823.7362385321101 463.29587155963293 -1 0 0
794.6720183486239 489.2775229357797 -1 0 0
784.1032110091744 433.35091743119256 -1 0 0
766.0481651376147 424.54357798165125 -1 0 0
702.6353211009174 439.51605504587144 -1 0 0
743.1490825688073 468.13990825688063 -1 0 0
729.4977064220184 458.01146788990815 -1 0 0
999.4426605504586 543.8830275229357 -1 0 0
878.7821100917431 559.7362385321101 -1 0 0
903.0022935779816 574.2683486238532 -1 0 0
666.084862385321 416.6169724770641 -1 0 0
676.6536697247707 400.7637614678898 -1 0 0
674.8922018348624 383.58944954128435 -1 0 0
652.4334862385322 370.3784403669724 -1 0 0
669.1674311926606 334.26834862385317 -1 0 0
707.0389908256881 380.50688073394485 -1 0 0
740.5068807339449 359.80963302752286 -1 0 0
769.130733944954 364.2133027522935 -1 0 0
748.8738532110092 388.43348623853205 -1 0 0
740.947247706422 409.13073394495405 -1 0 0
696.9105504587155 415.73623853211006 -1 0 0
714.5252293577981 405.6077981651375 -1 0 0
711.0022935779816 421.0206422018348 -1 0 0
813.6077981651376 373.4610091743118 -1 0 0
824.6169724770641 392.8371559633026 -1 0 0
797.3142201834862 413.97477064220175 -1 0 0
779.2591743119267 408.6903669724769 -1 0 0
830.3417431192661 419.2591743119265 -1 0 0
856.7637614678899 384.47018348623845 -1 0 0
878.3417431192661 385.79128440366964 -1 0 0
896.8371559633026 383.58944954128435 -1 0 0
899.038990825688 417.9380733944953 -1 0 0
928.1032110091742 388.8738532110091 -1 0 0
942.6353211009175 381.82798165137604 -1 0 0
953.204128440367 401.20412844036684 -1 0 0
991.9564220183486 399.0022935779816 -1 0 0
999.8830275229357 443.9197247706421 -1 0 0
765.1674311926605 448.7637614678898 -1 0 0
746.6720183486239 448.7637614678898 -1 0 0
777.4977064220184 458.0114678899082 -1 0 0
792.9105504587155 456.690366972477 -1 0 0
811.8463302752293 473.42431192660547 -1 0 0
827.6995412844037 482.67201834862385 -1 0 0
611.4793577981651 317.0940366972476 -1 0 0
585.4977064220184 306.5252293577981 -1 0 0
711.0022935779816 315.7729357798164 -1 0 0
827.2591743119267 250.15825688073386 -1 0 0
778.8188073394494 246.19495412844026 -1 0 0
374.8555045871559 439.0756880733943 -1 0 0
394.2316513761467 442.15825688073375 -1 0 0
410.96559633027516 434.6720183486236 -1 0 0
914.7454128440368 481.5711009174312 -1 0 0
767.6628440366972 534.4151376146788 -1 0 0
737.7178899082568 537.9380733944954 -1 0 0
1067.1123853211009 564.3600917431193 -1 0 0
-72.55733944954139 454.26834862385317 -1 0 0
226.8922018348623 648.0298165137614 -1 0 0
850.4518348623853 468.3600917431192 -1 0 0
689.2775229357798 293.0940366972476 -1 0 0
729.7912844036697 244.65366972477057 -1 0 0
683.993119266055 234.084862385321 -1 0 0
502.5619266055045 333.6077981651375 -1 0 0
189.9013761467889 450.74541284403665 -1 0 0
264.7637614678898 460.43348623853205 -1 0 0
287.66284403669715 446.34174311926597 -1 0 0
441.7912844036697 595.1857798165137 -1 0 0
965.8279816513761 591.6628440366972 -1 0 0
1020.4334862385322 554.6720183486239 -1 0 0
1011.6261467889908 497.4243119266054 -1 0 0
992.25 491.25917431192653 -1 0 0
994.8922018348624 460.43348623853205 -1 0 0
883.038990825688 417.27752293577976 -1 0 0
767.6628440366972 397.90137614678895 -1 0 0
692.8004587155963 402.3050458715596 -1 0 0
633.7912844036697 466.59862385321094 -1 0 0
663.7362385321101 477.1674311926605 -1 0 0
549.2408256880733 450.74541284403665 -1 0 0
521.9380733944954 441.9380733944954 -1 0 0
630.2683486238532 398.782110091743 -1 0 0
636.433486238532 381.16743119266044 -1 0 0
446.19495412844026 370.59862385321094 -1 0 0
357.2408256880733 307.1857798165137 -1 0 0
198.7087155963302 488.6169724770641 -1 0 0
-43.493119266055146 408.4701834862385 -1 0 0
-62.869266055045955 432.2499999999999 -1 0 0
423.29587155963293 418.15825688073386 -1 0 0
433.8646788990825 430.4885321100917 -1 0 0
459.4059633027522 433.13073394495405 -1 0 0
882.1582568807339 546.7454128440367 -1 0 0
891.8463302752293 530.8922018348624 -1 0 0
872.4701834862385 491.25917431192653 -1 0 0
-82.24541284403679 330.084862385321 -1 0 0
1060.0665137614678 595.1857798165137 -1 0 0
477.90137614678895 439.29587155963293 -1 0 0
458.52522935779814 401.4243119266054 -1 0 0
837.2408256880733 248.1766055045871 -1 0 0
844.2866972477063 299.25917431192653 -1 0 0
588.101851851852 277.5833333333334 -1 0 0
511.30185185185184 225.43518518518522 -1 0 0
