39.64373088685022 555.3267074413864 -1 0 0
75.13404689092766 520.8802242609581 -1 0 0
99.14220183486242 569.940366972477 -1 0 0
139.8516819571866 525.0555555555555 -1 0 0
203.52548419979615 567.8527013251784 -1 0 0
250.4979612640164 553.2390417940876 -1 0 0
206.65698267074418 509.3980632008155 -1 0 0
271.3746177370031 501.0474006116208 -1 0 0
326.69775739041796 553.2390417940876 -1 0 0
376.80173292558624 542.8007135575942 -1 0 0
404.9852191641183 570.9841997961264 -1 0 0
460.30835881753325 494.7844036697247 -1 0 0
482.22884811416924 474.9515800203873 -1 0 0
410.204383282365 464.51325178389396 -1 0 0
334.0045871559634 461.38175331294593 -1 0 0
298.5142711518859 453.0310907237512 -1 0 0
226.48980632008158 433.1982670744138 -1 0 0
178.47349643221207 482.2584097859327 -1 0 0
197.26248725790015 401.88328236493373 -1 0 0
151.3338430173293 411.27777777777777 -1 0 0
131.5010193679919 365.3491335372069 -1 0 0
102.27370030581045 346.56014271151884 -1 0 0
27.117737003058153 381.00662589194695 -1 0 0
26.073904179408828 443.6365953109072 -1 0 0
33.38073394495416 501.0474006116208 -1 0 0
54.25739041794094 358.0423037716615 -1 0 0
105.40519877675848 278.71100917431187 -1 0 0
36.51223241590219 299.58766564729865 -1 0 0
49.03822629969426 242.17686034658504 -1 0 0
74.09021406727834 183.72222222222217 -1 0 0
96.01070336391444 173.2838939857288 -1 0 0
137.7640163098879 167.02089704383275 -1 0 0
12.504077471967435 129.4429153924566 -1 0 0
41.73139653414887 129.4429153924566 -1 0 0
87.66004077471973 129.4429153924566 -1 0 0
122.10652395514785 100.21559633027516 -1 0 0
8.328746177370078 59.50611620795098 -1 0 0
45.90672782874623 67.8567787971457 -1 0 0
136.72018348623857 29.234964322120277 -1 0 0
104.3613659531091 58.46228338430171 -1 0 0
44.8628950050969 19.840468909276183 -1 0 0
67.82721712538233 11.48980632008147 -1 0 0
185.78032619775746 29.234964322120277 -1 0 0
208.7446483180429 24.015800203873596 -1 0 0
224.40214067278293 53.24311926605503 -1 0 0
176.38583078491342 75.16360856269102 -1 0 0
267.1992864424058 55.33078491335368 -1 0 0
232.7528032619776 4.18297655453614 -1 0 0
233.79663608562697 92.90876656472983 -1 0 0
224.40214067278293 122.13608562691127 -1 0 0
188.91182466870544 140.92507645259934 -1 0 0
169.07900101936804 186.8537206931702 -1 0 0
224.40214067278293 173.2838939857288 -1 0 0
280.7691131498471 167.02089704383275 -1 0 0
249.45412844036701 206.68654434250757 -1 0 0
168.0351681957187 280.7986748216106 -1 0 0
198.30632008154947 314.20132517838937 -1 0 0
159.684505606524 329.8588175331294 -1 0 0
217.09531090723755 295.4123343527013 -1 0 0
246.32262996941898 317.3328236493374 -1 0 0
242.14729867482168 274.5356778797145 -1 0 0
299.5581039755352 224.43170234454635 -1 0 0
370.5387359836902 212.9495412844036 -1 0 0
336.09225280326206 151.3634046890927 -1 0 0
370.5387359836902 135.70591233435266 -1 0 0
297.4704383282365 107.52242609582055 -1 0 0
313.12793068297657 49.06778797145762 -1 0 0
344.44291539245677 22.971967380224214 -1 0 0
352.7935779816515 69.94444444444434 -1 0 0
415.42354740061165 73.07594291539237 -1 0 0
442.56320081549444 89.7772680937818 -1 0 0
513.5438328236494 92.90876656472983 -1 0 0
449.8700305810399 36.54179408766561 -1 0 0
380.97706422018354 18.7966360856268 -1 0 0
507.2808358817534 11.48980632008147 -1 0 0
555.2971457696228 22.971967380224214 -1 0 0
522.9383282364934 33.410295616717576 -1 0 0
549.034148827727 73.07594291539237 -1 0 0
511.4561671763508 122.13608562691127 -1 0 0
411.24821610601435 159.71406727828742 -1 0 0
366.3634046890929 209.81804281345558 -1 0 0
389.32772680937825 182.67838939857285 -1 0 0
420.64271151885833 223.38786952089697 -1 0 0
490.57951070336395 203.55504587155963 -1 0 0
439.4317023445464 179.54689092762482 -1 0 0
415.42354740061165 179.54689092762482 -1 0 0
526.0698267074415 205.64271151885828 -1 0 0
458.2206931702345 245.30835881753308 -1 0 0
525.0259938837921 246.3521916411824 -1 0 0
432.1248725790011 260.9658511722732 -1 0 0
323.56625891947004 310.025993883792 -1 0 0
287.03211009174316 312.11365953109066 -1 0 0
298.5142711518859 348.6478083588175 -1 0 0
350.7059123343527 423.8037716615698 -1 0 0
377.8455657492355 411.27777777777777 -1 0 0
363.23190621814484 353.86697247706417 -1 0 0
448.8261977573905 409.190112130479 -1 0 0
427.9495412844038 375.7874617737003 -1 0 0
403.941386340469 344.47247706422013 -1 0 0
451.95769622833853 319.42048929663605 -1 0 0
502.0616717635067 337.1656472986748 -1 0 0
497.8863404689094 299.58766564729865 -1 0 0
540.6834862385322 284.97400611620793 -1 0 0
575.1299694189604 232.78236493374106 -1 0 0
589.7436289500511 206.68654434250757 -1 0 0
558.428644240571 336.1218144750255 -1 0 0
585.5682976554538 282.8863404689092 -1 0 0
624.1901121304793 278.71100917431187 -1 0 0
651.3297655453619 297.49999999999994 -1 0 0
591.8312945973498 337.1656472986748 -1 0 0
569.9108053007137 345.5163098878695 -1 0 0
631.4969418960245 358.0423037716615 -1 0 0
597.0504587155965 365.3491335372069 -1 0 0
686.8200815494395 374.74362895005095 -1 0 0
678.4694189602446 407.1024464831804 -1 0 0
600.1819571865444 426.9352701325178 -1 0 0
565.7354740061162 426.9352701325178 -1 0 0
480.1411824668706 385.1819571865443 -1 0 0
545.9026503567788 474.9515800203873 -1 0 0
579.3053007135577 477.03924566768603 -1 0 0
559.4724770642204 506.26656472986747 -1 0 0
494.75484199796136 567.8527013251784 -1 0 0
633.5846075433233 517.7487257900102 -1 0 0
625.2339449541284 480.17074413863395 -1 0 0
673.250254841998 414.40927624872575 -1 0 0
662.8119266055046 478.08307849133536 -1 0 0
708.7405708460756 455.1187563710499 -1 0 0
745.2747196738023 423.8037716615698 -1 0 0
774.5020387359837 457.2064220183486 -1 0 0
754.6692150866463 491.6529051987767 -1 0 0
702.4775739041795 546.9760448521916 -1 0 0
731.7048929663611 538.6253822629969 -1 0 0
814.1676860346586 544.888379204893 -1 0 0
831.9128440366974 570.9841997961264 -1 0 0
800.5978593272171 489.56523955147804 -1 0 0
834.0005096839959 486.43374108053 -1 0 0
866.3593272171254 519.8363914373089 -1 0 0
908.1126401630988 468.6885830784913 -1 0 0
927.9454638124364 518.7925586136595 -1 0 0
971.7864424057086 518.7925586136595 -1 0 0
1019.8027522935781 508.3542303771661 -1 0 0
987.4439347604487 468.6885830784913 -1 0 0
959.2604485219165 474.9515800203873 -1 0 0
977.0056065239553 401.88328236493373 -1 0 0
990.5754332313966 417.5407747196738 -1 0 0
888.2798165137615 424.8476044852191 -1 0 0
898.7181447502549 375.7874617737003 -1 0 0
847.5703363914374 395.62028542303767 -1 0 0
795.3786952089704 407.1024464831804 -1 0 0
728.5733944954129 366.39296636085624 -1 0 0
780.7650356778797 321.5081549439347 -1 0 0
808.9485219164119 287.0616717635066 -1 0 0
725.441896024465 328.8149847094801 -1 0 0
690.9954128440368 306.894495412844 -1 0 0
660.7242609582061 249.48369011213043 -1 0 0
686.8200815494395 240.0891946992864 -1 0 0
628.3654434250766 69.94444444444434 -1 0 0
646.1106014271152 55.33078491335368 -1 0 0
601.2257900101938 8.358307849133439 -1 0 0
673.250254841998 70.98827726809373 -1 0 0
742.1432212028544 73.07594291539237 -1 0 0
731.7048929663611 18.7966360856268 -1 0 0
801.6416921508664 38.62945973496426 -1 0 0
837.1320081549441 65.76911314984704 -1 0 0
830.869011213048 92.90876656472983 -1 0 0
851.7456676860347 116.91692150866459 -1 0 0
757.8007135575942 152.40723751274209 -1 0 0
818.3430173292559 128.39908256880727 -1 0 0
846.526503567788 158.670234454638 -1 0 0
800.5978593272171 194.16055045871553 -1 0 0
820.4306829765546 195.2043832823649 -1 0 0
775.545871559633 232.78236493374106 -1 0 0
893.4989806320082 218.16870540265026 -1 0 0
863.2278287461775 260.9658511722732 -1 0 0
999.9699286442406 239.04536187563707 -1 0 0
961.3481141692153 227.56320081549438 -1 0 0
966.5672782874619 206.68654434250757 -1 0 0
1001.0137614678899 180.59072375127414 -1 0 0
985.3562691131499 140.92507645259934 -1 0 0
936.296126401631 157.62640163098877 -1 0 0
874.7099898063202 151.3634046890927 -1 0 0
904.9811416921509 130.48674821610598 -1 0 0
883.0606523955148 101.25942915392453 -1 0 0
890.3674821610603 62.63761467889901 -1 0 0
844.4388379204893 31.322629969418927 -1 0 0
814.1676860346586 18.7966360856268 -1 0 0
871.5784913353721 14.621304791029502 -1 0 0
908.1126401630988 11.48980632008147 -1 0 0
932.1207951070337 49.06778797145762 -1 0 0
975.9617737003059 26.103465851172245 -1 0 0
1010.4082568807339 58.46228338430171 -1 0 0
367.1462793068297 230.22629969418966 -1 0 0
350.4449541284403 273.0234454638125 -1 0 0
323.4357798165137 136.6968017329256 -1 0 0
629.0830784913353 224.84250764525996 -1 0 0
653.6708291708292 31.525974025973937 -1 0 0
664.9235764235764 11.066433566433489 -1 0 0
632.1883116883117 7.99750249750241 -1 0 0
412.24825174825173 16.181318681318544 -1 0 0
142.18231768231766 6.9745254745254215 -1 0 0
952.3801198801199 9.020479520479512 -1 0 0
1015.8046953046952 102.11138861138852 -1 0 0
961.5869130869131 125.63986013986005 -1 0 0
934.9895104895105 363.99350649350646 -1 0 0
952.3801198801199 568.588911088911 -1 0 0
71.59690309690308 445.8316683316682 -1 0 0
12.264235764235764 194.1793206793206 -1 0 0
732.9515484515484 100.66433566433571 -1 0 0
709.4230769230769 175.85314685314688 -1 0 0
713.5149850149851 147.20979020979024 -1 0 0
625.0274725274726 140.0489510489511 -1 0 0
663.389110889111 155.39360639360643 -1 0 0
791.2612387612387 96.57242757242761 -1 0 0
788.1923076923076 63.325674325674356 -1 0 0
942.1503496503497 107.31368631368636 -1 0 0
914.52997002997 92.99200799200804 -1 0 0
