38.924731182795625 196.71407624633423 -1 0 0
30.9403714565004 170.76490713587475 -1 0 0
54.89345063538602 160.78445747800578 -1 0 0
84.83479960899305 166.77272727272714 -1 0 0
103.79765395894421 126.85092864125113 -1 0 0
138.72922776148576 128.84701857282494 -1 0 0
164.67839687194518 107.88807429129997 -1 0 0
201.60606060606054 121.86070381231661 -1 0 0
245.52003910068422 121.86070381231661 -1 0 0
244.5219941348973 168.76881720430094 -1 0 0
216.57673509286408 203.70039100684255 -1 0 0
163.68035190615828 181.7434017595307 -1 0 0
129.74682306940363 188.729716520039 -1 0 0
140.72531769305957 212.68279569892468 -1 0 0
161.68426197458447 223.66129032258056 -1 0 0
136.73313782991195 248.61241446725307 -1 0 0
82.8387096774193 212.68279569892468 -1 0 0
54.89345063538602 205.69648093841636 -1 0 0
33.93450635386111 272.56549364613875 -1 0 0
67.86803519061576 285.54007820136843 -1 0 0
71.86021505376337 337.4384164222873 -1 0 0
123.75855327468221 316.47947214076237 -1 0 0
208.59237536656886 304.5029325513196 -1 0 0
177.65298142717492 281.5478983382208 -1 0 0
143.71945259042027 269.57135874877804 -1 0 0
110.78396871945253 276.5576735092863 -1 0 0
129.74682306940363 364.38563049853366 -1 0 0
113.77810361681324 476.16666666666663 -1 0 0
22.956011730205176 474.1705767350928 -1 0 0
216.57673509286408 418.2800586510263 -1 0 0
240.5298142717497 478.16275659824043 -1 0 0
356.30303030303025 341.43059628543494 -1 0 0
250.51026392961873 339.4345063538611 -1 0 0
252.50635386119254 290.53030303030295 -1 0 0
311.39100684261973 247.61436950146617 -1 0 0
511.0 467.1842619745845 -1 0 0
444.1309872922776 506.1080156402736 -1 0 0
364.2873900293255 485.14907135874876 -1 0 0
309.3949169110459 485.14907135874876 -1 0 0
597.8299120234605 434.24877810361676 -1 0 0
625.7751710654936 358.39736070381224 -1 0 0
728.5738025415445 365.38367546432056 -1 0 0
723.58357771261 501.1177908113391 -1 0 0
794.4447702834799 447.22336265884644 -1 0 0
800.4330400782013 538.0454545454545 -1 0 0
844.347018572825 493.1334310850439 -1 0 0
926.1867057673509 486.1471163245356 -1 0 0
889.2590420332357 383.34848484848476 -1 0 0
954.1319648093842 287.53616813294224 -1 0 0
892.2531769305964 265.5791788856304 -1 0 0
902.2336265884654 220.66715542521985 -1 0 0
814.405669599218 247.61436950146617 -1 0 0
786.4604105571847 274.56158357771255 -1 0 0
778.4760508308896 237.63391984359714 -1 0 0
766.4995112414467 210.68670576735084 -1 0 0
742.5464320625612 191.72385141739971 -1 0 0
722.5855327468231 206.69452590420326 -1 0 0
683.6617790811339 177.75122189638307 -1 0 0
636.7536656891496 184.73753665689136 -1 0 0
656.7145650048876 156.79227761485816 -1 0 0
550.921798631476 161.78250244379268 -1 0 0
536.9491691104595 170.76490713587475 -1 0 0
551.9198435972629 203.70039100684255 -1 0 0
519.9824046920821 205.69648093841636 -1 0 0
474.0723362658847 191.72385141739971 -1 0 0
448.1231671554252 220.66715542521985 -1 0 0
480.060606060606 237.63391984359714 -1 0 0
456.10752688172045 268.57331378299114 -1 0 0
430.15835777126097 290.53030303030295 -1 0 0
377.2619745845552 262.5850439882697 -1 0 0
377.2619745845552 281.5478983382208 -1 0 0
391.23460410557186 216.67497556207226 -1 0 0
338.3382209188661 217.67302052785917 -1 0 0
359.29716520039096 193.71994134897352 -1 0 0
333.3479960899316 182.74144672531762 -1 0 0
63.875855327468145 90.92130987292262 -1 0 0
520.980449657869 306.4990224828934 -1 0 0
485.0508308895405 285.54007820136843 -1 0 0
574.8748778103617 262.5850439882697 -1 0 0
601.8220918866081 223.66129032258056 -1 0 0
196.61583577712602 89.92326490713572 -1 0 0
231.54740957966757 82.93695014662751 -1 0 0
268.4750733137829 80.9408602150537 -1 0 0
307.3988269794721 100.90175953079171 -1 0 0
295.4222873900293 109.88416422287378 -1 0 0
288.43597262952096 125.85288367546423 -1 0 0
266.4789833822091 109.88416422287378 -1 0 0
559.9042033235581 233.64173998044953 -1 0 0
290.43206256109477 206.69452590420326 -1 0 0
244.5219941348973 201.70430107526875 -1 0 0
28.944281524926595 131.84115347018565 -1 0 0
196.61583577712602 68.96432062561087 -1 0 0
218.5728250244379 54.991691104594224 -1 0 0
263.4848484848484 54.991691104594224 -1 0 0
293.4261974584555 45.011241446725194 -1 0 0
310.3929618768328 72.95650048875848 -1 0 0
325.3636363636364 68.96432062561087 -1 0 0
313.38709677419354 51.99755620723352 -1 0 0
368.2795698924731 51.99755620723352 -1 0 0
443.1329423264907 122.85874877810352 -1 0 0
437.1446725317693 136.83137829912016 -1 0 0
401.2150537634409 157.79032258064507 -1 0 0
410.1974584555229 177.75122189638307 -1 0 0
479.0625610948191 149.80596285434984 -1 0 0
500.02150537634407 166.77272727272714 -1 0 0
632.761485826002 156.79227761485816 -1 0 0
630.7653958944281 131.84115347018565 -1 0 0
620.7849462365591 109.88416422287378 -1 0 0
600.8240469208212 104.89393939393928 -1 0 0
584.8553274682307 121.86070381231661 -1 0 0
571.880742913001 135.83333333333326 -1 0 0
746.5386119257088 147.8098729227761 -1 0 0
731.5679374389052 128.84701857282494 -1 0 0
715.5992179863148 128.84701857282494 -1 0 0
100.8035190615835 87.92717497556191 -1 0 0
139.72727272727266 84.9330400782012 -1 0 0
134.73704789833815 41.01906158357758 -1 0 0
66.86999022482885 68.96432062561087 -1 0 0
82.8387096774193 41.01906158357758 -1 0 0
474.0723362658847 111.88025415444758 -1 0 0
541.939393939394 111.88025415444758 -1 0 0
554.9139784946236 104.89393939393928 -1 0 0
572.8787878787879 101.89980449657855 -1 0 0
604.8162267839688 137.82942326490706 -1 0 0
552.9178885630498 262.5850439882697 -1 0 0
662.702834799609 269.57135874877804 -1 0 0
628.7693059628543 233.64173998044953 -1 0 0
677.6735092864126 256.5967741935483 -1 0 0
726.5777126099707 234.63978494623643 -1 0 0
759.5131964809384 301.5087976539589 -1 0 0
689.6500488758553 311.48924731182785 -1 0 0
642.741935483871 320.47165200391 -1 0 0
612.8005865102639 341.43059628543494 -1 0 0
1000.0420332355817 251.6065493646138 -1 0 0
978.0850439882698 182.74144672531762 -1 0 0
973.0948191593353 149.80596285434984 -1 0 0
929.1808406647116 125.85288367546423 -1 0 0
882.2727272727274 153.79814271749746 -1 0 0
846.3431085043989 160.78445747800578 -1 0 0
841.3528836754643 185.7355816226783 -1 0 0
831.3724340175953 208.6906158357771 -1 0 0
812.4095796676442 205.69648093841636 -1 0 0
790.4525904203323 158.78836754643197 -1 0 0
815.4037145650049 135.83333333333326 -1 0 0
830.3743890518084 114.8743890518083 -1 0 0
361.29325513196477 168.76881720430094 -1 0 0
30.9403714565004 100.90175953079171 -1 0 0
429.16031280547406 52.99560117302042 -1 0 0
471.078201368524 58.98387096774183 -1 0 0
470.0801564027371 79.9428152492668 -1 0 0
545.9315738025415 68.96432062561087 -1 0 0
562.8983382209188 66.96823069403706 -1 0 0
612.8005865102639 68.96432062561087 -1 0 0
627.7712609970674 91.91935483870954 -1 0 0
648.7302052785924 80.9408602150537 -1 0 0
677.6735092864126 68.96432062561087 -1 0 0
660.7067448680352 52.99560117302042 -1 0 0
704.6207233626589 73.95454545454538 -1 0 0
765.5014662756598 72.95650048875848 -1 0 0
792.4486803519061 58.98387096774183 -1 0 0
811.4115347018572 101.89980449657855 -1 0 0
814.405669599218 82.93695014662751 -1 0 0
763.505376344086 100.90175953079171 -1 0 0
729.5718475073314 104.89393939393928 -1 0 0
512.9960899315738 108.88611925708688 -1 0 0
714.6011730205279 7.085532746822992 -1 0 0
785.4623655913978 15.069892473118216 -1 0 0
834.366568914956 65.97018572825016 -1 0 0
820.3939393939394 61.978005865102546 -1 0 0
810.4134897360703 41.01906158357758 -1 0 0
932.1749755620723 59.98191593352874 -1 0 0
955.1300097751711 82.93695014662751 -1 0 0
963.1143695014663 115.8724340175952 -1 0 0
949.1417399804496 132.83919843597255 -1 0 0
1000.0420332355817 112.87829912023449 -1 0 0
851.3333333333334 112.87829912023449 -1 0 0
851.3333333333334 135.83333333333326 -1 0 0
330.3538611925709 89.92326490713572 -1 0 0
177.65298142717492 39.02297165200378 -1 0 0
165.67644183773209 91.91935483870954 -1 0 0
149.7077223851417 59.98191593352874 -1 0 0
58.88563049853363 35.03079178885616 -1 0 0
496.02932551319645 136.83137829912016 -1 0 0
581.86119257087 73.95454545454538 -1 0 0
663.7008797653959 10.0796676441837 -1 0 0
912.2140762463345 55.98973607038113 -1 0 0
890.2570869990226 80.9408602150537 -1 0 0
902.2336265884654 98.90566959921784 -1 0 0
886.264907135875 111.88025415444758 -1 0 0
851.3333333333334 63.97409579667635 -1 0 0
764.5034213098729 138.82746823069397 -1 0 0
909.2199413489737 187.7316715542521 -1 0 0
996.0498533724341 316.47947214076237 -1 0 0
237.535679374389 34.03274682306926 -1 0 0
525.9706744868035 75.95063538611919 -1 0 0
538.9452590420333 51.99755620723352 -1 0 0
505.0117302052786 65.97018572825016 -1 0 0
695.6383186705767 91.91935483870954 -1 0 0
669.6891495601174 111.88025415444758 -1 0 0
687.6539589442815 133.83724340175945 -1 0 0
620.7849462365591 187.7316715542521 -1 0 0
518.9843597262952 372.3699902248288 -1 0 0
914.2101661779083 157.79032258064507 -1 0 0
980.0811339198436 252.60459433040072 -1 0 0
933.1730205278592 208.6906158357771 -1 0 0
1003.0361681329424 150.80400782013675 -1 0 0
1008.0263929618769 73.95454545454538 -1 0 0
752.5268817204301 119.8646138807428 -1 0 0
534.9530791788857 93.91544477028333 -1 0 0
509.0039100684262 83.93499511241441 -1 0 0
421.17595307917884 90.92130987292262 -1 0 0
409.199413489736 114.8743890518083 -1 0 0
18.963831867057564 35.03079178885616 -1 0 0
229.55131964809377 20.060117302052735 -1 0 0
208.59237536656886 27.04643206256094 -1 0 0
309.3949169110459 21.058162267839634 -1 0 0
190.6275659824046 202.70234604105565 -1 0 0
974.0928641251222 56.98778103616803 -1 0 0
118.7683284457477 72.95650048875848 -1 0 0
530.9608993157381 135.83333333333326 -1 0 0
525.9706744868035 153.79814271749746 -1 0 0
752.5268817204301 52.99560117302042 -1 0 0
495.03128054740955 54.991691104594224 -1 0 0
445.1290322580645 90.92130987292262 -1 0 0
355.30498533724335 29.042521994134745 -1 0 0
511.9980449657869 43.01515151515139 -1 0 0
656.7145650048876 91.91935483870954 -1 0 0
666.6950146627566 136.83137829912016 -1 0 0
781.4701857282503 118.86656891495592 -1 0 0
924.1906158357771 100.90175953079171 -1 0 0
962.1163245356794 102.89784946236546 -1 0 0
948.1436950146627 173.75904203323546 -1 0 0
1012.0185728250245 276.5576735092863 -1 0 0
307.3988269794721 35.03079178885616 -1 0 0
309.3949169110459 124.85483870967732 -1 0 0
303.4066471163245 178.74926686216997 -1 0 0
293.4261974584555 255.5987292277614 -1 0 0
40.789210789210784 63.2447552447552 -1 0 0
65.26873126873127 55.08491508491512 -1 0 0
80.56843156843158 52.02497502497499 -1 0 0
89.74825174825176 54.06493506493507 -1 0 0
87.70829170829174 68.34465534465528 -1 0 0
101.988011988012 38.765234765234716 -1 0 0
97.9080919080919 21.425574425574382 -1 0 0
131.56743256743258 20.405594405594346 -1 0 0
159.10689310689312 23.46553446553446 -1 0 0
158.08691308691309 36.72527472527463 -1 0 0
169.30669330669335 59.16483516483516 -1 0 0
9.169830169830135 156.062937062937 -1 0 0
215.20579420579426 182.58241758241758 -1 0 0
318.2237762237763 151.98301698301697 -1 0 0
318.2237762237763 164.2227772227772 -1 0 0
341.6833166833168 63.2447552447552 -1 0 0
336.5834165834167 43.865134865134905 -1 0 0
336.5834165834167 30.605394605394622 -1 0 0
262.1248751248752 18.365634365634378 -1 0 0
234.5854145854146 9.185814185814138 -1 0 0
366.16283716283726 11.225774225774217 -1 0 0
451.841158841159 47.94505494505495 -1 0 0
450.82117882117893 62.22477522477516 -1 0 0
415.12187812187824 70.38461538461536 -1 0 0
403.90209790209803 58.144855144855114 -1 0 0
445.72127872127885 71.4045954045954 -1 0 0
504.88011988012 16.3256743256743 -1 0 0
464.0809190809192 27.545454545454504 -1 0 0
554.859140859141 55.08491508491512 -1 0 0
583.4185814185815 54.06493506493507 -1 0 0
598.7182817182819 63.2447552447552 -1 0 0
599.7382617382618 46.92507492507491 -1 0 0
630.3376623376624 43.865134865134905 -1 0 0
644.6173826173828 46.92507492507491 -1 0 0
630.3376623376624 13.265734265734183 -1 0 0
643.5974025974027 8.165834165834099 -1 0 0
694.5964035964038 51.00499500499495 -1 0 0
691.5364635364637 29.585414585414583 -1 0 0
708.8761238761241 63.2447552447552 -1 0 0
722.1358641358643 69.36463536463532 -1 0 0
732.3356643356645 82.6243756243756 -1 0 0
885.3326673326676 65.28471528471528 -1 0 0
830.2537462537464 44.88511488511483 -1 0 0
934.2917082917086 77.52447552447552 -1 0 0
957.751248751249 63.2447552447552 -1 0 0
973.0509490509494 80.58441558441552 -1 0 0
992.4305694305697 96.90409590409581 -1 0 0
834.3336663336665 230.52147852147854 -1 0 0
1013.85014985015 368.2187812187812 -1 0 0
569.1388611388613 214.2017982017982 -1 0 0
604.838161838162 201.96203796203793 -1 0 0
