35.05657492354741 349.62844036697254 -1 0 0
30.16360856269111 330.05657492354743 -1 0 0
14.261467889908262 319.04740061162084 -1 0 0
17.31957186544341 303.75688073394497 -1 0 0
5.0871559633027355 291.5244648318043 -1 0 0
7.533639143730881 273.78746177370033 -1 0 0
3.8639143730886762 255.43883792048933 -1 0 0
8.756880733944941 214.46024464831802 -1 0 0
3.8639143730886762 230.97400611620793 -1 0 0
3.252293577981647 189.9954128440367 -1 0 0
11.203363914373087 184.49082568807341 -1 0 0
15.484709480122321 164.91896024464833 -1 0 0
4.475535168195705 158.802752293578 -1 0 0
25.88226299694188 153.2981651376147 -1 0 0
13.649847094801205 122.71712538226295 -1 0 0
3.252293577981647 130.66819571865443 -1 0 0
8.14525993883791 111.09633027522938 -1 0 0
3.8639143730886762 96.41743119266056 -1 0 0
9.980122324159028 84.18501529051986 -1 0 0
19.154434250764528 97.02905198776756 -1 0 0
24.65902140672782 101.3103975535168 -1 0 0
25.88226299694188 116.60091743119267 -1 0 0
19.766055045871557 56.662079510703336 -1 0 0
11.203363914373087 49.934250764525984 -1 0 0
7.533639143730881 21.188073394495405 -1 0 0
23.43577981651376 37.09021406727828 -1 0 0
22.824159021406732 19.353211009174288 -1 0 0
37.503058103975526 13.848623853210997 -1 0 0
32.61009174311926 30.974006116207935 -1 0 0
47.28899082568808 32.19724770642205 -1 0 0
57.0749235474006 15.071865443425054 -1 0 0
63.80275229357799 26.081039755351696 -1 0 0
72.9770642201835 21.188073394495405 -1 0 0
57.68654434250764 45.04128440366975 -1 0 0
49.7354740061162 47.48776758409787 -1 0 0
41.78440366972475 46.87614678899081 -1 0 0
42.39602446483179 62.166666666666686 -1 0 0
31.998470948012233 64.00152905198775 -1 0 0
44.230886850152906 79.90366972477062 -1 0 0
38.114678899082556 89.07798165137615 -1 0 0
44.230886850152906 109.26146788990826 -1 0 0
54.62844036697247 98.86391437308868 -1 0 0
65.02599388379205 98.25229357798169 -1 0 0
33.83333333333332 136.7844036697248 -1 0 0
52.79357798165137 135.56116207951072 -1 0 0
65.02599388379205 150.24006116207954 -1 0 0
38.114678899082556 154.52140672782878 -1 0 0
41.78440366972475 167.36544342507648 -1 0 0
48.51223241590214 173.4816513761468 -1 0 0
37.503058103975526 184.49082568807341 -1 0 0
31.998470948012233 197.33486238532112 -1 0 0
43.61926605504588 197.94648318042812 -1 0 0
61.356269113149835 199.7813455657493 -1 0 0
71.14220183486238 194.27675840978594 -1 0 0
41.78440366972475 223.02293577981652 -1 0 0
50.347094801223236 239.53669724770643 -1 0 0
25.88226299694188 223.63455657492358 -1 0 0
30.16360856269111 253.60397553516822 -1 0 0
34.44495412844038 265.22477064220186 -1 0 0
59.521406727828754 253.60397553516822 -1 0 0
74.20030581039755 242.5948012232416 -1 0 0
79.70489296636087 221.18807339449543 -1 0 0
66.24923547400611 218.12996941896026 -1 0 0
69.30733944954129 256.6620795107034 -1 0 0
67.4724770642202 273.78746177370033 -1 0 0
87.65596330275227 262.1666666666667 -1 0 0
90.71406727828746 244.42966360856272 -1 0 0
83.37461773700304 287.2431192660551 -1 0 0
57.68654434250764 288.46636085626915 -1 0 0
60.74464831804281 306.20336391437314 -1 0 0
61.96788990825687 333.1146788990826 -1 0 0
109.06269113149848 329.44495412844043 -1 0 0
79.70489296636087 337.39602446483184 -1 0 0
90.71406727828746 328.83333333333337 -1 0 0
89.4908256880734 367.97706422018354 -1 0 0
90.10244648318043 386.9373088685016 -1 0 0
115.79051987767583 382.0443425076453 -1 0 0
128.02293577981652 365.53058103975536 -1 0 0
106.61620795107035 361.8608562691132 -1 0 0
129.2461773700306 347.18195718654437 -1 0 0
138.42048929663608 338.0076452599389 -1 0 0
145.7599388379205 317.8241590214068 -1 0 0
146.37155963302754 297.0290519877676 -1 0 0
104.16972477064219 300.69877675840985 -1 0 0
111.5091743119266 283.5733944954129 -1 0 0
94.38379204892966 283.5733944954129 -1 0 0
133.52752293577984 275.0107033639144 -1 0 0
146.98318042813455 264.0015290519878 -1 0 0
107.22782874617737 252.38073394495416 -1 0 0
131.08103975535167 239.53669724770643 -1 0 0
139.03211009174314 230.97400611620793 -1 0 0
110.89755351681958 219.35321100917432 -1 0 0
126.79969418960242 210.17889908256885 -1 0 0
118.84862385321101 202.22782874617735 -1 0 0
102.94648318042813 191.2186544342508 -1 0 0
88.87920489296638 183.26758409785936 -1 0 0
144.53669724770643 201.61620795107035 -1 0 0
149.42966360856272 189.38379204892968 -1 0 0
150.04128440366972 173.4816513761468 -1 0 0
134.7507645259939 172.25840978593274 -1 0 0
126.79969418960242 189.9954128440367 -1 0 0
115.79051987767583 172.25840978593274 -1 0 0
95.60703363914372 174.09327217125386 -1 0 0
96.21865443425078 161.24923547400613 -1 0 0
79.09327217125382 158.802752293578 -1 0 0
87.04434250764525 148.40519877675843 -1 0 0
109.06269113149848 135.56116207951072 -1 0 0
99.88837920489296 145.34709480122328 -1 0 0
90.71406727828746 126.38685015290521 -1 0 0
77.87003058103976 120.8822629969419 -1 0 0
90.71406727828746 100.69877675840979 -1 0 0
109.06269113149848 123.32874617737004 -1 0 0
118.23700305810395 118.43577981651373 -1 0 0
111.5091743119266 105.59174311926604 -1 0 0
99.88837920489296 85.40825688073397 -1 0 0
85.8211009174312 78.0688073394495 -1 0 0
71.14220183486238 77.4571865443425 -1 0 0
60.133027522935784 62.77828746177369 -1 0 0
70.53058103975535 66.44801223241592 -1 0 0
71.75382262996943 52.3807339449541 -1 0 0
81.53975535168196 35.255351681957166 -1 0 0
90.10244648318043 46.87614678899081 -1 0 0
94.38379204892966 54.21559633027521 -1 0 0
93.7721712538226 64.00152905198775 -1 0 0
104.78134556574925 54.21559633027521 -1 0 0
110.89755351681958 75.62232415902139 -1 0 0
123.12996941896024 94.58256880733944 -1 0 0
136.58562691131502 89.07798165137615 -1 0 0
146.37155963302754 98.86391437308868 -1 0 0
143.31345565749237 108.0382262996942 -1 0 0
145.7599388379205 117.82415902140673 -1 0 0
137.19724770642202 126.38685015290521 -1 0 0
129.2461773700306 145.9587155963303 -1 0 0
122.51834862385319 155.1330275229358 -1 0 0
134.13914373088684 155.1330275229358 -1 0 0
145.7599388379205 139.84250764525996 -1 0 0
175.72935779816515 150.24006116207954 -1 0 0
108.45107033639142 30.36238532110093 -1 0 0
124.96483180428136 19.353211009174288 -1 0 0
120.07186544342507 53.60397553516822 -1 0 0
113.95565749235472 45.04128440366975 -1 0 0
125.57645259938836 34.03211009174311 -1 0 0
125.57645259938836 62.166666666666686 -1 0 0
138.42048929663608 65.2247706422018 -1 0 0
139.03211009174314 30.36238532110093 -1 0 0
145.7599388379205 13.848623853210997 -1 0 0
150.65290519877678 34.03211009174311 -1 0 0
160.4388379204893 42.594801223241575 -1 0 0
149.42966360856272 46.87614678899081 -1 0 0
154.934250764526 57.88532110091746 -1 0 0
146.37155963302754 75.01070336391439 -1 0 0
156.15749235474007 90.91284403669727 -1 0 0
167.16666666666663 65.2247706422018 -1 0 0
170.8363914373089 26.692660550458697 -1 0 0
167.7782874617737 19.353211009174288 -1 0 0
193.4663608562691 16.90672782874617 -1 0 0
180.62232415902142 12.625382262996936 -1 0 0
191.019877675841 34.03211009174311 -1 0 0
181.23394495412848 37.09021406727828 -1 0 0
186.73853211009177 46.87614678899081 -1 0 0
206.31039755351682 34.643730886850165 -1 0 0
198.9709480122324 46.87614678899081 -1 0 0
180.01070336391436 52.3807339449541 -1 0 0
184.90366972477062 66.44801223241592 -1 0 0
175.11773700305812 75.01070336391439 -1 0 0
183.6804281345566 83.57339449541286 -1 0 0
180.62232415902142 95.1941896024465 -1 0 0
172.05963302752295 99.47553516819572 -1 0 0
157.38073394495413 107.42660550458714 -1 0 0
167.16666666666663 134.9495412844037 -1 0 0
179.39908256880736 139.23088685015293 -1 0 0
194.07798165137615 140.454128440367 -1 0 0
198.3593272171254 130.66819571865443 -1 0 0
170.8363914373089 113.54281345565748 -1 0 0
194.07798165137615 159.41437308868504 -1 0 0
189.79663608562694 178.3746177370031 -1 0 0
198.9709480122324 178.98623853211012 -1 0 0
213.64984709480123 152.68654434250766 -1 0 0
211.20336391437309 186.93730886850156 -1 0 0
195.91284403669724 197.33486238532112 -1 0 0
182.45718654434253 191.2186544342508 -1 0 0
175.11773700305812 205.28593272171256 -1 0 0
188.57339449541283 213.84862385321102 -1 0 0
159.82721712538225 218.12996941896026 -1 0 0
159.21559633027522 239.53669724770643 -1 0 0
161.0504587155964 264.0015290519878 -1 0 0
195.30122324159024 240.1483180428135 -1 0 0
207.53363914373088 238.31345565749237 -1 0 0
172.67125382263 268.28287461773704 -1 0 0
180.62232415902142 280.51529051987774 -1 0 0
202.02905198776756 269.5061162079511 -1 0 0
213.64984709480123 265.8363914373089 -1 0 0
207.53363914373088 292.1360856269114 -1 0 0
193.4663608562691 315.3776758409786 -1 0 0
175.72935779816515 328.2217125382263 -1 0 0
167.7782874617737 341.6773700305811 -1 0 0
165.3318042813456 377.151376146789 -1 0 0
177.56422018348624 369.81192660550465 -1 0 0
180.62232415902142 384.4908256880734 -1 0 0
203.8639143730887 364.3073394495413 -1 0 0
216.7079510703364 384.4908256880734 -1 0 0
235.0565749235474 375.31651376146795 -1 0 0
246.67737003058105 350.24006116207954 -1 0 0
271.7538226299695 366.7538226299695 -1 0 0
265.02599388379207 381.43272171253824 -1 0 0
305.3929663608563 375.92813455657495 -1 0 0
302.3348623853211 357.57951070336395 -1 0 0
284.5978593272172 336.1727828746178 -1 0 0
270.53058103975536 323.3287461773701 -1 0 0
230.16360856269117 342.28899082568813 -1 0 0
220.98929663608564 328.83333333333337 -1 0 0
233.22171253822629 306.81498470948014 -1 0 0
240.5611620795107 274.3990825688074 -1 0 0
255.2400611620795 278.6804281345566 -1 0 0
266.8608562691132 296.4174311926606 -1 0 0
225.88226299694188 287.85474006116215 -1 0 0
274.8119266055046 274.3990825688074 -1 0 0
298.0535168195719 278.06880733944956 -1 0 0
287.0443425076453 246.87614678899084 -1 0 0
272.3654434250765 252.38073394495416 -1 0 0
258.2981651376147 248.0993883792049 -1 0 0
243.00764525993887 248.0993883792049 -1 0 0
233.83333333333334 243.81804281345566 -1 0 0
239.33792048929664 221.18807339449543 -1 0 0
173.282874617737 246.87614678899084 -1 0 0
225.88226299694188 212.62538226299696 -1 0 0
225.88226299694188 195.50000000000006 -1 0 0
230.77522935779817 178.98623853211012 -1 0 0
240.5611620795107 178.98623853211012 -1 0 0
253.40519877675843 178.98623853211012 -1 0 0
265.02599388379207 167.36544342507648 -1 0 0
280.31651376146795 174.09327217125386 -1 0 0
265.6376146788991 189.9954128440367 -1 0 0
258.2981651376147 209.5672782874618 -1 0 0
270.53058103975536 219.35321100917432 -1 0 0
298.66513761467894 223.02293577981652 -1 0 0
288.8792048929664 231.585626911315 -1 0 0
313.95565749235476 229.75076452599387 -1 0 0
326.18807339449546 226.69266055045875 -1 0 0
339.03211009174316 234.03211009174314 -1 0 0
291.9373088685016 204.06269113149847 -1 0 0
324.9648318042814 207.12079510703367 -1 0 0
298.0535168195719 185.10244648318044 -1 0 0
319.46024464831805 177.76299694189603 -1 0 0
337.19724770642205 185.10244648318044 -1 0 0
225.27064220183487 164.91896024464833 -1 0 0
236.8914373088685 154.52140672782878 -1 0 0
236.2798165137615 140.454128440367 -1 0 0
225.27064220183487 134.9495412844037 -1 0 0
210.59174311926608 136.17278287461775 -1 0 0
210.59174311926608 122.10550458715596 -1 0 0
216.09633027522935 105.59174311926604 -1 0 0
231.38685015290523 101.3103975535168 -1 0 0
194.68960244648318 106.20336391437309 -1 0 0
219.15443425076455 83.57339449541286 -1 0 0
207.53363914373088 72.56422018348621 -1 0 0
211.81498470948011 53.60397553516822 -1 0 0
224.04740061162082 47.48776758409787 -1 0 0
221.60091743119264 13.237003058103994 -1 0 0
227.71712538226302 24.24617737003058 -1 0 0
248.51223241590216 30.974006116207935 -1 0 0
251.57033639143734 13.848623853210997 -1 0 0
238.72629969418963 41.371559633027516 -1 0 0
252.7935779816514 38.31345565749234 -1 0 0
264.41437308868507 28.527522935779814 -1 0 0
239.9495412844037 54.21559633027521 -1 0 0
242.3960244648318 66.44801223241592 -1 0 0
254.62844036697246 64.6131498470948 -1 0 0
266.2492354740061 82.35015290519874 -1 0 0
274.2003058103976 64.00152905198775 -1 0 0
269.3073394495413 43.818042813455634 -1 0 0
282.76299694189606 43.818042813455634 -1 0 0
293.77217125382265 36.47859327217128 -1 0 0
280.92813455657495 26.081039755351696 -1 0 0
302.9464831804282 37.09021406727828 -1 0 0
312.12079510703364 18.12996941896023 -1 0 0
321.9067278287462 32.19724770642205 -1 0 0
302.9464831804282 55.43883792048928 -1 0 0
293.16055045871565 64.00152905198775 -1 0 0
310.8975535168196 73.78746177370027 -1 0 0
286.43272171253824 81.12691131498474 -1 0 0
299.888379204893 89.6896024464832 -1 0 0
296.8302752293578 100.69877675840979 -1 0 0
291.32568807339453 109.87308868501526 -1 0 0
275.42354740061165 103.14525993883791 -1 0 0
250.34709480122322 104.98012232415903 -1 0 0
245.45412844036701 115.98929663608561 -1 0 0
264.41437308868507 124.55198776758407 -1 0 0
253.40519877675843 135.56116207951072 -1 0 0
281.539755351682 126.9984709480122 -1 0 0
271.1422018348624 152.07492354740063 -1 0 0
299.27675840978594 154.52140672782878 -1 0 0
307.2278287461774 132.50305810397555 -1 0 0
315.7905198776759 112.31957186544345 -1 0 0
323.1299694189603 106.20336391437309 -1 0 0
335.974006116208 103.14525993883791 -1 0 0
331.69266055045875 87.85474006116209 -1 0 0
312.7324159021407 96.41743119266056 -1 0 0
347.59480122324163 70.72935779816515 -1 0 0
332.9159021406728 68.28287461773698 -1 0 0
324.35321100917434 51.7691131498471 -1 0 0
339.64373088685016 51.15749235474005 -1 0 0
333.52752293577987 40.759938837920515 -1 0 0
313.95565749235476 62.77828746177369 -1 0 0
343.3134556574924 19.353211009174288 -1 0 0
370.8363914373089 16.90672782874617 -1 0 0
380.6223241590214 19.353211009174288 -1 0 0
367.7782874617737 29.750764525993873 -1 0 0
345.14831804281346 29.750764525993873 -1 0 0
351.87614678899087 35.255351681957166 -1 0 0
354.322629969419 56.05045871559633 -1 0 0
367.7782874617737 51.15749235474005 -1 0 0
375.72935779816515 38.31345565749234 -1 0 0
386.73853211009174 38.31345565749234 -1 0 0
376.3409785932721 58.49694189602445 -1 0 0
398.3593272171255 38.31345565749234 -1 0 0
393.46636085626903 64.00152905198775 -1 0 0
364.1085626911316 76.23394495412845 -1 0 0
350.04128440366975 92.74770642201833 -1 0 0
352.48776758409787 103.75688073394497 -1 0 0
373.28287461773704 92.13608562691132 -1 0 0
375.11773700305815 109.26146788990826 -1 0 0
356.7691131498471 117.82415902140673 -1 0 0
347.59480122324163 130.66819571865443 -1 0 0
340.8669724770642 137.39602446483184 -1 0 0
319.46024464831805 141.67737003058107 -1 0 0
326.18807339449546 163.69571865443427 -1 0 0
337.8088685015291 167.9770642201835 -1 0 0
353.711009174312 150.85168195718657 -1 0 0
366.5550458715597 152.07492354740063 -1 0 0
377.56422018348627 143.51223241590216 -1 0 0
372.0596330275229 126.38685015290521 -1 0 0
389.18501529051986 122.10550458715596 -1 0 0
397.7477064220183 137.39602446483184 -1 0 0
401.41743119266056 103.75688073394497 -1 0 0
391.6314984709481 84.79663608562691 -1 0 0
383.6804281345566 103.75688073394497 -1 0 0
391.019877675841 148.40519877675843 -1 0 0
409.980122324159 169.8119266055046 -1 0 0
403.2522935779817 152.68654434250766 -1 0 0
419.7660550458716 147.7935779816514 -1 0 0
421.6009174311927 163.69571865443427 -1 0 0
356.1574923547401 171.6467889908257 -1 0 0
369.0015290519878 188.16055045871562 -1 0 0
385.51529051987774 180.20948012232418 -1 0 0
359.82721712538233 212.62538226299696 -1 0 0
348.81804281345563 202.22782874617735 -1 0 0
355.5458715596331 229.75076452599387 -1 0 0
386.73853211009174 215.68348623853214 -1 0 0
396.52446483180427 201.0045871559633 -1 0 0
373.28287461773704 213.84862385321102 -1 0 0
407.5336391437309 216.9067278287462 -1 0 0
428.940366972477 202.22782874617735 -1 0 0
433.8333333333333 193.6651376146789 -1 0 0
447.28899082568813 205.89755351681958 -1 0 0
427.717125382263 227.9159021406728 -1 0 0
398.97094801223244 242.5948012232416 -1 0 0
384.2920489296636 238.31345565749237 -1 0 0
346.37155963302763 255.43883792048933 -1 0 0
324.9648318042814 266.4480122324159 -1 0 0
345.7599388379206 292.1360856269114 -1 0 0
337.8088685015291 310.4847094801224 -1 0 0
315.7905198776759 338.0076452599389 -1 0 0
309.0626911314985 319.04740061162084 -1 0 0
301.11162079510706 302.5336391437309 -1 0 0
286.43272171253824 311.0963302752294 -1 0 0
323.7415902140673 353.9097859327218 -1 0 0
337.19724770642205 362.47247706422024 -1 0 0
355.5458715596331 377.76299694189606 -1 0 0
344.5366972477064 344.73547400611625 -1 0 0
389.18501529051986 353.9097859327218 -1 0 0
353.711009174312 332.50305810397555 -1 0 0
378.1758409785933 314.7660550458716 -1 0 0
397.7477064220183 299.47553516819573 -1 0 0
392.8547400611621 330.6681957186545 -1 0 0
428.940366972477 376.539755351682 -1 0 0
438.72629969418966 379.5978593272172 -1 0 0
390.408256880734 369.81192660550465 -1 0 0
433.2217125382263 341.0657492354741 -1 0 0
455.8516819571866 353.9097859327218 -1 0 0
480.31651376146783 369.81192660550465 -1 0 0
517.0137614678899 369.81192660550465 -1 0 0
553.0993883792049 372.25840978593277 -1 0 0
571.448012232416 374.0932721712539 -1 0 0
546.3715596330276 350.8516819571866 -1 0 0
500.5000000000001 358.802752293578 -1 0 0
497.4418960244649 334.9495412844037 -1 0 0
477.87003058103977 319.04740061162084 -1 0 0
447.28899082568813 320.88226299694196 -1 0 0
428.940366972477 311.0963302752294 -1 0 0
421.6009174311927 287.85474006116215 -1 0 0
424.04740061162084 271.95259938837927 -1 0 0
443.6192660550459 279.9036697247707 -1 0 0
458.2981651376147 284.796636085627 -1 0 0
475.42354740061165 289.0779816513762 -1 0 0
490.7140672782875 295.1941896024465 -1 0 0
506.0045871559633 280.51529051987774 -1 0 0
508.4510703363914 309.2614678899083 -1 0 0
527.4113149847095 317.8241590214068 -1 0 0
556.1574923547402 319.04740061162084 -1 0 0
567.1666666666667 328.2217125382263 -1 0 0
586.7385321100918 331.89143730886855 -1 0 0
561.0504587155964 295.1941896024465 -1 0 0
595.3012232415903 289.6896024464832 -1 0 0
569.0015290519879 274.3990825688074 -1 0 0
540.2553516819572 275.62232415902145 -1 0 0
521.2951070336392 265.8363914373089 -1 0 0
501.11162079510706 264.0015290519878 -1 0 0
458.9097859327217 256.6620795107034 -1 0 0
458.9097859327217 242.5948012232416 -1 0 0
432.6100917431193 238.31345565749237 -1 0 0
452.18195718654437 221.18807339449543 -1 0 0
468.0840978593272 222.4113149847095 -1 0 0
483.3746177370032 218.12996941896026 -1 0 0
499.276758409786 211.4021406727829 -1 0 0
505.3929663608563 229.75076452599387 -1 0 0
496.8302752293578 244.42966360856272 -1 0 0
540.8669724770643 210.79051987767585 -1 0 0
523.7415902140674 205.28593272171256 -1 0 0
551.8761467889909 199.7813455657493 -1 0 0
556.1574923547402 183.26758409785936 -1 0 0
573.2828746177371 188.77217125382265 -1 0 0
595.9128440366973 186.93730886850156 -1 0 0
580.0107033639144 170.42354740061165 -1 0 0
567.1666666666667 163.08409785932724 -1 0 0
558.6039755351683 150.85168195718657 -1 0 0
586.7385321100918 158.802752293578 -1 0 0
578.1758409785933 149.01681957186545 -1 0 0
593.4663608562691 146.57033639143734 -1 0 0
534.750764525994 163.08409785932724 -1 0 0
513.9556574923548 175.92813455657495 -1 0 0
496.8302752293578 177.76299694189603 -1 0 0
487.65596330275235 169.8119266055046 -1 0 0
506.0045871559633 156.9678899082569 -1 0 0
521.2951070336392 163.08409785932724 -1 0 0
528.0229357798166 150.85168195718657 -1 0 0
515.7905198776759 139.23088685015293 -1 0 0
535.362385321101 141.06574923547402 -1 0 0
553.0993883792049 130.66819571865443 -1 0 0
542.7018348623853 120.27064220183485 -1 0 0
521.9067278287463 119.65902140672785 -1 0 0
504.1697247706422 122.10550458715596 -1 0 0
570.2247706422019 105.59174311926604 -1 0 0
580.0107033639144 120.8822629969419 -1 0 0
586.1269113149848 136.17278287461775 -1 0 0
597.1360856269114 106.20336391437309 -1 0 0
468.0840978593272 188.77217125382265 -1 0 0
449.73547400611625 178.3746177370031 -1 0 0
461.96788990825695 167.36544342507648 -1 0 0
449.1238532110092 165.53058103975536 -1 0 0
436.89143730886855 155.1330275229358 -1 0 0
476.03516819571865 143.51223241590216 -1 0 0
458.9097859327217 140.454128440367 -1 0 0
432.6100917431193 134.9495412844037 -1 0 0
419.1544342507645 128.2217125382263 -1 0 0
432.6100917431193 119.04740061162079 -1 0 0
415.48470948012243 105.59174311926604 -1 0 0
417.3195718654435 92.13608562691132 -1 0 0
407.5336391437309 89.07798165137615 -1 0 0
421.6009174311927 81.12691131498474 -1 0 0
430.1636085626912 75.01070336391439 -1 0 0
436.27981651376155 87.85474006116209 -1 0 0
441.1727828746178 101.92201834862385 -1 0 0
443.0076452599389 114.1544342507645 -1 0 0
455.2400611620795 112.31957186544345 -1 0 0
449.73547400611625 92.13608562691132 -1 0 0
466.8608562691132 117.82415902140673 -1 0 0
484.5978593272171 117.82415902140673 -1 0 0
503.5581039755352 104.98012232415903 -1 0 0
518.237003058104 99.47553516819572 -1 0 0
528.6345565749236 89.07798165137615 -1 0 0
547.5948012232417 99.47553516819572 -1 0 0
559.2155963302753 85.40825688073397 -1 0 0
575.1177370030582 75.62232415902139 -1 0 0
537.8088685015291 77.4571865443425 -1 0 0
512.7324159021407 83.57339449541286 -1 0 0
494.9954128440367 89.07798165137615 -1 0 0
482.15137614678906 98.86391437308868 -1 0 0
468.6957186544343 82.35015290519874 -1 0 0
453.4051987767585 70.72935779816515 -1 0 0
439.94954128440367 58.49694189602445 -1 0 0
413.6498470948013 60.33180428134557 -1 0 0
417.3195718654435 42.594801223241575 -1 0 0
436.27981651376155 30.974006116207935 -1 0 0
452.18195718654437 24.24617737003058 -1 0 0
437.50305810397555 15.071865443425054 -1 0 0
448.51223241590213 45.04128440366975 -1 0 0
471.7538226299694 43.20642201834863 -1 0 0
475.42354740061165 35.255351681957166 -1 0 0
461.35626911314984 13.237003058103994 -1 0 0
476.64678899082566 15.071865443425054 -1 0 0
483.9862385321101 23.63455657492358 -1 0 0
501.11162079510706 22.411314984709463 -1 0 0
501.11162079510706 38.31345565749234 -1 0 0
493.1605504587156 25.469418960244635 -1 0 0
489.49082568807336 42.594801223241575 -1 0 0
496.8302752293578 53.60397553516822 -1 0 0
485.82110091743124 75.01070336391439 -1 0 0
499.276758409786 71.34097859327215 -1 0 0
523.1299694189603 66.44801223241592 -1 0 0
521.9067278287463 37.09021406727828 -1 0 0
524.9648318042814 23.63455657492358 -1 0 0
540.8669724770643 21.799694189602462 -1 0 0
575.1177370030582 17.518348623853228 -1 0 0
572.6712538226301 43.818042813455634 -1 0 0
556.1574923547402 43.818042813455634 -1 0 0
585.5152905198778 51.15749235474005 -1 0 0
555.545871559633 75.01070336391439 -1 0 0
540.2553516819572 43.818042813455634 -1 0 0
249.73547400611622 81.12691131498474 -1 0 0
386.12691131498474 80.51529051987768 -1 0 0
406.9220183486239 386.32568807339453 -1 0 0
536.5856269113151 244.42966360856272 -1 0 0
554.934250764526 240.75993883792054 -1 0 0
575.1177370030582 230.97400611620793 -1 0 0
589.1850152905199 218.12996941896026 -1 0 0
577.5642201834863 252.38073394495416 -1 0 0
477.87003058103977 130.66819571865443 -1 0 0
485.2094801223241 152.68654434250766 -1 0 0
596.5244648318044 126.38685015290521 -1 0 0
83.98623853211011 208.34403669724773 -1 0 0
112.28821178821181 10.884615384615415 -1 0 0
102.69780219780225 19.875624375624398 -1 0 0
75.12537462537466 13.88161838161841 -1 0 0
45.7547452547453 23.472027972028002 -1 0 0
132.0684315684316 292.60289710289715 -1 0 0
567.2332667332668 25.27022977022978 -1 0 0
586.414085914086 4.890609390609427 -1 0 0
548.0524475524476 9.685814185814195 -1 0 0
524.6758241758242 6.0894105894105905 -1 0 0
513.8866133866135 17.478021978022014 -1 0 0
431.16933066933075 7.88761238761242 -1 0 0
414.9855144855145 6.688811188811201 -1 0 0
401.1993006993008 6.0894105894105905 -1 0 0
401.79870129870136 15.080419580419628 -1 0 0
380.2202797202798 6.688811188811201 -1 0 0
365.8346653346654 6.0894105894105905 -1 0 0
333.46703296703305 23.472027972028002 -1 0 0
328.6718281718282 3.6918081918082066 -1 0 0
300.50000000000006 6.0894105894105905 -1 0 0
168.0324675324676 6.688811188811201 -1 0 0
196.20429570429576 6.0894105894105905 -1 0 0
374.22627372627375 255.98701298701297 -1 0 0
376.3241758241759 272.17082917082917 -1 0 0
