51.98293586280242 778.1752455923755 -1 0 0
43.52286151618745 756.42076870108 -1 0 0
64.06875635796668 710.494650819456 -1 0 0
39.89711536763821 582.3849535707154 -1 0 0
18.142638476342633 573.9248792241004 -1 0 0
33.85420512005613 540.0845818376406 -1 0 0
33.85420512005613 511.0786126492465 -1 0 0
42.31427946667105 494.1584639560166 -1 0 0
55.60868201135171 448.23234607439264 -1 0 0
74.94599480361444 463.943912718106 -1 0 0
80.98890505119653 476.0297332132702 -1 0 0
85.8232332492622 514.7043587977959 -1 0 0
82.19748710071292 550.9618202832884 -1 0 0
94.28330759587718 608.9737586600766 -1 0 0
139.00084342798473 652.4827124426678 -1 0 0
148.6694998241161 700.8259944233246 -1 0 0
177.6754690125102 702.0345764728411 -1 0 0
143.83517162605042 605.3480125115273 -1 0 0
164.38106646782964 592.0536099668468 -1 0 0
119.663530635722 570.2991330755511 -1 0 0
161.96390236879674 514.7043587977959 -1 0 0
139.00084342798473 489.3241357579509 -1 0 0
102.74338194249215 472.40398706472104 -1 0 0
103.95196399200854 453.06667427245833 -1 0 0
113.62062038813991 424.0607050840643 -1 0 0
96.70047169490996 421.6435409850314 -1 0 0
126.91502293282056 421.6435409850314 -1 0 0
142.626589576534 438.5636896782612 -1 0 0
164.38106646782964 463.943912718106 -1 0 0
151.08666392314896 422.85212303454773 -1 0 0
161.96390236879674 425.26928713358063 -1 0 0
177.6754690125102 432.5207794306791 -1 0 0
180.09263311154308 459.10958452004036 -1 0 0
187.34412540864156 492.9498819065002 -1 0 0
211.51576639897002 540.0845818376406 -1 0 0
182.50979721057587 550.9618202832884 -1 0 0
188.55270745815807 582.3849535707154 -1 0 0
206.6814382009043 590.8450279173303 -1 0 0
228.4359150921999 588.4278638182975 -1 0 0
262.2762124786597 567.8819689765184 -1 0 0
294.90792781560305 604.1394304620109 -1 0 0
358.96277643997337 613.8080868581422 -1 0 0
373.4657610341704 627.1024894028229 -1 0 0
396.42881997498245 658.52562269025 -1 0 0
386.7601635788511 775.7580814933427 -1 0 0
447.1892660546722 668.1942790863814 -1 0 0
483.4467275401648 622.2681612047572 -1 0 0
495.53254803532906 780.5924096914084 -1 0 0
563.2131428082484 717.7461431165545 -1 0 0
599.4706042937412 740.7092020573666 -1 0 0
607.9306786403564 674.2371893339633 -1 0 0
547.501576164535 590.8450279173303 -1 0 0
528.1642633722723 600.5136843134617 -1 0 0
485.8638916391977 599.3051022639453 -1 0 0
432.68628146047513 593.2621920163632 -1 0 0
395.22023792546605 588.4278638182975 -1 0 0
352.9198661923913 561.8390587289362 -1 0 0
356.5456123409406 523.1644331444107 -1 0 0
329.9568072515793 525.5815972434435 -1 0 0
292.4907637165702 550.9618202832884 -1 0 0
280.40494322140603 532.833089540542 -1 0 0
286.4478534689881 480.8640614113359 -1 0 0
251.39897403301194 506.2442844511808 -1 0 0
252.60755608252833 461.52674861907315 -1 0 0
233.27024329026563 476.0297332132702 -1 0 0
221.18442279510134 410.7663025393835 -1 0 0
194.59561770574015 408.3491384403507 -1 0 0
204.2642741018715 396.26331794518654 -1 0 0
256.23330223107763 419.2263768859985 -1 0 0
271.9448688747911 404.72339229180136 -1 0 0
279.19636117188963 374.50884105389093 -1 0 0
257.44188428059397 370.88309490534164 -1 0 0
368.63143283610475 497.7842101045659 -1 0 0
356.5456123409406 480.8640614113359 -1 0 0
357.754194390457 463.943912718106 -1 0 0
327.5396431525465 459.10958452004036 -1 0 0
314.24524060786587 465.1524947676225 -1 0 0
367.42285078658836 447.0237640248762 -1 0 0
385.5515815293347 453.06667427245833 -1 0 0
412.14038661869586 456.69242042100745 -1 0 0
396.42881997498245 489.3241357579509 -1 0 0
392.80307382643315 527.9987613424763 -1 0 0
429.06053531192583 518.330104946345 -1 0 0
442.35493785660657 514.7043587977959 -1 0 0
458.06650450032 492.9498819065002 -1 0 0
442.35493785660657 486.9069716589181 -1 0 0
455.6493404012871 473.61256911423743 -1 0 0
444.7721019556393 466.3610768171389 -1 0 0
425.4347891633766 421.6435409850314 -1 0 0
395.22023792546605 405.9319743413178 -1 0 0
444.7721019556393 438.5636896782612 -1 0 0
488.28105573823046 447.0237640248762 -1 0 0
476.1952352430663 484.4898075598852 -1 0 0
488.28105573823046 512.287194698763 -1 0 0
505.2012044314604 511.0786126492465 -1 0 0
542.6672479664695 553.3789843823213 -1 0 0
559.5873966596993 531.6245074910256 -1 0 0
581.3418735509949 526.7901792929599 -1 0 0
598.2620222442249 523.1644331444107 -1 0 0
595.8448581451919 474.8211511637538 -1 0 0
571.6732171548636 482.0726434608524 -1 0 0
535.4157556693709 497.7842101045659 -1 0 0
513.6612787780754 484.4898075598852 -1 0 0
525.7470992732395 449.4409281239091 -1 0 0
514.8698608275917 444.60659992584334 -1 0 0
528.1642633722723 424.0607050840643 -1 0 0
519.7041890256575 414.3920486879328 -1 0 0
499.15829418387824 416.80921278696565 -1 0 0
511.24411467904235 416.80921278696565 -1 0 0
691.3228400569892 567.8819689765184 -1 0 0
620.0164991355205 604.1394304620109 -1 0 0
649.0224683239145 582.3849535707154 -1 0 0
817.0153732066971 578.7592074221661 -1 0 0
812.1810450086313 640.3968919475036 -1 0 0
806.1381347610492 689.9487559776768 -1 0 0
762.6291809784583 726.2062174631695 -1 0 0
694.9485862055386 686.3230098291275 -1 0 0
673.1941093142428 664.5685329378321 -1 0 0
705.8258246511863 561.8390587289362 -1 0 0
719.1202271958668 561.8390587289362 -1 0 0
698.5743323540878 520.747269045378 -1 0 0
642.9795580763324 548.5446561842556 -1 0 0
597.0534401947084 565.4648048774854 -1 0 0
630.8937375811681 456.69242042100745 -1 0 0
647.813886274398 457.901002470524 -1 0 0
680.4456016113414 448.23234607439264 -1 0 0
734.8317938395803 467.5696588666554 -1 0 0
721.5373912948996 478.4468973123031 -1 0 0
749.3347784337775 489.3241357579509 -1 0 0
756.5862707308761 506.2442844511808 -1 0 0
749.3347784337775 520.747269045378 -1 0 0
772.2978373745894 535.2502536395749 -1 0 0
789.2179860678192 525.5815972434435 -1 0 0
881.0702218310673 695.9916662252589 -1 0 0
954.7937268515691 700.8259944233246 -1 0 0
977.7567857923809 613.8080868581422 -1 0 0
971.7138755447988 583.5935356202318 -1 0 0
943.9164884059214 565.4648048774854 -1 0 0
943.9164884059214 540.0845818376406 -1 0 0
946.333652504954 515.9129408473123 -1 0 0
906.4504448709122 525.5815972434435 -1 0 0
906.4504448709122 506.2442844511808 -1 0 0
891.9474602767152 472.40398706472104 -1 0 0
868.9844013359032 506.2442844511808 -1 0 0
823.0582834542791 503.827120352148 -1 0 0
820.6411193552464 546.1274920852227 -1 0 0
838.7698500979926 525.5815972434435 -1 0 0
866.5672372368701 492.9498819065002 -1 0 0
814.5982091076643 431.31219738116266 -1 0 0
794.052314265885 448.23234607439264 -1 0 0
831.518357800894 430.1036153316463 -1 0 0
849.6470885436404 453.06667427245833 -1 0 0
878.6530577320345 450.6495101734254 -1 0 0
877.444475682518 427.6864512326134 -1 0 0
891.9474602767152 427.6864512326134 -1 0 0
911.284773068978 448.23234607439264 -1 0 0
937.8735781583389 427.6864512326134 -1 0 0
926.9963397126913 421.6435409850314 -1 0 0
956.0023089010856 447.0237640248762 -1 0 0
957.2108909506017 431.31219738116266 -1 0 0
959.6280550496347 480.8640614113359 -1 0 0
985.0082780894795 509.8700305997301 -1 0 0
1018.8485754759394 463.943912718106 -1 0 0
1021.2657395749724 512.287194698763 -1 0 0
807.3467168105657 404.72339229180136 -1 0 0
826.6840296028284 413.1834666384164 -1 0 0
795.2608963154015 408.3491384403507 -1 0 0
759.0034348299089 408.3491384403507 -1 0 0
768.6720912260402 404.72339229180136 -1 0 0
775.9235835231387 393.8461538461537 -1 0 0
739.6661220376461 405.9319743413178 -1 0 0
740.8747040871624 393.8461538461537 -1 0 0
832.7269398504105 404.72339229180136 -1 0 0
895.5732064252645 571.5077151250675 -1 0 0
620.0164991355205 480.8640614113359 -1 0 0
632.1023196306845 433.72936148019556 -1 0 0
587.384783798577 453.06667427245833 -1 0 0
591.0105299471263 444.60659992584334 -1 0 0
582.5504556005112 438.5636896782612 -1 0 0
565.6303069072815 408.3491384403507 -1 0 0
519.7041890256575 402.3062281927686 -1 0 0
499.15829418387824 397.4718999947029 -1 0 0
489.48963778774686 408.3491384403507 -1 0 0
479.8209813916155 396.26331794518654 -1 0 0
471.3609070450006 396.26331794518654 -1 0 0
450.81501220322133 404.72339229180136 -1 0 0
437.5206096585408 402.3062281927686 -1 0 0
293.6993457660867 431.31219738116266 -1 0 0
291.2821816670538 410.7663025393835 -1 0 0
274.3620329738239 421.6435409850314 -1 0 0
253.81613813204473 389.011825648088 -1 0 0
231.67676471347215 399.8890640937357 -1 0 0
216.56948909451688 399.8890640937357 -1 0 0
159.76613276724513 401.0976461432521 -1 0 0
139.22023792546597 401.0976461432521 -1 0 0
283.64579284267825 393.84615384615364 -1 0 0
414.77694521520993 391.42898974712074 -1 0 0
426.8627657103742 391.42898974712074 -1 0 0
438.9485862055384 391.42898974712074 -1 0 0
440.1571682550548 383.573206425264 -1 0 0
449.8258246511861 378.1345872024401 -1 0 0
461.30735412159214 382.9689154005058 -1 0 0
473.99746564151457 383.573206425264 -1 0 0
490.31332330998623 384.78178847478046 -1 0 0
494.5433604832938 372.6959679796162 -1 0 0
496.3562335575683 363.63160260824304 -1 0 0
480.0403758890967 373.9045500291326 -1 0 0
473.99746564151457 376.3217141281655 -1 0 0
450.43011567594436 363.63160260824304 -1 0 0
438.9485862055384 366.0487667072759 -1 0 0
438.9485862055384 358.1929833854192 -1 0 0
428.67563878464875 359.4015654349356 -1 0 0
417.798400339001 373.9045500291326 -1 0 0
428.0713477598906 373.9045500291326 -1 0 0
414.1726541904517 363.63160260824304 -1 0 0
403.29541574480396 370.2788038805834 -1 0 0
403.8997067695622 381.1560423262312 -1 0 0
394.23105037343083 384.78178847478046 -1 0 0
386.97955807633224 373.9045500291326 -1 0 0
384.56239397729945 364.2358936330013 -1 0 0
392.4181772991562 366.0487667072759 -1 0 0
603.0963504422905 420.4349589355148 -1 0 0
593.4276940461591 414.996339712691 -1 0 0
597.0534401947084 406.536265366076 -1 0 0
621.829372209795 414.996339712691 -1 0 0
614.5778799126965 402.3062281927685 -1 0 0
626.6637004078607 399.2847730689775 -1 0 0
643.5838491010905 407.7448474155924 -1 0 0
651.4396324229473 420.4349589355148 -1 0 0
631.4980286059264 382.36462437574755 -1 0 0
642.9795580763323 378.7388782271983 -1 0 0
653.2525054972219 378.7388782271983 -1 0 0
616.9950440117293 384.1774974500222 -1 0 0
607.9306786403562 382.36462437574755 -1 0 0
600.0748953184994 385.38607949953865 -1 0 0
605.5135145413233 389.6161166728461 -1 0 0
592.2191119966427 386.59466154905505 -1 0 0
592.823403021401 378.13458720244006 -1 0 0
584.9676196995441 370.8830949053416 -1 0 0
574.6946722786545 398.0761910194611 -1 0 0
572.2775081796217 383.573206425264 -1 0 0
565.0260158825231 372.69596797961617 -1 0 0
572.2775081796217 364.2358936330013 -1 0 0
560.1916876844574 396.8676089699446 -1 0 0
550.5230312883261 392.63757179663713 -1 0 0
546.8972851397768 379.3431692519565 -1 0 0
552.940195387359 371.4873859300997 -1 0 0
536.0200466941291 378.13458720244006 -1 0 0
537.8329197684037 398.0761910194611 -1 0 0
534.2071736198544 390.8246987223625 -1 0 0
519.0998980008992 367.2573487567923 -1 0 0
509.4312416047677 383.573206425264 -1 0 0
505.8054954562185 376.92600515292366 -1 0 0
510.6398236542842 360.00585645969375 -1 0 0
605.5135145413234 360.610147484452 -1 0 0
600.6791863432577 353.35865518735346 -1 0 0
593.4276940461591 353.35865518735346 -1 0 0
597.0534401947084 344.89858084073853 -1 0 0
600.0748953184994 336.43850649412354 -1 0 0
610.9521337641472 335.22992444460715 -1 0 0
607.9306786403562 347.9200359645296 -1 0 0
612.7650068384219 341.27283469218924 -1 0 0
619.4122081107622 347.9200359645296 -1 0 0
619.4122081107622 339.4599616179146 -1 0 0
616.3907529869712 325.5612680484758 -1 0 0
623.0379542593115 336.43850649412354 -1 0 0
627.8722824573771 342.48141674170574 -1 0 0
636.3323568039921 346.1071628902549 -1 0 0
641.1666850020578 345.50287186549673 -1 0 0
575.903254328171 345.50287186549673 -1 0 0
581.9461645757531 340.66854366743104 -1 0 0
587.3847837985769 335.22992444460715 -1 0 0
589.1976568728517 329.7913052217832 -1 0 0
585.5719107243024 324.95697702371757 -1 0 0
591.0105299471263 324.35268599895943 -1 0 0
591.6148209718845 320.1226488256519 -1 0 0
603.7006414670487 327.9784321475086 -1 0 0
561.4002697339739 344.89858084073853 -1 0 0
549.3144492388099 343.68999879122214 -1 0 0
546.897285139777 356.38011031114456 -1 0 0
564.421724857765 353.35865518735346 -1 0 0
554.7530684616337 363.02731158348485 -1 0 0
542.6672479664695 363.02731158348485 -1 0 0
534.2071736198545 366.0487667072759 -1 0 0
523.9342261989649 379.3431692519565 -1 0 0
477.4038172925827 363.02731158348485 -1 0 0
471.96519806975874 354.5672372368699 -1 0 0
480.42527241637373 357.58869236066096 -1 0 0
490.69821983726337 358.19298338541915 -1 0 0
491.3025108620216 349.128618014046 -1 0 0
496.13683906008725 344.89858084073853 -1 0 0
484.051018564923 338.2513795683982 -1 0 0
469.54803397072595 333.4170513703325 -1 0 0
493.11538393629627 314.0797385780698 -1 0 0
489.489637787747 311.66257447903695 -1 0 0
484.051018564923 312.8711565285534 -1 0 0
462.2965416736274 327.9784321475086 -1 0 0
470.1523249954842 327.9784321475086 -1 0 0
478.00810831734094 324.95697702371757 -1 0 0
487.07247368871407 330.9998872712997 -1 0 0
491.90680188677976 330.9998872712997 -1 0 0
505.2012044314604 332.8127603455743 -1 0 0
495.53254803532906 322.5398129246848 -1 0 0
508.2226595552514 345.50287186549673 -1 0 0
519.0998980008992 356.38011031114456 -1 0 0
526.3513902979978 363.02731158348485 -1 0 0
522.1213531246904 350.3372000635624 -1 0 0
522.1213531246904 341.8771257169475 -1 0 0
429.6648263366841 353.35865518735346 -1 0 0
413.95325969297056 346.1071628902549 -1 0 0
406.0974763711138 357.58869236066096 -1 0 0
404.2846032968392 344.89858084073853 -1 0 0
418.1832968662781 339.4599616179146 -1 0 0
426.64337121289304 343.68999879122214 -1 0 0
447.1892660546722 336.43850649412354 -1 0 0
437.5206096585408 332.2084693208161 -1 0 0
273.75774194906575 355.17152826162817 -1 0 0
514.8698608275918 317.10119370186084 -1 0 0
516.0784428771082 334.02134239509076 -1 0 0
525.7470992732395 332.2084693208161 -1 0 0
532.9985915703381 334.02134239509076 -1 0 0
544.4801210407442 332.2084693208161 -1 0 0
550.5230312883263 333.4170513703325 -1 0 0
541.4586659169531 341.27283469218924 -1 0 0
555.9616505111501 335.22992444460715 -1 0 0
564.421724857765 333.4170513703325 -1 0 0
564.421724857765 322.5398129246848 -1 0 0
574.0903812538963 327.9784321475086 -1 0 0
560.1916876844575 324.95697702371757 -1 0 0
554.7530684616337 319.51835780089374 -1 0 0
546.897285139777 326.7698500979922 -1 0 0
543.2715389912277 323.7483949742012 -1 0 0
537.8329197684038 322.5398129246848 -1 0 0
539.0415018179202 315.2883206275862 -1 0 0
531.1857184960635 308.0368283304877 -1 0 0
526.955681322756 315.2883206275862 -1 0 0
525.7470992732395 325.5612680484758 -1 0 0
532.3943005455799 325.5612680484758 -1 0 0
510.03553262952596 322.5398129246848 -1 0 0
474.9866531935499 317.10119370186084 -1 0 0
468.9437429459677 314.0797385780698 -1 0 0
465.3179967974185 318.3097757513773 -1 0 0
477.4038172925827 304.4110821819384 -1 0 0
472.569489094517 304.4110821819384 -1 0 0
454.4407583517707 317.10119370186084 -1 0 0
438.12490068329896 318.3097757513773 -1 0 0
448.3978481041886 318.3097757513773 -1 0 0
444.7721019556393 321.33123087516833 -1 0 0
448.3978481041886 330.9998872712997 -1 0 0
455.6493404012872 329.7913052217832 -1 0 0
427.85195326240944 326.7698500979922 -1 0 0
447.1892660546722 308.6411193552459 -1 0 0
445.37639298039755 314.0797385780698 -1 0 0
499.1582941838783 314.0797385780698 -1 0 0
502.17974930766934 309.84970140476236 -1 0 0
509.4312416047678 309.84970140476236 -1 0 0
490.0939288125051 306.82824628097126 -1 0 0
497.9497121343619 305.6196642314548 -1 0 0
462.90083269838567 341.27283469218924 -1 0 0
456.8579224508036 347.9200359645296 -1 0 0
516.6827339018664 325.2591225360967 -1 0 0
537.8329197684038 332.5106148331952 -1 0 0
462.59868718600654 311.964719991416 -1 0 0
478.9145448544782 295.64886232294435 -1 0 0
481.029563441132 299.2746084714936 -1 0 0
471.66305255737973 295.04457129818616 -1 0 0
456.8579224508036 298.0660264219772 -1 0 0
464.41156026028114 298.0660264219772 -1 0 0
459.5772320622155 306.22395525621306 -1 0 0
436.6141731214035 304.71322769431754 -1 0 0
510.3376781419052 304.1089366695593 -1 0 0
516.6827339018664 298.0660264219772 -1 0 0
513.6612787780754 295.04457129818616 -1 0 0
507.01407750573503 299.87889949625185 -1 0 0
515.7762973647291 310.4539924295205 -1 0 0
496.7411300848455 293.8359892486697 -1 0 0
502.48189482004847 293.8359892486697 -1 0 0
499.4604396962574 298.06602642197714 -1 0 0
487.67676471347244 296.8574443724607 -1 0 0
454.74290386414987 293.8359892486697 -1 0 0
514.5677153152127 291.11667963725773 -1 0 0
455.9514859136662 285.0737693896757 -1 0 0
461.39010513649015 288.3973700258459 -1 0 0
462.59868718600654 284.46947836491745 -1 0 0
467.13086987169305 287.1887879763294 -1 0 0
457.76435898794085 274.498676456407 -1 0 0
503.38833135718573 287.49093348870855 -1 0 0
508.2226595552514 289.30380656298314 -1 0 0
496.1368390600872 287.49093348870855 -1 0 0
486.1660371515768 284.7716238772966 -1 0 0
477.4038172925828 285.3759149020548 -1 0 0
793.7828930475629 390.7444971540309 -1 0 0
584.4210663292632 419.69329294717846 -1 0 0
604.5818348280625 371.61761421927264 -1 0 0
594.7599219696731 368.5159575271497 -1 0 0
239.50690782173868 420.7271785112194 -1 0 0
240.54079338577964 381.4395270776619 -1 0 0
474.19893085904243 424.8627207673834 -1 0 0
542.4353780857475 428.9982630235473 -1 0 0
463.343132436612 362.3126441429037 -1 0 0
444.7331922838743 299.2456247364036 -1 0 0
447.8348489759972 298.7286819543831 -1 0 0
444.7331922838743 293.55925413417816 -1 0 0
451.9703912321612 291.4914830060962 -1 0 0
448.3517917580177 288.38982631397323 -1 0 0
450.4195628860997 284.2542840578093 -1 0 0
467.47867469277594 281.1526273656863 -1 0 0
465.410903564694 278.05097067356337 -1 0 0
453.52121957822266 278.5679134555839 -1 0 0
458.1737046164071 279.08485623760436 -1 0 0
470.0633886028785 277.5340278915429 -1 0 0
473.6819880770218 276.50014232750186 -1 0 0
474.19893085904243 272.364600071338 -1 0 0
476.78364476914487 279.08485623760436 -1 0 0
478.8514158972268 277.0170851095224 -1 0 0
470.5803313848989 282.70345571174784 -1 0 0
470.0633886028785 287.8728835319527 -1 0 0
469.0295030388374 292.0084257881167 -1 0 0
463.8600752186325 292.0084257881167 -1 0 0
465.9278463467145 295.6270252622602 -1 0 0
466.44478912873495 302.864224210547 -1 0 0
471.6142169489399 299.7625675184241 -1 0 0
475.7497592051039 290.4575974420552 -1 0 0
479.3683586792473 289.4237118780142 -1 0 0
483.5039009354112 292.0084257881167 -1 0 0
486.08861484551375 290.9745402240757 -1 0 0
484.0208437174318 285.8051124038708 -1 0 0
482.4700153713702 279.6017990196249 -1 0 0
485.57167206349317 279.6017990196249 -1 0 0
486.60555762753415 275.4662567634609 -1 0 0
490.74109988369804 276.50014232750186 -1 0 0
491.77498544773914 281.1526273656863 -1 0 0
490.22415710167763 279.6017990196249 -1 0 0
489.70721431965717 283.7373412757888 -1 0 0
495.39358492188256 283.22039849376836 -1 0 0
499.52912717804645 282.70345571174784 -1 0 0
504.181612216231 282.70345571174784 -1 0 0
507.2832689083539 282.70345571174784 -1 0 0
513.4865822925998 284.2542840578093 -1 0 0
509.8679828184564 278.05097067356337 -1 0 0
506.2493833443129 275.4662567634609 -1 0 0
501.59689830612854 275.4662567634609 -1 0 0
496.4274704859235 275.4662567634609 -1 0 0
495.39358492188256 278.5679134555839 -1 0 0
487.63944319157514 302.3472814285265 -1 0 0
491.77498544773914 301.83033864650605 -1 0 0
520.2068384588662 303.898109774588 -1 0 0
524.8593234970507 300.27951030044454 -1 0 0
523.3084951509892 296.6609108263011 -1 0 0
519.1729528948252 290.4575974420552 -1 0 0
509.8679828184564 296.14396804428065 -1 0 0
505.7324405622924 295.6270252622602 -1 0 0
476.78364476914487 311.1353087228749 -1 0 0
469.5464458208579 308.5505948127725 -1 0 0
487.63944319157514 319.92333601722333 -1 0 0
503.66466943421045 356.1093307586578 -1 0 0
549.6725770340344 352.4907312845143 -1 0 0
538.816778611604 352.4907312845143 -1 0 0
542.4353780857475 349.9060173744119 -1 0 0
420.9538243109316 331.8130200036947 -1 0 0
585.3416289934484 363.3465297069447 -1 0 0
581.7230295193049 358.6940446687603 -1 0 0
455.5889907063046 529.8021055175435 -1 0 0
458.1737046164071 452.26068821446944 -1 0 0
235.37136556557465 773.2821558491955 -1 0 0
100.96624224024654 538.5901328118917 -1 0 0
