29.474264972776727 561.2201814882033 -1 0 0
6.476079854809395 531.9497640653357 -1 0 0
94.98424682395638 610.0042105263158 -1 0 0
157.00965517241374 598.1566606170599 -1 0 0
165.3726315789473 627.4270780399273 -1 0 0
202.30911070780397 637.8807985480943 -1 0 0
203.0060254083484 623.2455898366605 -1 0 0
205.7936842105263 584.9152813067151 -1 0 0
220.42889292196003 570.2800725952812 -1 0 0
296.3925952813067 551.4633756805807 -1 0 0
292.9080217785843 538.9189110707803 -1 0 0
294.99876588021783 627.4270780399273 -1 0 0
338.20747731397455 589.7936842105263 -1 0 0
339.6013067150636 571.6739019963702 -1 0 0
348.66119782214156 522.1929582577131 -1 0 0
370.2655535390199 504.0731760435571 -1 0 0
387.6884210526316 521.4960435571687 -1 0 0
370.9624682395645 561.9170961887477 -1 0 0
383.50693284936483 602.3381488203266 -1 0 0
439.95702359346643 563.3109255898366 -1 0 0
437.16936479128856 534.0405081669691 -1 0 0
449.7138294010889 537.5250816696914 -1 0 0
465.7428675136116 506.8608348457349 -1 0 0
465.7428675136116 492.92254083484573 -1 0 0
495.01328493647907 492.92254083484573 -1 0 0
508.95157894736843 481.0749909255898 -1 0 0
459.4706352087115 634.396225045372 -1 0 0
496.4071143375681 632.3054809437386 -1 0 0
507.5577495462795 619.7610163339383 -1 0 0
52.47245009074406 437.16936479128856 -1 0 0
56.65393829401084 432.29096188747724 -1 0 0
79.65212341197812 437.16936479128856 -1 0 0
21.808203266787604 434.3817059891106 -1 0 0
27.441597096188744 388.73379310344825 -1 0 0
27.093139745916506 321.4815245009074 -1 0 0
56.36355716878403 317.9969509981851 -1 0 0
73.78642468239563 320.0876950998185 -1 0 0
88.77009074410162 310.67934664246826 -1 0 0
100.2691833030853 313.81546279491835 -1 0 0
119.43433756805807 319.0423230490018 -1 0 0
107.9352450090744 343.08588021778587 -1 0 0
109.32907441016334 361.5541197822141 -1 0 0
106.54141560798547 352.1457713248639 -1 0 0
119.7827949183303 373.75012704174225 -1 0 0
111.07136116152448 378.9769872958258 -1 0 0
74.48333938294012 383.15847549909256 -1 0 0
54.272813067150636 375.4924137931035 -1 0 0
26.744682395644286 404.41437386569874 -1 0 0
9.670272232304907 395.70294010889296 -1 0 0
2.7011252268602584 419.746497277677 -1 0 0
2.3526678765880202 432.63941923774956 -1 0 0
85.63397459165154 425.67027223230485 -1 0 0
104.10221415607987 422.5341560798548 -1 0 0
123.96428312159708 414.8680943738657 -1 0 0
133.37263157894736 413.1258076225045 -1 0 0
154.6285299455535 413.1258076225045 -1 0 0
160.20384754990926 394.6575680580762 -1 0 0
176.58134301270417 404.41437386569874 -1 0 0
191.2165517241379 404.41437386569874 -1 0 0
200.27644283121595 391.5214519056262 -1 0 0
223.27462794918327 388.73379310344825 -1 0 0
231.98606170598913 403.02054446460977 -1 0 0
243.83361161524496 381.7646460980036 -1 0 0
227.45611615245005 355.6303448275862 -1 0 0
204.10947368421054 350.40348457350274 -1 0 0
189.1258076225045 363.9933212341198 -1 0 0
172.7483121597096 359.11491833030857 -1 0 0
156.02235934664247 362.9479491833031 -1 0 0
135.46337568058075 357.72108892921955 -1 0 0
146.78823956442824 345.17662431941926 -1 0 0
142.60675136116146 350.751941923775 -1 0 0
166.30185117967326 308.24014519056266 -1 0 0
186.16392014519053 307.8916878402904 -1 0 0
185.11854809437384 314.51237749546283 -1 0 0
200.79912885662426 319.0423230490019 -1 0 0
203.23833030852992 340.9951361161524 -1 0 0
209.5105626134301 339.9497640653358 -1 0 0
260.38533575317604 357.0241742286751 -1 0 0
252.02235934664245 321.13306715063527 -1 0 0
242.61401088929216 314.51237749546283 -1 0 0
260.73379310344825 317.6484936479129 -1 0 0
218.83179673321231 358.59223230490016 -1 0 0
291.92072595281303 376.5377858439201 -1 0 0
282.8608348457349 353.5396007259528 -1 0 0
274.14940108892915 320.0876950998185 -1 0 0
274.8463157894736 308.93705989110714 -1 0 0
299.2383303085299 360.16029038112526 -1 0 0
316.6611978221415 343.08588021778587 -1 0 0
314.5704537205081 350.40348457350274 -1 0 0
316.6611978221415 365.03869328493647 -1 0 0
329.2056624319419 352.1457713248639 -1 0 0
342.4470417422867 360.8572050816697 -1 0 0
335.477894736842 339.9497640653358 -1 0 0
338.9624682395643 317.6484936479129 -1 0 0
335.1294373865698 275.83361161524505 -1 0 0
341.0532123411978 282.8027586206897 -1 0 0
327.46337568058067 285.9388747731398 -1 0 0
315.964283121597 284.1965880217786 -1 0 0
367.3036660617058 258.06228675136117 -1 0 0
184.7120145190561 339.25284936479125 -1 0 0
358.41800362976386 316.9515789473685 -1 0 0
357.0241742286749 339.6013067150636 -1 0 0
361.9025771324862 355.6303448275862 -1 0 0
353.88805807622487 374.0985843920145 -1 0 0
375.8408711433754 344.13125226860257 -1 0 0
371.3109255898364 321.4815245009075 -1 0 0
396.74831215970937 273.74286751361166 -1 0 0
416.95883847549885 271.30366606170605 -1 0 0
412.0804355716876 278.6212704174229 -1 0 0
410.6866061705987 288.3780762250454 -1 0 0
417.6557531760434 293.95339382940114 -1 0 0
408.5958620689653 304.0586569872958 -1 0 0
393.26373865698713 313.46700544464613 -1 0 0
393.26373865698713 338.2074773139746 -1 0 0
392.2183666061704 350.0550272232305 -1 0 0
395.7029401088927 361.2056624319419 -1 0 0
406.1566606170597 343.43433756805814 -1 0 0
423.231070780399 353.8880580762251 -1 0 0
440.6539382940107 340.298221415608 -1 0 0
442.7446823956441 351.44885662431943 -1 0 0
460.8644646098001 366.08406533575317 -1 0 0
466.43978221415585 339.25284936479136 -1 0 0
450.7592014519054 324.2691833030853 -1 0 0
463.652123411978 321.4815245009075 -1 0 0
449.01691470054425 307.19477313974596 -1 0 0
447.6230852994553 295.69568058076226 -1 0 0
448.66845735027204 282.4543012704175 -1 0 0
441.6993103448273 257.713829401089 -1 0 0
465.39441016333916 276.1820689655173 -1 0 0
482.46882032667855 289.0749909255899 -1 0 0
470.96972776769485 305.4524863883848 -1 0 0
472.712014519056 316.6031215970962 -1 0 0
481.771905626134 317.6484936479129 -1 0 0
462.2582940108891 315.90620689655174 -1 0 0
468.87898366606146 317.6484936479129 -1 0 0
487.9570235934662 328.9733575317604 -1 0 0
490.0477676950996 337.51056261343007 -1 0 0
503.2891470054444 322.70112522686026 -1 0 0
513.045952813067 320.43615245009073 -1 0 0
507.47063520871126 315.90620689655174 -1 0 0
515.3109255898364 310.67934664246826 -1 0 0
492.3127404718691 311.2020326678766 -1 0 0
491.26736842105237 283.325444646098 -1 0 0
510.9552087114335 295.1729945553539 -1 0 0
510.2582940108891 273.5686388384755 -1 0 0
521.5831578947366 293.95339382940114 -1 0 0
518.9697277676948 271.8263520871144 -1 0 0
536.0441379310342 269.735607985481 -1 0 0
555.5577495462793 282.97698729582584 -1 0 0
551.5504900181486 303.1875136116153 -1 0 0
537.7864246823954 313.29277676951 -1 0 0
546.149401088929 314.5123774954629 -1 0 0
531.3399637023591 317.82272232304905 -1 0 0
522.9769872958256 337.6847912885664 -1 0 0
586.3962250453718 316.0804355716879 -1 0 0
576.8136479128855 307.19477313974596 -1 0 0
556.603121597096 292.5595644283122 -1 0 0
559.9134664246822 288.5523049001816 -1 0 0
561.3072958257711 281.757386569873 -1 0 0
569.1475862068963 283.4996733212342 -1 0 0
570.3671869328491 291.3399637023594 -1 0 0
574.5486751361159 299.00602540834853 -1 0 0
593.1911433756803 302.66482758620697 -1 0 0
600.1602903811249 298.30911070780405 -1 0 0
586.570453720508 290.643049001815 -1 0 0
589.3581125226858 287.1584754990926 -1 0 0
594.9334301270416 281.23470054446466 -1 0 0
601.3798911070779 281.23470054446466 -1 0 0
610.614010889292 279.84087114337575 -1 0 0
609.3944101633392 262.76646098003636 -1 0 0
596.6757168784027 257.01691470054453 -1 0 0
582.9116515426495 261.8953176043558 -1 0 0
585.8735390199635 271.8263520871144 -1 0 0
575.9425045372049 265.55411978221423 -1 0 0
576.6394192377493 251.26736842105268 -1 0 0
551.0278039927402 256.6684573502723 -1 0 0
586.3962250453718 249.87353901996377 -1 0 0
597.8953176043556 249.52508166969153 -1 0 0
605.3871506352085 247.43433756805814 -1 0 0
597.3726315789472 272.0005807622505 -1 0 0
618.2800725952814 294.12762250453727 -1 0 0
614.4470417422867 286.1131034482759 -1 0 0
597.3726315789473 279.3181851179674 -1 0 0
619.4996733212341 259.281887477314 -1 0 0
630.4760798548094 259.1076588021779 -1 0 0
628.385335753176 290.46882032667884 -1 0 0
635.8771687840291 286.63578947368427 -1 0 0
645.8082032667877 281.0604718693285 -1 0 0
650.3381488203266 284.8935027223231 -1 0 0
581.3435934664246 255.62308529945557 -1 0 0
610.7011252268603 217.29277676951003 -1 0 0
580.7337931034483 216.24740471869333 -1 0 0
576.2038475499093 238.89713248638844 -1 0 0
591.5359709618875 234.71564428312166 -1 0 0
594.3236297640655 234.71564428312166 -1 0 0
569.4960435571688 237.85176043557175 -1 0 0
613.9243557168786 247.95702359346652 -1 0 0
609.7428675136118 244.6466787658803 -1 0 0
624.2038475499094 241.85901996370242 -1 0 0
628.3853357531762 238.37444646098012 -1 0 0
630.1276225045375 225.6557531760436 -1 0 0
632.392595281307 229.48878402903816 -1 0 0
639.8844283121599 225.8299818511797 -1 0 0
643.5432304900185 231.9279854809438 -1 0 0
648.944319419238 233.3218148820327 -1 0 0
660.0949546279495 230.35992740471875 -1 0 0
663.0568421052634 223.7392377495463 -1 0 0
671.4198185117971 224.95883847549914 -1 0 0
675.0786206896555 233.49604355716883 -1 0 0
666.3671869328496 249.52508166969153 -1 0 0
646.5051179673324 246.38896551724145 -1 0 0
653.4742649727771 241.5105626134302 -1 0 0
665.6702722323051 266.9479491833032 -1 0 0
612.1820689655174 240.63941923774962 -1 0 0
623.0713611615247 231.23107078039928 -1 0 0
663.9279854809439 252.48696914700548 -1 0 0
662.0114700544467 289.9461343012705 -1 0 0
691.8045735027225 243.77553539019965 -1 0 0
697.3798911070783 243.77553539019965 -1 0 0
687.9715426497279 231.2310707803993 -1 0 0
706.6140108892924 226.1784392014519 -1 0 0
718.9842468239566 226.52689655172412 -1 0 0
726.998765880218 234.54141560798553 -1 0 0
731.8771687840293 230.18569872958258 -1 0 0
725.430707803993 230.88261343012707 -1 0 0
692.1530308529947 230.01147005444648 -1 0 0
651.9062068965519 228.79186932849368 -1 0 0
656.697495462795 222.17117967332123 -1 0 0
652.4288929219601 271.1294373865699 -1 0 0
608.0005807622506 235.06410163339388 -1 0 0
30.75194192377501 657.5105626134304 -1 0 0
87.89894736842115 674.2365154264975 -1 0 0
140.86446460980045 663.0858802177861 -1 0 0
170.1348820326679 663.0858802177861 -1 0 0
277.45974591651543 657.5105626134304 -1 0 0
516.8499455535389 507.55774954627947 -1 0 0
540.5450453720507 488.0441379310345 -1 0 0
547.5141923774953 495.71019963702355 -1 0 0
596.2982214156078 465.0459528130671 -1 0 0
608.8426860254082 482.4688203266787 -1 0 0
596.9951361161523 505.4670054446461 -1 0 0
621.3871506352085 537.5250816696914 -1 0 0
613.7210889292194 547.281887477314 -1 0 0
590.7229038112522 538.2219963702358 -1 0 0
636.7192740471868 536.828166969147 -1 0 0
671.5650090744099 537.5250816696914 -1 0 0
699.4415970961886 536.1312522686026 -1 0 0
687.5940471869326 537.5250816696914 -1 0 0
635.3254446460979 633.6993103448275 -1 0 0
762.860834845735 471.3181851179673 -1 0 0
748.9225408348456 469.2274410163339 -1 0 0
809.5541197822141 508.95157894736843 -1 0 0
835.3399637023592 511.73923774954625 -1 0 0
845.0967695099816 580.0368784029038 -1 0 0
835.3399637023592 637.1838838475499 -1 0 0
790.7374228675134 617.6702722323049 -1 0 0
834.6430490018148 497.1040290381125 -1 0 0
818.6140108892921 487.34722323049 -1 0 0
812.3417785843919 445.5323411978221 -1 0 0
826.2800725952812 435.77553539019965 -1 0 0
817.2201814882033 432.29096188747735 -1 0 0
822.0985843920143 400.23288566243195 -1 0 0
833.9461343012704 383.5069328493648 -1 0 0
859.9062068965516 475.1512159709619 -1 0 0
864.784609800363 465.39441016333944 -1 0 0
886.7374228675135 450.7592014519057 -1 0 0
915.6593829401088 429.15484573502727 -1 0 0
926.461560798548 426.36718693284945 -1 0 0
940.7483121597095 459.4706352087115 -1 0 0
944.5813430127042 470.27281306715065 -1 0 0
950.8535753176044 501.2855172413793 -1 0 0
931.6884210526315 535.7827949183303 -1 0 0
949.1112885662432 545.5396007259528 -1 0 0
879.768275862069 412.7773502722323 -1 0 0
874.1929582577131 400.23288566243195 -1 0 0
858.1639201451906 421.1403266787659 -1 0 0
850.4978584392014 431.24558983666066 -1 0 0
842.48333938294 413.12580762250457 -1 0 0
834.1203629764065 404.0659165154265 -1 0 0
841.7864246823956 395.70294010889296 -1 0 0
844.5740834845735 385.5976769509982 -1 0 0
845.270998185118 375.14395644283127 -1 0 0
850.1494010889292 369.2201814882033 -1 0 0
867.2238112522685 383.50693284936483 -1 0 0
871.4052994555354 390.82453720508175 -1 0 0
881.1621052631579 380.719274047187 -1 0 0
890.9189110707803 386.9915063520872 -1 0 0
911.12943738657 418.7011252268603 -1 0 0
948.0659165154264 373.75012704174236 -1 0 0
936.9152813067151 373.4016696914701 -1 0 0
900.3272595281306 384.55230490018147 -1 0 0
893.358112522686 372.35629764065334 -1 0 0
906.947949183303 366.0840653357533 -1 0 0
857.1766243194193 622.5486751361161 -1 0 0
857.1766243194193 600.2474047186932 -1 0 0
880.1748094373866 591.1875136116153 -1 0 0
916.4143738656987 561.2201814882033 -1 0 0
982.6212704174228 489.4379673321234 -1 0 0
971.4706352087114 474.8027586206896 -1 0 0
994.4688203266787 422.5341560798547 -1 0 0
1003.5287114337568 416.9588384754991 -1 0 0
987.4996733212341 415.56500907441006 -1 0 0
964.0949546279492 395.0060254083484 -1 0 0
986.396225045372 391.5214519056261 -1 0 0
997.5468602540834 388.38533575317604 -1 0 0
1011.8336116152449 387.68842105263155 -1 0 0
1011.8336116152449 376.5377858439201 -1 0 0
1001.0314337568058 377.5831578947368 -1 0 0
1021.5904174228675 377.5831578947368 -1 0 0
1013.5758983666061 408.2474047186933 -1 0 0
994.0622867513612 366.4325226860253 -1 0 0
1008.6974954627949 361.2056624319419 -1 0 0
986.7446823956442 358.06954627949176 -1 0 0
998.5922323049002 349.7065698729582 -1 0 0
967.9279854809438 354.5849727767695 -1 0 0
965.1403266787659 368.5232667876588 -1 0 0
961.6557531760435 349.358112522686 -1 0 0
948.0659165154266 346.9189110707804 -1 0 0
927.1584754990927 348.31274047186935 -1 0 0
921.2347005444645 353.53960072595277 -1 0 0
912.871724137931 358.418003629764 -1 0 0
899.2818874773141 363.6448638838475 -1 0 0
903.4633756805808 351.7973139745917 -1 0 0
896.4942286751361 350.75194192377495 -1 0 0
891.9642831215971 343.434337568058 -1 0 0
884.298221415608 357.0241742286751 -1 0 0
860.9515789473684 353.53960072595277 -1 0 0
847.0132849364792 361.90257713248633 -1 0 0
879.0713611615246 340.298221415608 -1 0 0
881.1621052631579 328.7991288566243 -1 0 0
893.7065698729582 334.02598911070777 -1 0 0
907.6448638838476 338.90439201451903 -1 0 0
922.2800725952812 340.9951361161524 -1 0 0
924.0223593466425 329.844500907441 -1 0 0
973.1548457350273 343.434337568058 -1 0 0
1001.7283484573502 331.2383303085299 -1 0 0
1018.8027586206896 344.4797096188748 -1 0 0
1014.6212704174229 330.54141560798547 -1 0 0
995.1076588021778 329.1475862068965 -1 0 0
850.8463157894736 252.13851179673316 -1 0 0
897.1911433756806 268.16754990925585 -1 0 0
896.1457713248639 315.20929219600714 -1 0 0
884.9951361161525 321.8299818511796 -1 0 0
901.7210889292196 317.6484936479128 -1 0 0
908.341778584392 313.467005444646 -1 0 0
922.6285299455535 306.8463157894736 -1 0 0
929.249219600726 292.21110707803984 -1 0 0
927.1584754990927 278.969727767695 -1 0 0
923.6739019963703 272.0005807622504 -1 0 0
951.5504900181488 323.92072595281303 -1 0 0
946.3236297640652 326.35992740471863 -1 0 0
950.5051179673322 319.0423230490017 -1 0 0
962.7011252268602 299.877168784029 -1 0 0
973.1548457350273 299.877168784029 -1 0 0
1004.167549909256 305.45248638838467 -1 0 0
1000.3345190562613 318.3454083484573 -1 0 0
1011.4851542649727 314.8608348457349 -1 0 0
1019.8481306715063 321.48152450090737 -1 0 0
1018.1058439201452 306.14940108892915 -1 0 0
1018.4543012704173 284.1965880217785 -1 0 0
1020.5450453720508 277.2274410163339 -1 0 0
1016.0150998185119 271.65212341197815 -1 0 0
1008.6974954627949 280.7120145190562 -1 0 0
1003.4706352087113 287.3327041742286 -1 0 0
993.0169147005445 285.59041742286746 -1 0 0
997.1984029038113 277.9243557168783 -1 0 0
986.0477676950998 279.3181851179673 -1 0 0
944.9007622504537 266.25103448275854 -1 0 0
950.3018511796735 271.4778947368421 -1 0 0
950.6503085299456 262.5922323049001 -1 0 0
949.4307078039927 255.44885662431938 -1 0 0
959.1875136116153 264.6829764065335 -1 0 0
957.270998185118 259.4561161524501 -1 0 0
965.1112885662432 255.79731397459162 -1 0 0
969.2927767695099 258.0622867513611 -1 0 0
971.7319782214156 256.1457713248638 -1 0 0
975.7392377495463 255.62308529945548 -1 0 0
975.216551724138 249.35085299455528 -1 0 0
977.3072958257713 265.90257713248633 -1 0 0
976.0876950998186 274.439782214156 -1 0 0
973.4742649727767 278.969727767695 -1 0 0
972.0804355716879 291.68842105263155 -1 0 0
1008.6684573502722 258.75920145190554 -1 0 0
1014.2437749546281 259.8045735027223 -1 0 0
1012.1530308529946 266.4252631578947 -1 0 0
1021.735607985481 255.62308529945548 -1 0 0
1005.0096551724138 264.6829764065335 -1 0 0
1001.5250816696914 255.27462794918324 -1 0 0
983.9279854809438 253.35811252268596 -1 0 0
988.9806170598911 254.22925589836655 -1 0 0
986.7156442831217 259.8045735027223 -1 0 0
992.8136479128857 257.888058076225 -1 0 0
997.5178221415609 255.27462794918324 -1 0 0
995.7755353901997 252.48696914700537 -1 0 0
995.6013067150635 243.9497640653357 -1 0 0
1011.9788021778585 244.1239927404718 -1 0 0
1020.341778584392 244.64667876588013 -1 0 0
1010.7592014519057 251.26736842105257 -1 0 0
984.4506715063521 247.60856624319416 -1 0 0
983.9279854809438 268.51600725952807 -1 0 0
995.6013067150635 260.6757168784028 -1 0 0
997.3435934664249 272.1748094373865 -1 0 0
941.5904174228675 239.94250453720502 -1 0 0
954.309110707804 264.6829764065335 -1 0 0
1004.1385117967333 239.07136116152444 -1 0 0
891.0060254083485 213.80820326678761 -1 0 0
903.5504900181488 213.80820326678761 -1 0 0
916.6176406533575 213.98243194192375 -1 0 0
925.8517604355718 217.46700544464605 -1 0 0
936.828166969147 205.79368421052627 -1 0 0
950.9406896551725 217.46700544464605 -1 0 0
938.3962250453721 229.66301270417418 -1 0 0
868.3562976406533 203.18025408348456 -1 0 0
876.7192740471869 204.22562613430125 -1 0 0
881.0749909255899 194.1203629764065 -1 0 0
874.6285299455536 199.17299455535388 -1 0 0
842.5704537205082 192.5523049001815 -1 0 0
919.4052994555354 204.39985480943736 -1 0 0
933.1693647912887 204.22562613430125 -1 0 0
923.5867876588022 193.77190562613424 -1 0 0
922.8898729582578 188.02235934664245 -1 0 0
932.8209074410165 192.20384754990923 -1 0 0
934.0405081669693 182.79549909255897 -1 0 0
952.8572050816697 190.11310344827584 -1 0 0
949.1984029038114 191.68116152450085 -1 0 0
950.069546279492 205.44522686025405 -1 0 0
947.4561161524501 212.4143738656987 -1 0 0
942.5777132486389 217.8154627949183 -1 0 0
940.3127404718693 219.38352087114333 -1 0 0
894.4905989110708 203.87716878402898 -1 0 0
889.0895099818512 190.98424682395643 -1 0 0
902.330889292196 196.55956442831214 -1 0 0
906.686606170599 201.96065335753175 -1 0 0
902.330889292196 190.46156079854805 -1 0 0
943.1003992740473 189.41618874773135 -1 0 0
837.1693647912887 193.07499092558982 -1 0 0
833.336333938294 188.71927404718693 -1 0 0
840.828166969147 186.28007259528127 -1 0 0
845.0096551724138 186.45430127041737 -1 0 0
849.1911433756806 184.36355716878398 -1 0 0
853.3726315789474 181.57589836660614 -1 0 0
849.0169147005445 180.70475499092558 -1 0 0
832.2909618874774 175.8263520871143 -1 0 0
841.5250816696916 172.16754990925588 -1 0 0
837.1693647912887 180.70475499092558 -1 0 0
831.9425045372051 182.4470417422867 -1 0 0
853.8953176043558 177.74286751361157 -1 0 0
854.7664609800364 173.03869328493644 -1 0 0
858.4252631578948 177.22018148820322 -1 0 0
856.3345190562613 181.57589836660614 -1 0 0
859.4706352087114 187.15121597096186 -1 0 0
821.0532123411976 663.0858802177861 -1 0 0
765.3000362976408 674.2365154264975 -1 0 0
773.6630127041743 703.506932849365 -1 0 0
788.9951361161526 743.9279854809439 -1 0 0
819.6593829401088 713.2637386569876 -1 0 0
834.9915063520871 695.1439564428314 -1 0 0
611.9788021778585 736.9588384754994 -1 0 0
631.4924137931034 762.0477676951001 -1 0 0
681.6702722323049 753.6847912885665 -1 0 0
644.036878402904 763.441597096189 -1 0 0
508.83542649727775 725.8082032667879 -1 0 0
535.3181851179673 707.6884210526317 -1 0 0
571.5577495462794 692.3562976406536 -1 0 0
572.9515789473685 664.479709618875 -1 0 0
614.7664609800363 653.3290744101637 -1 0 0
201.14758620689653 234.48333938294024 -1 0 0
206.02598911070774 237.2709981851181 -1 0 0
291.7464972776769 242.14940108892935 -1 0 0
719.4778947368421 175.2455898366608 -1 0 0
709.0241742286753 182.91165154264993 -1 0 0
736.2038475499094 174.20021778584416 -1 0 0
742.4760798548095 171.4125589836663 -1 0 0
762.3381488203268 167.23107078039945 -1 0 0
767.5650090744102 170.3671869328496 -1 0 0
766.1711796733214 226.8172776769512 -1 0 0
762.686606170599 227.51419237749565 -1 0 0
564.0659165154267 248.42163339382958 -1 0 0
773.140326678766 225.07499092559004 -1 0 0
814.6067513611616 198.5922323049004 -1 0 0
824.7120145190564 203.1221778584394 -1 0 0
825.7573865698731 192.32000000000022 -1 0 0
811.4706352087117 188.13851179673344 -1 0 0
820.5305263157896 188.13851179673344 -1 0 0
823.3181851179673 185.00239564428333 -1 0 0
818.4397822141561 178.03324863883867 -1 0 0
811.8190925589838 178.38170598911094 -1 0 0
817.0459528130673 166.1856987295828 -1 0 0
725.4016696914701 182.56319419237772 -1 0 0
869.6630127041743 175.2455898366608 -1 0 0
869.3145553539022 167.92798548094393 -1 0 0
860.6031215970963 165.48878402903833 -1 0 0
823.6666424682396 163.04958257713267 -1 0 0
827.8481306715065 172.8063883847552 -1 0 0
796.1385117967334 154.6866061705991 -1 0 0
789.5178221415609 154.6866061705991 -1 0 0
901.2855172413796 171.06410163339407 -1 0 0
919.0568421052634 153.98969147005468 -1 0 0
917.8372413793106 170.5414156079857 -1 0 0
911.9134664246827 170.5414156079857 -1 0 0
872.3635571687844 165.48878402903833 -1 0 0
865.0459528130674 162.8753539019966 -1 0 0
869.0532123411981 158.6938656987298 -1 0 0
995.8045735027222 195.80457350272226 -1 0 0
993.7138294010889 201.72834845735022 -1 0 0
986.0477676950998 201.0314337568058 -1 0 0
982.2147368421054 196.50148820326675 -1 0 0
966.8826134301271 202.4252631578947 -1 0 0
971.0641016333938 188.4869691470054 -1 0 0
964.0949546279492 189.18388384754988 -1 0 0
958.1711796733211 189.5323411978221 -1 0 0
966.8826134301271 195.80457350272226 -1 0 0
970.0187295825771 198.9406896551724 -1 0 0
957.1258076225046 199.98606170598904 -1 0 0
957.1258076225046 210.43978221415605 -1 0 0
974.5486751361162 209.04595281306712 -1 0 0
959.9134664246824 227.51419237749542 -1 0 0
971.7610163339382 231.6956805807622 -1 0 0
957.822722323049 222.63578947368416 -1 0 0
958.5196370235935 217.06047186932847 -1 0 0
963.746497277677 217.06047186932847 -1 0 0
946.6720871143375 240.40711433756803 -1 0 0
994.5559346642469 226.99150635208701 -1 0 0
997.8662794918331 222.46156079854802 -1 0 0
993.1621052631579 221.76464609800354 -1 0 0
1013.3726315789474 230.82453720508158 -1 0 0
992.2909618874774 216.71201451905617 -1 0 0
1002.2219963702361 220.71927404718684 -1 0 0
1007.4488566243194 219.67390199637012 -1 0 0
982.0114700544466 210.6140108892921 -1 0 0
985.6702722323049 197.19840290381114 -1 0 0
989.8517604355718 197.89531760435563 -1 0 0
994.5559346642469 219.67390199637012 -1 0 0
1020.341778584392 206.95520871143367 -1 0 0
1021.735607985481 211.13669691470045 -1 0 0
1018.5994918330309 217.40892921960062 -1 0 0
1023.8263520871144 238.31637023593456 -1 0 0
1016.6829764065336 197.72108892921952 -1 0 0
936.363557168784 157.64849364791283 -1 0 0
954.6575680580763 163.22381125226858 -1 0 0
958.1421415607987 163.22381125226858 -1 0 0
971.5577495462795 157.64849364791283 -1 0 0
963.369001814882 156.0804355716878 -1 0 0
977.6557531760435 156.95157894736838 -1 0 0
983.7537568058077 159.04232304900177 -1 0 0
987.5867876588022 158.86809437386566 -1 0 0
997.692050816697 159.2165517241379 -1 0 0
1003.2673684210527 160.95883847549905 -1 0 0
1004.8354264972777 163.22381125226858 -1 0 0
923.6448638838476 167.57952813067146 -1 0 0
948.0659165154266 152.94431941923776 -1 0 0
945.2782577132486 153.98969147005445 -1 0 0
1013.9243557168785 182.5631941923775 -1 0 0
998.2437749546281 216.71201451905625 -1 0 0
833.7719056261343 164.79186932849365 -1 0 0
840.3925952813067 165.83724137931037 -1 0 0
925.7646460980036 153.6412341197822 -1 0 0
930.6430490018148 153.6412341197822 -1 0 0
923.6739019963703 156.08043557168784 -1 0 0
890.5704537205081 171.06410163339385 -1 0 0
887.7827949183303 170.36718693284936 -1 0 0
884.298221415608 170.36718693284936 -1 0 0
1011.8336116152449 162.0042105263158 -1 0 0
1012.8789836660617 159.56500907441017 -1 0 0
1021.2419600725952 167.57952813067155 -1 0 0
851.7755353901995 165.14032667876586 -1 0 0
845.154845735027 171.06410163339382 -1 0 0
854.9116515426497 163.74649727767695 -1 0 0
880.6974954627949 166.18569872958258 -1 0 0
878.9552087114337 174.89713248638836 -1 0 0
878.2582940108892 168.6249001814882 -1 0 0
882.7882395644283 159.21655172413793 -1 0 0
906.1348820326679 151.89894736842106 -1 0 0
904.7410526315789 155.3835208711434 -1 0 0
900.9080217785843 152.94431941923776 -1 0 0
899.5141923774954 152.94431941923776 -1 0 0
896.7265335753176 152.59586206896552 -1 0 0
885.9243557168784 155.3835208711434 -1 0 0
