57.83049172226317 581.2483320978502 -1 0 0
7.351618482826508 566.8257968865826 -1 0 0
92.6849518161599 580.0464541635779 -1 0 0
85.47368421052606 549.9995058067705 -1 0 0
75.85866073634769 531.9713367926859 -1 0 0
34.994810971089464 530.7694588584136 -1 0 0
158.7882382011364 599.2765011119347 -1 0 0
161.19199406968102 563.2201630837657 -1 0 0
122.73190017296739 546.3938720039534 -1 0 0
206.86335557202847 564.422041018038 -1 0 0
252.5347170743759 593.2671114405732 -1 0 0
245.3234494687421 565.6239189523103 -1 0 0
232.10279219174672 546.3938720039534 -1 0 0
248.929083271559 531.9713367926859 -1 0 0
284.98542129972805 537.9807264640474 -1 0 0
294.6004447739064 588.4595997034841 -1 0 0
315.0323696565356 599.2765011119347 -1 0 0
331.85866073634776 666.5816654311836 -1 0 0
394.35631331850743 737.4924635532494 -1 0 0
450.8445762293055 655.764764022733 -1 0 0
400.3657029898689 616.102792191747 -1 0 0
378.7319001729674 624.5159377316531 -1 0 0
447.2389424264886 599.2765011119347 -1 0 0
543.3891771682727 725.4736842105262 -1 0 0
578.2436372621693 670.1872992340005 -1 0 0
691.2201630837657 673.7929330368174 -1 0 0
724.87274524339 747.1074870274277 -1 0 0
882.3187546330614 729.0793180133431 -1 0 0
1010.9196936001977 739.896219421794 -1 0 0
974.8633555720285 672.591055102545 -1 0 0
961.6426982950333 569.2295527551272 -1 0 0
821.022979985174 644.9478626142821 -1 0 0
622.7131208302445 596.8727452433901 -1 0 0
639.5394119100566 569.2295527551272 -1 0 0
687.6145292809488 571.6333086236717 -1 0 0
770.5441067457375 566.8257968865826 -1 0 0
845.0605386706202 565.6239189523103 -1 0 0
897.9431677786013 546.3938720039534 -1 0 0
941.2107734124041 539.1826043983198 -1 0 0
964.0464541635778 527.1638250555967 -1 0 0
959.2389424264886 506.7319001729675 -1 0 0
918.3750926612305 497.11687669878916 -1 0 0
935.2013837410427 468.2718062762539 -1 0 0
933.9995058067705 510.3375339757845 -1 0 0
897.9431677786013 518.7506795156905 -1 0 0
867.8962194217938 504.32814430442295 -1 0 0
845.0605386706202 495.9149987645169 -1 0 0
822.2248579194463 529.5675809241413 -1 0 0
770.5441067457375 537.9807264640474 -1 0 0
715.2577217692116 531.9713367926859 -1 0 0
674.3938720039536 512.7412898443291 -1 0 0
632.3281443044228 540.384482332592 -1 0 0
597.4736842105262 557.2107734124043 -1 0 0
607.0887076847047 531.9713367926859 -1 0 0
569.8304917222633 549.9995058067705 -1 0 0
549.3985668396341 540.384482332592 -1 0 0
537.3797874969111 574.0370644922165 -1 0 0
461.66147763775615 546.3938720039534 -1 0 0
476.08401284902385 521.1544353842352 -1 0 0
502.5253274030144 540.384482332592 -1 0 0
533.7741536940943 518.7506795156905 -1 0 0
596.271806276254 512.7412898443291 -1 0 0
611.8962194217938 495.9149987645169 -1 0 0
628.722510501606 498.3187546330614 -1 0 0
614.2999752903385 476.6849518161601 -1 0 0
635.9337781072397 476.6849518161601 -1 0 0
657.5675809241411 471.8774400790709 -1 0 0
687.6145292809488 480.29058561897693 -1 0 0
709.2483320978502 471.8774400790709 -1 0 0
720.0652335063008 491.1074870274277 -1 0 0
706.8445762293055 493.5112428959722 -1 0 0
3.1450457128736926 510.33753397578437 -1 0 0
16.96664195700517 509.1356560415121 -1 0 0
46.41265134667654 500.12157153446987 -1 0 0
32.591055102545056 503.72720533728676 -1 0 0
65.0417593278972 498.91969360019755 -1 0 0
18.769458858413614 535.5769705955028 -1 0 0
33.79293303681735 522.9572522856434 -1 0 0
87.27650111193476 486.2999752903384 -1 0 0
64.44082036076101 473.079318013343 -1 0 0
51.82110205090187 459.8586607363478 -1 0 0
27.182604398319725 451.44551519644165 -1 0 0
13.961947121324396 470.67556214479845 -1 0 0
3.1450457128736926 485.0980973560661 -1 0 0
1.9431677786013957 451.44551519644165 -1 0 0
25.980726464047397 434.0182851494933 -1 0 0
13.361008154188248 425.6051396095872 -1 0 0
15.764764022732841 411.1826043983196 -1 0 0
3.745984680009841 403.3703978255497 -1 0 0
12.15913021991595 398.5628860884604 -1 0 0
22.976031628366655 393.7553743513712 -1 0 0
3.1450457128736926 384.1403508771928 -1 0 0
19.370397825549762 381.73659500864824 -1 0 0
18.168519891277466 385.34222881146513 -1 0 0
15.163825055596693 389.54880158141816 -1 0 0
9.755374351371357 381.1356560415121 -1 0 0
47.61452928094884 355.8962194217937 -1 0 0
39.80232270817887 366.71312083024446 -1 0 0
33.19199406968121 376.9290832715591 -1 0 0
24.7788485297751 377.5300222386952 -1 0 0
23.576970595502804 369.71781566592523 -1 0 0
14.562886088460544 369.71781566592523 -1 0 0
36.19668890536198 384.741289844329 -1 0 0
30.788238201136615 386.54410674573745 -1 0 0
6.7506795156905826 376.9290832715591 -1 0 0
3.1450457128736926 373.3234494687421 -1 0 0
33.19199406968121 394.9572522856435 -1 0 0
39.80232270817887 391.95255744996274 -1 0 0
48.21546824808498 376.32814430442284 -1 0 0
49.41734618235728 385.94316777860126 -1 0 0
47.013590313812685 397.3610081541881 -1 0 0
51.82110205090187 391.95255744996274 -1 0 0
53.62391895231032 368.5159377316529 -1 0 0
120.9290832715592 515.7459846800098 -1 0 0
150.97603162836668 528.365702989869 -1 0 0
59.63330862367184 552.4032616753149 -1 0 0
179.22016308376578 524.1591302199158 -1 0 0
186.43143068939955 543.9901161354088 -1 0 0
187.0323696565357 494.7131208302445 -1 0 0
171.40795651099577 492.30936496169994 -1 0 0
136.55349641709904 480.2905856189769 -1 0 0
112.51593773165305 489.3046701260192 -1 0 0
81.86805040770939 455.0511489992586 -1 0 0
89.68025698047936 445.4361255250802 -1 0 0
74.05584383493942 435.22016308376556 -1 0 0
57.83049172226339 441.22955275512714 -1 0 0
36.79762787249813 441.22955275512714 -1 0 0
40.40326167531502 430.4126513466764 -1 0 0
48.81640721522113 429.81171237954027 -1 0 0
66.84457622930566 421.39856683963416 -1 0 0
54.825796886582616 421.39856683963416 -1 0 0
48.81640721522113 410.5816654311834 -1 0 0
56.62861378799109 408.77884852977496 -1 0 0
39.201383741042726 402.7694588584135 -1 0 0
69.84927106498638 408.77884852977496 -1 0 0
70.45021003212254 399.16382505559653 -1 0 0
66.24363726216949 400.3657029898689 -1 0 0
60.835186557944134 392.5534964170989 -1 0 0
62.03706449221643 376.9290832715591 -1 0 0
70.45021003212254 367.3140597973806 -1 0 0
65.64269829503336 371.5206325673337 -1 0 0
73.45490486780328 376.9290832715591 -1 0 0
73.45490486780328 372.72251050160594 -1 0 0
81.86805040770939 380.5347170743759 -1 0 0
75.25772176921176 384.741289844329 -1 0 0
87.27650111193476 382.33753397578437 -1 0 0
86.07462317766246 363.10748702742757 -1 0 0
86.6755621447986 388.94786261428203 -1 0 0
78.86335557202865 397.9619471213243 -1 0 0
88.47837904620705 408.77884852977496 -1 0 0
92.6849518161601 396.76006918705195 -1 0 0
80.66617247343709 406.3750926612304 -1 0 0
79.4642945391648 421.39856683963416 -1 0 0
81.26711144057325 428.60983444526795 -1 0 0
98.09340252038542 418.9948109710896 -1 0 0
107.10748702742772 422.6004447739065 -1 0 0
107.70842599456387 414.78823820113655 -1 0 0
107.10748702742772 407.5769705955027 -1 0 0
102.29997529033854 402.16851989127736 -1 0 0
111.31405979738075 393.15443538423506 -1 0 0
122.1309612058315 393.15443538423506 -1 0 0
122.1309612058315 412.98542129972805 -1 0 0
116.12157153446995 425.6051396095872 -1 0 0
112.51593773165305 428.60983444526795 -1 0 0
113.1168766987892 442.4314306893994 -1 0 0
124.53471707437609 435.82110205090174 -1 0 0
139.55819125277986 435.22016308376556 -1 0 0
139.55819125277986 444.83518655794404 -1 0 0
123.33283914010379 451.44551519644165 -1 0 0
127.53941191005683 463.46429453916465 -1 0 0
148.57227575982208 464.06523350630084 -1 0 0
155.78354336545587 444.23424759080785 -1 0 0
169.60513960958735 467.67086730911774 -1 0 0
193.64269829503334 474.28119594761534 -1 0 0
194.2436372621695 453.24833209785015 -1 0 0
178.0182851494935 442.4314306893994 -1 0 0
169.0042006424512 440.0276748208548 -1 0 0
155.78354336545587 417.79293303681726 -1 0 0
153.98072646404742 428.60983444526795 -1 0 0
147.3703978255498 412.98542129972805 -1 0 0
165.99950580677046 421.39856683963416 -1 0 0
175.6145292809489 423.80232270817874 -1 0 0
188.234247590808 427.40795651099563 -1 0 0
199.05114899925874 429.81171237954027 -1 0 0
193.04175932789718 421.9995058067703 -1 0 0
199.05114899925874 413.5863602668642 -1 0 0
190.03706449221644 438.8257968865825 -1 0 0
207.46429453916483 444.23424759080785 -1 0 0
217.6802569804794 466.4689893748454 -1 0 0
203.25772176921177 471.87744007907077 -1 0 0
235.10748702742777 468.27180627625387 -1 0 0
223.6896466518409 447.83988139362475 -1 0 0
218.8821349147517 432.816407215221 -1 0 0
229.69903632320236 426.8070175438595 -1 0 0
217.07931801334325 417.19199406968113 -1 0 0
235.10748702742777 414.78823820113655 -1 0 0
241.7178156659254 434.6192241166294 -1 0 0
245.92438843587846 417.19199406968113 -1 0 0
239.31405979738082 409.37978749691115 -1 0 0
232.10279219174697 404.57227575982193 -1 0 0
241.7178156659254 399.16382505559653 -1 0 0
222.4877687175686 399.16382505559653 -1 0 0
214.07462317766252 401.5675809241412 -1 0 0
203.85866073634793 404.57227575982193 -1 0 0
193.04175932789718 406.3750926612304 -1 0 0
252.53471707437615 472.4783790462069 -1 0 0
266.35631331850755 459.8586607363478 -1 0 0
257.3422288114653 442.4314306893994 -1 0 0
244.72251050160614 489.3046701260192 -1 0 0
219.48307388188786 497.7178156659253 -1 0 0
340.8727452433902 576.440820360761 -1 0 0
383.5394119100569 558.4126513466764 -1 0 0
407.57697059550287 559.0135903138126 -1 0 0
460.4595997034842 566.8257968865826 -1 0 0
406.97603162836674 527.1638250555967 -1 0 0
357.09809735606626 536.778848529775 -1 0 0
332.4595997034841 539.7835433654558 -1 0 0
303.6145292809489 539.7835433654558 -1 0 0
296.4032616753151 511.5394119100567 -1 0 0
308.42204101803804 497.7178156659253 -1 0 0
284.98542129972816 474.28119594761534 -1 0 0
292.7976278724982 462.2624166048924 -1 0 0
303.6145292809489 472.4783790462069 -1 0 0
308.42204101803804 461.6614776377562 -1 0 0
319.839881393625 482.6943414875215 -1 0 0
337.26711144057333 465.8680504077093 -1 0 0
360.102792191747 482.6943414875215 -1 0 0
355.896219421794 500.722510501606 -1 0 0
394.3563133185076 489.3046701260192 -1 0 0
383.5394119100569 514.5441067457374 -1 0 0
408.7788485297752 500.12157153446987 -1 0 0
421.99950580677057 510.33753397578437 -1 0 0
430.4126513466766 491.1074870274276 -1 0 0
421.39856683963444 480.89152458611306 -1 0 0
449.64269829503337 482.6943414875215 -1 0 0
482.09340252038555 487.50185322461067 -1 0 0
470.67556214479873 503.72720533728676 -1 0 0
470.07462317766255 459.2577217692116 -1 0 0
454.4502100321227 459.8586607363478 -1 0 0
437.0229799851743 457.4549048678032 -1 0 0
425.60513960958747 459.8586607363478 -1 0 0
412.9854212997282 460.45959970348395 -1 0 0
421.39856683963444 443.6333086236717 -1 0 0
394.95725228564373 466.4689893748454 -1 0 0
375.1262663701508 470.67556214479845 -1 0 0
384.1403508771931 459.8586607363478 -1 0 0
353.49246355324937 447.2389424264886 -1 0 0
345.6802569804794 432.21546824808485 -1 0 0
379.3328391401039 443.6333086236717 -1 0 0
393.7553743513715 431.01359031381253 -1 0 0
407.57697059550287 442.4314306893994 -1 0 0
419.595749938226 435.22016308376556 -1 0 0
415.3891771682728 421.9995058067703 -1 0 0
438.22485791944655 436.4220410180379 -1 0 0
446.63800345935266 435.22016308376556 -1 0 0
458.0558438349396 438.2248579194464 -1 0 0
465.2671114405734 442.4314306893994 -1 0 0
482.09340252038555 438.2248579194464 -1 0 0
470.67556214479873 434.6192241166294 -1 0 0
505.53002223869544 442.4314306893994 -1 0 0
493.5112428959725 435.22016308376556 -1 0 0
497.7178156659255 423.80232270817874 -1 0 0
509.13565604151233 425.6051396095872 -1 0 0
470.07462317766255 423.2013837410426 -1 0 0
454.4502100321227 421.9995058067703 -1 0 0
440.6286137879912 417.79293303681726 -1 0 0
430.4126513466766 409.9807264640473 -1 0 0
418.3938720039537 408.77884852977496 -1 0 0
406.97603162836674 405.17321472695807 -1 0 0
403.37039782554984 410.5816654311834 -1 0 0
397.9619471213245 412.98542129972805 -1 0 0
391.3516184828269 404.57227575982193 -1 0 0
382.33753397578465 407.5769705955027 -1 0 0
378.1309612058316 423.80232270817874 -1 0 0
376.328144304423 412.98542129972805 -1 0 0
376.9290832715592 400.3657029898689 -1 0 0
367.3140597973808 409.37978749691115 -1 0 0
357.69903632320245 417.19199406968113 -1 0 0
358.9009142574747 430.4126513466764 -1 0 0
317.43612552508034 441.22955275512714 -1 0 0
306.61922411662965 432.816407215221 -1 0 0
316.8351865579442 426.20607857672337 -1 0 0
328.85396590066716 425.6051396095872 -1 0 0
338.4689893748456 415.9901161354088 -1 0 0
316.2342475908081 417.19199406968113 -1 0 0
315.6333086236719 405.17321472695807 -1 0 0
323.4455151964418 413.5863602668642 -1 0 0
327.6520879663949 400.3657029898689 -1 0 0
351.0887076847048 408.77884852977496 -1 0 0
343.87744007907094 400.96664195700504 -1 0 0
337.26711144057333 400.96664195700504 -1 0 0
354.6943414875217 396.76006918705195 -1 0 0
362.5065480602916 394.9572522856435 -1 0 0
368.51593773165314 393.7553743513712 -1 0 0
359.5018532246109 408.77884852977496 -1 0 0
277.7741536940945 442.4314306893994 -1 0 0
285.58636026686435 443.6333086236717 -1 0 0
263.35161848282684 432.816407215221 -1 0 0
269.3610081541883 418.9948109710896 -1 0 0
258.5441067457376 418.9948109710896 -1 0 0
281.3797874969114 420.19668890536184 -1 0 0
292.7976278724982 423.2013837410426 -1 0 0
298.8070175438597 429.81171237954027 -1 0 0
303.6145292809489 414.18729923400036 -1 0 0
306.61922411662965 406.9760316283665 -1 0 0
292.7976278724982 409.9807264640473 -1 0 0
282.58166543118364 406.3750926612304 -1 0 0
268.7600691870521 408.77884852977496 -1 0 0
256.14035087719304 406.3750926612304 -1 0 0
250.73190017296764 404.57227575982193 -1 0 0
262.1497405485545 400.3657029898689 -1 0 0
271.16382505559676 397.3610081541881 -1 0 0
288.5910551025451 393.7553743513712 -1 0 0
281.3797874969114 397.3610081541881 -1 0 0
293.3985668396344 387.7459846800097 -1 0 0
303.6145292809489 393.7553743513712 -1 0 0
303.6145292809489 384.1403508771928 -1 0 0
127.53941191005683 423.2013837410426 -1 0 0
129.94316777860143 394.3563133185074 -1 0 0
137.15443538423526 400.3657029898689 -1 0 0
142.56288608846057 400.96664195700504 -1 0 0
148.57227575982208 402.16851989127736 -1 0 0
153.37978749691126 400.96664195700504 -1 0 0
165.99950580677046 402.16851989127736 -1 0 0
177.41734618235733 403.3703978255497 -1 0 0
182.82579688658268 397.9619471213243 -1 0 0
178.61922411662962 391.95255744996274 -1 0 0
169.0042006424512 393.15443538423506 -1 0 0
158.18729923400053 388.94786261428203 -1 0 0
150.97603162836668 389.54880158141816 -1 0 0
138.95725228564373 388.3469236471459 -1 0 0
131.74598468000985 387.7459846800097 -1 0 0
101.69903632320238 371.5206325673337 -1 0 0
97.49246355324928 375.1262663701505 -1 0 0
93.88682975043238 365.51124289597215 -1 0 0
96.29058561897698 362.50654806029144 -1 0 0
102.90091425747468 362.50654806029144 -1 0 0
241.4173461823573 456.5534964170989 -1 0 0
186.43143068939955 389.54880158141816 -1 0 0
173.51124289597234 378.73190017296747 -1 0 0
161.19199406968127 377.8304917222632 -1 0 0
150.67556214479865 381.73659500864824 -1 0 0
142.26241660489254 383.83988139362475 -1 0 0
135.9525574499629 383.83988139362475 -1 0 0
144.9666419570052 380.83518655794404 -1 0 0
150.0746231776625 377.8304917222632 -1 0 0
153.3797874969113 374.2248579194463 -1 0 0
144.06523350630098 375.42673585371864 -1 0 0
130.2436372621695 382.33753397578437 -1 0 0
127.23894242648876 386.54410674573745 -1 0 0
117.32344946874228 388.0464541635778 -1 0 0
106.80701754385966 384.4408203607609 -1 0 0
97.7929330368174 388.64739313071397 -1 0 0
91.78354336545588 384.741289844329 -1 0 0
64.140350877193 384.4408203607609 -1 0 0
81.56758092414137 388.0464541635778 -1 0 0
26.581665431183595 377.5300222386952 -1 0 0
28.38448233259204 378.43143068939935 -1 0 0
60.5347170743761 365.81171237954027 -1 0 0
88.47837904620707 307.82110205090174 -1 0 0
71.05114899925871 305.71781566592523 -1 0 0
35.89621942179393 309.92438843587826 -1 0 0
21.774153694094394 310.82579688658245 -1 0 0
125.7365950086484 302.71312083024446 -1 0 0
129.04175932789724 367.01359031381253 -1 0 0
120.92908327155918 359.80232270817874 -1 0 0
114.01828514949344 362.8070175438595 -1 0 0
117.02297998517422 365.81171237954027 -1 0 0
107.4079565109958 370.31875463306136 -1 0 0
109.8117123795404 368.816407215221 -1 0 0
99.89621942179392 378.73190017296747 -1 0 0
95.08870768470473 377.5300222386952 -1 0 0
113.71781566592537 371.22016308376556 -1 0 0
110.11218186310847 374.2248579194463 -1 0 0
114.91969360019769 376.3281443044229 -1 0 0
123.03236965653569 372.1215715344698 -1 0 0
134.75067951569065 358.90091425747454 -1 0 0
160.89152458611318 357.0980973560661 -1 0 0
155.7835433654559 362.8070175438595 -1 0 0
153.07931801334323 367.01359031381253 -1 0 0
178.31875463306153 380.5347170743759 -1 0 0
176.21546824808502 386.54410674573745 -1 0 0
181.3234494687423 387.1450457128736 -1 0 0
190.03706449221647 379.9337781072398 -1 0 0
198.45021003212256 377.8304917222632 -1 0 0
214.0746231776625 376.3281443044229 -1 0 0
212.5722757598221 390.1497405485543 -1 0 0
205.66147763775635 394.3563133185074 -1 0 0
198.75067951569065 396.45959970348395 -1 0 0
159.99011613540898 409.0793180133431 -1 0 0
155.18260439831974 405.77415369409425 -1 0 0
130.84457622930563 414.1872992340003 -1 0 0
116.12157153447 416.2905856189768 -1 0 0
116.42204101803807 398.5628860884604 -1 0 0
108.00889547813196 400.666172473437 -1 0 0
98.69434148752163 408.17790956263883 -1 0 0
95.38917716827281 406.0746231776623 -1 0 0
224.29058561897702 404.87274524339 -1 0 0
205.0605386706202 368.816407215221 -1 0 0
210.4689893748456 368.21546824808485 -1 0 0
204.45959970348406 373.6239189523102 -1 0 0
196.34692364714604 373.6239189523102 -1 0 0
190.03706449221647 369.11687669878904 -1 0 0
184.62861378799113 374.2248579194463 -1 0 0
181.62391895231036 369.4173461823571 -1 0 0
184.32814430442303 366.11218186310833 -1 0 0
188.23424759080805 360.4032616753149 -1 0 0
192.44082036076108 358.2999752903384 -1 0 0
188.83518655794418 350.1872992340003 -1 0 0
197.54880158141833 351.08870768470456 -1 0 0
204.15913021991597 353.1919940696811 -1 0 0
209.2671114405733 352.59105510254494 -1 0 0
215.87744007907094 347.7835433654557 -1 0 0
217.07931801334323 352.2905856189768 -1 0 0
225.79293303681737 344.4783790462069 -1 0 0
225.19199406968124 351.99011613540875 -1 0 0
223.3891771682728 348.6849518161599 -1 0 0
237.21077341240425 343.5769705955027 -1 0 0
242.01828514949344 343.87744007907077 -1 0 0
248.02767482085494 344.17790956263883 -1 0 0
251.33283914010374 343.5769705955027 -1 0 0
252.23424759080802 348.98542129972805 -1 0 0
251.03236965653568 352.2905856189768 -1 0 0
254.03706449221647 357.6990363232022 -1 0 0
247.72720533728685 364.60983444526795 -1 0 0
248.62861378799107 357.6990363232022 -1 0 0
247.42673585371878 354.69434148752146 -1 0 0
240.51593773165308 352.891524586113 -1 0 0
239.0135903138127 356.797627872498 -1 0 0
238.71312083024463 360.703731158883 -1 0 0
240.81640721522115 367.01359031381253 -1 0 0
235.10748702742774 365.81171237954027 -1 0 0
232.102792191747 361.9056090931553 -1 0 0
233.3046701260193 357.0980973560661 -1 0 0
227.29528045465776 357.39856683963416 -1 0 0
221.28589078329625 356.49715838892996 -1 0 0
217.3797874969113 356.1966889053619 -1 0 0
215.87744007907094 358.2999752903384 -1 0 0
212.8727452433902 363.10748702742757 -1 0 0
208.66617247343714 360.4032616753149 -1 0 0
206.56288608846057 357.6990363232022 -1 0 0
210.4689893748456 356.1966889053619 -1 0 0
202.05584383493945 361.3046701260191 -1 0 0
206.86335557202864 363.7084259945637 -1 0 0
193.64269829503337 365.81171237954027 -1 0 0
177.4173461823573 373.3234494687421 -1 0 0
167.20138374104275 373.3234494687421 -1 0 0
162.39387200395356 373.022979985174 -1 0 0
160.5910551025451 369.4173461823571 -1 0 0
134.14974054855446 376.3281443044229 -1 0 0
169.90560909315545 408.4783790462069 -1 0 0
230.60044477390662 367.9149987645168 -1 0 0
223.68964665184086 369.11687669878904 -1 0 0
227.29528045465776 365.81171237954027 -1 0 0
224.59105510254508 362.8070175438595 -1 0 0
227.29528045465776 362.50654806029144 -1 0 0
216.177909562639 363.10748702742757 -1 0 0
219.18260439831974 370.0182851494933 -1 0 0
241.1168766987892 375.12626637015063 -1 0 0
235.7084259945639 375.42673585371864 -1 0 0
229.9995058067705 375.42673585371864 -1 0 0
249.22955275512723 373.3234494687421 -1 0 0
241.71781566592537 382.6380034593525 -1 0 0
245.0229799851742 379.6333086236717 -1 0 0
248.328144304423 380.5347170743759 -1 0 0
254.33753397578457 380.5347170743759 -1 0 0
247.72720533728685 384.4408203607609 -1 0 0
243.22016308376575 390.1497405485543 -1 0 0
252.83518655794418 393.15443538423506 -1 0 0
228.7976278724981 395.25772176921157 -1 0 0
215.27650111193478 393.15443538423506 -1 0 0
72.85396590066718 363.10748702742757 -1 0 0
74.05584383493948 367.3140597973806 -1 0 0
80.06523350630096 367.9149987645168 -1 0 0
78.86335557202867 374.2248579194463 -1 0 0
271.4642945391648 384.741289844329 -1 0 0
265.45490486780335 383.23894242648856 -1 0 0
269.06053867062025 392.5534964170989 -1 0 0
278.3750926612306 379.63330862367167 -1 0 0
272.365702989869 375.42673585371864 -1 0 0
266.95725228564373 375.1262663701505 -1 0 0
263.6520879663949 367.9149987645168 -1 0 0
258.8445762293057 356.4971583889299 -1 0 0
263.6520879663949 354.9948109710895 -1 0 0
267.55819125277986 355.8962194217937 -1 0 0
267.55819125277986 361.9056090931552 -1 0 0
276.57227575982216 365.5112428959721 -1 0 0
282.2811959476156 363.70842599456364 -1 0 0
278.0746231776625 371.22016308376556 -1 0 0
284.084012849024 371.22016308376556 -1 0 0
283.18260439831977 379.3328391401036 -1 0 0
290.9948109710897 372.1215715344698 -1 0 0
294.9009142574747 375.1262663701505 -1 0 0
301.81171237954044 378.43143068939935 -1 0 0
300.91030392883624 374.5253274030144 -1 0 0
306.01828514949347 374.5253274030144 -1 0 0
311.42673585371887 374.2248579194463 -1 0 0
310.82579688658274 388.94786261428203 -1 0 0
316.8351865579442 396.76006918705195 -1 0 0
317.1356560415122 383.23894242648856 -1 0 0
312.6286137879912 382.03706449221625 -1 0 0
318.63800345935266 375.1262663701505 -1 0 0
321.9431677786015 382.03706449221625 -1 0 0
330.0558438349395 383.23894242648856 -1 0 0
334.86335557202864 391.05114899925854 -1 0 0
341.7741536940944 385.34222881146513 -1 0 0
338.1685198912775 386.84457622930546 -1 0 0
349.2858907832962 384.1403508771928 -1 0 0
357.69903632320245 384.1403508771928 -1 0 0
364.60983444526806 386.84457622930546 -1 0 0
371.82110205090186 383.23894242648856 -1 0 0
380.2342475908081 388.3469236471459 -1 0 0
387.7459846800098 388.0464541635777 -1 0 0
374.22485791944655 388.3469236471459 -1 0 0
386.54410674573757 396.76006918705195 -1 0 0
396.45959970348406 396.76006918705195 -1 0 0
395.5581912527798 388.0464541635777 -1 0 0
392.85396590066716 383.8398813936247 -1 0 0
395.85866073634793 378.1309612058313 -1 0 0
387.4455151964418 380.53471707437586 -1 0 0
384.4408203607611 377.53002223869515 -1 0 0
385.94316777860143 375.1262663701505 -1 0 0
382.63800345935266 372.4220410180379 -1 0 0
388.94786261428214 370.0182851494933 -1 0 0
391.0511489992587 372.4220410180379 -1 0 0
396.76006918705207 370.31875463306136 -1 0 0
393.15443538423517 368.21546824808485 -1 0 0
385.34222881146525 366.1121818631083 -1 0 0
376.9290832715592 366.1121818631083 -1 0 0
380.8351865579442 364.60983444526795 -1 0 0
382.33753397578454 361.6051396095872 -1 0 0
388.64739313071414 358.6004447739064 -1 0 0
372.12157153447 374.5253274030144 -1 0 0
365.21077341240425 377.53002223869515 -1 0 0
357.39856683963427 372.1215715344698 -1 0 0
350.18729923400053 369.71781566592523 -1 0 0
344.7788485297752 371.22016308376556 -1 0 0
341.4736842105263 375.42673585371864 -1 0 0
333.6614776377564 373.92438843587826 -1 0 0
328.25302693353103 370.9196936001975 -1 0 0
300.30936496170006 370.31875463306136 -1 0 0
307.52063256733385 368.816407215221 -1 0 0
314.13096120583145 368.21546824808485 -1 0 0
303.01359031381276 364.60983444526795 -1 0 0
297.00420064245117 366.1121818631083 -1 0 0
292.49715838893013 363.40795651099563 -1 0 0
287.990116135409 364.0088954781318 -1 0 0
284.3844823325921 357.09809735606603 -1 0 0
278.97603162836674 352.891524586113 -1 0 0
276.57227575982216 351.99011613540875 -1 0 0
271.4642945391648 351.3891771682726 -1 0 0
257.9431677786015 341.7741536940942 -1 0 0
265.1544353842353 340.2718062762538 -1 0 0
270.26241660489256 338.76945885841343 -1 0 0
276.27180627625404 340.2718062762538 -1 0 0
281.07931801334325 341.173214726958 -1 0 0
286.18729923400053 340.2718062762538 -1 0 0
296.40326167531504 339.6708673091177 -1 0 0
313.2295527551273 342.67556214479845 -1 0 0
336.96664195700527 338.46898937484536 -1 0 0
388.94786261428214 327.95255744996274 -1 0 0
389.24833209785027 334.5628860884604 -1 0 0
385.64269829503337 333.9619471213243 -1 0 0
391.6520879663949 333.9619471213243 -1 0 0
292.196688905362 350.7882382011365 -1 0 0
284.3844823325921 351.6896466518407 -1 0 0
288.89152458611323 349.5863602668642 -1 0 0
295.8023227081789 352.891524586113 -1 0 0
296.102792191747 355.59574993822565 -1 0 0
290.9948109710897 357.09809735606603 -1 0 0
299.7084259945639 355.8962194217937 -1 0 0
299.1074870274278 350.7882382011365 -1 0 0
305.11687669878927 354.09340252038527 -1 0 0
309.0229799851743 360.10279219174674 -1 0 0
310.2248579194466 351.3891771682726 -1 0 0
313.2295527551273 350.1872992340003 -1 0 0
315.03236965653576 348.6849518161599 -1 0 0
317.1356560415122 356.4971583889299 -1 0 0
312.9290832715592 354.9948109710895 -1 0 0
314.43143068939963 352.891524586113 -1 0 0
319.839881393625 351.99011613540875 -1 0 0
321.04175932789724 348.98542129972805 -1 0 0
325.24833209785027 359.20138374104255 -1 0 0
324.64739313071414 351.08870768470456 -1 0 0
330.3563133185076 353.49246355324914 -1 0 0
335.1638250555968 354.39387200395333 -1 0 0
327.6520879663949 353.7929330368172 -1 0 0
329.45490486780335 346.58166543118335 -1 0 0
318.93847294292067 344.7788485297749 -1 0 0
306.61922411662965 346.58166543118335 -1 0 0
336.06523350630096 346.58166543118335 -1 0 0
339.37039782554984 344.4783790462069 -1 0 0
342.97603162836674 351.99011613540875 -1 0 0
361.00420064245117 357.09809735606603 -1 0 0
352.89152458611323 354.9948109710895 -1 0 0
347.4830738818878 352.891524586113 -1 0 0
351.3891771682728 348.6849518161599 -1 0 0
354.39387200395356 350.7882382011365 -1 0 0
357.69903632320245 354.9948109710895 -1 0 0
342.3750926612306 360.70373115888293 -1 0 0
331.85866073634793 358.29997529033835 -1 0 0
327.6520879663949 357.3985668396341 -1 0 0
338.46898937484553 357.3985668396341 -1 0 0
363.4079565109958 367.6145292809487 -1 0 0
366.71312083024463 360.10279219174674 -1 0 0
371.82110205090186 361.6051396095872 -1 0 0
392.25302693353103 352.2905856189768 -1 0 0
382.63800345935266 352.891524586113 -1 0 0
378.13096120583145 354.9948109710895 -1 0 0
373.3234494687423 354.39387200395333 -1 0 0
364.30936496170006 350.7882382011365 -1 0 0
333.36100815418837 364.6098344452679 -1 0 0
344.7788485297752 365.6614776377561 -1 0 0
338.6192241166296 365.3610081541881 -1 0 0
329.30467012601935 364.6098344452679 -1 0 0
348.9854212997282 357.99950580677023 -1 0 0
346.13096120583157 357.5488015814181 -1 0 0
347.6333086236719 349.4361255250801 -1 0 0
332.7600691870522 348.3844823325918 -1 0 0
316.9854212997282 344.6286137879909 -1 0 0
286.3375339757846 368.51593773165285 -1 0 0
257.3422288114653 381.5863602668641 -1 0 0
358.4502100321226 366.7131208302444 -1 0 0
353.9431677786015 362.5065480602914 -1 0 0
348.2342475908081 344.3281443044228 -1 0 0
373.32344946874235 345.0793180133431 -1 0 0
383.2389424264888 347.7835433654557 -1 0 0
389.2483320978503 344.17790956263883 -1 0 0
399.1638250555968 351.08870768470456 -1 0 0
403.06992834198184 351.08870768470456 -1 0 0
391.952557449963 358.9009142574745 -1 0 0
391.05114899925877 363.7084259945637 -1 0 0
403.67086730911797 364.60983444526795 -1 0 0
396.7600691870522 364.3093649616999 -1 0 0
408.177909562639 370.0182851494933 -1 0 0
401.5675809241414 369.4173461823571 -1 0 0
404.57227575982216 376.32814430442284 -1 0 0
411.1826043983198 375.7272053372867 -1 0 0
415.0887076847048 386.8445762293055 -1 0 0
405.7741536940944 387.44551519644165 -1 0 0
404.57227575982216 398.86335557202847 -1 0 0
425.0042006424513 401.5675809241411 -1 0 0
423.2013837410429 393.15443538423506 -1 0 0
432.81640721522126 398.5628860884604 -1 0 0
440.027674820855 405.77415369409425 -1 0 0
446.63800345935266 406.3750926612304 -1 0 0
432.2154682480851 424.10279219174674 -1 0 0
425.9056090931555 426.20607857672337 -1 0 0
474.28119594761563 413.5863602668642 -1 0 0
482.3938720039537 406.9760316283665 -1 0 0
465.5675809241414 409.9807264640473 -1 0 0
461.06053867062036 399.4642945391646 -1 0 0
469.4736842105264 398.86335557202847 -1 0 0
468.2718062762541 391.05114899925854 -1 0 0
480.2905856189771 393.4549048678031 -1 0 0
473.68025698047944 385.94316777860126 -1 0 0
460.7600691870522 388.94786261428203 -1 0 0
443.6333086236719 392.25302693353086 -1 0 0
431.91499876451695 388.0464541635778 -1 0 0
440.3281443044232 384.1403508771928 -1 0 0
448.4408203607611 385.34222881146513 -1 0 0
453.84927106498645 385.6426982950332 -1 0 0
438.5253274030147 391.05114899925854 -1 0 0
431.61452928094894 383.2389424264886 -1 0 0
421.09809735606626 379.9337781072398 -1 0 0
413.8868297504325 378.73190017296747 -1 0 0
434.0182851494935 376.32814430442284 -1 0 0
441.53002223869544 375.7272053372867 -1 0 0
446.33753397578465 377.8304917222632 -1 0 0
455.952557449963 374.2248579194463 -1 0 0
450.8445762293057 369.4173461823571 -1 0 0
446.03706449221653 369.4173461823571 -1 0 0
440.6286137879912 367.9149987645168 -1 0 0
437.0229799851743 370.0182851494933 -1 0 0
432.5159377316531 370.0182851494933 -1 0 0
435.82110205090197 365.81171237954027 -1 0 0
427.7084259945639 367.3140597973806 -1 0 0
417.49246355324937 366.11218186310833 -1 0 0
416.59105510254517 370.9196936001975 -1 0 0
409.68025698047944 363.10748702742757 -1 0 0
417.1919940696813 362.20607857672337 -1 0 0
413.5863602668644 358.9009142574745 -1 0 0
408.177909562639 357.69903632320217 -1 0 0
397.9619471213245 357.9995058067703 -1 0 0
380.8351865579442 357.9995058067703 -1 0 0
377.83049172226345 347.1826043983196 -1 0 0
388.3469236471461 351.6896466518407 -1 0 0
387.4455151964418 354.09340252038527 -1 0 0
368.81640721522126 355.2952804546576 -1 0 0
369.4173461823574 347.7835433654557 -1 0 0
365.2107734124043 345.37978749691115 -1 0 0
359.80232270817896 351.6896466518407 -1 0 0
357.69903632320245 348.98542129972805 -1 0 0
469.1732147269583 379.9337781072398 -1 0 0
462.2624166048926 377.8304917222632 -1 0 0
460.4595997034842 370.6192241166294 -1 0 0
457.45490486780335 365.81171237954027 -1 0 0
475.4830738818879 372.72251050160594 -1 0 0
475.18260439831977 366.4126513466764 -1 0 0
470.37509266123055 362.50654806029144 -1 0 0
463.76476402273295 366.11218186310833 -1 0 0
458.6567828020756 360.4032616753149 -1 0 0
451.74598468001 361.00420064245105 -1 0 0
450.8445762293057 356.1966889053618 -1 0 0
443.3328391401039 358.29997529033835 -1 0 0
438.22485791944655 359.80232270817874 -1 0 0
422.9009142574747 361.6051396095872 -1 0 0
420.49715838893013 358.9009142574745 -1 0 0
424.102792191747 357.9995058067703 -1 0 0
416.2905856189771 358.29997529033835 -1 0 0
417.49246355324937 354.69434148752146 -1 0 0
408.4783790462072 353.49246355324914 -1 0 0
414.7882382011367 351.08870768470456 -1 0 0
435.82110205090197 355.59574993822565 -1 0 0
441.2295527551273 353.1919940696811 -1 0 0
428.9103039288362 351.6896466518407 -1 0 0
431.0135903138128 358.9009142574745 -1 0 0
427.7084259945639 358.29997529033835 -1 0 0
399.46429453916494 331.25772176921157 -1 0 0
413.28589078329634 335.4642945391647 -1 0 0
409.98072646404745 335.4642945391647 -1 0 0
406.37509266123055 330.3563133185074 -1 0 0
405.1732147269583 334.5628860884604 -1 0 0
399.76476402273295 339.67086730911774 -1 0 0
410.28119594761563 346.28119594761534 -1 0 0
407.877440079071 345.6802569804792 -1 0 0
416.89152458611323 344.17790956263883 -1 0 0
418.9948109710898 344.17790956263883 -1 0 0
415.38917716827285 336.666172473437 -1 0 0
416.59105510254517 331.55819125277964 -1 0 0
420.1966889053621 331.55819125277964 -1 0 0
425.30467012601935 340.87274524339 -1 0 0
425.60513960958747 332.4595997034839 -1 0 0
424.70373115888316 329.4549048678031 -1 0 0
419.2952804546578 327.6520879663947 -1 0 0
416.2905856189771 323.1450457128736 -1 0 0
441.53002223869544 320.741289844329 -1 0 0
448.4408203607611 321.6426982950332 -1 0 0
454.4502100321226 319.83988139362475 -1 0 0
458.95725228564373 320.1403508771928 -1 0 0
461.9619471213245 319.83988139362475 -1 0 0
467.06992834198184 321.6426982950332 -1 0 0
470.37509266123055 320.741289844329 -1 0 0
472.4783790462072 321.94316777860126 -1 0 0
434.6192241166297 348.98542129972805 -1 0 0
435.82110205090197 351.6896466518407 -1 0 0
439.42673585371887 347.7835433654557 -1 0 0
441.83049172226345 347.7835433654557 -1 0 0
450.8445762293057 347.48307388188766 -1 0 0
445.13565604151233 348.38448233259186 -1 0 0
393.9056090931555 361.15443538423506 -1 0 0
401.7178156659254 359.05114899925854 -1 0 0
390.4502100321226 365.3610081541881 -1 0 0
418.39387200395356 338.0182851494933 -1 0 0
409.83049172226345 338.9196936001975 -1 0 0
412.68495181616015 340.4220410180379 -1 0 0
421.69903632320245 340.4220410180379 -1 0 0
428.15913021991605 338.46898937484536 -1 0 0
428.008895478132 321.49246355324914 -1 0 0
432.3657029898691 319.99011613540875 -1 0 0
433.7178156659254 326.45021003212236 -1 0 0
467.0699283419818 359.5018532246106 -1 0 0
464.3657029898691 354.84457622930546 -1 0 0
460.6098344452681 353.49246355324914 -1 0 0
464.215468248085 351.8398813936247 -1 0 0
462.1121818631085 349.2858907832961 -1 0 0
458.8070175438597 348.38448233259186 -1 0 0
466.61922411662965 345.8304917222632 -1 0 0
467.6708673091179 349.2858907832961 -1 0 0
468.5722757598221 354.54410674573745 -1 0 0
473.2295527551273 350.7882382011365 -1 0 0
473.83049172226345 357.99950580677023 -1 0 0
486.9009142574747 364.60983444526795 -1 0 0
481.64269829503337 360.10279219174674 -1 0 0
484.6473931307142 357.69903632320217 -1 0 0
480.4408203607611 355.8962194217937 -1 0 0
475.33283914010383 354.54410674573745 -1 0 0
476.53471707437615 347.93377810723973 -1 0 0
487.952557449963 354.69434148752146 -1 0 0
483.4455151964418 350.4877687175684 -1 0 0
462.71312083024463 342.5253274030144 -1 0 0
459.7084259945639 341.6239189523102 -1 0 0
458.20607857672354 339.0699283419815 -1 0 0
455.3516184828268 340.4220410180379 -1 0 0
447.9901161354089 344.4783790462069 -1 0 0
440.027674820855 344.1779095626388 -1 0 0
431.76476402273295 344.1779095626388 -1 0 0
459.858660736348 381.1356560415121 -1 0 0
465.86805040770946 370.31875463306136 -1 0 0
494.71312083024463 379.0323696565356 -1 0 0
481.49246355324937 379.0323696565356 -1 0 0
477.58636026686435 380.5347170743759 -1 0 0
489.9056090931555 381.1356560415121 -1 0 0
487.5018532246109 373.6239189523102 -1 0 0
483.896219421794 374.82579688658245 -1 0 0
495.0135903138128 366.71312083024446 -1 0 0
491.10748702742774 364.910303928836 -1 0 0
492.00889547813205 360.10279219174674 -1 0 0
495.3140597973808 361.6051396095872 -1 0 0
503.7272053372869 362.8070175438595 -1 0 0
497.7178156659254 357.9995058067703 -1 0 0
492.9103039288362 355.2952804546576 -1 0 0
492.00889547813205 350.4877687175684 -1 0 0
504.9290832715592 374.2248579194463 -1 0 0
498.0182851494935 383.83988139362475 -1 0 0
504.6286137879912 377.8304917222632 -1 0 0
508.5347170743762 383.5394119100567 -1 0 0
497.4173461823574 395.8586607363477 -1 0 0
486.6004447739067 394.9572522856435 -1 0 0
489.9056090931555 405.4736842105262 -1 0 0
500.7225105016061 406.3750926612304 -1 0 0
507.03236965653576 412.98542129972805 -1 0 0
516.046454163578 407.5769705955027 -1 0 0
510.33753397578465 400.0652335063008 -1 0 0
510.0370644922165 390.7506795156905 -1 0 0
517.2483320978503 388.64739313071397 -1 0 0
525.3610081541883 404.27180627625387 -1 0 0
534.6755621447987 410.28119594761534 -1 0 0
519.952557449963 433.71781566592523 -1 0 0
534.9760316283667 431.01359031381253 -1 0 0
545.4924635532494 408.4783790462069 -1 0 0
549.9995058067706 397.3610081541881 -1 0 0
534.3750926612306 395.8586607363477 -1 0 0
524.159130219916 391.95255744996274 -1 0 0
536.177909562639 386.8445762293055 -1 0 0
542.1872992340005 389.8492710649862 -1 0 0
548.196688905362 389.54880158141816 -1 0 0
543.3891771682728 381.73659500864824 -1 0 0
532.8727452433902 379.9337781072398 -1 0 0
529.2671114405733 379.9337781072398 -1 0 0
522.3563133185077 381.4361255250802 -1 0 0
516.046454163578 381.73659500864824 -1 0 0
517.2483320978503 375.42673585371864 -1 0 0
508.8351865579442 375.42673585371864 -1 0 0
509.73659500864846 370.6192241166294 -1 0 0
512.4408203607611 366.71312083024446 -1 0 0
504.9290832715592 370.0182851494933 -1 0 0
498.91969360019766 370.6192241166294 -1 0 0
513.3422288114654 361.6051396095872 -1 0 0
519.6520879663949 369.4173461823571 -1 0 0
521.4549048678033 362.5065480602914 -1 0 0
517.2483320978503 363.7084259945637 -1 0 0
517.5488015814184 357.39856683963416 -1 0 0
508.8351865579442 361.6051396095872 -1 0 0
507.3328391401039 364.3093649616999 -1 0 0
525.0605386706202 360.10279219174674 -1 0 0
525.9619471213244 354.69434148752146 -1 0 0
532.5722757598221 366.4126513466764 -1 0 0
534.3750926612306 362.20607857672337 -1 0 0
538.8821349147518 358.9009142574745 -1 0 0
546.9948109710897 368.5159377316529 -1 0 0
542.1872992340005 370.0182851494933 -1 0 0
548.196688905362 374.82579688658245 -1 0 0
550.6004447739067 364.910303928836 -1 0 0
548.7976278724981 358.29997529033835 -1 0 0
544.591055102545 356.4971583889299 -1 0 0
537.3797874969113 351.99011613540875 -1 0 0
533.4736842105264 350.1872992340003 -1 0 0
539.4830738818879 347.7835433654557 -1 0 0
540.384482332592 345.9807264640473 -1 0 0
543.3891771682728 346.88213491475153 -1 0 0
546.3938720039536 345.37978749691115 -1 0 0
548.4971583889301 349.88682975043224 -1 0 0
549.3985668396344 343.87744007907077 -1 0 0
502.52532740301456 356.4971583889299 -1 0 0
500.4220410180381 363.10748702742757 -1 0 0
499.82110205090197 359.5018532246106 -1 0 0
509.73659500864846 355.2952804546576 -1 0 0
506.1309612058316 356.1966889053618 -1 0 0
507.3328391401039 353.1919940696811 -1 0 0
501.6239189523104 352.2905856189768 -1 0 0
498.91969360019766 350.1872992340003 -1 0 0
495.61452928094894 353.1919940696811 -1 0 0
496.5159377316531 347.7835433654557 -1 0 0
493.8117123795405 345.37978749691115 -1 0 0
497.7178156659254 344.77884852977496 -1 0 0
501.9243884358784 344.17790956263883 -1 0 0
500.4220410180381 347.48307388188766 -1 0 0
503.42673585371887 348.0840128490238 -1 0 0
505.2295527551273 346.88213491475153 -1 0 0
508.8351865579442 347.7835433654557 -1 0 0
514.2436372621695 353.1919940696811 -1 0 0
516.046454163578 346.88213491475153 -1 0 0
482.09340252038555 334.26241660489234 -1 0 0
462.56288608846063 335.4642945391647 -1 0 0
458.65678280207567 336.36570298986885 -1 0 0
449.94316777860155 337.2671114405731 -1 0 0
450.8445762293057 335.16382505559653 -1 0 0
446.63800345935266 335.4642945391647 -1 0 0
443.6333086236719 332.1591302199158 -1 0 0
445.73659500864846 330.9572522856435 -1 0 0
443.33283914010383 327.05114899925854 -1 0 0
439.42673585371887 325.8492710649862 -1 0 0
437.9243884358785 325.8492710649862 -1 0 0
451.4455151964418 328.25302693353086 -1 0 0
461.9619471213245 326.14974054855435 -1 0 0
453.54880158141845 326.7506795156905 -1 0 0
475.4830738818879 323.44551519644165 -1 0 0
480.2905856189771 323.44551519644165 -1 0 0
477.28589078329634 327.95255744996274 -1 0 0
485.69903632320245 322.54410674573745 -1 0 0
488.40326167531515 321.34222881146513 -1 0 0
492.9103039288362 318.6380034593525 -1 0 0
489.0042006424513 318.33753397578437 -1 0 0
502.52532740301456 326.14974054855435 -1 0 0
496.81640721522126 321.6426982950332 -1 0 0
500.12157153447 319.5394119100567 -1 0 0
506.43143068939963 318.33753397578437 -1 0 0
503.7272053372869 319.2389424264886 -1 0 0
511.2389424264888 318.6380034593525 -1 0 0
506.1309612058316 325.54880158141816 -1 0 0
492.6098344452682 336.36570298986885 -1 0 0
489.60513960958747 333.3610081541881 -1 0 0
486.2999752903386 334.26241660489234 -1 0 0
488.102792191747 336.666172473437 -1 0 0
487.5018532246109 339.37039782554956 -1 0 0
478.48776871756866 344.77884852977496 -1 0 0
511.5394119100569 332.1591302199158 -1 0 0
504.6286137879912 333.3610081541881 -1 0 0
502.52532740301456 330.9572522856435 -1 0 0
438.52532740301467 333.5112428959721 -1 0 0
434.7694588584137 338.1685198912773 -1 0 0
457.3046701260193 343.72720533728665 -1 0 0
436.5722757598221 341.9243884358782 -1 0 0
418.6943414875217 348.985421299728 -1 0 0
433.86805040770946 360.10279219174674 -1 0 0
430.8633555720287 363.85866073634764 -1 0 0
462.11218186310856 329.154435384235 -1 0 0
458.3563133185076 323.4455151964416 -1 0 0
441.9807264640475 334.41265134667634 -1 0 0
430.7131208302447 335.0135903138125 -1 0 0
490.80701754385973 345.8304917222632 -1 0 0
488.1027921917471 347.93377810723973 -1 0 0
484.19668890536207 353.4924635532491 -1 0 0
473.0793180133433 329.7553743513712 -1 0 0
533.4736842105264 345.07931801334297 -1 0 0
557.8117123795405 350.6380034593524 -1 0 0
554.0558438349395 350.9384729429205 -1 0 0
554.0558438349395 358.6004447739064 -1 0 0
550.9009142574748 361.154435384235 -1 0 0
562.6192241166298 362.0558438349392 -1 0 0
560.5159377316533 367.0135903138125 -1 0 0
555.708425994564 370.46898937484536 -1 0 0
551.2013837410428 368.6661724734369 -1 0 0
559.614529280949 375.57697059550264 -1 0 0
555.1074870274279 380.3844823325918 -1 0 0
563.5206325673339 373.47368421052613 -1 0 0
566.6755621447987 372.12157153446975 -1 0 0
569.2295527551273 365.9619471213243 -1 0 0
567.576970595503 359.35161848282655 -1 0 0
565.6239189523105 355.1450457128735 -1 0 0
570.2811959476156 354.0934025203852 -1 0 0
572.8351865579442 349.8868297504322 -1 0 0
563.5206325673339 349.13565604151205 -1 0 0
557.6614776377564 347.18260439831954 -1 0 0
554.6567828020758 345.68025698047916 -1 0 0
557.6614776377564 344.62861378799084 -1 0 0
555.708425994564 342.07462317766226 -1 0 0
553.6051396095875 342.52532740301433 -1 0 0
544.7412898443292 341.9243884358782 -1 0 0
541.5863602668645 342.97603162836646 -1 0 0
538.8821349147518 341.47368421052613 -1 0 0
525.8117123795405 326.60044477390636 -1 0 0
527.1638250555968 322.3938720039533 -1 0 0
525.6614776377564 319.68964665184063 -1 0 0
531.9713367926861 320.59105510254483 -1 0 0
532.4220410180382 318.18729923400025 -1 0 0
520.5534964170992 318.18729923400025 -1 0 0
527.914998764517 318.33753397578425 -1 0 0
515.4455151964419 321.64269829503314 -1 0 0
506.5816654311837 323.1450457128735 -1 0 0
471.42673585371887 373.323449468742 -1 0 0
470.82579688658274 327.8023227081786 -1 0 0
511.3891771682729 337.267111440573 -1 0 0
513.9431677786015 334.7131208302444 -1 0 0
553.9056090931555 317.4361255250801 -1 0 0
552.4032616753152 319.9901161354087 -1 0 0
547.4455151964419 319.23894242648856 -1 0 0
544.5910551025452 318.4877687175683 -1 0 0
543.0887076847049 319.8398813936247 -1 0 0
540.8351865579442 321.041759327897 -1 0 0
537.6802569804795 321.79293303681715 -1 0 0
528.8164072152213 351.23894242648856 -1 0 0
528.5159377316533 363.2577217692115 -1 0 0
553.0042006424513 353.79293303681715 -1 0 0
559.9149987645171 335.1638250555965 -1 0 0
563.670867309118 338.61922411662937 -1 0 0
569.0793180133434 336.2154682480848 -1 0 0
572.3844823325921 333.96194712132416 -1 0 0
563.9713367926861 330.5065480602914 -1 0 0
567.4267358537189 328.4032616753148 -1 0 0
556.1591302199162 326.7506795156904 -1 0 0
560.9666419570053 320.4408203607608 -1 0 0
557.8117123795405 321.4924635532491 -1 0 0
525.3610081541884 344.7788485297749 -1 0 0
523.858660736348 342.07462317766226 -1 0 0
535.2765011119349 333.9619471213243 -1 0 0
574.3375339757846 355.2952804546576 -1 0 0
580.0464541635781 349.88682975043224 -1 0 0
584.5534964170992 353.191994069681 -1 0 0
580.6473931307142 356.1966889053618 -1 0 0
578.8445762293059 359.8023227081787 -1 0 0
578.8445762293059 365.5112428959721 -1 0 0
582.4502100321228 363.1074870274275 -1 0 0
585.4549048678034 361.9056090931552 -1 0 0
587.5581912527799 358.9009142574745 -1 0 0
591.4642945391649 357.69903632320217 -1 0 0
591.7647640227331 351.38917716827257 -1 0 0
590.8633555720288 347.78354336545567 -1 0 0
596.5722757598222 351.9901161354087 -1 0 0
585.7553743513714 348.68495181615987 -1 0 0
586.0558438349395 370.3187546330613 -1 0 0
580.3469236471461 372.1215715344698 -1 0 0
582.7506795156908 371.5206325673337 -1 0 0
573.4361255250805 371.82110205090174 -1 0 0
574.0370644922166 375.7272053372867 -1 0 0
581.5488015814184 381.4361255250801 -1 0 0
573.1356560415123 386.84457622930546 -1 0 0
571.6333086236721 395.2577217692115 -1 0 0
566.8257968865828 403.6708673091177 -1 0 0
553.9056090931556 409.68025698047916 -1 0 0
553.9056090931556 393.75537435137113 -1 0 0
555.4079565109959 419.59574993822565 -1 0 0
557.2107734124044 426.20607857672326 -1 0 0
553.9056090931556 431.91499876451667 -1 0 0
566.5253274030147 427.1074870274275 -1 0 0
575.238942426489 430.41265134667634 -1 0 0
577.3422288114654 403.37039782554956 -1 0 0
562.0182851494935 415.9901161354087 -1 0 0
586.3563133185075 408.7788485297749 -1 0 0
595.37039782555 424.40326167531487 -1 0 0
599.877440079071 409.07931801334297 -1 0 0
601.6802569804795 402.1685198912773 -1 0 0
592.0652335063011 396.76006918705195 -1 0 0
584.2530269335311 391.9525574499627 -1 0 0
594.1685198912777 385.64269829503314 -1 0 0
587.2577217692119 380.2342475908078 -1 0 0
592.6661724734372 371.82110205090174 -1 0 0
604.084012849024 375.1262663701505 -1 0 0
598.6755621447987 379.93377810723973 -1 0 0
610.3938720039537 387.4455151964416 -1 0 0
602.8821349147518 382.3375339757843 -1 0 0
599.2765011119349 393.154435384235 -1 0 0
604.084012849024 399.4642945391646 -1 0 0
609.1919940696814 397.9619471213243 -1 0 0
617.3046701260195 393.154435384235 -1 0 0
623.9149987645171 396.1591302199157 -1 0 0
622.4126513466766 407.2765011119345 -1 0 0
633.2295527551273 406.97603162836646 -1 0 0
620.9103039288364 424.40326167531487 -1 0 0
609.1919940696814 431.31405979738054 -1 0 0
604.6849518161602 363.70842599456364 -1 0 0
596.5722757598222 364.6098344452679 -1 0 0
599.576970595503 356.79762787249797 -1 0 0
609.1919940696814 368.8164072152209 -1 0 0
616.1027921917471 371.5206325673337 -1 0 0
618.2060785767236 376.92908327155897 -1 0 0
626.0182851494935 376.6286137879909 -1 0 0
622.7131208302447 369.41734618235705 -1 0 0
630.5253274030147 389.5488015814181 -1 0 0
619.4079565109959 384.74128984432895 -1 0 0
637.2858907832963 389.84927106498617 -1 0 0
644.3469236471461 402.76945885841343 -1 0 0
653.5112428959725 391.9525574499627 -1 0 0
643.1450457128739 387.8962194217937 -1 0 0
636.9854212997283 384.29058561897676 -1 0 0
629.3234494687424 377.3797874969111 -1 0 0
629.3234494687424 373.173214726958 -1 0 0
630.2248579194465 364.3093649616998 -1 0 0
636.084012849024 371.52063256733356 -1 0 0
641.0417593278972 368.2154682480848 -1 0 0
644.3469236471461 373.173214726958 -1 0 0
647.501853224611 369.5675809241411 -1 0 0
652.159130219916 370.46898937484536 -1 0 0
647.501853224611 379.03236965653554 -1 0 0
656.0652335063011 383.9901161354087 -1 0 0
669.2858907832963 400.51593773165285 -1 0 0
670.1872992340006 392.40326167531487 -1 0 0
678.7506795156906 391.20138374104255 -1 0 0
676.7976278724983 381.8868297504322 -1 0 0
669.4361255250805 378.2811959476153 -1 0 0
661.4736842105264 379.03236965653554 -1 0 0
661.0229799851743 373.47368421052613 -1 0 0
667.0323696565357 370.46898937484536 -1 0 0
659.2201630837658 367.16382505559653 -1 0 0
664.6286137879912 364.45959970348383 -1 0 0
665.6802569804795 359.8023227081787 -1 0 0
671.990116135409 368.2154682480848 -1 0 0
677.6990363232024 362.3563133185073 -1 0 0
672.7412898443292 358.7506795156904 -1 0 0
680.7037311588833 357.69903632320217 -1 0 0
677.6990363232024 351.53941191005663 -1 0 0
673.7929330368175 350.4877687175683 -1 0 0
673.6426982950335 347.18260439831954 -1 0 0
671.3891771682729 351.0887076847045 -1 0 0
669.1356560415123 354.3938720039533 -1 0 0
669.4361255250805 356.7976278724979 -1 0 0
664.4783790462071 355.29528045465753 -1 0 0
656.5159377316533 356.3469236471458 -1 0 0
657.2671114405733 360.55349641709887 -1 0 0
653.5112428959725 360.10279219174674 -1 0 0
646.1497405485545 362.3563133185073 -1 0 0
643.445515196442 362.6567828020754 -1 0 0
637.1356560415123 361.30467012601906 -1 0 0
633.6802569804795 359.9525574499627 -1 0 0
619.858660736348 357.69903632320217 -1 0 0
616.4032616753151 359.0511489992585 -1 0 0
617.4549048678034 365.81171237954015 -1 0 0
608.8915245861132 361.004200642451 -1 0 0
595.971336792686 357.69903632320217 -1 0 0
620.159130219916 348.08401284902374 -1 0 0
606.6380034593526 329.9056090931552 -1 0 0
577.1919940696814 344.3281443044228 -1 0 0
587.4079565109959 345.3797874969111 -1 0 0
580.4971583889301 342.6755621447984 -1 0 0
591.9149987645171 344.0276748208547 -1 0 0
584.7037311588832 341.173214726958 -1 0 0
623.6145292809489 354.39387200395333 -1 0 0
629.6239189523104 356.4971583889299 -1 0 0
633.2295527551273 355.2952804546576 -1 0 0
636.8351865579443 355.2952804546576 -1 0 0
645.2483320978504 353.1919940696811 -1 0 0
640.7412898443292 354.09340252038527 -1 0 0
632.6286137879912 349.2858907832961 -1 0 0
627.2201630837658 350.18729923400025 -1 0 0
625.1168766987894 345.68025698047916 -1 0 0
617.0042006424513 342.6755621447984 -1 0 0
611.2952804546578 340.5722757598219 -1 0 0
594.4689893748457 340.5722757598219 -1 0 0
603.783543365456 340.87274524338994 -1 0 0
594.7694588584138 346.8821349147514 -1 0 0
580.0464541635781 334.86335557202847 -1 0 0
576.4408203607612 331.85866073634776 -1 0 0
574.9384729429207 326.14974054855423 -1 0 0
553.9056090931555 330.0558438349393 -1 0 0
558.1121818631086 331.85866073634776 -1 0 0
539.1826043983198 336.0652335063008 -1 0 0
540.9854212997284 332.4595997034839 -1 0 0
538.8821349147518 329.7553743513712 -1 0 0
534.9760316283667 326.14974054855423 -1 0 0
540.0840128490241 324.6473931307139 -1 0 0
542.4877687175687 324.3469236471458 -1 0 0
508.5347170743762 325.84927106498617 -1 0 0
506.73190017296776 330.0558438349393 -1 0 0
510.6380034593527 329.15443538423506 -1 0 0
517.5488015814184 331.25772176921157 -1 0 0
516.9478626142823 326.45021003212236 -1 0 0
519.952557449963 324.947862614282 -1 0 0
518.7506795156908 321.64269829503314 -1 0 0
506.1309612058316 343.57697059550264 -1 0 0
517.2483320978504 340.5722757598219 -1 0 0
561.4173461823574 353.1919940696811 -1 0 0
558.7131208302447 355.8962194217937 -1 0 0
637.1356560415123 345.68025698047916 -1 0 0
629.6239189523104 342.97603162836646 -1 0 0
624.2154682480851 340.2718062762538 -1 0 0
620.3093649617002 340.87274524338994 -1 0 0
619.708425994564 343.57697059550264 -1 0 0
627.8211020509019 341.47368421052613 -1 0 0
634.4314306893996 339.6708673091177 -1 0 0
636.8351865579443 341.47368421052613 -1 0 0
641.0417593278974 343.57697059550264 -1 0 0
647.0511489992589 345.68025698047916 -1 0 0
647.3516184828269 349.88682975043224 -1 0 0
653.3610081541884 349.88682975043224 -1 0 0
657.5675809241413 350.18729923400025 -1 0 0
662.3750926612307 351.9901161354087 -1 0 0
650.0558438349395 359.5018532246106 -1 0 0
650.3563133185075 364.91030392883596 -1 0 0
663.576970595503 369.116876698789 -1 0 0
675.8962194217941 372.7225105016059 -1 0 0
680.7037311588833 368.51593773165285 -1 0 0
689.7178156659255 364.6098344452679 -1 0 0
688.5159377316533 371.52063256733356 -1 0 0
681.9056090931556 375.7272053372867 -1 0 0
684.3093649617002 384.74128984432895 -1 0 0
691.2201630837658 378.43143068939935 -1 0 0
698.4314306893996 387.4455151964416 -1 0 0
691.8211020509019 389.5488015814181 -1 0 0
687.6145292809489 412.68495181615987 -1 0 0
683.4079565109959 402.1685198912773 -1 0 0
704.7412898443292 410.8821349147514 -1 0 0
691.2201630837658 403.6708673091177 -1 0 0
702.0370644922166 402.1685198912773 -1 0 0
693.0229799851743 434.3187546330613 -1 0 0
704.7412898443292 435.52063256733356 -1 0 0
708.6473931307142 449.3422288114651 -1 0 0
726.6755621447987 444.2342475908078 -1 0 0
721.8680504077095 434.01828514949324 -1 0 0
711.3516184828269 418.09340252038527 -1 0 0
721.2671114405733 410.58166543118335 -1 0 0
738.6943414875217 406.97603162836646 -1 0 0
732.3844823325921 420.1966889053618 -1 0 0
734.1872992340006 431.91499876451667 -1 0 0
680.1027921917471 447.8398813936247 -1 0 0
669.8868297504325 449.9431677786012 -1 0 0
644.3469236471461 448.4408203607608 -1 0 0
625.1168766987894 448.4408203607608 -1 0 0
601.9807264640476 443.63330862367167 -1 0 0
590.8633555720288 444.2342475908078 -1 0 0
566.2248579194467 447.23894242648856 -1 0 0
614.6004447739067 424.70373115888293 -1 0 0
636.8351865579443 421.69903632320217 -1 0 0
644.0464541635781 412.68495181615987 -1 0 0
638.0370644922166 439.1262663701505 -1 0 0
647.0511489992589 432.8164072152209 -1 0 0
656.9666419570053 414.7882382011364 -1 0 0
668.084012849024 415.9901161354087 -1 0 0
728.7788485297752 405.4736842105261 -1 0 0
731.783543365456 393.7553743513712 -1 0 0
716.7600691870522 393.15443538423506 -1 0 0
705.0417593278974 387.4455151964416 -1 0 0
716.159130219916 381.13565604151205 -1 0 0
727.877440079071 383.23894242648856 -1 0 0
741.9995058067706 385.9431677786012 -1 0 0
739.2952804546578 373.6239189523102 -1 0 0
744.7037311588833 368.8164072152209 -1 0 0
732.6849518161602 367.9149987645167 -1 0 0
726.6755621447987 362.80701754385944 -1 0 0
726.3750926612307 370.6192241166294 -1 0 0
721.8680504077095 366.41265134667634 -1 0 0
716.159130219916 366.41265134667634 -1 0 0
715.858660736348 373.6239189523102 -1 0 0
697.8304917222634 377.8304917222632 -1 0 0
702.3375339757846 377.2295527551271 -1 0 0
701.7365950086485 369.116876698789 -1 0 0
696.027674820855 369.41734618235705 -1 0 0
694.8257968865827 364.3093649616998 -1 0 0
696.027674820855 360.10279219174674 -1 0 0
699.6333086236721 361.004200642451 -1 0 0
705.3422288114654 362.80701754385944 -1 0 0
705.3422288114654 367.9149987645167 -1 0 0
710.7506795156906 360.10279219174674 -1 0 0
718.5628860884607 360.10279219174674 -1 0 0
720.3657029898691 355.2952804546576 -1 0 0
723.9713367926861 360.70373115888293 -1 0 0
733.2858907832963 359.5018532246106 -1 0 0
731.1826043983199 359.5018532246106 -1 0 0
742.2999752903386 359.5018532246106 -1 0 0
740.4971583889301 362.80701754385944 -1 0 0
719.764764022733 347.78354336545567 -1 0 0
712.8539659006673 347.78354336545567 -1 0 0
709.5488015814184 343.57697059550264 -1 0 0
714.3563133185075 341.7741536940942 -1 0 0
714.9572522856438 335.4642945391646 -1 0 0
712.8539659006673 332.4595997034839 -1 0 0
709.8492710649865 332.76006918705195 -1 0 0
708.3469236471461 334.26241660489234 -1 0 0
710.1497405485545 338.76945885841343 -1 0 0
710.7506795156906 341.47368421052613 -1 0 0
705.9431677786015 340.5722757598219 -1 0 0
702.6380034593527 341.47368421052613 -1 0 0
698.4314306893996 341.47368421052613 -1 0 0
697.2295527551273 342.97603162836646 -1 0 0
695.727205337287 346.58166543118335 -1 0 0
704.1403508771931 349.2858907832961 -1 0 0
707.445515196442 349.88682975043224 -1 0 0
705.9431677786015 345.68025698047916 -1 0 0
702.6380034593527 347.18260439831954 -1 0 0
700.5347170743762 349.88682975043224 -1 0 0
696.3281443044232 354.69434148752146 -1 0 0
705.6426982950335 356.1966889053618 -1 0 0
702.3375339757846 355.2952804546576 -1 0 0
700.5347170743762 354.09340252038527 -1 0 0
686.1121818631086 359.5018532246106 -1 0 0
685.2107734124044 354.69434148752146 -1 0 0
687.0135903138128 347.18260439831954 -1 0 0
689.7178156659255 347.78354336545567 -1 0 0
683.4079565109959 347.18260439831954 -1 0 0
680.4032616753151 346.8821349147514 -1 0 0
679.802322708179 342.3750926612303 -1 0 0
676.1966889053621 344.47837904620684 -1 0 0
676.4971583889301 341.47368421052613 -1 0 0
678.2999752903387 338.76945885841343 -1 0 0
669.8868297504325 341.47368421052613 -1 0 0
665.6802569804795 338.46898937484536 -1 0 0
661.1732147269583 340.2718062762538 -1 0 0
661.1732147269583 345.07931801334297 -1 0 0
662.3750926612307 343.57697059550264 -1 0 0
662.3750926612307 340.2718062762538 -1 0 0
657.8680504077095 345.68025698047916 -1 0 0
655.4642945391649 342.3750926612303 -1 0 0
656.3657029898691 339.37039782554956 -1 0 0
651.5581912527799 341.7741536940942 -1 0 0
646.4502100321226 340.2718062762538 -1 0 0
603.4830738818879 350.7882382011364 -1 0 0
607.0887076847048 346.8821349147514 -1 0 0
604.9854212997283 357.3985668396341 -1 0 0
605.8868297504325 353.1919940696811 -1 0 0
608.5910551025452 355.8962194217937 -1 0 0
610.6943414875217 357.99950580677023 -1 0 0
587.858660736348 335.16382505559653 -1 0 0
590.5628860884607 334.26241660489234 -1 0 0
583.652087966395 326.45021003212236 -1 0 0
586.9572522856438 326.45021003212236 -1 0 0
649.1544353842353 404.5722757598219 -1 0 0
680.4032616753151 334.86335557202847 -1 0 0
677.3985668396344 334.86335557202847 -1 0 0
673.1919940696814 334.86335557202847 -1 0 0
669.5863602668645 329.7553743513712 -1 0 0
665.6802569804795 327.0511489992585 -1 0 0
658.1685198912777 334.5628860884604 -1 0 0
656.6661724734372 337.26711144057305 -1 0 0
655.1638250555968 333.9619471213243 -1 0 0
645.5488015814184 324.6473931307139 -1 0 0
638.0370644922166 326.45021003212236 -1 0 0
631.4267358537188 332.1591302199158 -1 0 0
572.2342475908081 342.3750926612303 -1 0 0
673.7929330368175 342.6755621447984 -1 0 0
673.7929330368175 338.76945885841343 -1 0 0
649.4549048678034 316.53471707437586 -1 0 0
644.3469236471461 315.03236965653554 -1 0 0
639.238942426489 317.13565604151205 -1 0 0
636.8351865579443 317.13565604151205 -1 0 0
633.5300222386954 316.53471707437586 -1 0 0
624.8164072152213 318.03706449221625 -1 0 0
619.4079565109959 318.3375339757843 -1 0 0
615.2013837410428 318.3375339757843 -1 0 0
610.3938720039537 322.84457622930546 -1 0 0
603.4830738818879 318.03706449221625 -1 0 0
678.9009142574748 314.1309612058313 -1 0 0
676.7976278724983 314.1309612058313 -1 0 0
672.8915245861132 314.1309612058313 -1 0 0
674.6943414875218 314.1309612058313 -1 0 0
671.0887076847048 314.1309612058313 -1 0 0
658.1685198912777 316.53471707437586 -1 0 0
655.4642945391649 318.6380034593524 -1 0 0
653.0605386706203 317.13565604151205 -1 0 0
701.4361255250805 338.1685198912773 -1 0 0
697.8304917222634 331.85866073634776 -1 0 0
687.0135903138128 326.45021003212236 -1 0 0
682.8070175438597 324.6473931307139 -1 0 0
681.6051396095875 321.3422288114651 -1 0 0
678.6004447739067 321.9431677786012 -1 0 0
678.2999752903387 324.0464541635777 -1 0 0
676.1966889053621 326.45021003212236 -1 0 0
673.1919940696814 328.85396590066694 -1 0 0
672.8915245861132 331.25772176921157 -1 0 0
676.7976278724983 328.85396590066694 -1 0 0
678.9009142574748 327.0511489992585 -1 0 0
691.5206325673339 332.4595997034839 -1 0 0
690.9196936001978 324.3469236471458 -1 0 0
720.3657029898691 339.37039782554956 -1 0 0
716.7600691870522 339.6708673091177 -1 0 0
724.2718062762541 337.26711144057305 -1 0 0
718.5628860884607 343.57697059550264 -1 0 0
725.7741536940946 349.88682975043224 -1 0 0
685.2107734124044 341.7741536940942 -1 0 0
688.8164072152213 341.47368421052613 -1 0 0
690.3187546330616 339.37039782554956 -1 0 0
681.0042006424513 337.26711144057305 -1 0 0
684.008895478132 334.26241660489234 -1 0 0
687.0135903138128 333.9619471213243 -1 0 0
686.7131208302447 330.9572522856435 -1 0 0
679.802322708179 332.76006918705195 -1 0 0
657.5675809241413 327.0511489992585 -1 0 0
658.1685198912777 324.3469236471458 -1 0 0
652.4595997034842 327.6520879663946 -1 0 0
648.5534964170992 327.95255744996274 -1 0 0
648.2530269335311 323.4455151964416 -1 0 0
643.1450457128739 322.84457622930546 -1 0 0
596.2718062762541 307.5206325673336 -1 0 0
582.1497405485545 345.9807264640472 -1 0 0
593.2671114405732 319.53941191005663 -1 0 0
589.5112428959724 317.7365950086482 -1 0 0
583.952557449963 318.18729923400025 -1 0 0
569.3797874969113 318.3375339757843 -1 0 0
574.0370644922165 318.3375339757843 -1 0 0
630.3750926612306 318.03706449221625 -1 0 0
602.8821349147518 308.2718062762538 -1 0 0
599.7272053372868 308.5722757598219 -1 0 0
607.9901161354089 308.12157153446975 -1 0 0
620.4595997034841 307.97133679268575 -1 0 0
612.046454163578 307.82110205090174 -1 0 0
601.6802569804795 314.8821349147514 -1 0 0
605.7365950086484 312.7788485297749 -1 0 0
598.5253274030146 314.8821349147514 -1 0 0
595.971336792686 316.68495181615987 -1 0 0
601.2295527551273 319.38917716827257 -1 0 0
640.4408203607611 337.7178156659252 -1 0 0
688.5159377316531 312.02767482085477 -1 0 0
682.2060785767236 315.03236965653554 -1 0 0
691.5206325673338 315.03236965653554 -1 0 0
697.8304917222634 315.3328391401036 -1 0 0
703.539411910057 315.03236965653554 -1 0 0
704.1403508771931 312.6286137879909 -1 0 0
708.046454163578 314.7319001729674 -1 0 0
708.9478626142823 311.7272053372867 -1 0 0
713.7553743513714 314.1309612058313 -1 0 0
717.6614776377563 314.7319001729674 -1 0 0
719.4642945391649 314.7319001729674 -1 0 0
720.9666419570052 314.7319001729674 -1 0 0
712.8539659006672 321.34222881146513 -1 0 0
702.6380034593526 329.15443538423506 -1 0 0
702.0370644922165 322.2436372621693 -1 0 0
619.4079565109959 326.4502100321224 -1 0 0
616.4032616753151 329.7553743513712 -1 0 0
625.4173461823574 325.54880158141816 -1 0 0
570.1309612058316 338.76945885841343 -1 0 0
714.3563133185075 300.60983444526795 -1 0 0
724.2718062762541 299.4079565109956 -1 0 0
845.0605386706203 519.3516184828267 -1 0 0
905.1544353842354 484.49715838893 -1 0 0
915.37039782555 460.45959970348395 -1 0 0
902.1497405485546 453.24833209785015 -1 0 0
861.8868297504326 478.48776871756843 -1 0 0
876.9103039288364 470.0746231776624 -1 0 0
885.3234494687424 447.8398813936248 -1 0 0
894.9384729429207 443.0323696565356 -1 0 0
869.6990363232026 440.62861378799096 -1 0 0
848.6661724734373 442.4314306893994 -1 0 0
837.8492710649865 442.4314306893994 -1 0 0
843.858660736348 460.45959970348395 -1 0 0
850.4689893748457 451.4455151964417 -1 0 0
818.0182851494936 476.68495181616 -1 0 0
812.6098344452681 495.31405979738065 -1 0 0
783.7647640227331 496.51593773165297 -1 0 0
791.576970595503 487.5018532246107 -1 0 0
771.7459846800101 478.48776871756843 -1 0 0
773.5488015814184 457.4549048678032 -1 0 0
757.9243884358785 453.8492710649863 -1 0 0
735.0887076847049 462.2624166048924 -1 0 0
742.9009142574747 457.4549048678032 -1 0 0
747.1074870274279 445.4361255250802 -1 0 0
747.7084259945639 428.60983444526795 -1 0 0
760.9290832715593 435.2201630837656 -1 0 0
688.2154682480851 457.4549048678032 -1 0 0
804.7976278724982 428.0088954781318 -1 0 0
789.7741536940946 434.01828514949335 -1 0 0
788.5722757598222 462.8633555720285 -1 0 0
804.1966889053621 464.666172473437 -1 0 0
820.4220410180383 424.4032616753149 -1 0 0
830.0370644922166 434.01828514949335 -1 0 0
860.6849518161603 415.3891771682727 -1 0 0
859.483073881888 405.17321472695807 -1 0 0
846.2624166048926 408.778848529775 -1 0 0
832.4408203607612 404.57227575982193 -1 0 0
836.0464541635781 396.1591302199159 -1 0 0
825.8304917222634 387.7459846800097 -1 0 0
824.6286137879912 402.7694588584135 -1 0 0
814.4126513466767 404.57227575982193 -1 0 0
824.6286137879912 412.9854212997281 -1 0 0
807.2013837410428 406.9760316283665 -1 0 0
797.5863602668645 406.9760316283665 -1 0 0
793.9807264640476 417.19199406968113 -1 0 0
786.1685198912777 411.18260439831965 -1 0 0
775.952557449963 423.80232270817874 -1 0 0
766.3375339757846 413.58636026686423 -1 0 0
753.7178156659255 421.39856683963416 -1 0 0
753.7178156659255 412.9854212997281 -1 0 0
753.7178156659255 404.57227575982193 -1 0 0
759.727205337287 394.35631331850743 -1 0 0
772.9478626142824 385.94316777860126 -1 0 0
774.1497405485546 400.3657029898689 -1 0 0
765.7365950086485 400.3657029898689 -1 0 0
781.9619471213244 396.760069187052 -1 0 0
792.7788485297752 392.553496417099 -1 0 0
792.1779095626391 400.96664195700504 -1 0 0
799.990116135409 396.1591302199159 -1 0 0
796.9854212997283 386.54410674573745 -1 0 0
814.4126513466767 385.94316777860126 -1 0 0
807.802322708179 391.95255744996285 -1 0 0
886.5253274030147 428.0088954781318 -1 0 0
873.3046701260195 425.6051396095872 -1 0 0
912.3657029898692 449.0417593278971 -1 0 0
915.37039782555 409.3797874969112 -1 0 0
900.9478626142824 394.95725228564356 -1 0 0
891.9337781072401 390.1497405485543 -1 0 0
937.0042006424515 415.3891771682727 -1 0 0
944.8164072152214 417.19199406968113 -1 0 0
952.6286137879913 411.7835433654558 -1 0 0
961.0417593278974 404.57227575982193 -1 0 0
971.858660736348 407.5769705955027 -1 0 0
961.6426982950335 430.41265134667645 -1 0 0
981.4736842105265 432.2154682480849 -1 0 0
971.2577217692119 425.6051396095872 -1 0 0
980.8727452433903 411.18260439831965 -1 0 0
980.2718062762542 447.8398813936248 -1 0 0
918.3750926612307 386.54410674573745 -1 0 0
943.0135903138129 385.94316777860126 -1 0 0
935.8023227081791 401.5675809241412 -1 0 0
956.8351865579443 394.35631331850743 -1 0 0
949.0229799851744 398.56288608846046 -1 0 0
962.8445762293057 397.36100815418814 -1 0 0
973.0605386706204 396.760069187052 -1 0 0
967.652087966395 401.5675809241412 -1 0 0
557.2107734124044 483.29528045465764 -1 0 0
546.3938720039536 476.68495181616 -1 0 0
533.1732147269582 472.47837904620695 -1 0 0
519.952557449963 474.8821349147516 -1 0 0
509.7365950086484 487.5018532246107 -1 0 0
515.74598468001 453.24833209785015 -1 0 0
578.2436372621695 465.8680504077093 -1 0 0
589.6614776377564 474.2811959476154 -1 0 0
661.7741536940946 429.8117123795403 -1 0 0
492.30936496170006 474.2811959476154 -1 0 0
959.8398813936249 551.2013837410427 -1 0 0
1020.5347170743762 448.440820360761 -1 0 0
993.4924635532493 435.82110205090174 -1 0 0
1012.7225105016063 431.61452928094866 -1 0 0
1010.3187546330616 415.9901161354088 -1 0 0
1004.9103039288364 408.778848529775 -1 0 0
997.6990363232024 400.3657029898689 -1 0 0
1016.3281443044232 400.3657029898689 -1 0 0
1019.93377810724 411.7835433654558 -1 0 0
1021.1356560415123 428.60983444526795 -1 0 0
989.8868297504324 391.95255744996274 -1 0 0
982.0746231776625 387.7459846800097 -1 0 0
973.0605386706203 384.741289844329 -1 0 0
963.4455151964418 379.9337781072398 -1 0 0
955.0323696565357 378.13096120583134 -1 0 0
953.2295527551273 369.7178156659253 -1 0 0
944.8164072152213 367.91499876451684 -1 0 0
937.6051396095875 375.12626637015063 -1 0 0
926.1872992340005 378.13096120583134 -1 0 0
917.7741536940944 373.9243884358783 -1 0 0
909.9619471213244 371.52063256733373 -1 0 0
899.74598468001 367.91499876451684 -1 0 0
885.9243884358785 380.5347170743759 -1 0 0
876.9103039288361 376.3281443044229 -1 0 0
884.1215715344699 373.9243884358783 -1 0 0
873.9056090931555 367.31405979738065 -1 0 0
870.2999752903386 375.12626637015063 -1 0 0
864.290585618977 368.51593773165297 -1 0 0
861.2858907832963 379.33283914010366 -1 0 0
871.5018532246108 386.54410674573745 -1 0 0
859.4830738818878 391.95255744996274 -1 0 0
818.0182851494934 367.31405979738065 -1 0 0
841.4549048678033 359.50185322461067 -1 0 0
836.046454163578 361.3046701260191 -1 0 0
861.8868297504325 359.50185322461067 -1 0 0
854.6755621447986 359.50185322461067 -1 0 0
848.6661724734371 357.0980973560661 -1 0 0
869.0980973560662 358.90091425747454 -1 0 0
876.3093649617 362.50654806029144 -1 0 0
884.7225105016063 366.7131208302445 -1 0 0
909.3610081541883 379.9337781072398 -1 0 0
893.7365950086485 376.9290832715591 -1 0 0
891.9337781072401 361.3046701260191 -1 0 0
884.1215715344699 358.90091425747454 -1 0 0
876.9103039288361 352.891524586113 -1 0 0
871.5018532246108 350.4877687175684 -1 0 0
878.7131208302446 346.28119594761534 -1 0 0
884.1215715344699 352.891524586113 -1 0 0
893.1356560415123 352.891524586113 -1 0 0
894.3375339757846 357.0980973560661 -1 0 0
899.1450457128738 357.0980973560661 -1 0 0
902.1497405485545 362.50654806029144 -1 0 0
908.7600691870522 363.10748702742757 -1 0 0
915.3703978255498 365.51124289597226 -1 0 0
1005.5112428959725 384.1403508771928 -1 0 0
998.2999752903386 387.7459846800097 -1 0 0
994.0934025203856 379.33283914010366 -1 0 0
1007.914998764517 378.13096120583134 -1 0 0
1020.5347170743762 388.3469236471459 -1 0 0
1019.3328391401038 397.36100815418814 -1 0 0
1008.5159377316531 393.15443538423506 -1 0 0
1003.1074870274277 367.91499876451684 -1 0 0
994.0934025203856 367.91499876451684 -1 0 0
995.896219421794 361.3046701260191 -1 0 0
988.6849518161602 359.50185322461067 -1 0 0
983.877440079071 358.90091425747454 -1 0 0
984.4783790462071 365.51124289597226 -1 0 0
981.4736842105264 373.9243884358783 -1 0 0
976.0652335063011 369.7178156659253 -1 0 0
970.6567828020757 365.51124289597226 -1 0 0
978.4689893748456 361.3046701260191 -1 0 0
962.2436372621695 369.7178156659253 -1 0 0
959.2389424264887 364.3093649616999 -1 0 0
950.2248579194465 363.7084259945637 -1 0 0
965.2483320978503 361.3046701260191 -1 0 0
961.6426982950334 355.29528045465764 -1 0 0
968.2530269335311 357.6990363232022 -1 0 0
965.2483320978503 352.891524586113 -1 0 0
958.6380034593526 348.6849518161599 -1 0 0
967.652087966395 348.6849518161599 -1 0 0
971.2577217692119 354.69434148752146 -1 0 0
976.0652335063011 352.891524586113 -1 0 0
972.4595997034842 344.4783790462069 -1 0 0
976.0652335063011 343.87744007907077 -1 0 0
967.0511489992588 342.0746231776623 -1 0 0
959.2389424264887 345.0793180133431 -1 0 0
954.4314306893996 345.0793180133431 -1 0 0
943.6145292809489 349.2858907832961 -1 0 0
924.9854212997282 367.31405979738065 -1 0 0
922.5816654311836 370.91969360019755 -1 0 0
937.0042006424512 362.50654806029144 -1 0 0
927.3891771682728 363.10748702742757 -1 0 0
921.3797874969113 361.3046701260191 -1 0 0
917.1732147269582 355.29528045465764 -1 0 0
914.1685198912775 357.6990363232022 -1 0 0
908.7600691870522 355.29528045465764 -1 0 0
913.5675809241413 353.49246355324914 -1 0 0
918.3750926612305 348.6849518161599 -1 0 0
912.9666419570052 346.28119594761534 -1 0 0
924.9854212997282 346.28119594761534 -1 0 0
918.9760316283667 344.4783790462069 -1 0 0
929.1919940696813 346.88213491475153 -1 0 0
937.6051396095875 348.6849518161599 -1 0 0
1021.1356560415123 378.13096120583134 -1 0 0
1016.3281443044232 371.52063256733373 -1 0 0
1009.1168766987894 368.51593773165297 -1 0 0
1001.9056090931555 361.3046701260191 -1 0 0
998.9009142574747 357.0980973560661 -1 0 0
1003.7084259945639 352.891524586113 -1 0 0
1000.7037311588831 348.6849518161599 -1 0 0
994.6943414875217 354.69434148752146 -1 0 0
1004.9103039288364 358.90091425747454 -1 0 0
1009.1168766987894 357.0980973560661 -1 0 0
1012.7225105016063 362.50654806029144 -1 0 0
1018.1309612058316 366.7131208302445 -1 0 0
1022.9384729429207 360.10279219174686 -1 0 0
1015.1262663701508 357.0980973560661 -1 0 0
1010.9196936001978 352.2905856189768 -1 0 0
1016.3281443044232 350.4877687175684 -1 0 0
1020.5347170743762 352.891524586113 -1 0 0
1007.914998764517 345.0793180133431 -1 0 0
1004.9103039288364 348.0840128490238 -1 0 0
992.290585618977 342.0746231776623 -1 0 0
988.6849518161602 348.6849518161599 -1 0 0
981.4736842105264 344.4783790462069 -1 0 0
983.2765011119349 350.4877687175684 -1 0 0
881.1168766987894 410.58166543118347 -1 0 0
777.1544353842353 379.33283914010366 -1 0 0
765.1356560415123 380.5347170743759 -1 0 0
758.5253274030146 379.33283914010366 -1 0 0
753.7178156659254 372.722510501606 -1 0 0
747.1074870274277 375.12626637015063 -1 0 0
747.7084259945639 393.15443538423506 -1 0 0
763.9337781072398 391.95255744996274 -1 0 0
786.1685198912775 388.3469236471459 -1 0 0
780.7600691870522 368.51593773165297 -1 0 0
772.9478626142821 369.7178156659253 -1 0 0
762.1309612058315 366.7131208302445 -1 0 0
757.3234494687423 363.7084259945637 -1 0 0
751.9149987645169 363.7084259945637 -1 0 0
748.9103039288362 361.3046701260191 -1 0 0
763.9337781072398 357.0980973560661 -1 0 0
768.7412898443292 362.50654806029144 -1 0 0
789.7741536940944 370.91969360019755 -1 0 0
785.5675809241413 369.7178156659253 -1 0 0
795.7835433654559 368.51593773165297 -1 0 0
841.4549048678033 352.891524586113 -1 0 0
835.4455151964418 346.88213491475153 -1 0 0
827.0323696565357 346.88213491475153 -1 0 0
821.6239189523103 348.0840128490238 -1 0 0
822.2248579194465 348.6849518161599 -1 0 0
815.0135903138128 348.6849518161599 -1 0 0
802.3938720039536 348.0840128490238 -1 0 0
807.2013837410427 348.6849518161599 -1 0 0
780.7600691870522 351.08870768470456 -1 0 0
769.3422288114652 348.6849518161599 -1 0 0
774.1497405485544 346.88213491475153 -1 0 0
790.3750926612306 349.2858907832961 -1 0 0
783.764764022733 346.88213491475153 -1 0 0
976.6661724734371 348.3844823325919 -1 0 0
988.68495181616 336.96664195700504 -1 0 0
997.9995058067705 336.3657029898689 -1 0 0
1002.5065480602916 335.7647640227328 -1 0 0
1004.609834445268 339.3703978255497 -1 0 0
1007.9149987645169 335.1638250555966 -1 0 0
1018.1309612058315 343.57697059550276 -1 0 0
1022.9384729429206 342.67556214479845 -1 0 0
989.5863602668643 381.1356560415121 -1 0 0
983.5769705955029 382.6380034593525 -1 0 0
971.2577217692117 373.62391895231025 -1 0 0
887.4267358537187 357.6990363232022 -1 0 0
894.9384729429206 344.7788485297751 -1 0 0
891.3328391401037 339.97133679268586 -1 0 0
894.0370644922165 338.4689893748454 -1 0 0
887.4267358537187 339.3703978255497 -1 0 0
887.4267358537187 334.2624166048924 -1 0 0
885.0229799851742 333.66147763775626 -1 0 0
880.816407215221 334.2624166048924 -1 0 0
873.6051396095874 340.87274524339 -1 0 0
868.7976278724981 340.87274524339 -1 0 0
869.6990363232022 343.57697059550276 -1 0 0
864.591055102545 342.67556214479845 -1 0 0
859.4830738818878 346.2811959476154 -1 0 0
854.9760316283667 351.0887076847046 -1 0 0
850.1685198912775 352.591055102545 -1 0 0
858.8821349147516 351.3891771682727 -1 0 0
867.8962194217938 351.9901161354088 -1 0 0
864.591055102545 348.3844823325919 -1 0 0
869.3985668396342 355.29528045465764 -1 0 0
906.9572522856436 347.4830738818877 -1 0 0
927.9901161354089 342.0746231776623 -1 0 0
927.3891771682728 337.8680504077093 -1 0 0
925.5863602668643 333.0605386706201 -1 0 0
921.3797874969113 334.2624166048924 -1 0 0
919.8774400790709 336.96664195700504 -1 0 0
916.271806276254 338.4689893748454 -1 0 0
915.0699283419817 341.4736842105262 -1 0 0
920.177909562639 339.97133679268586 -1 0 0
931.5957499382258 337.2671114405731 -1 0 0
938.5065480602916 337.8680504077093 -1 0 0
942.1121818631085 334.56288608846046 -1 0 0
937.6051396095874 340.87274524339 -1 0 0
941.5112428959724 343.57697059550276 -1 0 0
943.6145292809488 340.87274524339 -1 0 0
949.0229799851743 338.7694588584135 -1 0 0
954.7319001729676 339.97133679268586 -1 0 0
959.5394119100567 338.4689893748454 -1 0 0
962.2436372621695 335.7647640227328 -1 0 0
957.7365950086484 334.56288608846046 -1 0 0
953.8304917222634 334.8633555720285 -1 0 0
947.2201630837657 334.8633555720285 -1 0 0
951.1262663701507 331.5581912527797 -1 0 0
944.816407215221 361.90560909315536 -1 0 0
948.1215715344699 381.4361255250802 -1 0 0
948.1215715344699 377.8304917222633 -1 0 0
943.0135903138126 375.4267358537187 -1 0 0
952.6286137879912 390.1497405485544 -1 0 0
971.5581912527797 336.666172473437 -1 0 0
984.478379046207 332.1591302199159 -1 0 0
991.3891771682728 336.96664195700504 -1 0 0
993.7929330368173 335.1638250555966 -1 0 0
1010.9196936001977 337.8680504077093 -1 0 0
1000.102792191747 344.7788485297751 -1 0 0
1011.8211020509018 343.57697059550276 -1 0 0
905.4549048678033 301.8117123795403 -1 0 0
902.1497405485544 297.00420064245105 -1 0 0
866.6943414875216 335.1638250555966 -1 0 0
859.1826043983198 338.4689893748454 -1 0 0
850.1685198912775 336.3657029898689 -1 0 0
832.7412898443291 322.24363726216944 -1 0 0
833.3422288114652 309.3234494687422 -1 0 0
835.7459846800099 310.2248579194464 -1 0 0
843.8586607363479 312.3281443044229 -1 0 0
876.3093649617 327.95255744996285 -1 0 0
865.4924635532492 328.2530269335309 -1 0 0
863.6896466518408 325.24833209785015 -1 0 0
864.2905856189769 321.0417593278971 -1 0 0
918.3750926612305 397.96194712132433 -1 0 0
966.4502100321225 365.8117123795403 -1 0 0
894.9384729429206 327.95255744996285 -1 0 0
890.7319001729676 331.5581912527797 -1 0 0
884.1215715344699 328.85396590066705 -1 0 0
880.816407215221 330.35631331850743 -1 0 0
870.6004447739066 336.3657029898689 -1 0 0
865.4924635532492 337.8680504077093 -1 0 0
862.4877687175685 337.8680504077093 -1 0 0
943.9149987645169 292.49715838892996 -1 0 0
947.5206325673338 292.49715838892996 -1 0 0
953.5300222386953 289.19199406968113 -1 0 0
958.9384729429206 288.29058561897693 -1 0 0
954.4314306893995 293.99950580677034 -1 0 0
976.3657029898691 283.4830738818877 -1 0 0
972.1591302199159 284.9854212997281 -1 0 0
980.8727452433901 284.9854212997281 -1 0 0
975.1638250555966 288.591055102545 -1 0 0
965.8492710649864 292.49715838892996 -1 0 0
959.2389424264887 292.49715838892996 -1 0 0
962.8445762293056 291.5957499382257 -1 0 0
966.4502100321225 289.19199406968113 -1 0 0
969.1544353842352 288.591055102545 -1 0 0
969.7553743513713 286.18729923400036 -1 0 0
979.3703978255498 288.591055102545 -1 0 0
977.5675809241413 286.4877687175685 -1 0 0
962.8445762293056 321.94316777860126 -1 0 0
952.6286137879912 318.63800345935255 -1 0 0
949.3234494687423 314.7319001729675 -1 0 0
915.0699283419817 300.30936496169994 -1 0 0
884.1215715344699 282.2811959476154 -1 0 0
880.816407215221 285.58636026686423 -1 0 0
878.7131208302446 283.4830738818877 -1 0 0
774.4502100321225 295.50185322461067 -1 0 0
822.2248579194464 311.4267358537187 -1 0 0
857.0793180133431 340.572275759822 -1 0 0
845.9619471213243 350.4877687175685 -1 0 0
923.4830738818878 357.6990363232022 -1 0 0
480.89152458611323 452.04645416357783 -1 0 0
398.56288608846063 449.64269829503326 -1 0 0
99.29528045465779 460.45959970348395 -1 0 0
125.73659500864838 445.4361255250802 -1 0 0
555.4079565109957 454.75067951569054 -1 0 0
543.3891771682728 457.75537435137124 -1 0 0
501.9243884358784 452.34692364714596 -1 0 0
976.6661724734371 328.25302693353086 -1 0 0
846.2624166048925 319.8398813936247 -1 0 0
651.2577217692117 399.4642945391646 -1 0 0
641.0417593278971 378.43143068939935 -1 0 0
805.9995058067703 354.99481097108946 -1 0 0
639.9901161354089 428.6098344452679 -1 0 0
675.5957499382258 365.81171237954015 -1 0 0
685.3610081541882 362.6567828020754 -1 0 0
592.365702989869 361.75537435137113 -1 0 0
590.2624166048923 366.56288608846035 -1 0 0
533.9243884358783 354.69434148752134 -1 0 0
535.8774400790708 347.9337781072397 -1 0 0
555.7084259945638 352.89152458611284 -1 0 0
555.4079565109957 364.76006918705184 -1 0 0
574.0370644922164 359.65208796639456 -1 0 0
414.18729923400036 394.0558438349392 -1 0 0
412.53471707437603 397.21077341240397 -1 0 0
421.6990363232023 396.15913021991565 -1 0 0
443.18260439831965 363.8586607363476 -1 0 0
453.84927106498634 364.30936496169977 -1 0 0
424.1027921917469 343.42673585371847 -1 0 0
429.06053867062013 355.8962194217936 -1 0 0
428.15913021991594 361.90560909315514 -1 0 0
464.8164072152211 349.43612552508 -1 0 0
457.3046701260192 351.83988139362464 -1 0 0
453.9995058067704 345.379787496911 -1 0 0
452.647393130714 332.76006918705184 -1 0 0
467.97133679268586 342.0746231776622 -1 0 0
43.708425994563875 377.5300222386951 -1 0 0
38.6004447739066 374.22485791944626 -1 0 0
35.59574993822585 376.3281443044228 -1 0 0
57.830491722263396 373.9243884358782 -1 0 0
68.04645416357795 380.23424759080774 -1 0 0
58.13096120583147 381.4361255250801 -1 0 0
53.32344946874228 401.267111440573 -1 0 0
48.51593773165307 401.267111440573 -1 0 0
40.40326167531506 386.2436372621693 -1 0 0
14.863355572028668 378.1309612058312 -1 0 0
27.182604398319743 395.5581912527796 -1 0 0
44.008895478131954 417.191994069681 -1 0 0
35.89621942179393 422.6004447739064 -1 0 0
19.670867309117874 398.2624166048923 -1 0 0
40.40326167531506 450.54410674573734 -1 0 0
61.13565604151224 400.3657029898688 -1 0 0
87.87744007907092 400.3657029898688 -1 0 0
105.30467012601929 375.12626637015046 -1 0 0
101.09809735606622 366.7131208302444 -1 0 0
124.234247590808 367.0135903138125 -1 0 0
127.53941191005684 372.7225105016059 -1 0 0
132.04645416357795 369.7178156659251 -1 0 0
138.35631331850755 373.9243884358782 -1 0 0
143.16382505559673 360.40326167531475 -1 0 0
134.45021003212256 365.81171237954015 -1 0 0
139.55819125277984 379.33283914010354 -1 0 0
126.03706449221647 378.1309612058312 -1 0 0
120.6286137879911 380.5347170743758 -1 0 0
134.75067951569062 391.9525574499627 -1 0 0
182.22485791944652 379.6333086236716 -1 0 0
205.9619471213244 381.13565604151194 -1 0 0
213.47368421052633 382.6380034593524 -1 0 0
217.3797874969113 384.1403508771927 -1 0 0
229.69903632320234 388.6473931307139 -1 0 0
220.68495181616012 391.0511489992585 -1 0 0
247.12626637015072 393.45490486780307 -1 0 0
215.57697059550284 369.116876698789 -1 0 0
220.38448233259203 361.304670126019 -1 0 0
234.5065480602916 353.191994069681 -1 0 0
244.42204101803804 353.79293303681715 -1 0 0
244.12157153446998 364.6098344452679 -1 0 0
181.3234494687423 360.1027921917467 -1 0 0
175.91499876451692 360.1027921917467 -1 0 0
173.51124289597234 365.5112428959721 -1 0 0
169.0042006424512 365.81171237954015 -1 0 0
163.89621942179394 364.6098344452679 -1 0 0
165.3985668396343 357.9995058067702 -1 0 0
161.7929330368174 363.4079565109955 -1 0 0
150.9760316283667 360.7037311588829 -1 0 0
145.8680504077094 369.7178156659251 -1 0 0
174.11218186310847 369.116876698789 -1 0 0
188.23424759080805 374.22485791944626 -1 0 0
193.94316777860143 377.229552755127 -1 0 0
54.52532740301458 380.5347170743758 -1 0 0
44.008895478131954 369.7178156659251 -1 0 0
370.9196936001977 368.51593773165285 -1 0 0
390.7506795156906 375.7272053372867 -1 0 0
338.16851989127747 371.82110205090174 -1 0 0
337.56758092414134 351.6896466518407 -1 0 0
341.4736842105263 347.48307388188766 -1 0 0
211.06992834198167 432.816407215221 -1 0 0
359.5018532246107 344.7788485297749 -1 0 0
381.1356560415122 344.7788485297749 -1 0 0
399.16382505559665 324.6473931307139 -1 0 0
393.75537435137136 346.28119594761534 -1 0 0
395.5581912527798 351.6896466518407 -1 0 0
272.9666419570052 357.09809735606603 -1 0 0
427.70842599456387 389.24833209785004 -1 0 0
356.79762787249814 358.29997529033824 -1 0 0
377.22955275512726 361.00420064245094 -1 0 0
402.46898937484553 354.99481097108946 -1 0 0
406.9760316283667 349.285890783296 -1 0 0
411.48307388188783 348.985421299728 -1 0 0
398.2624166048925 342.9760316283664 -1 0 0
392.85396590066716 342.67556214479833 -1 0 0
470.6755621447987 343.5769705955026 -1 0 0
476.3844823325921 360.7037311588829 -1 0 0
462.5628860884606 358.9009142574744 -1 0 0
502.52532740301456 387.14504571287347 -1 0 0
526.5628860884606 428.00889547813165 -1 0 0
564.7225105016062 382.33753397578425 -1 0 0
538.2811959476155 374.22485791944626 -1 0 0
510.3375339757845 340.5722757598218 -1 0 0
500.42204101803804 335.1638250555964 -1 0 0
499.2201630837658 331.5581912527795 -1 0 0
636.5347170743761 400.66617247343703 -1 0 0
666.2811959476155 344.47837904620707 -1 0 0
646.4502100321225 358.29997529033847 -1 0 0
722.7694588584137 317.43612552508023 -1 0 0
757.3234494687424 385.0417593278971 -1 0 0
892.2342475908081 370.0182851494934 -1 0 0
893.7365950086485 366.1121818631084 -1 0 0
851.971336792686 321.9431677786013 -1 0 0
845.9619471213244 323.14504571287364 -1 0 0
839.0511489992587 325.8492710649863 -1 0 0
836.046454163578 323.14504571287364 -1 0 0
825.5300222386954 326.7506795156906 -1 0 0
818.6192241166297 317.7365950086483 -1 0 0
815.9149987645169 322.8445762293056 -1 0 0
868.7976278724982 325.24833209785015 -1 0 0
871.2013837410428 326.7506795156906 -1 0 0
872.7037311588831 327.9525574499629 -1 0 0
834.8445762293056 352.891524586113 -1 0 0
836.9478626142821 349.2858907832961 -1 0 0
775.6520879663949 373.62391895231025 -1 0 0
965.8492710649864 375.72720533728676 -1 0 0
874.5065480602916 333.0605386706201 -1 0 0
870.9009142574746 331.8586607363478 -1 0 0
877.2107734124043 332.1591302199158 -1 0 0
890.1309612058315 300.0088954781318 -1 0 0
894.9384729429206 300.3093649616999 -1 0 0
859.4830738818878 313.8304917222633 -1 0 0
850.4689893748455 329.7553743513712 -1 0 0
885.0229799851742 348.98542129972805 -1 0 0
996.49715838893 315.9337781072398 -1 0 0
44.609834445267836 759.1262663701507 -1 0 0
599.2364722937192 334.92618561581037 -1 0 0
600.5315819058609 331.3646341824208 -1 0 0
597.2938078755067 325.212863524748 -1 0 0
592.7609242330109 327.8030827490313 -1 0 0
593.4084790390817 323.9177539126063 -1 0 0
614.1302328333481 322.29886689742926 -1 0 0
613.4826780272773 327.1555279429605 -1 0 0
618.0155616697731 323.9177539126063 -1 0 0
643.5939765095708 329.4219697642083 -1 0 0
663.6681754977665 320.03242507618137 -1 0 0
662.6968432886601 315.4995414336856 -1 0 0
666.2583947220497 315.17576403065016 -1 0 0
667.8772817372269 317.1184284488627 -1 0 0
671.1150557675809 319.70864767314595 -1 0 0
676.619271619183 319.0610928670751 -1 0 0
672.4101653797226 323.27019910653553 -1 0 0
669.4961687524038 325.212863524748 -1 0 0
665.6108399159789 321.97508949439384 -1 0 0
661.0779562734831 324.24153131564174 -1 0 0
624.8148871335168 309.0239933729774 -1 0 0
616.7204520576315 311.61421259726063 -1 0 0
591.4658146208692 311.61421259726063 -1 0 0
588.5518179935506 311.61421259726063 -1 0 0
575.600721872134 314.20443182154395 -1 0 0
577.2196088873111 314.85198662761474 -1 0 0
580.4573829176652 318.41353806100426 -1 0 0
562.9734031537529 317.1184284488627 -1 0 0
632.2617674033313 303.8435549244107 -1 0 0
636.7946510458271 304.4911097304815 -1 0 0
639.3848702701104 303.5197775213753 -1 0 0
642.9464217034999 304.4911097304815 -1 0 0
645.5366409277832 305.13866453655237 -1 0 0
648.7744149581374 303.8435549244107 -1 0 0
651.688411585456 303.5197775213753 -1 0 0
651.688411585456 301.2533357001274 -1 0 0
654.2786308097394 304.4911097304815 -1 0 0
656.5450726309873 303.1960001183399 -1 0 0
657.5164048400936 305.7862193426232 -1 0 0
660.1066240643769 305.13866453655237 -1 0 0
664.3157303038372 302.54844531226905 -1 0 0
665.2870625129435 305.13866453655237 -1 0 0
667.8772817372269 302.8722227153045 -1 0 0
667.8772817372269 305.4624419395878 -1 0 0
669.8199461554392 304.81488713351695 -1 0 0
672.733942782758 302.8722227153045 -1 0 0
673.3814975888289 306.7575515517295 -1 0 0
678.8857134404309 301.9008905061982 -1 0 0
675.9717168131122 304.81488713351695 -1 0 0
681.7997100677495 303.5197775213753 -1 0 0
685.3612615011391 302.8722227153045 -1 0 0
688.2752581284578 304.1673323274461 -1 0 0
690.5416999497057 301.9008905061982 -1 0 0
694.4270287861307 303.5197775213753 -1 0 0
624.1673323274459 313.5568770154731 -1 0 0
621.5771131031627 312.90932220940226 -1 0 0
612.1875684151357 314.85198662761474 -1 0 0
607.6546847726398 315.4995414336856 -1 0 0
606.6833525635337 320.35620247921673 -1 0 0
609.9211265938878 318.7373154640397 -1 0 0
599.5602496967546 322.29886689742926 -1 0 0
604.0931333392504 323.27019910653553 -1 0 0
586.2853761723027 321.97508949439384 -1 0 0
582.0762699328423 321.6513120913584 -1 0 0
578.8384959024883 321.0037572852876 -1 0 0
570.7440608266028 323.9177539126063 -1 0 0
566.8587319901778 322.29886689742926 -1 0 0
564.5922901689299 324.24153131564174 -1 0 0
563.2971805567884 326.50797313688963 -1 0 0
579.8098281115944 328.12686015206674 -1 0 0
579.1622733055236 325.5366409277834 -1 0 0
584.3427117540903 331.3646341824208 -1 0 0
589.1993727996214 331.0408567793854 -1 0 0
596.9700304724713 331.3646341824208 -1 0 0
599.2364722937192 328.45063755510216 -1 0 0
601.8266915180025 329.098192361173 -1 0 0
612.5113458181711 332.01218898849163 -1 0 0
615.1015650424545 334.2786308097396 -1 0 0
617.6917842667378 335.5737404218812 -1 0 0
621.2533357001273 331.3646341824208 -1 0 0
623.8435549244106 335.5737404218812 -1 0 0
628.7002159699418 335.2499630188458 -1 0 0
631.6142125972605 326.83175053992505 -1 0 0
636.7946510458271 323.59397650957095 -1 0 0
639.7086476731458 321.6513120913584 -1 0 0
632.5855448063668 323.59397650957095 -1 0 0
628.3764385669065 309.3477707760127 -1 0 0
632.5855448063668 308.0526611638711 -1 0 0
635.17576403065 311.2904351942252 -1 0 0
636.1470962397563 307.40510635780026 -1 0 0
640.3562024792167 310.9666577911898 -1 0 0
644.5653087186771 309.9953255820835 -1 0 0
646.8317505399249 312.2617674033315 -1 0 0
652.0121889884916 309.3477707760127 -1 0 0
653.3072986006332 313.2330996124377 -1 0 0
661.0779562734831 310.64288038815437 -1 0 0
658.4877370491997 312.90932220940226 -1 0 0
661.4017336765186 313.8806544185085 -1 0 0
661.0779562734831 320.03242507618137 -1 0 0
657.840182243129 321.327534688323 -1 0 0
653.3072986006332 322.29886689742926 -1 0 0
659.7828466613414 330.06952457027916 -1 0 0
665.6108399159789 335.2499630188458 -1 0 0
669.4961687524038 335.5737404218812 -1 0 0
662.6968432886601 329.098192361173 -1 0 0
650.71707937635 333.63107600366874 -1 0 0
646.5079731368896 332.33596639152705 -1 0 0
645.212863524748 336.22129522795206 -1 0 0
688.9228129345287 321.97508949439384 -1 0 0
685.3612615011391 320.03242507618137 -1 0 0
683.4185970829267 308.37643856690653 -1 0 0
682.4472648738204 305.7862193426232 -1 0 0
675.9717168131122 309.9953255820835 -1 0 0
670.1437235584747 309.0239933729774 -1 0 0
656.8688500340228 308.37643856690653 -1 0 0
698.3123576225556 302.54844531226905 -1 0 0
702.1976864589807 301.2533357001274 -1 0 0
706.0830152954055 300.929558297092 -1 0 0
709.9683441318305 301.5771131031628 -1 0 0
707.7019023105827 306.10999674565863 -1 0 0
697.6648028164848 307.7288837608357 -1 0 0
692.8081417709536 309.3477707760127 -1 0 0
689.2465903375642 308.70021596994195 -1 0 0
697.0172480104139 320.03242507618137 -1 0 0
697.0172480104139 325.212863524748 -1 0 0
703.8165734741576 325.5366409277834 -1 0 0
705.7592378923702 328.7744149581376 -1 0 0
711.911008550043 328.45063755510216 -1 0 0
709.3207893257596 323.27019910653553 -1 0 0
708.3494571166535 319.3848702701105 -1 0 0
716.1201147895034 326.50797313688963 -1 0 0
717.4152244016451 330.71707937635 -1 0 0
720.0054436259283 327.1555279429605 -1 0 0
723.566995059318 325.5366409277834 -1 0 0
719.034111416822 319.0610928670751 -1 0 0
715.7963373864679 309.0239933729774 -1 0 0
714.8250051773617 304.81488713351695 -1 0 0
719.3578888198576 309.3477707760127 -1 0 0
724.538327268424 309.6715481790481 -1 0 0
727.4523238957429 307.40510635780026 -1 0 0
725.1858820744949 303.8435549244107 -1 0 0
738.1369781959115 298.98689387887947 -1 0 0
741.0509748232301 298.0155616697733 -1 0 0
739.1083104050176 300.6057808940566 -1 0 0
468.43040146741237 335.57374042188127 -1 0 0
471.66817549776647 335.8975178249167 -1 0 0
474.25839472204973 336.86885003402296 -1 0 0
477.4961687524039 333.3072986006334 -1 0 0
482.02905239489974 329.4219697642085 -1 0 0
484.29549421614763 326.50797313688975 -1 0 0
486.23815863436005 328.77441495813764 -1 0 0
489.79971006774963 328.4506375551022 -1 0 0
490.4472648738205 325.8604183308189 -1 0 0
493.3612615011392 328.77441495813764 -1 0 0
470.0492884825894 330.71707937635006 -1 0 0
467.1352918552707 330.0695245702792 -1 0 0
756.4843643679181 312.5855448063668 -1 0 0
758.750806189166 311.93799000029594 -1 0 0
761.3410254134494 311.29043519422515 -1 0 0
765.5501316529097 310.6428803881543 -1 0 0
766.8452412650514 309.99532558208347 -1 0 0
771.0543475045117 309.99532558208347 -1 0 0
773.6445667287951 310.3191029851189 -1 0 0
750.3325937102453 297.6917842667378 -1 0 0
750.0088163072099 301.2533357001273 -1 0 0
746.7710422768558 300.2820034910211 -1 0 0
719.8975178249166 299.9582260879857 -1 0 0
719.5737404218811 303.51977752137526 -1 0 0
717.6310760036686 306.75755155172936 -1 0 0
709.2128635247478 309.02399337297726 -1 0 0
705.6513120913582 309.02399337297726 -1 0 0
703.3848702701104 309.6715481790481 -1 0 0
699.4995414336854 310.6428803881543 -1 0 0
696.2617674033313 311.29043519422515 -1 0 0
753.2465903375639 299.31067128191484 -1 0 0
756.4843643679181 300.2820034910211 -1 0 0
759.0745835922014 300.6057808940565 -1 0 0
761.6648028164848 301.57711310316273 -1 0 0
762.3123576225556 298.0155616697732 -1 0 0
760.6934706073786 296.07289725156073 -1 0 0
756.4843643679181 296.07289725156073 -1 0 0
763.9312446377327 297.3680068637024 -1 0 0
765.2263542498742 300.9295582970919 -1 0 0
767.1690186680868 299.9582260879857 -1 0 0
767.8165734741576 296.07289725156073 -1 0 0
770.0830152954055 299.31067128191484 -1 0 0
771.0543475045117 295.7491198485253 -1 0 0
757.131919173989 304.1673323274461 -1 0 0
760.0459158013077 304.49110973048147 -1 0 0
764.5787994438034 305.78621934262316 -1 0 0
766.1976864589806 303.51977752137526 -1 0 0
768.787905683264 302.8722227153044 -1 0 0
770.7305701014764 303.19600011833984 -1 0 0
773.3207893257596 301.90089050619815 -1 0 0
773.9683441318305 299.63444868495026 -1 0 0
775.263453743972 296.39667465459615 -1 0 0
777.2061181621846 302.8722227153044 -1 0 0
778.8250051773617 298.3393390728086 -1 0 0
780.767669595574 301.90089050619815 -1 0 0
783.3578888198574 298.3393390728086 -1 0 0
784.3292210289637 295.4253424454899 -1 0 0
785.6243306411054 299.63444868495026 -1 0 0
783.6816662228929 303.19600011833984 -1 0 0
781.0914469986095 308.3764385669064 -1 0 0
775.263453743972 306.75755155172936 -1 0 0
772.3494571166534 306.75755155172936 -1 0 0
771.0543475045117 307.08132895476473 -1 0 0
764.9025768468389 308.052661163871 -1 0 0
760.0459158013077 308.052661163871 -1 0 0
754.5416999497056 308.3764385669064 -1 0 0
751.627703322387 307.40510635780015 -1 0 0
751.9514807254225 303.8435549244107 -1 0 0
779.4725599834326 305.1386645365523 -1 0 0
781.4152244016449 305.1386645365523 -1 0 0
786.5956628502115 304.49110973048147 -1 0 0
788.538327268424 302.548445312269 -1 0 0
789.5096594775304 300.6057808940565 -1 0 0
789.8334368805657 295.4253424454899 -1 0 0
788.538327268424 296.7204520576316 -1 0 0
789.1858820744949 298.3393390728086 -1 0 0
800.5180911807344 298.3393390728086 -1 0 0
805.0509748232301 297.3680068637024 -1 0 0
807.3174166444779 296.39667465459615 -1 0 0
808.6125262566196 296.39667465459615 -1 0 0
811.8503002869738 296.39667465459615 -1 0 0
816.0594065264341 294.4540102363837 -1 0 0
818.325848347682 294.13023283334826 -1 0 0
818.6496257507175 291.54001360906494 -1 0 0
816.0594065264341 291.86379101210036 -1 0 0
825.1251738114257 292.1875684151358 -1 0 0
828.0391704387445 292.1875684151358 -1 0 0
831.6007218721342 291.86379101210036 -1 0 0
835.8098281115945 291.86379101210036 -1 0 0
839.6951569480194 291.86379101210036 -1 0 0
842.9329309783734 291.86379101210036 -1 0 0
847.7895920239047 291.86379101210036 -1 0 0
852.6462530694358 291.2162362060295 -1 0 0
856.2078045028254 290.5686813999587 -1 0 0
859.4455785331795 288.6260169817462 -1 0 0
804.4034200171593 310.6428803881543 -1 0 0
808.2887488535844 308.3764385669064 -1 0 0
808.6125262566196 311.6142125972606 -1 0 0
808.6125262566196 313.88065441850847 -1 0 0
810.5551906748321 315.4995414336855 -1 0 0
813.4691873021508 310.96665779118973 -1 0 0
814.4405195112572 312.5855448063668 -1 0 0
818.325848347682 308.70021596994184 -1 0 0
813.4691873021508 308.3764385669064 -1 0 0
812.4978550930447 305.1386645365523 -1 0 0
809.2600810626905 303.51977752137526 -1 0 0
817.6782935416113 306.75755155172936 -1 0 0
823.1825093932133 306.43377414869394 -1 0 0
824.8013964083904 304.49110973048147 -1 0 0
828.3629478417799 304.49110973048147 -1 0 0
826.7440608266029 309.3477707760127 -1 0 0
826.4202834235674 314.85198662761474 -1 0 0
824.4776190053549 318.4135380610042 -1 0 0
824.1538416023195 322.2988668974292 -1 0 0
826.7440608266029 322.2988668974292 -1 0 0
828.6867252448153 320.67997988225216 -1 0 0
830.9531670660633 317.76598325493336 -1 0 0
833.2196088873111 315.82331883672094 -1 0 0
837.752492529807 314.85198662761474 -1 0 0
848.760924233011 308.3764385669064 -1 0 0
843.256708381409 309.6715481790481 -1 0 0
838.4000473358777 310.3191029851189 -1 0 0
848.760924233011 309.99532558208347 -1 0 0
851.3511434572943 311.93799000029594 -1 0 0
855.5602496967546 311.93799000029594 -1 0 0
857.8266915180026 304.8148871335169 -1 0 0
862.6833525635337 305.46244193958773 -1 0 0
864.9497943847815 305.46244193958773 -1 0 0
868.5113458181711 304.49110973048147 -1 0 0
872.7204520576315 304.1673323274461 -1 0 0
877.2533357001273 302.8722227153044 -1 0 0
879.1960001183398 299.9582260879857 -1 0 0
855.6681754977664 326.83175053992505 -1 0 0
858.9059495281205 320.03242507618137 -1 0 0
855.344398094731 317.76598325493353 -1 0 0
851.7828466613413 316.1470962397564 -1 0 0
846.6024082127747 316.1470962397564 -1 0 0
840.4506375551019 316.47087364279184 -1 0 0
837.2128635247478 305.7862193426232 -1 0 0
830.7373154640395 303.5197775213753 -1 0 0
831.0610928670749 300.929558297092 -1 0 0
833.0037572852874 297.04422946066705 -1 0 0
827.4995414336854 295.1015650424546 -1 0 0
822.3191029851188 295.7491198485254 -1 0 0
817.4624419395876 297.3680068637025 -1 0 0
811.3106712819148 298.98689387887947 -1 0 0
807.7491198485251 299.95822608798574 -1 0 0
814.2246679092334 299.95822608798574 -1 0 0
820.0526611638709 300.28200349102116 -1 0 0
823.9379900002958 299.6344486849503 -1 0 0
827.4995414336854 297.6917842667379 -1 0 0
839.8030827490311 299.6344486849503 -1 0 0
842.3933019733144 299.6344486849503 -1 0 0
831.3848702701104 305.7862193426232 -1 0 0
827.4995414336854 307.0813289547649 -1 0 0
841.0981923611727 305.7862193426232 -1 0 0
844.9835211975977 304.81488713351695 -1 0 0
849.192627437058 301.57711310316284 -1 0 0
851.459069258306 299.6344486849503 -1 0 0
854.6968432886601 301.90089050619827 -1 0 0
857.9346173190141 297.04422946066705 -1 0 0
860.848613946333 299.3106712819149 -1 0 0
863.4388331706162 298.0155616697733 -1 0 0
865.3814975888288 287.00712996656927 -1 0 0
871.5332682465016 287.9784621756755 -1 0 0
873.7997100677494 288.9497943847817 -1 0 0
876.7137066950683 287.65468477264005 -1 0 0
871.2094908434661 299.95822608798574 -1 0 0
875.4185970829266 299.3106712819149 -1 0 0
893.8739090559451 305.13866453655237 -1 0 0
897.1116830862992 305.13866453655237 -1 0 0
897.75923789237 301.2533357001274 -1 0 0
900.9970119227243 301.2533357001274 -1 0 0
900.9970119227243 302.8722227153045 -1 0 0
909.0914469986095 298.66311647584416 -1 0 0
910.3865566107512 300.28200349102116 -1 0 0
944.706961332505 327.8030827490313 -1 0 0
946.6496257507175 323.59397650957095 -1 0 0
943.4118517203633 322.6226443004647 -1 0 0
940.8216324960799 323.9177539126064 -1 0 0
951.5062867962487 324.8890861217126 -1 0 0
955.0678382296383 322.9464217035001 -1 0 0
955.7153930357091 326.50797313688963 -1 0 0
957.9818348569569 323.59397650957095 -1 0 0
954.4202834235674 314.8519866276148 -1 0 0
951.830064199284 312.5855448063669 -1 0 0
949.2398449750008 309.34777077601274 -1 0 0
955.3916156326736 310.31910298511895 -1 0 0
957.6580574539216 309.9953255820835 -1 0 0
956.3629478417799 305.7862193426232 -1 0 0
953.7727286174966 306.43377414869406 -1 0 0
951.830064199284 303.84355492441074 -1 0 0
955.0678382296383 301.57711310316284 -1 0 0
928.8418685837698 293.8064554303129 -1 0 0
923.9852075382386 296.39667465459627 -1 0 0
916.8621046714593 295.7491198485254 -1 0 0
