63.09780907668227 457.7143974960876 -1 0 0
7.0101721439748985 444.6940532081377 -1 0 0
32.04929577464782 397.6205007824726 -1 0 0
71.1103286384976 399.6236306729264 -1 0 0
86.13380281690138 437.6830985915493 -1 0 0
130.20266040688568 434.67840375586854 -1 0 0
144.22456964006255 474.74100156494524 -1 0 0
47.07276995305159 572.8943661971831 -1 0 0
79.12284820031289 594.9287949921752 -1 0 0
293.4577464788731 558.8724569640062 -1 0 0
270.42175273865405 601.9397496087637 -1 0 0
401.6267605633801 544.8505477308294 -1 0 0
348.5438184663535 513.802034428795 -1 0 0
263.41079812206567 465.72691705790294 -1 0 0
281.43896713615015 466.7284820031299 -1 0 0
292.45618153364626 429.670579029734 -1 0 0
221.34507042253517 420.6564945226917 -1 0 0
162.25273865414704 422.65962441314554 -1 0 0
519.8114241001564 564.8818466353678 -1 0 0
585.9147104851328 525.820813771518 -1 0 0
507.7926447574333 435.6799687010954 -1 0 0
355.554773082942 453.7081377151799 -1 0 0
427.66744913928005 455.7112676056338 -1 0 0
395.6173708920187 425.6643192488263 -1 0 0
431.67370892018766 415.6486697965571 -1 0 0
384.6001564945226 397.6205007824726 -1 0 0
343.53599374021894 411.64241001564943 -1 0 0
307.47965571205 372.58137715179976 -1 0 0
295.460876369327 379.59233176838814 -1 0 0
273.4264475743348 380.59389671361504 -1 0 0
250.39045383411576 381.59546165884194 -1 0 0
232.36228482003116 371.5798122065728 -1 0 0
221.34507042253517 371.5798122065728 -1 0 0
205.3200312989045 383.59859154929586 -1 0 0
177.27621283255075 401.62676056338034 -1 0 0
161.25117370892008 392.61267605633805 -1 0 0
179.27934272300467 362.5657276995305 -1 0 0
201.31377151799677 357.5579029733959 -1 0 0
216.3372456964006 355.5547730829421 -1 0 0
214.33411580594668 336.5250391236307 -1 0 0
144.22456964006255 359.56103286384973 -1 0 0
112.1744913928012 378.5907668231612 -1 0 0
100.15571205007814 381.59546165884194 -1 0 0
78.12128325508604 380.59389671361504 -1 0 0
71.1103286384976 358.55946791862283 -1 0 0
43.06651017214392 358.55946791862283 -1 0 0
3.0039123630672293 386.6032863849765 -1 0 0
21.03208137715177 351.54851330203445 -1 0 0
25.03834115805944 327.51095461658844 -1 0 0
7.0101721439748985 303.4733959311424 -1 0 0
39.06025039123625 304.4749608763693 -1 0 0
33.05086071987478 295.4608763693271 -1 0 0
21.03208137715177 281.43896713615027 -1 0 0
13.01956181533643 264.41236306729263 -1 0 0
28.043035993740148 257.40140845070425 -1 0 0
4.005477308294189 278.4342723004695 -1 0 0
13.01956181533643 232.36228482003133 -1 0 0
33.05086071987478 195.3043818466354 -1 0 0
20.030516431924866 176.27464788732402 -1 0 0
22.033646322378672 161.2511737089202 -1 0 0
36.055555555555486 161.2511737089202 -1 0 0
27.041471048513245 158.24647887323948 -1 0 0
5.007042253521092 165.25743348982792 -1 0 0
7.0101721439748985 142.2214397496088 -1 0 0
26.03990610328634 131.20422535211276 -1 0 0
45.069640062597784 116.18075117370893 -1 0 0
27.041471048513245 79.122848200313 -1 0 0
12.017996870109528 77.1197183098592 -1 0 0
6.008607198747995 95.14788732394368 -1 0 0
37.057120500782446 60.09311424100167 -1 0 0
47.07276995305159 57.088419405320906 -1 0 0
55.08528951486693 57.088419405320906 -1 0 0
80.12441314553985 105.16353677621294 -1 0 0
73.11345852895147 88.1369327073553 -1 0 0
40.061815336463155 46.0712050078248 -1 0 0
41.063380281690115 32.04929577464793 -1 0 0
21.03208137715177 43.066510172144035 -1 0 0
9.013302034428762 60.09311424100167 -1 0 0
13.01956181533643 42.064945226917075 -1 0 0
19.028951486697906 30.046165884194124 -1 0 0
27.041471048513245 28.043035993740318 -1 0 0
66.10250391236303 39.06025039123642 -1 0 0
75.11658841940528 32.04929577464793 -1 0 0
87.13536776212823 37.0571205007825 -1 0 0
89.13849765258215 50.077464788732414 -1 0 0
99.15414710485129 46.0712050078248 -1 0 0
104.16197183098586 36.05555555555566 -1 0 0
59.0915492957746 140.218309859155 -1 0 0
77.11971830985908 134.20892018779347 -1 0 0
108.16823161189348 127.19796557120503 -1 0 0
78.12128325508604 155.24178403755877 -1 0 0
62.847417840375556 274.42801251956183 -1 0 0
78.37167449139275 292.4561815336464 -1 0 0
86.88497652582157 305.9773082942097 -1 0 0
107.41705790297334 295.46087636932714 -1 0 0
83.37949921752733 316.4937402190924 -1 0 0
79.87402190923314 345.0383411580595 -1 0 0
63.84898278560246 333.0195618153365 -1 0 0
104.91314553990605 362.56572769953056 -1 0 0
133.45774647887322 347.5422535211268 -1 0 0
135.9616588419405 313.98982785602504 -1 0 0
159.49843505477304 333.0195618153365 -1 0 0
158.99765258215956 354.05242566510174 -1 0 0
140.96948356807508 303.4733959311425 -1 0 0
161.50156494522685 291.9553990610329 -1 0 0
173.52034428794985 304.9757433489828 -1 0 0
143.97417840375584 275.9303599374022 -1 0 0
128.4499217527386 266.41549295774655 -1 0 0
105.41392801251953 277.9334898278561 -1 0 0
86.88497652582157 270.92253521126764 -1 0 0
83.8802816901408 255.89906103286393 -1 0 0
48.32472613458526 257.9021909233177 -1 0 0
59.84272300469479 257.40140845070425 -1 0 0
56.3372456964006 234.86619718309862 -1 0 0
46.82237871674488 237.37010954616593 -1 0 0
34.30281690140842 217.3388106416276 -1 0 0
55.3356807511737 219.34194053208142 -1 0 0
80.87558685446004 208.8255086071988 -1 0 0
75.86776212832547 194.3028169014085 -1 0 0
62.847417840375556 179.7801251956182 -1 0 0
78.37167449139275 178.27777777777783 -1 0 0
89.88967136150234 177.27621283255093 -1 0 0
96.39984350547729 90.64084507042259 -1 0 0
103.91158059467915 101.15727699530521 -1 0 0
122.9413145539906 88.63771517996878 -1 0 0
119.43583724569635 76.61893583724577 -1 0 0
120.93818466353673 106.16510172143984 -1 0 0
109.4201877934272 111.67370892018783 -1 0 0
140.96948356807508 111.67370892018783 -1 0 0
143.47339593114236 126.69718309859161 -1 0 0
129.45148669796555 137.21361502347423 -1 0 0
127.44835680751169 153.73943661971836 -1 0 0
104.91314553990605 158.74726134585296 -1 0 0
145.47652582159617 163.25430359937405 -1 0 0
133.45774647887322 170.2652582159625 -1 0 0
133.95852895148664 186.29029733959317 -1 0 0
118.43427230046944 201.81455399061036 -1 0 0
110.4217527386541 224.349765258216 -1 0 0
106.41549295774644 245.38262910798124 -1 0 0
149.48278560250384 199.31064162754308 -1 0 0
155.99295774647885 189.79577464788736 -1 0 0
180.0305164319248 175.27308294209706 -1 0 0
178.52816901408443 157.74569640062603 -1 0 0
193.05086071987472 146.72848200312995 -1 0 0
183.03521126760558 190.7973395931143 -1 0 0
173.52034428794985 198.30907668231617 -1 0 0
161.50156494522685 206.82237871674496 -1 0 0
166.50938967136148 224.349765258216 -1 0 0
159.49843505477304 220.8442879499218 -1 0 0
173.52034428794985 229.35758998435057 -1 0 0
192.04929577464782 224.349765258216 -1 0 0
178.52816901408443 245.38262910798124 -1 0 0
165.50782472613452 260.406103286385 -1 0 0
198.05868544600935 268.41862284820036 -1 0 0
208.0743348982785 309.98356807511743 -1 0 0
194.05242566510168 298.9663536776213 -1 0 0
237.62050078247256 335.0226917057903 -1 0 0
255.64866979655704 308.48122065727705 -1 0 0
289.2010954616588 347.0414710485133 -1 0 0
314.24021909233164 339.52973395931144 -1 0 0
297.71439749608754 317.49530516431923 -1 0 0
302.7222222222221 304.4749608763693 -1 0 0
282.19014084507035 318.9976525821596 -1 0 0
273.1760563380281 295.96165884194056 -1 0 0
263.6611893583724 285.9460093896714 -1 0 0
239.62363067292637 290.4530516431925 -1 0 0
252.64397496087628 284.94444444444446 -1 0 0
229.60798122065722 271.92410015649455 -1 0 0
227.10406885758994 250.39045383411587 -1 0 0
208.57511737089197 244.38106416275434 -1 0 0
215.58607198748035 228.85680751173712 -1 0 0
218.59076682316112 215.33568075117375 -1 0 0
253.14475743348976 238.3716744913928 -1 0 0
246.13380281690132 227.8552425665102 -1 0 0
297.71439749608754 238.3716744913928 -1 0 0
276.6815336463223 255.89906103286393 -1 0 0
265.16353677621277 261.4076682316119 -1 0 0
248.1369327073552 264.4123630672927 -1 0 0
250.64084507042247 248.88810641627546 -1 0 0
315.742566510172 275.42957746478874 -1 0 0
288.1995305164318 268.41862284820036 -1 0 0
285.1948356807511 285.44522691705794 -1 0 0
301.21987480438173 225.35133020344293 -1 0 0
302.7222222222221 215.8364632237872 -1 0 0
291.70500782472607 204.81924882629113 -1 0 0
286.6971830985915 190.7973395931143 -1 0 0
268.16823161189353 190.7973395931143 -1 0 0
252.64397496087628 198.30907668231617 -1 0 0
249.1384976525821 179.7801251956182 -1 0 0
217.08841940532074 192.29968701095464 -1 0 0
212.08059467918616 163.25430359937405 -1 0 0
230.60954616588413 134.70970266040695 -1 0 0
215.08528951486693 106.16510172143984 -1 0 0
192.5500782472613 91.14162754303607 -1 0 0
170.01486697965566 97.65179968701102 -1 0 0
161.50156494522685 81.62676056338034 -1 0 0
187.04147104851324 117.18231611893589 -1 0 0
257.6517996870109 132.7065727699531 -1 0 0
269.67057902973386 147.2292644757434 -1 0 0
282.19014084507035 159.74882629107987 -1 0 0
252.64397496087628 170.2652582159625 -1 0 0
296.7128325508607 171.2668231611894 -1 0 0
291.70500782472607 179.7801251956182 -1 0 0
280.68779342722996 246.88497652582163 -1 0 0
308.73161189358365 154.7410015649453 -1 0 0
299.71752738654135 144.7253521126761 -1 0 0
307.7300469483567 129.2010954616589 -1 0 0
302.2214397496087 109.67057902973403 -1 0 0
289.2010954616588 122.19014084507046 -1 0 0
317.2449139280124 103.16040688575907 -1 0 0
303.22300469483565 92.14319248826297 -1 0 0
284.69405320813763 82.62832550860725 -1 0 0
266.66588419405315 94.14632237871683 -1 0 0
271.6737089201877 109.67057902973403 -1 0 0
257.6517996870109 106.16510172143984 -1 0 0
250.64084507042247 76.61893583724577 -1 0 0
241.62676056338023 76.61893583724577 -1 0 0
275.1791862284819 74.61580594679191 -1 0 0
295.2104851330203 76.61893583724577 -1 0 0
305.7269170579029 73.614241001565 -1 0 0
317.74569640062595 84.13067292644763 -1 0 0
121.43896713615021 245.38262910798124 -1 0 0
48.82550860719874 294.4593114241002 -1 0 0
193.5516431924882 56.33724569640066 -1 0 0
187.04147104851324 31.798904538341162 -1 0 0
174.02112676056333 27.29186228482007 -1 0 0
172.01799687010947 16.775430359937445 -1 0 0
198.05868544600935 16.775430359937445 -1 0 0
190.046165884194 17.77699530516435 -1 0 0
214.08372456964003 29.294992175273876 -1 0 0
217.58920187793422 49.32629107981222 -1 0 0
231.61111111111103 37.307511737089214 -1 0 0
220.59389671361498 21.783255086072018 -1 0 0
232.612676056338 59.34194053208142 -1 0 0
236.61893583724566 54.834898278560274 -1 0 0
251.64241001564938 60.84428794992175 -1 0 0
273.6768388106415 64.349765258216 -1 0 0
283.19170579029725 52.83176838810647 -1 0 0
293.70813771517993 52.83176838810647 -1 0 0
293.70813771517993 41.313771517996884 -1 0 0
298.21517996870097 37.307511737089214 -1 0 0
309.7331768388106 42.315336463223844 -1 0 0
315.742566510172 39.8114241001565 -1 0 0
315.742566510172 65.3513302034429 -1 0 0
307.7300469483567 29.294992175273876 -1 0 0
312.73787167449126 18.27777777777783 -1 0 0
300.7190923317683 15.273082942097062 -1 0 0
284.69405320813763 10.766040688575913 -1 0 0
265.66431924882625 25.288732394366207 -1 0 0
271.17292644757424 35.30438184663541 -1 0 0
276.6815336463223 39.8114241001565 -1 0 0
280.68779342722996 30.296557120500836 -1 0 0
288.1995305164318 29.294992175273876 -1 0 0
295.2104851330203 21.282472613458538 -1 0 0
239.62363067292637 12.769170579029776 -1 0 0
255.64866979655704 10.766040688575913 -1 0 0
126.44679186228478 30.79733959311426 -1 0 0
114.42801251956178 44.81924882629113 -1 0 0
112.92566510172139 56.33724569640066 -1 0 0
104.91314553990605 68.85680751173712 -1 0 0
126.9475743348982 70.85993740219095 -1 0 0
144.47496087636927 63.34820031298909 -1 0 0
135.46087636932702 45.82081377151803 -1 0 0
145.97730829420965 77.3701095461659 -1 0 0
168.0117370892018 69.85837245696405 -1 0 0
169.51408450704218 58.340375586854464 -1 0 0
161.50156494522685 52.83176838810647 -1 0 0
159.49843505477304 28.794209702660453 -1 0 0
152.4874804381846 23.78638497652588 -1 0 0
142.97261345852888 23.2856025039124 -1 0 0
133.95852895148664 24.787949921752784 -1 0 0
134.45931142410012 17.77699530516435 -1 0 0
113.42644757433487 35.30438184663541 -1 0 0
57.839593114240984 17.77699530516435 -1 0 0
151.98669796557118 12.769170579029776 -1 0 0
414.1463223787166 396.11815336463235 -1 0 0
408.63771517996855 372.58137715179976 -1 0 0
369.5766823161188 378.5907668231613 -1 0 0
374.08372456963997 366.5719874804382 -1 0 0
354.55320813771505 346.03990610328646 -1 0 0
320.4999999999999 321.501564945227 -1 0 0
337.52660406885747 309.98356807511743 -1 0 0
321.00078247261337 293.95852895148676 -1 0 0
299.9679186228481 281.9397496087638 -1 0 0
296.96322378716735 259.9053208137716 -1 0 0
323.0039123630672 281.9397496087638 -1 0 0
337.02582159624404 255.3982785602505 -1 0 0
326.5093896713614 244.3810641627544 -1 0 0
343.0352112676055 228.35602503912372 -1 0 0
327.01017214397484 230.859937402191 -1 0 0
359.5610328638497 248.38732394366207 -1 0 0
371.5798122065726 242.3779342723006 -1 0 0
362.06494522691696 233.3638497652583 -1 0 0
382.0962441314553 249.38888888888897 -1 0 0
400.6251956181532 231.86150234741797 -1 0 0
396.1181533646321 263.41079812206584 -1 0 0
402.1275430359936 254.3967136150236 -1 0 0
419.1541471048512 250.89123630672935 -1 0 0
425.6643192488262 240.8755868544602 -1 0 0
435.17918622848185 245.88341158059478 -1 0 0
454.2089201877933 237.37010954616596 -1 0 0
470.233959311424 230.35915492957758 -1 0 0
456.2120500782471 223.84898278560263 -1 0 0
494.77230046948347 221.84585289514877 -1 0 0
495.7738654147103 238.87245696400635 -1 0 0
480.2496087636931 271.4233176838812 -1 0 0
495.7738654147103 269.4201877934273 -1 0 0
503.78638497652565 257.9021909233178 -1 0 0
467.7300469483567 274.92879499217537 -1 0 0
453.2073552425664 256.3998435054774 -1 0 0
464.7253521126759 260.4061032863851 -1 0 0
445.19483568075105 273.92723004694847 -1 0 0
426.1651017214396 267.4170579029735 -1 0 0
414.1463223787166 270.4217527386542 -1 0 0
398.6220657276994 284.4436619718311 -1 0 0
365.57042253521115 289.45148669796566 -1 0 0
363.06651017214386 266.91627543036003 -1 0 0
367.07276995305153 254.3967136150236 -1 0 0
338.02738654147095 287.9491392801253 -1 0 0
372.0805946791861 310.4843505477309 -1 0 0
383.0978090766822 294.9600938967137 -1 0 0
409.6392801251955 309.482785602504 -1 0 0
419.65492957746466 305.47652582159634 -1 0 0
459.71752738654135 293.95852895148676 -1 0 0
483.2543035993739 288.44992175273876 -1 0 0
498.27777777777766 296.4624413145541 -1 0 0
471.2355242566509 306.47809076682324 -1 0 0
493.7707355242565 331.0164319248827 -1 0 0
461.21987480438173 319.49843505477315 -1 0 0
438.6846635367761 330.0148669796558 -1 0 0
423.16040688575885 327.01017214397507 -1 0 0
438.6846635367761 360.06181533646327 -1 0 0
434.67840375586843 344.5375586854461 -1 0 0
475.742566510172 351.5485133020345 -1 0 0
466.2276995305163 379.5923317683882 -1 0 0
485.75821596244117 384.60015649452276 -1 0 0
508.7942097026602 358.05868544600946 -1 0 0
327.5109546165883 356.5563380281691 -1 0 0
601.6893583724568 397.11971830985914 -1 0 0
561.1259780907667 373.5829420970266 -1 0 0
530.5782472613457 378.5907668231612 -1 0 0
521.5641627543035 390.1087636932707 -1 0 0
518.0586854460093 332.518779342723 -1 0 0
529.0758998435053 318.9976525821596 -1 0 0
524.0680751173709 287.44835680751174 -1 0 0
532.0805946791861 276.9319248826291 -1 0 0
531.5798122065727 262.4092331768388 -1 0 0
540.593896713615 255.89906103286387 -1 0 0
551.6111111111111 276.9319248826291 -1 0 0
562.1275430359937 290.4530516431925 -1 0 0
544.6001564945227 298.96635367762127 -1 0 0
556.6189358372457 311.48591549295776 -1 0 0
574.1463223787166 312.48748043818466 -1 0 0
580.1557120500781 279.9366197183099 -1 0 0
597.1823161189358 287.44835680751174 -1 0 0
596.1807511737088 274.42801251956183 -1 0 0
622.7222222222222 258.90375586854464 -1 0 0
606.196400625978 246.38419405320815 -1 0 0
620.2183098591549 233.36384976525824 -1 0 0
637.745696400626 243.37949921752738 -1 0 0
561.1259780907667 255.89906103286387 -1 0 0
541.0946791862284 254.3967136150235 -1 0 0
528.0743348982785 246.88497652582163 -1 0 0
514.553208137715 235.86776212832552 -1 0 0
611.2042253521126 364.5688575899843 -1 0 0
624.7253521126759 359.0602503912363 -1 0 0
569.6392801251956 349.04460093896716 -1 0 0
586.6658841940532 336.0242566510172 -1 0 0
567.1353677621282 323.0039123630673 -1 0 0
593.176056338028 311.48591549295776 -1 0 0
612.706572769953 310.48435054773086 -1 0 0
607.6987480438183 299.9679186228482 -1 0 0
618.215179968701 290.953834115806 -1 0 0
632.2370892018778 288.44992175273865 -1 0 0
321.0007824726133 197.80829420970275 -1 0 0
337.025821596244 206.3215962441315 -1 0 0
303.97417840375573 183.78638497652588 -1 0 0
321.50156494522673 177.27621283255093 -1 0 0
343.53599374021894 158.24647887323948 -1 0 0
344.03677621283236 147.22926447574343 -1 0 0
335.0226917057901 131.7050078247262 -1 0 0
359.5610328638496 126.69718309859161 -1 0 0
389.6079812206571 142.22143974960883 -1 0 0
396.61893583724554 140.218309859155 -1 0 0
386.60328638497634 129.70187793427237 -1 0 0
403.6298904538339 120.68779342723013 -1 0 0
372.08059467918605 106.66588419405326 -1 0 0
343.53599374021894 117.18231611893592 -1 0 0
360.06181533646304 161.75195618153373 -1 0 0
366.571987480438 177.77699530516438 -1 0 0
355.55477308294195 183.78638497652588 -1 0 0
329.51408450704207 186.29029733959317 -1 0 0
375.5860719874803 208.32472613458535 -1 0 0
346.0399061032862 215.33568075117375 -1 0 0
417.1510172143973 216.3372456964007 -1 0 0
408.1369327073551 198.30907668231617 -1 0 0
398.12128325508587 199.3106416275431 -1 0 0
401.12597809076664 175.2730829420971 -1 0 0
430.6721439749607 182.78482003129898 -1 0 0
445.6956181533644 198.30907668231617 -1 0 0
456.2120500782471 208.32472613458535 -1 0 0
466.22769953051625 194.3028169014085 -1 0 0
457.213615023474 171.76760563380287 -1 0 0
475.74256651017197 215.33568075117375 -1 0 0
510.2965571205006 168.76291079812214 -1 0 0
504.2871674491391 156.24334898278568 -1 0 0
503.78638497652565 140.218309859155 -1 0 0
502.28403755868527 134.70970266040695 -1 0 0
474.2402190923316 150.73474178403762 -1 0 0
469.73317683881044 140.218309859155 -1 0 0
445.6956181533644 147.73004694835686 -1 0 0
439.68622848200295 134.2089201877935 -1 0 0
432.1744913928011 129.70187793427237 -1 0 0
427.66744913927994 124.19327073552432 -1 0 0
439.18544600938947 161.75195618153373 -1 0 0
430.6721439749607 162.25273865414718 -1 0 0
376.5876369327072 156.74413145539913 -1 0 0
346.0399061032862 100.65649452269179 -1 0 0
326.0086071987479 117.68309859154937 -1 0 0
310.4843505477307 117.68309859154937 -1 0 0
330.51564945226903 70.10876369327082 -1 0 0
346.0399061032862 63.59859154929586 -1 0 0
323.5046948356806 56.086854460094 -1 0 0
327.51095461658826 40.061815336463326 -1 0 0
335.0226917057901 40.061815336463326 -1 0 0
343.53599374021894 47.072769953051704 -1 0 0
355.55477308294195 45.57042253521138 -1 0 0
354.05242566510157 57.58920187793433 -1 0 0
360.06181533646304 56.587636932707426 -1 0 0
375.5860719874803 77.11971830985925 -1 0 0
368.0743348982784 75.11658841940539 -1 0 0
365.0696400625976 89.63928012519568 -1 0 0
401.6267605633801 86.1338028169015 -1 0 0
397.11971830985897 61.094679186228575 -1 0 0
386.1025039123629 49.07589984350557 -1 0 0
392.6126760563379 47.072769953051704 -1 0 0
386.1025039123629 37.55790297339604 -1 0 0
423.66118935837227 46.0712050078248 -1 0 0
435.6799687010953 70.10876369327082 -1 0 0
452.70657276995286 63.09780907668238 -1 0 0
444.6940532081375 49.57668231611905 -1 0 0
424.6627543035992 95.14788732394373 -1 0 0
445.6956181533644 105.16353677621291 -1 0 0
454.7097026604067 100.65649452269179 -1 0 0
464.2245696400624 115.67996870109553 -1 0 0
473.7394366197181 110.67214397496093 -1 0 0
488.2621283255084 121.18857589984358 -1 0 0
494.77230046948335 112.17449139280131 -1 0 0
522.3153364632235 105.66431924882636 -1 0 0
515.3043818466351 96.65023474178412 -1 0 0
505.28873239436604 85.13223787167459 -1 0 0
513.8020344287947 76.11815336463235 -1 0 0
493.269953051643 74.11502347417849 -1 0 0
509.29499217527365 67.10406885759005 -1 0 0
493.77073552425645 61.094679186228575 -1 0 0
519.3106416275427 49.07589984350557 -1 0 0
497.27621283255064 51.57981220657285 -1 0 0
490.7660406885757 50.57824726134595 -1 0 0
521.3137715179967 42.06494522691713 -1 0 0
475.2417840375585 52.58137715179976 -1 0 0
467.22926447574315 43.567292644757515 -1 0 0
469.232394366197 65.60172143974967 -1 0 0
466.7284820031297 77.11971830985925 -1 0 0
520.3122065727698 199.3106416275431 -1 0 0
489.7644757433488 201.8145539906104 -1 0 0
366.0712050078246 63.09780907668238 -1 0 0
405.1322378716743 105.66431924882636 -1 0 0
481.25117370892 92.143192488263 -1 0 0
582.6596244131455 256.90062597809083 -1 0 0
595.6799687010954 224.349765258216 -1 0 0
597.1823161189358 209.32629107981228 -1 0 0
619.7175273865414 199.3106416275431 -1 0 0
630.7347417840374 202.31533646322384 -1 0 0
626.2276995305162 173.26995305164326 -1 0 0
618.215179968701 173.77073552425674 -1 0 0
636.7441314553989 163.2543035993741 -1 0 0
606.196400625978 174.77230046948364 -1 0 0
598.1838810641627 176.77543035993747 -1 0 0
587.66744913928 180.78169014084514 -1 0 0
575.1478873239436 193.3012519561816 -1 0 0
564.631455399061 187.2918622848201 -1 0 0
517.5579029733958 199.81142410015656 -1 0 0
509.0446009389671 169.76447574334907 -1 0 0
537.5892018779342 171.26682316118945 -1 0 0
539.592331768388 157.24491392801258 -1 0 0
539.0915492957746 138.71596244131462 -1 0 0
559.6236306729263 151.73630672926456 -1 0 0
571.141627543036 161.25117370892025 -1 0 0
563.629890453834 135.21048513302043 -1 0 0
582.158841940532 129.20109546165892 -1 0 0
592.1744913928012 142.22143974960886 -1 0 0
602.1901408450703 157.24491392801258 -1 0 0
593.6768388106416 161.25117370892025 -1 0 0
629.7331768388106 143.22300469483577 -1 0 0
632.7378716744913 128.199530516432 -1 0 0
619.2167449139279 113.17605633802827 -1 0 0
636.7441314553989 108.16823161189365 -1 0 0
636.7441314553989 90.64084507042264 -1 0 0
613.7081377151799 108.16823161189365 -1 0 0
601.1885758998435 112.17449139280131 -1 0 0
577.6517996870109 108.66901408450713 -1 0 0
562.1275430359937 113.6768388106417 -1 0 0
555.1165884194053 116.68153364632246 -1 0 0
536.5876369327073 117.18231611893592 -1 0 0
536.5876369327073 98.1525821596245 -1 0 0
529.0758998435053 85.63302034428807 -1 0 0
529.5766823161189 64.60015649452276 -1 0 0
549.1071987480437 85.13223787167459 -1 0 0
544.6001564945227 80.12441314554002 -1 0 0
566.6345852895148 64.60015649452276 -1 0 0
558.6220657276995 97.65179968701102 -1 0 0
576.1494522691705 83.62989045383421 -1 0 0
599.1854460093896 69.6079812206574 -1 0 0
622.2214397496086 65.10093896713624 -1 0 0
602.6909233176839 96.14945226917064 -1 0 0
500.5312989045383 192.2996870109547 -1 0 0
552.8630672926446 230.35915492957747 -1 0 0
572.894366197183 244.38106416275434 -1 0 0
631.7363067292645 42.81611893583727 -1 0 0
613.7081377151799 45.82081377151803 -1 0 0
603.6924882629107 41.313771517996884 -1 0 0
610.2026604068857 30.296557120500836 -1 0 0
592.1744913928012 36.30594679186231 -1 0 0
582.6596244131455 40.81298904538346 -1 0 0
586.6658841940532 49.32629107981222 -1 0 0
563.1291079812206 40.81298904538346 -1 0 0
550.1087636932707 38.8098591549296 -1 0 0
538.5907668231612 52.83176838810647 -1 0 0
537.5892018779342 35.30438184663541 -1 0 0
531.0790297339593 29.294992175273876 -1 0 0
549.1071987480437 23.2856025039124 -1 0 0
532.0805946791861 14.772300469483582 -1 0 0
495.02269170579024 26.79107981220659 -1 0 0
492.01799687010947 35.80516431924889 -1 0 0
479.49843505477304 22.284037558685498 -1 0 0
474.49061032863847 31.798904538341162 -1 0 0
465.97730829420965 21.783255086072018 -1 0 0
442.4405320813771 33.802034428795025 -1 0 0
432.4248826291079 24.787949921752784 -1 0 0
418.4029733959311 13.269953051643256 -1 0 0
405.3826291079812 16.775430359937445 -1 0 0
405.3826291079812 27.29186228482007 -1 0 0
387.3544600938967 23.2856025039124 -1 0 0
372.33098591549293 15.273082942097062 -1 0 0
364.8192488262911 31.798904538341162 -1 0 0
357.30751173708916 30.296557120500836 -1 0 0
341.2824726134585 25.789514866979687 -1 0 0
341.78325508607196 16.274647887323965 -1 0 0
324.7566510172144 18.77856025039125 -1 0 0
335.273082942097 87.38575899843508 -1 0 0
514.553208137715 32.29968701095464 -1 0 0
495.02269170579024 15.273082942097062 -1 0 0
478.99765258215956 15.273082942097062 -1 0 0
461.4702660406885 10.766040688575913 -1 0 0
561.1259780907667 12.769170579029776 -1 0 0
571.141627543036 28.293427230046973 -1 0 0
566.6345852895148 20.280907668231634 -1 0 0
593.6768388106416 21.783255086072018 -1 0 0
631.2355242566509 13.269953051643256 -1 0 0
585.1635367762128 10.766040688575913 -1 0 0
614.2089201877934 14.271517996870159 -1 0 0
599.6862284820031 12.769170579029776 -1 0 0
623.2230046948357 13.269953051643256 -1 0 0
256.90062597809055 354.05242566510174 -1 0 0
288.9507042253519 393.1134585289515 -1 0 0
297.96478873239414 410.1400625978091 -1 0 0
396.118153364632 354.05242566510174 -1 0 0
151.7363067292643 296.46244131455404 -1 0 0
461.4702660406885 397.6205007824726 -1 0 0
464.97574334898275 428.66901408450707 -1 0 0
377.839593114241 335.52347417840383 -1 0 0
532.5813771517996 345.0383411580595 -1 0 0
173.01956181533643 387.10406885759 -1 0 0
293.70813771517993 329.5140845070423 -1 0 0
436.93192488262906 303.9741784037559 -1 0 0
442.9413145539906 256.3998435054773 -1 0 0
341.2824726134585 189.79577464788736 -1 0 0
613.7081377151799 252.8943661971831 -1 0 0
529.0758998435053 240.8755868544601 -1 0 0
392.3622848200313 306.9788732394366 -1 0 0
21.31471747700391 9.540735873850224 -1 0 0
40.23718791064388 4.074244415243129 -1 0 0
51.59067017082785 5.335742444152459 -1 0 0
49.06767411300919 13.325229960578213 -1 0 0
72.1951379763469 7.858738501971118 -1 0 0
91.11760840998684 6.597240473061788 -1 0 0
115.92706964520366 6.176741130092012 -1 0 0
127.7010512483574 4.074244415243129 -1 0 0
138.63403416557165 7.438239159001341 -1 0 0
143.68002628120897 13.325229960578213 -1 0 0
157.5565045992116 5.756241787122235 -1 0 0
144.9415243101183 3.233245729303576 -1 0 0
178.58147174770042 10.381734559789777 -1 0 0
194.13994743758215 3.233245729303576 -1 0 0
197.9244415243101 7.438239159001341 -1 0 0
209.2779237844941 16.689224704336425 -1 0 0
212.22141918528254 4.074244415243129 -1 0 0
230.72339027595274 11.22273324572933 -1 0 0
237.45137976346913 2.8127463863337994 -1 0 0
251.32785808147176 3.233245729303576 -1 0 0
393.6668856767411 5.335742444152459 -1 0 0
411.32785808147173 10.802233902759554 -1 0 0
439.5013140604467 9.120236530880447 -1 0 0
455.90078843626804 3.233245729303576 -1 0 0
468.51576872536134 9.120236530880447 -1 0 0
479.44875164257553 7.017739816031565 -1 0 0
502.996714848883 7.438239159001341 -1 0 0
515.1911957950066 5.756241787122235 -1 0 0
519.8166885676741 12.063731931668883 -1 0 0
524.0216819973718 9.120236530880447 -1 0 0
534.1136662286465 5.756241787122235 -1 0 0
540.4211563731932 7.438239159001341 -1 0 0
570.2766097240473 8.279237844940894 -1 0 0
615.6905387647832 4.4947437582129055 -1 0 0
