28.36091127098321 54.13149480415666 -1 0 0
13.300959232613922 61.15947242206238 -1 0 0
45.428856914468426 180.13309352517985 -1 0 0
10.790967226219024 240.37290167865706 -1 0 0
2.2569944044764156 265.97482014388487 -1 0 0
14.806954436450821 264.97082334132693 -1 0 0
3.7629896083133474 280.03077537969625 -1 0 0
21.834932054356514 289.0667466027178 -1 0 0
24.846922462030378 307.13868904876097 -1 0 0
25.850919264588313 321.19464428457235 -1 0 0
5.770983213429261 328.222621902478 -1 0 0
41.4128697042366 358.3425259792166 -1 0 0
12.798960831334925 370.39048760991204 -1 0 0
16.81494804156675 406.0323741007194 -1 0 0
81.57274180655475 390.9724220623501 -1 0 0
80.06674660271783 370.39048760991204 -1 0 0
97.63669064748203 356.8365307753797 -1 0 0
96.13069544364508 329.22661870503595 -1 0 0
65.50879296562748 333.24260591526775 -1 0 0
50.95083932853715 322.1986410871303 -1 0 0
61.99480415667465 311.15467625899277 -1 0 0
43.9228617106315 305.1306954436451 -1 0 0
40.40887290167866 278.5247801758593 -1 0 0
54.966826538768984 264.46882494004797 -1 0 0
27.85891286970424 267.9828137490008 -1 0 0
88.60071942446042 64.17146282973624 -1 0 0
120.22661870503596 60.657474020783354 -1 0 0
130.26658673061547 53.62949640287769 -1 0 0
58.48081534772182 413.0603517186251 -1 0 0
74.54476418864907 405.02837729816144 -1 0 0
114.20263788968823 370.39048760991204 -1 0 0
132.77657873701037 369.8884892086331 -1 0 0
151.35051958433252 356.8365307753797 -1 0 0
164.4024780175859 349.808553157474 -1 0 0
135.78856914468423 347.2985611510791 -1 0 0
114.20263788968823 348.80455635491603 -1 0 0
128.2585931254996 325.21063149480415 -1 0 0
141.81254996003196 317.68065547561946 -1 0 0
92.11470823341325 264.46882494004797 -1 0 0
102.15467625899281 276.0147881694644 -1 0 0
83.58073541167066 250.41286970423658 -1 0 0
182.97641886490806 340.27058353317346 -1 0 0
192.5143884892086 362.35851318944844 -1 0 0
200.0443645083933 385.45043964828136 -1 0 0
195.0243804956035 395.4904076738609 -1 0 0
165.90847322142287 407.0363709032774 -1 0 0
140.30655475619506 390.4704236610711 -1 0 0
103.66067146282971 412.5583533173461 -1 0 0
112.19464428457233 383.44244604316543 -1 0 0
160.38649080735414 245.89488409272585 -1 0 0
134.7845723421263 237.8629096722622 -1 0 0
143.31854516386892 235.85491606714626 -1 0 0
196.53037569944047 210.25299760191845 -1 0 0
210.08433253397283 212.26099120703438 -1 0 0
210.5863309352518 221.79896083133497 -1 0 0
218.61830535571542 226.3169464428457 -1 0 0
228.15627498001595 226.3169464428457 -1 0 0
238.6982414068745 224.81095123900877 -1 0 0
231.16826538768984 234.85091926458833 -1 0 0
226.65027977617905 243.88689048760986 -1 0 0
219.12030375699442 247.90287769784172 -1 0 0
219.62230215827338 240.37290167865706 -1 0 0
191.0083932853717 242.380895283773 -1 0 0
184.482414068745 240.87490007993605 -1 0 0
174.4424460431655 235.3529176658673 -1 0 0
182.4744204636291 226.3169464428457 -1 0 0
193.5183852917666 233.3449240607514 -1 0 0
188.49840127897681 210.25299760191845 -1 0 0
252.75419664268583 207.2410071942446 -1 0 0
225.14428457234214 207.74300559552358 -1 0 0
252.25219824140686 228.32494004796163 -1 0 0
248.23621103117506 237.8629096722622 -1 0 0
243.21622701838527 245.89488409272585 -1 0 0
152.3545163868905 59.653477218225426 -1 0 0
167.41446842525977 61.15947242206238 -1 0 0
178.96043165467626 64.17146282973624 -1 0 0
195.0243804956035 66.68145483613108 -1 0 0
209.58233413269386 64.17146282973624 -1 0 0
238.6982414068745 64.17146282973624 -1 0 0
251.24820143884892 65.17545963229418 -1 0 0
265.8061550759392 67.68545163868907 -1 0 0
280.86610711430853 66.68145483613108 -1 0 0
304.96203037569944 73.20743405275778 -1 0 0
329.05795363709024 69.69344524380494 -1 0 0
135.78856914468423 224.30895283772978 -1 0 0
233.17625899280574 211.25699440447642 -1 0 0
242.71422861710627 257.9428457234212 -1 0 0
223.63828936850518 260.95483613109513 -1 0 0
193.5183852917666 264.46882494004797 -1 0 0
180.96842525979218 288.06274980015985 -1 0 0
157.37450039968024 278.5247801758593 -1 0 0
156.87250199840128 296.09472422062345 -1 0 0
137.79656274980016 285.55275779376495 -1 0 0
162.39448441247004 387.45843325339723 -1 0 0
155.36650679456437 375.9124700239808 -1 0 0
167.91646682653874 370.39048760991204 -1 0 0
145.3265387689848 379.42645883293363 -1 0 0
212.59432454036772 362.35851318944844 -1 0 0
217.61430855315749 393.48241406874496 -1 0 0
239.70223820943244 380.93245403677054 -1 0 0
297.9340527577937 407.0363709032774 -1 0 0
331.0659472422062 401.01239008792965 -1 0 0
281.87010391686647 354.82853717026376 -1 0 0
295.92605915267785 381.43445243804956 -1 0 0
293.9180655475619 347.2985611510791 -1 0 0
314.5 345.2905675459632 -1 0 0
244.72222222222223 341.77657873701037 -1 0 0
209.58233413269386 340.27058353317346 -1 0 0
219.12030375699442 320.6926458832933 -1 0 0
200.5463629096723 317.1786570743405 -1 0 0
184.482414068745 310.6526778577138 -1 0 0
165.90847322142287 316.17466027178256 -1 0 0
202.55435651478817 282.54076738609115 -1 0 0
214.1003197442046 286.5567545963229 -1 0 0
228.15627498001595 300.1107114308553 -1 0 0
240.70623501199037 296.09472422062345 -1 0 0
237.6942446043165 316.17466027178256 -1 0 0
225.6462829736211 310.15067945643483 -1 0 0
257.7741806554756 319.6886490807354 -1 0 0
256.7701838529176 299.60871302957634 -1 0 0
265.30415667466025 286.054756195044 -1 0 0
248.23621103117506 279.0267785771383 -1 0 0
229.6622701838529 283.5447641886491 -1 0 0
232.67426059152677 271.9988009592326 -1 0 0
275.8461231015188 256.4368505195843 -1 0 0
271.83013589128694 250.41286970423658 -1 0 0
278.8581135091926 206.73900879296562 -1 0 0
301.9500399680256 239.87090327737812 -1 0 0
343.1139088729016 228.32494004796163 -1 0 0
334.07793764988014 265.97482014388487 -1 0 0
322.5319744204636 205.2330135891287 -1 0 0
310.98601119104717 267.9828137490008 -1 0 0
313.496003197442 264.46882494004797 -1 0 0
294.4200639488409 265.4728217426059 -1 0 0
321.0259792166267 293.08273381294964 -1 0 0
311.9900079936051 305.1306954436451 -1 0 0
311.9900079936051 372.39848121502797 -1 0 0
341.6079136690647 368.88449240607514 -1 0 0
291.408073541167 299.60871302957634 -1 0 0
285.8860911270983 294.0867306155076 -1 0 0
289.9020783373301 281.0347721822542 -1 0 0
299.4400479616307 288.06274980015985 -1 0 0
253.75819344524382 264.46882494004797 -1 0 0
183.47841726618702 276.5167865707434 -1 0 0
168.92046362909673 275.5127897681854 -1 0 0
203.55835331734613 275.01079136690646 -1 0 0
269.8221422861711 331.73661071143084 -1 0 0
289.9020783373301 313.66466826538766 -1 0 0
327.5519584332534 274.0067945643485 -1 0 0
346.6278976818545 278.5247801758593 -1 0 0
358.67585931254996 280.03077537969625 -1 0 0
327.5519584332534 242.380895283773 -1 0 0
382.26978417266184 270.4928057553957 -1 0 0
368.21382893685046 259.9508393285372 -1 0 0
365.20183852917665 241.37689848121505 -1 0 0
379.257793764988 90.77737809752199 -1 0 0
346.12589928057554 71.70143884892087 -1 0 0
362.1898481215028 50.11550759392486 -1 0 0
414.39768185451646 88.76938449240606 -1 0 0
432.9716227018385 86.25939248601117 -1 0 0
462.5895283772981 85.25539568345323 -1 0 0
498.7334132693844 89.77338129496405 -1 0 0
475.1394884092726 83.74940047961633 -1 0 0
504.7573940847322 89.77338129496405 -1 0 0
517.3073541167065 87.26338928856916 -1 0 0
520.8213429256593 49.111510791366925 -1 0 0
514.7973621103116 48.60951239008796 -1 0 0
504.2553956834532 48.60951239008796 -1 0 0
496.72541966426854 49.111510791366925 -1 0 0
488.6934452438049 53.62949640287769 -1 0 0
472.6294964028777 59.15147881694645 -1 0 0
174.94444444444446 262.46083133493204 -1 0 0
158.8804956035172 336.7565947242206 -1 0 0
125.24660271782572 408.5423661071143 -1 0 0
360.68385291766583 304.1266986410871 -1 0 0
369.21782573940845 289.5687450039968 -1 0 0
390.3017585931255 294.0867306155076 -1 0 0
410.38169464428455 276.5167865707434 -1 0 0
414.39768185451646 292.5807354116706 -1 0 0
414.39768185451646 304.62869704236607 -1 0 0
408.8756994404476 330.2306155075939 -1 0 0
373.23381294964025 327.72062350119904 -1 0 0
380.76378896882494 318.1826538768985 -1 0 0
385.2817745803357 348.80455635491603 -1 0 0
378.25379696243004 372.90047961630694 -1 0 0
374.7398081534772 358.84452438049556 -1 0 0
362.1898481215028 355.83253397282175 -1 0 0
352.1498800959232 358.3425259792166 -1 0 0
363.69584332533975 398.0003996802558 -1 0 0
384.2777777777777 414.06434852118304 -1 0 0
440.5015987210232 405.02837729816144 -1 0 0
411.3856914468425 405.02837729816144 -1 0 0
397.8317346123101 370.39048760991204 -1 0 0
405.8637090327738 351.3145483613109 -1 0 0
398.8357314148681 340.77258193445243 -1 0 0
427.4496402877698 347.8005595523581 -1 0 0
433.97561950439643 370.39048760991204 -1 0 0
468.61350919264584 396.9964028776978 -1 0 0
480.6614708233413 415.57034372501994 -1 0 0
520.8213429256593 395.99240607513985 -1 0 0
496.72541966426854 387.45843325339723 -1 0 0
467.1075139888089 368.88449240607514 -1 0 0
453.5535571542766 354.82853717026376 -1 0 0
433.97561950439643 319.6886490807354 -1 0 0
451.5455635491606 320.6926458832933 -1 0 0
433.97561950439643 298.60471622701834 -1 0 0
434.47761790567546 282.54076738609115 -1 0 0
421.927657873701 276.0147881694644 -1 0 0
420.42166266986413 261.95883293365307 -1 0 0
394.31774580335724 256.4368505195843 -1 0 0
392.30975219824137 246.89888089528372 -1 0 0
397.8317346123101 236.85891286970426 -1 0 0
403.3537170263789 250.41286970423658 -1 0 0
449.5375699440447 254.93085531574738 -1 0 0
434.47761790567546 245.89488409272585 -1 0 0
445.5215827338128 204.22901678657072 -1 0 0
432.4696243005595 201.2170263788969 -1 0 0
460.0795363709032 199.71103117505996 -1 0 0
476.64548361310943 193.68705035971223 -1 0 0
505.7613908872902 200.21302957633893 -1 0 0
535.8812949640287 157.5431654676259 -1 0 0
585.0771382893683 149.00919264588327 -1 0 0
579.5551558752996 160.0531574740208 -1 0 0
577.0451638689048 182.64308553157474 -1 0 0
597.6270983213428 201.2170263788969 -1 0 0
595.1171063149479 221.2969624300559 -1 0 0
585.5791366906474 229.83093525179856 -1 0 0
581.0611510791366 242.380895283773 -1 0 0
586.5831334932053 249.40887290167865 -1 0 0
609.1730615507593 264.46882494004797 -1 0 0
599.1330935251798 247.90287769784172 -1 0 0
616.703037569944 218.2849720223821 -1 0 0
617.7070343725019 237.8629096722622 -1 0 0
604.1530775379695 297.6007194244604 -1 0 0
599.6350919264587 288.06274980015985 -1 0 0
595.619104716227 338.26258992805754 -1 0 0
568.0091926458832 388.4624300559552 -1 0 0
530.3593125499599 354.82853717026376 -1 0 0
517.8093525179855 352.8205435651479 -1 0 0
506.76538768984807 363.3625099920064 -1 0 0
496.72541966426854 340.27058353317346 -1 0 0
469.1155075939248 329.22661870503595 -1 0 0
467.1075139888089 299.60871302957634 -1 0 0
481.6654676258992 286.054756195044 -1 0 0
450.5415667466027 281.0347721822542 -1 0 0
465.099520383693 271.9988009592326 -1 0 0
455.0595523581134 263.46482813749003 -1 0 0
488.6934452438049 252.92286171063145 -1 0 0
476.64548361310943 256.4368505195843 -1 0 0
462.5895283772981 251.91886490807352 -1 0 0
472.12749800159867 243.88689048760986 -1 0 0
466.60551558752996 234.85091926458833 -1 0 0
488.6934452438049 239.87090327737812 -1 0 0
614.193045563549 85.25539568345323 -1 0 0
603.1490807354115 88.76938449240606 -1 0 0
598.1290967226219 83.74940047961633 -1 0 0
587.0851318944843 83.74940047961633 -1 0 0
604.6550759392485 65.17545963229418 -1 0 0
615.699040767386 57.64548361310955 -1 0 0
581.0611510791366 50.11550759392486 -1 0 0
563.9932054356514 53.62949640287769 -1 0 0
574.033173461231 337.2585931254996 -1 0 0
568.0091926458832 347.8005595523581 -1 0 0
543.9132693844923 347.2985611510791 -1 0 0
548.4312549960031 330.2306155075939 -1 0 0
557.9692246203036 337.2585931254996 -1 0 0
553.9532374100719 321.6966426858513 -1 0 0
566.5031974420463 299.60871302957634 -1 0 0
575.5391686650678 305.1306954436451 -1 0 0
621.7230215827337 261.4568345323741 -1 0 0
515.8013589128697 261.95883293365307 -1 0 0
507.2673860911271 253.92685851318944 -1 0 0
512.2873701039168 242.380895283773 -1 0 0
501.7454036770583 244.89088729016785 -1 0 0
491.7054356514788 196.6990407673861 -1 0 0
406.8677058353317 203.2250199840128 -1 0 0
395.3217426059153 203.2250199840128 -1 0 0
387.7917665867306 207.2410071942446 -1 0 0
397.32973621103116 276.0147881694644 -1 0 0
484.1754596322941 268.48481215027977 -1 0 0
492.2074340527577 279.5287769784172 -1 0 0
502.7494004796163 284.548760991207 -1 0 0
508.77338129496394 273.0027977617906 -1 0 0
453.5535571542766 237.3609112709832 -1 0 0
510.7813749000799 233.3449240607514 -1 0 0
484.67745803357315 311.15467625899277 -1 0 0
501.2434052757794 300.61270983213427 -1 0 0
525.8413269384491 311.6566746602718 -1 0 0
531.8653077537969 333.24260591526775 -1 0 0
138.8005595523581 217.7829736211031 -1 0 0
164.4024780175859 227.82294164668264 -1 0 0
155.86850519584334 228.32494004796163 -1 0 0
160.38649080735414 217.7829736211031 -1 0 0
183.98041566746605 56.13948840927259 -1 0 0
275.8461231015188 308.6446842525979 -1 0 0
279.8621103117506 280.03077537969625 -1 0 0
274.34012789768184 281.0347721822542 -1 0 0
574.8596403596403 2.1533466533466026 -1 0 0
581.1333666333664 -0.9835164835165529 -1 0 0
576.1143856143856 7.799700299700248 -1 0 0
81.11738261738265 20.97452547452542 -1 0 0
94.29220779220782 12.19130869130862 -1 0 0
131.93456543456546 35.40409590409587 -1 0 0
131.93456543456546 2.780719280719211 -1 0 0
155.77472527472526 7.799700299700248 -1 0 0
168.32217782217782 24.738761238761185 -1 0 0
185.26123876123876 39.79570429570424 -1 0 0
187.14335664335664 27.248251748251676 -1 0 0
207.21928071928073 9.68181818181813 -1 0 0
231.05944055944053 20.97452547452542 -1 0 0
241.0974025974026 28.50299700299695 -1 0 0
249.88061938061935 22.229270729270638 -1 0 0
264.9375624375624 35.40409590409587 -1 0 0
264.9375624375624 20.347152847152756 -1 0 0
280.62187812187807 32.89460539460532 -1 0 0
296.3061938061938 31.012487512487443 -1 0 0
327.6748251748252 35.40409590409587 -1 0 0
324.5379620379621 22.229270729270638 -1 0 0
336.4580419580419 35.40409590409587 -1 0 0
345.8686313686313 19.719780219780148 -1 0 0
354.6518481518481 29.130369630369557 -1 0 0
374.10039960039944 35.40409590409587 -1 0 0
401.0774225774225 32.89460539460532 -1 0 0
413.624875124875 35.40409590409587 -1 0 0
421.15334665334655 37.28621378621369 -1 0 0
424.29020979020976 39.79570429570424 -1 0 0
435.58291708291705 46.069430569430494 -1 0 0
451.8946053946053 41.67782217782212 -1 0 0
466.3241758241757 42.30519480519473 -1 0 0
472.597902097902 37.28621378621369 -1 0 0
474.4800199800199 28.50299700299695 -1 0 0
530.9435564435564 37.91358641358636 -1 0 0
593.0534465534465 36.03146853146848 -1 0 0
598.0724275724274 47.32417582417577 -1 0 0
585.524975024975 35.40409590409587 -1 0 0
567.3311688311687 278.51098901098896 -1 0 0
572.9775224775224 272.8646353646353 -1 0 0
