22.0207833733013 282.7434052757793 -1 0 0
121.64508393285365 315.1454836131095 -1 0 0
181.1294964028776 295.3173461231015 -1 0 0
237.71223021582725 279.35811350919266 -1 0 0
290.90967226219016 289.99760191846525 -1 0 0
332.5003996802557 315.6290967226219 -1 0 0
436.47721822541956 287.57953637090327 -1 0 0
513.8553157474021 321.91606714628296 -1 0 0
515.7897681854516 237.28377298161473 -1 0 0
450.0183852917665 210.20143884892087 -1 0 0
470.8137490007993 205.36530775379697 -1 0 0
495.9616306954435 169.57793764988008 -1 0 0
535.6179056754596 178.2829736211031 -1 0 0
395.8537170263788 236.8001598721023 -1 0 0
410.36211031175054 185.53717026378897 -1 0 0
353.7793764988009 188.9224620303757 -1 0 0
353.7793764988009 240.66906474820144 -1 0 0
289.458832933653 205.36530775379697 -1 0 0
316.05755395683445 184.56994404476418 -1 0 0
214.98241406874493 249.85771382893682 -1 0 0
238.1958433253396 192.30775379696243 -1 0 0
201.441247002398 171.02877697841726 -1 0 0
186.44924060751393 230.51318944844127 -1 0 0
135.66986410871297 235.34932054356517 -1 0 0
80.05435651478811 234.86570743405275 -1 0 0
50.0703437250199 245.02158273381292 -1 0 0
31.209432454036705 160.38928856914467 -1 0 0
78.60351718625094 123.15107913669064 -1 0 0
107.62030375699433 198.1111111111111 -1 0 0
153.56354916067139 176.83213429256594 -1 0 0
140.02238209432446 102.83932853717027 -1 0 0
230.94164668265378 137.17585931254996 -1 0 0
278.8193445243804 142.01199040767386 -1 0 0
340.72182254196633 115.89688249400481 -1 0 0
382.79616306954426 139.11031175059952 -1 0 0
386.181454836131 108.15907274180657 -1 0 0
439.37889688249385 133.79056754596323 -1 0 0
439.37889688249385 96.5523581135092 -1 0 0
507.56834532374086 80.59312549960032 -1 0 0
523.0439648281374 53.02717825739404 -1 0 0
462.1087130295762 64.15027977617905 -1 0 0
351.3613109512389 85.42925659472422 -1 0 0
321.3772981614707 41.90407673860909 -1 0 0
277.85211830535565 81.07673860911271 -1 0 0
241.58113509192637 77.691446842526 -1 0 0
199.9904076738608 84.94564348521183 -1 0 0
202.89208633093514 60.281374900079925 -1 0 0
168.55555555555546 63.66666666666663 -1 0 0
187.4164668265387 39.00239808153475 -1 0 0
117.29256594724214 82.04396482813749 -1 0 0
130.83373301358907 64.63389288569141 -1 0 0
142.9240607513988 35.13349320543563 -1 0 0
116.80895283772975 41.90407673860909 -1 0 0
103.26778577138282 53.02717825739404 -1 0 0
94.0791366906474 93.65067945643486 -1 0 0
50.0703437250199 95.10151878497203 -1 0 0
60.2262190247801 80.10951239008793 -1 0 0
34.11111111111105 86.8800959232614 -1 0 0
8.47961630695437 77.691446842526 -1 0 0
7.51239008792959 55.44524380495602 -1 0 0
32.66027178257388 62.69944044764185 -1 0 0
12.739010989010993 7.554945054945051 -1 0 0
36.31043956043956 14.2032967032967 -1 0 0
69.85439560439562 25.98901098901098 -1 0 0
64.41483516483518 3.021978021978015 -1 0 0
113.97527472527474 2.417582417582395 -1 0 0
165.65109890109892 1.5109890109889932 -1 0 0
184.38736263736266 13.90109890109889 -1 0 0
209.16758241758245 22.362637362637344 -1 0 0
221.85989010989013 3.324175824175825 -1 0 0
246.64010989010993 3.6263736263736064 -1 0 0
275.651098901099 6.64835164835165 -1 0 0
260.8434065934066 23.873626373626365 -1 0 0
238.48076923076925 28.708791208791183 -1 0 0
347.72527472527474 20.049450549450626 -1 0 0
387.01098901098896 18.236263736263822 -1 0 0
417.2307692307693 7.3571428571429465 -1 0 0
308.4395604395604 29.1153846153847 -1 0 0
1.4065934065934016 198.95054945054952 -1 0 0
494.5934065934066 1.3131868131869169 -1 0 0
564.0989010989011 32.741758241758305 -1 0 0
559.8681318681319 63.56593406593413 -1 0 0
557.4505494505495 113.12637362637369 -1 0 0
600.967032967033 139.1153846153847 -1 0 0
570.7472527472528 173.56593406593413 -1 0 0
602.1758241758241 180.8186813186814 -1 0 0
578.6043956043956 259.39010989010995 -1 0 0
103.39835164835165 78.26923076923075 -1 0 0
281.24175824175825 52.686813186813254 -1 0 0
