127.38253841371335 490.81659117150724 -1 0 0
199.41451283417697 512.9173105959676 -1 0 0
202.68869348965265 459.7118749444888 -1 0 0
161.7614352962074 440.885336175504 -1 0 0
90.5480060396126 480.9940492050803 -1 0 0
24.245847766231353 446.6151523225862 -1 0 0
85.63673505639919 425.3329780619948 -1 0 0
115.92290611954868 419.6031619149124 -1 0 0
76.63273825384125 391.7726263433696 -1 0 0
26.701483257838042 406.50643929301 -1 0 0
34.88693489652711 374.58317790212266 -1 0 0
7.8749444888532185 384.4057198685495 -1 0 0
120.01563193889324 377.03881339372936 -1 0 0
127.38253841371335 354.9380939692689 -1 0 0
80.72546407318576 365.5791810995647 -1 0 0
93.00364153121934 334.4744648725463 -1 0 0
16.878941291411195 361.4864552802201 -1 0 0
12.786215472066642 344.2970068389732 -1 0 0
38.161115552002705 310.7366551203481 -1 0 0
22.608757438493527 285.361755040412 -1 0 0
12.786215472066642 309.09956479261024 -1 0 0
13.604760635935552 265.7166711075583 -1 0 0
45.52802202682286 230.51922906119535 -1 0 0
165.03561595168298 404.0508038014032 -1 0 0
232.15631938893316 402.41371347366544 -1 0 0
266.53521627142726 440.885336175504 -1 0 0
281.26902922106746 440.885336175504 -1 0 0
286.9988453681498 478.53841371347363 -1 0 0
244.4344968469668 518.64712674305 -1 0 0
305.0068389732657 492.4536814992451 -1 0 0
345.93409716671096 454.80060396127544 -1 0 0
341.8413713473664 412.23625544009224 -1 0 0
320.5591970867749 395.0468069988452 -1 0 0
345.1155520028421 338.5671906918908 -1 0 0
284.54320987654313 363.9420907718269 -1 0 0
283.7246647126742 329.56319388933287 -1 0 0
391.77262634336967 513.7358557598366 -1 0 0
376.22026822986044 485.0867750244249 -1 0 0
428.6071587174704 433.51842970068384 -1 0 0
415.51043609556797 423.69588773425687 -1 0 0
417.1475264233057 377.8573585575983 -1 0 0
458.89332978061987 351.66391331379333 -1 0 0
467.8973265831779 320.55919708677493 -1 0 0
419.60316191491245 308.2810196287413 -1 0 0
471.9900524025224 463.8046007638333 -1 0 0
481.8125943689492 499.8205879740651 -1 0 0
529.2882138733457 543.2034816591171 -1 0 0
673.3521627142729 535.836575184297 -1 0 0
648.7958077982059 462.1675104360956 -1 0 0
625.0579980460076 462.1675104360956 -1 0 0
613.5983657518428 433.51842970068384 -1 0 0
577.5823785416112 393.40971667110745 -1 0 0
538.2922106759036 453.98205879740635 -1 0 0
661.8925304201083 398.32098765432085 -1 0 0
615.2354560795808 372.127542410516 -1 0 0
629.9692690292211 392.5911715072385 -1 0 0
704.4568789412914 383.58717470468065 -1 0 0
727.3761435296207 354.9380939692689 -1 0 0
721.6463273825384 406.50643929301 -1 0 0
754.3881339372945 419.6031619149124 -1 0 0
715.916511235456 442.5224265032417 -1 0 0
785.492850164313 521.1027622346567 -1 0 0
761.7550404121147 479.3569588773425 -1 0 0
840.3353761435296 502.2762234656719 -1 0 0
846.0651922906121 460.53042010835765 -1 0 0
824.7830180300205 450.70787814193073 -1 0 0
778.1259436894928 423.69588773425687 -1 0 0
859.9804600763833 389.31699085176297 -1 0 0
869.8030020428102 357.39372946087565 -1 0 0
815.7790212274626 390.95408117950075 -1 0 0
864.8917310595969 423.69588773425687 -1 0 0
766.6663113953282 380.312994049205 -1 0 0
904.1818989253043 459.7118749444888 -1 0 0
944.2906119548805 453.98205879740635 -1 0 0
928.7382538413714 488.3609556799004 -1 0 0
966.391331379341 518.64712674305 -1 0 0
983.5807798205881 384.4057198685495 -1 0 0
859.9804600763833 315.6479261035615 -1 0 0
840.3353761435296 327.10755839772617 -1 0 0
797.7710276223465 320.55919708677493 -1 0 0
749.4768629540812 327.9261035615951 -1 0 0
756.0252242650324 302.551203481659 -1 0 0
787.9484856559196 298.4584776623145 -1 0 0
809.2306599165113 299.2770228261834 -1 0 0
806.7750244249045 279.6319388933297 -1 0 0
828.875743849365 279.6319388933297 -1 0 0
854.2506439293011 275.539213073985 -1 0 0
622.8069988453681 316.26183497646304 -1 0 0
563.871747046807 312.578381739053 -1 0 0
532.3577582378541 303.16511235456056 -1 0 0
574.9221067590372 295.79820587974046 -1 0 0
567.1459277022826 280.24584776623124 -1 0 0
565.0995647926103 262.6471267430498 -1 0 0
576.1499245048404 260.6007638333775 -1 0 0
548.7286615152321 266.33057998045985 -1 0 0
546.2730260236254 247.50404121147503 -1 0 0
521.3073985256239 249.95967670308175 -1 0 0
522.9444888533617 217.62714273025998 -1 0 0
527.0372146727062 186.93169908517606 -1 0 0
558.9604760635934 193.8893329780618 -1 0 0
557.7326583177901 206.98605559996426 -1 0 0
559.7790212274624 223.76623145927678 -1 0 0
579.0148325783816 231.13313793409694 -1 0 0
575.3313793409716 241.36495248245825 -1 0 0
592.1115552002842 242.5927702282616 -1 0 0
589.2466471267429 268.3769428901321 -1 0 0
615.440092370548 290.06838973265815 -1 0 0
595.7950084376942 281.06439293010015 -1 0 0
635.0851763034017 296.2074784616749 -1 0 0
657.5951683097966 296.6167510436093 -1 0 0
654.7302602362554 270.01403321786995 -1 0 0
626.8997246647126 279.0180300204279 -1 0 0
621.5791810995647 267.1491251443288 -1 0 0
628.127542410516 253.23385735855737 -1 0 0
640.8149924504839 252.82458477662294 -1 0 0
614.621547206679 255.6894928501641 -1 0 0
603.9804600763832 238.50004440891706 -1 0 0
608.0731858957278 220.90132338573562 -1 0 0
612.5751842970068 200.02842170707856 -1 0 0
573.6942890132337 200.02842170707856 -1 0 0
633.0388133937294 221.71986854960454 -1 0 0
641.6335376143529 204.12114752642307 -1 0 0
645.7262634336975 180.79261035615932 -1 0 0
672.7382538413714 183.65751842970047 -1 0 0
660.4600763833378 209.03241850963653 -1 0 0
647.3633537614352 226.63113953281797 -1 0 0
646.1355360156319 240.54640731858936 -1 0 0
674.7846167510435 263.0563993249842 -1 0 0
689.5184297006838 252.82458477662294 -1 0 0
702.6151523225863 234.40731858957255 -1 0 0
687.8813393729461 217.21787014832555 -1 0 0
667.8269828581579 247.50404121147503 -1 0 0
721.0324185096367 242.5927702282616 -1 0 0
710.8006039612754 202.48405719868524 -1 0 0
705.8893329780619 194.29860555999622 -1 0 0
703.4336974864552 182.83897326583156 -1 0 0
729.2178701483258 200.02842170707856 -1 0 0
710.8006039612754 212.7158717470466 -1 0 0
696.4760635935695 287.6127542410514 -1 0 0
670.2826183497646 284.7478461675102 -1 0 0
673.9660715871746 303.9836575184295 -1 0 0
675.6031619149124 321.1731059596765 -1 0 0
654.7302602362554 321.9916511235454 -1 0 0
727.9900524025223 293.3425703881337 -1 0 0
711.6191491251443 276.1531219468867 -1 0 0
750.0907718269827 283.92930100364134 -1 0 0
761.9596767030819 255.6894928501641 -1 0 0
749.6814992450484 244.22986055599944 -1 0 0
745.9980460076382 234.40731858957255 -1 0 0
750.5000444089172 264.2842170707876 -1 0 0
718.57678301803 251.59676703081954 -1 0 0
717.758237854161 264.2842170707876 -1 0 0
753.7742250643928 217.21787014832555 -1 0 0
761.5504041211474 182.42970068389707 -1 0 0
748.0444089173105 188.15951683097944 -1 0 0
759.5040412114753 231.95168309796586 -1 0 0
762.7782218669508 216.80859756639111 -1 0 0
773.0100364153121 238.09077182698263 -1 0 0
791.8365751842969 231.95168309796586 -1 0 0
785.6974864552801 220.4920508038012 -1 0 0
784.4696687094768 206.5767830180298 -1 0 0
791.4273026023625 191.43369748645506 -1 0 0
804.524025224265 176.69988453681475 -1 0 0
811.4816591171508 177.10915711874924 -1 0 0
814.7558397726262 193.8893329780618 -1 0 0
802.4776623145927 196.75424105160292 -1 0 0
829.4896527222666 202.48405719868524 -1 0 0
845.0420108357757 199.6191491251441 -1 0 0
815.1651123545607 207.39532818189872 -1 0 0
841.3585575983657 211.0787814193088 -1 0 0
824.5783817390532 240.13713473665487 -1 0 0
829.0803801403321 254.87094768629518 -1 0 0
804.9332978061994 251.59676703081954 -1 0 0
788.1531219468868 243.41131539213052 -1 0 0
823.3505639932499 264.2842170707876 -1 0 0
837.2658317790211 263.0563993249842 -1 0 0
848.3161914912514 240.13713473665487 -1 0 0
848.3161914912514 229.9053201882936 -1 0 0
847.4976463273825 214.76223465671885 -1 0 0
872.4632738253841 179.9740651922904 -1 0 0
845.0420108357757 180.79261035615932 -1 0 0
851.9996447286615 186.93169908517606 -1 0 0
864.277822186695 207.39532818189872 -1 0 0
877.3745448085975 212.30659916511212 -1 0 0
886.7878141930898 199.6191491251441 -1 0 0
859.775823785416 220.0827782218667 -1 0 0
885.969269029221 218.44568789412892 -1 0 0
894.15472066791 233.99804600763812 -1 0 0
875.7374544808596 225.40332178701462 -1 0 0
882.2858157918109 238.90931699085152 -1 0 0
879.0116351363353 268.7862154720666 -1 0 0
914.6183497646327 287.2034816591169 -1 0 0
906.0236255440091 268.7862154720666 -1 0 0
850.7718269828581 262.6471267430498 -1 0 0
892.5176303401723 317.4896527222664 -1 0 0
917.4832578381739 306.03002042810175 -1 0 0
939.1747046806998 301.1187494448883 -1 0 0
961.2754241051603 304.3929301003639 -1 0 0
985.4225064392929 337.5440092370546 -1 0 0
998.5192290611955 299.4816591171505 -1 0 0
986.241051603162 281.06439293010015 -1 0 0
955.9548805400125 281.06439293010015 -1 0 0
935.4912514432897 249.95967670308175 -1 0 0
913.7998046007639 252.82458477662294 -1 0 0
913.3905320188293 234.816591171507 -1 0 0
903.5679900524025 231.13313793409694 -1 0 0
897.4289013233856 214.3529620747844 -1 0 0
920.348165911715 194.29860555999622 -1 0 0
917.0739852562393 218.03641531219446 -1 0 0
935.0819788613553 184.47606359356936 -1 0 0
929.352162714273 196.75424105160292 -1 0 0
923.6223465671907 175.06279420907697 -1 0 0
910.5256239452882 172.19788613553575 -1 0 0
899.8845368149924 170.9700683897324 -1 0 0
933.854161115552 169.33297806199462 -1 0 0
945.3137934097167 182.42970068389707 -1 0 0
944.9045208277822 168.51443289812568 -1 0 0
964.5496047606359 165.2402522426501 -1 0 0
974.3721467270628 166.8773425703879 -1 0 0
971.5072386535217 191.02442490452057 -1 0 0
976.8277822186694 183.65751842970047 -1 0 0
951.862154720668 200.84696687094745 -1 0 0
945.3137934097167 215.9900524025222 -1 0 0
955.545607958078 225.40332178701462 -1 0 0
944.0859756639134 228.26822986055578 -1 0 0
946.1323385735856 243.82058797406495 -1 0 0
971.0979660715872 213.12514432898104 -1 0 0
985.8317790212275 249.14113153921286 -1 0 0
971.0979660715872 231.13313793409694 -1 0 0
1000.9748645528023 233.1795008437692 -1 0 0
1013.2530420108358 248.32258637534395 -1 0 0
991.1523225863754 218.03641531219446 -1 0 0
1016.5272226663114 222.9476862954079 -1 0 0
1010.3881339372946 231.54241051603142 -1 0 0
1021.8477662314592 275.74384936495227 -1 0 0
1001.3841371347366 273.28821387334557 -1 0 0
969.0516031619148 266.33057998045985 -1 0 0
941.6303401723065 274.10675903721443 -1 0 0
928.533617550404 271.65112354560773 -1 0 0
1000.5655919708678 200.84696687094745 -1 0 0
997.7006838973266 185.29460875743825 -1 0 0
1001.3841371347366 166.46806998845344 -1 0 0
1018.5735855759835 178.33697486455256 -1 0 0
1022.6663113953281 176.69988453681475 -1 0 0
1012.0252242650325 192.6615152322584 -1 0 0
870.8261834976463 155.00843769428877 -1 0 0
886.3785416111555 155.82698285815766 -1 0 0
942.039612754241 356.3705480060394 -1 0 0
501.0484057198685 222.94768629540798 -1 0 0
502.2762234656718 192.6615152322585 -1 0 0
482.6311395328181 186.93169908517615 -1 0 0
468.71587174704666 184.88533617550385 -1 0 0
452.34496846966863 204.5304201083576 -1 0 0
441.70388133937286 202.89332978061975 -1 0 0
432.699884536815 200.0284217070786 -1 0 0
419.6031619149124 198.80060396127524 -1 0 0
413.0548006039611 201.66551203481643 -1 0 0
382.35935695887724 194.29860555999628 -1 0 0
434.3369748645527 221.71986854960457 -1 0 0
464.6231459277022 220.9013233857357 -1 0 0
478.1291411315392 222.94768629540798 -1 0 0
492.0444089173104 218.0364153121945 -1 0 0
494.0907718269828 237.2722266631138 -1 0 0
479.3569588773425 244.22986055599947 -1 0 0
510.87094768629527 252.41531219468854 -1 0 0
474.4456878941291 272.4696687094767 -1 0 0
467.48805400124337 258.1451283417709 -1 0 0
455.6191491251443 235.2258637534415 -1 0 0
427.7886135536014 243.00204281019614 -1 0 0
416.73825384137115 237.2722266631138 -1 0 0
402.41371347366544 236.04440891731045 -1 0 0
391.7726263433696 233.58877342570372 -1 0 0
381.13153921307395 240.13713473665496 -1 0 0
394.2282618349764 258.5544009237054 -1 0 0
404.0508038014033 254.87094768629527 -1 0 0
409.78061994848565 269.19548805400103 -1 0 0
427.7886135536014 256.50803801403305 -1 0 0
435.15552002842156 274.516031619149 -1 0 0
446.20587974065177 256.0987654320986 -1 0 0
462.16751043609537 275.3345767830179 -1 0 0
454.80060396127544 283.5200284217069 -1 0 0
467.07878141930894 287.61275424105145 -1 0 0
464.21387334576775 298.66311395328165 -1 0 0
433.51842970068384 307.25783817390516 -1 0 0
407.32498445687884 286.3849364952481 -1 0 0
417.55679900524024 289.2498445687893 -1 0 0
385.63353761435286 283.92930100364134 -1 0 0
381.13153921307395 305.2114752642329 -1 0 0
370.89972466471255 324.44728661515217 -1 0 0
345.5248245847765 312.9876543209875 -1 0 0
344.7062794209076 297.02602362554387 -1 0 0
361.4864552802201 273.28821387334557 -1 0 0
352.07318589572776 253.23385735855746 -1 0 0
366.39772626343364 243.00204281019614 -1 0 0
374.99245048405714 272.0603961275423 -1 0 0
364.35136335376137 211.4880540012433 -1 0 0
357.39372946087565 202.89332978061975 -1 0 0
349.61755040412106 203.30260236255424 -1 0 0
336.11155520028416 213.53441691091555 -1 0 0
341.43209876543204 233.17950084376923 -1 0 0
327.10755839772617 226.63113953281805 -1 0 0
325.0611954880539 246.68549604760622 -1 0 0
311.14592770228256 243.4113153921306 -1 0 0
314.8293809396926 258.1451283417709 -1 0 0
328.3353761435296 279.01803002042794 -1 0 0
302.55120348165906 276.15312194688676 -1 0 0
293.9564792610355 280.6551203481658 -1 0 0
315.23865352162704 292.93329780619933 -1 0 0
305.0068389732657 304.392930100364 -1 0 0
314.0108357758237 317.89892530420093 -1 0 0
282.08757438493643 306.43929301003624 -1 0 0
262.03321787014823 284.74784616751026 -1 0 0
289.863753441691 264.6934896527221 -1 0 0
292.72866151523215 238.90931699085158 -1 0 0
311.555200284217 216.39932498445674 -1 0 0
303.77902122746235 218.44568789412898 -1 0 0
296.4121147526422 220.49205080380125 -1 0 0
278.4041211475263 215.99005240252225 -1 0 0
287.81739053201875 205.75823785416097 -1 0 0
277.176303401723 201.256239452882 -1 0 0
264.8981259436894 209.03241850963659 -1 0 0
250.98285815791797 204.12114752642316 -1 0 0
264.8981259436894 224.99404920508022 -1 0 0
248.5272226663113 230.72386535216256 -1 0 0
248.93649524824573 247.5040412114751 -1 0 0
237.8861355360155 266.33057998045996 -1 0 0
247.2994049205079 273.6974864552801 -1 0 0
265.30739852562385 257.32658317790197 -1 0 0
275.1299404920507 253.6431299404919 -1 0 0
230.92850164312986 240.5464073185894 -1 0 0
221.51523225863744 345.7294608757437 -1 0 0
242.79740651922896 319.53601563193877 -1 0 0
212.10196287414504 310.12274624744634 -1 0 0
233.38413713473656 305.2114752642329 -1 0 0
193.68469668709466 324.44728661515217 -1 0 0
176.49524824584765 318.71747046806985 -1 0 0
192.04760635935685 292.93329780619933 -1 0 0
214.55759836575174 275.3345767830179 -1 0 0
218.24105160316182 290.47766231459264 -1 0 0
194.912514432898 262.2378541611154 -1 0 0
207.59996447286602 253.23385735855746 -1 0 0
181.40651922906108 255.68949285016413 -1 0 0
190.410516031619 243.4113153921306 -1 0 0
175.2674305000443 236.04440891731045 -1 0 0
192.04760635935685 217.21787014832563 -1 0 0
174.44888533617538 222.94768629540798 -1 0 0
174.85815791810984 208.6231459277021 -1 0 0
166.6727062794208 216.39932498445674 -1 0 0
151.93889332978048 213.1251443289811 -1 0 0
161.76143529620737 247.91331379340954 -1 0 0
144.57198685496036 243.82058797406503 -1 0 0
138.84217070787804 258.9636735056398 -1 0 0
106.91890931699072 243.00204281019614 -1 0 0
104.46327382538402 216.39932498445674 -1 0 0
120.01563193889321 221.71986854960457 -1 0 0
111.83018030020415 264.6934896527221 -1 0 0
109.37454480859743 294.9796607158716 -1 0 0
115.92290611954868 280.6551203481658 -1 0 0
138.84217070787804 304.392930100364 -1 0 0
116.33217870148313 313.39692690292196 -1 0 0
126.56399324984446 332.22346567190675 -1 0 0
133.52162714273013 319.12674305000434 -1 0 0
145.39053201882928 326.49364952482443 -1 0 0
161.3521627142729 302.7558397726262 -1 0 0
153.16671107558386 294.1611155520027 -1 0 0
158.89652722266618 279.01803002042794 -1 0 0
170.35615951683084 286.3849364952481 -1 0 0
180.58797406519218 273.6974864552801 -1 0 0
169.12834177102752 265.10276223465655 -1 0 0
104.87254640731847 330.58637534416897 -1 0 0
1.9404920508037364 230.31459277022807 -1 0 0
29.77102762234651 259.78221866950867 -1 0 0
60.05719868549599 233.58877342570366 -1 0 0
77.24664712674301 231.95168309796586 -1 0 0
91.16191491251438 227.44968469668692 -1 0 0
69.87974065192286 222.94768629540792 -1 0 0
65.37774225064386 262.6471267430498 -1 0 0
62.922106759037156 290.06838973265815 -1 0 0
88.70627942090766 276.9716671107556 -1 0 0
81.33937294608751 288.43129940492037 -1 0 0
90.34336974864547 301.93729460875727 -1 0 0
64.14992450484053 315.03401723065974 -1 0 0
37.137934097166664 285.5663913313791 -1 0 0
226.2218669508837 214.76223465671885 -1 0 0
217.6271427302602 212.30659916511217 -1 0 0
214.3529620747846 201.6655120348164 -1 0 0
183.65751842970064 207.39532818189872 -1 0 0
182.02042810196284 215.58077982058782 -1 0 0
501.45767830180284 390.95408117950075 -1 0 0
591.4976463273824 340.20428101962864 -1 0 0
536.6551203481658 346.7526423305798 -1 0 0
883.7182698285817 548.9332978061994 -1 0 0
702.0012434496847 222.33377742250622 -1 0 0
491.6351363353761 282.0875743849364 -1 0 0
421.24025224265023 349.2082778221865 -1 0 0
429.42570388133925 326.28901323385725 -1 0 0
341.02282618349756 359.8493649524824 -1 0 0
375.4017230659916 381.1315392130739 -1 0 0
191.22906119548796 486.7238653521627 -1 0 0
266.53521627142726 400.7766231459276 -1 0 0
198.59596767030806 372.127542410516 -1 0 0
-88.71338484767755 205.96287414512827 -1 0 0
51.2578381739052 335.2930100364153 -1 0 0
107.73745448085965 345.9340971667111 -1 0 0
151.93889332978048 349.2082778221867 -1 0 0
212.51123545607948 325.4704680699885 -1 0 0
275.5392130739851 280.4504840571987 -1 0 0
549.7518429700683 186.3177902122746 -1 0 0
609.5056399324984 188.7734257038813 -1 0 0
609.5056399324984 178.95088373745446 -1 0 0
658.6183497646326 179.7694289013233 -1 0 0
881.2626343369749 167.49125144328977 -1 0 0
1016.3225863753441 165.85416111555196 -1 0 0
759.2994049205081 200.23305799804598 -1 0 0
792.8597566391331 436.79261035615957 -1 0 0
763.3921307398525 357.39372946087576 -1 0 0
787.9484856559196 336.93010036415313 -1 0 0
713.4608757438494 302.5512034816591 -1 0 0
692.1787014832578 302.5512034816591 -1 0 0
716.7350563993249 335.2930100364153 -1 0 0
698.7270627942091 354.93809396926906 -1 0 0
570.215472066791 417.9660715871747 -1 0 0
548.1147526423306 328.74464872546406 -1 0 0
824.7830180300205 406.5064392930101 -1 0 0
396.6838973265831 208.41850963673497 -1 0 0
390.1355360156318 199.41451283417706 -1 0 0
601.0977664310997 309.4640667974001 -1 0 0
578.8480161813494 346.67485600818935 -1 0 0
