7.25299760191848 3.0681454836130797 -1 0 0
30.172262190247793 10.84432454036778 -1 0 0
49.40807354116707 33.354316546762675 -1 0 0
43.268984812150265 50.95303756994417 -1 0 0
79.69424460431655 32.945043964828244 -1 0 0
101.79496402877699 37.44704236610721 -1 0 0
110.38968824940046 56.273581135092 -1 0 0
78.05715427657874 55.86430855315757 -1 0 0
53.50079936051158 79.19284572342136 -1 0 0
30.172262190247793 89.01538768984821 -1 0 0
17.894084732214225 80.01139088729025 -1 0 0
13.392086330935257 102.52138289368514 -1 0 0
51.86370903277377 104.15847322142295 -1 0 0
29.353717026378902 129.94264588329344 -1 0 0
53.91007194244604 152.8619104716228 -1 0 0
67.00679456434851 146.31354916067156 -1 0 0
29.762989608313333 175.7811750599521 -1 0 0
46.13389288569145 186.83153477218232 -1 0 0
71.5087929656275 176.19044764188658 -1 0 0
91.9724220623501 165.95863309352526 -1 0 0
105.8876898481215 152.45263788968833 -1 0 0
92.79096722621902 112.343924860112 -1 0 0
125.12350119904077 113.9810151878498 -1 0 0
116.52877697841727 116.84592326139096 -1 0 0
108.75259792166266 86.96902478017594 -1 0 0
158.68385291766583 150.81554756195052 -1 0 0
160.32094324540367 161.86590727418073 -1 0 0
148.45203836930455 187.24080735411678 -1 0 0
135.7645883293365 195.8355315747403 -1 0 0
110.38968824940046 177.00899280575547 -1 0 0
103.02278177458034 191.74280575539575 -1 0 0
63.32334132693843 203.61171063149487 -1 0 0
41.222621902478025 207.29516386890495 -1 0 0
13.801358912869702 213.02498001598727 -1 0 0
17.07553956834532 191.3335331734613 -1 0 0
6.434452438049561 251.90587529976028 -1 0 0
40.404076738609106 224.8938848920864 -1 0 0
60.049160671462815 231.44224620303766 -1 0 0
73.55515587529975 244.12969624300564 -1 0 0
98.11151079136691 227.75879296562758 -1 0 0
109.98041566746603 247.81314948041572 -1 0 0
137.40167865707434 224.0753397282175 -1 0 0
167.27857713828934 215.480615507594 -1 0 0
155.8189448441247 208.5229816147083 -1 0 0
92.38169464428456 85.33193445243813 -1 0 0
151.31694644284568 69.72332134292567 -1 0 0
132.89968025579532 67.47232214228619 -1 0 0
164.82294164668258 47.41796562749802 -1 0 0
187.12829736211026 36.57224220623503 -1 0 0
196.1322941646682 56.831235011990415 -1 0 0
184.26338928856907 72.99750199840129 -1 0 0
230.10191846522775 81.5922262190248 -1 0 0
220.68864908073533 82.82004396482814 -1 0 0
210.86610711430848 109.42276179056755 -1 0 0
173.82693844924054 105.73930855315747 -1 0 0
163.79976019184647 96.73531175059952 -1 0 0
250.77018385291757 102.26049160671464 -1 0 0
138.83413269384488 14.880795363709069 -1 0 0
114.48241406874496 15.2900679456435 -1 0 0
203.2945643485211 12.629796163069557 -1 0 0
241.5615507593924 20.610611510791387 -1 0 0
226.21382893685046 57.035871302957645 -1 0 0
17.48481215027978 280.4628297362111 -1 0 0
39.585531574740216 280.0535571542767 -1 0 0
57.593525179856115 261.63629096722633 -1 0 0
96.06514788169464 272.68665067945653 -1 0 0
122.25859312549959 278.82573940847334 -1 0 0
136.9924060751399 266.9568345323742 -1 0 0
159.50239808153475 249.7673860911272 -1 0 0
188.9700239808153 253.86011191047174 -1 0 0
170.55275779376495 282.09992006394896 -1 0 0
146.40567545963228 288.6482813749002 -1 0 0
139.4480415667466 315.66027178257406 -1 0 0
168.91566746602717 318.5251798561152 -1 0 0
123.8956834532374 334.0775379696244 -1 0 0
94.83733013589129 314.84172661870514 -1 0 0
68.64388489208632 305.0191846522783 -1 0 0
43.268984812150265 312.7953637090329 -1 0 0
33.44644284572341 329.9848121502799 -1 0 0
60.86770583533173 338.5795363709034 -1 0 0
85.83333333333333 341.0351718625101 -1 0 0
97.29296562749799 347.1742605915269 -1 0 0
73.55515587529975 354.54116706634704 -1 0 0
33.85571542765787 367.6378896882495 -1 0 0
8.480815347721816 356.58752997601925 -1 0 0
26.898081534772174 415.113509192646 -1 0 0
12.164268585131893 411.83932853717033 -1 0 0
41.631894484412456 389.32933653077544 -1 0 0
71.5087929656275 409.7929656274981 -1 0 0
49.40807354116707 423.70823341326945 -1 0 0
62.50479616306954 442.1254996003198 -1 0 0
89.10751398880895 424.52677857713843 -1 0 0
46.95243804956034 456.8593125499601 -1 0 0
12.164268585131893 459.3149480415668 -1 0 0
22.805355715427652 472.0023980815349 -1 0 0
48.58952837729815 481.00639488409286 -1 0 0
78.46642685851317 469.13749000799373 -1 0 0
109.98041566746603 464.22621902478033 -1 0 0
125.12350119904077 445.8089528377299 -1 0 0
77.64788169464428 496.14948041566754 -1 0 0
99.74860111910472 405.7002398081536 -1 0 0
119.39368505195843 390.1478816946444 -1 0 0
94.83733013589129 383.1902478017587 -1 0 0
86.65187849720225 372.9584332533974 -1 0 0
62.50479616306954 378.68824940047966 -1 0 0
133.3089528377298 356.1782573940849 -1 0 0
186.92366107114304 328.75699440447653 -1 0 0
203.70383693045562 299.28936850519597 -1 0 0
222.5303756994404 316.8880895283774 -1 0 0
237.26418864908072 371.32134292565956 -1 0 0
239.71982414068742 401.1982414068746 -1 0 0
241.35691446842526 422.0711430855317 -1 0 0
267.95963229416463 422.4804156674661 -1 0 0
261.4112709832134 452.35731414868116 -1 0 0
287.1954436450839 454.8129496402878 -1 0 0
311.3425259792166 417.1598721023182 -1 0 0
305.61270983213427 433.94004796163085 -1 0 0
295.380895283773 390.1478816946444 -1 0 0
330.9876099120703 428.2102318145485 -1 0 0
344.9028776978417 391.37569944044776 -1 0 0
322.8021582733813 366.8193445243806 -1 0 0
305.61270983213427 364.3637090327739 -1 0 0
292.10671462829737 350.857713828937 -1 0 0
263.45763389288567 357.40607513988823 -1 0 0
288.8325339728217 318.9344524380497 -1 0 0
297.8365307753797 316.0695443645085 -1 0 0
252.8165467625899 310.33972821742617 -1 0 0
245.0403677058353 304.20063948840937 -1 0 0
242.17545963229412 265.31974420463644 -1 0 0
253.22581934452438 257.9528377298163 -1 0 0
274.09872102318144 275.1422861710633 -1 0 0
290.87889688249396 254.26938449240618 -1 0 0
303.97561950439643 275.9608313349322 -1 0 0
321.98361310951236 263.6826538768986 -1 0 0
341.21942446043164 254.26938449240618 -1 0 0
325.6670663469224 231.35011990407685 -1 0 0
297.4272581934452 236.67066346922473 -1 0 0
364.5479616306954 264.0919264588331 -1 0 0
347.35851318944844 278.4164668265389 -1 0 0
378.4632294164668 278.4164668265389 -1 0 0
385.83013589128694 298.47082334132705 -1 0 0
363.32014388489205 298.47082334132705 -1 0 0
330.57833733013587 289.4668265387691 -1 0 0
336.7174260591527 310.7490007993606 -1 0 0
365.7757793764988 346.76498800959246 -1 0 0
348.1770583533173 348.81135091926467 -1 0 0
402.6103117505995 386.87370103916874 -1 0 0
382.1466826538769 384.41806554756204 -1 0 0
394.015587529976 409.7929656274981 -1 0 0
364.13868904876097 419.6155075939249 -1 0 0
386.64868105515586 435.5771382893686 -1 0 0
439.03557154276575 434.3493205435652 -1 0 0
431.66866506794565 459.3149480415668 -1 0 0
411.61430855315746 460.1334932054358 -1 0 0
355.13469224620303 456.0407673860912 -1 0 0
370.27777777777777 449.90167865707446 -1 0 0
380.91886490807354 465.0447641886492 -1 0 0
333.44324540367705 454.4036770583534 -1 0 0
350.63269384492406 445.8089528377299 -1 0 0
188.9700239808153 358.6338928856916 -1 0 0
167.68784972022382 357.81534772182266 -1 0 0
159.09312549960032 394.24060751398895 -1 0 0
141.49440447641888 408.1558752997603 -1 0 0
190.19784172661866 390.1478816946444 -1 0 0
175.87330135891284 426.98241406874513 -1 0 0
192.65347721822542 431.8936850519585 -1 0 0
183.240207833733 446.62749800159884 -1 0 0
159.91167066346918 424.9360511590728 -1 0 0
142.31294964028774 472.0023980815349 -1 0 0
154.59112709832135 471.59312549960043 -1 0 0
179.14748201438846 461.36131095123915 -1 0 0
197.9740207833733 471.59312549960043 -1 0 0
215.57274180655475 452.35731414868116 -1 0 0
225.80455635491603 467.0911270983214 -1 0 0
238.9012789768185 488.37330135891295 -1 0 0
254.86290967226216 490.4196642685853 -1 0 0
204.11310951239005 498.19584332533987 -1 0 0
218.02837729816144 485.50839328537177 -1 0 0
185.6958433253397 486.73621103117523 -1 0 0
166.050759392486 482.6434852118307 -1 0 0
149.27058353317346 496.14948041566754 -1 0 0
171.37130295763387 500.65147881694656 -1 0 0
328.12270183852917 486.73621103117523 -1 0 0
297.01798561151077 485.0991207034374 -1 0 0
341.21942446043164 495.3309352517987 -1 0 0
367.822142286171 487.1454836131096 -1 0 0
352.6790567545963 469.5467625899282 -1 0 0
400.15467625899277 497.3772981614709 -1 0 0
502.4728217426059 506.38129496402894 -1 0 0
474.23301358912863 464.6354916067147 -1 0 0
455.4064748201439 460.95203836930466 -1 0 0
492.2410071942446 437.2142286171064 -1 0 0
468.91247002398075 423.2989608313351 -1 0 0
479.14428457234214 403.6538768984813 -1 0 0
502.0635491606714 410.20223820943255 -1 0 0
497.5615507593925 385.23661071143096 -1 0 0
468.91247002398075 368.86570743405287 -1 0 0
493.87809752198234 365.1822541966428 -1 0 0
446.81175059952034 344.71862509992013 -1 0 0
464.00119904076735 323.43645083932864 -1 0 0
439.44484412470024 315.66027178257406 -1 0 0
398.9268585131894 333.2589928057555 -1 0 0
420.2090327737809 343.08153477218235 -1 0 0
415.2977617905675 296.01518784972035 -1 0 0
410.3864908073541 278.4164668265389 -1 0 0
425.9388489208633 259.18065547561963 -1 0 0
400.9732214228617 255.906474820144 -1 0 0
444.7653876898481 271.04956035171875 -1 0 0
463.1826538768985 279.23501199040777 -1 0 0
486.10191846522775 280.0535571542767 -1 0 0
475.87010391686647 262.45483613109525 -1 0 0
237.26418864908072 224.8017585931256 -1 0 0
260.18345323741005 231.35011990407685 -1 0 0
340.4008792965627 218.66266986410886 -1 0 0
361.2737809752198 222.3461231015189 -1 0 0
352.26978417266184 241.5819344524382 -1 0 0
379.2817745803357 244.8561151079138 -1 0 0
391.15067945643483 234.21502797761804 -1 0 0
409.5679456434852 223.9832134292567 -1 0 0
430.4408473221423 233.39648281374912 -1 0 0
461.13629096722616 234.62430055955247 -1 0 0
486.92046362909673 235.44284572342139 -1 0 0
498.38009592326136 216.6163069544366 -1 0 0
509.02118305355714 232.9872102318147 -1 0 0
28.125899280575524 530.8455235811351 -1 0 0
17.48481215027978 554.5833333333334 -1 0 0
43.678257394084724 540.668065547562 -1 0 0
40.404076738609106 582.0045963229418 -1 0 0
17.894084732214225 587.3251398880896 -1 0 0
11.345723421262988 603.2867705835332 -1 0 0
46.13389288569145 607.3794964028777 -1 0 0
68.64388489208632 604.5145883293366 -1 0 0
93.20023980815348 604.1053157474021 -1 0 0
83.37769784172663 573.4098721023182 -1 0 0
62.914068745004 573.4098721023182 -1 0 0
113.25459632294165 582.8231414868105 -1 0 0
133.71822541966424 590.5993205435652 -1 0 0
129.21622701838527 567.2707833733014 -1 0 0
112.43605115907273 562.359512390088 -1 0 0
80.10351718625098 547.2164268585133 -1 0 0
96.4744204636291 539.0309752198242 -1 0 0
109.57114308553157 519.795163868905 -1 0 0
95.65587529976018 500.15007993605127 -1 0 0
105.47841726618704 508.7448041566747 -1 0 0
182.42166266986408 578.7304156674661 -1 0 0
166.46003197442042 561.1316946442846 -1 0 0
195.51838529176655 585.2787769784173 -1 0 0
192.65347721822542 603.6960431654677 -1 0 0
219.2561950439648 593.0549560351719 -1 0 0
209.43365307753794 569.726418864908 -1 0 0
245.44964028776974 566.4522382094325 -1 0 0
251.99800159872098 579.9582334132695 -1 0 0
254.04436450839324 537.3938848920864 -1 0 0
275.3265387689848 530.8455235811351 -1 0 0
270.0059952038369 554.9926059152679 -1 0 0
314.2074340527578 564.4058752997603 -1 0 0
297.4272581934452 591.0085931254996 -1 0 0
396.4712230215827 609.4258593125501 -1 0 0
335.4896083133493 586.9158673061552 -1 0 0
424.71103117505993 619.6576738609112 -1 0 0
430.8501199040767 587.3251398880896 -1 0 0
461.54556354916065 587.734412470024 -1 0 0
498.78936850519585 575.8655075939249 -1 0 0
408.34012789768184 568.4986011191047 -1 0 0
430.8501199040767 572.1820543565149 -1 0 0
462.3641087130295 548.8535171862511 -1 0 0
439.03557154276575 532.8918864908075 -1 0 0
441.49120703437245 518.976618705036 -1 0 0
470.5495603517186 518.976618705036 -1 0 0
479.5535571542765 527.9806155075939 -1 0 0
388.69504396482813 530.4362509992006 -1 0 0
418.5719424460432 511.6097122302159 -1 0 0
421.84612310151874 499.7408073541168 -1 0 0
321.98361310951236 529.6177058353318 -1 0 0
231.5343725019984 536.166067146283 -1 0 0
201.65747402078335 516.1117106314948 -1 0 0
193.88129496402877 536.5753397282175 -1 0 0
186.5143884892086 514.8838928856915 -1 0 0
166.46003197442042 521.0229816147083 -1 0 0
140.26658673061553 521.0229816147083 -1 0 0
127.16986410871301 538.2124300559553 -1 0 0
152.9540367705835 540.2587929656275 -1 0 0
242.99400479616304 449.8095523581136 -1 0 0
523.5503597122304 585.2787769784173 -1 0 0
557.1107114308554 568.4986011191047 -1 0 0
537.4656274980017 554.1740607513989 -1 0 0
517.4112709832135 539.8495203836931 -1 0 0
545.6510791366907 529.2084332533973 -1 0 0
557.1107114308554 540.2587929656275 -1 0 0
545.2418065547563 487.87190247801766 -1 0 0
556.2921662669864 495.2388089528378 -1 0 0
523.9596322941647 467.40827338129503 -1 0 0
516.1834532374102 462.0877298161472 -1 0 0
522.7318145483614 434.2571942446044 -1 0 0
552.6087130295764 441.2148281374901 -1 0 0
548.1067146282974 417.8862909672263 -1 0 0
531.3265387689848 403.152478017586 -1 0 0
516.1834532374102 391.2835731414869 -1 0 0
509.2258193445245 375.32194244604324 -1 0 0
532.9636290967227 376.9590327737811 -1 0 0
548.9252597921663 390.05575539568355 -1 0 0
552.6087130295764 368.773581135092 -1 0 0
522.322541966427 352.4026778577139 -1 0 0
656.1546762589928 467.81754596322946 -1 0 0
635.2817745803359 461.2691846522782 -1 0 0
591.8988808952838 474.7751798561152 -1 0 0
607.0419664268586 476.412270183853 -1 0 0
605.8141486810553 493.60171862510003 -1 0 0
629.5519584332535 521.8415267785772 -1 0 0
647.150679456435 520.2044364508395 -1 0 0
642.2394084732215 541.4866107114309 -1 0 0
622.5943245403678 556.6296962430056 -1 0 0
594.7637889688251 557.8575139888089 -1 0 0
601.7214228617107 565.6336930455636 -1 0 0
643.4672262190248 579.548960831335 -1 0 0
659.4288569144685 567.2707833733014 -1 0 0
672.525579536371 586.5065947242207 -1 0 0
643.4672262190248 611.4722222222223 -1 0 0
696.2633892885692 541.8958832933654 -1 0 0
714.6806554756196 538.2124300559553 -1 0 0
703.2210231814549 568.9078737010393 -1 0 0
721.2290167865708 564.4058752997603 -1 0 0
692.9892086330935 507.10771382893694 -1 0 0
692.5799360511592 476.82154276578746 -1 0 0
561.2034372501998 464.95263788968833 -1 0 0
547.2881694644284 471.09172661870514 -1 0 0
597.6286970423662 442.85191846522787 -1 0 0
622.1850519584332 435.0757394084733 -1 0 0
643.8764988009592 428.52737809752205 -1 0 0
624.2314148681055 417.0677458033574 -1 0 0
592.3081534772182 417.47701838529184 -1 0 0
601.7214228617106 398.65047961630705 -1 0 0
629.1426858513189 396.19484412470035 -1 0 0
569.7981614708233 408.88229416466834 -1 0 0
512.0907274180656 328.66486810551567 -1 0 0
595.9916067146282 341.76159072741814 -1 0 0
553.4272581934453 327.4370503597123 -1 0 0
644.2857713828937 354.4490407673862 -1 0 0
628.32414068745 359.36031175059964 -1 0 0
636.1003197442046 338.4874100719426 -1 0 0
667.205035971223 334.80395683453247 -1 0 0
650.0155875299761 317.61450839328546 -1 0 0
624.2314148681055 318.02378097521995 -1 0 0
669.2513988808953 386.37230215827344 -1 0 0
656.5639488409272 374.5033972821743 -1 0 0
669.2513988808953 410.5193844924062 -1 0 0
689.7150279776179 407.24520383693056 -1 0 0
680.7110311750599 440.39628297362117 -1 0 0
686.0315747402078 452.2651878497203 -1 0 0
724.0939248601119 454.31155075939256 -1 0 0
740.46482813749 460.0413669064749 -1 0 0
758.8820943245404 446.535371702638 -1 0 0
737.1906474820144 435.48501199040777 -1 0 0
757.2450039968026 411.7472022382095 -1 0 0
729.4144684252598 404.38029576338937 -1 0 0
732.279376498801 387.60011990407685 -1 0 0
780.1642685851319 400.6968425259793 -1 0 0
772.3880895283772 379.4146682653878 -1 0 0
812.9060751398881 408.4730215827339 -1 0 0
812.0875299760191 384.32593924860123 -1 0 0
801.4464428457234 352.4026778577139 -1 0 0
804.3113509192646 335.6225019984014 -1 0 0
745.7853717026379 357.31394884092737 -1 0 0
720.8197442046362 358.5417665867307 -1 0 0
700.7653876898481 333.1668665067947 -1 0 0
707.3137490007994 426.48101518784983 -1 0 0
708.9508393285371 400.6968425259793 -1 0 0
784.6662669864108 435.0757394084733 -1 0 0
809.6318944844124 448.58173461231024 -1 0 0
791.6239008792966 486.6440847322143 -1 0 0
795.7166266986411 505.87989608313353 -1 0 0
761.3377298161471 518.976618705036 -1 0 0
744.9668265387689 496.8758992805756 -1 0 0
767.0675459632295 487.0533573141488 -1 0 0
771.1602717825739 566.861510791367 -1 0 0
742.5111910471622 567.680055955236 -1 0 0
755.1986410871303 595.1013189448443 -1 0 0
777.7086330935251 591.0085931254996 -1 0 0
804.3113509192646 597.1476818545165 -1 0 0
735.1442845723421 612.7000399680256 -1 0 0
717.5455635491606 608.6073141486811 -1 0 0
783.847721822542 541.8958832933654 -1 0 0
807.9948041566746 530.8455235811351 -1 0 0
654.1083133493205 450.2188249400481 -1 0 0
602.1306954436451 315.5681454836132 -1 0 0
753.9708233413269 318.8423261390888 -1 0 0
790.3960831334932 325.79996003197454 -1 0 0
704.8581135091927 516.9302557953638 -1 0 0
187.94684252597932 172.91626698641096 -1 0 0
206.36410871302968 159.81954436450846 -1 0 0
224.37210231814555 174.55335731414877 -1 0 0
246.88209432454045 148.76918465227826 -1 0 0
304.5895283772982 156.54536370903284 -1 0 0
270.6199040767387 117.25519584332542 -1 0 0
287.8093525179857 108.66047162270192 -1 0 0
268.98281374900085 79.19284572342136 -1 0 0
256.7046362909673 75.50939248601128 -1 0 0
286.58153477218235 186.83153477218232 -1 0 0
304.5895283772982 185.60371702637897 -1 0 0
332.82933653077544 147.5413669064749 -1 0 0
317.6862509992007 131.9890087929657 -1 0 0
362.7062350119905 161.45663469224627 -1 0 0
367.6175059952039 126.25919264588339 -1 0 0
340.1962430055956 99.65647482014396 -1 0 0
326.2809752198242 83.28557154276587 -1 0 0
311.9564348521184 82.87629896083143 -1 0 0
329.1458832933654 45.223221422861805 -1 0 0
283.71662669864116 49.725219824140765 -1 0 0
378.6678657074341 42.35831334932061 -1 0 0
359.0227817745804 27.215227817745927 -1 0 0
378.25859312549966 19.439048760991284 -1 0 0
401.5871302957635 41.13049560351726 -1 0 0
413.0467625899281 21.894684252598044 -1 0 0
428.18984812150285 18.211231015187934 -1 0 0
427.37130295763393 48.90667466027185 -1 0 0
455.61111111111114 34.582134292566025 -1 0 0
474.0283772981615 40.311950439648406 -1 0 0
495.31055155875305 41.94904076738618 -1 0 0
508.81654676259 44.404676258992936 -1 0 0
252.20263788968833 189.69644284572348 -1 0 0
209.6382893685053 195.42625899280583 -1 0 0
237.0595523581136 205.65807354116717 -1 0 0
210.86610711430865 262.9562350119905 -1 0 0
364.34332533972827 195.01698641087137 -1 0 0
339.3776978417267 198.70043964828145 -1 0 0
388.49040767386094 200.33752997601925 -1 0 0
405.67985611510795 187.65007993605124 -1 0 0
439.64948041566754 166.3679056754597 -1 0 0
424.5063948840928 133.62609912070351 -1 0 0
402.8149480415668 128.30555555555563 -1 0 0
413.865307753797 95.97302158273392 -1 0 0
405.67985611510795 73.87230215827347 -1 0 0
377.44004796163074 86.96902478017594 -1 0 0
359.43205435651487 80.01139088729025 -1 0 0
454.7925659472423 78.7835731414869 -1 0 0
455.61111111111114 57.50139888089537 -1 0 0
479.7581934452439 71.41666666666674 -1 0 0
452.3369304556355 102.11211031175067 -1 0 0
481.39528377298166 135.67246203037578 -1 0 0
439.24020783373305 125.84992006394893 -1 0 0
456.83892885691455 130.3519184652279 -1 0 0
488.76219024780175 160.3311350919265 -1 0 0
489.9900079936051 185.50139888089535 -1 0 0
463.38729016786573 180.38549160671468 -1 0 0
443.5375699440448 146.41586730615512 -1 0 0
464.0011990407674 202.8954836131096 -1 0 0
529.2801758593125 192.86830535571548 -1 0 0
541.353717026379 181.20403677058357 -1 0 0
517.001998401279 169.5397681854517 -1 0 0
510.4536370903278 147.84832134292571 -1 0 0
531.9404476418865 144.98341326938456 -1 0 0
554.8597122302158 139.86750599520389 -1 0 0
537.0563549160672 108.5581534772183 -1 0 0
556.4968025579536 110.39988009592332 -1 0 0
502.8820943245404 115.31115107913675 -1 0 0
513.5231814548362 125.95223820943252 -1 0 0
490.6039168665068 98.12170263788977 -1 0 0
478.53037569944047 111.83233413269392 -1 0 0
517.4112709832134 95.46143085531583 -1 0 0
562.4312549960032 175.47422062350125 -1 0 0
590.4664268585132 190.617306155076 -1 0 0
607.6558752997602 209.64848121502803 -1 0 0
430.23621103117506 195.73321342925664 -1 0 0
437.1938449240608 202.38389288569135 -1 0 0
511.68145483613114 259.6820543565147 -1 0 0
525.1874500399681 276.4622302158273 -1 0 0
553.0179856115108 293.6516786570743 -1 0 0
527.2338129496403 216.7084332533972 -1 0 0
549.7438049560352 226.94024780175852 -1 0 0
558.3385291766588 242.49260591526772 -1 0 0
573.8908872901679 238.80915267785764 -1 0 0
619.5247801758593 245.66446842525974 -1 0 0
635.8956834532374 253.44064748201433 -1 0 0
596.1962430055955 262.4446442845723 -1 0 0
605.4048760991207 266.94664268585126 -1 0 0
644.8996802557954 225.2008393285371 -1 0 0
668.4328537170263 247.50619504396477 -1 0 0
657.5871302957634 221.31274980015982 -1 0 0
672.7302158273382 221.72202238209428 -1 0 0
699.1282973621103 239.32074340527572 -1 0 0
718.1594724220623 254.46382893685046 -1 0 0
722.0475619504396 278.8155475619504 -1 0 0
686.8501199040768 295.59572342126296 -1 0 0
649.1970423661071 289.45663469224615 -1 0 0
633.0307753796963 275.3367306155075 -1 0 0
557.3153477218225 280.86191047162265 -1 0 0
522.3225419664269 307.0553557154276 -1 0 0
500.8357314148681 303.781175059952 -1 0 0
722.4568345323742 225.2008393285371 -1 0 0
706.4952038369304 211.49020783373297 -1 0 0
688.4872102318145 204.1233013589128 -1 0 0
730.4376498800959 170.7675859312548 -1 0 0
758.4728217426059 176.29276578736992 -1 0 0
709.9740207833732 188.16167066346904 -1 0 0
725.9356514788169 202.28157474020765 -1 0 0
785.8940847322142 160.74040767386072 -1 0 0
775.2529976019184 146.82513988808935 -1 0 0
751.5151878497202 110.80915267785755 -1 0 0
714.4760191846523 117.562150279776 -1 0 0
709.9740207833732 147.02977617905657 -1 0 0
696.8772981614708 166.26558752997585 -1 0 0
734.7350119904077 130.0449640287768 -1 0 0
697.4912070343725 107.33033573141469 -1 0 0
837.6670663469224 124.5197841726617 -1 0 0
850.1498800959232 139.04896083133474 -1 0 0
819.6590727418065 150.91786570743386 -1 0 0
805.9484412470024 140.27677857713812 -1 0 0
808.4040767386091 177.7252198241405 -1 0 0
831.1187050359712 187.75239808153458 -1 0 0
832.9604316546762 208.01139088728996 -1 0 0
842.9876099120703 83.18325339728202 -1 0 0
857.1075139888089 195.32394084732198 -1 0 0
858.949240607514 218.85711430855298 -1 0 0
875.5247801758593 217.4246602717824 -1 0 0
893.9420463629097 202.0769384492404 -1 0 0
897.6254996003197 178.5437649880094 -1 0 0
912.1546762589928 177.5205835331733 -1 0 0
920.7494004796163 196.55175859312533 -1 0 0
903.3553157474021 218.44784172661852 -1 0 0
937.3249400479616 206.37430055955218 -1 0 0
933.2322142286171 219.67565947242184 -1 0 0
914.201039168665 241.16247002398063 -1 0 0
868.976418864908 237.68365307753777 -1 0 0
881.4592326139089 139.86750599520366 -1 0 0
892.509592326139 152.5549560351717 -1 0 0
924.6374900079936 139.25359712230198 -1 0 0
921.7725819344523 129.43105515587513 -1 0 0
927.9116706634692 110.19524380495588 -1 0 0
942.8501199040767 113.67406075139871 -1 0 0
773.2066346922462 217.22002398081517 -1 0 0
772.7973621103117 241.98101518784952 -1 0 0
744.9668265387689 225.40547561950422 -1 0 0
895.4768185451638 254.66846522781756 -1 0 0
891.5887290167866 240.7531974420462 -1 0 0
868.2601918465227 263.4678257394083 -1 0 0
832.8581135091927 261.2168265387688 -1 0 0
815.054756195044 255.28237410071924 -1 0 0
838.5879296562749 293.34472422062333 -1 0 0
863.962829736211 284.3407274180654 -1 0 0
893.2258193445243 283.7268185451637 -1 0 0
873.9900079936051 305.82753796962413 -1 0 0
923.1027178257393 295.18645083932836 -1 0 0
923.5119904076738 258.7611910471621 -1 0 0
937.6318944844124 271.65327737809736 -1 0 0
957.8908872901678 288.8427258193443 -1 0 0
958.3001598721023 274.927458033573 -1 0 0
961.5743405275779 252.62210231814532 -1 0 0
979.9916067146282 264.2863709032772 -1 0 0
1004.3433253397282 262.64928057553936 -1 0 0
1013.1426858513189 277.3830935251797 -1 0 0
978.9684252597922 234.6141087130294 -1 0 0
947.4544364508392 238.5021982414067 -1 0 0
977.7406075139888 199.62130295763373 -1 0 0
979.1730615507594 188.98021582733796 -1 0 0
945.6127098321342 194.09612310151863 -1 0 0
809.3249400479616 220.90347721822525 -1 0 0
802.3673061550759 295.18645083932836 -1 0 0
779.6526778577138 290.68445243804933 -1 0 0
784.35931254996 307.87390087929634 -1 0 0
1010.0731414868105 230.11211031175043 -1 0 0
730.0283772981614 306.0321742605913 -1 0 0
741.8972821742606 277.9970023980813 -1 0 0
762.3609112709833 256.51019184652256 -1 0 0
898.853317346123 319.74280575539547 -1 0 0
835.6207034372502 339.7971622701836 -1 0 0
846.0571542765788 356.37270183852894 -1 0 0
837.257793764988 381.9522382094322 -1 0 0
904.4808153477218 452.7563948840924 -1 0 0
899.1602717825739 426.97222222222194 -1 0 0
872.9668265387689 422.4702238209429 -1 0 0
893.0211830535571 398.11850519584306 -1 0 0
922.0795363709033 379.49660271782545 -1 0 0
914.3033573141487 399.55095923261365 -1 0 0
847.7965627498002 413.05695443645055 -1 0 0
825.6958433253398 420.21922462030346 -1 0 0
836.1322941646682 454.5981215027975 -1 0 0
830.8117505995203 480.99620303756967 -1 0 0
815.6686650679457 494.911470823341 -1 0 0
939.064348521183 354.73561151079105 -1 0 0
979.3776978417266 371.92505995203805 -1 0 0
1004.5479616306955 359.23760991207007 -1 0 0
1018.4632294164668 380.7244204636288 -1 0 0
965.0531574740207 419.6053157474018 -1 0 0
944.5895283772982 401.8019584332531 -1 0 0
937.4272581934451 419.40067945643455 -1 0 0
917.3729016786571 418.78677058353287 -1 0 0
944.5895283772982 439.8643085531572 -1 0 0
949.2961630695443 454.39348521183024 -1 0 0
969.5551558752998 449.48221422861684 -1 0 0
936.6087130295763 475.47102318145454 -1 0 0
905.5039968025579 483.45183852917637 -1 0 0
912.6662669864108 497.1624700239805 -1 0 0
862.5303756994404 479.9730215827335 -1 0 0
871.3297362110311 448.4590327737807 -1 0 0
879.9244604316547 467.8994804156672 -1 0 0
975.6942446043165 475.0617505995201 -1 0 0
1013.7565947242206 443.75239808153447 -1 0 0
1014.5751398880896 465.44384492406044 -1 0 0
1018.0539568345323 425.53976818545135 -1 0 0
738.7254196642685 471.37829736211 -1 0 0
983.8796962430056 604.5708433253398 -1 0 0
973.6478816946442 582.0608513189449 -1 0 0
941.3153477218225 571.8290367705836 -1 0 0
873.1714628297361 555.6627697841727 -1 0 0
899.9788169464427 554.8442246203037 -1 0 0
846.5687450039968 565.4853117505995 -1 0 0
820.7845723421262 575.5124900079936 -1 0 0
803.390487609912 576.1263988808953 -1 0 0
832.6534772182254 592.7019384492406 -1 0 0
880.9476418864908 527.013689048761 -1 0 0
915.9404476418865 516.986510791367 -1 0 0
961.7789768185451 524.5580535571543 -1 0 0
942.5431654676258 501.8434252597922 -1 0 0
970.1690647482014 500.00169864108716 -1 0 0
1007.822142286171 481.5844324540368 -1 0 0
848.2058353317345 525.9905075939249 -1 0 0
836.3369304556354 506.7546962430056 -1 0 0
857.4144684252598 513.7123301358913 -1 0 0
807.8924860111911 557.0952238209433 -1 0 0
795.205035971223 615.4165667466027 -1 0 0
871.1250999200639 577.3542166266986 -1 0 0
890.5655475619504 581.8562150279777 -1 0 0
590.6710631494803 104.10221822541968 -1 0 0
579.4160671462829 89.57304156674661 -1 0 0
567.5471622701838 52.32923661071145 -1 0 0
538.4888089528376 45.78087529976021 -1 0 0
544.6278976818544 73.61141087130297 -1 0 0
523.7549960031973 68.08623101518786 -1 0 0
530.0987210231814 22.04306554756198 -1 0 0
569.3888888888888 5.467525979216646 -1 0 0
598.8565147881694 12.8344324540368 -1 0 0
592.3081534772182 31.660971223021594 -1 0 0
604.5863309352517 46.80405675459633 -1 0 0
621.5711430855315 27.158972821742623 -1 0 0
648.5831334932053 16.722521982414094 -1 0 0
659.0195843325339 38.823241406874516 -1 0 0
676.0043964828137 66.24450439648282 -1 0 0
689.919664268585 57.64978017585932 -1 0 0
625.663868904876 59.08223421262991 -1 0 0
621.5711430855315 79.13659072741808 -1 0 0
599.4704236610711 71.76968425259794 -1 0 0
689.1011191047162 87.1174060751399 -1 0 0
705.8812949640287 92.43794964028778 -1 0 0
731.8701039168664 102.66976418864908 -1 0 0
732.2793764988008 88.54986011191048 -1 0 0
663.7262190247801 115.9711231015188 -1 0 0
659.4288569144683 102.26049160671464 -1 0 0
628.5287769784172 103.89758193445245 -1 0 0
642.0347721822541 116.17575939248601 -1 0 0
648.5831334932053 136.23011590727418 -1 0 0
624.6406874500399 142.16456834532374 -1 0 0
609.2929656274979 105.9439448441247 -1 0 0
617.478417266187 124.15657474020784 -1 0 0
666.1818545163868 141.1413868904876 -1 0 0
695.8541167066346 8.741706634692264 -1 0 0
707.5183852917664 9.560251798561183 -1 0 0
714.8852917665866 23.884792166267005 -1 0 0
736.986011191047 36.98151478816948 -1 0 0
754.5847322142286 21.429156674660305 -1 0 0
747.2178257394083 49.464328537170275 -1 0 0
761.7470023980813 58.46832533972823 -1 0 0
756.6310951239008 92.642585931255 -1 0 0
648.1738609112708 198.802757793765 -1 0 0
648.5831334932052 166.87949640287775 -1 0 0
673.1394884092724 156.23840927258198 -1 0 0
663.5215827338127 178.54376498800963 -1 0 0
748.4456434852116 201.6676658673062 -1 0 0
877.468824940048 96.48461231015197 -1 0 0
909.187450039968 95.25679456434861 -1 0 0
873.5807354116706 42.46063149480426 -1 0 0
898.1370903277377 61.491806554756295 -1 0 0
831.425659472422 78.06734612310161 -1 0 0
799.707034372502 55.96662669864119 -1 0 0
821.1938449240607 77.0441646682655 -1 0 0
933.7438049560351 44.711630695443745 -1 0 0
954.2074340527578 51.055355715427766 -1 0 0
917.3729016786571 61.082533972821835 -1 0 0
939.4736211031175 75.40707434052769 -1 0 0
964.4392486011191 78.6812549960033 -1 0 0
976.9220623501199 65.37989608313359 -1 0 0
946.8405275779376 95.46143085531584 -1 0 0
961.7789768185451 104.67006394884102 -1 0 0
956.6630695443645 137.82114308553167 -1 0 0
963.4160671462829 157.87549960031984 -1 0 0
986.7446043165467 147.23441247002407 -1 0 0
1006.7989608313349 134.9562350119905 -1 0 0
998.8181454836131 122.67805755395692 -1 0 0
1002.0923261390888 163.1960431654677 -1 0 0
985.9260591526778 90.75479616306964 -1 0 0
1015.5983213429256 103.03297362110321 -1 0 0
1004.3433253397282 70.49580335731424 -1 0 0
993.4976019184652 58.626898481215136 -1 0 0
1017.2354116706634 46.75799360511601 -1 0 0
991.6558752997602 21.429156674660305 -1 0 0
831.6302957633893 19.792066346922468 -1 0 0
791.3169464428457 24.294064748201464 -1 0 0
867.4416466826539 8.537070343725048 -1 0 0
961.5743405275779 338.47721822541985 -1 0 0
996.5671462829736 339.7050359712232 -1 0 0
940.7014388489208 314.53477218225436 -1 0 0
1021.1235011990407 323.74340527577954 -1 0 0
1022.7605915267785 346.4580335731416 -1 0 0
41.32494004796161 508.8471223021584 -1 0 0
119.70063948840925 213.853717026379 -1 0 0
269.5967226219025 504.34512390087934 -1 0 0
311.1378896882494 4.705235811351031 -1 0 0
372.32414068745004 520.9206634692247 -1 0 0
376.62150279776176 510.07494004796166 -1 0 0
380.10031974420474 592.4973021582734 -1 0 0
346.7446043165468 538.0640487609912 -1 0 0
441.69584332533975 6.081434852118321 -1 0 0
482.41846522781776 4.648980815347755 -1 0 0
498.9940047961631 17.745703437250228 -1 0 0
484.46482813749003 23.066247002398086 -1 0 0
500.2218225419664 65.83523181454838 -1 0 0
830.3001598721023 539.8495203836931 -1 0 0
913.3824940047962 342.1708633093526 -1 0 0
976.4104716227018 320.98081534772194 -1 0 0
720.4104716227018 7.160871302957729 -1 0 0
851.1730615507594 13.299960031974535 -1 0 0
756.9915084915085 295.60939060939063 -1 0 0
417.3631368631369 207.6333666333667 -1 0 0
978.9775224775225 128.8641358641359 -1 0 0
643.4410589410589 96.12887112887118 -1 0 0
3.057442557442556 27.58941058941059 -1 0 0
229.13536463536465 514.5264735264735 -1 0 0
251.64085914085913 518.6183816183817 -1 0 0
319.1573426573426 202.51848151848156 -1 0 0
