27.53703703703701 330.07407407407413 -1 0 0
34.27777777777775 297.81481481481484 -1 0 0
13.092592592592554 280.4814814814815 -1 0 0
76.16666666666666 354.14814814814815 -1 0 0
69.90740740740738 336.81481481481484 -1 0 0
57.388888888888864 314.1851851851852 -1 0 0
88.20370370370368 307.9259259259259 -1 0 0
90.1296296296296 288.6666666666667 -1 0 0
70.87037037037034 268.9259259259259 -1 0 0
59.796296296296255 255.44444444444449 -1 0 0
100.24074074074072 260.25925925925924 -1 0 0
134.9074074074074 360.8888888888889 -1 0 0
154.64814814814815 335.8518518518519 -1 0 0
150.31481481481478 310.81481481481484 -1 0 0
150.7962962962963 278.0740740740741 -1 0 0
154.16666666666663 252.07407407407408 -1 0 0
190.27777777777777 266.51851851851853 -1 0 0
229.75925925925924 297.33333333333337 -1 0 0
210.01851851851848 314.1851851851852 -1 0 0
217.7222222222222 352.22222222222223 -1 0 0
277.4259259259259 330.5555555555556 -1 0 0
303.90740740740745 328.14814814814815 -1 0 0
341.462962962963 345.4814814814815 -1 0 0
328.462962962963 304.0740740740741 -1 0 0
379.98148148148147 327.1851851851852 -1 0 0
403.09259259259255 320.9259259259259 -1 0 0
386.2407407407407 305.03703703703707 -1 0 0
416.574074074074 297.81481481481484 -1 0 0
445.9444444444444 345.4814814814815 -1 0 0
470.01851851851853 280.962962962963 -1 0 0
499.8703703703704 278.5555555555556 -1 0 0
506.1296296296296 346.44444444444446 -1 0 0
444.01851851851853 319.962962962963 -1 0 0
394.9074074074074 255.44444444444449 -1 0 0
372.27777777777777 279.03703703703707 -1 0 0
354.462962962963 280.0 -1 0 0
350.61111111111114 255.9259259259259 -1 0 0
370.8333333333333 255.9259259259259 -1 0 0
387.20370370370364 242.44444444444443 -1 0 0
429.09259259259255 223.1851851851852 -1 0 0
453.6481481481481 224.62962962962965 -1 0 0
465.68518518518516 234.74074074074076 -1 0 0
503.2407407407407 206.33333333333334 -1 0 0
258.1666666666667 282.8888888888889 -1 0 0
244.68518518518516 254.96296296296296 -1 0 0
226.38888888888886 259.7777777777778 -1 0 0
227.35185185185185 277.5925925925926 -1 0 0
31.59259259259257 51.89814814814815 -1 0 0
53.499999999999986 60.083333333333364 -1 0 0
66.0185185185185 65.86111111111114 -1 0 0
36.16666666666666 81.0277777777778 -1 0 0
61.68518518518516 95.95370370370372 -1 0 0
91.05555555555554 52.62037037037038 -1 0 0
115.61111111111109 60.564814814814845 -1 0 0
109.83333333333331 82.2314814814815 -1 0 0
92.98148148148147 102.69444444444446 -1 0 0
27.01851851851852 135.19444444444446 -1 0 0
18.111111111111114 172.50925925925924 -1 0 0
50.85185185185185 192.49074074074073 -1 0 0
50.6111111111111 136.63888888888889 -1 0 0
131.01851851851848 156.13888888888889 -1 0 0
130.77777777777774 136.39814814814815 -1 0 0
146.66666666666663 114.00925925925928 -1 0 0
158.22222222222217 111.60185185185186 -1 0 0
149.31481481481478 94.50925925925927 -1 0 0
156.05555555555551 52.62037037037038 -1 0 0
136.55555555555551 50.453703703703724 -1 0 0
175.79629629629625 56.23148148148149 -1 0 0
159.9444444444444 67.30555555555557 -1 0 0
200.8703703703703 38.416666666666714 -1 0 0
222.77777777777771 43.47222222222226 -1 0 0
246.61111111111103 37.45370370370375 -1 0 0
209.77777777777771 70.19444444444447 -1 0 0
191.9629629629629 73.3240740740741 -1 0 0
204.9629629629629 92.10185185185188 -1 0 0
189.79629629629625 99.56481481481485 -1 0 0
202.79629629629625 112.56481481481482 -1 0 0
178.48148148148144 127.49074074074075 -1 0 0
190.99999999999994 155.89814814814815 -1 0 0
169.81481481481475 151.32407407407408 -1 0 0
173.42592592592587 169.13888888888889 -1 0 0
224.9444444444444 125.44444444444446 -1 0 0
224.9444444444444 116.2962962962963 -1 0 0
237.94444444444437 116.77777777777776 -1 0 0
252.87037037037032 108.11111111111114 -1 0 0
269.2407407407407 82.59259259259261 -1 0 0
220.6111111111111 80.66666666666669 -1 0 0
282.2407407407407 68.14814814814815 -1 0 0
311.61111111111114 69.11111111111114 -1 0 0
341.9444444444444 69.59259259259261 -1 0 0
357.8333333333333 70.07407407407408 -1 0 0
376.61111111111103 69.59259259259261 -1 0 0
301.50000000000006 94.62962962962962 -1 0 0
314.98148148148147 109.07407407407408 -1 0 0
315.9444444444444 98.96296296296299 -1 0 0
272.1296296296296 125.44444444444446 -1 0 0
278.8703703703703 142.7777777777778 -1 0 0
269.2407407407407 151.92592592592595 -1 0 0
305.83333333333326 124.96296296296299 -1 0 0
313.537037037037 142.7777777777778 -1 0 0
256.72222222222223 167.81481481481484 -1 0 0
248.05555555555554 145.18518518518522 -1 0 0
217.7222222222222 164.44444444444449 -1 0 0
220.6111111111111 141.33333333333334 -1 0 0
145.98148148148147 151.44444444444449 -1 0 0
171.5 186.5925925925926 -1 0 0
148.87037037037035 212.11111111111111 -1 0 0
86.75925925925922 200.07407407407413 -1 0 0
125.75925925925924 208.74074074074076 -1 0 0
75.20370370370368 200.07407407407413 -1 0 0
58.35185185185183 148.55555555555557 -1 0 0
71.35185185185183 147.11111111111114 -1 0 0
19.351851851851823 107.62962962962963 -1 0 0
3.9444444444444007 77.2962962962963 -1 0 0
3.9444444444444007 90.77777777777777 -1 0 0
81.94444444444441 74.88888888888891 -1 0 0
247.57407407407408 177.44444444444449 -1 0 0
248.537037037037 195.25925925925927 -1 0 0
203.75925925925924 210.1851851851852 -1 0 0
206.16666666666663 228.96296296296302 -1 0 0
204.72222222222223 249.18518518518516 -1 0 0
378.537037037037 363.77777777777777 -1 0 0
496.49999999999994 181.29629629629633 -1 0 0
467.1296296296296 175.03703703703707 -1 0 0
482.537037037037 152.8888888888889 -1 0 0
496.98148148148147 144.22222222222226 -1 0 0
504.2037037037036 125.44444444444446 -1 0 0
479.6481481481481 142.7777777777778 -1 0 0
492.6481481481481 121.11111111111114 -1 0 0
484.4629629629629 91.2592592592593 -1 0 0
493.61111111111103 68.14814814814815 -1 0 0
501.3148148148147 70.55555555555554 -1 0 0
470.5 69.59259259259261 -1 0 0
458.4629629629629 76.81481481481484 -1 0 0
430.0555555555555 78.74074074074076 -1 0 0
435.8333333333333 112.92592592592592 -1 0 0
404.537037037037 127.85185185185183 -1 0 0
400.20370370370364 149.51851851851856 -1 0 0
388.6481481481481 161.55555555555557 -1 0 0
418.98148148148147 156.25925925925927 -1 0 0
423.31481481481484 168.29629629629633 -1 0 0
401.1666666666667 185.62962962962965 -1 0 0
380.9444444444444 117.74074074074076 -1 0 0
390.5740740740741 101.85185185185185 -1 0 0
340.01851851851853 111.0 -1 0 0
329.4259259259259 104.25925925925931 -1 0 0
349.1666666666667 137.962962962963 -1 0 0
355.9074074074075 151.44444444444449 -1 0 0
372.7592592592592 159.14814814814818 -1 0 0
364.5740740740741 174.55555555555557 -1 0 0
368.90740740740733 202.00000000000003 -1 0 0
389.61111111111103 226.07407407407408 -1 0 0
320.75925925925924 272.77777777777777 -1 0 0
308.72222222222223 256.8888888888889 -1 0 0
287.537037037037 251.59259259259258 -1 0 0
314.50000000000006 203.92592592592595 -1 0 0
328.9444444444444 181.7777777777778 -1 0 0
320.27777777777777 173.11111111111114 -1 0 0
288.50000000000006 153.85185185185188 -1 0 0
238.9074074074074 215.4814814814815 -1 0 0
23.685185185185137 207.7777777777778 -1 0 0
5.388888888888858 146.14814814814818 -1 0 0
119.01851851851846 70.55555555555554 -1 0 0
140.68518518518516 87.40740740740745 -1 0 0
351.5740740740741 235.70370370370375 -1 0 0
541.4340659340658 313.6318681318681 -1 0 0
517.8076923076922 153.74175824175825 -1 0 0
534.8406593406592 146.04945054945057 -1 0 0
530.4450549450548 116.92857142857144 -1 0 0
514.5109890109889 94.40109890109892 -1 0 0
517.8076923076922 38.35714285714289 -1 0 0
481.5439560439559 50.99450549450552 -1 0 0
455.1703296703295 31.76373626373629 -1 0 0
446.37912087912076 64.73076923076928 -1 0 0
407.9175824175823 64.18131868131871 -1 0 0
372.2032967032966 30.115384615384695 -1 0 0
322.75274725274716 41.10439560439568 -1 0 0
368.3571428571428 24.62087912087918 -1 0 0
352.97252747252736 26.818681318681403 -1 0 0
306.2692307692307 60.88461538461541 -1 0 0
301.8736263736263 42.20329670329676 -1 0 0
278.2472527472527 42.75274725274733 -1 0 0
298.576923076923 34.51098901098908 -1 0 0
271.6538461538461 25.17032967032975 -1 0 0
196.92857142857142 26.26923076923083 -1 0 0
163.41208791208788 30.115384615384695 -1 0 0
60.11538461538461 29.01648351648356 -1 0 0
48.027472527472526 27.917582417582476 -1 0 0
76.04945054945054 24.62087912087918 -1 0 0
92.53296703296704 25.17032967032975 -1 0 0
116.70879120879118 25.17032967032975 -1 0 0
141.43406593406593 25.17032967032975 -1 0 0
15.06043956043959 25.17032967032975 -1 0 0
425.49999999999994 133.96153846153845 -1 0 0
209.56593406593402 190.55494505494505 -1 0 0
300.22527472527463 191.65384615384616 -1 0 0
450.2252747252746 119.12637362637366 -1 0 0
543.0824175824175 233.4120879120879 -1 0 0
62.3131868131868 13.082417582417634 -1 0 0
101.87362637362637 10.884615384615472 -1 0 0
82.64285714285714 8.686813186813254 -1 0 0
120.55494505494505 4.8406593406594425 -1 0 0
136.48901098901098 13.082417582417634 -1 0 0
170.55494505494502 8.137362637362685 -1 0 0
178.79670329670324 16.9285714285715 -1 0 0
201.87362637362634 8.137362637362685 -1 0 0
227.69780219780216 16.379120879120933 -1 0 0
241.43406593406587 16.9285714285715 -1 0 0
266.1593406593406 7.587912087912173 -1 0 0
282.09340659340654 6.489010989011035 -1 0 0
285.93956043956035 16.379120879120933 -1 0 0
298.0274725274725 5.3901098901099544 -1 0 0
306.81868131868123 6.489010989011035 -1 0 0
328.79670329670324 18.027472527472582 -1 0 0
341.9835164835164 18.57692307692315 -1 0 0
319.45604395604386 4.291208791208874 -1 0 0
390.8846153846153 14.181318681318771 -1 0 0
372.75274725274716 16.379120879120933 -1 0 0
418.3571428571427 9.785714285714334 -1 0 0
464.5109890109889 15.82967032967042 -1 0 0
480.99450549450535 10.884615384615472 -1 0 0
394.7307692307691 277.9175824175824 -1 0 0
