116.53153745072268 728.4894875164257 -1 0 0
30.329172141918665 681.183311432326 -1 0 0
21.91918528252319 592.878449408673 -1 0 0
66.07161629434974 582.3659658344285 -1 0 0
77.63534822601856 519.291064388962 -1 0 0
178.55519053876495 567.6484888304864 -1 0 0
115.48028909329847 453.0624178712222 -1 0 0
71.32785808147197 449.9086727989488 -1 0 0
94.45532194480963 416.2687253613668 -1 0 0
39.79040735873867 405.7562417871224 -1 0 0
10.355453350854306 430.98620236530894 -1 0 0
11.406701708278774 371.06504599211576 -1 0 0
52.405387647831965 353.1938239159003 -1 0 0
69.22536136662303 279.6064388961894 -1 0 0
30.329172141918665 271.19645203679386 -1 0 0
61.866622864651966 243.86399474375833 -1 0 0
20.86793692509872 197.6090670170829 -1 0 0
45.046649145860904 184.9940867279896 -1 0 0
77.63534822601856 136.63666228646537 -1 0 0
102.86530880420516 239.6590013140606 -1 0 0
77.63534822601856 227.04402102496726 -1 0 0
144.91524310118282 239.6590013140606 -1 0 0
149.1202365308806 294.32391590013157 -1 0 0
172.24770039421838 361.6038107752958 -1 0 0
152.27398160315389 403.65374507227347 -1 0 0
160.68396846254942 444.65243101182665 -1 0 0
241.63009198423143 610.7496714848885 -1 0 0
304.70499342969794 563.4434954007886 -1 0 0
371.9848883048621 561.3409986859397 -1 0 0
350.95992115637335 489.8561103810776 -1 0 0
289.9875164257558 504.57358738501983 -1 0 0
307.85873850197123 444.65243101182665 -1 0 0
230.0663600525626 403.65374507227347 -1 0 0
220.60512483574263 355.29632063074916 -1 0 0
181.70893561103827 310.09264126149816 -1 0 0
177.50394218134048 274.35019710906715 -1 0 0
157.53022339027615 248.0689881734561 -1 0 0
173.2989487516427 243.86399474375833 -1 0 0
183.81143232588718 230.19776609724056 -1 0 0
161.73521681997386 206.01905387647844 -1 0 0
233.2201051248359 239.6590013140606 -1 0 0
209.04139290407377 265.9402102496716 -1 0 0
256.34756898817363 303.7851511169515 -1 0 0
234.27135348226037 320.6051248357426 -1 0 0
297.3462549277269 322.70762155059145 -1 0 0
274.2187910643891 305.8876478318004 -1 0 0
295.24375821287794 272.2477003942182 -1 0 0
279.47503285151134 260.6839684625494 -1 0 0
265.8088042049936 255.42772667542715 -1 0 0
175.40144546649165 192.35282522996067 -1 0 0
133.351511169514 206.01905387647844 -1 0 0
111.27529566360069 126.1241787122209 -1 0 0
282.62877792378464 162.91787122207631 -1 0 0
273.16754270696475 147.14914586070972 -1 0 0
334.1399474375823 348.9888304862025 -1 0 0
209.04139290407377 474.087385019711 -1 0 0
393.009855453351 434.13994743758224 -1 0 0
414.03482260183983 365.8088042049936 -1 0 0
380.39487516425766 348.9888304862025 -1 0 0
371.9848883048621 325.8613666228648 -1 0 0
350.95992115637335 313.2463863337715 -1 0 0
335.19119579500676 311.1438896189226 -1 0 0
332.03745072273347 289.06767411300933 -1 0 0
345.7036793692511 275.4014454664915 -1 0 0
350.95992115637335 260.6839684625494 -1 0 0
367.7798948751644 285.913929040736 -1 0 0
383.548620236531 281.7089356110382 -1 0 0
395.11235216819995 259.6327201051249 -1 0 0
406.67608409986883 254.3764783180028 -1 0 0
414.03482260183983 265.9402102496716 -1 0 0
415.08607095926425 289.06767411300933 -1 0 0
399.3173455978977 289.06767411300933 -1 0 0
479.21222076215525 412.063731931669 -1 0 0
518.1084099868596 330.0663600525626 -1 0 0
471.8534822601841 330.0663600525626 -1 0 0
492.8784494086729 303.7851511169515 -1 0 0
519.159658344284 296.42641261498045 -1 0 0
144.91524310118282 161.86662286465196 -1 0 0
203.78515111695154 140.84165571616302 -1 0 0
193.27266754270718 148.2003942181342 -1 0 0
233.2201051248359 136.63666228646537 -1 0 0
334.1399474375823 138.7391590013142 -1 0 0
369.88239159001336 20.999342969776762 -1 0 0
339.39618922470453 16.794349540078997 -1 0 0
402.471090670171 193.40407358738514 -1 0 0
388.80486202365324 192.35282522996067 -1 0 0
418.2398160315376 247.0177398160316 -1 0 0
435.0597897503286 253.3252299605782 -1 0 0
450.82851511169525 265.9402102496716 -1 0 0
451.8797634691197 247.0177398160316 -1 0 0
471.8534822601841 245.9664914586073 -1 0 0
466.59724047306196 262.7864651773983 -1 0 0
478.1609724047307 261.73521681997374 -1 0 0
468.6997371879108 277.50394218134045 -1 0 0
447.67477003942196 300.6314060446782 -1 0 0
477.1097240473063 291.1701708278582 -1 0 0
489.72470433639967 279.6064388961894 -1 0 0
506.5446780551906 273.2989487516427 -1 0 0
499.1859395532196 262.7864651773983 -1 0 0
491.82720105124855 259.6327201051249 -1 0 0
486.5709592641263 248.0689881734561 -1 0 0
460.28975032851525 201.81406044678067 -1 0 0
443.46977660972414 187.09658344283855 -1 0 0
425.59855453350866 193.40407358738514 -1 0 0
429.4750328515113 275.6642575558476 -1 0 0
374.8101182654402 130.06636005256246 -1 0 0
398.46320630749017 155.29632063074902 -1 0 0
417.91130091984235 163.18068331143235 -1 0 0
423.69316688567676 147.93758212877793 -1 0 0
443.14126149802894 158.97568988173458 -1 0 0
458.90998685939564 165.80880420499344 -1 0 0
466.2687253613667 162.6550591327201 -1 0 0
465.7431011826544 178.94940867279897 -1 0 0
474.15308804204994 181.57752956636006 -1 0 0
479.4093298291722 155.29632063074902 -1 0 0
466.7943495400789 152.1425755584757 -1 0 0
467.3199737187912 122.70762155059136 -1 0 0
427.8981603153745 128.48948751642575 -1 0 0
484.13994743758224 228.35808147174774 -1 0 0
467.84559789750335 217.31997371879106 -1 0 0
507.2674113009199 219.42247043363997 -1 0 0
495.1780551905389 212.58935611038112 -1 0 0
502.53679369250995 206.28186596583444 -1 0 0
509.895532194481 193.1412614980289 -1 0 0
508.84428383705654 182.1031537450723 -1 0 0
497.8061760840999 185.78252299605782 -1 0 0
505.16491458607106 157.92444152431014 -1 0 0
533.548620236531 185.25689881734561 -1 0 0
520.4080157687255 208.3843626806833 -1 0 0
531.446123521682 223.62746386333774 -1 0 0
515.6773981603154 223.10183968462553 -1 0 0
510.4211563731932 239.9218134034166 -1 0 0
514.1005256241788 255.16491458607098 -1 0 0
563.5091984231275 284.07424441524313 -1 0 0
555.6248357424442 262.52365308804207 -1 0 0
536.7023653088042 254.63929040735877 -1 0 0
539.8561103810775 244.12680683311436 -1 0 0
555.6248357424442 237.81931668856768 -1 0 0
556.1504599211564 250.434296977661 -1 0 0
567.7141918528253 239.39618922470436 -1 0 0
566.6629434954009 230.4605781865966 -1 0 0
575.0729303547964 225.20433639947439 -1 0 0
571.3935611038108 208.9099868593955 -1 0 0
559.3042049934297 208.9099868593955 -1 0 0
545.1123521681998 206.28186596583444 -1 0 0
545.1123521681998 188.41064388961894 -1 0 0
560.8810775295664 187.8850197109067 -1 0 0
568.2398160315375 200.5 -1 0 0
577.7010512483575 194.19250985545335 -1 0 0
582.9572930354798 197.8718791064389 -1 0 0
582.9572930354798 209.43561103810777 -1 0 0
589.2647831800264 204.70499342969777 -1 0 0
592.4185282522997 193.66688567674115 -1 0 0
590.3160315374508 273.0361366622865 -1 0 0
574.021681997372 266.72864651773983 -1 0 0
582.4316688567675 248.3318002628121 -1 0 0
530.3948751642577 266.2030223390276 -1 0 0
540.184625492773 387.8850197109068 -1 0 0
559.1070959264127 323.75886990801587 -1 0 0
588.5420499342972 300.63140604467816 -1 0 0
551.9454664914587 174.7444152431012 -1 0 0
525.1386333771354 174.7444152431012 -1 0 0
534.5998685939554 178.42378449408673 -1 0 0
544.5867279894876 175.2700394218134 -1 0 0
551.4198423127465 165.80880420499344 -1 0 0
540.907358738502 164.2319316688568 -1 0 0
556.1504599211564 162.1294349540079 -1 0 0
556.6760840998686 155.29632063074902 -1 0 0
558.7785808147175 146.8863337713535 -1 0 0
561.9323258869908 156.34756898817346 -1 0 0
568.2398160315375 176.32128777923785 -1 0 0
564.0348226018398 167.3856767411301 -1 0 0
586.6366622864653 186.83377135348226 -1 0 0
589.2647831800264 180.52628120893561 -1 0 0
579.2779237844942 180.0006570302234 -1 0 0
582.9572930354798 171.59067017082788 -1 0 0
587.6879106438897 165.28318002628123 -1 0 0
507.7930354796322 148.98883048620237 -1 0 0
502.53679369250995 134.7969776609724 -1 0 0
422.6419185282524 96.95203679369251 -1 0 0
433.68002628120905 101.15703022339028 -1 0 0
448.3975032851512 127.96386333771352 -1 0 0
460.4868593955323 107.99014454664916 -1 0 0
454.1793692509856 96.95203679369251 -1 0 0
484.13994743758224 94.84954007884363 -1 0 0
478.3580814717477 100.63140604467804 -1 0 0
472.0505913272011 91.1701708278581 -1 0 0
464.69185282523006 79.08081471747698 -1 0 0
435.7825229960579 61.20959264126151 -1 0 0
540.907358738502 141.10446780551905 -1 0 0
547.2148488830487 146.36070959264126 -1 0 0
401.4198423127466 144.2582128777924 -1 0 0
409.30420499342995 128.48948751642575 -1 0 0
399.31734559789777 115.87450722733247 -1 0 0
410.8810775295666 109.56701708278581 -1 0 0
406.67608409986883 83.81143232588698 -1 0 0
401.4198423127466 82.23455978975034 -1 0 0
408.2529566360055 75.92706964520369 -1 0 0
421.39356110381107 67.51708278580816 -1 0 0
286.83377135348246 143.73258869908017 -1 0 0
