131.1221258741258 464.52363636363646 -1 0 0
151.0579020979022 333.6951048951048 -1 0 0
63.83888111888108 302.5454545454545 -1 0 0
33.935216783216724 205.3585454545453 -1 0 0
107.44839160839159 212.8344615384614 -1 0 0
31.443244755244724 166.7329790209789 -1 0 0
23.96732867132863 138.0753006993005 -1 0 0
30.19725874125868 55.84022377622359 -1 0 0
5.277538461538408 43.380363636363406 -1 0 0
142.33600000000004 177.94685314685304 -1 0 0
177.2236083916084 165.48699300699286 -1 0 0
203.3893146853147 197.88262937062922 -1 0 0
192.17544055944057 226.5403076923076 -1 0 0
254.4747412587413 227.78629370629358 -1 0 0
308.05213986013996 310.02137062937055 -1 0 0
342.93974825174837 395.9944055944055 -1 0 0
387.7952447552449 457.0477202797203 -1 0 0
367.8594685314687 384.7805314685314 -1 0 0
415.20693706293713 387.2725034965034 -1 0 0
499.9339860139862 425.8980699300699 -1 0 0
532.3296223776224 346.15496503496496 -1 0 0
440.1266573426575 307.5293986013985 -1 0 0
380.3193286713288 277.62573426573414 -1 0 0
346.67770629370636 273.8877762237761 -1 0 0
296.8382657342659 220.31037762237747 -1 0 0
258.21269930069934 187.91474125874112 -1 0 0
271.91854545454555 159.2570629370628 -1 0 0
250.73678321678327 159.2570629370628 -1 0 0
154.79586013986022 2.2628251748249975 -1 0 0
315.52805594405606 8.492755244755044 -1 0 0
330.4798881118882 78.26797202797185 -1 0 0
379.07334265734283 91.97381818181799 -1 0 0
370.3514405594406 160.50304895104875 -1 0 0
341.69376223776237 179.192839160839 -1 0 0
330.4798881118882 181.68481118881107 -1 0 0
418.9448951048952 212.8344615384614 -1 0 0
374.0893986013987 210.3424895104894 -1 0 0
443.86461538461555 160.50304895104875 -1 0 0
615.8106853146854 386.0265174825175 -1 0 0
588.3989930069932 334.94109090909086 -1 0 0
553.5113846153847 246.4760839160838 -1 0 0
483.73616783216795 196.63664335664325 -1 0 0
497.44201398601416 156.76509090909073 -1 0 0
513.6398321678323 165.48699300699286 -1 0 0
507.4099020979023 67.05409790209772 -1 0 0
538.5595524475526 128.1074125874124 -1 0 0
548.5274405594408 194.14467132867117 -1 0 0
600.8588531468533 185.42276923076912 -1 0 0
579.677090909091 166.7329790209789 -1 0 0
622.0406153846156 162.99502097902086 -1 0 0
648.206321678322 133.09135664335648 -1 0 0
568.463216783217 79.5139580419579 -1 0 0
629.5165314685316 67.05409790209772 -1 0 0
597.1208951048951 4.754797202796998 -1 0 0
650.698293706294 4.754797202796998 -1 0 0
684.3399160839164 30.920503496503315 -1 0 0
683.0939300699303 83.25191608391594 -1 0 0
737.9173146853151 103.18769230769213 -1 0 0
691.8158321678325 167.97896503496486 -1 0 0
715.4895664335668 205.3585454545453 -1 0 0
699.2917482517485 206.60453146853135 -1 0 0
690.5698461538462 231.52425174825163 -1 0 0
719.2275244755247 252.70601398601394 -1 0 0
696.7997762237765 373.56665734265727 -1 0 0
757.8530909090911 329.95714685314675 -1 0 0
776.5428811188814 439.60391608391603 -1 0 0
786.5107692307696 400.9783496503496 -1 0 0
842.5801398601401 504.39518881118886 -1 0 0
972.1626853146857 525.5769510489511 -1 0 0
892.4195804195808 420.9141258741258 -1 0 0
841.3341538461541 376.0586293706293 -1 0 0
852.5480279720283 341.1710209790209 -1 0 0
896.1575384615388 315.00531468531454 -1 0 0
845.0721118881122 240.24615384615367 -1 0 0
791.4947132867136 281.3636923076922 -1 0 0
761.5910489510492 255.19798601398585 -1 0 0
782.7728111888115 235.26220979020965 -1 0 0
755.3611188811192 192.89868531468522 -1 0 0
764.0830209790213 153.02713286713268 -1 0 0
805.2005594405599 175.45488111888093 -1 0 0
800.2166153846156 13.476699300699133 -1 0 0
749.1311888111892 14.722685314685089 -1 0 0
979.6386013986018 399.7323636363636 -1 0 0
952.2269090909095 389.7644755244755 -1 0 0
1018.2641678321683 292.5775664335663 -1 0 0
923.5692307692311 307.5293986013985 -1 0 0
929.7991608391612 277.62573426573414 -1 0 0
944.7509930069934 253.95199999999988 -1 0 0
869.9918321678325 230.27826573426566 -1 0 0
904.8794405594409 226.5403076923076 -1 0 0
958.4568391608395 215.32643356643348 -1 0 0
914.8473286713291 189.16072727272717 -1 0 0
953.4728951048955 180.43882517482504 -1 0 0
908.6173986013989 94.46579020979009 -1 0 0
838.8421818181821 79.5139580419579 -1 0 0
987.1145174825178 96.95776223776208 -1 0 0
945.9969790209794 25.936559440559225 -1 0 0
964.6867692307696 18.460643356643132 -1 0 0
430.15876923076934 267.6578461538461 -1 0 0
758.9313086913087 67.34257742257726 -1 0 0
1014.6755644355646 261.70821178821166 -1 0 0
0.9053346653346223 100.07784215784201 -1 0 0
