7.845679012345698 409.18148148148146 -1 0 0
29.416049382716054 411.7493827160494 -1 0 0
53.04074074074073 413.8037037037037 -1 0 0
68.19135802469134 410.46543209876546 -1 0 0
90.5320987654321 413.2901234567902 -1 0 0
116.98148148148147 412.51975308641977 -1 0 0
145.74197530864197 412.51975308641977 -1 0 0
168.0827160493827 412.51975308641977 -1 0 0
132.64567901234565 404.5592592592593 -1 0 0
104.65555555555554 398.13950617283956 -1 0 0
80.0037037037037 399.93703703703704 -1 0 0
15.54938271604938 397.6259259259259 -1 0 0
34.295061728395055 403.27530864197536 -1 0 0
26.334567901234564 383.50246913580247 -1 0 0
5.534567901234567 381.96172839506175 -1 0 0
5.277777777777786 367.8382716049383 -1 0 0
22.22592592592592 369.37901234567903 -1 0 0
41.74197530864197 384.01604938271606 -1 0 0
25.820987654320987 360.3913580246914 -1 0 0
10.92716049382716 358.08024691358025 -1 0 0
37.89012345679012 359.620987654321 -1 0 0
38.660493827160494 349.3493827160494 -1 0 0
24.79382716049382 343.4432098765432 -1 0 0
15.54938271604938 343.70000000000005 -1 0 0
3.2234567901234645 345.49753086419753 -1 0 0
56.12222222222222 355.7691358024692 -1 0 0
66.13703703703703 360.64814814814815 -1 0 0
42.769135802469144 342.67283950617286 -1 0 0
32.49753086419753 338.3074074074074 -1 0 0
32.49753086419753 329.3197530864198 -1 0 0
18.63086419753087 331.3740740740741 -1 0 0
5.7913580246913625 329.062962962963 -1 0 0
11.440740740740736 321.87283950617285 -1 0 0
24.02345679012346 324.44074074074075 -1 0 0
20.68518518518519 317.5074074074074 -1 0 0
2.709876543209873 315.4530864197531 -1 0 0
14.522222222222226 310.57407407407413 -1 0 0
31.470370370370375 316.9938271604939 -1 0 0
31.21358024691358 309.03333333333336 -1 0 0
22.739506172839512 308.7765432098766 -1 0 0
16.83333333333333 301.84320987654326 -1 0 0
8.616049382716056 302.87037037037044 -1 0 0
1.1691358024691425 303.1271604938272 -1 0 0
6.304938271604939 298.2481481481482 -1 0 0
1.6827160493827193 295.6802469135803 -1 0 0
17.090123456790124 293.88271604938274 -1 0 0
9.386419753086415 289.26049382716053 -1 0 0
23.25308641975309 298.76172839506177 -1 0 0
27.618518518518513 302.1 -1 0 0
38.4037037037037 295.93703703703704 -1 0 0
38.917283950617275 287.2061728395062 -1 0 0
54.838271604938264 286.17901234567904 -1 0 0
51.75679012345678 294.13950617283956 -1 0 0
44.56666666666667 300.8160493827161 -1 0 0
40.9716049382716 306.46543209876546 -1 0 0
53.81111111111111 303.89753086419756 -1 0 0
45.85061728395061 311.3444444444445 -1 0 0
41.48518518518519 315.70987654320993 -1 0 0
41.48518518518519 327.2654320987655 -1 0 0
52.01358024691357 317.25061728395065 -1 0 0
50.216049382716044 326.2382716049383 -1 0 0
53.55432098765432 333.42839506172845 -1 0 0
61.25802469135803 325.46790123456793 -1 0 0
62.79876543209875 314.425925925926 -1 0 0
64.33950617283949 309.03333333333336 -1 0 0
66.13703703703703 299.27530864197536 -1 0 0
70.75925925925924 309.8037037037037 -1 0 0
78.71975308641976 307.49259259259264 -1 0 0
69.98888888888888 320.8456790123457 -1 0 0
71.78641975308642 332.40123456790127 -1 0 0
81.03086419753086 326.2382716049383 -1 0 0
80.77407407407406 341.6456790123457 -1 0 0
72.81358024691357 351.6604938271605 -1 0 0
57.149382716049374 343.70000000000005 -1 0 0
65.62345679012344 336.5098765432099 -1 0 0
64.85308641975308 380.1641975308642 -1 0 0
47.64814814814814 370.4061728395062 -1 0 0
77.17901234567901 371.17654320987657 -1 0 0
96.95185185185184 376.82592592592596 -1 0 0
87.9641975308642 364.7567901234568 -1 0 0
114.67037037037036 374.0012345679013 -1 0 0
101.57407407407408 362.1888888888889 -1 0 0
104.91234567901233 357.3098765432099 -1 0 0
93.1 357.8234567901235 -1 0 0
99.00617283950615 347.5518518518519 -1 0 0
102.85802469135803 337.53703703703707 -1 0 0
112.61604938271603 344.4703703703704 -1 0 0
107.99382716049382 332.40123456790127 -1 0 0
115.18395061728393 321.1024691358025 -1 0 0
98.74938271604938 319.30493827160495 -1 0 0
90.5320987654321 316.9938271604939 -1 0 0
87.4506172839506 311.8580246913581 -1 0 0
95.66790123456789 311.8580246913581 -1 0 0
106.96666666666664 312.8851851851852 -1 0 0
101.83086419753086 306.20864197530864 -1 0 0
93.35679012345679 305.43827160493834 -1 0 0
86.68024691358025 304.6679012345679 -1 0 0
81.03086419753086 299.27530864197536 -1 0 0
80.51728395061727 294.3962962962963 -1 0 0
93.61358024691356 292.0851851851852 -1 0 0
99.77654320987654 300.30246913580254 -1 0 0
115.69753086419752 294.13950617283956 -1 0 0
106.70987654320987 300.8160493827161 -1 0 0
111.0753086419753 303.89753086419756 -1 0 0
121.3469135802469 295.6802469135803 -1 0 0
116.21111111111111 309.03333333333336 -1 0 0
124.42839506172837 304.41111111111115 -1 0 0
133.67283950617283 303.1271604938272 -1 0 0
123.14444444444442 316.22345679012346 -1 0 0
131.8753086419753 314.16913580246916 -1 0 0
142.40370370370368 309.54691358024695 -1 0 0
141.8901234567901 302.1 -1 0 0
140.09259259259258 319.81851851851854 -1 0 0
125.71234567901234 329.3197530864198 -1 0 0
137.78148148148148 328.5493827160494 -1 0 0
121.09012345679011 337.53703703703707 -1 0 0
134.1864197530864 342.92962962962963 -1 0 0
124.94197530864196 351.146913580247 -1 0 0
133.41604938271604 352.94444444444446 -1 0 0
132.90246913580245 370.91975308641975 -1 0 0
144.97160493827158 366.81111111111113 -1 0 0
142.66049382716048 387.3543209876543 -1 0 0
161.14938271604936 392.74691358024694 -1 0 0
193.5049382716049 407.89753086419756 -1 0 0
172.19135802469134 401.220987654321 -1 0 0
155.75679012345677 381.704938271605 -1 0 0
170.3938271604938 371.9469135802469 -1 0 0
155.75679012345677 359.10740740740744 -1 0 0
162.94691358024693 353.97160493827164 -1 0 0
148.30987654320987 342.67283950617286 -1 0 0
160.1222222222222 339.3345679012346 -1 0 0
157.2975308641975 327.0086419753087 -1 0 0
151.13456790123456 322.1296296296297 -1 0 0
155.24320987654318 311.60123456790126 -1 0 0
153.95925925925923 304.41111111111115 -1 0 0
162.94691358024693 303.89753086419756 -1 0 0
171.93456790123457 303.89753086419756 -1 0 0
164.7444444444444 314.425925925926 -1 0 0
180.40864197530863 306.7222222222223 -1 0 0
181.69259259259258 312.62839506172844 -1 0 0
181.4358024691358 322.38641975308644 -1 0 0
173.98888888888888 327.2654320987655 -1 0 0
168.5962962962963 332.40123456790127 -1 0 0
180.66543209876542 336.2530864197531 -1 0 0
179.12469135802468 353.45802469135805 -1 0 0
169.36666666666665 348.32222222222225 -1 0 0
171.42098765432092 358.08024691358025 -1 0 0
180.66543209876542 362.9592592592593 -1 0 0
189.65308641975307 379.1370370370371 -1 0 0
207.3716049382716 405.3296296296296 -1 0 0
215.84567901234564 415.08765432098767 -1 0 0
231.25308641975303 411.7493827160494 -1 0 0
246.91728395061725 406.8703703703704 -1 0 0
251.53950617283945 395.57160493827166 -1 0 0
223.03580246913575 378.62345679012344 -1 0 0
203.7765432098765 379.1370370370371 -1 0 0
212.25061728395062 397.1123456790124 -1 0 0
223.03580246913575 396.8555555555556 -1 0 0
211.73703703703706 374.7716049382716 -1 0 0
204.2901234567901 366.0407407407408 -1 0 0
192.73456790123458 360.64814814814815 -1 0 0
215.58888888888887 360.3913580246914 -1 0 0
222.52222222222218 356.53950617283954 -1 0 0
226.63086419753083 363.72962962962964 -1 0 0
200.43827160493825 347.0382716049383 -1 0 0
215.84567901234564 342.1592592592593 -1 0 0
198.38395061728394 335.7395061728395 -1 0 0
190.93703703703702 342.4160493827161 -1 0 0
187.85555555555553 330.34691358024696 -1 0 0
196.5864197530864 322.38641975308644 -1 0 0
209.9395061728395 328.29259259259265 -1 0 0
217.64320987654318 328.8061728395062 -1 0 0
223.54938271604934 344.4703703703704 -1 0 0
232.53703703703698 343.18641975308645 -1 0 0
196.32962962962958 312.62839506172844 -1 0 0
196.32962962962958 305.95185185185187 -1 0 0
189.3962962962963 299.7888888888889 -1 0 0
210.45308641975308 300.0456790123457 -1 0 0
216.87283950617282 300.0456790123457 -1 0 0
229.1987654320987 300.30246913580254 -1 0 0
227.9148148148148 309.8037037037037 -1 0 0
219.1839506172839 309.8037037037037 -1 0 0
221.49506172839503 306.46543209876546 -1 0 0
209.9395061728395 312.3716049382716 -1 0 0
215.33209876543205 319.5617283950618 -1 0 0
224.8333333333333 320.5888888888889 -1 0 0
232.53703703703698 322.1296296296297 -1 0 0
234.59135802469135 311.3444444444445 -1 0 0
243.579012345679 317.25061728395065 -1 0 0
238.18641975308637 327.2654320987655 -1 0 0
243.579012345679 336.7666666666667 -1 0 0
251.02592592592595 325.2111111111111 -1 0 0
253.59382716049382 319.0481481481482 -1 0 0
249.74197530864197 317.76419753086424 -1 0 0
251.02592592592595 309.8037037037037 -1 0 0
263.35185185185185 319.0481481481482 -1 0 0
262.8382716049382 310.57407407407413 -1 0 0
253.337037037037 336.2530864197531 -1 0 0
267.46049382716046 332.1444444444445 -1 0 0
263.0950617283951 340.8753086419753 -1 0 0
256.1617283950617 350.37654320987656 -1 0 0
245.6333333333333 350.37654320987656 -1 0 0
241.01111111111106 361.41851851851857 -1 0 0
243.0654320987654 373.74444444444447 -1 0 0
253.59382716049382 363.98641975308647 -1 0 0
272.3395061728395 395.57160493827166 -1 0 0
268.7444444444444 374.5148148148148 -1 0 0
267.2037037037037 359.10740740740744 -1 0 0
271.3123456790123 346.0111111111111 -1 0 0
271.05555555555554 316.4802469135803 -1 0 0
271.3123456790123 309.8037037037037 -1 0 0
19.144444444444446 285.4086419753087 -1 0 0
25.30740740740741 275.1370370370371 -1 0 0
9.64320987654321 275.6506172839507 -1 0 0
164.48765432098764 235.84814814814823 -1 0 0
179.12469135802468 236.3617283950618 -1 0 0
195.04567901234563 233.5370370370371 -1 0 0
151.29012345679016 196.94444444444446 -1 0 0
167.72469135802473 195.4037037037037 -1 0 0
28.902469135802463 221.467901234568 -1 0 0
27.87530864197531 217.10246913580255 -1 0 0
2.196296296296296 218.3864197530865 -1 0 0
5.02098765432099 220.9543209876544 -1 0 0
9.900000000000006 218.90000000000006 -1 0 0
11.954320987654327 220.18395061728404 -1 0 0
16.83333333333333 217.10246913580255 -1 0 0
20.428395061728395 219.92716049382722 -1 0 0
36.34938271604938 223.0086419753087 -1 0 0
36.86296296296295 259.2160493827161 -1 0 0
12.467901234567904 284.38148148148156 -1 0 0
10.413580246913583 282.0703703703704 -1 0 0
17.6037037037037 280.7864197530865 -1 0 0
19.40123456790124 279.75925925925935 -1 0 0
16.576543209876547 277.4481481481482 -1 0 0
288.92962962962963 414.0604938271605 -1 0 0
281.4827160493827 406.61358024691356 -1 0 0
340.03086419753083 409.4382716049383 -1 0 0
312.55432098765436 404.8160493827161 -1 0 0
293.29506172839507 401.220987654321 -1 0 0
290.72716049382717 389.15185185185186 -1 0 0
302.53950617283954 376.05555555555554 -1 0 0
288.92962962962963 365.78395061728395 -1 0 0
288.1592592592593 349.0925925925926 -1 0 0
279.6851851851852 345.75432098765435 -1 0 0
281.9962962962963 333.941975308642 -1 0 0
275.83333333333337 329.5765432098766 -1 0 0
274.0358024691358 321.35925925925926 -1 0 0
288.1592592592593 325.2111111111111 -1 0 0
279.941975308642 316.9938271604939 -1 0 0
277.1172839506173 308.262962962963 -1 0 0
289.9567901234568 308.262962962963 -1 0 0
296.1197530864198 305.6950617283951 -1 0 0
308.18888888888887 295.93703703703704 -1 0 0
304.337037037037 303.64074074074074 -1 0 0
300.74197530864194 308.7765432098766 -1 0 0
295.0925925925926 313.65555555555557 -1 0 0
287.13209876543215 314.68271604938275 -1 0 0
296.1197530864198 323.4135802469136 -1 0 0
298.17407407407404 328.8061728395062 -1 0 0
298.17407407407404 342.67283950617286 -1 0 0
310.5 352.1740740740741 -1 0 0
318.46049382716046 371.17654320987657 -1 0 0
322.3123456790123 387.61111111111114 -1 0 0
365.1962962962963 405.07283950617284 -1 0 0
355.4382716049382 393.00370370370376 -1 0 0
337.71975308641976 388.8950617283951 -1 0 0
339.5172839506173 376.31234567901237 -1 0 0
319.2308641975309 355.51234567901236 -1 0 0
324.62345679012344 340.61851851851856 -1 0 0
308.70246913580246 335.7395061728395 -1 0 0
309.98641975308647 331.1172839506173 -1 0 0
319.2308641975309 324.183950617284 -1 0 0
328.98888888888894 320.33209876543214 -1 0 0
317.69012345679016 314.68271604938275 -1 0 0
309.21604938271605 310.8308641975309 -1 0 0
317.43333333333334 308.00617283950623 -1 0 0
321.02839506172836 300.8160493827161 -1 0 0
319.48765432098764 295.6802469135803 -1 0 0
331.30000000000007 299.5320987654321 -1 0 0
328.2185185185185 309.8037037037037 -1 0 0
338.23333333333335 315.4530864197531 -1 0 0
344.13950617283956 313.3987654320988 -1 0 0
341.058024691358 321.35925925925926 -1 0 0
349.7888888888889 320.8456790123457 -1 0 0
350.5592592592593 331.6308641975309 -1 0 0
345.16666666666663 347.80864197530866 -1 0 0
390.10493827160496 408.41111111111115 -1 0 0
382.1444444444444 396.0851851851852 -1 0 0
411.41851851851845 408.9246913580247 -1 0 0
426.05555555555554 407.64074074074074 -1 0 0
406.28271604938266 394.0308641975309 -1 0 0
418.0950617283951 387.3543209876543 -1 0 0
392.92962962962963 380.42098765432104 -1 0 0
407.30987654320984 374.7716049382716 -1 0 0
431.4481481481481 377.3395061728395 -1 0 0
423.2308641975309 369.37901234567903 -1 0 0
398.83580246913584 363.21604938271605 -1 0 0
383.42839506172834 368.86543209876544 -1 0 0
372.1296296296297 374.25802469135806 -1 0 0
389.33456790123455 360.3913580246914 -1 0 0
375.4679012345679 361.41851851851857 -1 0 0
359.0333333333333 373.48765432098764 -1 0 0
373.92716049382716 350.89012345679015 -1 0 0
387.2802469135802 351.146913580247 -1 0 0
356.97901234567905 348.0654320987654 -1 0 0
361.08765432098767 339.3345679012346 -1 0 0
350.5592592592593 342.1592592592593 -1 0 0
380.09012345679014 341.13209876543215 -1 0 0
371.35925925925926 336.7666666666667 -1 0 0
363.65555555555557 330.86049382716055 -1 0 0
355.4382716049382 323.6703703703704 -1 0 0
334.12469135802473 306.97901234567905 -1 0 0
340.5444444444445 303.383950617284 -1 0 0
394.2135802469136 344.983950617284 -1 0 0
414.5 358.85061728395067 -1 0 0
410.1345679012345 351.6604938271605 -1 0 0
430.4209876543209 357.3098765432099 -1 0 0
426.82592592592596 351.146913580247 -1 0 0
414.5 347.80864197530866 -1 0 0
425.7987654320988 342.1592592592593 -1 0 0
418.0950617283951 341.13209876543215 -1 0 0
413.7296296296296 331.6308641975309 -1 0 0
429.9074074074074 331.8876543209877 -1 0 0
402.4308641975308 338.56419753086425 -1 0 0
405.51234567901236 329.5765432098766 -1 0 0
422.2037037037037 327.779012345679 -1 0 0
392.92962962962963 332.65802469135804 -1 0 0
384.7123456790123 334.1987654320988 -1 0 0
373.92716049382716 326.49506172839506 -1 0 0
395.24074074074076 322.90000000000003 -1 0 0
387.53703703703707 318.5345679012346 -1 0 0
365.9666666666667 318.79135802469136 -1 0 0
378.29259259259254 316.22345679012346 -1 0 0
380.6037037037037 314.16913580246916 -1 0 0
371.35925925925926 310.57407407407413 -1 0 0
362.11481481481485 311.8580246913581 -1 0 0
360.0604938271605 306.97901234567905 -1 0 0
352.3567901234568 302.87037037037044 -1 0 0
356.20864197530864 292.8555555555556 -1 0 0
343.6259259259259 292.8555555555556 -1 0 0
349.27530864197536 285.9222222222223 -1 0 0
340.5444444444445 285.1518518518519 -1 0 0
341.3148148148148 281.04320987654324 -1 0 0
366.48024691358023 300.30246913580254 -1 0 0
370.58888888888885 305.6950617283951 -1 0 0
378.8061728395062 303.383950617284 -1 0 0
386.76666666666665 304.41111111111115 -1 0 0
396.01111111111106 312.8851851851852 -1 0 0
406.53950617283954 318.5345679012346 -1 0 0
416.0407407407407 318.020987654321 -1 0 0
427.3395061728395 324.183950617284 -1 0 0
425.7987654320988 316.9938271604939 -1 0 0
426.5691358024691 310.3172839506173 -1 0 0
430.6777777777778 315.19629629629634 -1 0 0
417.8382716049383 309.2901234567902 -1 0 0
407.0530864197531 305.6950617283951 -1 0 0
411.9320987654321 312.62839506172844 -1 0 0
398.0654320987654 304.6679012345679 -1 0 0
427.59629629629626 301.84320987654326 -1 0 0
417.32469135802467 301.5864197530865 -1 0 0
407.30987654320984 299.27530864197536 -1 0 0
411.1617283950617 293.88271604938274 -1 0 0
397.80864197530866 294.6530864197531 -1 0 0
403.458024691358 290.80123456790125 -1 0 0
407.0530864197531 286.43580246913587 -1 0 0
391.13209876543215 297.220987654321 -1 0 0
384.19876543209875 298.76172839506177 -1 0 0
373.92716049382716 297.9913580246914 -1 0 0
363.91234567901233 296.19382716049387 -1 0 0
372.38641975308644 291.57160493827166 -1 0 0
380.6037037037037 291.05802469135807 -1 0 0
383.941975308642 286.69259259259263 -1 0 0
372.38641975308644 286.43580246913587 -1 0 0
363.3987654320988 284.6382716049383 -1 0 0
364.1691358024691 275.90740740740745 -1 0 0
379.06296296296296 280.52962962962965 -1 0 0
389.5913580246913 280.2728395061729 -1 0 0
389.8481481481482 290.80123456790125 -1 0 0
396.7814814814815 287.9765432098766 -1 0 0
399.60617283950614 285.9222222222223 -1 0 0
402.94444444444446 280.52962962962965 -1 0 0
394.47037037037035 278.47530864197535 -1 0 0
388.56419753086413 275.6506172839506 -1 0 0
375.9814814814815 263.3246913580247 -1 0 0
409.87777777777774 271.7987654320988 -1 0 0
412.9592592592593 282.3271604938272 -1 0 0
420.662962962963 281.55679012345684 -1 0 0
425.02839506172836 281.04320987654324 -1 0 0
413.21604938271605 277.704938271605 -1 0 0
420.14938271604933 276.42098765432104 -1 0 0
422.9740740740741 276.16419753086427 -1 0 0
427.853086419753 274.6234567901235 -1 0 0
443.92962962962963 410.72222222222223 -1 0 0
440.5913580246913 399.93703703703704 -1 0 0
470.1222222222222 398.3962962962963 -1 0 0
476.54197530864195 412.262962962963 -1 0 0
499.3962962962963 409.95185185185187 -1 0 0
521.4802469135802 408.9246913580247 -1 0 0
549.2135802469136 411.2358024691358 -1 0 0
559.4851851851852 400.1938271604938 -1 0 0
574.379012345679 393.77407407407406 -1 0 0
548.1864197530864 388.8950617283951 -1 0 0
588.5024691358025 392.4901234567901 -1 0 0
540.4827160493827 403.27530864197536 -1 0 0
529.1839506172839 395.058024691358 -1 0 0
511.97901234567894 393.26049382716053 -1 0 0
498.11234567901226 390.69259259259263 -1 0 0
488.3543209876543 388.3814814814815 -1 0 0
468.0679012345679 380.6777777777778 -1 0 0
454.458024691358 378.3666666666667 -1 0 0
442.6456790123457 377.3395061728395 -1 0 0
459.337037037037 365.5271604938272 -1 0 0
445.2135802469136 358.08024691358025 -1 0 0
437.76666666666665 342.92962962962963 -1 0 0
451.8901234567901 350.6333333333333 -1 0 0
450.60617283950614 342.4160493827161 -1 0 0
442.1320987654321 336.7666666666667 -1 0 0
460.62098765432097 348.32222222222225 -1 0 0
470.37901234567903 353.45802469135805 -1 0 0
483.2185185185185 370.1493827160494 -1 0 0
494.00370370370365 373.48765432098764 -1 0 0
504.7888888888889 373.48765432098764 -1 0 0
518.3987654320987 373.48765432098764 -1 0 0
532.5222222222222 377.3395061728395 -1 0 0
563.337037037037 370.4061728395062 -1 0 0
582.0827160493827 378.1098765432099 -1 0 0
573.3518518518518 367.0679012345679 -1 0 0
579.7716049382716 355.51234567901236 -1 0 0
517.3716049382716 360.1345679012346 -1 0 0
497.0851851851852 362.4456790123457 -1 0 0
485.27283950617283 349.3493827160494 -1 0 0
494.00370370370365 350.6333333333333 -1 0 0
508.64074074074074 350.37654320987656 -1 0 0
520.9666666666666 343.70000000000005 -1 0 0
531.4950617283951 351.40370370370374 -1 0 0
548.1864197530864 349.3493827160494 -1 0 0
557.9444444444445 353.97160493827164 -1 0 0
566.9320987654321 348.0654320987654 -1 0 0
573.8654320987654 338.05061728395066 -1 0 0
588.7592592592592 337.79382716049383 -1 0 0
554.6061728395061 340.10493827160496 -1 0 0
538.941975308642 337.53703703703707 -1 0 0
525.0753086419753 334.1987654320988 -1 0 0
529.6975308641975 327.779012345679 -1 0 0
515.574074074074 328.8061728395062 -1 0 0
509.6679012345679 337.53703703703707 -1 0 0
497.8555555555555 339.0777777777778 -1 0 0
478.0827160493827 335.7395061728395 -1 0 0
470.6358024691358 341.3888888888889 -1 0 0
462.6753086419753 332.91481481481486 -1 0 0
449.3222222222222 327.779012345679 -1 0 0
436.4827160493827 326.2382716049383 -1 0 0
444.9567901234568 315.9666666666667 -1 0 0
453.4308641975308 319.30493827160495 -1 0 0
462.9320987654321 323.1567901234568 -1 0 0
467.0407407407407 318.020987654321 -1 0 0
475.7716049382716 325.46790123456793 -1 0 0
487.07037037037037 327.779012345679 -1 0 0
460.62098765432097 315.70987654320993 -1 0 0
455.2283950617284 310.06049382716054 -1 0 0
462.9320987654321 307.7493827160494 -1 0 0
446.7543209876543 305.6950617283951 -1 0 0
440.0777777777778 300.8160493827161 -1 0 0
431.86049382716044 293.62592592592597 -1 0 0
422.8728395061728 291.82839506172843 -1 0 0
416.7098765432099 288.74691358024694 -1 0 0
442.1320987654321 276.42098765432104 -1 0 0
430.06296296296296 279.2456790123457 -1 0 0
436.4827160493827 286.43580246913587 -1 0 0
444.9567901234568 282.583950617284 -1 0 0
451.8901234567901 278.2185185185185 -1 0 0
457.7962962962963 274.8802469135803 -1 0 0
466.5271604938272 272.5691358024692 -1 0 0
452.6604938271605 296.70740740740746 -1 0 0
462.6753086419753 297.73456790123464 -1 0 0
469.6086419753086 302.1 -1 0 0
480.3938271604938 303.89753086419756 -1 0 0
482.19135802469134 316.4802469135803 -1 0 0
471.91975308641975 310.57407407407413 -1 0 0
480.3938271604938 295.6802469135803 -1 0 0
483.73209876543206 292.341975308642 -1 0 0
490.4086419753086 291.57160493827166 -1 0 0
494.00370370370365 291.57160493827166 -1 0 0
501.4506172839506 293.36913580246915 -1 0 0
499.3962962962963 301.32962962962966 -1 0 0
488.0975308641975 303.1271604938272 -1 0 0
486.81358024691355 297.220987654321 -1 0 0
489.63827160493827 316.22345679012346 -1 0 0
486.81358024691355 309.03333333333336 -1 0 0
492.7197530864197 308.262962962963 -1 0 0
500.6802469135803 312.11481481481485 -1 0 0
506.84320987654314 306.46543209876546 -1 0 0
510.695061728395 301.84320987654326 -1 0 0
518.9123456790123 303.1271604938272 -1 0 0
528.4135802469135 301.07283950617284 -1 0 0
533.2925925925925 307.2358024691358 -1 0 0
522.2506172839506 308.262962962963 -1 0 0
515.0604938271605 311.3444444444445 -1 0 0
509.41111111111104 316.73703703703706 -1 0 0
507.8703703703703 325.46790123456793 -1 0 0
495.5444444444444 322.1296296296297 -1 0 0
518.1419753086419 318.020987654321 -1 0 0
524.0481481481481 323.1567901234568 -1 0 0
530.7246913580246 319.81851851851854 -1 0 0
536.3740740740741 317.5074074074074 -1 0 0
541.253086419753 325.72469135802476 -1 0 0
542.0234567901234 318.5345679012346 -1 0 0
553.0654320987654 333.1716049382716 -1 0 0
562.5666666666666 328.5493827160494 -1 0 0
554.6061728395061 323.1567901234568 -1 0 0
563.8506172839506 337.53703703703707 -1 0 0
579.5148148148148 330.34691358024696 -1 0 0
583.3666666666667 325.72469135802476 -1 0 0
587.9888888888888 319.30493827160495 -1 0 0
584.137037037037 317.25061728395065 -1 0 0
573.0950617283951 316.22345679012346 -1 0 0
562.8234567901234 315.4530864197531 -1 0 0
555.3765432098766 314.425925925926 -1 0 0
547.6728395061729 312.62839506172844 -1 0 0
553.579012345679 306.20864197530864 -1 0 0
564.620987654321 308.00617283950623 -1 0 0
556.4037037037036 298.50493827160494 -1 0 0
558.458024691358 305.95185185185187 -1 0 0
578.4876543209876 302.87037037037044 -1 0 0
586.1913580246913 312.62839506172844 -1 0 0
570.783950617284 300.5592592592593 -1 0 0
540.7395061728395 302.6135802469136 -1 0 0
539.7123456790123 295.4234567901235 -1 0 0
575.9197530864197 286.9493827160494 -1 0 0
568.4728395061728 276.9345679012346 -1 0 0
533.2925925925925 265.37901234567903 -1 0 0
528.1567901234567 264.8654320987655 -1 0 0
538.4283950617283 263.06790123456796 -1 0 0
544.5913580246913 260.5 -1 0 0
516.3444444444444 269.74444444444447 -1 0 0
475.258024691358 291.82839506172843 -1 0 0
469.35185185185185 287.7197530864198 -1 0 0
468.8382716049382 282.07037037037037 -1 0 0
457.5395061728395 288.23333333333335 -1 0 0
447.01111111111106 291.31481481481484 -1 0 0
458.82345679012343 281.3 -1 0 0
477.82592592592584 277.44814814814816 -1 0 0
488.3543209876543 275.1370370370371 -1 0 0
482.4481481481481 285.1518518518519 -1 0 0
492.46296296296293 281.8135802469136 -1 0 0
497.8555555555555 283.61111111111114 -1 0 0
502.9913580246913 288.23333333333335 -1 0 0
509.1543209876543 284.8950617283951 -1 0 0
515.3172839506173 281.04320987654324 -1 0 0
516.6012345679012 277.1913580246914 -1 0 0
529.9543209876543 277.704938271605 -1 0 0
508.8975308641975 293.36913580246915 -1 0 0
517.6283950617284 290.80123456790125 -1 0 0
524.3049382716049 284.3814814814815 -1 0 0
527.3864197530864 282.58395061728396 -1 0 0
517.8851851851852 295.4234567901235 -1 0 0
524.8185185185185 291.82839506172843 -1 0 0
534.3197530864197 289.26049382716053 -1 0 0
540.4827160493827 284.3814814814815 -1 0 0
535.8604938271604 281.55679012345684 -1 0 0
547.9296296296296 281.55679012345684 -1 0 0
543.5641975308641 275.39382716049386 -1 0 0
548.1864197530864 297.9913580246914 -1 0 0
550.7543209876543 292.5987654320988 -1 0 0
554.6061728395061 287.9765432098766 -1 0 0
557.9444444444445 281.3 -1 0 0
560.5123456790124 276.42098765432104 -1 0 0
553.8358024691357 274.88024691358027 -1 0 0
499.90987654320986 278.2185185185185 -1 0 0
505.3024691358024 276.9345679012346 -1 0 0
507.61358024691356 271.0283950617284 -1 0 0
496.3148148148148 269.74444444444447 -1 0 0
503.7617283950617 269.74444444444447 -1 0 0
476.7987654320988 271.0283950617284 -1 0 0
480.3938271604938 272.0555555555556 -1 0 0
485.27283950617283 272.82592592592596 -1 0 0
575.662962962963 264.6086419753086 -1 0 0
346.42407592407585 269.81868131868134 -1 0 0
343.3271728271728 273.534965034965 -1 0 0
348.9015984015984 274.15434565434566 -1 0 0
353.2372627372627 267.34115884115886 -1 0 0
360.6698301698302 268.57992007992004 -1 0 0
370.57992007992 269.1993006993007 -1 0 0
371.8186813186813 272.91558441558436 -1 0 0
376.15434565434566 272.91558441558436 -1 0 0
383.5869130869131 271.6768231768232 -1 0 0
391.01948051948045 269.81868131868134 -1 0 0
394.11638361638353 266.7217782217782 -1 0 0
395.9745254745255 264.8636363636364 -1 0 0
400.92957042957045 266.7217782217782 -1 0 0
404.6458541458541 268.57992007992004 -1 0 0
418.8916083916084 271.0574425574425 -1 0 0
426.3241758241758 271.0574425574425 -1 0 0
433.75674325674316 274.15434565434566 -1 0 0
443.0474525474525 269.1993006993007 -1 0 0
447.3831168831169 269.1993006993007 -1 0 0
454.8156843156842 269.1993006993007 -1 0 0
459.7707292707292 267.9605394605394 -1 0 0
465.3451548451548 264.2442557442557 -1 0 0
473.3971028971029 264.8636363636364 -1 0 0
482.06843156843155 262.3861138861139 -1 0 0
487.64285714285705 258.6698301698301 -1 0 0
590.46003996004 367.6808191808192 -1 0 0
598.511988011988 376.3521478521479 -1 0 0
605.9445554445555 406.0824175824176 -1 0 0
612.7577422577423 381.92657342657344 -1 0 0
608.422077922078 362.1063936063936 -1 0 0
595.4150849150849 351.5769230769231 -1 0 0
603.467032967033 337.95054945054943 -1 0 0
613.3771228771229 329.8986013986014 -1 0 0
601.6088911088912 310.07842157842157 -1 0 0
594.1763236763237 298.3101898101898 -1 0 0
589.8406593406594 305.1233766233766 -1 0 0
584.8856143856144 295.2132867132867 -1 0 0
584.2662337662338 285.3031968031968 -1 0 0
579.3111888111888 274.15434565434566 -1 0 0
586.7437562437563 277.2512487512487 -1 0 0
563.8266733266734 286.54195804195797 -1 0 0
561.9685314685315 295.8326673326673 -1 0 0
569.401098901099 290.25824175824175 -1 0 0
584.8856143856144 269.81868131868134 -1 0 0
592.9375624375624 272.2962037962037 -1 0 0
596.6538461538462 277.2512487512487 -1 0 0
592.9375624375624 285.3031968031968 -1 0 0
599.1313686313687 287.78071928071927 -1 0 0
604.7057942057942 297.6908091908092 -1 0 0
598.511988011988 269.1993006993007 -1 0 0
600.3701298701299 256.1923076923076 -1 0 0
602.8476523476523 240.08841158841153 -1 0 0
3.287212787212724 262.3861138861139 -1 0 0
11.33916083916077 266.10239760239756 -1 0 0
