92.11310951239005 315.1163069544365 -1 0 0
140.22821742605913 300.0499600319744 -1 0 0
75.10271782573942 298.10591526778575 -1 0 0
166.95883293365307 280.6095123900879 -1 0 0
163.55675459632295 303.9380495603517 -1 0 0
127.59192645883296 335.0427657873701 -1 0 0
149.9484412470024 327.75259792166264 -1 0 0
239.8605115907274 316.57434052757793 -1 0 0
296.23780975219825 278.1794564348521 -1 0 0
321.0243804956035 317.54636290967227 -1 0 0
333.17466027178256 302.4800159872102 -1 0 0
334.1466826538769 338.44484412470024 -1 0 0
415.79656274980016 286.44164668265387 -1 0 0
447.3872901678657 293.2458033573141 -1 0 0
515.4288569144684 313.1722621902478 -1 0 0
510.08273381294964 291.3017585931255 -1 0 0
517.3729016786571 257.2809752198241 -1 0 0
498.9044764188649 257.2809752198241 -1 0 0
506.1946442845724 208.6798561151079 -1 0 0
488.69824140687456 188.75339728217423 -1 0 0
501.8205435651479 166.39688249400479 -1 0 0
494.53037569944047 156.19064748201436 -1 0 0
477.5199840127898 144.0403677058353 -1 0 0
480.92206235011986 130.43205435651475 -1 0 0
478.00599520383696 108.56155075939245 -1 0 0
463.9116706634692 96.89728217426057 -1 0 0
468.77178257394087 80.37290167865706 -1 0 0
450.3033573141487 76.97082334132688 -1 0 0
464.8836930455635 71.62470023980813 -1 0 0
442.04116706634693 46.352118305355646 -1 0 0
447.3872901678657 56.558353317346075 -1 0 0
505.22262190247807 43.92206235011986 -1 0 0
508.62470023980813 74.54076738609109 -1 0 0
508.13868904876097 107.58952837729811 -1 0 0
416.2825739408473 237.84052757793762 -1 0 0
412.88049560351715 207.2218225419664 -1 0 0
416.7685851318945 185.3513189448441 -1 0 0
412.39448441247 170.77098321342922 -1 0 0
408.0203836930456 147.44244604316543 -1 0 0
402.67426059152683 128.4880095923261 -1 0 0
401.7022382094325 111.96362909672257 -1 0 0
420.65667466027173 110.99160671462826 -1 0 0
391.49600319744206 105.15947242206232 -1 0 0
388.57993605115905 93.49520383693041 -1 0 0
407.5343725019984 80.85891286970417 -1 0 0
401.2162270183853 66.27857713828934 -1 0 0
396.35611510791364 69.68065547561946 -1 0 0
309.8461231015188 233.95243804956033 -1 0 0
316.65027977617905 212.08193445243802 -1 0 0
336.09072741806557 205.27777777777774 -1 0 0
324.9124700239808 191.66946442845722 -1 0 0
328.8005595523581 176.6031175059952 -1 0 0
333.6606714628297 153.76059152677854 -1 0 0
316.1642685851319 138.20823341326934 -1 0 0
343.380895283773 137.72222222222217 -1 0 0
328.8005595523581 123.14188649080734 -1 0 0
325.39848121502797 108.07553956834528 -1 0 0
329.28657074340526 95.92525979216623 -1 0 0
328.3145483613109 85.7190247801758 -1 0 0
322.482414068745 73.56874500399675 -1 0 0
336.57673860911274 51.698241406874445 -1 0 0
238.88848920863308 298.10591526778575 -1 0 0
252.49680255795363 240.7565947242206 -1 0 0
251.5247801758593 285.46962430055953 -1 0 0
250.552757793765 194.099520383693 -1 0 0
261.7310151878497 202.3617106314948 -1 0 0
257.35691446842526 163.48081534772177 -1 0 0
270.9652278177458 128.97402078337325 -1 0 0
277.76938449240606 79.88689048760989 -1 0 0
269.9932054356515 47.81015187849715 -1 0 0
284.57354116706637 92.5231814548361 -1 0 0
295.2657873701039 46.838129496402814 -1 0 0
249.0947242206235 43.92206235011986 -1 0 0
251.03876898481218 54.12829736211029 -1 0 0
233.05635491606716 57.53037569944041 -1 0 0
233.05635491606716 46.838129496402814 -1 0 0
232.08433253397283 42.46402877697835 -1 0 0
230.62629896083132 78.91486810551555 -1 0 0
226.25219824140686 64.33453237410066 -1 0 0
238.4024780175859 86.69104716227014 -1 0 0
212.6438848920863 127.51598721023177 -1 0 0
217.01798561151077 147.9284572342126 -1 0 0
201.95163868904876 179.51918465227814 -1 0 0
200.49360511590726 203.3337330135891 -1 0 0
182.02517985611513 223.74620303756993 -1 0 0
111.06754596322942 239.78457234212627 -1 0 0
93.08513189448443 242.21462829736208 -1 0 0
63.92446043165468 244.15867306155073 -1 0 0
69.27058353317348 191.18345323741005 -1 0 0
85.79496402877699 214.998001598721 -1 0 0
76.07474020783376 223.74620303756993 -1 0 0
135.85411670663473 211.1099120703437 -1 0 0
141.68625099920064 199.93165467625897 -1 0 0
152.86450839328535 181.4632294164668 -1 0 0
139.74220623501196 179.03317346123097 -1 0 0
156.26658673061553 162.02278177458032 -1 0 0
162.09872102318144 146.4704236610711 -1 0 0
156.75259792166264 127.51598721023177 -1 0 0
130.9940047961631 130.43205435651475 -1 0 0
185.91326938449242 113.42166266986408 -1 0 0
108.15147881694647 158.62070343725017 -1 0 0
61.008393285371724 160.56474820143882 -1 0 0
74.13069544364508 155.7046362909672 -1 0 0
59.55035971223022 124.11390887290165 -1 0 0
69.27058353317348 114.39368505195841 -1 0 0
85.30895283772982 95.92525979216623 -1 0 0
91.62709832134293 86.20503597122297 -1 0 0
69.27058353317348 78.42885691446838 -1 0 0
59.06434852118308 78.42885691446838 -1 0 0
53.71822541966428 62.87649880095921 -1 0 0
75.10271782573942 52.67026378896878 -1 0 0
128.56394884092725 77.45683453237405 -1 0 0
134.39608313349322 68.70863309352512 -1 0 0
161.1266986410871 73.08273381294958 -1 0 0
165.50079936051156 60.44644284572337 -1 0 0
199.52158273381298 54.12829736211029 -1 0 0
184.45523581135092 43.43605115907269 -1 0 0
198.54956035171864 43.43605115907269 -1 0 0
150.92046362909673 57.044364508393244 -1 0 0
113.49760191846524 50.24020783373294 -1 0 0
103.777378097522 46.352118305355646 -1 0 0
110.09552358113511 65.306554756195 -1 0 0
95.51518784972025 63.36250999200632 -1 0 0
114.95563549160671 94.46722621902472 -1 0 0
103.29136690647483 122.65587529976017 -1 0 0
177.65107913669067 63.36250999200632 -1 0 0
554.7457542457541 79.17632367632359 -1 0 0
543.8126873126873 68.85064935064929 -1 0 0
526.1983016983017 41.51798201798192 -1 0 0
517.0874125874125 23.903596403596282 -1 0 0
498.8656343656343 8.71878121878109 -1 0 0
468.9515484515485 44.089910089910035 -1 0 0
442.22627372627375 30.72727272727269 -1 0 0
444.04845154845157 14.935064935064872 -1 0 0
433.7227772227772 7.950049950049902 -1 0 0
519.6688311688312 55.32667332667327 -1 0 0
526.3501498501498 71.72627372627367 -1 0 0
397.5829170829171 45.912087912087856 -1 0 0
432.507992007992 32.8531468531468 -1 0 0
420.66383616383615 22.52747252747247 -1 0 0
392.4200799200799 11.29070929070923 -1 0 0
378.75374625374627 21.312687312687274 -1 0 0
353.54695304695304 4.001998001997947 -1 0 0
347.16933066933063 12.505494505494454 -1 0 0
350.81368631368633 31.030969030968976 -1 0 0
316.1923076923077 30.72727272727269 -1 0 0
315.88861138861137 15.238761238761185 -1 0 0
316.7997002997003 6.431568431568365 -1 0 0
331.07342657342656 122.1398601398601 -1 0 0
311.02947052947053 23.742257742257692 -1 0 0
396.9755244755245 20.705294705294648 -1 0 0
383.9165834165834 59.578421578421526 -1 0 0
103.6048951048951 111.81418581418578 -1 0 0
275.8006993006993 29.208791208791155 -1 0 0
272.7637362637363 16.45354645354641 -1 0 0
268.511988011988 22.83116883116878 -1 0 0
269.7267732267732 36.80119880119875 -1 0 0
292.2002997002997 1.8761238761238133 -1 0 0
248.16433566433568 26.779220779220736 -1 0 0
237.23126873126876 30.423576423576378 -1 0 0
125.7747252747253 51.37862137862132 -1 0 0
123.64885114885116 38.015984015983975 -1 0 0
116.36013986013988 14.327672327672275 -1 0 0
138.22627372627375 13.720279720279677 -1 0 0
144.9075924075924 5.824175824175768 -1 0 0
139.74475524475525 23.742257742257692 -1 0 0
52.58391608391608 39.23076923076917 -1 0 0
97.83466533466533 48.03796203796199 -1 0 0
113.62687312687312 38.62337662337657 -1 0 0
79.30919080919081 89.03696303696299 -1 0 0
135.7967032967033 61.40059940059935 -1 0 0
147.94455544455548 68.99300699300694 -1 0 0
142.478021978022 101.18481518481514 -1 0 0
170.11438561438564 85.99999999999996 -1 0 0
104.81968031968033 113.33266733266728 -1 0 0
49.85064935064935 53.50449550449545 -1 0 0
62.60589410589411 42.57142857142853 -1 0 0
154.62587412587413 9.772227772227723 -1 0 0
153.41108891108894 72.33366633366629 -1 0 0
92.36813186813187 117.58441558441554 -1 0 0
81.13136863136863 110.90309690309687 -1 0 0
459.99250749250746 64.598901098901 -1 0 0
398.3421578421578 87.07242757242747 -1 0 0
380.1203796203796 27.547952047951924 -1 0 0
87.66083916083916 186.0774225774225 -1 0 0
89.78671328671327 173.01848151848145 -1 0 0
100.1123876123876 171.19630369630363 -1 0 0
92.51998001998003 159.04845154845148 -1 0 0
89.17932067932067 152.3671328671328 -1 0 0
82.1943056943057 135.36013986013978 -1 0 0
63.36513486513485 142.6488511488511 -1 0 0
130.78571428571428 260.9480519480519 -1 0 0
212.17632367632368 20.866633366633266 -1 0 0
216.42807192807192 38.481018981018906 -1 0 0
97.37912087912088 77.35414585414577 -1 0 0
128.96353646353646 8.71878121878109 -1 0 0
291.1373626373626 19.65184815184807 -1 0 0
545.0274725274726 9.326173826173715 -1 0 0
515.2652347652347 156.31518481518475 -1 0 0
382.2462537462537 149.02647352647344 -1 0 0
