35.28765880217771 510.9274047186932 -1 0 0
63.75771324863866 445.8529945553538 -1 0 0
17.66333938293997 401.114337568058 -1 0 0
111.20780399274032 387.55716878402893 -1 0 0
191.19509981851164 387.55716878402893 -1 0 0
269.8266787658801 435.0072595281306 -1 0 0
305.0753176043556 444.4972776769509 -1 0 0
158.657894736842 462.1215970961886 -1 0 0
111.20780399274032 539.3974591651543 -1 0 0
382.35117967332116 375.3557168784028 -1 0 0
431.1569872958257 375.3557168784028 -1 0 0
451.49274047186924 467.5444646098003 -1 0 0
503.0099818511796 448.5644283121596 -1 0 0
521.9900181488204 398.40290381125226 -1 0 0
557.2386569872958 382.1343012704173 -1 0 0
588.4201451905626 384.8457350272231 -1 0 0
569.4401088929219 436.3629764065335 -1 0 0
574.8629764065336 496.0145190562613 -1 0 0
661.6288566243193 401.114337568058 -1 0 0
711.7903811252268 368.5771324863883 -1 0 0
747.0390199637022 357.73139745916507 -1 0 0
774.1533575317603 395.6914700544464 -1 0 0
814.8248638838475 372.644283121597 -1 0 0
858.2078039927403 365.8656987295825 -1 0 0
858.2078039927403 436.3629764065335 -1 0 0
907.0136116152448 410.60435571687833 -1 0 0
904.3021778584391 349.5970961887476 -1 0 0
974.79945553539 349.5970961887476 -1 0 0
976.155172413793 319.77132486388376 -1 0 0
953.1079854809436 498.7259528130671 -1 0 0
833.8049001814882 528.5517241379309 -1 0 0
22.638838475499142 296.04627949183305 -1 0 0
34.84029038112527 258.08620689655174 -1 0 0
19.24954627949188 241.13974591651544 -1 0 0
7.725952813067181 206.56896551724134 -1 0 0
62.63248638838479 216.0589836660617 -1 0 0
62.63248638838479 162.508166969147 -1 0 0
103.30399274047193 167.25317604355718 -1 0 0
124.31760435571692 160.47459165154265 -1 0 0
106.69328493647919 139.46098003629766 -1 0 0
122.96188747731401 181.48820326678765 -1 0 0
118.21687840290383 202.50181488203265 -1 0 0
100.5925589836661 241.81760435571687 -1 0 0
64.66606170598914 237.0725952813067 -1 0 0
66.02177858439205 345.529945553539 -1 0 0
79.5789473684211 305.53629764065334 -1 0 0
114.82758620689657 294.01270417422865 -1 0 0
155.4990925589837 291.9791288566243 -1 0 0
133.1297640653358 239.78402903811252 -1 0 0
162.95553539019966 214.70326678765878 -1 0 0
150.75408348457353 184.19963702359343 -1 0 0
170.4119782214156 171.99818511796735 -1 0 0
160.9219600725953 150.30671506352087 -1 0 0
173.80127041742287 136.0716878402904 -1 0 0
193.459165154265 153.01814882032664 -1 0 0
193.459165154265 184.8774954627949 -1 0 0
173.12341197822144 200.4682395644283 -1 0 0
192.1034482758621 230.29401088929217 -1 0 0
213.1170598911071 215.3811252268602 -1 0 0
230.74137931034483 188.9446460980036 -1 0 0
230.0635208711434 167.9310344827586 -1 0 0
236.84210526315792 159.79673321234117 -1 0 0
249.04355716878405 148.95099818511795 -1 0 0
228.70780399274048 137.42740471869325 -1 0 0
216.50635208711435 140.81669691470051 -1 0 0
213.79491833030858 165.21960072595283 -1 0 0
177.86842105263162 335.3620689655172 -1 0 0
175.83484573502727 300.79128856624317 -1 0 0
204.9827586206897 321.1270417422867 -1 0 0
239.55353901996375 337.39564428312156 -1 0 0
200.91560798548096 264.8647912885662 -1 0 0
227.35208711433756 251.3076225045372 -1 0 0
244.97640653357536 236.39473684210526 -1 0 0
263.95644283121595 248.5961887477314 -1 0 0
253.78856624319423 214.70326678765878 -1 0 0
263.95644283121595 194.36751361161527 -1 0 0
269.3793103448276 178.77676950998188 -1 0 0
280.22504537205083 176.74319419237747 -1 0 0
281.5807622504537 158.4410163339383 -1 0 0
297.1715063520871 143.52813067150635 -1 0 0
283.61433756805815 136.0716878402904 -1 0 0
315.4736842105263 148.27313974591652 -1 0 0
324.96370235934666 136.0716878402904 -1 0 0
301.2386569872959 167.9310344827586 -1 0 0
312.76225045372047 181.48820326678765 -1 0 0
324.28584392014517 174.0317604355717 -1 0 0
329.03085299455535 160.47459165154265 -1 0 0
341.9101633393829 138.78312159709617 -1 0 0
356.8230490018149 148.27313974591652 -1 0 0
348.01088929219605 155.05172413793105 -1 0 0
345.9773139745917 177.4210526315789 -1 0 0
361.5680580762251 167.25317604355718 -1 0 0
337.8430127041742 195.72323049001812 -1 0 0
309.37295825771326 202.50181488203265 -1 0 0
301.91651542649726 212.66969147005443 -1 0 0
285.6479128856625 203.85753176043556 -1 0 0
277.513611615245 224.19328493647913 -1 0 0
248.36569872958256 287.2341197822141 -1 0 0
327.6751361161525 343.49637023593465 -1 0 0
335.80943738656987 305.53629764065334 -1 0 0
303.27223230490023 245.88475499092556 -1 0 0
333.7758620689655 254.019056261343 -1 0 0
341.9101633393829 234.36116152450091 -1 0 0
336.48729582577135 216.0589836660617 -1 0 0
362.2459165154265 214.70326678765878 -1 0 0
356.14519056261344 199.1125226860254 -1 0 0
366.99092558983665 186.91107078039926 -1 0 0
374.44736842105266 197.07894736842104 -1 0 0
390.03811252268605 186.23321234119783 -1 0 0
381.90381125226855 170.64246823956444 -1 0 0
375.12522686025414 146.9174228675136 -1 0 0
394.10526315789474 151.66243194192378 -1 0 0
392.7495462794919 136.0716878402904 -1 0 0
410.3738656987296 146.23956442831212 -1 0 0
425.964609800363 150.9845735027223 -1 0 0
436.8103448275862 148.95099818511795 -1 0 0
406.9845735027223 163.18602540834843 -1 0 0
432.06533575317604 167.9310344827586 -1 0 0
422.5753176043557 182.84392014519057 -1 0 0
434.7767695099819 189.6225045372051 -1 0 0
426.6424682395644 198.43466424682396 -1 0 0
399.5281306715064 208.60254083484574 -1 0 0
388.0045372050817 209.95825771324866 -1 0 0
417.8303085299455 219.44827586206895 -1 0 0
390.71597096188754 238.4283121597096 -1 0 0
387.3266787658802 298.0798548094374 -1 0 0
360.8901996370236 298.0798548094374 -1 0 0
401.56170598911075 343.49637023593465 -1 0 0
425.964609800363 302.8248638838475 -1 0 0
409.69600725952813 269.6098003629764 -1 0 0
442.23321234119777 244.52903811252264 -1 0 0
437.4882032667877 215.3811252268602 -1 0 0
446.97822141560795 196.4010889292196 -1 0 0
455.11252268602544 179.4546279491833 -1 0 0
457.82395644283116 148.95099818511795 -1 0 0
469.34754990925586 162.508166969147 -1 0 0
480.1932849364791 150.9845735027223 -1 0 0
497.8176043557169 150.30671506352087 -1 0 0
505.9519056261343 145.5617059891107 -1 0 0
492.39473684210526 136.0716878402904 -1 0 0
474.09255898366604 134.71597096188748 -1 0 0
484.93829401088925 167.25317604355718 -1 0 0
498.4954627949183 162.508166969147 -1 0 0
499.1733212341198 183.521778584392 -1 0 0
485.61615245009074 189.6225045372051 -1 0 0
469.34754990925586 179.4546279491833 -1 0 0
499.1733212341198 196.4010889292196 -1 0 0
505.9519056261343 213.34754990925586 -1 0 0
477.48185117967336 209.95825771324866 -1 0 0
461.89110707803997 199.1125226860254 -1 0 0
455.7903811252268 211.31397459165152 -1 0 0
485.61615245009074 236.39473684210526 -1 0 0
508.66333938294014 238.4283121597096 -1 0 0
491.0390199637024 267.57622504537204 -1 0 0
459.17967332123413 275.032667876588 -1 0 0
462.56896551724134 304.8584392014519 -1 0 0
501.2068965517241 338.75136116152447 -1 0 0
546.3929219600725 347.5635208711433 -1 0 0
519.956442831216 303.50272232304894 -1 0 0
543.0036297640653 266.8983666061705 -1 0 0
547.070780399274 214.70326678765875 -1 0 0
523.3457350272232 221.48185117967327 -1 0 0
526.7350272232304 195.7232304900181 -1 0 0
519.956442831216 174.70961887477307 -1 0 0
526.7350272232304 159.7967332123411 -1 0 0
530.8021778584391 143.5281306715063 -1 0 0
519.956442831216 137.42740471869325 -1 0 0
541.6479128856624 140.81669691470051 -1 0 0
557.2386569872958 157.76315789473676 -1 0 0
563.3393829401089 143.5281306715063 -1 0 0
566.7286751361162 167.25317604355712 -1 0 0
579.6079854809436 152.34029038112516 -1 0 0
595.8765880217786 156.4074410163339 -1 0 0
614.8566243194192 142.17241379310337 -1 0 0
620.9573502722324 163.86388384754986 -1 0 0
599.9437386569873 171.3203266787658 -1 0 0
572.1515426497277 188.94464609800355 -1 0 0
553.1715063520871 185.55535390199634 -1 0 0
540.2921960072595 179.45462794918325 -1 0 0
574.1851179673321 303.50272232304894 -1 0 0
574.8629764065336 266.8983666061705 -1 0 0
556.5607985480943 244.5290381125226 -1 0 0
597.2323049001814 214.70326678765875 -1 0 0
604.010889292196 197.75680580762244 -1 0 0
614.1787658802177 180.13248638838468 -1 0 0
618.2459165154264 200.46823956442825 -1 0 0
625.7023593466424 218.77041742286744 -1 0 0
610.111615245009 242.49546279491827 -1 0 0
667.0517241379309 319.77132486388376 -1 0 0
646.0381125226859 297.4019963702359 -1 0 0
627.7359346642468 277.06624319419234 -1 0 0
616.2123411978221 294.6905626134301 -1 0 0
634.5145190562612 254.6969147005444 -1 0 0
647.3938294010889 225.54900181488196 -1 0 0
658.2395644283122 214.0254083484573 -1 0 0
653.4945553539019 189.62250453720503 -1 0 0
633.8366606170598 192.3339382940108 -1 0 0
644.0045372050815 163.86388384754986 -1 0 0
636.5480943738658 155.051724137931 -1 0 0
658.2395644283122 164.5417422867513 -1 0 0
667.7295825771325 149.62885662431938 -1 0 0
664.3402903811252 137.42740471869325 -1 0 0
641.9709618874772 138.10526315789468 -1 0 0
650.7831215970962 270.9655172413793 -1 0 0
658.2395644283122 242.49546279491827 -1 0 0
669.7631578947369 223.51542649727762 -1 0 0
683.9981851179673 214.70326678765875 -1 0 0
694.8439201451904 201.82395644283116 -1 0 0
685.3539019963703 184.19963702359343 -1 0 0
666.3738656987296 180.13248638838468 -1 0 0
682.6424682395643 162.50816696914694 -1 0 0
698.2332123411977 154.37386569872956 -1 0 0
709.078947368421 169.96460980036295 -1 0 0
697.5553539019963 173.35390199637015 -1 0 0
716.535390199637 182.8439201451905 -1 0 0
719.9246823956441 203.8575317604355 -1 0 0
736.1932849364791 186.23321234119777 -1 0 0
737.5490018148819 166.57531760435563 -1 0 0
725.3475499092558 157.76315789473676 -1 0 0
716.535390199637 141.49455535390194 -1 0 0
731.4482758620688 135.39382940108885 -1 0 0
738.9047186932848 142.17241379310337 -1 0 0
751.1061705989109 160.4745916515426 -1 0 0
764.66333938294 186.23321234119777 -1 0 0
776.1869328493647 197.07894736842098 -1 0 0
795.1669691470054 192.3339382940108 -1 0 0
784.9990925589836 178.09891107078033 -1 0 0
776.8647912885663 164.5417422867513 -1 0 0
774.8312159709619 178.09891107078033 -1 0 0
778.220508166969 147.59528130671504 -1 0 0
737.5490018148819 226.22686025408342 -1 0 0
755.8511796733212 206.5689655172413 -1 0 0
696.1996370235934 257.4083484573502 -1 0 0
692.810344827586 231.64972776769503 -1 0 0
702.978221415608 284.5226860254083 -1 0 0
681.964609800363 294.0127041742286 -1 0 0
721.2803992740471 257.4083484573502 -1 0 0
751.1061705989109 241.13974591651535 -1 0 0
775.5090744101633 226.22686025408342 -1 0 0
769.4083484573503 252.66333938294005 -1 0 0
795.1669691470054 241.13974591651535 -1 0 0
751.7840290381125 272.32123411978216 -1 0 0
717.8911070780398 309.603448275862 -1 0 0
695.521778584392 336.71778584392007 -1 0 0
747.0390199637022 315.0263157894736 -1 0 0
784.321234119782 287.91197822141555 -1 0 0
800.589836660617 315.0263157894736 -1 0 0
851.4292196007259 325.87205081669686 -1 0 0
823.6370235934664 285.8784029038112 -1 0 0
817.5362976406532 253.3411978221415 -1 0 0
820.2477313974591 228.93829401088922 -1 0 0
811.4355716878401 209.2803992740471 -1 0 0
838.5499092558982 186.23321234119777 -1 0 0
839.2277676950998 168.60889292196003 -1 0 0
839.2277676950998 154.37386569872956 -1 0 0
829.0598911070779 138.10526315789468 -1 0 0
818.8920145190561 161.8303085299455 -1 0 0
811.4355716878401 145.56170598911064 -1 0 0
800.589836660617 129.29310344827582 -1 0 0
879.899274047187 152.34029038112516 -1 0 0
854.1406533575316 143.5281306715063 -1 0 0
860.2413793103447 128.61524500907433 -1 0 0
877.8656987295824 182.8439201451905 -1 0 0
867.6978221415607 216.05898366606164 -1 0 0
852.7849364791289 219.4482758620689 -1 0 0
849.3956442831216 243.17332123411973 -1 0 0
875.1542649727767 270.9655172413793 -1 0 0
924.4074410163339 186.23321234119774 -1 0 0
916.9509981851179 178.77676950998176 -1 0 0
902.0381125226861 147.59528130671498 -1 0 0
946.0989110707803 147.59528130671498 -1 0 0
1005.7504537205082 164.54174228675126 -1 0 0
965.7568058076224 211.31397459165143 -1 0 0
939.9981851179673 265.5426497277676 -1 0 0
893.2259528130671 312.31488203266775 -1 0 0
1006.4283121597095 249.2740471869328 -1 0 0
763.307622504537 458.0544464609799 -1 0 0
31.45099818511801 136.41061705989114 -1 0 0
14.504537205081704 121.49773139745919 -1 0 0
9.081669691470097 146.57849364791292 -1 0 0
102.62613430127044 121.15880217785845 -1 0 0
123.63974591651544 121.83666061705989 -1 0 0
114.82758620689657 121.15880217785845 -1 0 0
196.50952813067153 119.80308529945553 -1 0 0
207.69419237749548 114.0412885662432 -1 0 0
199.5598911070781 87.94373865698729 -1 0 0
227.01315789473688 121.83666061705989 -1 0 0
221.92921960072601 103.19555353901995 -1 0 0
246.67105263157902 105.56805807622504 -1 0 0
249.72141560798553 115.05807622504537 -1 0 0
242.942831215971 134.37704174228676 -1 0 0
237.18103448275866 127.2595281306715 -1 0 0
265.99001814882035 134.038112522686 -1 0 0
276.8357531760436 120.48094373865699 -1 0 0
292.0875680580763 119.80308529945553 -1 0 0
299.88294010889297 116.41379310344827 -1 0 0
306.6615245009075 114.71914700544464 -1 0 0
317.16833030853 120.14201451905626 -1 0 0
321.9133393829402 107.60163339382939 -1 0 0
283.2754083484574 98.45054446460979 -1 0 0
340.8933756805808 123.8702359346643 -1 0 0
325.6415607985481 126.24274047186938 -1 0 0
353.77268602540835 119.12522686025414 -1 0 0
357.50090744101635 97.43375680580766 -1 0 0
370.04128856624317 102.17876588021782 -1 0 0
363.6016333938294 101.16197822141565 -1 0 0
380.5480943738657 105.90698729582581 -1 0 0
367.66878402903814 113.70235934664252 -1 0 0
380.5480943738657 119.8030852994556 -1 0 0
365.9741379310345 127.25952813067157 -1 0 0
402.9174228675136 120.48094373865703 -1 0 0
410.3738656987296 108.2794918330309 -1 0 0
414.77994555353905 92.01088929219605 -1 0 0
424.94782214156083 86.92695099818516 -1 0 0
423.9310344827586 98.78947368421058 -1 0 0
420.20281306715066 107.94056261343017 -1 0 0
419.52495462794917 122.17558983666066 -1 0 0
415.4578039927405 130.98774954627953 -1 0 0
434.0989110707804 130.98774954627953 -1 0 0
442.9110707803993 132.34346642468245 -1 0 0
446.63929219600726 120.1420145190563 -1 0 0
438.84392014519057 114.38021778584397 -1 0 0
429.35390199637027 111.32985480943745 -1 0 0
430.7096188747731 100.4841197822142 -1 0 0
440.8774954627949 87.26588021778589 -1 0 0
448.3339382940109 94.0444646098004 -1 0 0
453.4178765880218 83.19872958257717 -1 0 0
455.11252268602544 128.61524500907444 -1 0 0
464.26361161524505 130.98774954627953 -1 0 0
472.7368421052632 103.87341197822145 -1 0 0
482.22686025408353 119.8030852994556 -1 0 0
487.41923774954626 94.0444646098004 -1 0 0
494.8756805807622 103.87341197822145 -1 0 0
501.315335753176 100.14519056261346 -1 0 0
495.21460980036295 116.07486388384758 -1 0 0
511.48321234119777 109.29627949183305 -1 0 0
507.4160617059891 124.20916515426501 -1 0 0
508.0939201451905 95.06125226860257 -1 0 0
515.5503629764065 86.92695099818515 -1 0 0
541.3089836660617 85.57123411978225 -1 0 0
535.8861161524501 96.41696914700547 -1 0 0
529.1075317604354 101.16197822141564 -1 0 0
527.7518148820327 120.81987295825775 -1 0 0
540.2921960072595 107.60163339382943 -1 0 0
545.0372050816696 100.14519056261346 -1 0 0
555.2050816696915 106.92377495462799 -1 0 0
565.0340290381125 89.29945553539024 -1 0 0
571.4736842105262 93.02767695099821 -1 0 0
559.6111615245009 117.76950998185123 -1 0 0
549.1043557168784 118.78629764065339 -1 0 0
535.5471869328494 130.30989110707807 -1 0 0
573.8461887477314 131.32667876588027 -1 0 0
581.9804900181488 109.63520871143378 -1 0 0
590.7926497277676 106.58484573502726 -1 0 0
602.9941016333938 111.32985480943742 -1 0 0
606.0444646098003 101.16197822141564 -1 0 0
614.8566243194192 98.78947368421056 -1 0 0
619.2627041742287 114.38021778584395 -1 0 0
617.568058076225 126.58166969147011 -1 0 0
602.9941016333938 122.51451905626138 -1 0 0
596.55444646098 135.05490018148825 -1 0 0
710.7735934664247 133.3602540834846 -1 0 0
704.6728675136117 124.54809437386572 -1 0 0
700.2667876588022 97.77268602540835 -1 0 0
691.4546279491833 145.22277676951 -1 0 0
677.2196007259528 135.73275862068965 -1 0 0
671.4578039927404 128.6152450090744 -1 0 0
660.6120689655172 122.17558983666062 -1 0 0
663.323502722323 98.11161524500908 -1 0 0
738.904718693285 120.81987295825772 -1 0 0
764.3244101633394 135.73275862068965 -1 0 0
760.9351179673322 115.05807622504538 -1 0 0
843.6338475499092 119.1252268602541 -1 0 0
642.6488203266789 127.5984573502723 -1 0 0
647.0549001814884 107.94056261343017 -1 0 0
779.5762250453722 85.91016333938302 -1 0 0
783.6433756805809 85.23230490018157 -1 0 0
791.4387477313976 77.7758620689656 -1 0 0
804.3180580762252 86.9269509981852 -1 0 0
819.5698729582577 71.3362068965518 -1 0 0
826.0095281306716 77.7758620689656 -1 0 0
832.4491833030854 82.52087114337577 -1 0 0
841.9392014519058 84.89337568058085 -1 0 0
856.1742286751362 76.42014519056269 -1 0 0
810.4187840290382 92.0108892921961 -1 0 0
828.3820326678767 93.02767695099827 -1 0 0
822.6202359346644 85.91016333938302 -1 0 0
812.1134301270419 77.43693284936488 -1 0 0
