8.176470588235297 334.09558823529414 -1 0 0
24.941176470588246 338.50735294117646 -1 0 0
48.23529411764706 330.2132352941177 -1 0 0
84.94117647058825 336.3897058823529 -1 0 0
60.05882352941177 320.8602941176471 -1 0 0
86.88235294117648 319.9779411764706 -1 0 0
80.17647058823529 317.15441176470586 -1 0 0
66.94117647058825 326.15441176470586 -1 0 0
75.76470588235296 310.9779411764706 -1 0 0
76.11764705882355 303.56617647058823 -1 0 0
54.76470588235294 310.09558823529414 -1 0 0
61.64705882352942 306.3897058823529 -1 0 0
30.058823529411768 310.9779411764706 -1 0 0
27.411764705882362 320.8602941176471 -1 0 0
9.235294117647065 295.09558823529414 -1 0 0
7.117647058823529 315.91911764705884 -1 0 0
53.352941176470594 276.2132352941177 -1 0 0
65.70588235294119 277.8014705882353 -1 0 0
80.88235294117648 271.2720588235294 -1 0 0
78.41176470588238 283.625 -1 0 0
44.88235294117648 284.8602941176471 -1 0 0
40.82352941176471 294.3897058823529 -1 0 0
53.0 285.74264705882354 -1 0 0
13.64705882352942 275.50735294117646 -1 0 0
36.941176470588246 270.56617647058823 -1 0 0
2.705882352941181 283.2720588235294 -1 0 0
3.764705882352942 294.91911764705884 -1 0 0
93.58823529411767 287.50735294117646 -1 0 0
94.47058823529413 298.625 -1 0 0
95.3529411764706 313.4485294117647 -1 0 0
11.176470588235297 261.10294117647055 -1 0 0
24.764705882352942 263.92647058823525 -1 0 0
17.176470588235304 255.27941176470586 -1 0 0
35.0 243.27941176470586 -1 0 0
41.70588235294119 250.6911764705882 -1 0 0
53.0 251.2205882352941 -1 0 0
68.0 246.63235294117644 -1 0 0
61.47058823529413 258.985294117647 -1 0 0
86.00000000000001 250.33823529411762 -1 0 0
93.23529411764707 245.74999999999997 -1 0 0
94.29411764705884 234.27941176470586 -1 0 0
77.00000000000001 230.74999999999997 -1 0 0
57.58823529411765 234.98529411764702 -1 0 0
38.0 226.6911764705882 -1 0 0
16.470588235294116 226.6911764705882 -1 0 0
5.176470588235297 225.80882352941174 -1 0 0
17.176470588235304 242.04411764705878 -1 0 0
3.411764705882355 243.63235294117644 -1 0 0
35.70588235294119 203.3970588235294 -1 0 0
55.294117647058826 215.2205882352941 -1 0 0
45.588235294117645 215.57352941176467 -1 0 0
64.64705882352942 219.98529411764702 -1 0 0
63.941176470588246 235.51470588235293 -1 0 0
53.70588235294119 229.33823529411762 -1 0 0
106.82352941176471 249.80882352941174 -1 0 0
93.05882352941178 272.92647058823525 -1 0 0
114.41176470588236 240.10294117647055 -1 0 0
106.47058823529413 222.98529411764702 -1 0 0
92.70588235294119 216.10294117647055 -1 0 0
112.64705882352943 207.63235294117644 -1 0 0
122.70588235294117 229.33823529411762 -1 0 0
136.11764705882354 239.3970588235294 -1 0 0
130.64705882352945 262.1617647058823 -1 0 0
128.5294117647059 245.74999999999997 -1 0 0
148.11764705882354 268.5147058823529 -1 0 0
135.05882352941177 217.33823529411762 -1 0 0
140.88235294117646 211.8676470588235 -1 0 0
145.8235294117647 210.10294117647055 -1 0 0
130.29411764705884 203.74999999999997 -1 0 0
122.70588235294117 214.8676470588235 -1 0 0
128.3529411764706 220.51470588235293 -1 0 0
67.11764705882354 209.74999999999997 -1 0 0
22.470588235294116 177.10294117647055 -1 0 0
38.352941176470594 184.51470588235287 -1 0 0
49.117647058823536 177.10294117647055 -1 0 0
57.05882352941177 185.92647058823525 -1 0 0
61.117647058823536 194.57352941176464 -1 0 0
72.94117647058825 192.8088235294117 -1 0 0
85.6470588235294 192.10294117647055 -1 0 0
100.47058823529412 191.74999999999994 -1 0 0
110.5294117647059 180.6323529411764 -1 0 0
46.82352941176471 201.10294117647055 -1 0 0
55.64705882352943 201.45588235294113 -1 0 0
7.470588235294123 183.45588235294113 -1 0 0
13.82352941176471 171.10294117647055 -1 0 0
7.117647058823529 193.69117647058818 -1 0 0
19.470588235294116 201.45588235294113 -1 0 0
4.647058823529413 203.39705882352936 -1 0 0
65.0 173.57352941176464 -1 0 0
55.64705882352943 171.10294117647055 -1 0 0
18.588235294117652 209.92647058823525 -1 0 0
140.0 191.04411764705878 -1 0 0
7.294117647058826 110.22058823529406 -1 0 0
11.000000000000002 119.39705882352935 -1 0 0
2.529411764705884 116.92647058823523 -1 0 0
6.941176470588239 129.4558823529411 -1 0 0
8.529411764705884 143.22058823529406 -1 0 0
15.941176470588232 145.69117647058818 -1 0 0
9.058823529411768 154.1617647058823 -1 0 0
27.941176470588246 148.69117647058818 -1 0 0
35.0 163.1617647058823 -1 0 0
17.0 135.6323529411764 -1 0 0
27.941176470588246 128.92647058823525 -1 0 0
41.0 162.8088235294117 -1 0 0
45.23529411764706 154.1617647058823 -1 0 0
57.05882352941177 156.4558823529411 -1 0 0
65.70588235294119 161.39705882352933 -1 0 0
70.11764705882354 167.74999999999994 -1 0 0
79.11764705882355 169.33823529411757 -1 0 0
88.47058823529413 175.86764705882348 -1 0 0
102.58823529411768 165.10294117647052 -1 0 0
88.29411764705883 164.39705882352933 -1 0 0
82.6470588235294 154.33823529411757 -1 0 0
78.23529411764706 158.57352941176464 -1 0 0
75.05882352941177 136.33823529411757 -1 0 0
96.94117647058825 141.6323529411764 -1 0 0
104.88235294117648 141.6323529411764 -1 0 0
105.23529411764706 126.98529411764699 -1 0 0
90.58823529411767 149.92647058823525 -1 0 0
132.23529411764707 161.39705882352933 -1 0 0
140.5294117647059 161.74999999999994 -1 0 0
129.05882352941177 171.98529411764702 -1 0 0
118.64705882352943 162.8088235294117 -1 0 0
129.58823529411768 147.985294117647 -1 0 0
129.94117647058823 141.27941176470583 -1 0 0
120.0588235294118 142.51470588235287 -1 0 0
135.76470588235293 150.4558823529411 -1 0 0
143.70588235294122 142.1617647058823 -1 0 0
128.5294117647059 131.57352941176464 -1 0 0
135.41176470588238 133.1617647058823 -1 0 0
143.88235294117646 123.27941176470583 -1 0 0
135.23529411764707 121.33823529411758 -1 0 0
124.47058823529413 124.33823529411758 -1 0 0
120.23529411764706 115.16176470588229 -1 0 0
128.5294117647059 107.74999999999994 -1 0 0
135.41176470588238 106.51470588235287 -1 0 0
143.88235294117646 104.74999999999994 -1 0 0
113.88235294117648 106.86764705882347 -1 0 0
121.64705882352943 101.22058823529406 -1 0 0
113.5294117647059 121.86764705882347 -1 0 0
95.70588235294117 117.6323529411764 -1 0 0
104.17647058823529 113.39705882352935 -1 0 0
95.00000000000001 105.4558823529411 -1 0 0
103.11764705882356 101.57352941176464 -1 0 0
89.17647058823529 113.22058823529406 -1 0 0
81.41176470588236 101.57352941176464 -1 0 0
82.82352941176471 134.92647058823525 -1 0 0
92.5294117647059 134.39705882352933 -1 0 0
67.47058823529413 123.27941176470583 -1 0 0
70.82352941176471 116.39705882352935 -1 0 0
59.88235294117648 137.57352941176464 -1 0 0
28.470588235294116 108.98529411764699 -1 0 0
19.470588235294116 118.51470588235287 -1 0 0
16.64705882352942 111.8088235294117 -1 0 0
13.64705882352942 102.4558823529411 -1 0 0
3.588235294117652 99.10294117647052 -1 0 0
50.352941176470594 104.74999999999994 -1 0 0
61.99999999999999 115.86764705882347 -1 0 0
65.52941176470588 107.39705882352935 -1 0 0
41.70588235294119 132.6323529411764 -1 0 0
51.941176470588246 141.8088235294117 -1 0 0
57.05882352941177 100.51470588235287 -1 0 0
35.70588235294119 142.86764705882348 -1 0 0
36.76470588235294 136.69117647058818 -1 0 0
14.176470588235304 160.1617647058823 -1 0 0
23.352941176470594 67.51470588235287 -1 0 0
26.352941176470594 76.16176470588228 -1 0 0
34.82352941176471 76.86764705882345 -1 0 0
35.176470588235304 69.98529411764699 -1 0 0
42.235294117647065 73.69117647058816 -1 0 0
50.0 81.2794117647058 -1 0 0
38.88235294117648 83.04411764705875 -1 0 0
41.0 89.74999999999993 -1 0 0
47.88235294117648 92.74999999999993 -1 0 0
35.176470588235304 92.92647058823522 -1 0 0
33.941176470588246 87.98529411764699 -1 0 0
20.0 90.4558823529411 -1 0 0
24.941176470588246 94.51470588235287 -1 0 0
11.000000000000002 90.6323529411764 -1 0 0
8.0 72.63235294117639 -1 0 0
4.470588235294123 63.80882352941168 -1 0 0
19.470588235294116 76.16176470588228 -1 0 0
15.41176470588236 79.86764705882345 -1 0 0
35.176470588235304 58.86764705882345 -1 0 0
39.05882352941177 55.33823529411757 -1 0 0
28.82352941176471 64.33823529411757 -1 0 0
69.05882352941177 90.10294117647052 -1 0 0
67.47058823529413 70.69117647058816 -1 0 0
63.76470588235294 63.98529411764699 -1 0 0
70.64705882352942 61.33823529411757 -1 0 0
75.94117647058825 68.39705882352933 -1 0 0
79.11764705882355 72.4558823529411 -1 0 0
89.70588235294117 72.80882352941168 -1 0 0
84.41176470588236 70.86764705882345 -1 0 0
90.94117647058825 94.33823529411757 -1 0 0
80.70588235294117 90.4558823529411 -1 0 0
102.41176470588236 93.10294117647052 -1 0 0
117.23529411764706 94.86764705882345 -1 0 0
111.94117647058825 90.10294117647052 -1 0 0
135.94117647058823 96.6323529411764 -1 0 0
131.0 91.69117647058816 -1 0 0
133.29411764705884 77.39705882352933 -1 0 0
135.58823529411768 70.33823529411757 -1 0 0
145.64705882352945 87.2794117647058 -1 0 0
139.11764705882354 81.80882352941168 -1 0 0
131.5294117647059 53.92647058823522 -1 0 0
128.5294117647059 59.74999999999993 -1 0 0
130.64705882352945 65.57352941176464 -1 0 0
122.5294117647059 66.80882352941168 -1 0 0
115.47058823529413 66.2794117647058 -1 0 0
108.94117647058825 65.22058823529404 -1 0 0
102.94117647058825 71.57352941176464 -1 0 0
90.76470588235294 63.2794117647058 -1 0 0
87.58823529411767 56.92647058823522 -1 0 0
79.11764705882355 59.044117647058755 -1 0 0
84.05882352941177 65.22058823529404 -1 0 0
94.11764705882355 69.2794117647058 -1 0 0
97.82352941176471 61.33823529411757 -1 0 0
51.41176470588236 68.04411764705875 -1 0 0
48.23529411764706 65.39705882352933 -1 0 0
44.176470588235304 60.4558823529411 -1 0 0
52.47058823529413 60.2794117647058 -1 0 0
2.882352941176471 52.69117647058816 -1 0 0
119.3529411764706 85.69117647058816 -1 0 0
9.058823529411768 27.43382352941176 -1 0 0
6.058823529411768 20.55147058823529 -1 0 0
11.352941176470596 18.786764705882348 -1 0 0
15.764705882352942 11.375 -1 0 0
9.588235294117652 11.022058823529406 -1 0 0
6.235294117647065 7.316176470588232 -1 0 0
15.41176470588236 5.022058823529406 -1 0 0
2.882352941176471 30.43382352941176 -1 0 0
11.882352941176478 39.25735294117647 -1 0 0
10.470588235294123 46.845588235294116 -1 0 0
15.941176470588232 61.31617647058823 -1 0 0
43.117647058823536 32.375 -1 0 0
48.76470588235294 27.786764705882348 -1 0 0
40.82352941176471 19.669117647058812 -1 0 0
36.941176470588246 34.13970588235294 -1 0 0
59.88235294117648 49.66911764705881 -1 0 0
54.588235294117645 42.78676470588235 -1 0 0
58.64705882352942 33.43382352941176 -1 0 0
64.82352941176471 8.022058823529406 -1 0 0
29.176470588235304 11.72794117647058 -1 0 0
29.352941176470594 17.375 -1 0 0
35.529411764705884 8.72794117647058 -1 0 0
25.117647058823536 24.080882352941174 -1 0 0
70.29411764705883 44.02205882352941 -1 0 0
65.1764705882353 32.72794117647059 -1 0 0
72.94117647058825 35.55147058823529 -1 0 0
74.3529411764706 30.43382352941176 -1 0 0
72.41176470588236 23.55147058823529 -1 0 0
94.11764705882355 30.43382352941176 -1 0 0
87.41176470588236 44.72794117647059 -1 0 0
80.88235294117648 46.49264705882353 -1 0 0
96.23529411764706 48.61029411764705 -1 0 0
102.41176470588236 47.1985294117647 -1 0 0
109.29411764705883 46.13970588235294 -1 0 0
103.11764705882356 38.375 -1 0 0
116.88235294117646 41.904411764705884 -1 0 0
121.29411764705883 35.90441176470588 -1 0 0
132.94117647058823 41.904411764705884 -1 0 0
143.5294117647059 29.55147058823529 -1 0 0
141.05882352941177 38.904411764705884 -1 0 0
148.29411764705884 40.31617647058823 -1 0 0
142.64705882352945 57.08088235294117 -1 0 0
127.11764705882355 15.433823529411768 -1 0 0
122.00000000000001 13.492647058823522 -1 0 0
107.88235294117648 13.492647058823522 -1 0 0
102.94117647058825 5.022058823529406 -1 0 0
97.29411764705883 8.72794117647058 -1 0 0
88.82352941176471 14.72794117647058 -1 0 0
104.00000000000001 32.19852941176471 -1 0 0
140.70588235294116 4.316176470588232 -1 0 0
143.3529411764706 8.022058823529406 -1 0 0
149.88235294117646 6.080882352941174 -1 0 0
134.70588235294116 8.022058823529406 -1 0 0
127.29411764705883 8.904411764705884 -1 0 0
146.3529411764706 22.492647058823533 -1 0 0
141.58823529411768 21.786764705882348 -1 0 0
150.23529411764707 22.492647058823533 -1 0 0
129.05882352941177 26.727941176470587 -1 0 0
99.94117647058823 17.022058823529406 -1 0 0
113.70588235294117 34.31617647058823 -1 0 0
73.82352941176471 15.786764705882348 -1 0 0
63.58823529411766 23.375 -1 0 0
41.529411764705884 12.963235294117652 -1 0 0
51.941176470588246 33.43382352941176 -1 0 0
41.529411764705884 44.02205882352941 -1 0 0
29.529411764705884 36.61029411764706 -1 0 0
35.61764705882351 120.36764705882351 -1 0 0
50.08823529411763 174.3676470588235 -1 0 0
29.26470588235293 172.95588235294116 -1 0 0
22.558823529411754 175.07352941176467 -1 0 0
67.38235294117646 151.42647058823528 -1 0 0
67.02941176470586 144.01470588235293 -1 0 0
51.85294117647058 147.5441176470588 -1 0 0
56.79411764705881 94.95588235294116 -1 0 0
43.735294117647044 99.89705882352939 -1 0 0
27.85294117647058 116.48529411764703 -1 0 0
73.73529411764704 97.42647058823528 -1 0 0
89.26470588235293 103.77941176470584 -1 0 0
109.02941176470586 195.54411764705878 -1 0 0
90.3235294117647 23.308823529411768 -1 0 0
45.49999999999997 6.720588235294116 -1 0 0
56.088235294117624 13.426470588235276 -1 0 0
69.49999999999997 9.191176470588232 -1 0 0
5.617647058823522 38.485294117647044 -1 0 0
7.382352941176463 81.19117647058822 -1 0 0
22.911764705882334 83.30882352941174 -1 0 0
17.617647058823522 127.07352941176471 -1 0 0
161.97058823529412 130.24999999999997 -1 0 0
166.91176470588235 128.1323529411764 -1 0 0
163.02941176470588 121.07352941176468 -1 0 0
154.91176470588235 140.13235294117644 -1 0 0
154.91176470588235 154.95588235294116 -1 0 0
162.67647058823528 145.42647058823528 -1 0 0
172.91176470588235 153.1911764705882 -1 0 0
161.97058823529412 166.60294117647055 -1 0 0
181.73529411764702 155.66176470588232 -1 0 0
172.91176470588235 166.60294117647055 -1 0 0
190.91176470588235 154.24999999999997 -1 0 0
187.73529411764704 146.13235294117644 -1 0 0
181.38235294117644 146.13235294117644 -1 0 0
176.0882352941176 132.7205882352941 -1 0 0
181.38235294117644 129.1911764705882 -1 0 0
192.67647058823528 130.24999999999997 -1 0 0
186.32352941176467 119.66176470588232 -1 0 0
178.5588235294117 112.24999999999997 -1 0 0
168.3235294117647 108.01470588235291 -1 0 0
166.20588235294116 97.42647058823528 -1 0 0
155.6176470588235 101.66176470588232 -1 0 0
149.26470588235293 98.48529411764704 -1 0 0
153.49999999999997 109.77941176470587 -1 0 0
171.14705882352936 85.77941176470586 -1 0 0
175.02941176470583 97.42647058823528 -1 0 0
196.55882352941174 144.3676470588235 -1 0 0
205.02941176470583 153.1911764705882 -1 0 0
201.85294117647058 161.66176470588232 -1 0 0
189.49999999999997 166.60294117647055 -1 0 0
240.32352941176467 168.01470588235293 -1 0 0
64.20588235294116 198.7205882352941 -1 0 0
85.1176470588235 124.0735294117647 -1 0 0
82.1176470588235 113.13235294117645 -1 0 0
76.11764705882351 125.30882352941174 -1 0 0
219.58823529411765 137.66176470588232 -1 0 0
209.70588235294113 146.30882352941177 -1 0 0
204.05882352941174 135.5441176470588 -1 0 0
182.88235294117646 84.19117647058822 -1 0 0
209.88235294117644 111.89705882352939 -1 0 0
217.2941176470588 103.95588235294116 -1 0 0
198.23529411764702 114.72058823529409 -1 0 0
205.1176470588235 124.42647058823528 -1 0 0
215.52941176470588 119.48529411764704 -1 0 0
37.82352941176467 134.83823529411762 -1 0 0
214.99999999999997 153.5441176470588 -1 0 0
129.9411764705882 84.01470588235293 -1 0 0
188.52941176470586 77.30882352941174 -1 0 0
199.64705882352936 76.07352941176468 -1 0 0
193.6470588235294 74.13235294117645 -1 0 0
208.99999999999997 93.54411764705881 -1 0 0
203.35294117647058 86.13235294117645 -1 0 0
195.58823529411762 96.89705882352939 -1 0 0
180.23529411764702 96.89705882352939 -1 0 0
189.58823529411762 103.95588235294116 -1 0 0
218.52941176470588 88.42647058823528 -1 0 0
213.41176470588235 81.89705882352939 -1 0 0
219.23529411764704 96.36764705882351 -1 0 0
200.97058823529412 219.54411764705875 -1 0 0
215.97058823529412 204.19117647058818 -1 0 0
203.79411764705884 205.07352941176464 -1 0 0
209.44117647058823 190.42647058823522 -1 0 0
215.26470588235293 181.7794117647058 -1 0 0
198.6764705882353 195.54411764705875 -1 0 0
193.20588235294116 242.1323529411764 -1 0 0
168.5 225.19117647058818 -1 0 0
169.02941176470586 238.42647058823525 -1 0 0
157.02941176470586 190.60294117647052 -1 0 0
175.73529411764707 184.24999999999994 -1 0 0
178.20588235294116 194.6617647058823 -1 0 0
191.97058823529412 189.01470588235287 -1 0 0
225.6764705882353 176.83823529411757 -1 0 0
244.02941176470586 195.01470588235287 -1 0 0
241.38235294117646 206.6617647058823 -1 0 0
232.91176470588238 214.9558823529411 -1 0 0
180.5 263.485294117647 -1 0 0
252.6764705882353 241.60294117647052 -1 0 0
254.61764705882354 227.485294117647 -1 0 0
256.20588235294116 218.6617647058823 -1 0 0
227.79411764705884 232.9558823529411 -1 0 0
232.55882352941177 247.07352941176464 -1 0 0
161.97058823529412 265.07352941176464 -1 0 0
223.20588235294116 166.24999999999994 -1 0 0
211.73529411764707 168.72058823529403 -1 0 0
181.02941176470588 209.6617647058823 -1 0 0
173.26470588235293 203.485294117647 -1 0 0
166.38235294117646 202.24999999999994 -1 0 0
148.91176470588235 204.36764705882345 -1 0 0
173.08823529411762 219.19117647058818 -1 0 0
166.73529411764707 235.9558823529411 -1 0 0
156.5 211.24999999999994 -1 0 0
151.91176470588235 217.07352941176464 -1 0 0
283.7352941176471 234.72058823529403 -1 0 0
280.7352941176471 223.24999999999994 -1 0 0
283.7352941176471 174.19117647058818 -1 0 0
290.61764705882354 180.36764705882345 -1 0 0
280.9117647058824 195.89705882352933 -1 0 0
264.3235294117647 184.9558823529411 -1 0 0
257.44117647058823 181.60294117647052 -1 0 0
255.5 200.3088235294117 -1 0 0
253.55882352941177 168.01470588235287 -1 0 0
275.2647058823529 171.19117647058818 -1 0 0
271.20588235294116 218.6617647058823 -1 0 0
236.26470588235293 222.89705882352933 -1 0 0
216.5 221.6617647058823 -1 0 0
182.26470588235293 177.36764705882345 -1 0 0
193.55882352941177 174.54411764705875 -1 0 0
249.49999999999994 249.36764705882342 -1 0 0
272.26470588235287 237.19117647058812 -1 0 0
276.14705882352933 257.66176470588226 -1 0 0
293.6176470588234 254.66176470588226 -1 0 0
312.67647058823525 251.30882352941165 -1 0 0
323.26470588235287 255.19117647058812 -1 0 0
322.5588235294117 247.4264705882352 -1 0 0
325.91176470588226 237.19117647058812 -1 0 0
312.67647058823525 237.01470588235284 -1 0 0
305.08823529411757 228.36764705882342 -1 0 0
292.2058823529411 226.7794117647058 -1 0 0
282.14705882352933 177.72058823529403 -1 0 0
302.08823529411757 188.48529411764696 -1 0 0
317.08823529411757 191.30882352941165 -1 0 0
313.3823529411764 206.30882352941165 -1 0 0
318.49999999999994 213.72058823529403 -1 0 0
325.91176470588226 212.13235294117638 -1 0 0
318.8529411764705 208.2499999999999 -1 0 0
329.4411764705882 201.19117647058812 -1 0 0
334.3823529411764 185.83823529411754 -1 0 0
344.08823529411757 182.13235294117635 -1 0 0
345.14705882352933 195.72058823529403 -1 0 0
355.3823529411764 184.6029411764705 -1 0 0
359.7941176470587 194.66176470588226 -1 0 0
346.91176470588226 207.72058823529403 -1 0 0
342.14705882352933 218.83823529411754 -1 0 0
340.3823529411764 230.83823529411757 -1 0 0
349.5588235294117 245.66176470588226 -1 0 0
341.26470588235287 241.2499999999999 -1 0 0
365.26470588235287 251.48529411764696 -1 0 0
359.7941176470587 235.7794117647058 -1 0 0
360.32352941176464 221.13235294117638 -1 0 0
364.91176470588226 184.95588235294107 -1 0 0
375.14705882352933 200.30882352941165 -1 0 0
377.4411764705882 225.01470588235284 -1 0 0
376.5588235294117 244.6029411764705 -1 0 0
295.91176470588226 234.19117647058812 -1 0 0
282.14705882352933 204.54411764705873 -1 0 0
272.26470588235287 203.13235294117635 -1 0 0
272.97058823529403 188.66176470588226 -1 0 0
159.49999999999997 344.2205882352941 -1 0 0
132.67647058823528 342.10294117647055 -1 0 0
158.08823529411762 325.5147058823529 -1 0 0
137.6176470588235 330.45588235294116 -1 0 0
139.02941176470586 314.92647058823525 -1 0 0
136.20588235294116 303.27941176470586 -1 0 0
138.67647058823525 295.86764705882354 -1 0 0
145.02941176470586 285.9852941176471 -1 0 0
86.79411764705881 383.0441176470588 -1 0 0
160.20588235294116 276.8088235294117 -1 0 0
176.08823529411762 292.6911764705882 -1 0 0
169.02941176470586 300.8088235294117 -1 0 0
189.1470588235294 327.9852941176471 -1 0 0
205.38235294117644 329.75 -1 0 0
218.44117647058818 327.27941176470586 -1 0 0
241.73529411764704 333.63235294117646 -1 0 0
250.55882352941174 342.45588235294116 -1 0 0
262.9117647058823 333.63235294117646 -1 0 0
272.08823529411757 324.8088235294117 -1 0 0
287.97058823529403 334.3382352941176 -1 0 0
280.5588235294117 329.75 -1 0 0
309.85294117647055 331.1617647058823 -1 0 0
332.7941176470587 333.63235294117646 -1 0 0
339.85294117647055 340.6911764705882 -1 0 0
328.20588235294116 326.92647058823525 -1 0 0
325.735294117647 309.63235294117646 -1 0 0
308.0882352941176 301.5147058823529 -1 0 0
292.2058823529411 313.1617647058823 -1 0 0
293.61764705882354 324.8088235294117 -1 0 0
289.02941176470586 288.8088235294117 -1 0 0
321.85294117647055 270.45588235294116 -1 0 0
312.3235294117647 267.27941176470586 -1 0 0
332.44117647058823 267.9852941176471 -1 0 0
332.44117647058823 279.63235294117646 -1 0 0
337.735294117647 256.69117647058823 -1 0 0
280.5588235294117 266.5735294117647 -1 0 0
268.9117647058823 268.69117647058823 -1 0 0
251.6176470588235 267.27941176470586 -1 0 0
233.2647058823529 258.8088235294117 -1 0 0
202.55882352941174 265.5147058823529 -1 0 0
213.49999999999997 259.86764705882354 -1 0 0
206.08823529411762 254.2205882352941 -1 0 0
193.38235294117644 285.9852941176471 -1 0 0
194.7941176470588 307.5147058823529 -1 0 0
199.38235294117644 325.5147058823529 -1 0 0
204.32352941176467 318.10294117647055 -1 0 0
220.20588235294113 315.63235294117646 -1 0 0
232.20588235294113 320.57352941176464 -1 0 0
248.0882352941176 317.0441176470588 -1 0 0
234.67647058823528 311.0441176470588 -1 0 0
245.6176470588235 307.1617647058823 -1 0 0
232.91176470588235 293.3970588235294 -1 0 0
257.2647058823529 297.63235294117646 -1 0 0
271.38235294117646 297.63235294117646 -1 0 0
266.08823529411757 316.3382352941176 -1 0 0
259.38235294117646 306.8088235294117 -1 0 0
172.20588235294116 318.45588235294116 -1 0 0
165.41176470588226 283.2720588235294 -1 0 0
214.47058823529403 309.3897058823529 -1 0 0
346.99999999999994 263.3970588235294 -1 0 0
338.7058823529411 291.80882352941177 -1 0 0
347.70588235294116 306.9852941176471 -1 0 0
358.99999999999994 312.1029411764706 -1 0 0
367.1176470588235 296.22058823529414 -1 0 0
357.5882352941176 286.86764705882354 -1 0 0
363.4117647058823 279.9852941176471 -1 0 0
356.35294117647055 268.5147058823529 -1 0 0
404.35294117647055 258.27941176470586 -1 0 0
389.8823529411764 253.33823529411762 -1 0 0
375.4117647058823 262.69117647058823 -1 0 0
389.70588235294116 273.80882352941177 -1 0 0
377.52941176470586 286.3382352941176 -1 0 0
381.9411764705882 294.63235294117646 -1 0 0
395.8823529411764 302.3970588235294 -1 0 0
400.1176470588235 287.22058823529414 -1 0 0
312.0588235294117 287.3970588235294 -1 0 0
328.99999999999994 295.86764705882354 -1 0 0
366.4117647058823 243.63235294117646 -1 0 0
398.3529411764705 225.27941176470586 -1 0 0
407.3529411764705 242.3970588235294 -1 0 0
397.9999999999999 241.51470588235293 -1 0 0
393.58823529411757 237.10294117647055 -1 0 0
429.23529411764696 266.92647058823525 -1 0 0
437.5294117647058 273.45588235294116 -1 0 0
464.7058823529411 266.92647058823525 -1 0 0
458.3529411764705 289.5147058823529 -1 0 0
455.7058823529411 300.63235294117646 -1 0 0
437.8823529411764 303.985294117647 -1 0 0
426.41176470588226 292.69117647058823 -1 0 0
417.76470588235287 269.3970588235294 -1 0 0
453.41176470588226 261.63235294117646 -1 0 0
446.8823529411764 236.3970588235294 -1 0 0
442.1176470588235 226.33823529411762 -1 0 0
432.0588235294117 242.3970588235294 -1 0 0
430.82352941176464 233.5735294117647 -1 0 0
416.5294117647058 251.3970588235294 -1 0 0
463.99999999999994 224.74999999999997 -1 0 0
457.64705882352933 230.2205882352941 -1 0 0
474.0588235294117 248.92647058823528 -1 0 0
460.1176470588235 247.33823529411762 -1 0 0
472.47058823529403 221.92647058823525 -1 0 0
423.58823529411757 227.2205882352941 -1 0 0
409.8235294117646 332.3970588235294 -1 0 0
413.17647058823513 344.75 -1 0 0
427.470588235294 329.75 -1 0 0
430.9999999999999 338.0441176470588 -1 0 0
418.1176470588234 326.92647058823525 -1 0 0
416.70588235294105 306.80882352941177 -1 0 0
448.1176470588234 314.9264705882353 -1 0 0
439.6470588235293 327.9852941176471 -1 0 0
456.23529411764696 333.1029411764706 -1 0 0
469.1176470588234 339.1029411764706 -1 0 0
495.2352941176469 333.9852941176471 -1 0 0
494.1764705882352 324.45588235294116 -1 0 0
484.9999999999999 317.5735294117647 -1 0 0
469.29411764705867 312.63235294117646 -1 0 0
464.35294117647044 326.2205882352941 -1 0 0
473.88235294117635 323.75 -1 0 0
430.1176470588234 276.9852941176471 -1 0 0
448.29411764705867 284.0441176470588 -1 0 0
476.17647058823513 273.9852941176471 -1 0 0
495.5882352941175 279.8088235294117 -1 0 0
499.9999999999999 291.63235294117646 -1 0 0
498.7647058823528 305.0441176470588 -1 0 0
513.0588235294116 306.27941176470586 -1 0 0
524.7058823529411 320.0441176470588 -1 0 0
548.5294117647057 328.5147058823529 -1 0 0
544.2941176470587 296.5735294117647 -1 0 0
549.7647058823528 307.69117647058823 -1 0 0
540.5882352941176 270.10294117647055 -1 0 0
479.17647058823513 296.5735294117647 -1 0 0
484.29411764705867 299.75 -1 0 0
485.52941176470574 281.75 -1 0 0
518.5294117647057 270.10294117647055 -1 0 0
522.235294117647 340.5147058823529 -1 0 0
507.2352941176469 336.63235294117646 -1 0 0
454.29411764705867 272.0441176470588 -1 0 0
497.7058823529411 215.57352941176467 -1 0 0
519.0588235294117 220.16176470588232 -1 0 0
524.7058823529411 204.10294117647055 -1 0 0
532.6470588235294 207.10294117647055 -1 0 0
542.7058823529411 202.6911764705882 -1 0 0
540.2352941176471 210.10294117647055 -1 0 0
535.9999999999999 224.3970588235294 -1 0 0
538.470588235294 234.45588235294116 -1 0 0
545.3529411764705 228.80882352941174 -1 0 0
558.5882352941176 242.2205882352941 -1 0 0
552.0588235294117 237.27941176470586 -1 0 0
553.6470588235293 256.5147058823529 -1 0 0
528.235294117647 258.985294117647 -1 0 0
502.1176470588235 252.10294117647055 -1 0 0
489.41176470588226 225.80882352941174 -1 0 0
432.23529411764696 211.8676470588235 -1 0 0
419.7058823529411 211.33823529411762 -1 0 0
438.41176470588226 209.3970588235294 -1 0 0
410.5294117647058 207.10294117647055 -1 0 0
457.64705882352933 254.74999999999997 -1 0 0
467.7058823529411 249.45588235294116 -1 0 0
542.3529411764705 220.51470588235293 -1 0 0
499.82352941176464 203.2205882352941 -1 0 0
329.5294117647059 175.3382352941176 -1 0 0
315.2352941176471 171.8088235294117 -1 0 0
306.4117647058824 164.39705882352936 -1 0 0
331.11764705882354 160.51470588235287 -1 0 0
339.2352941176471 158.04411764705878 -1 0 0
348.5882352941177 173.39705882352936 -1 0 0
351.4117647058824 168.10294117647052 -1 0 0
362.5294117647059 179.39705882352936 -1 0 0
358.47058823529414 175.69117647058818 -1 0 0
372.764705882353 170.92647058823525 -1 0 0
379.29411764705884 180.27941176470583 -1 0 0
385.11764705882354 183.10294117647052 -1 0 0
394.82352941176475 176.74999999999994 -1 0 0
390.2352941176471 170.22058823529406 -1 0 0
385.29411764705884 163.86764705882348 -1 0 0
373.29411764705884 156.4558823529411 -1 0 0
389.0 153.98529411764702 -1 0 0
401.1764705882353 155.39705882352933 -1 0 0
400.29411764705884 166.3382352941176 -1 0 0
400.47058823529414 202.3382352941176 -1 0 0
386.5294117647059 207.6323529411764 -1 0 0
388.29411764705884 216.98529411764702 -1 0 0
402.9411764705883 216.8088235294117 -1 0 0
397.82352941176475 210.6323529411764 -1 0 0
388.47058823529414 197.74999999999994 -1 0 0
428.7058823529412 167.74999999999994 -1 0 0
432.9411764705883 183.6323529411764 -1 0 0
422.7058823529412 183.10294117647052 -1 0 0
432.5882352941177 203.04411764705878 -1 0 0
422.8823529411765 203.57352941176464 -1 0 0
410.1764705882353 193.3382352941176 -1 0 0
406.47058823529414 169.69117647058818 -1 0 0
440.8823529411765 157.1617647058823 -1 0 0
445.64705882352945 191.22058823529406 -1 0 0
431.1764705882353 153.6323529411764 -1 0 0
419.5294117647059 155.22058823529406 -1 0 0
414.9411764705883 152.92647058823525 -1 0 0
423.4117647058824 168.10294117647052 -1 0 0
322.64705882352945 228.10294117647055 -1 0 0
323.5294117647059 234.8088235294117 -1 0 0
314.61764705882354 179.39705882352933 -1 0 0
567.1470588235294 344.92647058823525 -1 0 0
581.970588235294 342.10294117647055 -1 0 0
585.5 331.1617647058823 -1 0 0
582.3235294117646 312.45588235294116 -1 0 0
591.5 296.5735294117647 -1 0 0
579.8529411764705 300.8088235294117 -1 0 0
567.5 303.27941176470586 -1 0 0
563.2647058823529 292.6911764705882 -1 0 0
533.970588235294 293.75 -1 0 0
567.1470588235294 271.1617647058823 -1 0 0
561.5 277.1617647058823 -1 0 0
585.1470588235294 286.3382352941176 -1 0 0
590.0882352941176 258.10294117647055 -1 0 0
594.6764705882352 239.75 -1 0 0
585.8529411764705 198.45588235294116 -1 0 0
595.3823529411765 194.5735294117647 -1 0 0
584.0882352941176 184.69117647058823 -1 0 0
593.970588235294 180.10294117647058 -1 0 0
470.4411764705882 187.16176470588235 -1 0 0
457.38235294117646 183.98529411764704 -1 0 0
401.61764705882354 194.2205882352941 -1 0 0
485.61764705882354 193.8676470588235 -1 0 0
478.8235294117647 236.0441176470588 -1 0 0
529.1176470588235 189.80882352941174 -1 0 0
537.2352941176471 192.80882352941174 -1 0 0
527.8823529411765 197.5735294117647 -1 0 0
518.8823529411765 194.3970588235294 -1 0 0
512.1764705882354 191.2205882352941 -1 0 0
554.5294117647059 189.10294117647055 -1 0 0
558.7647058823529 213.63235294117646 -1 0 0
559.8235294117648 207.27941176470586 -1 0 0
569.3529411764706 237.63235294117646 -1 0 0
583.8235294117646 211.33823529411762 -1 0 0
591.4117647058824 204.63235294117646 -1 0 0
588.7647058823529 218.5735294117647 -1 0 0
462.2352941176471 191.04411764705878 -1 0 0
457.29411764705884 203.3970588235294 -1 0 0
432.9411764705883 140.39705882352936 -1 0 0
417.2352941176471 137.04411764705878 -1 0 0
413.5294117647059 131.92647058823525 -1 0 0
447.9411764705883 142.33823529411762 -1 0 0
457.11764705882354 164.04411764705878 -1 0 0
451.47058823529414 176.74999999999994 -1 0 0
471.0588235294118 174.8088235294117 -1 0 0
494.1764705882353 176.74999999999994 -1 0 0
488.1764705882353 173.92647058823525 -1 0 0
495.9411764705883 166.6911764705882 -1 0 0
516.7647058823529 172.6911764705882 -1 0 0
506.5294117647059 184.16176470588232 -1 0 0
527.7058823529412 177.98529411764702 -1 0 0
537.2352941176471 185.57352941176467 -1 0 0
548.5294117647059 168.27941176470586 -1 0 0
541.2941176470588 147.45588235294113 -1 0 0
516.2352941176471 131.74999999999994 -1 0 0
503.8823529411765 131.04411764705878 -1 0 0
497.8823529411765 136.69117647058818 -1 0 0
489.764705882353 138.27941176470586 -1 0 0
486.0588235294118 135.98529411764702 -1 0 0
426.5882352941177 133.86764705882348 -1 0 0
421.47058823529414 133.5147058823529 -1 0 0
473.3529411764706 152.92647058823525 -1 0 0
481.11764705882354 146.2205882352941 -1 0 0
465.4117647058824 144.8088235294117 -1 0 0
471.764705882353 160.86764705882348 -1 0 0
512.529411764706 144.10294117647055 -1 0 0
519.5882352941177 164.04411764705878 -1 0 0
494.5294117647059 154.6911764705882 -1 0 0
512.8823529411765 135.98529411764702 -1 0 0
539.3529411764706 132.27941176470586 -1 0 0
529.6470588235295 131.74999999999994 -1 0 0
544.6470588235295 132.98529411764702 -1 0 0
551.3529411764706 134.92647058823525 -1 0 0
542.7058823529412 166.33823529411762 -1 0 0
593.0 140.04411764705873 -1 0 0
579.7647058823529 131.9264705882352 -1 0 0
583.4705882352941 124.86764705882344 -1 0 0
578.1764705882354 140.9264705882352 -1 0 0
587.3529411764706 170.22058823529403 -1 0 0
582.2352941176471 177.63235294117638 -1 0 0
563.1764705882352 160.16176470588226 -1 0 0
564.9411764705883 169.33823529411757 -1 0 0
564.5882352941177 175.69117647058815 -1 0 0
561.7647058823529 185.39705882352933 -1 0 0
572.0 175.51470588235284 -1 0 0
570.5882352941177 180.63235294117638 -1 0 0
539.0 128.04411764705873 -1 0 0
560.8823529411765 132.98529411764696 -1 0 0
577.2941176470588 127.33823529411755 -1 0 0
564.5882352941177 123.80882352941167 -1 0 0
556.2941176470588 126.1029411764705 -1 0 0
533.0 148.33823529411757 -1 0 0
533.8823529411765 157.69117647058815 -1 0 0
509.88235294117646 155.9264705882352 -1 0 0
472.47058823529414 131.9264705882352 -1 0 0
419.3529411764706 202.33823529411757 -1 0 0
156.41176470588238 42.78676470588235 -1 0 0
156.58823529411768 34.13970588235294 -1 0 0
153.94117647058823 27.786764705882348 -1 0 0
163.29411764705884 31.66911764705882 -1 0 0
152.88235294117646 3.257352941176464 -1 0 0
156.23529411764707 7.492647058823522 -1 0 0
158.88235294117646 4.845588235294116 -1 0 0
164.70588235294116 4.845588235294116 -1 0 0
183.05882352941177 3.610294117647058 -1 0 0
185.1764705882353 11.198529411764696 -1 0 0
191.70588235294116 13.492647058823522 -1 0 0
199.11764705882354 8.904411764705884 -1 0 0
189.58823529411768 8.375 -1 0 0
196.64705882352945 16.316176470588232 -1 0 0
201.58823529411768 31.139705882352946 -1 0 0
198.58823529411768 60.96323529411766 -1 0 0
184.29411764705884 57.61029411764706 -1 0 0
188.88235294117646 57.257352941176464 -1 0 0
151.8235294117647 62.19852941176471 -1 0 0
151.29411764705884 70.84558823529412 -1 0 0
164.5294117647059 44.55147058823529 -1 0 0
168.94117647058823 41.904411764705884 -1 0 0
147.05882352941177 33.963235294117645 -1 0 0
175.6470588235294 44.02205882352941 -1 0 0
179.1764705882353 41.55147058823529 -1 0 0
186.05882352941177 38.55147058823529 -1 0 0
180.94117647058823 33.43382352941176 -1 0 0
180.76470588235293 26.55147058823529 -1 0 0
188.5294117647059 21.080882352941174 -1 0 0
199.64705882352945 41.55147058823529 -1 0 0
195.76470588235293 48.080882352941174 -1 0 0
188.88235294117646 45.786764705882355 -1 0 0
180.23529411764707 48.96323529411764 -1 0 0
185.5294117647059 54.25735294117647 -1 0 0
167.88235294117646 60.96323529411766 -1 0 0
159.41176470588238 58.845588235294116 -1 0 0
247.64705882352933 155.5294117647059 -1 0 0
242.5294117647058 150.9411764705883 -1 0 0
237.58823529411757 142.82352941176475 -1 0 0
254.7058823529411 149.70588235294122 -1 0 0
253.64705882352933 140.17647058823533 -1 0 0
262.99999999999994 150.23529411764707 -1 0 0
267.23529411764696 153.9411764705883 -1 0 0
270.23529411764696 161.00000000000003 -1 0 0
276.9411764705882 153.0588235294118 -1 0 0
271.99999999999994 143.5294117647059 -1 0 0
266.17647058823525 126.58823529411768 -1 0 0
279.0588235294117 137.5294117647059 -1 0 0
285.76470588235287 123.58823529411768 -1 0 0
281.5294117647058 124.47058823529414 -1 0 0
273.58823529411757 129.58823529411768 -1 0 0
273.0588235294117 115.82352941176474 -1 0 0
282.4117647058823 110.88235294117649 -1 0 0
276.76470588235287 106.64705882352945 -1 0 0
271.1176470588235 100.29411764705885 -1 0 0
259.1176470588235 108.58823529411768 -1 0 0
260.5294117647058 115.82352941176474 -1 0 0
247.11764705882348 107.35294117647062 -1 0 0
245.5294117647058 121.47058823529414 -1 0 0
238.29411764705875 120.76470588235297 -1 0 0
241.82352941176464 131.3529411764706 -1 0 0
254.35294117647052 103.64705882352945 -1 0 0
248.35294117647052 99.0588235294118 -1 0 0
292.47058823529403 114.94117647058826 -1 0 0
301.47058823529403 137.3529411764706 -1 0 0
293.7058823529411 129.0588235294118 -1 0 0
285.23529411764696 142.82352941176475 -1 0 0
304.1176470588235 152.5294117647059 -1 0 0
310.1176470588235 149.70588235294122 -1 0 0
313.64705882352933 134.70588235294122 -1 0 0
311.17647058823525 128.3529411764706 -1 0 0
323.3529411764705 138.58823529411768 -1 0 0
321.41176470588226 129.41176470588238 -1 0 0
321.235294117647 119.70588235294122 -1 0 0
325.2941176470588 104.7058823529412 -1 0 0
337.47058823529403 122.70588235294122 -1 0 0
335.35294117647055 114.76470588235297 -1 0 0
334.2941176470588 105.94117647058826 -1 0 0
343.47058823529403 108.41176470588238 -1 0 0
351.0588235294117 112.64705882352945 -1 0 0
342.41176470588226 149.3529411764706 -1 0 0
353.7058823529411 137.00000000000003 -1 0 0
350.8823529411764 130.82352941176475 -1 0 0
342.9411764705882 136.29411764705884 -1 0 0
365.17647058823525 126.94117647058826 -1 0 0
357.235294117647 129.0588235294118 -1 0 0
361.82352941176464 110.52941176470591 -1 0 0
356.17647058823525 102.76470588235297 -1 0 0
383.17647058823525 106.47058823529414 -1 0 0
383.5294117647058 118.47058823529414 -1 0 0
383.5294117647058 130.82352941176475 -1 0 0
377.35294117647055 124.82352941176474 -1 0 0
378.4117647058823 96.94117647058826 -1 0 0
312.9411764705882 103.47058823529414 -1 0 0
301.2941176470588 99.76470588235297 -1 0 0
257.8823529411764 157.11764705882356 -1 0 0
249.94117647058818 163.29411764705884 -1 0 0
237.76470588235287 159.58823529411768 -1 0 0
287.17647058823525 150.58823529411768 -1 0 0
296.5294117647058 150.58823529411768 -1 0 0
318.0588235294117 151.82352941176475 -1 0 0
327.235294117647 149.70588235294122 -1 0 0
209.3529411764705 46.294117647058826 -1 0 0
215.3529411764705 48.76470588235294 -1 0 0
221.88235294117638 55.117647058823536 -1 0 0
222.94117647058815 45.05882352941177 -1 0 0
225.76470588235284 52.470588235294116 -1 0 0
230.88235294117638 45.58823529411765 -1 0 0
230.88235294117638 54.23529411764707 -1 0 0
238.47058823529403 51.41176470588236 -1 0 0
223.11764705882342 65.88235294117648 -1 0 0
228.41176470588226 61.117647058823536 -1 0 0
219.58823529411757 60.94117647058823 -1 0 0
231.41176470588226 70.29411764705883 -1 0 0
230.1764705882352 79.64705882352942 -1 0 0
238.64705882352933 85.29411764705884 -1 0 0
233.3529411764705 95.1764705882353 -1 0 0
235.29411764705873 104.70588235294119 -1 0 0
233.88235294117638 111.23529411764707 -1 0 0
243.05882352941165 92.0 -1 0 0
256.1176470588234 88.11764705882354 -1 0 0
260.3529411764705 83.1764705882353 -1 0 0
254.7058823529411 75.94117647058823 -1 0 0
211.11764705882342 67.29411764705883 -1 0 0
270.41176470588226 95.1764705882353 -1 0 0
269.5294117647058 54.41176470588236 -1 0 0
302.8823529411764 61.117647058823536 -1 0 0
294.9411764705881 61.64705882352942 -1 0 0
293.1764705882352 55.470588235294116 -1 0 0
297.76470588235287 49.294117647058826 -1 0 0
303.05882352941165 42.76470588235294 -1 0 0
313.9999999999999 52.64705882352942 -1 0 0
316.1176470588234 60.58823529411765 -1 0 0
310.82352941176464 58.117647058823536 -1 0 0
314.1764705882352 71.88235294117648 -1 0 0
306.23529411764696 67.29411764705883 -1 0 0
306.9411764705881 78.94117647058823 -1 0 0
297.76470588235287 82.47058823529412 -1 0 0
311.1764705882352 97.29411764705883 -1 0 0
271.47058823529403 45.05882352941177 -1 0 0
261.05882352941165 45.58823529411765 -1 0 0
283.47058823529403 68.0 -1 0 0
286.1176470588234 75.94117647058823 -1 0 0
286.64705882352933 95.70588235294119 -1 0 0
316.82352941176464 119.70588235294119 -1 0 0
258.58823529411757 66.05882352941177 -1 0 0
210.05882352941165 7.073529411764639 -1 0 0
218.1764705882352 4.779411764705813 -1 0 0
224.88235294117638 6.014705882352885 -1 0 0
230.3529411764705 4.602941176470523 -1 0 0
237.23529411764696 5.838235294117581 -1 0 0
232.47058823529403 10.426470588235233 -1 0 0
226.9999999999999 15.367647058823465 -1 0 0
221.5294117647058 10.779411764705813 -1 0 0
225.05882352941165 21.89705882352935 -1 0 0
232.8235294117646 18.191176470588175 -1 0 0
237.58823529411757 14.485294117647001 -1 0 0
240.58823529411757 9.897058823529349 -1 0 0
244.99999999999994 10.779411764705813 -1 0 0
253.11764705882342 10.073529411764653 -1 0 0
257.8823529411764 4.602941176470523 -1 0 0
246.58823529411757 3.544117647058755 -1 0 0
259.47058823529403 10.426470588235233 -1 0 0
252.23529411764696 14.485294117647001 -1 0 0
221.88235294117635 31.955882352941135 -1 0 0
213.05882352941165 28.779411764705834 -1 0 0
204.05882352941165 35.66176470588231 -1 0 0
234.58823529411757 34.602941176470544 -1 0 0
244.99999999999994 42.367647058823486 -1 0 0
240.76470588235287 39.367647058823486 -1 0 0
263.1764705882352 18.54411764705877 -1 0 0
267.05882352941165 15.191176470588175 -1 0 0
267.05882352941165 3.897058823529349 -1 0 0
279.58823529411757 7.779411764705813 -1 0 0
283.2941176470587 13.249999999999943 -1 0 0
285.23529411764696 16.602941176470537 -1 0 0
276.58823529411757 16.073529411764653 -1 0 0
273.41176470588226 21.367647058823465 -1 0 0
277.1176470588235 12.367647058823465 -1 0 0
274.1176470588234 3.897058823529349 -1 0 0
265.1176470588234 25.779411764705834 -1 0 0
271.1176470588234 33.72058823529407 -1 0 0
282.0588235294117 23.30882352941171 -1 0 0
280.2941176470587 31.07352941176466 -1 0 0
281.3529411764705 36.89705882352937 -1 0 0
281.3529411764705 44.308823529411725 -1 0 0
293.17647058823525 6.544117647058769 -1 0 0
296.8823529411764 17.13235294117642 -1 0 0
301.1176470588235 16.602941176470537 -1 0 0
305.3529411764705 25.249999999999947 -1 0 0
307.47058823529403 7.249999999999943 -1 0 0
321.235294117647 9.72058823529406 -1 0 0
324.58823529411757 15.191176470588175 -1 0 0
324.7647058823529 20.66176470588229 -1 0 0
313.99999999999994 16.249999999999943 -1 0 0
307.99999999999994 15.897058823529349 -1 0 0
315.7647058823529 7.602941176470523 -1 0 0
322.82352941176464 31.779411764705834 -1 0 0
324.7647058823529 38.66176470588231 -1 0 0
319.82352941176464 43.426470588235254 -1 0 0
316.2941176470588 40.602941176470544 -1 0 0
321.4117647058823 51.191176470588196 -1 0 0
319.47058823529403 67.42647058823528 -1 0 0
325.82352941176464 69.72058823529409 -1 0 0
322.82352941176464 83.83823529411762 -1 0 0
293.8823529411764 32.485294117647015 -1 0 0
298.64705882352933 29.838235294117602 -1 0 0
264.05882352941165 34.602941176470544 -1 0 0
247.11764705882342 19.779411764705827 -1 0 0
253.82352941176464 39.19117647058819 -1 0 0
257.7058823529411 41.8382352941176 -1 0 0
204.8529411764706 4.95588235294116 -1 0 0
285.32352941176475 5.661764705882348 -1 0 0
293.0882352941177 19.779411764705856 -1 0 0
291.3235294117647 65.30882352941175 -1 0 0
340.02941176470586 9.544117647058812 -1 0 0
334.7352941176471 15.897058823529392 -1 0 0
338.97058823529414 15.544117647058812 -1 0 0
332.61764705882354 21.191176470588232 -1 0 0
338.2647058823529 24.014705882352924 -1 0 0
329.0882352941177 26.83823529411762 -1 0 0
336.8529411764706 29.30882352941174 -1 0 0
330.8529411764706 34.60294117647058 -1 0 0
338.2647058823529 37.073529411764696 -1 0 0
343.9117647058823 32.132352941176464 -1 0 0
341.4411764705883 60.01470588235293 -1 0 0
329.7941176470588 54.3676470588235 -1 0 0
335.0882352941177 74.83823529411762 -1 0 0
372.1470588235294 86.13235294117645 -1 0 0
363.67647058823525 68.83823529411762 -1 0 0
352.02941176470586 61.426470588235276 -1 0 0
361.5588235294117 62.838235294117624 -1 0 0
369.32352941176475 63.19117647058822 -1 0 0
368.97058823529414 53.66176470588233 -1 0 0
358.02941176470586 53.308823529411754 -1 0 0
363.67647058823525 46.95588235294116 -1 0 0
352.7352941176471 42.72058823529409 -1 0 0
356.2647058823529 36.72058823529409 -1 0 0
355.9117647058823 32.838235294117624 -1 0 0
363.32352941176475 32.132352941176464 -1 0 0
362.2647058823529 24.367647058823508 -1 0 0
371.7941176470588 28.95588235294116 -1 0 0
374.61764705882354 37.073529411764696 -1 0 0
378.8529411764706 30.367647058823508 -1 0 0
380.61764705882354 19.779411764705856 -1 0 0
392.2647058823529 4.25 -1 0 0
392.61764705882354 14.485294117647044 -1 0 0
398.97058823529414 11.661764705882348 -1 0 0
408.1470588235294 7.073529411764696 -1 0 0
402.5 20.485294117647044 -1 0 0
391.5588235294117 24.367647058823508 -1 0 0
397.9117647058823 28.60294117647058 -1 0 0
408.1470588235294 24.367647058823508 -1 0 0
412.02941176470586 26.132352941176464 -1 0 0
414.8529411764706 31.779411764705856 -1 0 0
418.7352941176471 23.661764705882348 -1 0 0
413.7941176470588 19.779411764705856 -1 0 0
420.5 16.95588235294116 -1 0 0
415.5588235294117 12.014705882352928 -1 0 0
433.5588235294117 8.132352941176464 -1 0 0
428.61764705882354 8.485294117647044 -1 0 0
440.61764705882354 15.897058823529392 -1 0 0
437.7941176470588 24.367647058823508 -1 0 0
425.7941176470588 31.073529411764696 -1 0 0
430.38235294117646 31.426470588235276 -1 0 0
424.02941176470586 38.838235294117624 -1 0 0
428.2647058823529 46.25 -1 0 0
433.5588235294117 51.544117647058805 -1 0 0
440.61764705882354 56.485294117647044 -1 0 0
420.8529411764706 66.36764705882351 -1 0 0
430.38235294117646 61.77941176470587 -1 0 0
436.38235294117646 73.07352941176468 -1 0 0
446.61764705882354 71.30882352941174 -1 0 0
446.97058823529414 77.30882352941174 -1 0 0
442.02941176470586 81.5441176470588 -1 0 0
450.1470588235294 90.72058823529412 -1 0 0
448.02941176470586 104.83823529411762 -1 0 0
438.5 102.3676470588235 -1 0 0
431.7941176470588 121.07352941176468 -1 0 0
449.0882352941177 118.95588235294116 -1 0 0
461.0882352941177 107.30882352941174 -1 0 0
421.2058823529412 103.42647058823528 -1 0 0
419.0882352941177 94.95588235294116 -1 0 0
411.67647058823525 86.83823529411762 -1 0 0
420.1470588235294 81.5441176470588 -1 0 0
411.32352941176475 109.77941176470587 -1 0 0
398.97058823529414 122.13235294117642 -1 0 0
398.61764705882354 136.60294117647055 -1 0 0
397.2058823529412 145.42647058823528 -1 0 0
377.0882352941177 143.66176470588232 -1 0 0
396.5 40.25 -1 0 0
406.02941176470586 47.66176470588232 -1 0 0
408.1470588235294 40.60294117647058 -1 0 0
396.8529411764706 36.36764705882351 -1 0 0
405.67647058823525 32.132352941176464 -1 0 0
391.9117647058823 36.36764705882351 -1 0 0
387.32352941176475 33.89705882352939 -1 0 0
397.5588235294117 51.544117647058805 -1 0 0
378.1470588235294 61.426470588235276 -1 0 0
380.2647058823529 72.36764705882351 -1 0 0
390.1470588235294 66.7205882352941 -1 0 0
384.8529411764706 61.77941176470587 -1 0 0
385.9117647058823 51.19117647058822 -1 0 0
375.67647058823525 46.60294117647055 -1 0 0
397.9117647058823 67.77941176470587 -1 0 0
403.2058823529412 75.19117647058822 -1 0 0
393.67647058823525 81.89705882352939 -1 0 0
388.38235294117646 85.77941176470586 -1 0 0
398.2647058823529 95.66176470588232 -1 0 0
401.7941176470588 87.5441176470588 -1 0 0
447.32352941176464 45.54411764705881 -1 0 0
444.8529411764706 38.838235294117624 -1 0 0
447.67647058823525 32.838235294117624 -1 0 0
452.61764705882354 36.01470588235293 -1 0 0
452.2647058823529 45.897058823529385 -1 0 0
456.5 51.89705882352939 -1 0 0
458.2647058823529 42.01470588235293 -1 0 0
462.8529411764706 37.073529411764696 -1 0 0
460.02941176470586 30.720588235294088 -1 0 0
459.67647058823525 24.367647058823508 -1 0 0
454.38235294117646 19.426470588235276 -1 0 0
444.1470588235294 22.25 -1 0 0
381.235294117647 10.669117647058812 -1 0 0
377.35294117647055 6.433823529411768 -1 0 0
356.88235294117646 8.022058823529406 -1 0 0
347.52941176470586 13.316176470588232 -1 0 0
356.88235294117646 17.55147058823529 -1 0 0
348.5882352941176 28.669117647058822 -1 0 0
349.6470588235294 51.43382352941176 -1 0 0
354.5882352941176 71.55147058823529 -1 0 0
382.11764705882354 46.49264705882353 -1 0 0
404.0 8.022058823529406 -1 0 0
460.8235294117647 5.022058823529406 -1 0 0
476.70588235294116 14.375 -1 0 0
483.7647058823529 17.55147058823529 -1 0 0
483.94117647058823 27.786764705882348 -1 0 0
473.52941176470586 22.845588235294116 -1 0 0
475.2941176470588 31.66911764705882 -1 0 0
480.05882352941177 45.786764705882355 -1 0 0
476.35294117647055 74.0220588235294 -1 0 0
467.70588235294116 74.7279411764706 -1 0 0
448.2941176470588 53.02205882352941 -1 0 0
442.4705882352941 28.139705882352942 -1 0 0
414.7647058823529 47.72794117647059 -1 0 0
414.5882352941176 56.904411764705884 -1 0 0
424.1176470588235 52.13970588235294 -1 0 0
405.235294117647 63.43382352941177 -1 0 0
388.4705882352941 16.316176470588232 -1 0 0
369.7647058823529 74.0220588235294 -1 0 0
418.1176470588235 76.13970588235294 -1 0 0
471.0588235294117 93.3676470588235 -1 0 0
478.99999999999994 89.48529411764702 -1 0 0
483.76470588235287 97.60294117647055 -1 0 0
477.76470588235287 116.13235294117644 -1 0 0
468.9411764705882 112.60294117647055 -1 0 0
474.76470588235287 108.0147058823529 -1 0 0
470.7058823529411 84.19117647058819 -1 0 0
433.1176470588235 91.95588235294113 -1 0 0
421.47058823529403 88.24999999999996 -1 0 0
429.76470588235287 107.66176470588232 -1 0 0
423.9411764705882 118.60294117647055 -1 0 0
436.82352941176464 132.8970588235294 -1 0 0
441.76470588235287 128.3088235294117 -1 0 0
371.5294117647058 145.60294117647055 -1 0 0
363.9411764705882 85.07352941176467 -1 0 0
371.7058823529411 98.13235294117644 -1 0 0
527.1764705882352 108.01470588235287 -1 0 0
524.0 121.42647058823522 -1 0 0
504.05882352941177 120.19117647058816 -1 0 0
511.8235294117647 121.42647058823522 -1 0 0
497.88235294117646 118.60294117647051 -1 0 0
566.1764705882354 110.48529411764699 -1 0 0
549.9411764705883 117.72058823529404 -1 0 0
561.9411764705883 100.9558823529411 -1 0 0
545.5294117647059 105.01470588235287 -1 0 0
579.2352941176471 109.7794117647058 -1 0 0
593.5294117647059 110.30882352941168 -1 0 0
587.1764705882354 104.83823529411757 -1 0 0
486.2352941176471 107.13235294117639 -1 0 0
499.11764705882354 107.83823529411757 -1 0 0
469.47058823529414 132.72058823529403 -1 0 0
550.4705882352941 106.60294117647051 -1 0 0
512.8823529411765 66.01470588235284 -1 0 0
519.5882352941176 72.8970588235293 -1 0 0
509.17647058823525 77.83823529411754 -1 0 0
502.1176470588235 94.77941176470578 -1 0 0
489.4117647058823 69.72058823529402 -1 0 0
547.8235294117646 66.19117647058813 -1 0 0
548.0 75.36764705882342 -1 0 0
536.1764705882352 66.36764705882342 -1 0 0
539.7058823529411 72.36764705882342 -1 0 0
525.5882352941176 74.30882352941167 -1 0 0
527.3529411764705 66.36764705882342 -1 0 0
514.1176470588234 86.83823529411754 -1 0 0
513.7647058823529 97.07352941176461 -1 0 0
522.5882352941176 88.42647058823519 -1 0 0
450.9411764705882 63.72058823529402 -1 0 0
456.9411764705882 82.07352941176461 -1 0 0
406.99999999999994 99.01470588235284 -1 0 0
461.88235294117646 19.2499999999999 -1 0 0
494.35294117647055 26.66176470588225 -1 0 0
506.70588235294116 25.779411764705785 -1 0 0
513.4117647058823 33.01470588235284 -1 0 0
521.7058823529411 28.602941176470495 -1 0 0
515.0 24.897058823529306 -1 0 0
516.7647058823529 19.602941176470495 -1 0 0
508.6470588235294 19.602941176470495 -1 0 0
498.235294117647 27.544117647058727 -1 0 0
502.6470588235294 21.897058823529306 -1 0 0
498.4117647058823 18.720588235294016 -1 0 0
498.235294117647 15.014705882352843 -1 0 0
503.70588235294116 15.720588235294016 -1 0 0
522.2352941176471 36.36764705882342 -1 0 0
541.2941176470588 22.42647058823519 -1 0 0
550.6470588235294 22.602941176470495 -1 0 0
548.8823529411764 18.191176470588132 -1 0 0
546.2352941176471 15.720588235294016 -1 0 0
562.1176470588234 17.132352941176364 -1 0 0
557.3529411764705 29.13235294117638 -1 0 0
547.6470588235294 33.54411764705873 -1 0 0
544.470588235294 37.779411764705785 -1 0 0
553.2941176470588 33.72058823529402 -1 0 0
555.5882352941176 37.60294117647049 -1 0 0
560.7058823529412 32.30882352941167 -1 0 0
561.9411764705882 38.48529411764696 -1 0 0
565.2941176470588 48.72058823529402 -1 0 0
563.1764705882352 62.132352941176364 -1 0 0
563.8823529411765 89.66176470588226 -1 0 0
557.1764705882352 67.42647058823519 -1 0 0
552.5882352941176 54.72058823529402 -1 0 0
544.8235294117646 47.30882352941167 -1 0 0
504.9411764705882 42.19117647058813 -1 0 0
496.82352941176464 47.838235294117545 -1 0 0
505.82352941176464 48.72058823529402 -1 0 0
506.52941176470586 55.07352941176461 -1 0 0
515.0 55.60294117647049 -1 0 0
506.8823529411764 60.89705882352931 -1 0 0
501.9411764705882 66.19117647058815 -1 0 0
489.235294117647 51.19117647058814 -1 0 0
481.6470588235294 23.13235294117638 -1 0 0
447.235294117647 16.779411764705785 -1 0 0
463.6470588235294 93.72058823529402 -1 0 0
443.35294117647055 92.13235294117638 -1 0 0
530.5294117647059 22.602941176470495 -1 0 0
532.2941176470588 51.54411764705873 -1 0 0
555.5882352941176 63.36764705882343 -1 0 0
174.67647058823533 11.661764705882348 -1 0 0
166.5588235294118 23.308823529411768 -1 0 0
169.3823529411765 11.661764705882348 -1 0 0
251.26470588235296 4.25 -1 0 0
256.5588235294118 29.661764705882348 -1 0 0
223.7352941176471 78.7205882352941 -1 0 0
197.97058823529412 83.30882352941174 -1 0 0
191.61764705882356 88.60294117647057 -1 0 0
156.67647058823533 81.89705882352939 -1 0 0
162.32352941176472 82.60294117647057 -1 0 0
156.67647058823533 77.66176470588233 -1 0 0
150.67647058823533 53.308823529411754 -1 0 0
153.14705882352945 50.13235294117645 -1 0 0
118.5588235294118 49.073529411764696 -1 0 0
61.7352941176471 90.72058823529412 -1 0 0
54.67647058823533 87.5441176470588 -1 0 0
54.32352941176474 123.89705882352938 -1 0 0
71.97058823529414 108.01470588235291 -1 0 0
79.7352941176471 120.72058823529407 -1 0 0
185.26470588235296 72.7205882352941 -1 0 0
190.91176470588238 66.36764705882351 -1 0 0
205.7352941176471 64.24999999999999 -1 0 0
228.32352941176472 130.24999999999997 -1 0 0
220.91176470588235 130.95588235294116 -1 0 0
250.5588235294118 133.0735294117647 -1 0 0
259.7352941176471 124.60294117647055 -1 0 0
255.14705882352942 122.13235294117642 -1 0 0
271.7352941176471 83.30882352941174 -1 0 0
288.67647058823536 29.661764705882348 -1 0 0
331.0294117647059 93.19117647058822 -1 0 0
334.9117647058824 87.5441176470588 -1 0 0
343.3823529411765 53.308823529411754 -1 0 0
341.9705882352941 46.60294117647055 -1 0 0
335.9705882352941 4.25 -1 0 0
324.6764705882353 95.66176470588232 -1 0 0
299.2647058823529 108.01470588235291 -1 0 0
295.7352941176471 158.13235294117644 -1 0 0
221.97058823529412 117.1911764705882 -1 0 0
226.55882352941177 118.60294117647055 -1 0 0
225.14705882352942 145.07352941176467 -1 0 0
225.32352941176475 159.05882352941182 -1 0 0
409.02941176470586 59.52941176470591 -1 0 0
433.38235294117646 40.117647058823565 -1 0 0
465.8529411764706 57.411764705882405 -1 0 0
465.8529411764706 48.94117647058826 -1 0 0
478.9117647058823 54.58823529411768 -1 0 0
484.5588235294117 58.117647058823565 -1 0 0
476.08823529411757 62.00000000000003 -1 0 0
520.5588235294117 99.41176470588239 -1 0 0
558.3235294117646 57.764705882352985 -1 0 0
561.8529411764706 43.29411764705887 -1 0 0
555.8529411764706 45.0588235294118 -1 0 0
551.970588235294 41.52941176470591 -1 0 0
541.0294117647059 47.17647058823533 -1 0 0
541.7352941176471 56.00000000000003 -1 0 0
545.6176470588235 54.58823529411768 -1 0 0
579.5 70.82352941176472 -1 0 0
566.4411764705882 71.88235294117649 -1 0 0
561.1470588235294 75.76470588235296 -1 0 0
562.9117647058823 82.82352941176472 -1 0 0
559.0294117647059 72.58823529411768 -1 0 0
633.8529411764705 146.3529411764706 -1 0 0
580.2058823529411 97.29411764705885 -1 0 0
582.3235294117646 91.64705882352945 -1 0 0
578.0882352941176 87.0588235294118 -1 0 0
571.7352941176471 87.0588235294118 -1 0 0
567.8529411764706 98.00000000000003 -1 0 0
572.0882352941176 93.0588235294118 -1 0 0
592.2058823529411 84.2352941176471 -1 0 0
595.0294117647059 77.8823529411765 -1 0 0
597.1470588235294 57.764705882352985 -1 0 0
591.5 54.94117647058826 -1 0 0
586.9117647058823 60.2352941176471 -1 0 0
582.6764705882352 54.58823529411768 -1 0 0
203.61764705882354 234.23529411764707 -1 0 0
391.38235294117646 93.0588235294118 -1 0 0
398.0882352941176 85.29411764705885 -1 0 0
389.2647058823529 110.7058823529412 -1 0 0
387.5 119.88235294117652 -1 0 0
381.8529411764706 150.58823529411768 -1 0 0
380.4411764705882 191.5294117647059 -1 0 0
325.38235294117646 113.17647058823533 -1 0 0
305.9705882352941 33.411764705882405 -1 0 0
458.08823529411757 95.52941176470591 -1 0 0
439.7352941176471 113.52941176470591 -1 0 0
437.61764705882354 125.52941176470591 -1 0 0
426.67647058823525 125.8823529411765 -1 0 0
524.0882352941176 32.70588235294122 -1 0 0
515.970588235294 40.82352941176475 -1 0 0
467.61764705882354 32.35294117647064 -1 0 0
464.7941176470588 44.70588235294122 -1 0 0
644.0882352941176 129.0588235294118 -1 0 0
570.3235294117646 64.82352941176475 -1 0 0
570.6764705882352 45.764705882352985 -1 0 0
576.6764705882352 44.70588235294122 -1 0 0
570.3235294117646 35.17647058823533 -1 0 0
568.2058823529411 32.35294117647064 -1 0 0
586.9117647058823 47.52941176470591 -1 0 0
580.5588235294117 47.17647058823533 -1 0 0
583.7352941176471 33.764705882352985 -1 0 0
380.7941176470588 83.17647058823533 -1 0 0
353.2647058823529 54.58823529411768 -1 0 0
359.61764705882354 40.117647058823565 -1 0 0
352.5588235294117 325.5147058823529 -1 0 0
360.3235294117647 337.86764705882354 -1 0 0
369.5 331.86764705882354 -1 0 0
374.4411764705882 345.9852941176471 -1 0 0
389.2647058823529 344.2205882352941 -1 0 0
395.9705882352941 319.86764705882354 -1 0 0
389.9705882352941 308.2205882352941 -1 0 0
410.7941176470588 284.5735294117647 -1 0 0
497.97058823529414 313.1617647058823 -1 0 0
481.7352941176471 328.6911764705882 -1 0 0
537.1470588235294 321.9852941176471 -1 0 0
547.3823529411765 321.9852941176471 -1 0 0
541.0294117647059 331.1617647058823 -1 0 0
525.8529411764706 213.98529411764704 -1 0 0
549.1470588235294 182.22058823529412 -1 0 0
565.3823529411765 224.92647058823528 -1 0 0
588.6764705882352 235.8676470588235 -1 0 0
580.2058823529411 219.27941176470586 -1 0 0
571.7352941176471 259.5147058823529 -1 0 0
574.2058823529411 263.0441176470588 -1 0 0
471.5 201.63235294117646 -1 0 0
410.4411764705882 178.69117647058823 -1 0 0
406.20588235294116 206.2205882352941 -1 0 0
425.61764705882354 100.95588235294115 -1 0 0
402.3235294117647 114.72058823529409 -1 0 0
398.7941176470588 105.5441176470588 -1 0 0
354.3235294117647 9.544117647058812 -1 0 0
349.38235294117646 18.720588235294088 -1 0 0
421.7352941176471 13.073529411764696 -1 0 0
428.0882352941176 14.838235294117624 -1 0 0
499.7352941176471 7.073529411764696 -1 0 0
505.02941176470586 9.191176470588232 -1 0 0
511.38235294117646 8.132352941176464 -1 0 0
518.7941176470588 9.191176470588232 -1 0 0
537.1470588235294 10.60294117647058 -1 0 0
532.2058823529411 10.60294117647058 -1 0 0
538.2058823529411 3.191176470588232 -1 0 0
542.0882352941176 16.60294117647058 -1 0 0
552.6764705882352 7.426470588235276 -1 0 0
545.6176470588235 6.720588235294116 -1 0 0
554.7941176470588 11.661764705882348 -1 0 0
553.7352941176471 15.544117647058812 -1 0 0
562.5588235294117 9.897058823529392 -1 0 0
585.1470588235294 4.25 -1 0 0
593.6176470588235 24.367647058823508 -1 0 0
573.8529411764706 25.426470588235272 -1 0 0
569.6176470588235 20.485294117647044 -1 0 0
565.7352941176471 27.89705882352939 -1 0 0
561.8529411764706 26.485294117647044 -1 0 0
584.4411764705882 22.95588235294116 -1 0 0
582.3235294117646 15.544117647058812 -1 0 0
580.9117647058823 9.191176470588232 -1 0 0
592.9117647058823 16.95588235294116 -1 0 0
586.5588235294117 28.25 -1 0 0
635.2647058823529 132.01470588235293 -1 0 0
545.6176470588235 29.30882352941174 -1 0 0
498.32352941176464 55.073529411764696 -1 0 0
521.2647058823529 60.01470588235293 -1 0 0
509.2647058823529 83.66176470588233 -1 0 0
472.9117647058823 60.7205882352941 -1 0 0
358.20588235294116 28.25 -1 0 0
398.7941176470588 5.661764705882348 -1 0 0
408.67647058823525 16.60294117647058 -1 0 0
263.2647058823529 205.07352941176467 -1 0 0
308.0882352941176 42.72058823529409 -1 0 0
338.0882352941176 41.30882352941174 -1 0 0
371.2647058823529 112.24999999999997 -1 0 0
403.38235294117646 132.7205882352941 -1 0 0
420.67647058823525 125.66176470588232 -1 0 0
344.4411764705883 26.485294117647044 -1 0 0
453.85294117647067 8.485294117647044 -1 0 0
448.55882352941177 3.191176470588232 -1 0 0
365.97058823529414 153.8970588235294 -1 0 0
440.6176470588236 253.64705882352945 -1 0 0
424.3823529411765 260.00000000000006 -1 0 0
170.26470588235298 246.58823529411768 -1 0 0
151.2058823529412 179.52941176470594 -1 0 0
139.91176470588238 179.52941176470594 -1 0 0
20.617647058823536 149.88235294117652 -1 0 0
22.735294117647072 144.9411764705883 -1 0 0
22.735294117647072 48.94117647058829 -1 0 0
19.911764705882376 30.58823529411768 -1 0 0
26.970588235294116 283.2941176470589 -1 0 0
19.205882352941188 292.4705882352942 -1 0 0
24.85294117647061 3.058823529411825 -1 0 0
30.5 5.882352941176521 -1 0 0
41.08823529411765 3.058823529411825 -1 0 0
360.14705882352945 17.88235294117652 -1 0 0
176.44117647058826 103.42647058823528 -1 0 0
255.14705882352942 21.544117647058812 -1 0 0
111.50000000000003 53.308823529411754 -1 0 0
82.20588235294119 19.426470588235276 -1 0 0
59.26470588235297 4.60294117647058 -1 0 0
325.02941176470586 47.66176470588232 -1 0 0
294.67647058823525 100.95588235294115 -1 0 0
266.4411764705883 109.0735294117647 -1 0 0
109.02941176470591 150.01470588235293 -1 0 0
568.2058823529411 8.132352941176464 -1 0 0
492.32352941176464 20.485294117647044 -1 0 0
494.08823529411757 11.661764705882348 -1 0 0
317.2647058823529 208.24999999999997 -1 0 0
318.3235294117647 73.77941176470587 -1 0 0
341.61764705882354 200.83823529411762 -1 0 0
374.7941176470588 210.0147058823529 -1 0 0
503.97058823529403 110.48529411764704 -1 0 0
511.02941176470586 112.95588235294116 -1 0 0
561.3235294117646 120.94117647058829 -1 0 0
472.3823529411766 36.94117647058829 -1 0 0
114.08641358641358 252.12387612387607 -1 0 0
