222.54460980036288 472.8647549909256 -1 0 0
6.632692075015124 709.1904658197217 -1 0 0
64.82506957047791 694.965662431942 -1 0 0
83.57594676346035 695.6122444041138 -1 0 0
166.98502117362366 703.3712280701754 -1 0 0
242.63511191772537 707.8973018753782 -1 0 0
24.736987295825777 704.0178100423473 -1 0 0
16.978003629764043 709.1904658197217 -1 0 0
206.42652147610403 707.8973018753782 -1 0 0
280.78344827586193 705.9575559588627 -1 0 0
307.2933091349062 703.3712280701754 -1 0 0
351.26088324258916 698.8451542649728 -1 0 0
379.063908045977 703.3712280701754 -1 0 0
409.453260738052 704.6643920145191 -1 0 0
453.420834845735 705.9575559588627 -1 0 0
489.62942528735624 695.6122444041138 -1 0 0
492.21575317604356 652.9378342407744 -1 0 0
455.3605807622504 678.1545311554748 -1 0 0
467.64563823351483 632.2472111312765 -1 0 0
432.7302117362371 650.3515063520872 -1 0 0
410.0998427102238 628.3677192982457 -1 0 0
415.91908045977004 671.042129461585 -1 0 0
371.30492437991524 678.1545311554748 -1 0 0
366.13226860254076 638.0664488808228 -1 0 0
343.50189957652753 656.1707441016334 -1 0 0
310.52621899576525 634.1869570477919 -1 0 0
282.0766122202056 632.2472111312765 -1 0 0
277.550538415003 611.5565880217786 -1 0 0
274.9642105263158 662.6365638233515 -1 0 0
193.49488203266785 671.042129461585 -1 0 0
161.8123653962492 676.2147852389594 -1 0 0
132.7161766485178 639.3596128251664 -1 0 0
181.85640653357524 614.7894978826376 -1 0 0
214.83208711433755 634.8335390199637 -1 0 0
97.15416817906834 637.419866908651 -1 0 0
8.57243799153051 656.1707441016334 -1 0 0
28.616479128856597 633.5403750756201 -1 0 0
50.600266182698114 638.7130308529945 -1 0 0
53.18659407138534 621.2553176043557 -1 0 0
90.04176648517844 609.6168421052631 -1 0 0
15.038257713248608 596.0386206896552 -1 0 0
33.14255293405926 594.7454567453116 -1 0 0
29.263061101028395 575.3479975801573 -1 0 0
62.23874168179067 581.1672353297035 -1 0 0
102.97340592861464 591.5125468844525 -1 0 0
134.00934059286143 592.8057108287962 -1 0 0
146.29439806412577 608.3236781609196 -1 0 0
210.95259528130669 599.2715305505143 -1 0 0
269.79155474894134 592.1591288566243 -1 0 0
306.00014519056253 597.9783666061707 -1 0 0
333.15658802177853 601.8578584392016 -1 0 0
393.28871143375676 594.7454567453116 -1 0 0
420.44515426497276 582.4603992740472 -1 0 0
439.842613430127 627.7211373260737 -1 0 0
460.53323653962497 606.3839322444041 -1 0 0
492.21575317604356 612.8497519661222 -1 0 0
489.62942528735624 586.9864730792499 -1 0 0
461.82640048396854 579.87407138536 -1 0 0
435.9631215970961 564.3561040532365 -1 0 0
470.23196612220204 564.3561040532365 -1 0 0
498.03499092558985 554.0107924984876 -1 0 0
498.03499092558985 529.4406775559588 -1 0 0
449.5413430127042 526.8543496672717 -1 0 0
419.1519903206292 550.7778826376286 -1 0 0
406.8669328493647 535.906497277677 -1 0 0
377.7707441016334 563.0629401088929 -1 0 0
387.46947368421047 520.3885299455536 -1 0 0
350.61430127041734 522.9748578342408 -1 0 0
351.26088324258916 563.0629401088929 -1 0 0
322.81127646702953 573.4082516636419 -1 0 0
311.1728009679371 538.4928251663642 -1 0 0
276.9039564428312 518.4487840290382 -1 0 0
266.5586448880822 559.830030248034 -1 0 0
240.69536600120992 583.7535632183908 -1 0 0
222.5910707803993 567.5890139140955 -1 0 0
247.16118572292797 556.5971203871749 -1 0 0
233.58296430732003 540.4325710828797 -1 0 0
234.87612825166363 508.10347247428916 -1 0 0
161.8123653962492 549.4847186932849 -1 0 0
146.29439806412577 546.8983908045977 -1 0 0
187.67564428312156 568.8821778584393 -1 0 0
93.92125831820931 539.139407138536 -1 0 0
1.4600362976406183 493.2320871143375 -1 0 0
2.7532002419842567 458.3166606170599 -1 0 0
55.126339987900785 469.3085541439806 -1 0 0
57.06608590441622 438.91920145190556 -1 0 0
73.87721718088322 432.4533817301875 -1 0 0
103.61998790078643 431.1602177858439 -1 0 0
119.13795523290986 442.7986932849364 -1 0 0
128.1901028433152 418.87516031457955 -1 0 0
163.10552934059285 413.05592256503326 -1 0 0
164.39869328493643 452.4974228675136 -1 0 0
194.1414640048397 464.78248033877793 -1 0 0
185.08931639443438 431.1602177858439 -1 0 0
232.93638233514818 422.7546521476104 -1 0 0
212.89234119782208 449.91109497882644 -1 0 0
309.2330550514217 462.84273442226254 -1 0 0
311.8193829401089 440.21236539624925 -1 0 0
346.08822746521474 442.1521113127647 -1 0 0
331.8634240774349 427.280725952813 -1 0 0
371.9515063520871 440.858947368421 -1 0 0
328.6305142165759 472.54146400483967 -1 0 0
399.10794918330305 462.84273442226254 -1 0 0
413.9793345432546 495.17183303085295 -1 0 0
460.53323653962497 503.5773986690865 -1 0 0
499.9747368421053 502.28423472474293 -1 0 0
503.854228675136 433.09996370235933 -1 0 0
482.5170235934664 426.6341439806412 -1 0 0
448.89476104053233 440.21236539624925 -1 0 0
418.5054083484573 447.32476709013906 -1 0 0
430.79046581972165 431.1602177858439 -1 0 0
484.4567695099818 386.5460617059891 -1 0 0
459.8866545674531 413.7025045372051 -1 0 0
437.90286751361157 411.7627586206896 -1 0 0
404.2806049606775 423.4012341197822 -1 0 0
383.58998185117963 435.68629159104654 -1 0 0
382.296817906836 408.52984875983054 -1 0 0
402.98744101633395 378.78707803992734 -1 0 0
367.4254325468844 398.18453720508165 -1 0 0
360.3130308529944 417.5819963702359 -1 0 0
319.5783666061705 413.7025045372051 -1 0 0
329.9236781609195 398.18453720508165 -1 0 0
345.441645493043 390.4255535390199 -1 0 0
332.5100060496068 378.78707803992734 -1 0 0
315.0522928009679 369.734930429522 -1 0 0
291.128759830611 393.0118814277071 -1 0 0
267.85180883242595 405.94352087114333 -1 0 0
245.22143980641255 387.8392256503327 -1 0 0
216.77183303085295 392.36529945553536 -1 0 0
203.84019358741676 384.6063157894737 -1 0 0
226.47056261343013 374.2610042347247 -1 0 0
185.7358983666061 408.52984875983054 -1 0 0
173.4508408953418 391.0721355111918 -1 0 0
198.66753781004232 372.3212583182093 -1 0 0
175.3905868118572 372.9678402903811 -1 0 0
170.21793103448275 361.97594676346034 -1 0 0
154.0533817301875 367.79518451300663 -1 0 0
124.95719298245612 378.78707803992734 -1 0 0
100.38707803992736 388.4858076225045 -1 0 0
100.38707803992736 365.20885662431937 -1 0 0
123.01744706594069 404.0037749546279 -1 0 0
51.893430127041704 418.87516031457955 -1 0 0
71.9374712643678 418.2285783424077 -1 0 0
75.17038112522683 405.94352087114333 -1 0 0
67.41139745916513 386.5460617059891 -1 0 0
47.36735632183904 383.9597338173018 -1 0 0
44.78102843315181 369.734930429522 -1 0 0
11.805347852389584 363.2691107078039 -1 0 0
25.383569267997572 389.13238959467634 -1 0 0
9.219019963702355 391.0721355111918 -1 0 0
14.391675741076813 433.74654567453115 -1 0 0
513.5064972776769 701.2698366606171 -1 0 0
562.6467271627344 694.804016938899 -1 0 0
594.6525347852389 697.0670538415004 -1 0 0
633.7707441016333 695.127307924985 -1 0 0
603.3813914095583 656.6556805807624 -1 0 0
630.2145432546884 675.0832667876589 -1 0 0
540.3396491228069 638.8746763460375 -1 0 0
577.8414035087718 636.9349304295221 -1 0 0
609.5239201451905 629.4992377495463 -1 0 0
621.4856866303691 600.0797580157291 -1 0 0
583.3373502722322 599.1098850574714 -1 0 0
559.4138173018754 619.8005081669692 -1 0 0
521.2654809437386 577.4493889897157 -1 0 0
556.1809074410162 596.8468481548699 -1 0 0
546.1588868723533 566.7807864488809 -1 0 0
561.0302722323048 576.4795160314579 -1 0 0
611.14037507562 563.8711675741077 -1 0 0
622.1322686025408 544.7969993950394 -1 0 0
560.0603992740471 544.7969993950394 -1 0 0
700.0453962492435 682.3573139745916 -1 0 0
709.0975438596488 636.4499939503933 -1 0 0
665.4532607380517 586.9864730792499 -1 0 0
688.7302117362368 588.2796370235935 -1 0 0
770.8461222020566 696.5821173623715 -1 0 0
792.8299092558981 670.0722565033273 -1 0 0
808.6711675741074 671.6887114337568 -1 0 0
767.2899213551116 608.0003871748337 -1 0 0
781.8380157289773 615.7593708408954 -1 0 0
805.7615486993342 594.0988747731398 -1 0 0
792.5066182698122 562.0930671506352 -1 0 0
748.2157531760432 555.3039564428312 -1 0 0
744.3362613430124 582.4603992740472 -1 0 0
771.8159951603143 573.4082516636419 -1 0 0
710.3907078039924 575.6712885662432 -1 0 0
685.1740108892918 569.852050816697 -1 0 0
651.5517483363578 559.183448275862 -1 0 0
691.9631215970959 544.3120629159105 -1 0 0
692.2864125831818 543.9887719298246 -1 0 0
856.795063520871 640.65277676951 -1 0 0
909.4914942528735 672.3352934059286 -1 0 0
950.2261584996974 702.4013551119178 -1 0 0
959.9248880822746 676.2147852389594 -1 0 0
848.3894978826376 606.70722323049 -1 0 0
844.8332970356927 582.7836902601331 -1 0 0
877.8089776164549 566.6191409558378 -1 0 0
898.8228917120387 557.5669933454326 -1 0 0
928.8889534180278 551.4244646098003 -1 0 0
944.730211736237 574.7014156079855 -1 0 0
970.5934906231095 562.4163581367212 -1 0 0
978.3524742891711 589.572800967937 -1 0 0
910.4613672111312 598.6249485783424 -1 0 0
929.5355353901996 626.4279733817302 -1 0 0
972.2099455535389 642.9158136721113 -1 0 0
887.184416212946 647.441887477314 -1 0 0
857.118354506957 548.8381367211132 -1 0 0
1010.0117604355717 689.6313611615246 -1 0 0
1001.9294857834242 636.9349304295221 -1 0 0
1019.0639080459771 629.8225287356322 -1 0 0
1019.387199032063 607.5154506957048 -1 0 0
996.1102480338778 553.2025650332729 -1 0 0
522.5586448880821 525.8844767090138 -1 0 0
541.3095220810645 523.6214398064125 -1 0 0
545.8355958862672 511.01309134906217 -1 0 0
555.8576164549303 500.3444888082273 -1 0 0
537.4300302480336 448.9412220205685 -1 0 0
580.427731397459 463.1660254083483 -1 0 0
589.8031699939502 434.39312764670285 -1 0 0
609.2006291591044 479.00728372655766 -1 0 0
622.4555595886266 503.2541076830005 -1 0 0
597.8854446460979 516.8323290986085 -1 0 0
614.0499939503931 527.5009316394433 -1 0 0
584.6305142165758 531.3804234724741 -1 0 0
647.3489655172413 511.65967332123404 -1 0 0
654.1380762250452 479.00728372655766 -1 0 0
656.4011131276465 453.14400483968535 -1 0 0
675.1519903206289 469.3085541439806 -1 0 0
669.9793345432545 493.87866908650926 -1 0 0
686.1438838475497 516.5090381125226 -1 0 0
727.5251300665456 533.9667513611614 -1 0 0
754.0349909255897 531.7037144585602 -1 0 0
776.9886509376889 533.9667513611614 -1 0 0
796.709401088929 534.6133333333332 -1 0 0
822.5726799758014 527.1776406533575 -1 0 0
853.6086146400481 510.36650937689046 -1 0 0
827.098753781004 484.82652147610395 -1 0 0
785.7175075620082 465.1057713248637 -1 0 0
819.0164791288564 451.5275499092558 -1 0 0
852.6387416817904 454.1138777979431 -1 0 0
863.9539261947971 458.3166606170598 -1 0 0
864.600508166969 479.97715668481544 -1 0 0
717.1798185117965 439.5657834240773 -1 0 0
736.9005686630368 502.6075257108287 -1 0 0
764.0570114942526 467.36880822746514 -1 0 0
906.2353539019963 526.5310586811855 -1 0 0
922.0766122202058 542.6956079854808 -1 0 0
956.3454567453116 523.9447307924983 -1 0 0
998.3732849364792 526.2077676950997 -1 0 0
1015.830998185118 524.914603750756 -1 0 0
983.5018995765275 511.3363823351481 -1 0 0
972.8332970356927 503.9006896551722 -1 0 0
934.3616696914701 517.4789110707802 -1 0 0
897.5064972776769 486.4429764065334 -1 0 0
920.783448275862 476.74424682395625 -1 0 0
926.9259770114944 492.90879612825154 -1 0 0
987.0581004234726 433.423254688445 -1 0 0
1012.598088324259 451.5275499092557 -1 0 0
998.0499939503933 416.9354143980639 -1 0 0
1010.6583424077436 410.7928856624318 -1 0 0
942.1206533575319 430.83692679975786 -1 0 0
961.1948215366002 397.8612462189956 -1 0 0
937.2712885662432 399.800992135511 -1 0 0
919.4902843315186 397.8612462189956 -1 0 0
901.7092800967937 395.27491833030837 -1 0 0
896.8599153055052 410.1463036902599 -1 0 0
879.0789110707805 404.3270659407137 -1 0 0
854.1855051421658 409.82301270417406 -1 0 0
847.0731034482759 430.51363581367195 -1 0 0
806.3384392014519 423.72452510586794 -1 0 0
826.0591893526921 428.5738898971565 -1 0 0
915.2875015124017 411.11617664851775 -1 0 0
988.3512643678162 403.357192982456 -1 0 0
988.0279733817304 373.61442226255286 -1 0 0
1003.2226497277676 362.6225287356321 -1 0 0
1021.3269449485784 421.1381972171808 -1 0 0
1021.0036539624925 373.9377132486387 -1 0 0
1022.2968179068362 350.9840532365395 -1 0 0
1008.0720145190562 355.51012704174224 -1 0 0
997.4034119782215 344.5182335148215 -1 0 0
987.3813914095584 353.89367211131264 -1 0 0
1001.2829038112521 327.70710223835437 -1 0 0
948.2631820931639 381.3734059286146 -1 0 0
957.6386206896553 378.46378705384143 -1 0 0
952.7892558983667 366.50202056866294 -1 0 0
925.3095220810649 360.3594918330308 -1 0 0
919.4902843315186 370.38151240169384 -1 0 0
904.9421899576529 373.9377132486387 -1 0 0
934.3616696914701 372.64454930429514 -1 0 0
877.462456140351 368.1184754990925 -1 0 0
898.1530792498488 359.06632788868717 -1 0 0
869.0568905021174 358.09645493042945 -1 0 0
863.2376527525711 358.09645493042945 -1 0 0
861.9444888082276 391.0721355111917 -1 0 0
844.8100665456745 391.0721355111917 -1 0 0
823.472861464005 413.0559225650332 -1 0 0
791.1437628554145 393.65846339987894 -1 0 0
808.2781851179674 376.52404113732604 -1 0 0
813.1275499092559 367.14860254083476 -1 0 0
827.3523532970357 370.05822141560793 -1 0 0
837.0510828796129 356.8032909860858 -1 0 0
822.826279491833 345.16481548699323 -1 0 0
846.74981246219 347.4278523895946 -1 0 0
865.1773986690865 343.87165154264966 -1 0 0
2.1298487598306144 340.9620326678765 -1 0 0
10.535414398064145 336.43595886267383 -1 0 0
18.94098003629765 319.3015366001209 -1 0 0
11.50528735632186 316.39191772534775 -1 0 0
8.57243799153051 294.4081306715062 -1 0 0
25.383569267997572 305.400024198427 -1 0 0
16.331421657592248 300.87395039322433 -1 0 0
36.375462794918334 300.87395039322433 -1 0 0
52.54001209921355 300.87395039322433 -1 0 0
74.54702964307322 366.5020205686629 -1 0 0
38.338439201451905 311.86584392014504 -1 0 0
28.96300060496069 319.6248275862067 -1 0 0
66.14146400483968 316.0686267392618 -1 0 0
52.2399516031458 313.4822988505746 -1 0 0
75.51690260133093 318.33166364186314 -1 0 0
69.69766485178465 298.9342044767088 -1 0 0
76.16348457350273 304.4301512401692 -1 0 0
39.95489413188142 288.9121839080458 -1 0 0
55.47286146400484 338.0524137931033 -1 0 0
43.18780399274047 347.75114337568044 -1 0 0
130.15307924984876 351.3073442226254 -1 0 0
147.2875015124017 350.9840532365395 -1 0 0
173.15078039927405 352.2772171808831 -1 0 0
160.8657229280097 345.48810647307914 -1 0 0
102.350054446461 319.6248275862067 -1 0 0
98.79385359951601 311.2192619479732 -1 0 0
101.70347247428916 305.076733212341 -1 0 0
97.82398064125834 297.64104053236525 -1 0 0
108.81587416817905 298.9342044767088 -1 0 0
114.95840290381128 305.7233151845129 -1 0 0
119.16118572292801 317.0384996975195 -1 0 0
129.82978826376285 322.8577374470658 -1 0 0
123.36396854204476 302.16711433756785 -1 0 0
130.79966122202057 306.36989715668466 -1 0 0
138.8819358741682 307.9863520871142 -1 0 0
142.43813672111312 309.27951603145783 -1 0 0
150.5204113732607 321.56457350272217 -1 0 0
32.51920145190564 286.97243799153046 -1 0 0
30.579455535390203 276.62712643678157 -1 0 0
36.39869328493648 267.8982698124621 -1 0 0
47.39058681185724 262.72561403508763 -1 0 0
36.72198427102241 254.64333938294004 -1 0 0
17.971107078039932 257.22966727162725 -1 0 0
46.720774349667195 273.0709255898366 -1 0 0
56.11944343617667 293.43825771324856 -1 0 0
47.71387779794313 279.5367453115547 -1 0 0
55.796152450090744 269.1914337568057 -1 0 0
112.69536600120992 286.64914700544455 -1 0 0
118.51460375075622 276.62712643678157 -1 0 0
119.80776769509981 271.1311796733211 -1 0 0
116.89814882032667 264.6653599516031 -1 0 0
123.04067755595888 264.6653599516031 -1 0 0
128.21333333333334 262.4023230490017 -1 0 0
126.25035692679975 293.76154869933447 -1 0 0
132.06959467634601 280.1833272837264 -1 0 0
145.0012341197822 296.3478765880217 -1 0 0
147.58756200846943 287.29572897761636 -1 0 0
234.87612825166363 357.12658197217166 -1 0 0
236.81587416817905 347.4278523895946 -1 0 0
223.23765275257102 342.9017785843919 -1 0 0
210.3060133091349 357.12658197217166 -1 0 0
199.96070175438587 342.9017785843918 -1 0 0
213.86221415607977 329.32355716878385 -1 0 0
191.23184513006646 328.0303932244402 -1 0 0
209.3361403508771 315.42204476709 -1 0 0
196.081209921355 312.18913490623095 -1 0 0
199.96070175438587 303.1369872958256 -1 0 0
203.51690260133083 307.66306110102823 -1 0 0
212.56905021173614 304.4301512401692 -1 0 0
220.97461584996967 301.1972413793102 -1 0 0
221.29790683605555 316.7152087114336 -1 0 0
238.43232909860853 323.18102843315165 -1 0 0
248.13105868118564 310.57267997580135 -1 0 0
237.13916515426487 301.1972413793102 -1 0 0
250.07080459770108 294.40813067150617 -1 0 0
261.3859891107077 310.2493889897155 -1 0 0
267.85180883242583 322.211155474894 -1 0 0
277.22724742891705 318.0083726557772 -1 0 0
276.25737447065933 328.3536842105261 -1 0 0
273.67104658197206 346.13468844525084 -1 0 0
272.3778826376285 356.1567090139139 -1 0 0
263.3257350272231 338.37570477918916 -1 0 0
252.65713248638832 342.25519661222006 -1 0 0
263.6490260133091 368.11847549909237 -1 0 0
275.6107924984875 378.7870780399272 -1 0 0
303.09052631578936 358.41974591651524 -1 0 0
285.30952208106464 358.09645493042933 -1 0 0
284.3396491228069 350.01418027828174 -1 0 0
281.10673926194784 338.37570477918916 -1 0 0
313.43583787053825 343.87165154264954 -1 0 0
180.2399516031457 309.6028070175436 -1 0 0
180.88653357531751 298.287622504537 -1 0 0
171.5110949788263 290.2053478523894 -1 0 0
169.24805807622496 298.9342044767088 -1 0 0
164.72198427102228 292.79167574107663 -1 0 0
176.36045977011483 283.7395281306713 -1 0 0
177.00704174228667 275.6572534785237 -1 0 0
195.11133696309733 277.9202903811251 -1 0 0
455.31411978221405 361.65265577737443 -1 0 0
478.59107078039926 337.0825408348457 -1 0 0
718.4729824561401 375.8774591651543 -1 0 0
730.1114579552327 376.52404113732604 -1 0 0
752.7418269812459 362.945819721718 -1 0 0
737.2238596491227 357.77316394434354 -1 0 0
723.6456382335147 337.72912280701746 -1 0 0
701.6618511796731 317.6850816696914 -1 0 0
670.6259165154264 320.27140955837865 -1 0 0
644.1160556563823 318.33166364186326 -1 0 0
661.573768905021 330.6167211131276 -1 0 0
589.8031699939502 324.15090139140955 -1 0 0
547.1287598306109 335.1427949183303 -1 0 0
492.81587416817894 336.4359588626739 -1 0 0
499.9282758620688 313.8055898366606 -1 0 0
522.5586448880821 303.4602782819116 -1 0 0
535.4902843315183 312.5124258923169 -1 0 0
542.6026860254082 300.2273684210526 -1 0 0
549.0685057471263 313.1590078644888 -1 0 0
557.4740713853598 292.46838475499084 -1 0 0
776.6653599516029 385.5761887477314 -1 0 0
791.5367453115547 371.9979673321233 -1 0 0
793.4764912280701 344.1949425287356 -1 0 0
812.8739503932243 341.60861464004836 -1 0 0
761.1473926194794 338.37570477918933 -1 0 0
761.1473926194794 326.09064730792494 -1 0 0
749.5089171203871 322.2111554748941 -1 0 0
737.8704416212945 317.0384996975196 -1 0 0
727.5251300665456 321.5645735027223 -1 0 0
760.5008106473077 306.0466061705989 -1 0 0
748.2157531760433 302.167114337568 -1 0 0
785.0709255898364 337.72912280701746 -1 0 0
785.0709255898364 313.1590078644888 -1 0 0
799.2957289776161 306.0466061705989 -1 0 0
818.0466061705988 309.9260980036297 -1 0 0
824.5124258923169 298.93420447670894 -1 0 0
820.632934059286 282.76965517241376 -1 0 0
786.36408953418 276.9504174228675 -1 0 0
735.930695704779 269.19143375680574 -1 0 0
765.6734664246823 269.19143375680574 -1 0 0
769.552958257713 292.4683847549909 -1 0 0
773.7557410768297 285.355983061101 -1 0 0
796.3861101028432 283.4162371445856 -1 0 0
809.3177495462793 279.86003629764065 -1 0 0
832.9179915305504 265.31194192377495 -1 0 0
835.1810284331517 280.8299092558984 -1 0 0
849.0825408348455 279.53674531155474 -1 0 0
842.6167211131275 270.48459770114937 -1 0 0
833.8878644888081 296.99445856019355 -1 0 0
796.3861101028432 327.3838112522686 -1 0 0
809.3177495462793 327.3838112522686 -1 0 0
821.6028070175437 331.90988505747123 -1 0 0
820.632934059286 323.50431941923773 -1 0 0
873.3293647912883 325.1207743496672 -1 0 0
856.8415245009072 318.978245614035 -1 0 0
830.3316636418631 307.0164791288566 -1 0 0
784.1010526315787 301.5205323653962 -1 0 0
762.4405565638232 275.333962492438 -1 0 0
731.4046218995763 295.05471264367816 -1 0 0
721.0593103448274 307.6630611010284 -1 0 0
684.1576769509982 338.37570477918916 -1 0 0
694.5029885057471 340.3154506957046 -1 0 0
373.8447912885662 378.46378705384143 -1 0 0
376.4311191772535 366.1787295825771 -1 0 0
406.17388989715664 357.77316394434354 -1 0 0
407.46705384150033 344.19494252873557 -1 0 0
426.8645130066546 366.8253115547489 -1 0 0
355.74049606775554 363.5924016938898 -1 0 0
338.9293647912886 361.6526557773744 -1 0 0
349.92125831820937 346.78127041742283 -1 0 0
338.9293647912886 319.62482758620683 -1 0 0
351.8610042347247 319.62482758620683 -1 0 0
357.03366001209923 319.62482758620683 -1 0 0
363.4994797338173 328.67697519661215 -1 0 0
377.72428312159707 333.8496309739867 -1 0 0
377.07770114942525 323.5043194192377 -1 0 0
382.8969388989716 313.15900786448873 -1 0 0
393.24225045372043 306.0466061705988 -1 0 0
406.8204718693285 310.5726799758015 -1 0 0
450.78804597701145 306.0466061705988 -1 0 0
470.18550514216577 310.5726799758015 -1 0 0
469.53892316999395 281.4764912280701 -1 0 0
460.4867755595886 288.58889292196 -1 0 0
467.5991772534785 300.87395039322433 -1 0 0
443.6756442831215 296.3478765880217 -1 0 0
425.57134906231096 289.2354748941318 -1 0 0
425.57134906231096 322.21115547489404 -1 0 0
415.8726194797338 303.4602782819116 -1 0 0
430.74400483968543 300.87395039322433 -1 0 0
274.9177495462795 309.92609800362965 -1 0 0
271.03825771324864 300.5506594071384 -1 0 0
273.94787658802176 292.46838475499084 -1 0 0
286.2329340592861 293.76154869933447 -1 0 0
297.22482758620686 300.5506594071384 -1 0 0
309.18659407138534 298.93420447670894 -1 0 0
323.41139745916513 312.5124258923169 -1 0 0
329.5539261947973 303.1369872958257 -1 0 0
340.86911070780394 299.58078644888076 -1 0 0
347.3349304295221 294.0848396854204 -1 0 0
354.44733212341197 292.79167574107674 -1 0 0
366.08580762250455 290.2053478523895 -1 0 0
367.37897156684807 284.06281911675734 -1 0 0
370.6118814277072 290.2053478523895 -1 0 0
363.4994797338173 301.52053236539615 -1 0 0
355.74049606775554 307.33977011494244 -1 0 0
344.10202056866297 318.0083726557773 -1 0 0
947.2933091349062 326.09064730792494 -1 0 0
970.5702601330914 326.4139382940108 -1 0 0
986.4115184513007 307.33977011494244 -1 0 0
995.7869570477918 317.0384996975196 -1 0 0
1002.2527767695099 311.2192619479733 -1 0 0
1004.5158136721113 301.5205323653962 -1 0 0
1020.6803629764065 300.2273684210525 -1 0 0
1014.2145432546885 291.49851179673317 -1 0 0
1016.8008711433756 285.6792740471868 -1 0 0
1021.6502359346642 292.46838475499084 -1 0 0
1022.2968179068362 278.24358136721105 -1 0 0
1017.7707441016333 272.42434361766476 -1 0 0
999.3431578947369 299.58078644888076 -1 0 0
998.3965154264972 289.88205686630357 -1 0 0
989.9909497882636 280.82990925589826 -1 0 0
1004.8623351482153 258.84612220205673 -1 0 0
1013.2679007864488 257.5529582577131 -1 0 0
978.352474289171 296.3478765880217 -1 0 0
978.352474289171 290.5286388384754 -1 0 0
973.8264004839685 285.3559830611009 -1 0 0
952.4891954022988 285.3559830611009 -1 0 0
955.7221052631577 276.3038354506956 -1 0 0
945.376793708409 296.9944585601935 -1 0 0
938.9109739866908 287.29572897761636 -1 0 0
936.3246460980035 280.18332728372644 -1 0 0
919.5135148215364 283.41623714458547 -1 0 0
927.9190804597702 278.24358136721105 -1 0 0
960.8947610405323 313.8055898366605 -1 0 0
951.8426134301269 310.57267997580146 -1 0 0
951.1960314579551 303.46027828191154 -1 0 0
955.7221052631577 291.821802782819 -1 0 0
964.1276709013914 298.2876225045371 -1 0 0
970.5934906231095 302.16711433756797 -1 0 0
1014.5378342407745 316.39191772534775 -1 0 0
1015.830998185118 309.2795160314579 -1 0 0
987.0581004234726 269.1914337568057 -1 0 0
963.4578584392015 284.3861101028432 -1 0 0
977.0360798548095 300.87395039322433 -1 0 0
967.0140592861463 311.5425529340592 -1 0 0
135.9490865093768 267.57497882637625 -1 0 0
143.06148820326675 263.0489050211736 -1 0 0
145.97110707803984 264.0187779794313 -1 0 0
198.66753781004232 267.57497882637625 -1 0 0
198.9908287961282 260.7858681185723 -1 0 0
207.7196854204476 258.52283121597094 -1 0 0
220.97461584996967 257.2296672716273 -1 0 0
190.26197217180874 255.61321234119777 -1 0 0
188.64551724137922 261.10915910465815 -1 0 0
182.82627949183293 266.6051058681185 -1 0 0
162.13565638233507 260.1392861464005 -1 0 0
162.45894736842098 265.31194192377495 -1 0 0
156.3164186327888 269.8380157289776 -1 0 0
249.42422262552924 275.65725347852384 -1 0 0
246.5146037507561 269.8380157289776 -1 0 0
263.9723169993949 273.07092558983663 -1 0 0
403.6340229885057 287.29572897761636 -1 0 0
386.8228917120387 288.58889292196005 -1 0 0
392.64212946158494 276.30383545069566 -1 0 0
417.8588263762855 276.30383545069566 -1 0 0
423.6780641258318 275.010671506352 -1 0 0
489.62942528735624 304.75344222625523 -1 0 0
496.0952450090744 294.4081306715062 -1 0 0
498.03499092558985 283.4162371445856 -1 0 0
502.56106473079245 283.4162371445856 -1 0 0
496.0952450090744 279.53674531155474 -1 0 0
498.6815728977616 279.53674531155474 -1 0 0
492.8623351482154 276.30383545069566 -1 0 0
495.4486630369026 271.777761645493 -1 0 0
498.6815728977616 264.6653599516031 -1 0 0
503.2076467029643 251.7337205081669 -1 0 0
499.9747368421053 245.26790078644885 -1 0 0
491.5691712038717 254.32004839685416 -1 0 0
503.854228675136 229.10335148215358 -1 0 0
505.1473926194797 223.93069570477914 -1 0 0
507.7337205081669 214.8785480943738 -1 0 0
507.7337205081669 207.7661464004839 -1 0 0
501.2679007864489 210.99905626134293 -1 0 0
503.2076467029643 220.05120387174827 -1 0 0
494.15549909255895 227.16360556563816 -1 0 0
470.23196612220204 223.2841137326073 -1 0 0
461.1798185117967 221.34436781609185 -1 0 0
457.3003266787658 230.39651542649716 -1 0 0
456.65374470659407 223.2841137326073 -1 0 0
445.0152692075015 223.2841137326073 -1 0 0
430.79046581972165 224.57727767695087 -1 0 0
426.26439201451905 214.8785480943738 -1 0 0
426.9109739866908 223.93069570477914 -1 0 0
415.91908045977004 225.8704416212945 -1 0 0
417.8588263762855 230.39651542649716 -1 0 0
412.03958862673915 229.10335148215358 -1 0 0
410.0998427102238 220.05120387174827 -1 0 0
414.62591651542647 220.05120387174827 -1 0 0
405.5737689050211 221.9909497882637 -1 0 0
401.69427707199026 227.81018753780995 -1 0 0
437.90286751361157 257.5529582577132 -1 0 0
441.78235934664247 249.14739261947966 -1 0 0
427.5575559588626 257.5529582577132 -1 0 0
421.0917362371445 256.2597943133696 -1 0 0
415.2724984875983 256.2597943133696 -1 0 0
410.74642468239557 251.0871385359951 -1 0 0
406.8669328493647 255.61321234119777 -1 0 0
419.1519903206292 260.1392861464004 -1 0 0
424.3246460980036 262.72561403508763 -1 0 0
410.0998427102238 267.25168784029034 -1 0 0
409.453260738052 278.24358136721105 -1 0 0
441.1357773744706 291.1752208106472 -1 0 0
438.54944948578344 286.6491470054446 -1 0 0
446.30843315184507 276.30383545069566 -1 0 0
445.0152692075015 272.4243436176648 -1 0 0
439.1960314579552 273.7175075620084 -1 0 0
436.60970356926794 277.5969993950393 -1 0 0
393.28871143375676 264.6653599516031 -1 0 0
399.7545311554748 260.78586811857224 -1 0 0
400.4011131276467 253.67346642468232 -1 0 0
388.11605565638223 223.93069570477914 -1 0 0
382.296817906836 223.2841137326073 -1 0 0
364.19252268602537 258.8461222020568 -1 0 0
362.89935874168174 244.621318814277 -1 0 0
355.14037507562006 244.621318814277 -1 0 0
349.32113732607377 248.50081064730787 -1 0 0
334.4497519661222 247.20764670296424 -1 0 0
347.3813914095583 233.62942528735618 -1 0 0
354.4937931034482 233.62942528735618 -1 0 0
360.95961282516635 236.21575317604348 -1 0 0
365.48568663036895 236.21575317604348 -1 0 0
307.939891107078 224.57727767695087 -1 0 0
293.7150877192982 221.9909497882637 -1 0 0
302.7672353297035 218.7580399274046 -1 0 0
292.4219237749546 230.39651542649716 -1 0 0
295.65483363581365 243.97473684210516 -1 0 0
302.7672353297035 238.1554990925589 -1 0 0
303.4138173018754 243.97473684210516 -1 0 0
309.2330550514217 246.56106473079245 -1 0 0
315.0522928009679 246.56106473079245 -1 0 0
302.1206533575318 254.32004839685416 -1 0 0
309.2330550514217 254.32004839685416 -1 0 0
318.93178463399875 255.61321234119777 -1 0 0
322.81127646702953 251.0871385359951 -1 0 0
329.9236781609195 253.67346642468232 -1 0 0
338.9758257713248 257.5529582577132 -1 0 0
326.6907683000605 258.8461222020568 -1 0 0
327.98393224440406 267.25168784029034 -1 0 0
323.45785843920146 271.777761645493 -1 0 0
335.0963339382939 273.7175075620084 -1 0 0
342.20873563218385 266.6051058681185 -1 0 0
346.08822746521474 269.83801572897755 -1 0 0
351.26088324258916 262.72561403508763 -1 0 0
351.26088324258916 257.5529582577132 -1 0 0
655.7545311554749 300.8739503932244 -1 0 0
677.7383182093164 290.52863883847544 -1 0 0
688.0836297640653 290.52863883847544 -1 0 0
660.9271869328494 290.52863883847544 -1 0 0
649.2887114337568 278.8901633393829 -1 0 0
638.9433998790079 278.8901633393829 -1 0 0
641.5297277676951 285.35598306110097 -1 0 0
638.9433998790079 296.99445856019355 -1 0 0
616.9596128251663 281.47649122807013 -1 0 0
606.6143012704175 277.5969993950393 -1 0 0
597.5621536600121 286.6491470054446 -1 0 0
587.2168421052631 286.6491470054446 -1 0 0
576.8715305505142 295.7012946158499 -1 0 0
570.4057108287961 286.6491470054446 -1 0 0
580.7510223835451 278.8901633393829 -1 0 0
548.4219237749546 272.4243436176648 -1 0 0
544.5424319419238 278.8901633393829 -1 0 0
516.0928251663643 290.52863883847544 -1 0 0
523.8518088324257 286.6491470054446 -1 0 0
534.1971203871749 286.6491470054446 -1 0 0
530.317628554144 295.7012946158499 -1 0 0
276.85749546279476 243.97473684210524 -1 0 0
390.65592256503317 241.38840895341798 -1 0 0
422.98502117362364 242.68157289776158 -1 0 0
407.46705384150033 240.0952450090744 -1 0 0
236.76941318814275 259.4927041742286 -1 0 0
328.5840532365396 286.6491470054446 -1 0 0
314.3592498487598 286.6491470054446 -1 0 0
246.51460375075612 245.26790078644885 -1 0 0
642.8228917120388 413.3792135511192 -1 0 0
735.2223243423243 430.13434565434574 -1 0 0
751.5899567099566 421.9505294705295 -1 0 0
764.8886580086579 422.97350649350653 -1 0 0
251.35419247419244 253.15932067932079 -1 0 0
252.3771694971695 262.36611388611396 -1 0 0
258.5150316350316 259.29718281718283 -1 0 0
262.6069397269397 247.02145854145863 -1 0 0
268.74480186480184 233.72275724275738 -1 0 0
279.99754911754917 266.45802197802203 -1 0 0
275.905641025641 259.29718281718283 -1 0 0
290.2273193473193 277.7107692307693 -1 0 0
325.0085381285382 231.6768031968033 -1 0 0
19.138408258408308 287.9405394605395 -1 0 0
4.816729936729971 265.4350449550451 -1 0 0
703.5100366300368 299.1932867132868 -1 0 0
564.3851615051615 276.6877922077923 -1 0 0
923.4500965700964 338.06641358641366 -1 0 0
906.0594871794872 345.2272527472528 -1 0 0
969.4840626040625 376.9395404595406 -1 0 0
714.7627838827839 418.8815984015984 -1 0 0
519.3741724941725 234.7457342657343 -1 0 0
523.4660805860806 238.83764235764238 -1 0 0
