19.318921078921054 579.4244155844156 -1 0 0
97.0651748251748 547.7121278721278 -1 0 0
42.847392607392564 486.3335064935064 -1 0 0
77.62861138861139 477.1267132867132 -1 0 0
28.525714285714248 450.5293106893106 -1 0 0
45.91632367632366 427.000839160839 -1 0 0
30.5716683316683 393.24259740259737 -1 0 0
78.6515884115884 391.1966433566433 -1 0 0
32.617622377622354 318.56527472527466 -1 0 0
52.054185814185814 311.40443556443546 -1 0 0
6.020219780219755 297.08275724275717 -1 0 0
8.066173826173808 272.53130869130854 -1 0 0
42.847392607392564 241.84199800199792 -1 0 0
68.42181818181815 247.97986013986008 -1 0 0
47.962277722277705 216.26757242757236 -1 0 0
12.158081918081914 218.31352647352642 -1 0 0
438.7395004995004 561.010829170829 -1 0 0
378.38385614385606 573.2865534465534 -1 0 0
385.54469530469527 648.986853146853 -1 0 0
344.62561438561437 667.4004395604394 -1 0 0
341.5566833166833 604.9988411588411 -1 0 0
309.8443956043956 643.8719680319679 -1 0 0
259.7185214785215 674.5612787212787 -1 0 0
223.91432567432562 621.3664735264734 -1 0 0
212.66157842157844 663.3085314685313 -1 0 0
182.99524475524473 644.894945054945 -1 0 0
197.31692307692302 604.9988411588411 -1 0 0
170.71952047952044 588.6312087912087 -1 0 0
116.50173826173825 622.3894505494504 -1 0 0
113.43280719280718 491.4483916083915 -1 0 0
112.40983016983014 431.09274725274713 -1 0 0
99.11112887112886 401.42641358641345 -1 0 0
136.9612787212787 385.0587812187811 -1 0 0
128.77746253746253 419.8399999999999 -1 0 0
178.90333666333663 412.6791608391607 -1 0 0
196.293946053946 400.4034365634364 -1 0 0
170.71952047952044 448.48335664335656 -1 0 0
179.92631368631368 466.896943056943 -1 0 0
233.12111888111886 457.69014985014974 -1 0 0
249.4887512487512 469.96587412587405 -1 0 0
308.8214185814186 479.1726673326672 -1 0 0
331.3269130869131 520.0917482517482 -1 0 0
342.57966033966034 538.5053346653345 -1 0 0
294.49974025974035 582.4933466533466 -1 0 0
368.1540859140859 473.03480519480513 -1 0 0
231.07516483516483 561.010829170829 -1 0 0
105.24899100899101 677.6302097902097 -1 0 0
427.4867532467532 669.4463936063935 -1 0 0
474.54369630369627 676.6072327672326 -1 0 0
505.2330069930069 627.5043356643356 -1 0 0
593.209030969031 662.2855544455543 -1 0 0
577.8643756243755 620.3434965034963 -1 0 0
546.152087912088 630.5732667332667 -1 0 0
577.8643756243755 586.5852547452546 -1 0 0
642.311928071928 595.7920479520478 -1 0 0
623.8983416583416 572.2635764235763 -1 0 0
641.288951048951 660.2396003996004 -1 0 0
664.8174225774223 624.4354045954045 -1 0 0
688.345894105894 554.8729670329669 -1 0 0
639.2429970029968 631.5962437562437 -1 0 0
740.5177222777222 598.8609790209789 -1 0 0
780.4138261738259 579.4244155844156 -1 0 0
679.1391008991009 680.6991408591408 -1 0 0
700.6216183816182 677.6302097902097 -1 0 0
750.7474925074926 685.8140259740259 -1 0 0
797.8044355644356 676.6072327672326 -1 0 0
847.9303096903096 670.4693706293705 -1 0 0
827.4707692307692 595.7920479520478 -1 0 0
847.9303096903096 597.8380019980019 -1 0 0
1006.4917482517483 572.2635764235763 -1 0 0
1014.6755644355644 534.4134265734265 -1 0 0
1007.5147252747252 517.0228171828171 -1 0 0
988.0781618381618 522.1377022977022 -1 0 0
955.342897102897 520.0917482517482 -1 0 0
911.3548851148851 474.0577822177821 -1 0 0
883.7345054945055 498.6092307692307 -1 0 0
887.8264135864135 515.99984015984 -1 0 0
894.9872527472526 465.8739660339659 -1 0 0
850.9992407592407 462.80503496503485 -1 0 0
829.5167232767233 472.0118281718281 -1 0 0
728.2419980019979 -60.95920079920083 -1 0 0
482.72751248751246 520.0917482517482 -1 0 0
413.16507492507486 540.5512887112886 -1 0 0
408.0501898101898 510.8849550449549 -1 0 0
439.7624775224775 486.3335064935064 -1 0 0
454.08415584415576 453.5982417582416 -1 0 0
528.7614785214786 455.64419580419565 -1 0 0
544.1061338661339 493.4943456543455 -1 0 0
575.8184215784214 505.7700699300698 -1 0 0
579.9103296703296 479.1726673326672 -1 0 0
609.5766633366633 502.70113886113876 -1 0 0
642.311928071928 509.8619780219779 -1 0 0
667.8863536463537 512.9309090909089 -1 0 0
697.5526873126873 517.0228171828171 -1 0 0
677.0931468531467 462.80503496503485 -1 0 0
687.322917082917 445.4144255744255 -1 0 0
726.1960439560439 493.4943456543455 -1 0 0
751.7704695304695 457.69014985014974 -1 0 0
732.3339060939061 539.5283116883115 -1 0 0
503.187052947053 568.1716683316682 -1 0 0
518.5317082917084 595.7920479520478 -1 0 0
488.8653746253746 604.9988411588411 -1 0 0
406.0042357642358 429.04679320679304 -1 0 0
356.9013386613386 432.1157242757241 -1 0 0
370.20003996003993 407.5642757242756 -1 0 0
346.6715684315685 403.4723676323674 -1 0 0
330.303936063936 412.6791608391607 -1 0 0
291.43080919080927 376.8749650349649 -1 0 0
273.0172227772227 408.5872527472526 -1 0 0
280.1780619380619 434.1616783216782 -1 0 0
240.28195804195806 362.5532867132866 -1 0 0
192.2020379620379 379.94389610389595 -1 0 0
168.67356643356638 373.8060339660338 -1 0 0
82.74349650349647 302.1976423576422 -1 0 0
104.22601398601398 314.47336663336654 -1 0 0
115.47876123876122 301.1746653346653 -1 0 0
126.73150849150848 329.8180219780219 -1 0 0
144.1221178821179 329.8180219780219 -1 0 0
201.4088311688311 338.00183816183807 -1 0 0
188.1101298701299 327.7720679320678 -1 0 0
200.38585414585413 305.2665734265733 -1 0 0
167.65058941058936 294.01382617382603 -1 0 0
152.30593406593405 271.5083316683316 -1 0 0
160.48975024975024 250.02581418581406 -1 0 0
166.62761238761232 241.84199800199792 -1 0 0
139.00723276723272 239.7960439560439 -1 0 0
117.52471528471528 256.1636763236762 -1 0 0
105.24899100899101 243.88795204795198 -1 0 0
92.9732667332667 261.2785614385613 -1 0 0
88.88135864135863 239.7960439560439 -1 0 0
74.55968031968031 226.49734265734253 -1 0 0
45.91632367632366 194.7850549450549 -1 0 0
57.1690709290709 186.60123876123868 -1 0 0
86.06817182817178 219.08075924075908 -1 0 0
91.18305694305691 213.45438561438547 -1 0 0
84.02221778221774 167.42041958041946 -1 0 0
97.32091908091903 172.02381618381602 -1 0 0
109.08515484515479 165.88595404595387 -1 0 0
120.8493906093906 178.67316683316665 -1 0 0
121.3608791208791 162.30553446553432 -1 0 0
128.52171828171822 160.25958041958026 -1 0 0
130.5676723276723 169.46637362637352 -1 0 0
146.42381618381617 161.7940459540458 -1 0 0
155.63060939060935 161.7940459540458 -1 0 0
140.285954045954 189.92591408591394 -1 0 0
140.285954045954 177.13870129870116 -1 0 0
153.07316683316682 193.5063336663335 -1 0 0
114.20003996003992 190.948891108891 -1 0 0
123.40683316683311 212.43140859140846 -1 0 0
108.57366633366632 219.08075924075908 -1 0 0
102.43580419580417 204.24759240759226 -1 0 0
97.83240759240755 194.52931068931053 -1 0 0
148.46977022977015 218.05778221778215 -1 0 0
157.67656343656344 215.50033966033953 -1 0 0
118.29194805194803 227.77606393606385 -1 0 0
204.22201798201795 223.17266733266717 -1 0 0
208.82541458541456 220.1037362637361 -1 0 0
202.17606393606388 240.56327672327663 -1 0 0
191.94629370629366 251.8160239760238 -1 0 0
191.94629370629366 267.1606793206792 -1 0 0
209.33690309690306 280.45938061938045 -1 0 0
160.23400599400597 289.15468531468514 -1 0 0
217.00923076923073 296.31552447552434 -1 0 0
231.33090909090905 254.88495504495492 -1 0 0
242.5836563436563 244.65518481518473 -1 0 0
246.1640759240759 230.33350649350635 -1 0 0
243.0951448551448 210.89694305694294 -1 0 0
248.72151848151844 195.04079920079903 -1 0 0
226.21602397602396 187.3684715284714 -1 0 0
214.45178821178817 187.3684715284714 -1 0 0
215.4747652347652 168.95488511488495 -1 0 0
221.10113886113882 167.93190809190793 -1 0 0
228.26197802197797 164.35148851148838 -1 0 0
187.34289710289704 154.1217182817181 -1 0 0
179.1590809190809 153.0987412587411 -1 0 0
187.85438561438554 182.2535864135863 -1 0 0
171.99824175824173 173.55828171828156 -1 0 0
173.53270729270727 185.83400599400585 -1 0 0
177.62461538461537 198.1097302697301 -1 0 0
200.1301098901099 187.8799600399599 -1 0 0
193.4807592407592 211.4084315684314 -1 0 0
262.02021978021975 212.43140859140846 -1 0 0
268.66957042957034 208.85098901098885 -1 0 0
284.52571428571423 205.78205794205778 -1 0 0
263.5546853146853 197.0867532467531 -1 0 0
265.6006393606393 189.41442557442545 -1 0 0
275.31892107892105 196.57526473526457 -1 0 0
292.1980419580419 203.73610389610377 -1 0 0
308.5656743256743 203.22461538461525 -1 0 0
295.7784615384615 215.50033966033953 -1 0 0
281.9682717282717 221.6382017982017 -1 0 0
267.64659340659335 216.52331668331655 -1 0 0
271.2270129870129 232.3794605394604 -1 0 0
255.3708691308691 259.48835164835145 -1 0 0
284.01422577422585 263.06877122877114 -1 0 0
315.7265134865134 227.26457542457527 -1 0 0
306.5197202797203 223.68415584415573 -1 0 0
320.3299100899101 219.59224775224763 -1 0 0
330.55968031968024 225.21862137862124 -1 0 0
324.4218181818182 229.82201798201788 -1 0 0
326.9792607392608 235.95988011987995 -1 0 0
317.77246753246754 241.0747652347651 -1 0 0
333.11712287712294 269.2066333666333 -1 0 0
291.68655344655343 272.7870529470528 -1 0 0
297.31292707292704 296.31552447552434 -1 0 0
289.12911088911085 305.010829170829 -1 0 0
302.42781218781215 319.3325074925074 -1 0 0
313.1690709290709 306.0338061938061 -1 0 0
263.5546853146853 291.7121278721278 -1 0 0
251.27896103896103 295.2925474525473 -1 0 0
254.34789210789205 312.17166833166823 -1 0 0
230.81942057942052 302.964875124875 -1 0 0
262.53170829170824 339.7920479520478 -1 0 0
317.260979020979 350.53330669330654 -1 0 0
271.2270129870129 363.83200799200785 -1 0 0
320.8413986013986 376.6192207792206 -1 0 0
348.46177822177816 368.43540459540446 -1 0 0
345.90433566433563 350.53330669330654 -1 0 0
372.50173826173824 379.17666333666324 -1 0 0
392.9612787212787 368.43540459540446 -1 0 0
384.77746253746255 350.021818181818 -1 0 0
408.8174225774226 348.99884115884106 -1 0 0
411.88635364635365 334.1656743256742 -1 0 0
441.04119880119873 341.8380019980019 -1 0 0
456.38585414585407 370.48135864135855 -1 0 0
457.92031968031966 330.5852547452546 -1 0 0
473.7764635364635 332.1197202797202 -1 0 0
457.92031968031966 317.79804195804184 -1 0 0
467.63860139860134 312.17166833166823 -1 0 0
481.96027972027963 300.40743256743247 -1 0 0
445.64459540459535 302.964875124875 -1 0 0
432.3458941058941 292.7351048951048 -1 0 0
459.45478521478515 307.5682717282716 -1 0 0
469.1730669330669 290.68915084915074 -1 0 0
471.73050949050946 297.8499900099898 -1 0 0
356.13410589410586 302.964875124875 -1 0 0
346.9273126873127 301.94189810189795 -1 0 0
366.3638761238761 286.08575424575406 -1 0 0
359.71452547452543 265.62621378621367 -1 0 0
370.96727272727264 257.44239760239753 -1 0 0
354.5996403596403 243.12071928071916 -1 0 0
342.83540459540455 239.5402997002996 -1 0 0
341.8124275724275 226.7530869130868 -1 0 0
289.64059940059934 245.67816183816166 -1 0 0
319.8184215784215 189.92591408591394 -1 0 0
306.5197202797203 182.2535864135863 -1 0 0
287.5946453546453 178.67316683316665 -1 0 0
270.2040359640359 173.04679320679307 -1 0 0
246.1640759240759 182.2535864135863 -1 0 0
236.9572827172827 179.6961438561437 -1 0 0
349.99624375624376 214.4773626373625 -1 0 0
336.6975424575424 201.6901498501497 -1 0 0
351.0192207792207 201.6901498501497 -1 0 0
360.7375024975025 205.2705694305693 -1 0 0
357.6685714285714 226.7530869130868 -1 0 0
350.5077322677322 227.77606393606385 -1 0 0
369.9442957042957 226.24159840159825 -1 0 0
376.59364635364636 217.03480519480502 -1 0 0
364.8294105894105 219.59224775224763 -1 0 0
385.28895104895105 219.59224775224763 -1 0 0
387.3349050949051 235.95988011987995 -1 0 0
398.0761638361638 257.44239760239753 -1 0 0
390.9153246753247 259.99984015984006 -1 0 0
401.6565834165834 246.7011388611387 -1 0 0
399.6106293706293 235.95988011987995 -1 0 0
403.191048951049 217.03480519480502 -1 0 0
424.6735664335664 227.26457542457527 -1 0 0
414.95528471528473 230.33350649350635 -1 0 0
402.1680719280719 132.63920079920064 -1 0 0
388.86937062937056 128.54729270729254 -1 0 0
308.5656743256743 56.938901098900956 -1 0 0
302.42781218781215 56.42741258741245 -1 0 0
452.8054345654345 263.06877122877114 -1 0 0
416.4897502497502 243.12071928071916 -1 0 0
410.35188811188806 238.51732267732257 -1 0 0
438.9952447552447 254.88495504495492 -1 0 0
422.6276123876124 269.2066333666333 -1 0 0
432.3458941058941 265.62621378621367 -1 0 0
428.253986013986 268.18365634365625 -1 0 0
418.53570429570425 285.0627772227771 -1 0 0
411.3748651348651 283.52831168831153 -1 0 0
404.2140259740259 282.50533466533454 -1 0 0
408.8174225774226 301.43040959040945 -1 0 0
364.31792207792205 296.8270129870129 -1 0 0
492.70153846153846 331.09674325674314 -1 0 0
502.4198201798202 328.53930069930055 -1 0 0
504.97726273726266 314.21762237762226 -1 0 0
496.28195804195803 314.21762237762226 -1 0 0
490.6555844155844 308.59124875124866 -1 0 0
487.0751648351648 292.7351048951048 -1 0 0
493.21302697302696 290.68915084915074 -1 0 0
510.09214785214783 259.99984015984006 -1 0 0
488.60963036963034 255.90793206793194 -1 0 0
479.91432567432565 252.3275124875124 -1 0 0
462.5237162837162 245.1666733266732 -1 0 0
449.225014985015 247.72411588411572 -1 0 0
471.2190209790209 257.44239760239753 -1 0 0
465.5926473526473 263.06877122877114 -1 0 0
467.63860139860134 274.3215184815183 -1 0 0
456.8973426573426 278.92491508491497 -1 0 0
448.20203796203793 272.7870529470528 -1 0 0
475.31092907092903 281.99384615384605 -1 0 0
484.00623376623366 279.947892107892 -1 0 0
488.0981418581418 269.71812187812174 -1 0 0
495.7704695304694 275.34449550449534 -1 0 0
489.6326073926074 280.97086913086906 -1 0 0
497.304935064935 284.5512887112886 -1 0 0
484.00623376623366 218.05778221778215 -1 0 0
496.7934465534465 216.52331668331655 -1 0 0
436.69354645354656 389.4064335664336 -1 0 0
439.7624775224775 402.7051348651348 -1 0 0
392.7055344655345 397.5902497502497 -1 0 0
553.3129270729272 378.66517482517474 -1 0 0
522.1121278721279 351.04479520479515 -1 0 0
529.7844555444557 341.83800199800197 -1 0 0
546.6635764235765 328.5393006993006 -1 0 0
322.6316083916084 317.2865534465534 -1 0 0
153.32891108891107 301.4304095904095 -1 0 0
564.5656743256744 345.41842157842154 -1 0 0
557.4048351648353 339.2805594405594 -1 0 0
576.3299100899102 307.5682717282716 -1 0 0
569.6805594405595 308.59124875124866 -1 0 0
569.6805594405595 298.36147852147843 -1 0 0
554.8473926073927 296.8270129870129 -1 0 0
546.152087912088 289.66617382617375 -1 0 0
536.4338061938063 297.84999000998994 -1 0 0
531.8304095904098 287.6202197802197 -1 0 0
513.4168231768233 291.2006393606393 -1 0 0
516.4857542457543 270.74109890109884 -1 0 0
532.8533866133866 264.09174825174813 -1 0 0
520.5776623376623 243.1207192807192 -1 0 0
539.5027372627374 243.6322077922077 -1 0 0
548.7095304695306 152.58725274725268 -1 0 0
538.9912487512488 149.5183216783216 -1 0 0
526.2040359640359 224.70713286713277 -1 0 0
553.8244155844156 277.901938061938 -1 0 0
546.152087912088 279.947892107892 -1 0 0
537.4567832167834 275.34449550449546 -1 0 0
520.066173826174 279.947892107892 -1 0 0
567.6346053946054 281.99384615384605 -1 0 0
552.8014385614387 314.7291108891108 -1 0 0
549.2210189810191 307.0567832167832 -1 0 0
524.158081918082 322.912927072927 -1 0 0
519.0431968031969 289.15468531468525 -1 0 0
843.5826573426574 442.6012387612387 -1 0 0
859.9502897102898 447.71612387612373 -1 0 0
864.0421978021977 424.69914085914075 -1 0 0
853.8124275724275 414.9808591408591 -1 0 0
794.4797602397601 400.6591808191807 -1 0 0
773.5087312687311 396.0557842157841 -1 0 0
762.255984015984 430.32551448551436 -1 0 0
789.8763636363636 433.90593406593393 -1 0 0
746.3998401598401 402.70513486513477 -1 0 0
745.8883516483515 413.4463936063935 -1 0 0
732.5896503496504 423.16467532467516 -1 0 0
739.7504895104894 426.23360639360624 -1 0 0
724.4058341658341 414.9808591408591 -1 0 0
715.199040959041 417.53830169830155 -1 0 0
721.8483916083916 384.80303696303685 -1 0 0
738.216023976024 374.06177822177807 -1 0 0
742.307932067932 381.2226173826173 -1 0 0
745.8883516483515 390.42941058941045 -1 0 0
753.0491908091908 392.98685314685304 -1 0 0
696.273966033966 392.47536463536454 -1 0 0
685.5327072927073 386.8489910089909 -1 0 0
692.6935464535463 381.73410589410577 -1 0 0
668.1420979020979 386.3375024975024 -1 0 0
669.1650749250748 377.6421978021977 -1 0 0
677.8603796203796 372.5273126873126 -1 0 0
665.0731668331667 408.3315084915083 -1 0 0
639.4987412587411 384.80303696303685 -1 0 0
649.2170229770229 363.32051948051935 -1 0 0
660.4697702297701 358.7171228771228 -1 0 0
714.1760639360639 358.20563436563424 -1 0 0
720.8254145854146 352.57926073926063 -1 0 0
637.9642757242757 349.51032967032955 -1 0 0
621.5966433566433 355.13670329670316 -1 0 0
603.6945454545454 384.80303696303685 -1 0 0
584.257982017982 370.48135864135855 -1 0 0
588.34989010989 352.57926073926063 -1 0 0
601.1371028971029 352.57926073926063 -1 0 0
577.0971428571428 345.41842157842143 -1 0 0
575.5626773226774 332.6312087912087 -1 0 0
584.7694705294705 314.72911088911076 -1 0 0
579.6545854145853 299.3844555444554 -1 0 0
592.4417982017982 300.91892107892096 -1 0 0
601.1371028971029 300.40743256743247 -1 0 0
584.257982017982 295.80403596403585 -1 0 0
616.4817582417583 295.2925474525473 -1 0 0
624.1540859140858 295.80403596403585 -1 0 0
641.0332067932068 294.2695704295703 -1 0 0
644.6136263736264 302.964875124875 -1 0 0
647.1710689310688 307.5682717282716 -1 0 0
656.8893506493506 312.17166833166823 -1 0 0
661.4927472527472 313.1946453546452 -1 0 0
678.8833566433566 313.70613386613377 -1 0 0
678.8833566433566 336.21162837162825 -1 0 0
663.0272127872126 332.6312087912087 -1 0 0
664.5616783216783 347.46437562437546 -1 0 0
648.7055344655345 321.8899500499499 -1 0 0
641.5446953046952 333.14269730269723 -1 0 0
640.5217182817183 316.77506493506485 -1 0 0
610.8553846153847 325.981858141858 -1 0 0
605.229010989011 313.70613386613377 -1 0 0
595.5107292707293 313.1946453546452 -1 0 0
591.9303096903096 323.935904095904 -1 0 0
598.0681718281718 331.60823176823163 -1 0 0
623.1311088911089 315.2405994005993 -1 0 0
633.8723676323676 314.72911088911076 -1 0 0
612.9013386613386 313.1946453546452 -1 0 0
669.6765634365634 315.7520879120878 -1 0 0
674.27996003996 320.8669730269729 -1 0 0
685.0212187812187 330.07376623376615 -1 0 0
705.4807592407592 318.8210189810188 -1 0 0
700.8773626373626 323.935904095904 -1 0 0
649.7285114885115 345.41842157842143 -1 0 0
793.4567832167832 394.0098301698301 -1 0 0
873.2489910089909 412.42341658341644 -1 0 0
890.1281118881119 425.21062937062925 -1 0 0
904.4497902097901 431.3484915084914 -1 0 0
935.6505894105894 447.20463536463524 -1 0 0
953.0411988011988 469.7101298701298 -1 0 0
971.9662737262736 464.5952447552446 -1 0 0
986.7994405594405 462.54929070929063 -1 0 0
970.4318081918082 477.89394605394597 -1 0 0
960.7135264735264 488.12371628371625 -1 0 0
988.8453946053946 476.3594805194805 -1 0 0
930.5357042957044 487.1007392607391 -1 0 0
938.7195204795206 499.887952047952 -1 0 0
880.9213186813186 453.3424975024974 -1 0 0
883.9902497502497 481.9858541458541 -1 0 0
656.122117882118 229.82201798201794 -1 0 0
-120.82893106893108 128.29154845154835 -1 0 0
