112.80731707317062 604.7463414634145 -1 0 0
47.04634146341459 596.1219512195121 -1 0 0
41.65609756097558 533.5951219512194 -1 0 0
37.34390243902436 488.31707317073165 -1 0 0
71.84146341463406 462.4439024390243 -1 0 0
43.81219512195116 424.7121951219512 -1 0 0
75.07560975609749 402.0731707317073 -1 0 0
54.592682926829184 375.1219512195122 -1 0 0
117.1195121951219 523.8926829268293 -1 0 0
144.07073170731695 475.380487804878 -1 0 0
169.94390243902427 504.48780487804873 -1 0 0
181.80243902439014 426.8682926829267 -1 0 0
145.1487804878048 394.52682926829266 -1 0 0
93.40243902439016 380.5121951219512 -1 0 0
147.30487804878038 363.26341463414633 -1 0 0
71.84146341463406 335.2341463414634 -1 0 0
95.5585365853658 354.63902439024395 -1 0 0
132.2121951219512 329.84390243902436 -1 0 0
191.50487804878043 329.84390243902436 -1 0 0
187.19268292682915 374.04390243902435 -1 0 0
222.76829268292676 370.80975609756103 -1 0 0
217.37804878048775 351.4048780487804 -1 0 0
240.01707317073163 421.47804878048777 -1 0 0
245.40731707317065 485.0829268292683 -1 0 0
251.87560975609748 557.3121951219512 -1 0 0
299.30975609756086 477.5365853658536 -1 0 0
351.0560975609755 613.370731707317 -1 0 0
402.80243902439014 504.48780487804873 -1 0 0
327.33902439024376 436.57073170731707 -1 0 0
270.2024390243901 399.91707317073167 -1 0 0
289.6073170731707 365.4195121951219 -1 0 0
264.8121951219511 366.49756097560976 -1 0 0
352.13414634146335 388.0585365853658 -1 0 0
437.2999999999999 392.370731707317 -1 0 0
430.83170731707304 439.80487804878044 -1 0 0
466.40731707317065 462.4439024390243 -1 0 0
521.3878048780487 569.170731707317 -1 0 0
37.787804878048775 324.45365853658535 -1 0 0
37.787804878048775 361.10731707317075 -1 0 0
41.5609756097561 296.4243902439024 -1 0 0
35.09268292682927 272.1682926829268 -1 0 0
52.34146341463415 255.45853658536583 -1 0 0
35.631707317073165 241.9829268292683 -1 0 0
72.2853658536585 240.90487804878046 -1 0 0
79.29268292682929 253.84146341463412 -1 0 0
84.6829268292683 272.1682926829268 -1 0 0
73.36341463414635 312.0560975609756 -1 0 0
121.87560975609756 312.59512195121954 -1 0 0
156.37317073170732 315.82926829268297 -1 0 0
124.03170731707313 278.63658536585365 -1 0 0
173.6219512195122 300.1975609756097 -1 0 0
217.28292682926832 299.11951219512196 -1 0 0
174.16097560975612 279.7146341463415 -1 0 0
238.84390243902442 320.68048780487806 -1 0 0
259.8658536585366 329.8439024390244 -1 0 0
286.8170731707317 326.609756097561 -1 0 0
250.70243902439023 368.65365853658534 -1 0 0
328.8609756097561 322.8365853658537 -1 0 0
346.109756097561 323.37560975609756 -1 0 0
369.28780487804875 332.0 -1 0 0
396.7780487804878 329.3048780487805 -1 0 0
425.8853658536585 364.3414634146342 -1 0 0
408.0975609756098 303.9707317073171 -1 0 0
443.1341463414634 325.53170731707314 -1 0 0
470.0853658536586 332.53902439024387 -1 0 0
462.0 307.2048780487804 -1 0 0
432.89268292682925 282.40975609756094 -1 0 0
465.23414634146343 281.8707317073171 -1 0 0
479.2487804878049 289.41707317073167 -1 0 0
451.219512195122 265.16097560975606 -1 0 0
394.08292682926833 274.86341463414635 -1 0 0
405.4024390243902 253.30243902439025 -1 0 0
418.33902439024394 253.30243902439025 -1 0 0
388.6926829268293 241.9829268292683 -1 0 0
401.6292682926829 228.50731707317073 -1 0 0
373.06097560975616 259.2317073170732 -1 0 0
350.96097560975613 274.86341463414635 -1 0 0
317.5414634146341 282.40975609756094 -1 0 0
295.98048780487807 302.3536585365854 -1 0 0
264.71707317073174 299.11951219512196 -1 0 0
262.5609756097561 281.8707317073171 -1 0 0
273.3414634146342 271.09024390243906 -1 0 0
280.88780487804877 252.76341463414633 -1 0 0
301.3707317073171 234.97560975609758 -1 0 0
317.00243902439024 253.84146341463412 -1 0 0
329.4 261.38780487804877 -1 0 0
303.5268292682927 267.8560975609756 -1 0 0
351.5 239.82682926829267 -1 0 0
336.9463414634147 223.65609756097558 -1 0 0
385.4585365853659 209.64146341463413 -1 0 0
424.2682926829268 212.87560975609756 -1 0 0
455.53170731707314 225.2731707317073 -1 0 0
437.20487804878053 241.9829268292683 -1 0 0
469.0073170731707 212.87560975609756 -1 0 0
424.8073170731708 187.54146341463417 -1 0 0
380.60731707317075 190.2365853658536 -1 0 0
355.2731707317073 195.08780487804876 -1 0 0
300.83170731707315 204.25121951219512 -1 0 0
279.27073170731705 212.87560975609756 -1 0 0
281.4268292682927 229.04634146341462 -1 0 0
272.26341463414633 238.74878048780488 -1 0 0
251.78048780487805 252.76341463414633 -1 0 0
239.38292682926829 268.9341463414634 -1 0 0
209.19756097560975 272.1682926829268 -1 0 0
189.25365853658536 262.4658536585366 -1 0 0
198.9560975609756 249.5292682926829 -1 0 0
157.99024390243903 264.0829268292683 -1 0 0
225.90731707317076 243.0609756097561 -1 0 0
238.84390243902442 231.20243902439023 -1 0 0
243.15609756097564 224.1951219512195 -1 0 0
243.6951219512195 212.87560975609756 -1 0 0
114.86829268292684 256.5365853658536 -1 0 0
137.50731707317073 267.3170731707317 -1 0 0
132.65609756097558 247.9121951219512 -1 0 0
148.2878048780488 243.0609756097561 -1 0 0
122.41463414634147 234.97560975609758 -1 0 0
176.85609756097563 236.05365853658537 -1 0 0
198.41707317073173 228.50731707317073 -1 0 0
222.1341463414634 213.95365853658535 -1 0 0
176.85609756097563 215.57073170731707 -1 0 0
190.87073170731708 213.95365853658535 -1 0 0
160.14634146341461 220.42195121951218 -1 0 0
135.35121951219514 221.5 -1 0 0
125.64878048780484 204.79024390243904 -1 0 0
114.32926829268291 206.94634146341463 -1 0 0
69.590243902439 227.42926829268293 -1 0 0
83.6048780487805 227.42926829268293 -1 0 0
96.00243902439024 222.5780487804878 -1 0 0
78.21463414634144 206.94634146341463 -1 0 0
56.65365853658534 211.79756097560974 -1 0 0
66.8951219512195 199.39999999999998 -1 0 0
95.46341463414632 198.3219512195122 -1 0 0
83.06585365853658 182.1512195121951 -1 0 0
61.50487804878049 186.46341463414632 -1 0 0
44.256097560975604 192.39268292682925 -1 0 0
33.475609756097555 187.00243902439024 -1 0 0
33.475609756097555 176.7609756097561 -1 0 0
36.709756097560955 163.2853658536585 -1 0 0
45.334146341463395 179.4560975609756 -1 0 0
58.80975609756098 172.44878048780487 -1 0 0
69.590243902439 170.2926829268293 -1 0 0
78.21463414634144 161.66829268292685 -1 0 0
81.98780487804879 154.1219512195122 -1 0 0
85.22195121951216 146.03658536585363 -1 0 0
95.46341463414632 153.04390243902435 -1 0 0
103.54878048780489 157.8951219512195 -1 0 0
114.32926829268291 171.90975609756094 -1 0 0
103.00975609756097 174.60487804878045 -1 0 0
108.9390243902439 187.54146341463417 -1 0 0
120.79756097560977 168.13658536585365 -1 0 0
108.9390243902439 163.2853658536585 -1 0 0
127.26585365853659 157.8951219512195 -1 0 0
139.12439024390244 153.58292682926827 -1 0 0
131.5780487804878 145.49756097560976 -1 0 0
135.890243902439 138.49024390243903 -1 0 0
130.5 135.79512195121947 -1 0 0
143.97560975609758 138.49024390243903 -1 0 0
149.3658536585366 135.79512195121947 -1 0 0
148.82682926829267 151.4268292682927 -1 0 0
150.9829268292683 144.4195121951219 -1 0 0
118.64146341463413 132.5609756097561 -1 0 0
114.32926829268291 139.56829268292682 -1 0 0
121.33658536585364 143.34146341463412 -1 0 0
90.61219512195123 140.64634146341461 -1 0 0
87.3780487804878 135.79512195121947 -1 0 0
99.23658536585367 131.48292682926825 -1 0 0
105.1658536585366 131.48292682926825 -1 0 0
99.23658536585367 143.34146341463412 -1 0 0
110.55609756097562 134.71707317073168 -1 0 0
37.787804878048775 150.34878048780485 -1 0 0
53.958536585365835 150.88780487804877 -1 0 0
46.412195121951214 150.34878048780485 -1 0 0
50.18536585365854 143.34146341463412 -1 0 0
50.18536585365854 138.49024390243903 -1 0 0
55.57560975609755 138.49024390243903 -1 0 0
61.50487804878049 134.71707317073168 -1 0 0
45.87317073170732 139.56829268292682 -1 0 0
37.787804878048775 138.49024390243903 -1 0 0
63.1219512195122 141.18536585365854 -1 0 0
67.97317073170728 135.79512195121947 -1 0 0
72.82439024390243 141.7243902439024 -1 0 0
78.75365853658536 135.79512195121947 -1 0 0
77.13658536585365 145.49756097560976 -1 0 0
61.50487804878049 153.58292682926827 -1 0 0
73.36341463414635 155.2 -1 0 0
70.66829268292685 162.74634146341464 -1 0 0
133.73414634146343 183.2292682926829 -1 0 0
133.1951219512195 171.37073170731708 -1 0 0
161.76341463414633 194.00975609756097 -1 0 0
139.12439024390244 209.10243902439024 -1 0 0
146.13170731707316 211.79756097560974 -1 0 0
151.52195121951218 204.79024390243904 -1 0 0
190.87073170731708 174.06585365853658 -1 0 0
195.1829268292683 188.08048780487803 -1 0 0
199.49512195121952 178.3780487804878 -1 0 0
208.65853658536588 199.39999999999998 -1 0 0
211.89268292682925 182.1512195121951 -1 0 0
182.78536585365856 189.15853658536582 -1 0 0
181.16829268292685 171.37073170731708 -1 0 0
161.76341463414633 175.14390243902437 -1 0 0
162.84146341463412 162.74634146341464 -1 0 0
169.8487804878049 162.74634146341464 -1 0 0
178.47317073170734 163.2853658536585 -1 0 0
182.24634146341464 158.43414634146342 -1 0 0
188.71463414634144 162.74634146341464 -1 0 0
166.07560975609755 155.2 -1 0 0
167.15365853658534 148.19268292682926 -1 0 0
174.7 145.49756097560976 -1 0 0
196.8 163.2853658536585 -1 0 0
205.96341463414632 158.97317073170728 -1 0 0
212.43170731707318 156.27804878048778 -1 0 0
216.20487804878047 151.4268292682927 -1 0 0
208.65853658536588 148.19268292682926 -1 0 0
200.5731707317073 153.04390243902435 -1 0 0
191.94878048780487 150.34878048780485 -1 0 0
189.25365853658536 143.34146341463412 -1 0 0
203.2682926829268 140.64634146341461 -1 0 0
206.50243902439024 139.0292682926829 -1 0 0
209.19756097560975 131.48292682926825 -1 0 0
175.77804878048778 142.26341463414633 -1 0 0
180.62926829268292 133.6390243902439 -1 0 0
182.78536585365856 142.26341463414633 -1 0 0
228.06341463414634 192.39268292682925 -1 0 0
233.99268292682927 189.15853658536582 -1 0 0
249.62439024390244 185.38536585365853 -1 0 0
229.68048780487806 181.61219512195117 -1 0 0
226.98536585365855 172.44878048780487 -1 0 0
220.5170731707317 170.83170731707315 -1 0 0
212.43170731707318 168.13658536585365 -1 0 0
219.4390243902439 161.66829268292685 -1 0 0
242.0780487804878 157.8951219512195 -1 0 0
233.99268292682927 167.59756097560972 -1 0 0
221.05609756097562 149.27073170731705 -1 0 0
257.1707317073171 167.59756097560972 -1 0 0
253.3975609756097 160.05121951219513 -1 0 0
264.71707317073174 155.2 -1 0 0
267.41219512195124 185.92439024390245 -1 0 0
252.85853658536584 175.6829268292683 -1 0 0
281.4268292682927 178.91707317073173 -1 0 0
277.6536585365854 165.44146341463414 -1 0 0
269.5682926829268 162.74634146341464 -1 0 0
251.24146341463413 141.7243902439024 -1 0 0
243.6951219512195 148.19268292682926 -1 0 0
237.2268292682927 141.18536585365854 -1 0 0
264.71707317073174 141.7243902439024 -1 0 0
269.02926829268296 135.79512195121947 -1 0 0
272.26341463414633 143.88048780487804 -1 0 0
216.7439024390244 137.41219512195119 -1 0 0
319.6975609756098 187.54146341463417 -1 0 0
302.9878048780488 177.83902439024388 -1 0 0
293.8243902439024 185.38536585365853 -1 0 0
295.98048780487807 164.90243902439022 -1 0 0
300.2926829268293 160.05121951219513 -1 0 0
292.2073170731707 156.8170731707317 -1 0 0
297.5975609756098 150.34878048780485 -1 0 0
284.6609756097561 136.87317073170732 -1 0 0
257.70975609756096 146.03658536585363 -1 0 0
317.5414634146341 166.51951219512193 -1 0 0
321.3146341463415 156.8170731707317 -1 0 0
308.3780487804878 156.8170731707317 -1 0 0
316.4634146341464 150.88780487804877 -1 0 0
328.8609756097561 153.58292682926827 -1 0 0
331.5560975609757 151.4268292682927 -1 0 0
337.48536585365855 146.57560975609755 -1 0 0
313.22926829268295 143.34146341463412 -1 0 0
308.3780487804878 143.34146341463412 -1 0 0
320.77560975609754 143.88048780487804 -1 0 0
363.35853658536587 183.2292682926829 -1 0 0
347.18780487804884 178.3780487804878 -1 0 0
341.7975609756097 175.6829268292683 -1 0 0
368.7487804878049 167.59756097560972 -1 0 0
360.6634146341463 169.75365853658536 -1 0 0
348.26585365853657 155.7390243902439 -1 0 0
342.87560975609756 156.8170731707317 -1 0 0
342.87560975609756 143.88048780487804 -1 0 0
352.57804878048785 136.3341463414634 -1 0 0
361.74146341463415 136.87317073170732 -1 0 0
357.96829268292686 145.49756097560976 -1 0 0
357.429268292683 153.58292682926827 -1 0 0
368.209756097561 153.04390243902435 -1 0 0
388.15365853658534 170.83170731707315 -1 0 0
378.45121951219517 175.14390243902437 -1 0 0
451.75853658536585 191.85365853658533 -1 0 0
439.9 185.92439024390245 -1 0 0
418.8780487804878 189.69756097560975 -1 0 0
402.1682926829268 178.91707317073173 -1 0 0
401.6292682926829 162.74634146341464 -1 0 0
411.3317073170732 172.44878048780487 -1 0 0
394.6219512195122 162.74634146341464 -1 0 0
382.22439024390246 162.74634146341464 -1 0 0
395.16097560975606 146.03658536585363 -1 0 0
401.09024390243906 148.19268292682926 -1 0 0
388.6926829268293 143.88048780487804 -1 0 0
375.21707317073174 141.18536585365854 -1 0 0
380.60731707317075 135.79512195121947 -1 0 0
409.17560975609763 143.34146341463412 -1 0 0
402.1682926829268 135.79512195121947 -1 0 0
413.4878048780488 150.88780487804877 -1 0 0
418.33902439024394 160.590243902439 -1 0 0
425.8853658536585 148.19268292682926 -1 0 0
429.11951219512196 136.87317073170732 -1 0 0
417.80000000000007 140.64634146341461 -1 0 0
431.8146341463415 143.34146341463412 -1 0 0
432.89268292682925 168.13658536585365 -1 0 0
418.8780487804878 171.37073170731708 -1 0 0
443.6731707317074 171.90975609756094 -1 0 0
458.2268292682927 174.06585365853658 -1 0 0
466.3121951219513 162.74634146341464 -1 0 0
459.8439024390244 161.12926829268292 -1 0 0
451.75853658536585 168.13658536585365 -1 0 0
456.609756097561 142.26341463414633 -1 0 0
444.21219512195125 139.56829268292682 -1 0 0
453.9146341463414 139.0292682926829 -1 0 0
438.82195121951224 136.87317073170732 -1 0 0
466.3121951219513 137.41219512195119 -1 0 0
463.6170731707317 145.49756097560976 -1 0 0
476.55365853658543 137.41219512195119 -1 0 0
470.62439024390244 144.4195121951219 -1 0 0
476.55365853658543 167.59756097560972 -1 0 0
556.9634146341461 466.75609756097555 -1 0 0
613.021951219512 504.48780487804873 -1 0 0
650.7536585365851 465.67804878048776 -1 0 0
719.7487804878047 502.33170731707315 -1 0 0
782.2756097560973 448.4292682926829 -1 0 0
850.1926829268291 537.9073170731707 -1 0 0
868.5195121951217 454.89756097560974 -1 0 0
829.7097560975608 436.57073170731707 -1 0 0
818.9292682926828 393.44878048780487 -1 0 0
850.1926829268291 370.80975609756103 -1 0 0
878.221951219512 357.8731707317073 -1 0 0
879.2999999999997 314.7512195121951 -1 0 0
898.7048780487803 307.2048780487805 -1 0 0
880.3780487804875 283.4878048780488 -1 0 0
898.7048780487803 264.0829268292683 -1 0 0
914.8756097560972 271.6292682926829 -1 0 0
829.7097560975608 296.42439024390245 -1 0 0
851.2707317073168 302.89268292682925 -1 0 0
843.7243902439022 271.6292682926829 -1 0 0
865.2853658536583 261.9268292682927 -1 0 0
779.0414634146339 312.5951219512195 -1 0 0
811.3829268292682 310.4390243902439 -1 0 0
824.3195121951217 341.70243902439023 -1 0 0
786.5878048780485 337.39024390243895 -1 0 0
753.1682926829267 361.1073170731707 -1 0 0
758.5585365853656 412.8536585365854 -1 0 0
685.2512195121949 388.0585365853658 -1 0 0
641.0512195121948 402.0731707317073 -1 0 0
706.8121951219509 370.80975609756103 -1 0 0
712.2024390243901 344.93658536585366 -1 0 0
725.1390243902438 326.60975609756093 -1 0 0
735.9195121951218 317.9853658536585 -1 0 0
719.7487804878047 306.1268292682927 -1 0 0
663.6902439024389 334.1560975609756 -1 0 0
689.563414634146 320.14146341463413 -1 0 0
510.6073170731706 399.91707317073167 -1 0 0
554.8073170731707 423.6341463414634 -1 0 0
588.2268292682925 397.76097560975603 -1 0 0
628.1146341463414 372.96585365853656 -1 0 0
562.3536585365853 341.70243902439023 -1 0 0
525.6999999999998 341.70243902439023 -1 0 0
511.6853658536584 325.53170731707314 -1 0 0
508.451219512195 305.0487804878049 -1 0 0
535.4024390243901 312.5951219512195 -1 0 0
547.260975609756 302.89268292682925 -1 0 0
562.8926829268291 312.59512195121954 -1 0 0
561.2756097560974 296.4243902439024 -1 0 0
534.8634146341462 278.0975609756098 -1 0 0
502.52195121951206 270.55121951219513 -1 0 0
486.8902439024389 252.76341463414636 -1 0 0
515.9975609756096 259.77073170731705 -1 0 0
475.031707317073 244.13902439024392 -1 0 0
523.5439024390244 240.9048780487805 -1 0 0
545.1048780487804 246.83414634146342 -1 0 0
559.6585365853657 246.29512195121953 -1 0 0
569.8999999999999 255.45853658536586 -1 0 0
572.5951219512194 282.9487804878049 -1 0 0
587.6878048780486 285.6439024390244 -1 0 0
589.3048780487804 257.6146341463415 -1 0 0
583.9146341463413 240.9048780487805 -1 0 0
635.660975609756 220.9609756097561 -1 0 0
643.7463414634145 200.47804878048782 -1 0 0
667.4634146341463 222.03902439024392 -1 0 0
676.0878048780487 259.77073170731705 -1 0 0
662.0731707317073 243.0609756097561 -1 0 0
675.0097560975609 238.20975609756098 -1 0 0
634.0439024390242 285.1048780487805 -1 0 0
636.7390243902438 310.9780487804878 -1 0 0
615.7170731707315 331.46097560975613 -1 0 0
642.6682926829267 330.3829268292683 -1 0 0
664.7682926829267 303.4317073170731 -1 0 0
696.570731707317 294.2682926829268 -1 0 0
708.9682926829267 258.69268292682926 -1 0 0
715.4365853658536 275.94146341463414 -1 0 0
725.1390243902438 254.91951219512197 -1 0 0
732.6853658536585 273.24634146341464 -1 0 0
760.1756097560974 252.76341463414636 -1 0 0
726.2170731707316 243.0609756097561 -1 0 0
741.3097560975609 233.35853658536587 -1 0 0
776.8853658536584 217.7268292682927 -1 0 0
791.4390243902438 211.25853658536585 -1 0 0
777.4243902439023 236.59268292682927 -1 0 0
788.2048780487804 275.4024390243902 -1 0 0
753.7073170731707 275.94146341463414 -1 0 0
767.1829268292682 286.1829268292683 -1 0 0
482.5780487804877 169.75365853658536 -1 0 0
489.04634146341454 177.3 -1 0 0
497.670731707317 182.15121951219513 -1 0 0
494.43658536585355 164.90243902439022 -1 0 0
503.59999999999985 158.97317073170734 -1 0 0
497.13170731707305 150.88780487804877 -1 0 0
509.5292682926828 172.9878048780488 -1 0 0
519.2317073170731 178.91707317073173 -1 0 0
528.3951219512194 174.6048780487805 -1 0 0
537.0195121951218 160.05121951219513 -1 0 0
540.7926829268292 169.2146341463415 -1 0 0
538.6365853658535 178.91707317073173 -1 0 0
546.1829268292681 169.75365853658536 -1 0 0
551.5731707317073 172.44878048780487 -1 0 0
554.8073170731707 184.84634146341463 -1 0 0
561.2756097560974 172.44878048780487 -1 0 0
559.1195121951218 162.2073170731707 -1 0 0
555.8853658536584 162.2073170731707 -1 0 0
570.4390243902437 181.0731707317073 -1 0 0
579.6024390243902 168.67560975609757 -1 0 0
573.1341463414633 160.59024390243906 -1 0 0
588.2268292682926 168.67560975609757 -1 0 0
586.070731707317 195.62682926829268 -1 0 0
593.6170731707316 184.84634146341463 -1 0 0
606.5536585365853 182.15121951219513 -1 0 0
630.2707317073169 179.99512195121952 -1 0 0
608.1707317073169 169.75365853658536 -1 0 0
609.7878048780487 164.36341463414635 -1 0 0
617.8731707317072 167.59756097560978 -1 0 0
603.3195121951219 164.36341463414635 -1 0 0
648.0585365853657 182.15121951219513 -1 0 0
628.1146341463414 165.98048780487807 -1 0 0
643.2073170731707 168.13658536585365 -1 0 0
651.2926829268291 168.67560975609757 -1 0 0
661.5341463414633 174.6048780487805 -1 0 0
666.3853658536584 178.91707317073173 -1 0 0
657.760975609756 194.5487804878049 -1 0 0
682.5560975609754 191.85365853658539 -1 0 0
671.7756097560974 196.70487804878047 -1 0 0
687.9463414634146 184.84634146341463 -1 0 0
685.251219512195 174.6048780487805 -1 0 0
676.6268292682926 169.2146341463415 -1 0 0
693.8756097560974 174.6048780487805 -1 0 0
689.0243902439023 164.90243902439022 -1 0 0
693.3365853658536 160.05121951219513 -1 0 0
669.080487804878 172.44878048780487 -1 0 0
659.9170731707316 167.59756097560978 -1 0 0
663.690243902439 163.82439024390243 -1 0 0
671.2365853658536 161.66829268292685 -1 0 0
708.9682926829267 189.69756097560975 -1 0 0
697.6487804878047 201.55609756097562 -1 0 0
698.1878048780487 212.87560975609756 -1 0 0
712.741463414634 205.3292682926829 -1 0 0
722.4439024390243 197.2439024390244 -1 0 0
727.2951219512194 190.77560975609757 -1 0 0
732.6853658536585 190.77560975609757 -1 0 0
739.6926829268292 204.25121951219512 -1 0 0
760.1756097560974 206.94634146341463 -1 0 0
779.041463414634 200.47804878048782 -1 0 0
780.6585365853657 185.92439024390245 -1 0 0
765.0268292682925 183.7682926829268 -1 0 0
752.6292682926828 194.5487804878049 -1 0 0
761.2536585365852 191.85365853658539 -1 0 0
768.260975609756 196.70487804878047 -1 0 0
745.6219512195121 187.54146341463417 -1 0 0
740.2317073170731 182.15121951219513 -1 0 0
747.7780487804877 179.99512195121952 -1 0 0
727.2951219512194 178.91707317073173 -1 0 0
719.2097560975609 185.92439024390245 -1 0 0
713.8195121951219 173.52682926829266 -1 0 0
704.6560975609755 175.6829268292683 -1 0 0
727.8341463414633 172.9878048780488 -1 0 0
725.1390243902438 165.98048780487807 -1 0 0
737.5365853658535 168.67560975609757 -1 0 0
738.0756097560975 154.66097560975606 -1 0 0
719.7487804878048 144.95853658536583 -1 0 0
749.9341463414634 142.80243902439025 -1 0 0
741.3097560975609 147.65365853658534 -1 0 0
726.7560975609755 148.7317073170732 -1 0 0
770.4170731707316 142.80243902439025 -1 0 0
752.0902439024389 150.3487804878049 -1 0 0
733.7634146341462 159.5121951219512 -1 0 0
754.2463414634145 165.44146341463414 -1 0 0
746.160975609756 163.82439024390243 -1 0 0
773.1121951219511 150.88780487804877 -1 0 0
764.4878048780487 167.05853658536586 -1 0 0
770.4170731707316 157.8951219512195 -1 0 0
789.8219512195121 167.05853658536586 -1 0 0
787.1268292682926 162.74634146341464 -1 0 0
782.2756097560974 157.8951219512195 -1 0 0
776.8853658536584 154.66097560975606 -1 0 0
788.2048780487804 153.58292682926827 -1 0 0
795.2121951219511 156.8170731707317 -1 0 0
744.6390243902439 229.04634146341468 -1 0 0
803.3926829268293 219.88292682926834 -1 0 0
805.5487804878048 243.06097560975616 -1 0 0
822.2585365853658 225.27317073170735 -1 0 0
914.9707317073171 221.50000000000006 -1 0 0
841.6634146341463 229.58536585365854 -1 0 0
829.2658536585366 208.02439024390247 -1 0 0
852.9829268292683 234.43658536585372 -1 0 0
851.3658536585366 248.45121951219517 -1 0 0
817.4073170731707 259.77073170731705 -1 0 0
871.8487804878049 241.98292682926834 -1 0 0
888.0195121951219 253.3024390243903 -1 0 0
908.5024390243902 239.82682926829273 -1 0 0
917.1268292682927 250.60731707317078 -1 0 0
905.8073170731708 223.65609756097564 -1 0 0
924.1341463414634 209.1024390243903 -1 0 0
899.3390243902439 187.5414634146342 -1 0 0
878.3170731707318 199.40000000000003 -1 0 0
885.3243902439025 192.3926829268293 -1 0 0
876.1609756097561 181.07317073170736 -1 0 0
864.8414634146342 175.14390243902443 -1 0 0
852.4439024390244 167.0585365853659 -1 0 0
846.5146341463415 168.1365853658537 -1 0 0
849.209756097561 185.92439024390248 -1 0 0
840.5853658536586 183.76829268292687 -1 0 0
827.6487804878049 187.5414634146342 -1 0 0
814.1731707317073 189.6975609756098 -1 0 0
803.9317073170732 192.3926829268293 -1 0 0
795.3073170731708 196.16585365853663 -1 0 0
794.7682926829268 179.99512195121955 -1 0 0
808.2439024390244 178.91707317073175 -1 0 0
822.2585365853658 175.14390243902443 -1 0 0
827.109756097561 175.14390243902443 -1 0 0
835.7341463414634 169.2146341463415 -1 0 0
810.939024390244 158.43414634146347 -1 0 0
808.2439024390244 169.2146341463415 -1 0 0
799.0804878048781 165.9804878048781 -1 0 0
699.3609756097561 105.60975609756099 -1 0 0
688.0414634146341 105.60975609756099 -1 0 0
676.7219512195122 105.60975609756099 -1 0 0
671.8707317073171 105.60975609756099 -1 0 0
685.8853658536585 129.32682926829273 -1 0 0
710.6804878048781 126.63170731707322 -1 0 0
700.9780487804878 143.8804878048781 -1 0 0
692.3536585365854 144.9585365853659 -1 0 0
703.1341463414634 151.42682926829272 -1 0 0
716.609756097561 151.42682926829272 -1 0 0
707.9853658536585 158.43414634146347 -1 0 0
724.1560975609757 159.51219512195127 -1 0 0
695.5878048780487 153.58292682926833 -1 0 0
699.9 157.35609756097568 -1 0 0
687.5024390243902 153.58292682926833 -1 0 0
674.5658536585365 141.1853658536586 -1 0 0
663.7853658536585 141.72439024390246 -1 0 0
650.3097560975609 141.72439024390246 -1 0 0
661.6292682926829 148.73170731707322 -1 0 0
656.2390243902439 146.5756097560976 -1 0 0
655.1609756097562 152.50487804878054 -1 0 0
660.0121951219512 153.58292682926833 -1 0 0
655.1609756097562 157.35609756097568 -1 0 0
661.6292682926829 158.43414634146347 -1 0 0
648.1536585365853 148.73170731707322 -1 0 0
643.3024390243902 149.80975609756103 -1 0 0
648.6926829268293 155.73902439024394 -1 0 0
642.7634146341463 154.66097560975612 -1 0 0
648.1536585365853 160.59024390243906 -1 0 0
636.8341463414633 144.9585365853659 -1 0 0
634.1390243902439 128.24878048780494 -1 0 0
623.8975609756097 128.24878048780494 -1 0 0
628.7487804878049 94.29024390243904 -1 0 0
596.9463414634147 101.29756097560983 -1 0 0
577.5414634146341 109.38292682926834 -1 0 0
570.5341463414634 108.30487804878055 -1 0 0
577.5414634146341 84.04878048780495 -1 0 0
609.3439024390243 139.02926829268296 -1 0 0
626.0536585365853 144.9585365853659 -1 0 0
625.5146341463415 151.42682926829272 -1 0 0
630.9048780487805 150.88780487804883 -1 0 0
620.6634146341464 154.66097560975612 -1 0 0
621.7414634146342 160.59024390243906 -1 0 0
628.209756097561 157.35609756097568 -1 0 0
600.719512195122 155.73902439024394 -1 0 0
606.6487804878049 155.73902439024394 -1 0 0
603.9536585365854 143.8804878048781 -1 0 0
593.1731707317074 142.80243902439028 -1 0 0
592.0951219512194 155.73902439024394 -1 0 0
581.8536585365854 153.58292682926833 -1 0 0
587.2439024390244 149.80975609756103 -1 0 0
586.1658536585367 143.8804878048781 -1 0 0
582.3926829268293 139.02926829268296 -1 0 0
577.5414634146341 143.8804878048781 -1 0 0
577.5414634146341 149.80975609756103 -1 0 0
573.229268292683 150.88780487804883 -1 0 0
565.1439024390244 139.02926829268296 -1 0 0
570.5341463414634 141.72439024390246 -1 0 0
558.1365853658536 140.10731707317078 -1 0 0
547.3560975609756 142.80243902439028 -1 0 0
542.5048780487805 146.03658536585368 -1 0 0
539.270731707317 140.10731707317078 -1 0 0
536.5756097560975 139.02926829268296 -1 0 0
529.5682926829268 140.10731707317078 -1 0 0
525.7951219512195 149.80975609756103 -1 0 0
512.8585365853659 149.80975609756103 -1 0 0
545.2 126.63170731707322 -1 0 0
539.270731707317 126.63170731707322 -1 0 0
533.3414634146342 127.17073170731715 -1 0 0
529.0292682926829 124.47560975609758 -1 0 0
524.7170731707317 122.319512195122 -1 0 0
516.6317073170732 125.0146341463415 -1 0 0
501.53902439024387 142.80243902439028 -1 0 0
501.53902439024387 136.33414634146345 -1 0 0
506.390243902439 137.95121951219517 -1 0 0
511.780487804878 135.25609756097566 -1 0 0
505.3121951219512 120.70243902439029 -1 0 0
502.6170731707317 123.39756097560979 -1 0 0
490.219512195122 123.93658536585372 -1 0 0
492.9146341463414 128.24878048780494 -1 0 0
486.98536585365855 128.24878048780494 -1 0 0
503.1560975609756 130.40487804878052 -1 0 0
499.92195121951215 128.24878048780494 -1 0 0
490.75853658536585 135.25609756097566 -1 0 0
498.30487804878044 132.02195121951223 -1 0 0
496.6878048780488 136.87317073170738 -1 0 0
108.9390243902439 111.80853658536584 -1 0 0
94.38536585365853 117.73780487804879 -1 0 0
91.1512195121951 117.73780487804879 -1 0 0
88.45609756097559 118.81585365853661 -1 0 0
82.52682926829266 115.58170731707321 -1 0 0
75.51951219512193 114.50365853658539 -1 0 0
78.75365853658536 113.96463414634151 -1 0 0
64.73902439024391 111.80853658536584 -1 0 0
69.05121951219513 113.96463414634151 -1 0 0
59.348780487804845 109.65243902439026 -1 0 0
50.724390243902434 110.73048780487807 -1 0 0
32.397560975609736 125.28414634146344 -1 0 0
35.631707317073165 122.58902439024394 -1 0 0
38.865853658536565 124.74512195121952 -1 0 0
38.865853658536565 119.89390243902443 -1 0 0
42.63902439024389 121.51097560975612 -1 0 0
45.334146341463395 119.89390243902443 -1 0 0
52.880487804878044 119.3548780487805 -1 0 0
51.802439024390225 122.58902439024394 -1 0 0
47.490243902439005 124.74512195121952 -1 0 0
46.412195121951214 128.51829268292684 -1 0 0
43.178048780487785 130.13536585365856 -1 0 0
40.48292682926828 132.29146341463417 -1 0 0
56.65365853658534 126.36219512195123 -1 0 0
57.73170731707319 121.51097560975612 -1 0 0
65.27804878048778 124.74512195121952 -1 0 0
68.51219512195121 121.51097560975612 -1 0 0
71.20731707317071 123.66707317073171 -1 0 0
74.44146341463414 126.36219512195123 -1 0 0
78.75365853658536 123.66707317073171 -1 0 0
76.59756097560972 127.44024390243905 -1 0 0
76.59756097560972 132.29146341463417 -1 0 0
70.12926829268292 131.21341463414637 -1 0 0
92.22926829268295 122.58902439024394 -1 0 0
85.76097560975609 122.58902439024394 -1 0 0
84.14390243902437 119.3548780487805 -1 0 0
85.76097560975609 127.44024390243905 -1 0 0
96.00243902439024 126.36219512195123 -1 0 0
117.56341463414634 126.36219512195123 -1 0 0
122.41463414634147 123.66707317073171 -1 0 0
129.96097560975608 129.05731707317076 -1 0 0
126.18780487804877 131.21341463414637 -1 0 0
134.2731707317073 131.21341463414637 -1 0 0
135.35121951219514 124.20609756097565 -1 0 0
128.34390243902436 123.66707317073171 -1 0 0
133.1951219512195 119.89390243902443 -1 0 0
120.25853658536585 118.81585365853661 -1 0 0
141.28048780487802 132.29146341463417 -1 0 0
146.13170731707316 131.21341463414637 -1 0 0
146.13170731707316 126.36219512195123 -1 0 0
147.20975609756096 121.51097560975612 -1 0 0
149.90487804878046 120.4329268292683 -1 0 0
155.29512195121953 119.3548780487805 -1 0 0
159.60731707317075 143.6109756097561 -1 0 0
168.77073170731705 136.0646341463415 -1 0 0
157.4512195121951 133.90853658536588 -1 0 0
159.60731707317075 127.44024390243905 -1 0 0
162.30243902439025 122.58902439024394 -1 0 0
202.19024390243902 122.58902439024394 -1 0 0
209.19756097560975 121.51097560975612 -1 0 0
196.8 118.81585365853661 -1 0 0
194.64390243902437 126.36219512195123 -1 0 0
192.4878048780488 119.89390243902443 -1 0 0
188.71463414634144 121.51097560975612 -1 0 0
184.94146341463414 123.66707317073171 -1 0 0
181.16829268292685 118.81585365853661 -1 0 0
176.85609756097563 120.4329268292683 -1 0 0
172.00487804878048 128.51829268292684 -1 0 0
176.85609756097563 129.05731707317076 -1 0 0
180.62926829268292 124.20609756097565 -1 0 0
187.63658536585365 131.21341463414637 -1 0 0
195.72195121951222 133.36951219512198 -1 0 0
202.72926829268295 130.13536585365856 -1 0 0
230.75853658536585 123.66707317073171 -1 0 0
221.59512195121954 120.4329268292683 -1 0 0
217.8219512195122 127.44024390243905 -1 0 0
222.1341463414634 126.36219512195123 -1 0 0
228.06341463414634 134.44756097560978 -1 0 0
224.29024390243904 136.0646341463415 -1 0 0
235.609756097561 133.36951219512198 -1 0 0
230.21951219512198 129.59634146341466 -1 0 0
236.14878048780486 127.44024390243905 -1 0 0
231.29756097560977 150.61829268292686 -1 0 0
248.54634146341465 117.73780487804879 -1 0 0
246.92926829268293 130.13536585365856 -1 0 0
242.0780487804878 131.21341463414637 -1 0 0
239.38292682926829 121.51097560975612 -1 0 0
302.44878048780487 133.36951219512198 -1 0 0
307.3 131.21341463414637 -1 0 0
297.5975609756098 133.36951219512198 -1 0 0
291.66829268292685 141.99390243902442 -1 0 0
293.8243902439024 139.2987804878049 -1 0 0
290.59024390243906 126.36219512195123 -1 0 0
293.8243902439024 123.66707317073171 -1 0 0
297.5975609756098 123.66707317073171 -1 0 0
283.0439024390244 125.28414634146344 -1 0 0
275.49756097560976 123.66707317073171 -1 0 0
265.7951219512195 118.81585365853661 -1 0 0
291.1292682926829 131.21341463414637 -1 0 0
298.13658536585365 129.59634146341466 -1 0 0
305.6829268292683 126.36219512195123 -1 0 0
304.6048780487805 123.66707317073171 -1 0 0
314.84634146341466 136.0646341463415 -1 0 0
313.22926829268295 129.59634146341466 -1 0 0
334.790243902439 136.0646341463415 -1 0 0
329.93902439024396 131.21341463414637 -1 0 0
321.8536585365854 138.2207317073171 -1 0 0
328.8609756097561 144.68902439024393 -1 0 0
344.4926829268293 130.13536585365856 -1 0 0
348.80487804878055 125.28414634146344 -1 0 0
390.8487804878049 119.3548780487805 -1 0 0
404.3243902439025 123.66707317073171 -1 0 0
410.25365853658536 118.81585365853661 -1 0 0
417.2609756097561 119.89390243902443 -1 0 0
421.0341463414634 124.20609756097565 -1 0 0
425.34634146341466 127.44024390243905 -1 0 0
428.5804878048781 122.58902439024394 -1 0 0
435.04878048780495 124.20609756097565 -1 0 0
439.3609756097561 121.51097560975612 -1 0 0
432.89268292682925 126.36219512195123 -1 0 0
436.1268292682927 128.51829268292684 -1 0 0
439.9 132.29146341463417 -1 0 0
444.7512195121951 128.51829268292684 -1 0 0
447.4463414634147 126.36219512195123 -1 0 0
453.37560975609756 131.21341463414637 -1 0 0
456.609756097561 126.36219512195123 -1 0 0
464.1560975609756 124.74512195121952 -1 0 0
473.319512195122 127.44024390243905 -1 0 0
467.929268292683 128.51829268292684 -1 0 0
470.0853658536586 124.20609756097565 -1 0 0
479.78780487804875 122.58902439024394 -1 0 0
419.95609756097565 132.29146341463417 -1 0 0
411.3317073170732 129.05731707317076 -1 0 0
412.9487804878049 124.74512195121952 -1 0 0
416.7219512195122 127.44024390243905 -1 0 0
396.2390243902439 126.36219512195123 -1 0 0
391.92682926829275 126.36219512195123 -1 0 0
383.3024390243903 127.44024390243905 -1 0 0
393.54390243902435 136.0646341463415 -1 0 0
266.22727272727275 129.73051948051946 -1 0 0
270.5519480519481 131.1720779220779 -1 0 0
278.72077922077926 133.57467532467533 -1 0 0
258.538961038961 116.7564935064935 -1 0 0
257.0974025974026 125.40584415584414 -1 0 0
262.38311688311694 125.40584415584414 -1 0 0
273.43506493506493 116.7564935064935 -1 0 0
268.62987012987014 115.79545454545453 -1 0 0
279.2012987012987 115.79545454545453 -1 0 0
285.448051948052 114.8344155844156 -1 0 0
291.2142857142858 113.87337662337663 -1 0 0
295.0584415584416 114.35389610389609 -1 0 0
298.9025974025974 110.02922077922076 -1 0 0
303.7077922077922 110.99025974025975 -1 0 0
302.7467532467532 115.31493506493507 -1 0 0
294.0974025974026 118.19805194805193 -1 0 0
306.5909090909091 117.71753246753246 -1 0 0
310.43506493506493 119.63961038961037 -1 0 0
315.72077922077926 124.44480519480518 -1 0 0
314.27922077922074 115.31493506493507 -1 0 0
316.2012987012987 111.4707792207792 -1 0 0
312.3571428571429 110.99025974025975 -1 0 0
324.37012987012986 116.7564935064935 -1 0 0
321.96753246753246 110.99025974025975 -1 0 0
328.21428571428567 111.95129870129871 -1 0 0
331.57792207792204 110.50974025974027 -1 0 0
333.98051948051943 118.19805194805193 -1 0 0
330.6168831168832 123.00324675324674 -1 0 0
323.4090909090909 123.9642857142857 -1 0 0
320.52597402597405 131.6525974025974 -1 0 0
338.78571428571433 125.40584415584414 -1 0 0
348.3961038961039 122.04220779220779 -1 0 0
345.51298701298697 121.08116883116881 -1 0 0
351.7597402597403 116.7564935064935 -1 0 0
358.48701298701303 117.71753246753246 -1 0 0
362.33116883116884 116.27597402597402 -1 0 0
357.52597402597405 127.32792207792207 -1 0 0
370.98051948051943 118.19805194805193 -1 0 0
352.72077922077926 127.32792207792207 -1 0 0
348.3961038961039 133.09415584415584 -1 0 0
