66.49300411522634 372.4288065843621 -1 0 0
26.88148148148165 376.64279835390954 -1 0 0
10.025514403292352 637.0674897119342 -1 0 0
9.182716049382899 677.5218106995885 -1 0 0
31.93827160493845 678.3646090534978 -1 0 0
37.8378600823047 651.395061728395 -1 0 0
63.9646090534981 626.9539094650206 -1 0 0
22.667489711934344 608.4123456790123 -1 0 0
74.0781893004117 596.6131687242798 -1 0 0
117.90370370370388 626.1111111111111 -1 0 0
90.93415637860099 668.2510288065844 -1 0 0
163.41481481481497 665.722633744856 -1 0 0
159.20082304526764 627.79670781893 -1 0 0
191.22716049382734 632.0106995884773 -1 0 0
223.25349794238696 661.5086419753086 -1 0 0
291.5201646090536 646.3382716049383 -1 0 0
276.3497942386833 626.9539094650206 -1 0 0
312.59012345679025 669.0938271604938 -1 0 0
372.4288065843623 618.5259259259259 -1 0 0
310.0617283950619 620.2115226337448 -1 0 0
417.93991769547335 669.0938271604938 -1 0 0
485.3637860082306 644.6526748971193 -1 0 0
535.088888888889 630.3251028806584 -1 0 0
574.7004115226338 638.7530864197531 -1 0 0
599.9843621399177 616.840329218107 -1 0 0
658.1374485596707 626.1111111111111 -1 0 0
691.8493827160494 650.5522633744855 -1 0 0
707.0197530864198 593.2419753086419 -1 0 0
770.2296296296296 639.5958847736625 -1 0 0
785.3999999999999 604.198353909465 -1 0 0
771.0724279835391 574.7004115226338 -1 0 0
819.1119341563787 578.0716049382715 -1 0 0
836.8106995884773 605.0411522633744 -1 0 0
825.0115226337448 640.438683127572 -1 0 0
818.2691358024691 664.8798353909465 -1 0 0
787.9283950617285 675.8362139917696 -1 0 0
841.8674897119341 664.8798353909465 -1 0 0
883.164609053498 643.8098765432098 -1 0 0
875.5794238683129 610.0979423868313 -1 0 0
927.8329218106994 615.9975308641975 -1 0 0
946.3744855967079 648.0238683127573 -1 0 0
914.3481481481482 674.99341563786 -1 0 0
940.4748971193414 670.7794238683127 -1 0 0
1010.4271604938269 668.2510288065844 -1 0 0
982.6148148148146 647.1810699588477 -1 0 0
971.6584362139916 613.469135802469 -1 0 0
1021.3835390946502 618.5259259259259 -1 0 0
1007.0559670781892 614.3119341563786 -1 0 0
629.482304526749 668.2510288065844 -1 0 0
427.21069958847744 642.124279835391 -1 0 0
326.07489711934164 629.482304526749 -1 0 0
249.38024691358038 608.4123456790123 -1 0 0
216.51111111111123 632.8534979423869 -1 0 0
133.91687242798372 604.198353909465 -1 0 0
34.466666666666846 573.0148148148148 -1 0 0
79.13497942386849 573.0148148148148 -1 0 0
89.24855967078204 552.7876543209877 -1 0 0
36.99506172839524 540.1456790123457 -1 0 0
123.80329218107013 568.8008230452675 -1 0 0
167.62880658436225 575.5432098765432 -1 0 0
180.27078189300428 605.0411522633744 -1 0 0
210.61152263374498 570.4864197530865 -1 0 0
267.9218106995886 580.6 -1 0 0
313.43292181069967 567.1152263374486 -1 0 0
359.78683127572026 563.7440329218107 -1 0 0
383.38518518518526 562.9012345679013 -1 0 0
345.4592592592594 590.7135802469136 -1 0 0
293.20576131687255 593.2419753086419 -1 0 0
388.44197530864204 540.1456790123457 -1 0 0
428.0534979423869 577.2288065843621 -1 0 0
435.6386831275721 551.9448559670782 -1 0 0
446.5950617283952 579.7572016460906 -1 0 0
496.32016460905356 606.7267489711934 -1 0 0
534.2460905349794 599.9843621399177 -1 0 0
618.525925925926 565.4296296296296 -1 0 0
595.7703703703705 546.8880658436215 -1 0 0
562.9012345679013 554.4732510288065 -1 0 0
525.8181069958847 565.4296296296296 -1 0 0
494.6345679012346 540.9884773662552 -1 0 0
469.3506172839507 566.272427983539 -1 0 0
462.60823045267495 538.4600823045267 -1 0 0
435.6386831275721 535.9316872427984 -1 0 0
436.4814814814816 518.2329218106996 -1 0 0
414.56872427983546 524.1325102880659 -1 0 0
335.3456790123458 519.075720164609 -1 0 0
385.0707818930042 512.3333333333334 -1 0 0
306.690534979424 521.6041152263374 -1 0 0
284.7777777777779 507.2765432098766 -1 0 0
288.99176954732525 535.9316872427984 -1 0 0
254.4370370370372 549.4164609053498 -1 0 0
183.6419753086421 534.2460905349794 -1 0 0
133.0740740740742 528.3465020576132 -1 0 0
114.53251028806599 532.5604938271605 -1 0 0
49.6370370370372 519.9185185185186 -1 0 0
3.283127572016648 527.5037037037036 -1 0 0
3.283127572016648 493.7917695473251 -1 0 0
47.1086419753088 493.7917695473251 -1 0 0
79.13497942386849 494.6345679012346 -1 0 0
114.53251028806599 484.52098765432106 -1 0 0
165.94320987654334 492.1061728395062 -1 0 0
149.9300411522635 516.5473251028807 -1 0 0
213.13991769547334 499.69135802469134 -1 0 0
263.70781893004124 478.6213991769548 -1 0 0
304.1621399176955 481.9925925925926 -1 0 0
119.5893004115228 440.69547325102883 -1 0 0
149.9300411522635 437.32427983539094 -1 0 0
34.466666666666846 465.9794238683128 -1 0 0
97.6765432098767 466.8222222222223 -1 0 0
128.0172839506174 465.1366255144033 -1 0 0
192.91275720164623 466.8222222222223 -1 0 0
228.31028806584374 465.1366255144033 -1 0 0
289.83456790123466 445.75226337448566 -1 0 0
272.9786008230454 459.23703703703706 -1 0 0
320.1753086419754 463.4510288065844 -1 0 0
353.04444444444454 458.3942386831276 -1 0 0
342.9308641975309 493.7917695473251 -1 0 0
396.8699588477367 487.0493827160494 -1 0 0
382.5423868312758 458.3942386831276 -1 0 0
426.36790123456797 473.564609053498 -1 0 0
441.53827160493836 487.0493827160494 -1 0 0
421.3111111111112 503.9053497942387 -1 0 0
464.29382716049383 509.80493827160495 -1 0 0
484.52098765432106 511.49053497942396 -1 0 0
504.74814814814823 497.162962962963 -1 0 0
521.6041152263374 512.3333333333334 -1 0 0
539.3028806584362 519.9185185185186 -1 0 0
538.4600823045267 551.9448559670782 -1 0 0
595.7703703703705 509.80493827160495 -1 0 0
473.5646090534981 487.0493827160494 -1 0 0
476.09300411522634 461.7654320987655 -1 0 0
511.490534979424 460.0798353909465 -1 0 0
529.1893004115227 480.3069958847737 -1 0 0
550.2592592592592 497.162962962963 -1 0 0
552.7876543209877 462.60823045267495 -1 0 0
597.4559670781892 471.03621399176956 -1 0 0
621.8971193415638 498.00576131687245 -1 0 0
641.2814814814815 480.3069958847737 -1 0 0
634.5390946502057 456.7086419753087 -1 0 0
685.1069958847738 460.92263374485606 -1 0 0
674.99341563786 481.9925925925926 -1 0 0
687.6353909465021 505.5909465020576 -1 0 0
712.0765432098766 544.359670781893 -1 0 0
664.037037037037 514.8617283950617 -1 0 0
744.1028806584363 509.80493827160495 -1 0 0
780.3432098765434 497.162962962963 -1 0 0
798.8847736625514 515.7045267489711 -1 0 0
825.0115226337448 490.4205761316873 -1 0 0
850.2954732510289 518.2329218106996 -1 0 0
875.5794238683129 498.8485596707819 -1 0 0
892.4353909465019 517.3901234567902 -1 0 0
926.1473251028807 486.20658436213995 -1 0 0
940.4748971193414 522.4469135802469 -1 0 0
983.4576131687242 500.53415637860087 -1 0 0
994.4139917695475 523.2897119341565 -1 0 0
532.5604938271605 446.5950617283951 -1 0 0
520.761316872428 448.280658436214 -1 0 0
567.958024691358 445.75226337448566 -1 0 0
599.9843621399177 448.280658436214 -1 0 0
605.883950617284 423.83950617283955 -1 0 0
561.2156378600822 418.78271604938277 -1 0 0
569.6436213991769 400.24115226337454 -1 0 0
605.0411522633744 401.083950617284 -1 0 0
644.6526748971193 389.2847736625515 -1 0 0
694.3777777777777 400.24115226337454 -1 0 0
638.753086419753 413.72592592592594 -1 0 0
623.5827160493827 421.3111111111112 -1 0 0
357.2584362139919 439.00987654320994 -1 0 0
299.9481481481483 421.3111111111112 -1 0 0
323.5465020576133 440.69547325102883 -1 0 0
348.8304526748972 420.46831275720166 -1 0 0
381.6995884773663 430.5818930041153 -1 0 0
406.1407407407408 425.52510288065844 -1 0 0
434.7958847736627 447.43786008230455 -1 0 0
419.6255144032923 426.36790123456797 -1 0 0
446.5950617283952 427.21069958847744 -1 0 0
459.2370370370371 419.6255144032922 -1 0 0
488.73497942386837 445.75226337448566 -1 0 0
496.32016460905356 432.2674897119342 -1 0 0
587.3423868312757 491.2633744855967 -1 0 0
717.9761316872427 458.3942386831276 -1 0 0
735.6748971193416 481.9925925925926 -1 0 0
762.6444444444444 460.0798353909465 -1 0 0
806.4699588477366 471.8790123456791 -1 0 0
855.3522633744857 468.5078189300412 -1 0 0
897.4921810699589 470.1934156378601 -1 0 0
882.3218106995885 453.3374485596708 -1 0 0
921.0905349794239 445.75226337448566 -1 0 0
970.8156378600821 454.1802469135803 -1 0 0
1003.6847736625514 447.43786008230455 -1 0 0
995.2567901234567 474.40740740740745 -1 0 0
956.4880658436214 548.5736625514403 -1 0 0
903.3917695473252 553.6304526748971 -1 0 0
854.5094650205762 549.4164609053498 -1 0 0
806.4699588477366 546.0452674897119 -1 0 0
873.8938271604939 578.0716049382715 -1 0 0
968.2872427983539 588.1851851851852 -1 0 0
1021.3835390946502 577.2288065843621 -1 0 0
998.6279835390944 559.5300411522634 -1 0 0
748.3168724279836 545.2024691358024 -1 0 0
723.0329218106996 578.9144032921811 -1 0 0
996.0995884773662 422.9967078189301 -1 0 0
948.9028806584362 422.15390946502066 -1 0 0
910.1341563786009 414.5687242798354 -1 0 0
872.2082304526748 415.41152263374494 -1 0 0
825.8543209876543 417.9399176954733 -1 0 0
788.7711934156378 421.3111111111112 -1 0 0
754.2164609053498 411.1975308641976 -1 0 0
717.1333333333334 417.9399176954733 -1 0 0
728.9325102880659 395.18436213991777 -1 0 0
754.2164609053498 389.2847736625515 -1 0 0
782.0288065843621 372.4288065843622 -1 0 0
827.5399176954734 375.80000000000007 -1 0 0
816.5835390946501 396.86995884773665 -1 0 0
863.7802469135804 375.80000000000007 -1 0 0
866.3086419753087 357.2584362139918 -1 0 0
847.7670781893005 361.47242798353915 -1 0 0
916.0337448559669 364.00082304526757 -1 0 0
899.1777777777779 383.38518518518526 -1 0 0
854.5094650205762 399.3983539094651 -1 0 0
888.2213991769546 401.083950617284 -1 0 0
928.675720164609 385.07078189300415 -1 0 0
943.00329218107 402.7695473251029 -1 0 0
978.4008230452675 402.7695473251029 -1 0 0
966.601646090535 380.8567901234568 -1 0 0
1013.798353909465 376.64279835390954 -1 0 0
1021.3835390946502 417.9399176954733 -1 0 0
1020.5407407407407 390.12757201646093 -1 0 0
990.2 351.35884773662553 -1 0 0
1001.156378600823 361.47242798353915 -1 0 0
942.3711934156379 347.35555555555567 -1 0 0
972.7119341563787 333.4493827160495 -1 0 0
1000.1028806584363 310.27242798353916 -1 0 0
1020.7514403292182 338.5061728395063 -1 0 0
928.4650205761318 332.1851851851853 -1 0 0
894.3316872427984 332.1851851851853 -1 0 0
863.9909465020576 319.964609053498 -1 0 0
804.5736625514403 356.62633744855975 -1 0 0
820.1654320987655 331.3423868312758 -1 0 0
801.2024691358025 325.0213991769548 -1 0 0
809.2090534979425 301.4230452674898 -1 0 0
836.1786008230453 305.6370370370371 -1 0 0
823.5366255144032 282.88148148148156 -1 0 0
849.6633744855967 294.25925925925935 -1 0 0
861.8839506172841 303.53004115226344 -1 0 0
889.2748971193416 290.4666666666667 -1 0 0
859.7769547325103 272.76790123456794 -1 0 0
840.3925925925926 267.71111111111117 -1 0 0
832.8074074074075 257.1761316872429 -1 0 0
815.951440329218 263.49711934156386 -1 0 0
866.519341563786 246.64115226337458 -1 0 0
900.2312757201646 266.8683127572017 -1 0 0
894.3316872427984 247.48395061728402 -1 0 0
931.4148148148148 263.07572016460915 -1 0 0
943.2139917695473 247.48395061728402 -1 0 0
926.3580246913581 283.72427983539103 -1 0 0
909.5020576131689 308.1654320987655 -1 0 0
963.8625514403293 256.3333333333334 -1 0 0
964.2839506172841 292.9950617283951 -1 0 0
960.0699588477366 309.4296296296297 -1 0 0
1013.1662551440331 290.04526748971205 -1 0 0
1003.0526748971193 270.6609053497943 -1 0 0
1021.1728395061729 248.32674897119352 -1 0 0
1010.2164609053499 231.8921810699589 -1 0 0
981.1399176954734 241.58436213991777 -1 0 0
951.2205761316873 226.83539094650214 -1 0 0
981.9827160493828 228.5209876543211 -1 0 0
974.8189300411523 210.40082304526757 -1 0 0
1005.1596707818932 194.8090534979425 -1 0 0
997.1530864197532 174.5818930041153 -1 0 0
966.8123456790123 191.4378600823046 -1 0 0
957.1201646090536 180.06008230452682 -1 0 0
963.8625514403293 166.15390946502066 -1 0 0
963.4411522633745 147.19094650205773 -1 0 0
1000.1028806584363 162.36131687242806 -1 0 0
936.4716049382716 161.09711934156385 -1 0 0
930.99341563786 176.26748971193425 -1 0 0
925.0938271604939 189.33086419753093 -1 0 0
912.8732510288066 176.26748971193425 -1 0 0
901.0740740740741 153.5119341563787 -1 0 0
902.3382716049383 228.09958847736632 -1 0 0
874.1045267489712 227.6781893004116 -1 0 0
868.6263374485598 207.87242798353918 -1 0 0
897.7028806584364 210.40082304526757 -1 0 0
896.0172839506173 192.70205761316882 -1 0 0
864.4123456790123 186.3810699588478 -1 0 0
830.279012345679 226.83539094650214 -1 0 0
797.8312757201645 193.12345679012356 -1 0 0
813.001646090535 177.53168724279843 -1 0 0
862.3053497942387 160.2543209876544 -1 0 0
833.6502057613168 146.76954732510296 -1 0 0
880.0041152263375 167.8395061728396 -1 0 0
773.8115226337447 260.125925925926 -1 0 0
748.9489711934157 287.93827160493834 -1 0 0
717.3440329218107 304.7942386831277 -1 0 0
680.6823045267489 310.6938271604939 -1 0 0
678.99670781893 336.39917695473264 -1 0 0
640.2279835390946 318.2790123456791 -1 0 0
655.398353909465 294.68065843621406 -1 0 0
676.8897119341564 284.9884773662552 -1 0 0
694.5884773662551 264.33991769547333 -1 0 0
679.8395061728395 267.71111111111117 -1 0 0
676.4683127572016 254.64773662551448 -1 0 0
667.1975308641975 243.26995884773672 -1 0 0
678.5753086419752 237.37037037037047 -1 0 0
714.8156378600822 228.5209876543211 -1 0 0
695.0098765432099 218.4074074074075 -1 0 0
705.966255144033 204.07983539094658 -1 0 0
733.7786008230453 209.13662551440336 -1 0 0
748.9489711934157 208.2938271604939 -1 0 0
723.243621399177 176.68888888888898 -1 0 0
753.162962962963 173.31769547325112 -1 0 0
775.9185185185185 169.94650205761326 -1 0 0
693.7456790123457 194.38765432098774 -1 0 0
681.9465020576131 185.11687242798362 -1 0 0
667.1975308641975 187.645267489712 -1 0 0
671.8329218106995 166.99670781893013 -1 0 0
660.4551440329218 162.7827160493828 -1 0 0
643.5991769547325 206.18683127572024 -1 0 0
642.3349794238683 226.83539094650214 -1 0 0
646.5489711934156 247.0625514403293 -1 0 0
628.8502057613168 236.10617283950626 -1 0 0
628.0074074074073 249.16954732510297 -1 0 0
621.6864197530864 260.54732510288073 -1 0 0
610.7300411522633 267.28971193415646 -1 0 0
630.9572016460904 268.55390946502064 -1 0 0
626.3218106995885 286.2526748971194 -1 0 0
608.6230452674897 298.0518518518519 -1 0 0
592.188477366255 296.366255144033 -1 0 0
589.6600823045267 277.8246913580248 -1 0 0
590.5028806584362 256.3333333333334 -1 0 0
578.7037037037037 262.2329218106997 -1 0 0
603.1448559670781 233.15637860082313 -1 0 0
590.0814814814814 233.15637860082313 -1 0 0
571.9613168724279 231.47078189300422 -1 0 0
607.7802469135802 209.97942386831284 -1 0 0
596.4024691358024 194.8090534979425 -1 0 0
614.9440329218106 193.54485596707826 -1 0 0
577.8609053497942 312.3794238683128 -1 0 0
560.5835390946502 318.7004115226339 -1 0 0
567.7473251028806 331.7637860082305 -1 0 0
582.917695473251 332.60658436214004 -1 0 0
598.509465020576 334.71358024691364 -1 0 0
622.9506172839506 345.248559670782 -1 0 0
535.2995884773661 309.8510288065844 -1 0 0
521.39341563786 365.0543209876544 -1 0 0
541.1991769547324 369.2683127572018 -1 0 0
528.1358024691357 405.5086419753087 -1 0 0
657.9267489711933 212.0864197530865 -1 0 0
630.5358024691358 175.00329218107004 -1 0 0
622.9506172839506 155.1975308641976 -1 0 0
612.4156378600823 167.41810699588487 -1 0 0
601.0378600823044 159.83292181069967 -1 0 0
593.8740740740741 175.42469135802475 -1 0 0
570.275720164609 194.38765432098774 -1 0 0
556.7909465020575 180.90288065843632 -1 0 0
579.9679012345678 157.725925925926 -1 0 0
547.0987654320986 162.7827160493828 -1 0 0
546.2559670781892 196.91604938271612 -1 0 0
539.9349794238683 218.4074074074075 -1 0 0
518.0222222222221 221.77860082304534 -1 0 0
520.9720164609053 199.4444444444445 -1 0 0
531.9283950617283 191.01646090534987 -1 0 0
517.1794238683127 172.0534979423869 -1 0 0
525.6074074074073 150.14074074074085 -1 0 0
556.7909465020575 145.9267489711935 -1 0 0
601.0378600823044 144.24115226337454 -1 0 0
708.916049382716 167.41810699588487 -1 0 0
710.6016460905349 146.34814814814823 -1 0 0
685.7390946502057 150.9835390946503 -1 0 0
770.0189300411522 153.93333333333342 -1 0 0
786.8748971193415 149.7193415637861 -1 0 0
718.6082304526749 330.92098765432104 -1 0 0
764.9621399176955 321.22880658436225 -1 0 0
775.9185185185185 342.2987654320989 -1 0 0
753.162962962963 353.2551440329219 -1 0 0
746.4205761316872 340.1917695473252 -1 0 0
785.1893004115227 327.54979423868326 -1 0 0
762.0123456790122 374.32510288065856 -1 0 0
786.032098765432 397.92345679012357 -1 0 0
550.0485596707817 317.85761316872436 -1 0 0
33.413168724279785 326.7069958847738 -1 0 0
33.83456790123452 301.42304526748984 -1 0 0
57.85432098765429 303.5300411522635 -1 0 0
93.25185185185184 306.9012345679014 -1 0 0
118.11440329218107 300.58024691358037 -1 0 0
137.92016460905347 287.9382716049384 -1 0 0
151.40493827160492 292.99506172839517 -1 0 0
163.20411522633742 276.98189300411536 -1 0 0
192.70205761316873 308.5868312757203 -1 0 0
179.2172839506173 326.285596707819 -1 0 0
195.2304526748971 334.29218106995893 -1 0 0
177.95308641975308 353.6765432098766 -1 0 0
131.17777777777772 357.89053497942393 -1 0 0
132.86337448559667 335.9777777777779 -1 0 0
148.87654320987656 375.16790123456803 -1 0 0
101.6798353909465 333.02798353909475 -1 0 0
96.20164609053496 359.5761316872429 -1 0 0
68.38930041152261 329.2353909465022 -1 0 0
52.37613168724276 353.6765432098766 -1 0 0
16.978600823045213 351.5695473251029 -1 0 0
2.2296296296295663 321.650205761317 -1 0 0
3.9152263374485115 279.088888888889 -1 0 0
32.14897119341559 282.46008230452685 -1 0 0
30.463374485596663 265.18271604938286 -1 0 0
184.69547325102883 247.48395061728402 -1 0 0
160.67572016460906 263.9185185185186 -1 0 0
134.12757201646085 266.86831275720175 -1 0 0
105.8938271604938 278.66748971193425 -1 0 0
77.66008230452671 274.87489711934165 -1 0 0
59.11851851851847 283.72427983539103 -1 0 0
65.86090534979421 267.28971193415646 -1 0 0
62.91111111111108 242.4271604938273 -1 0 0
22.035390946502012 243.26995884773675 -1 0 0
14.450205761316816 219.67160493827168 -1 0 0
21.19259259259254 206.608230452675 -1 0 0
53.21893004115222 225.571193415638 -1 0 0
88.19506172839505 225.571193415638 -1 0 0
91.14485596707817 249.5909465020577 -1 0 0
119.79999999999997 245.37695473251043 -1 0 0
108.84362139917693 262.6543209876544 -1 0 0
152.6691358024691 250.01234567901247 -1 0 0
175.8460905349794 231.47078189300424 -1 0 0
157.72592592592594 225.9925925925927 -1 0 0
124.43539094650204 223.46419753086434 -1 0 0
124.85679012345676 208.2938271604939 -1 0 0
166.15390946502055 207.45102880658445 -1 0 0
196.91604938271604 207.87242798353918 -1 0 0
212.08641975308643 229.78518518518527 -1 0 0
231.47078189300413 241.1629629629631 -1 0 0
207.02962962962965 260.9687242798355 -1 0 0
204.50123456790124 282.46008230452685 -1 0 0
232.3135802469136 258.86172839506185 -1 0 0
233.5777777777778 287.09547325102886 -1 0 0
227.67818930041153 307.3226337448561 -1 0 0
262.6543209876543 309.008230452675 -1 0 0
266.02551440329216 290.8880658436215 -1 0 0
273.61069958847736 276.5604938271606 -1 0 0
291.7308641975309 274.03209876543224 -1 0 0
289.62386831275717 297.63045267489724 -1 0 0
287.9382716049383 325.02139917695484 -1 0 0
327.54979423868315 320.80740740740754 -1 0 0
330.07818930041157 292.15226337448564 -1 0 0
319.5432098765432 281.6172839506174 -1 0 0
305.2156378600823 264.7613168724281 -1 0 0
347.7769547325104 268.132510288066 -1 0 0
347.3555555555556 248.74814814814823 -1 0 0
327.12839506172844 245.7983539094651 -1 0 0
315.3292181069959 246.21975308641987 -1 0 0
244.53415637860087 226.41399176954747 -1 0 0
255.4905349794239 214.61481481481496 -1 0 0
231.47078189300413 207.0296296296297 -1 0 0
236.52757201646094 158.56872427983546 -1 0 0
211.24362139917696 150.14074074074085 -1 0 0
248.32674897119344 153.93333333333342 -1 0 0
264.3399176954733 163.20411522633756 -1 0 0
267.2897119341564 185.11687242798362 -1 0 0
292.5736625514403 188.06666666666675 -1 0 0
298.8946502057613 166.99670781893013 -1 0 0
289.2024691358025 155.19753086419763 -1 0 0
286.67407407407404 140.44855967078198 -1 0 0
315.75061728395065 144.66255144032928 -1 0 0
327.12839506172844 157.30452674897128 -1 0 0
327.12839506172844 178.37448559670787 -1 0 0
324.6 193.54485596707826 -1 0 0
346.9341563786009 183.00987654321 -1 0 0
349.88395061728403 166.99670781893013 -1 0 0
365.05432098765436 173.31769547325112 -1 0 0
357.46913580246917 157.725925925926 -1 0 0
345.2485596707819 144.66255144032928 -1 0 0
348.6197530864198 128.22798353909474 -1 0 0
336.3991769547325 113.05761316872436 -1 0 0
320.38600823045266 126.96378600823053 -1 0 0
309.0082304526749 116.85020576131694 -1 0 0
279.0888888888889 116.00740740740748 -1 0 0
284.98847736625515 126.12098765432108 -1 0 0
245.798353909465 122.3283950617285 -1 0 0
246.64115226337452 108.42222222222233 -1 0 0
244.1127572016461 139.1843621399178 -1 0 0
176.6888888888889 155.19753086419763 -1 0 0
169.10370370370367 174.5818930041153 -1 0 0
161.51851851851848 188.06666666666675 -1 0 0
139.60576131687242 184.6954732510289 -1 0 0
142.55555555555554 169.5251028806585 -1 0 0
141.71275720164604 153.09053497942398 -1 0 0
105.47242798353906 166.1539094650207 -1 0 0
99.15144032921809 180.90288065843632 -1 0 0
94.0946502057613 197.75884773662563 -1 0 0
71.76049382716046 187.645267489712 -1 0 0
54.483127572016414 205.34403292181076 -1 0 0
37.20576131687238 187.2238683127573 -1 0 0
15.293004115226289 188.06666666666675 -1 0 0
13.186008230452616 168.68230452674905 -1 0 0
38.89135802469131 173.31769547325112 -1 0 0
23.299588477366214 154.77613168724287 -1 0 0
30.88477366255139 137.0773662551441 -1 0 0
63.33251028806581 151.82633744855974 -1 0 0
66.28230452674893 133.70617283950622 -1 0 0
104.20823045267488 140.44855967078198 -1 0 0
96.20164609053496 156.88312757201655 -1 0 0
122.32839506172837 128.64938271604947 -1 0 0
137.92016460905347 140.02716049382724 -1 0 0
162.361316872428 126.5423868312758 -1 0 0
151.82633744855968 116.00740740740748 -1 0 0
172.89629629629627 141.71275720164616 -1 0 0
189.7522633744856 126.96378600823053 -1 0 0
186.38106995884772 112.63621399176964 -1 0 0
173.73909465020577 102.10123456790132 -1 0 0
202.8156378600823 99.57283950617295 -1 0 0
218.40740740740742 121.90699588477374 -1 0 0
214.19341563786008 111.79341563786018 -1 0 0
238.63456790123462 92.40905349794248 -1 0 0
218.82880658436216 81.45267489711944 -1 0 0
227.67818930041153 66.28230452674907 -1 0 0
248.32674897119344 69.2320987654322 -1 0 0
255.4905349794239 76.39588477366263 -1 0 0
283.7242798353909 69.65349794238693 -1 0 0
286.2526748971194 83.5596707818931 -1 0 0
271.082304526749 93.25185185185194 -1 0 0
196.0732510288066 65.43950617283959 -1 0 0
199.44444444444446 49.42633744855978 -1 0 0
226.83539094650206 50.269135802469236 -1 0 0
180.06008230452676 79.76707818930052 -1 0 0
161.51851851851848 67.96790123456799 -1 0 0
172.47489711934156 53.640329218107084 -1 0 0
147.6123456790123 83.98106995884783 -1 0 0
140.44855967078186 97.88724279835401 -1 0 0
113.479012345679 99.15144032921819 -1 0 0
124.01399176954732 78.92427983539103 -1 0 0
142.55555555555554 44.369547325102985 -1 0 0
134.5489711934156 68.81069958847748 -1 0 0
107.57942386831274 68.38930041152271 -1 0 0
116.00740740740738 49.004938271605056 -1 0 0
90.72345679012344 55.32592592592603 -1 0 0
63.33251028806581 50.69053497942396 -1 0 0
37.62716049382712 50.69053497942396 -1 0 0
36.78436213991765 67.54650205761325 -1 0 0
17.821399176954685 69.2320987654322 -1 0 0
32.991769547325056 81.87407407407416 -1 0 0
24.142386831275665 94.93744855967088 -1 0 0
17.39999999999994 109.68641975308651 -1 0 0
16.978600823045213 125.27818930041163 -1 0 0
47.74074074074069 109.26502057613177 -1 0 0
52.37613168724276 120.64279835390955 -1 0 0
1.3868312757201124 145.9267489711935 -1 0 0
63.33251028806581 82.29547325102888 -1 0 0
57.01152263374482 72.60329218107006 -1 0 0
81.03127572016456 70.49629629629638 -1 0 0
89.03786008230449 82.71687242798365 -1 0 0
79.76707818930038 97.46584362139927 -1 0 0
81.03127572016456 108.42222222222233 -1 0 0
82.7168724279835 122.3283950617285 -1 0 0
108.00082304526747 119.8000000000001 -1 0 0
3.493827160493766 7.286419753086458 -1 0 0
11.921810699588416 12.343209876543256 -1 0 0
27.09218106995879 11.5004115226338 -1 0 0
35.09876543209871 5.179423868312786 -1 0 0
43.948148148148114 12.764609053497981 -1 0 0
50.690534979423816 12.343209876543256 -1 0 0
58.69711934156374 12.764609053497981 -1 0 0
67.12510288065839 5.179423868312786 -1 0 0
84.82386831275718 10.236213991769583 -1 0 0
97.04444444444442 13.186008230452709 -1 0 0
110.10781893004113 11.921810699588528 -1 0 0
125.2781893004115 14.450205761316926 -1 0 0
140.44855967078186 11.079012345679036 -1 0 0
156.040329218107 10.236213991769583 -1 0 0
149.71934156378597 22.878189300411577 -1 0 0
170.78930041152262 16.135802469135832 -1 0 0
179.63868312757202 8.550617283950675 -1 0 0
184.69547325102883 18.242798353909507 -1 0 0
202.8156378600823 14.871604938271654 -1 0 0
216.30041152263374 14.871604938271654 -1 0 0
225.99259259259262 7.286419753086458 -1 0 0
232.73497942386837 13.607407407407436 -1 0 0
252.54074074074077 13.607407407407436 -1 0 0
250.8551440329218 32.148971193415676 -1 0 0
275.717695473251 22.878189300411577 -1 0 0
213.77201646090535 42.683950617284 -1 0 0
198.18024691358028 34.67736625514408 -1 0 0
171.21069958847738 38.04855967078193 -1 0 0
119.79999999999997 38.469958847736656 -1 0 0
80.18847736625511 42.683950617284 -1 0 0
29.199176954732465 37.205761316872476 -1 0 0
50.269135802469094 48.58353909465025 -1 0 0
2.6510288065843124 37.627160493827205 -1 0 0
2.2296296296295663 84.40246913580248 -1 0 0
318.7004115226338 21.192592592592632 -1 0 0
367.161316872428 19.928395061728413 -1 0 0
378.9604938271605 20.349794238683177 -1 0 0
393.7094650205762 16.135802469135832 -1 0 0
386.124279835391 11.921810699588528 -1 0 0
407.19423868312765 19.928395061728413 -1 0 0
417.7292181069959 19.506995884773687 -1 0 0
415.6222222222223 6.443621399177005 -1 0 0
440.48477366255156 9.814814814814856 -1 0 0
455.2337448559672 15.714403292181107 -1 0 0
463.6617283950618 14.871604938271654 -1 0 0
478.8320987654322 16.978600823045287 -1 0 0
483.0460905349795 3.0724279835391144 -1 0 0
497.7950617283951 7.707818930041185 -1 0 0
507.06584362139927 14.871604938271654 -1 0 0
458.1835390946503 43.94814814814818 -1 0 0
445.5415637860083 55.32592592592596 -1 0 0
443.4345679012347 41.41975308641978 -1 0 0
421.52181069958857 54.4831275720165 -1 0 0
413.0938271604939 43.10534979423873 -1 0 0
394.1308641975309 52.797530864197554 -1 0 0
378.9604938271605 38.891358024691385 -1 0 0
362.94732510288077 53.21893004115232 -1 0 0
348.198353909465 46.47654320987658 -1 0 0
336.8205761316873 55.32592592592596 -1 0 0
317.8576131687243 44.790946502057636 -1 0 0
308.16543209876545 50.269135802469194 -1 0 0
311.5366255144033 75.97448559670786 -1 0 0
322.4930041152263 85.6666666666667 -1 0 0
337.6633744855967 66.70370370370372 -1 0 0
351.14814814814815 83.9810699588478 -1 0 0
364.63292181069966 70.07489711934161 -1 0 0
388.23127572016466 69.65349794238685 -1 0 0
382.3316872427984 84.82386831275724 -1 0 0
420.67901234567904 65.43950617283954 -1 0 0
418.1506172839507 81.87407407407412 -1 0 0
447.2271604938272 69.23209876543213 -1 0 0
447.64855967078194 83.1382716049383 -1 0 0
478.4106995884774 67.54650205761318 -1 0 0
473.77530864197536 81.45267489711935 -1 0 0
496.9522633744857 66.70370370370372 -1 0 0
505.8016460905351 66.70370370370372 -1 0 0
507.90864197530874 79.34567901234573 -1 0 0
490.20987654321 100.41563786008233 -1 0 0
480.5176954732511 91.56625514403295 -1 0 0
459.02633744855973 97.88724279835397 -1 0 0
437.11358024691367 110.10781893004116 -1 0 0
420.67901234567904 99.57283950617287 -1 0 0
392.8666666666667 102.10123456790127 -1 0 0
359.5761316872429 102.522633744856 -1 0 0
327.54979423868315 102.10123456790127 -1 0 0
298.0518518518519 97.4658436213992 -1 0 0
380.6460905349795 114.3218106995885 -1 0 0
379.3818930041153 127.38518518518522 -1 0 0
369.68971193415643 121.48559670781897 -1 0 0
372.2181069958848 140.02716049382718 -1 0 0
393.7094650205762 153.93333333333334 -1 0 0
386.5456790123458 169.10370370370373 -1 0 0
386.124279835391 185.95967078189307 -1 0 0
409.72263374485607 172.0534979423869 -1 0 0
424.4716049382717 156.46172839506175 -1 0 0
420.25761316872433 169.52510288065847 -1 0 0
433.7423868312758 148.45514403292185 -1 0 0
439.64197530864203 130.33497942386833 -1 0 0
471.6683127572017 121.90699588477369 -1 0 0
466.6115226337449 137.9201646090535 -1 0 0
475.0395061728396 149.29794238683132 -1 0 0
475.0395061728396 161.93991769547327 -1 0 0
503.2732510288066 146.7695473251029 -1 0 0
498.6378600823046 132.02057613168725 -1 0 0
496.10946502057624 122.32839506172843 -1 0 0
500.3234567901235 109.68641975308647 -1 0 0
402.5588477366256 140.86995884773663 -1 0 0
406.7728395061729 122.32839506172843 -1 0 0
413.0938271604939 112.6362139917696 -1 0 0
362.10452674897124 224.3069958847737 -1 0 0
375.5893004115227 223.46419753086425 -1 0 0
464.925925925926 214.1934156378601 -1 0 0
441.327572016461 210.8222222222223 -1 0 0
473.77530864197536 188.48806584362143 -1 0 0
461.13333333333344 175.00329218107004 -1 0 0
493.5810699588478 177.5316872427984 -1 0 0
486.8386831275721 167.83950617283952 -1 0 0
505.3802469135803 181.74567901234573 -1 0 0
501.5876543209877 204.5012345679013 -1 0 0
501.166255144033 220.9358024691358 -1 0 0
485.9958847736626 222.6213991769548 -1 0 0
479.6748971193416 205.7654320987655 -1 0 0
337.6633744855967 221.77860082304534 -1 0 0
325.0213991769548 233.99917695473255 -1 0 0
341.8773662551441 234.4205761316873 -1 0 0
291.7308641975309 228.94238683127574 -1 0 0
292.5736625514403 217.98600823045268 -1 0 0
279.0888888888889 231.89218106995887 -1 0 0
283.7242798353909 242.84855967078192 -1 0 0
272.7679012345679 257.59753086419755 -1 0 0
280.35308641975314 264.76131687242804 -1 0 0
501.166255144033 312.3794238683128 -1 0 0
463.2403292181071 316.1720164609054 -1 0 0
467.0329218106997 332.1851851851853 -1 0 0
442.59176954732516 330.92098765432104 -1 0 0
437.11358024691367 313.2222222222223 -1 0 0
425.31440329218117 321.6502057613169 -1 0 0
416.043621399177 330.92098765432104 -1 0 0
402.1374485596708 319.12181069958854 -1 0 0
385.28148148148153 322.07160493827166 -1 0 0
370.9539094650207 314.90781893004123 -1 0 0
361.26172839506177 307.74403292181074 -1 0 0
356.62633744855975 326.70699588477373 -1 0 0
101.25843621399176 46.05514403292185 -1 0 0
73.44609053497936 172.4748971193416 -1 0 0
252.119341563786 325.4427983539095 -1 0 0
381.91028806584364 301.001646090535 -1 0 0
15.714403292181014 432.4781893004116 -1 0 0
21.613991769547262 410.9868312757203 -1 0 0
7.707818930041091 394.55226337448573 -1 0 0
44.790946502057565 391.18106995884784 -1 0 0
74.28888888888886 402.13744855967093 -1 0 0
65.01810699588472 415.2008230452676 -1 0 0
48.58353909465016 441.74897119341574 -1 0 0
79.76707818930038 438.37777777777785 -1 0 0
104.62962962962962 413.93662551440343 -1 0 0
112.63621399176954 392.4452674897121 -1 0 0
104.20823045267488 377.2748971193417 -1 0 0
152.24773662551436 397.0806584362141 -1 0 0
143.81975308641972 416.0436213991771 -1 0 0
178.3744855967078 421.52181069958857 -1 0 0
187.22386831275722 399.1876543209878 -1 0 0
187.64526748971196 375.5893004115228 -1 0 0
208.29382716049383 384.8600823045268 -1 0 0
219.25020576131686 371.37530864197544 -1 0 0
233.5777777777778 394.97366255144044 -1 0 0
210.4008230452675 433.74238683127584 -1 0 0
255.9119341563786 405.93004115226347 -1 0 0
250.8551440329218 441.327572016461 -1 0 0
289.2024691358025 397.92345679012357 -1 0 0
303.95144032921814 389.49547325102895 -1 0 0
328.39259259259256 397.92345679012357 -1 0 0
361.26172839506177 403.4016460905351 -1 0 0
267.2897119341564 391.18106995884784 -1 0 0
236.94897119341562 360.84032921810706 -1 0 0
234.42057613168726 338.0847736625516 -1 0 0
245.798353909465 335.5563786008231 -1 0 0
482.62469135802473 354.51934156378604 -1 0 0
496.10946502057624 336.39917695473264 -1 0 0
459.4477366255145 380.2246913580248 -1 0 0
406.7728395061729 378.5390946502059 -1 0 0
393.28806584362144 304.7942386831277 -1 0 0
893.0674897119343 143.81975308641978 -1 0 0
902.7596707818931 132.86337448559675 -1 0 0
939.0 140.02716049382718 -1 0 0
934.7860082304526 128.22798353909468 -1 0 0
970.6049382716049 133.7061728395062 -1 0 0
997.9958847736626 125.27818930041155 -1 0 0
989.1465020576134 116.42880658436218 -1 0 0
963.8625514403293 116.42880658436218 -1 0 0
966.8123456790123 101.67983539094655 -1 0 0
994.6246913580246 96.20164609053502 -1 0 0
1007.6880658436214 81.45267489711935 -1 0 0
1022.0156378600824 115.16460905349795 -1 0 0
995.0460905349794 78.92427983539099 -1 0 0
973.5547325102881 84.40246913580248 -1 0 0
966.3909465020577 69.65349794238685 -1 0 0
966.8123456790123 57.0115226337449 -1 0 0
996.3102880658437 59.11851851851857 -1 0 0
1004.7382716049384 44.790946502057636 -1 0 0
976.9259259259261 45.63374485596712 -1 0 0
970.1835390946503 14.450205761316926 -1 0 0
989.5679012345679 17.400000000000052 -1 0 0
1003.4740740740741 19.085596707818958 -1 0 0
896.4386831275721 109.2650205761317 -1 0 0
928.043621399177 109.68641975308647 -1 0 0
939.0 94.51604938271608 -1 0 0
939.4213991769548 77.23868312757205 -1 0 0
930.1506172839506 65.86090534979428 -1 0 0
939.4213991769548 49.84773662551443 -1 0 0
937.7358024691358 5.600823045267551 -1 0 0
952.0633744855968 14.871604938271654 -1 0 0
962.598353909465 20.349794238683177 -1 0 0
869.890534979424 126.120987654321 -1 0 0
844.60658436214 128.64938271604944 -1 0 0
827.7506172839505 115.16460905349795 -1 0 0
810.4732510288065 104.20823045267491 -1 0 0
796.1456790123457 109.2650205761317 -1 0 0
762.0123456790122 116.8502057613169 -1 0 0
751.477366255144 136.23456790123458 -1 0 0
747.2633744855967 120.64279835390951 -1 0 0
731.2502057613169 103.78683127572022 -1 0 0
721.1366255144032 97.88724279835397 -1 0 0
709.3374485596707 115.58600823045272 -1 0 0
719.4510288065844 123.17119341563787 -1 0 0
692.9028806584362 125.69958847736632 -1 0 0
687.4246913580247 92.83045267489717 -1 0 0
703.0164609053497 79.76707818930045 -1 0 0
724.5078189300411 73.44609053497943 -1 0 0
694.5884773662551 69.65349794238685 -1 0 0
687.4246913580247 54.4831275720165 -1 0 0
638.120987654321 132.44197530864201 -1 0 0
625.9004115226337 142.13415637860084 -1 0 0
617.8938271604937 127.80658436213994 -1 0 0
585.0246913580246 126.9637860082305 -1 0 0
555.5267489711933 128.64938271604944 -1 0 0
525.1860082304526 124.4353909465021 -1 0 0
541.6205761316871 116.00740740740744 -1 0 0
531.9283950617283 110.95061728395065 -1 0 0
520.9720164609053 101.67983539094655 -1 0 0
525.1860082304526 87.3522633744856 -1 0 0
542.4633744855967 102.522633744856 -1 0 0
533.6139917695473 97.4658436213992 -1 0 0
562.6905349794238 102.10123456790127 -1 0 0
574.911111111111 103.78683127572022 -1 0 0
668.8831275720164 126.54238683127576 -1 0 0
656.6625514403291 121.90699588477369 -1 0 0
654.5555555555554 103.78683127572022 -1 0 0
630.5358024691358 96.62304526748974 -1 0 0
611.1514403292181 87.3522633744856 -1 0 0
613.6798353909464 108.42222222222225 -1 0 0
600.195061728395 101.25843621399179 -1 0 0
582.917695473251 81.87407407407412 -1 0 0
563.1119341563785 65.86090534979428 -1 0 0
532.349794238683 70.49629629629631 -1 0 0
562.269135802469 51.11193415637865 -1 0 0
571.5399176954732 39.31275720164615 -1 0 0
583.7604938271604 49.00493827160498 -1 0 0
602.3020576131687 51.533333333333374 -1 0 0
605.6732510288066 38.469958847736656 -1 0 0
617.0510288065843 67.54650205761318 -1 0 0
634.3283950617283 52.37613168724283 -1 0 0
645.706172839506 67.54650205761318 -1 0 0
628.8502057613168 40.99835390946505 -1 0 0
666.354732510288 54.06172839506178 -1 0 0
672.675720164609 66.282304526749 -1 0 0
666.354732510288 80.60987654320991 -1 0 0
534.035390946502 10.65761316872431 -1 0 0
568.1687242798353 15.293004115226381 -1 0 0
586.7102880658435 14.028806584362162 -1 0 0
595.9810699588477 9.814814814814856 -1 0 0
609.4658436213991 17.400000000000052 -1 0 0
619.1580246913579 18.242798353909507 -1 0 0
630.9572016460904 14.028806584362162 -1 0 0
645.706172839506 19.506995884773687 -1 0 0
655.8197530864197 16.135802469135832 -1 0 0
675.2041152263374 12.764609053497981 -1 0 0
686.1604938271605 16.135802469135832 -1 0 0
693.3242798353909 20.771193415637903 -1 0 0
700.4880658436214 18.664197530864232 -1 0 0
709.3374485596707 20.771193415637903 -1 0 0
702.1736625514404 30.88477366255146 -1 0 0
770.440329218107 15.714403292181107 -1 0 0
774.2329218106995 43.526748971193456 -1 0 0
752.7415637860082 65.01810699588482 -1 0 0
768.3333333333333 81.87407407407412 -1 0 0
765.8049382716049 92.83045267489717 -1 0 0
788.5604938271605 94.93744855967084 -1 0 0
806.2592592592592 78.50288065843623 -1 0 0
802.8880658436215 21.192592592592632 -1 0 0
793.6172839506172 8.972016460905403 -1 0 0
813.8444444444444 7.286419753086458 -1 0 0
818.4798353909465 14.028806584362162 -1 0 0
833.2288065843622 15.714403292181107 -1 0 0
845.0279835390947 12.764609053497981 -1 0 0
858.5127572016461 7.286419753086458 -1 0 0
874.9473251028808 13.607407407407436 -1 0 0
867.3621399176955 56.590123456790174 -1 0 0
847.1349794238683 54.06172839506178 -1 0 0
856.4057613168725 70.91769547325107 -1 0 0
834.0716049382715 80.60987654320991 -1 0 0
834.4930041152263 59.5399176954733 -1 0 0
833.2288065843622 96.20164609053502 -1 0 0
853.0345679012346 94.93744855967084 -1 0 0
863.148148148148 97.4658436213992 -1 0 0
855.562962962963 112.21481481481483 -1 0 0
881.2683127572018 84.82386831275724 -1 0 0
869.890534979424 75.13168724279842 -1 0 0
907.8164609053498 83.55967078189303 -1 0 0
894.3316872427984 91.14485596707823 -1 0 0
896.4386831275721 69.65349794238685 -1 0 0
908.2378600823046 69.65349794238685 -1 0 0
889.2748971193416 59.96131687242803 -1 0 0
885.0609053497943 41.41975308641978 -1 0 0
914.9802469135802 52.797530864197554 -1 0 0
913.7160493827162 11.921810699588528 -1 0 0
894.7530864197531 11.079012345679036 -1 0 0
885.9037037037039 11.079012345679036 -1 0 0
929.3078189300413 8.972016460905403 -1 0 0
923.8296296296296 16.135802469135832 -1 0 0
1014.8518518518518 22.456790123456848 -1 0 0
1023.2798353909466 18.242798353909507 -1 0 0
651.1843621399177 136.65596707818932 -1 0 0
675.2041152263374 110.95061728395065 -1 0 0
544.5703703703703 3.0724279835391144 -1 0 0
551.7341563786008 5.600823045267551 -1 0 0
515.4938271604938 85.6666666666667 -1 0 0
533.6139917695473 91.14485596707823 -1 0 0
634.3283950617283 438.79917695473256 -1 0 0
671.8329218106995 438.37777777777785 -1 0 0
679.4181069958847 418.99341563786015 -1 0 0
712.7086419753086 391.6024691358025 -1 0 0
847.556378600823 440.9061728395062 -1 0 0
809.630452674897 445.96296296296305 -1 0 0
762.433744855967 443.4345679012346 -1 0 0
728.7218106995884 443.0131687242798 -1 0 0
654.1341563786008 501.16625514403296 -1 0 0
676.0469135802468 581.6534979423868 -1 0 0
509.80493827160495 321.8609053497943 -1 0 0
196.0732510288066 163.20411522633748 -1 0 0
488.10288065843633 329.65679012345686 -1 0 0
801.4131687242799 140.44855967078195 -1 0 0
746.2098765432098 160.25432098765435 -1 0 0
593.0312757201646 243.69135802469137 -1 0 0
438.1670781893004 463.6617283950618 -1 0 0
587.0106560106561 69.55477855477852 -1 0 0
237.15251415251421 344.73559773559765 -1 0 0
