25.996816087138686 280.9028906577294 -1 0 0
49.019298980589305 234.8579248708282 -1 0 0
6.978243262114268 234.8579248708282 -1 0 0
14.986063398966676 100.72693757855056 -1 0 0
64.03396173718758 134.76017316017317 -1 0 0
91.06035469906442 138.7640832285994 -1 0 0
121.08968021226086 123.74942047200118 -1 0 0
113.08186007540847 148.7738583996649 -1 0 0
104.07306242144956 165.79047619047626 -1 0 0
56.026141600335166 162.7875436391566 -1 0 0
38.0085462924173 183.80807149839413 -1 0 0
55.02516408322862 197.82175673788583 -1 0 0
154.12193827677703 164.7894986733697 -1 0 0
170.13757855048183 187.81198156682032 -1 0 0
147.11509565703116 225.84912721686922 -1 0 0
168.13562351626874 258.88138528138535 -1 0 0
129.0975003491133 275.8980030721967 -1 0 0
225.19134199134203 266.88920541823774 -1 0 0
251.21675743611237 222.84619466554958 -1 0 0
286.25097053484154 263.8862728669181 -1 0 0
195.16201647814555 206.83055439184474 -1 0 0
223.18938695712893 180.80513894707457 -1 0 0
293.25781315458744 171.7963412931155 -1 0 0
310.27443094539876 155.78070101941074 -1 0 0
354.3174416980869 176.80122887864832 -1 0 0
339.30277894148867 205.82957687473825 -1 0 0
336.2998463901691 312.934171205139 -1 0 0
384.3467672112834 385.00455243681057 -1 0 0
454.41519340874186 352.973271889401 -1 0 0
402.36436251920134 261.884317832705 -1 0 0
429.39075548107814 209.8334869431644 -1 0 0
488.44842899036456 206.83055439184474 -1 0 0
517.4767769864544 280.9028906577294 -1 0 0
588.5461807010196 328.9498114788438 -1 0 0
722.6771679932972 181.80611646418103 -1 0 0
688.6439324116744 439.05733836056436 -1 0 0
869.8208630079598 263.8862728669181 -1 0 0
860.8120653540009 479.09643904482624 -1 0 0
435.39662058371744 103.72987012987015 -1 0 0
421.38293534422576 116.74257785225537 -1 0 0
388.3506772797096 120.74648792068152 -1 0 0
332.29593632174283 115.74160033514875 -1 0 0
308.2724759111856 124.75039798910773 -1 0 0
792.7455941907556 74.70152213378023 -1 0 0
827.7798072894848 33.661443932411636 -1 0 0
817.7700321184193 54.68197179164926 -1 0 0
849.801312665829 64.69174696271477 -1 0 0
835.7876274263372 89.7161848903785 -1 0 0
872.8237955592795 95.72204999301779 -1 0 0
808.7612344644605 136.7621281943863 -1 0 0
775.7289763999443 165.79047619047626 -1 0 0
760.714313643346 181.80611646418103 -1 0 0
885.8365032816646 205.82957687473825 -1 0 0
923.8736489317137 151.77679095098452 -1 0 0
983.9322999581066 127.75333054042738 -1 0 0
1006.9547828515573 58.68588186007547 -1 0 0
1018.9665130568359 32.660466415305144 -1 0 0
957.9068845133363 34.66242144951824 -1 0 0
929.8795140343528 54.68197179164926 -1 0 0
946.8961318251642 76.70347716799333 -1 0 0
926.876581483033 32.660466415305144 -1 0 0
956.9059069962298 8.637006004747917 -1 0 0
876.8277056277057 25.653623795559337 -1 0 0
898.8492110040497 5.634073453428318 -1 0 0
805.7583019131407 29.657533863985435 -1 0 0
791.7446166736491 18.646781175813427 -1 0 0
777.7309314341572 18.646781175813427 -1 0 0
776.7299539170508 44.672196620583755 -1 0 0
758.7123586091329 57.68490434296891 -1 0 0
761.7152911604525 87.71422985616539 -1 0 0
737.6918307498953 110.73671274961606 -1 0 0
698.6537075827399 89.7161848903785 -1 0 0
706.6615277195923 65.69272447982132 -1 0 0
684.6400223432482 64.69174696271477 -1 0 0
659.6155844155845 78.70543220220644 -1 0 0
676.6322022063958 118.74453288646842 -1 0 0
658.614606898478 127.75333054042738 -1 0 0
639.5960340734536 99.725960061444 -1 0 0
614.5715961457897 117.74355536936187 -1 0 0
625.5823488339619 205.82957687473825 -1 0 0
654.6106968300518 183.80807149839413 -1 0 0
566.5246753246754 187.81198156682032 -1 0 0
555.5139226365034 153.77874598519765 -1 0 0
514.4738444351349 174.79927384443522 -1 0 0
482.44256388772516 162.7875436391566 -1 0 0
505.46504678117594 127.75333054042738 -1 0 0
548.5070800167575 124.75039798910773 -1 0 0
195.16201647814555 149.7748359167715 -1 0 0
178.1453986873342 141.7670157799191 -1 0 0
145.11314062281807 122.74844295489463 -1 0 0
164.13171344784254 106.73280268118988 -1 0 0
184.15126378997348 106.73280268118988 -1 0 0
174.14148861890803 97.7240050272309 -1 0 0
171.13855606758838 122.74844295489463 -1 0 0
198.16494902946522 114.74062281804227 -1 0 0
212.17863426895687 130.75626309174703 -1 0 0
232.1981846110879 131.75724060885358 -1 0 0
251.21675743611237 143.7689708141322 -1 0 0
283.2480379835219 141.7670157799191 -1 0 0
249.21480240189928 118.74453288646842 -1 0 0
229.19525205976825 97.7240050272309 -1 0 0
216.18254433738306 106.73280268118988 -1 0 0
213.1796117860634 93.7200949588047 -1 0 0
255.2206675045386 95.72204999301779 -1 0 0
268.2333752269237 97.7240050272309 -1 0 0
277.2421728808826 97.7240050272309 -1 0 0
295.25976818880054 89.7161848903785 -1 0 0
314.27834101382496 106.73280268118988 -1 0 0
274.239240329563 120.74648792068152 -1 0 0
376.6907079907553 119.37584343782432 -1 0 0
399.705363103036 99.03731101301811 -1 0 0
403.4519348655003 85.65669757564561 -1 0 0
389.00087235313805 83.51579942566602 -1 0 0
373.4793607657859 87.7975957256252 -1 0 0
376.1554834532604 102.78388277548243 -1 0 0
324.77392785375 93.14984110057422 -1 0 0
330.6613977661939 73.88175775075781 -1 0 0
376.6907079907553 70.67041052578841 -1 0 0
394.8883422655819 68.52951237580879 -1 0 0
401.8462612530156 72.81130867576802 -1 0 0
408.8041802404493 57.28979708841591 -1 0 0
394.8883422655819 56.219348013426114 -1 0 0
439.3119788776586 65.85338968833432 -1 0 0
430.2131617402453 54.6136744009414 -1 0 0
447.3403469400821 54.6136744009414 -1 0 0
458.04483768998006 51.9375517134669 -1 0 0
470.3550020523628 47.12053087601279 -1 0 0
471.9606756648475 68.52951237580879 -1 0 0
457.50961315248514 73.88175775075781 -1 0 0
475.1720228898169 53.54322532595163 -1 0 0
496.5810043896129 85.1214730381507 -1 0 0
465.5379812149087 92.0793920255844 -1 0 0
511.5672914394701 69.59996145079862 -1 0 0
544.7512127641539 77.62832951322211 -1 0 0
558.6670507390213 88.86804480061502 -1 0 0
550.1034581391029 99.03731101301811 -1 0 0
559.737499814011 68.52951237580879 -1 0 0
595.0623192886744 66.3886142258292 -1 0 0
604.6963609635826 65.31816515083943 -1 0 0
610.0486063385316 51.40232717597201 -1 0 0
574.7237868638683 49.7966535634873 -1 0 0
566.6954188014447 52.47277625096181 -1 0 0
536.7228447017304 44.44440818853829 -1 0 0
520.1308840393884 52.47277625096181 -1 0 0
513.1729650519547 46.050081801023026 -1 0 0
501.9332497645618 51.9375517134669 -1 0 0
483.7356154897353 56.219348013426114 -1 0 0
484.80606456472503 42.30351003855874 -1 0 0
504.07414791454147 35.88081558861991 -1 0 0
495.51055531462305 42.30351003855874 -1 0 0
585.9635021512611 28.387672063691298 -1 0 0
569.9067660264141 28.387672063691298 -1 0 0
630.9223633008327 38.556938276094414 -1 0 0
657.6835901755777 38.556938276094414 -1 0 0
662.5006110130317 23.570651226237192 -1 0 0
687.6561642752922 25.176324838721932 -1 0 0
727.2627800499148 26.246773913711703 -1 0 0
724.0514328249452 8.584364176380033 -1 0 0
712.2764930000575 12.866160476339223 -1 0 0
749.2069860872056 11.260486863854487 -1 0 0
390.0713214281278 54.6136744009414 -1 0 0
389.5360968906329 68.52951237580879 -1 0 0
380.9725042907145 59.96591977589041 -1 0 0
386.85997420315846 44.44440818853829 -1 0 0
401.3110367155207 40.69783642607401 -1 0 0
465.5379812149087 21.964977613752513 -1 0 0
408.8041802404493 171.2926235748296 -1 0 0
424.8609163652963 155.23588744998258 -1 0 0
678.2422789457887 10.441197738974637 -1 0 0
698.4526314539371 13.61144911280183 -1 0 0
650.5025794248007 18.763107595271038 -1 0 0
636.2364482425784 13.61144911280183 -1 0 0
660.0133335462823 59.580094033296156 -1 0 0
702.8117270929496 50.861902755271394 -1 0 0
852.6061045062845 2.9118507261350453 -1 0 0
286.39396732299963 113.87714221262607 -1 0 0
299.69266862170093 102.62439495987883 -1 0 0
308.8994618284942 90.34867068415454 -1 0 0
306.85350778254013 80.1189004543843 -1 0 0
319.12923205826434 73.98103831652219 -1 0 0
243.42893235796467 84.21080854629238 -1 0 0
128.8555057845381 96.48653282201666 -1 0 0
100.21214914118146 125.12988946537331 -1 0 0
476.66769359672594 117.96905030453415 -1 0 0
513.4948664238988 107.73928007476395 -1 0 0
414.26609519512743 40.22279655828038 -1 0 0
423.98437691340933 41.829860462118525 -1 0 0
421.93842286745524 53.08260771486579 -1 0 0
413.24311817215056 48.47921111146919 -1 0 0
374.3699912990237 38.76092939318747 -1 0 0
371.81254874158117 35.69199832425638 -1 0 0
379.9963649253973 29.042647674905748 -1 0 0
372.83552576455816 26.996693628951682 -1 0 0
408.63972156875394 35.18050981276789 -1 0 0
423.47288840192084 35.18050981276789 -1 0 0
423.98437691340933 28.531159163417225 -1 0 0
429.09926202829445 37.22646385872193 -1 0 0
438.3060552350876 32.623067255325324 -1 0 0
438.8175437465761 36.71497534723343 -1 0 0
445.9783829074153 42.85283748509557 -1 0 0
451.09326802230044 41.829860462118525 -1 0 0
453.650710579743 29.042647674905748 -1 0 0
444.4439173729497 30.065624697882765 -1 0 0
442.9094518384842 24.950739582997645 -1 0 0
463.8804808095132 33.13455576681385 -1 0 0
480.24811317714557 29.55413618639427 -1 0 0
477.1791821082145 39.783906416164484 -1 0 0
469.5068544358868 41.829860462118525 -1 0 0
463.3689922980247 42.85283748509557 -1 0 0
497.6387225677549 22.904785537043605 -1 0 0
489.45490638393875 26.485205117463185 -1 0 0
511.96040088943323 18.301388933647033 -1 0 0
519.6327285617609 17.278411910669988 -1 0 0
511.4489123779448 26.996693628951682 -1 0 0
519.1212400502725 40.80688343914151 -1 0 0
525.7705906996231 40.80688343914151 -1 0 0
766.1701910992234 9.533485868969859 -1 0 0
830.6177435467758 16.69432502980902 -1 0 0
812.2041571331895 10.556462891946852 -1 0 0
832.6636975927299 4.418600754084683 -1 0 0
985.0872740163064 12.602416937900943 -1 0 0
994.2940672230994 22.832187167671187 -1 0 0
1001.4549063839387 12.602416937900943 -1 0 0
728.3200412490736 85.23378556926959 -1 0 0
123.74062066965297 201.85316618865022 -1 0 0
