112.89024390243901 426.9585365853659 -1 0 0
15.48536585365855 707.9341463414634 -1 0 0
75.42682926829264 665.4756097560976 -1 0 0
107.8951219512195 724.1682926829268 -1 0 0
46.70487804878053 566.8219512195122 -1 0 0
177.82682926829273 585.5536585365853 -1 0 0
230.27560975609754 757.8853658536585 -1 0 0
129.12439024390244 493.1439024390244 -1 0 0
155.3487804878049 469.4170731707317 -1 0 0
26.724390243902462 486.9 -1 0 0
4.2463414634146375 357.02682926829266 -1 0 0
177.82682926829273 414.470731707317 -1 0 0
216.53902439024387 559.329268292683 -1 0 0
210.29512195121947 505.63170731707316 -1 0 0
235.27073170731705 629.2609756097561 -1 0 0
61.690243902438965 263.36829268292684 -1 0 0
2.9975609756097583 289.59268292682924 -1 0 0
59.19268292682932 230.89999999999998 -1 0 0
22.978048780487825 227.15365853658534 -1 0 0
31.71951219512198 188.4414634146342 -1 0 0
5.495121951219517 204.67560975609763 -1 0 0
57.94390243902444 167.21219512195125 -1 0 0
4.2463414634146375 94.78292682926826 -1 0 0
86.66585365853655 202.17804878048787 -1 0 0
62.939024390243844 143.48536585365855 -1 0 0
86.66585365853655 124.75365853658536 -1 0 0
62.939024390243844 82.29512195121947 -1 0 0
101.6512195121951 94.78292682926826 -1 0 0
132.87073170731708 93.53414634146338 -1 0 0
74.17804878048776 52.324390243902485 -1 0 0
25.475609756097583 49.82682926829273 -1 0 0
11.739024390243912 29.84634146341466 -1 0 0
14.23658536585367 6.119512195121956 -1 0 0
51.07560975609755 22.041463414634052 -1 0 0
69.80731707317074 20.168292682926733 -1 0 0
113.5146341463415 24.53902439024381 -1 0 0
107.89512195121955 47.641463414634075 -1 0 0
127.25121951219512 51.38780487804871 -1 0 0
152.2268292682927 35.77804878048772 -1 0 0
134.11951219512196 27.660975609756008 -1 0 0
166.58780487804881 8.92926829268282 -1 0 0
166.58780487804881 44.51951219512188 -1 0 0
196.5585365853659 18.919512195121854 -1 0 0
164.09024390243906 65.74878048780477 -1 0 0
193.43658536585372 90.09999999999991 -1 0 0
185.319512195122 113.82682926829261 -1 0 0
179.0756097560976 147.54390243902435 -1 0 0
138.49024390243903 143.7975609756097 -1 0 0
145.35853658536587 186.88048780487804 -1 0 0
143.48536585365855 228.7146341463415 -1 0 0
185.319512195122 200.61707317073171 -1 0 0
200.30487804878055 140.67560975609751 -1 0 0
227.1536585365854 24.53902439024381 -1 0 0
229.02682926829272 45.143902439024316 -1 0 0
219.03658536585374 58.88048780487799 -1 0 0
219.66097560975618 82.60731707317063 -1 0 0
251.50487804878054 146.29512195121947 -1 0 0
236.519512195122 178.1390243902439 -1 0 0
234.02195121951223 211.23170731707313 -1 0 0
271.4853658536586 203.73902439024386 -1 0 0
273.98292682926837 98.21707317073162 -1 0 0
250.25609756097566 278.6658536585366 -1 0 0
254.62682926829274 246.19756097560978 -1 0 0
292.71463414634155 241.82682926829273 -1 0 0
315.1926829268294 198.11951219512196 -1 0 0
220.2853658536585 328.3048780487805 -1 0 0
195.30975609756092 364.51951219512193 -1 0 0
247.75853658536585 348.28536585365856 -1 0 0
231.52439024390242 400.73414634146343 -1 0 0
256.5 435.7 -1 0 0
295.21219512195125 544.3439024390244 -1 0 0
318.93902439024384 506.88048780487804 -1 0 0
370.1390243902439 601.7878048780487 -1 0 0
338.9195121951219 722.9195121951219 -1 0 0
405.1048780487805 664.2268292682927 -1 0 0
336.42195121951215 458.1780487804878 -1 0 0
292.7146341463415 424.4609756097561 -1 0 0
342.66585365853655 373.2609756097561 -1 0 0
311.4463414634147 333.3 -1 0 0
276.48048780487807 319.56341463414634 -1 0 0
327.680487804878 305.82682926829267 -1 0 0
336.42195121951215 244.63658536585365 -1 0 0
361.39756097560974 215.91463414634143 -1 0 0
395.1146341463415 317.0658536585366 -1 0 0
390.11951219512196 446.9390243902439 -1 0 0
448.81219512195116 479.4073170731707 -1 0 0
488.7731707317073 551.8365853658537 -1 0 0
549.9634146341463 746.6463414634146 -1 0 0
503.75853658536585 624.2658536585366 -1 0 0
651.1146341463415 641.7487804878049 -1 0 0
727.2902439024391 625.5146341463415 -1 0 0
790.9780487804877 664.2268292682927 -1 0 0
943.329268292683 623.0170731707317 -1 0 0
1005.7682926829269 590.5487804878048 -1 0 0
848.4219512195122 560.5780487804878 -1 0 0
833.4365853658536 504.3829268292683 -1 0 0
717.3000000000001 565.5731707317074 -1 0 0
637.3780487804878 513.1243902439024 -1 0 0
588.6756097560975 545.5926829268293 -1 0 0
521.241463414634 495.64146341463413 -1 0 0
532.480487804878 395.7390243902439 -1 0 0
634.880487804878 431.95365853658535 -1 0 0
718.548780487805 393.24146341463415 -1 0 0
748.519512195122 455.680487804878 -1 0 0
869.6512195121951 461.92439024390245 -1 0 0
920.8512195121951 474.4121951219512 -1 0 0
875.8951219512195 418.2170731707316 -1 0 0
933.3390243902439 409.4756097560976 -1 0 0
1013.2609756097562 483.15365853658534 -1 0 0
1012.0121951219513 544.3439024390244 -1 0 0
999.5243902439025 332.05121951219513 -1 0 0
1013.2609756097562 294.58780487804876 -1 0 0
1003.2707317073172 252.12926829268292 -1 0 0
977.0463414634147 244.63658536585365 -1 0 0
950.8219512195122 227.15365853658534 -1 0 0
945.8268292682927 274.60731707317075 -1 0 0
923.3487804878049 350.78292682926826 -1 0 0
808.460975609756 350.78292682926826 -1 0 0
840.9292682926829 323.309756097561 -1 0 0
830.9390243902438 285.8463414634146 -1 0 0
857.1634146341463 255.87560975609756 -1 0 0
920.8512195121951 272.109756097561 -1 0 0
741.0268292682928 319.56341463414634 -1 0 0
762.2560975609757 375.75853658536585 -1 0 0
667.3487804878049 348.28536585365856 -1 0 0
599.9146341463414 337.04634146341465 -1 0 0
587.4268292682926 384.5 -1 0 0
475.0365853658536 365.7682926829268 -1 0 0
487.5243902439024 320.8121951219512 -1 0 0
511.251219512195 288.34390243902436 -1 0 0
457.5536585365853 294.58780487804876 -1 0 0
490.0219512195122 267.1146341463415 -1 0 0
367.0170731707317 300.2073170731707 -1 0 0
390.11951219512196 235.270731707317 -1 0 0
402.60731707317075 255.8756097560975 -1 0 0
431.9536585365854 215.290243902439 -1 0 0
468.16829268292685 235.270731707317 -1 0 0
513.1243902439026 192.18780487804872 -1 0 0
599.9146341463415 303.3292682926829 -1 0 0
602.4121951219513 270.8609756097561 -1 0 0
639.2512195121951 285.22195121951216 -1 0 0
654.2365853658537 250.88048780487804 -1 0 0
690.4512195121952 273.9829268292683 -1 0 0
609.9048780487806 214.66585365853655 -1 0 0
665.4756097560976 214.66585365853655 -1 0 0
494.3926829268293 170.95853658536578 -1 0 0
514.9975609756098 148.48048780487795 -1 0 0
531.2317073170732 88.53902439024381 -1 0 0
441.94390243902444 190.3146341463414 -1 0 0
318.31463414634146 144.10975609756088 -1 0 0
328.92926829268293 104.77317073170718 -1 0 0
284.5975609756097 61.69024390243891 -1 0 0
268.98780487804873 37.339024390243765 -1 0 0
285.8463414634146 44.83170731707304 -1 0 0
386.99756097560976 59.81707317073159 -1 0 0
395.7390243902439 93.53414634146327 -1 0 0
377.63170731707316 118.50975609756085 -1 0 0
361.39756097560974 149.72926829268283 -1 0 0
390.7439024390244 31.09512195121937 -1 0 0
425.709756097561 36.714634146341325 -1 0 0
448.18780487804884 48.57804878048768 -1 0 0
463.79756097560977 67.30975609756086 -1 0 0
492.519512195122 47.95365853658524 -1 0 0
441.94390243902444 117.26097560975597 -1 0 0
538.1000000000001 51.699999999999875 -1 0 0
611.1536585365855 68.55853658536574 -1 0 0
607.4073170731708 44.83170731707304 -1 0 0
627.3878048780489 46.70487804878036 -1 0 0
657.358536585366 51.075609756097435 -1 0 0
676.0902439024392 63.56341463414623 -1 0 0
689.8268292682928 67.9341463414633 -1 0 0
723.5439024390246 45.45609756097548 -1 0 0
714.8024390243904 89.78780487804863 -1 0 0
616.148780487805 89.78780487804863 -1 0 0
629.2609756097561 82.91951219512185 -1 0 0
624.2658536585366 122.88048780487793 -1 0 0
656.1097560975611 141.61219512195112 -1 0 0
629.8853658536586 142.860975609756 -1 0 0
648.6170731707318 109.7682926829267 -1 0 0
655.4853658536585 118.50975609756085 -1 0 0
661.1048780487806 169.08536585365846 -1 0 0
614.2756097560975 169.08536585365846 -1 0 0
716.6756097560976 186.56829268292677 -1 0 0
718.5487804878051 163.4658536585365 -1 0 0
724.1682926829269 121.63170731707305 -1 0 0
252.75365853658536 9.865853658536594 -1 0 0
312.69512195121956 14.86097560975611 -1 0 0
341.41707317073167 7.368292682926835 -1 0 0
460.0512195121951 18.607317073170748 -1 0 0
547.4658536585366 33.280487804877964 -1 0 0
606.7829268292683 3.3097560975608644 -1 0 0
682.3341463414636 5.182926829268183 -1 0 0
707.3097560975611 13.299999999999898 -1 0 0
742.2756097560975 19.543902439024293 -1 0 0
719.7975609756097 25.78780487804869 -1 0 0
754.139024390244 84.48048780487795 -1 0 0
770.3731707317074 70.74390243902428 -1 0 0
794.7243902439025 82.60731707317063 -1 0 0
782.8609756097562 32.031707317073085 -1 0 0
790.9780487804878 6.431707317073062 -1 0 0
833.4365853658537 44.51951219512188 -1 0 0
822.1975609756098 95.71951219512187 -1 0 0
789.729268292683 115.07560975609749 -1 0 0
794.7243902439025 188.75365853658536 -1 0 0
807.2121951219513 161.28048780487802 -1 0 0
814.7048780487805 140.67560975609751 -1 0 0
823.4463414634147 226.21707317073168 -1 0 0
797.2219512195122 266.80243902439025 -1 0 0
770.9975609756098 293.65121951219515 -1 0 0
850.2951219512197 113.82682926829261 -1 0 0
867.1536585365855 160.03170731707314 -1 0 0
842.8024390243904 203.73902439024386 -1 0 0
897.7487804878049 228.090243902439 -1 0 0
995.1536585365855 208.109756097561 -1 0 0
950.1975609756098 193.74878048780488 -1 0 0
915.2317073170732 194.37317073170732 -1 0 0
928.3439024390245 164.40243902439022 -1 0 0
983.9146341463415 174.39268292682925 -1 0 0
928.3439024390245 136.30487804878044 -1 0 0
955.1926829268293 129.4365853658536 -1 0 0
913.358536585366 119.44634146341457 -1 0 0
870.2756097560978 116.94878048780481 -1 0 0
887.1341463414635 98.84146341463406 -1 0 0
871.5243902439026 75.7390243902438 -1 0 0
887.1341463414635 48.265853658536514 -1 0 0
850.919512195122 44.51951219512188 -1 0 0
854.0414634146343 12.051219512195019 -1 0 0
877.1439024390245 5.182926829268183 -1 0 0
912.1097560975611 10.80243902439014 -1 0 0
947.0756097560977 22.041463414634052 -1 0 0
928.3439024390245 76.98780487804868 -1 0 0
974.5487804878051 82.60731707317063 -1 0 0
1005.1439024390245 42.64634146341456 -1 0 0
1017.6317073170733 17.046341463414535 -1 0 0
994.5292682926831 2.685365853658425 -1 0 0
1022.0024390243901 134.7439024390244 -1 0 0
612.7517482517483 685.2552447552448 -1 0 0
