126.85121330282618 700.5165157423222 -1 0 0
72.77367793496829 671.1265508684863 -1 0 0
13.993748187296546 733.4332764010182 -1 0 0
233.83068544358864 724.0284876413908 -1 0 0
259.6938545325642 684.0581354129741 -1 0 0
157.41677677161545 631.1561986400695 -1 0 0
184.45554445554444 539.4595082337017 -1 0 0
119.79762173310561 488.90876865070413 -1 0 0
77.47607231478199 453.64081080210104 -1 0 0
37.50572008636527 468.9235925364957 -1 0 0
5.764558022622515 490.0843672456576 -1 0 0
2.237762237762238 401.91447262415 -1 0 0
37.50572008636527 368.99771196545385 -1 0 0
93.93445264413005 401.91447262415 -1 0 0
122.14881892301247 374.875704940221 -1 0 0
162.11917115142927 421.89964873835834 -1 0 0
229.12829106377492 495.96236022042467 -1 0 0
287.9082208114466 550.0398955882827 -1 0 0
296.1374109761206 459.5188037768683 -1 0 0
399.5900873320228 740.4868679707389 -1 0 0
483.0575875737166 728.7308820212046 -1 0 0
439.56043956043953 691.1117269826947 -1 0 0
418.3996648512778 622.9270084753956 -1 0 0
399.5900873320228 554.7422899680964 -1 0 0
390.1852985723953 486.5575714607973 -1 0 0
334.93216460958394 418.372852953498 -1 0 0
403.1168831168832 418.372852953498 -1 0 0
345.51255196416486 374.875704940221 -1 0 0
297.31300957107413 363.1197189906867 -1 0 0
244.41107279816956 358.417324610873 -1 0 0
206.7919177596597 358.417324610873 -1 0 0
219.72350230414742 305.5153878379684 -1 0 0
144.48519222712767 305.5153878379684 -1 0 0
113.91962875833839 277.301021559086 -1 0 0
31.627727111598084 272.5986271792723 -1 0 0
10.46695240243627 336.0809513067577 -1 0 0
21.047339757017152 209.11630305178687 -1 0 0
50.43730463085299 217.34549321646097 -1 0 0
119.79762173310561 226.75028197608833 -1 0 0
235.00628403854205 271.42302858431884 -1 0 0
210.31871354452002 242.033063710483 -1 0 0
273.8010376720054 272.5986271792723 -1 0 0
336.10776320453743 289.0570075086204 -1 0 0
380.78050981276783 323.14936676226995 -1 0 0
471.30160162418224 410.143662788824 -1 0 0
488.93558054848376 300.8129934581547 -1 0 0
431.33124939576544 285.53021172376003 -1 0 0
511.27195385259904 477.15278270116977 -1 0 0
535.9595243466212 628.8050014501626 -1 0 0
599.4418484741066 601.7662337662337 -1 0 0
658.2217782217782 667.5997550836261 -1 0 0
693.4897360703812 640.5609873996971 -1 0 0
604.1442428539202 530.0547194740742 -1 0 0
595.9150526892462 432.4800360929393 -1 0 0
518.3255454223196 416.02165576359124 -1 0 0
541.8375173213882 292.5838032934806 -1 0 0
600.6174470690598 320.79816957236307 -1 0 0
577.1054751699913 304.33978924301505 -1 0 0
640.5877992974767 346.6613386613386 -1 0 0
655.8705810318713 448.93841642228733 -1 0 0
802.8204054010505 628.8050014501626 -1 0 0
764.0256517675872 584.1322548419322 -1 0 0
852.1955463890948 685.2337340079275 -1 0 0
997.9697721633206 740.4868679707389 -1 0 0
967.4042086945313 658.1949663239985 -1 0 0
960.3506171248106 580.6054590570719 -1 0 0
1007.374560922948 546.5130998034224 -1 0 0
997.9697721633206 479.5039798910766 -1 0 0
927.4338564661144 520.6499307144468 -1 0 0
878.0587154780703 493.61116303051784 -1 0 0
805.1716025909574 530.0547194740742 -1 0 0
833.3859688698398 508.8939447649125 -1 0 0
787.5376236666559 443.06042344752024 -1 0 0
815.7519899455383 426.60204311817216 -1 0 0
718.1773065644032 473.6259869163095 -1 0 0
706.4213206148689 424.2508459282653 -1 0 0
669.9777641713125 397.2120782443363 -1 0 0
668.8021655763591 363.1197189906867 -1 0 0
708.7725178047758 306.69098643292193 -1 0 0
738.1624826786116 296.110599078341 -1 0 0
748.7428700331925 374.875704940221 -1 0 0
788.7132222616094 354.8905288260127 -1 0 0
812.2251941606779 309.0421836228287 -1 0 0
842.7907576294672 309.0421836228287 -1 0 0
855.722342173955 269.071831394412 -1 0 0
876.8831168831168 341.9589442815249 -1 0 0
909.799877541813 356.0661274209661 -1 0 0
885.112307047791 412.494859978731 -1 0 0
980.3357932390189 430.12883890303243 -1 0 0
1003.8477651380877 371.34890915536073 -1 0 0
950.9458283651832 399.56327543424317 -1 0 0
965.0530115046242 347.83693725629206 -1 0 0
968.5798072894846 267.8962327994586 -1 0 0
977.984596049112 226.75028197608833 -1 0 0
1013.2525538977153 243.20866230543652 -1 0 0
920.3802648963939 254.9646482549708 -1 0 0
920.3802648963939 287.8814089136669 -1 0 0
842.7907576294672 209.11630305178687 -1 0 0
866.3027295285359 206.76510586188002 -1 0 0
880.4099126679772 182.07753536785788 -1 0 0
907.4486803519061 160.91676065869612 -1 0 0
772.2548419322612 213.81869743160058 -1 0 0
691.1385388804744 267.8962327994586 -1 0 0
649.9925880571042 251.4378524701105 -1 0 0
605.3198414488738 244.38426090038985 -1 0 0
538.310721536528 226.75028197608833 -1 0 0
450.14082691502045 226.75028197608833 -1 0 0
367.8489252682801 238.50626792562272 -1 0 0
405.46808030679 203.23831007701966 -1 0 0
448.96522832006707 197.3603171022526 -1 0 0
407.8192774966968 179.72633817795105 -1 0 0
345.51255196416486 179.72633817795105 -1 0 0
374.90251683800074 159.7411620637427 -1 0 0
336.10776320453743 244.38426090038985 -1 0 0
292.6106151912603 234.97947214076245 -1 0 0
239.70867841835584 204.4139086719732 -1 0 0
266.74744610228487 167.9703522284167 -1 0 0
235.00628403854205 140.93158454448778 -1 0 0
217.37230511424056 170.32154941832354 -1 0 0
169.1727627211498 159.7411620637427 -1 0 0
146.8363894170346 195.00911991234565 -1 0 0
128.0268118977796 165.61915503850983 -1 0 0
82.1784666945957 185.60433115271817 -1 0 0
66.89568496020105 156.2143662788824 -1 0 0
21.047339757017152 143.28278173439463 -1 0 0
49.26170603589957 105.66362669588472 -1 0 0
91.5832554542232 135.05359156972057 -1 0 0
143.30959363217426 129.1755985949534 -1 0 0
143.30959363217426 102.13683091102443 -1 0 0
213.8455093293803 102.13683091102443 -1 0 0
260.8694531275176 83.32725339176952 -1 0 0
138.60719925236054 75.09806322709544 -1 0 0
68.07128355515448 93.90764074635035 -1 0 0
84.52966388450254 69.22007025232831 -1 0 0
25.749734136830906 77.4492604170023 -1 0 0
1.0621636428088121 70.39566884728174 -1 0 0
18.696142567110297 45.708098353259594 -1 0 0
13.993748187296546 3.386548934935961 -1 0 0
39.856917276272114 3.386548934935961 -1 0 0
68.07128355515448 37.47890818858561 -1 0 0
97.46124842899033 48.05929554316644 -1 0 0
100.98804421385071 8.088943314749766 -1 0 0
122.14881892301247 12.791337694563468 -1 0 0
177.40195288582387 48.05929554316644 -1 0 0
189.15793883535815 37.47890818858561 -1 0 0
160.94357255647574 9.26454190970319 -1 0 0
190.33353743031157 12.791337694563468 -1 0 0
231.47948825368178 36.303309593632186 -1 0 0
247.93786858302983 56.28848570784052 -1 0 0
279.67903064677256 60.990880087654226 -1 0 0
278.5034320518191 15.142534884470319 -1 0 0
253.81586155779706 9.26454190970319 -1 0 0
302.01540395088784 16.318133479423746 -1 0 0
324.351777255003 72.74686603718858 -1 0 0
305.5421997357481 57.46408430279395 -1 0 0
313.7713899004222 102.13683091102443 -1 0 0
283.2058264316329 119.77080983532592 -1 0 0
314.9469884953756 138.58038735458092 -1 0 0
350.21494634397857 105.66362669588472 -1 0 0
379.60491121781445 126.82440140504657 -1 0 0
394.8876929522091 93.90764074635035 -1 0 0
394.8876929522091 50.41049273307329 -1 0 0
351.390544938932 58.63968289774738 -1 0 0
350.21494634397857 23.371725049144402 -1 0 0
357.2685379136992 8.088943314749766 -1 0 0
119.79762173310561 756.945248300087 -1 0 0
601.7930456640133 203.23831007701966 -1 0 0
560.6470948406431 223.22348619122812 -1 0 0
565.3494892204569 184.42873255776485 -1 0 0
517.1499468273662 184.42873255776485 -1 0 0
504.2183622828784 152.68757049402205 -1 0 0
492.4623763333441 118.59521124037249 -1 0 0
450.14082691502045 124.47320421513962 -1 0 0
439.56043956043953 79.80045760690925 -1 0 0
458.37001707969443 85.67845058167637 -1 0 0
480.7063903838098 69.22007025232831 -1 0 0
430.15565080081205 42.18130256839932 -1 0 0
460.7212142696013 44.532499758306166 -1 0 0
413.697270471464 6.913344719796339 -1 0 0
390.1852985723953 24.547323644097826 -1 0 0
338.4589603944442 36.303309593632186 -1 0 0
323.1761786600496 28.074119428958106 -1 0 0
324.351777255003 48.05929554316644 -1 0 0
454.84322129483417 16.318133479423746 -1 0 0
424.2776578260449 3.386548934935961 -1 0 0
473.65279881408907 6.913344719796339 -1 0 0
493.6379749282975 15.142534884470319 -1 0 0
504.2183622828784 36.303309593632186 -1 0 0
525.3791369920402 23.371725049144402 -1 0 0
507.74515806773877 4.562147529889387 -1 0 0
527.7303341819472 53.93728851793367 -1 0 0
550.0667074860622 53.93728851793367 -1 0 0
540.6619187264349 93.90764074635035 -1 0 0
525.3791369920402 93.90764074635035 -1 0 0
532.4327285617608 122.12200702523278 -1 0 0
577.1054751699913 128.0 -1 0 0
598.2662498791532 111.54161967065183 -1 0 0
565.3494892204569 102.13683091102443 -1 0 0
595.9150526892462 52.761689922980246 -1 0 0
602.9686442589667 19.844929264284023 -1 0 0
614.7246302085011 15.142534884470319 -1 0 0
581.8078695498052 15.142534884470319 -1 0 0
558.2958976507364 12.791337694563468 -1 0 0
639.4122007025233 17.49373207437717 -1 0 0
647.6413908671973 32.77651380877181 -1 0 0
620.6026231832684 69.22007025232831 -1 0 0
625.3050175630822 110.36602107569853 -1 0 0
666.4509683864524 132.7023943798137 -1 0 0
689.9629402855209 182.07753536785788 -1 0 0
649.9925880571042 197.3603171022526 -1 0 0
607.6710386387806 155.03876768392888 -1 0 0
736.9868840836584 231.45267635590207 -1 0 0
813.4007927556314 271.42302858431884 -1 0 0
803.9960039960041 163.26795784860298 -1 0 0
781.6596306918887 163.26795784860298 -1 0 0
776.9572363120749 128.0 -1 0 0
799.2936096161901 126.82440140504657 -1 0 0
739.3380812735651 126.82440140504657 -1 0 0
706.4213206148689 140.93158454448778 -1 0 0
686.4361445006608 97.43443653121072 -1 0 0
708.7725178047758 88.02964777158323 -1 0 0
744.0404756533788 90.38084496149007 -1 0 0
772.2548419322612 52.761689922980246 -1 0 0
768.7280461474008 23.371725049144402 -1 0 0
735.8112854887047 48.05929554316644 -1 0 0
693.4897360703812 48.05929554316644 -1 0 0
661.7485740066385 93.90764074635035 -1 0 0
681.7337501208469 4.562147529889387 -1 0 0
704.0701234249622 25.72292223905125 -1 0 0
725.2308981341238 17.49373207437717 -1 0 0
835.7371660597466 19.844929264284023 -1 0 0
835.7371660597466 50.41049273307329 -1 0 0
829.8591730849794 70.39566884728174 -1 0 0
852.1955463890948 115.06841545551221 -1 0 0
936.8386452257421 113.8928168605588 -1 0 0
888.6391028326511 73.92246463214201 -1 0 0
887.4635042376977 48.05929554316644 -1 0 0
907.4486803519061 69.22007025232831 -1 0 0
859.2491379588154 42.18130256839932 -1 0 0
879.2343140730237 17.49373207437717 -1 0 0
839.263961844607 3.386548934935961 -1 0 0
973.2822016692984 33.95211240372534 -1 0 0
995.6185749734136 28.074119428958106 -1 0 0
1002.6721665431343 85.67845058167637 -1 0 0
989.7405819986466 118.59521124037249 -1 0 0
966.2286100995778 104.48802810093129 -1 0 0
945.0678353904159 78.62485901195572 -1 0 0
945.0678353904159 64.5176758725146 -1 0 0
953.29702555509 152.68757049402205 -1 0 0
987.3893848087397 193.83352131739224 -1 0 0
1002.6721665431343 167.9703522284167 -1 0 0
1021.4817440623891 66.86887306242146 -1 0 0
792.2400180464696 42.18130256839932 -1 0 0
859.2491379588154 155.03876768392888 -1 0 0
918.029067706487 472.45038832135606 -1 0 0
965.0530115046242 6.913344719796339 -1 0 0
938.0059940059944 206.12987012987008 -1 0 0
