323.0387689848122 246.40287769784172 -1 0 0
287.7517985611511 244.8169464428457 -1 0 0
303.6111111111111 259.09032773780973 -1 0 0
349.6031175059952 260.27977617905674 -1 0 0
361.8940847322142 254.72901678657072 -1 0 0
368.23780975219825 245.6099120703437 -1 0 0
421.3665067945644 246.40287769784172 -1 0 0
401.9388489208633 264.6410871302957 -1 0 0
372.9956035171862 235.3013589128697 -1 0 0
384.49360511590726 219.44204636290965 -1 0 0
394.8021582733813 222.21742605915267 -1 0 0
412.6438848920863 228.56115107913666 -1 0 0
438.4152677857714 217.85611510791367 -1 0 0
424.1418864908074 202.78976818545163 -1 0 0
438.4152677857714 196.04956035171858 -1 0 0
438.8117505995204 239.6626698641087 -1 0 0
404.7142286171063 210.71942446043164 -1 0 0
373.78856914468423 197.2390087929656 -1 0 0
386.4760191846523 188.11990407673858 -1 0 0
414.2298161470823 180.5867306155076 -1 0 0
426.1243005595523 173.05355715427658 -1 0 0
428.5031974420463 161.95203836930457 -1 0 0
383.70063948840925 168.69224620303754 -1 0 0
367.44484412470024 180.98321342925658 -1 0 0
349.2066346922462 168.2957633892885 -1 0 0
349.6031175059952 152.03996802557953 -1 0 0
369.03077537969625 165.1239008792965 -1 0 0
374.97801758593124 141.3349320543565 -1 0 0
381.32174260591523 153.22941646682654 -1 0 0
396.3880895283773 150.0575539568345 -1 0 0
405.5071942446043 133.00879296562746 -1 0 0
418.19464428457235 139.35251798561146 -1 0 0
420.57354116706637 136.97362110311747 -1 0 0
441.1906474820144 138.95603517186245 -1 0 0
419.38409272581936 125.07913669064746 -1 0 0
415.0227817745803 118.73541167066344 -1 0 0
400.35291766586727 115.96003197442045 -1 0 0
399.1634692246203 93.36051159072738 -1 0 0
416.60871302957634 85.43085531574738 -1 0 0
428.8996802557953 82.25899280575535 -1 0 0
428.8996802557953 66.00319744204634 -1 0 0
429.6926458832933 47.764988009592315 -1 0 0
397.1810551558753 47.764988009592315 -1 0 0
382.51119104716224 45.3860911270983 -1 0 0
415.4192645883293 54.901678657074314 -1 0 0
397.1810551558753 55.29816147082332 -1 0 0
368.23780975219825 78.29416466826535 -1 0 0
382.90767386091125 75.12230215827336 -1 0 0
372.2026378896882 55.69464428457232 -1 0 0
366.65187849720223 62.43485211830532 -1 0 0
351.58553157474023 102.0831334932054 -1 0 0
350.3960831334932 81.46602717825738 -1 0 0
378.94284572342127 123.09672262190244 -1 0 0
340.4840127897682 119.13189448441244 -1 0 0
342.46642685851316 106.44444444444443 -1 0 0
344.4488409272582 133.40527577937647 -1 0 0
326.21063149480415 157.98721023181452 -1 0 0
332.55435651478814 198.0319744204636 -1 0 0
338.8980815347722 188.11990407673858 -1 0 0
334.53677058353315 219.04556354916065 -1 0 0
361.8940847322142 218.64908073541164 -1 0 0
314.7126298960831 219.83852917665865 -1 0 0
300.8357314148681 219.04556354916065 -1 0 0
293.3025579536371 188.51638689048758 -1 0 0
304.8005595523581 176.22541966426854 -1 0 0
295.6814548361311 157.98721023181452 -1 0 0
276.25379696243004 163.14148681055156 -1 0 0
259.60151878497203 184.15507593924855 -1 0 0
273.4784172661871 226.18225419664267 -1 0 0
247.31055155875296 242.04156674660268 -1 0 0
265.548760991207 243.6274980015987 -1 0 0
236.20903277378093 261.0727418065547 -1 0 0
212.02358113509192 254.33253397282172 -1 0 0
212.42006394884092 233.31894484412467 -1 0 0
227.88289368505193 230.94004796163068 -1 0 0
233.43365307753797 219.44204636290965 -1 0 0
219.55675459632292 203.5827338129496 -1 0 0
235.01958433253398 199.22142286171064 -1 0 0
229.86530775379694 184.55155875299755 -1 0 0
237.79496402877695 163.93445243804956 -1 0 0
256.42965627497995 160.76258992805754 -1 0 0
281.0115907274181 129.44044764188644 -1 0 0
297.2673860911271 129.83693045563544 -1 0 0
272.6854516386891 122.30375699440444 -1 0 0
289.7342126298961 101.68665067945639 -1 0 0
310.74780175859314 110.0127897681854 -1 0 0
317.48800959232614 95.7394084732214 -1 0 0
294.4920063948841 94.54996003197441 -1 0 0
277.83972821742606 96.53237410071941 -1 0 0
244.931654676259 101.68665067945639 -1 0 0
242.94924060751399 81.06954436450837 -1 0 0
15.368105515587503 32.30215827338128 -1 0 0
12.989208633093499 51.72981614708232 -1 0 0
34.00279776179055 35.47402078337328 -1 0 0
51.05155875299757 34.68105515587527 -1 0 0
45.104316546762554 67.58912869704236 -1 0 0
24.883693045563522 70.36450839328535 -1 0 0
8.627897681854494 89.39568345323738 -1 0 0
15.764588329336506 77.50119904076737 -1 0 0
43.91486810551557 90.18864908073539 -1 0 0
36.77817745803355 100.89368505195839 -1 0 0
62.94604316546761 71.15747402078335 -1 0 0
68.89328537170263 99.7042366107114 -1 0 0
79.59832134292563 113.97761790567543 -1 0 0
55.016386890487574 137.37010391686647 -1 0 0
41.13948840927255 132.21582733812946 -1 0 0
72.46163069544363 137.37010391686647 -1 0 0
24.883693045563522 131.02637889688245 -1 0 0
7.834932054356487 120.32134292565942 -1 0 0
11.403277378097501 157.5907274180655 -1 0 0
84.35611510791364 81.86250999200635 -1 0 0
76.82294164668264 62.43485211830532 -1 0 0
78.80535571542762 48.954436450839296 -1 0 0
91.09632294164666 45.7825739408473 -1 0 0
111.3169464428457 42.610711430855304 -1 0 0
103.78377298161467 30.71622701838527 -1 0 0
73.65107913669064 37.45643485211829 -1 0 0
132.33053557154275 45.3860911270983 -1 0 0
139.46722621902475 62.03836930455634 -1 0 0
159.6878497202238 47.36850519584331 -1 0 0
150.17226219024778 35.077537969624274 -1 0 0
167.22102318145485 29.923261390887262 -1 0 0
179.11550759392483 58.47002398081531 -1 0 0
173.56474820143885 73.53637090327734 -1 0 0
171.58233413269383 87.01678657074339 -1 0 0
176.34012789768187 96.1358912869704 -1 0 0
149.37929656274977 82.25899280575535 -1 0 0
127.17625899280571 94.54996003197441 -1 0 0
102.5943245403677 85.03437250199838 -1 0 0
106.9556354916067 69.57154276578734 -1 0 0
132.33053557154275 107.63389288569141 -1 0 0
123.21143085531571 112.78816946442842 -1 0 0
111.3169464428457 116.75299760191845 -1 0 0
129.15867306155073 127.45803357314145 -1 0 0
145.8109512390088 117.94244604316543 -1 0 0
152.9476418864908 106.44444444444443 -1 0 0
166.42805755395685 114.37410071942443 -1 0 0
212.02358113509192 93.75699440447639 -1 0 0
194.1818545163869 84.24140687450037 -1 0 0
219.55675459632292 74.32933653077535 -1 0 0
208.4552358113509 65.21023181454834 -1 0 0
238.98441247002395 58.866506794564316 -1 0 0
212.81654676258992 44.19664268585129 -1 0 0
229.46882494004794 41.02478017585929 -1 0 0
197.75019984012786 32.698641087130284 -1 0 0
183.47681854516387 33.888089528377265 -1 0 0
213.60951239008793 30.319744204636265 -1 0 0
297.6638689048761 32.30215827338128 -1 0 0
263.56634692246206 39.83533173461228 -1 0 0
271.89248601119107 35.077537969624274 -1 0 0
250.08593125499598 31.905675459632278 -1 0 0
218.3673061550759 110.4092725819344 -1 0 0
192.59592326139088 115.56354916067144 -1 0 0
212.81654676258992 126.66506794564347 -1 0 0
215.19544364508394 138.95603517186245 -1 0 0
229.86530775379694 153.22941646682654 -1 0 0
220.34972022382092 160.76258992805754 -1 0 0
198.93964828137487 163.93445243804956 -1 0 0
177.52957633892888 135.78417266187049 -1 0 0
169.99640287769782 140.1454836131095 -1 0 0
163.25619504396482 128.64748201438846 -1 0 0
158.10191846522778 146.48920863309348 -1 0 0
145.8109512390088 131.42286171063145 -1 0 0
173.16826538768984 120.32134292565942 -1 0 0
99.42246203037567 131.02637889688245 -1 0 0
111.71342925659471 130.62989608313345 -1 0 0
93.87170263788965 147.6786570743405 -1 0 0
49.069144684252585 179.79376498800957 -1 0 0
32.416866506794534 193.67066346922456 -1 0 0
16.954036770583517 216.66666666666666 -1 0 0
10.213828936850492 258.6938449240607 -1 0 0
11.403277378097501 236.88729016786567 -1 0 0
46.29376498800956 238.07673860911268 -1 0 0
28.055555555555532 252.3501199040767 -1 0 0
49.86211031175056 253.53956834532372 -1 0 0
69.2897681854516 229.35411670663467 -1 0 0
49.86211031175056 215.87370103916865 -1 0 0
76.82294164668264 197.6354916067146 -1 0 0
91.09632294164666 226.57873701039168 -1 0 0
93.87170263788965 246.7993605115907 -1 0 0
112.10991207034371 251.5571542765787 -1 0 0
125.98681055155875 251.16067146282973 -1 0 0
138.27777777777774 240.4556354916067 -1 0 0
142.24260591526777 265.8305355715427 -1 0 0
118.8501199040767 232.92246203037567 -1 0 0
137.48481215027974 215.47721822541965 -1 0 0
149.37929656274977 191.6882494004796 -1 0 0
157.30895283772978 182.1726618705036 -1 0 0
131.14108713029574 190.4988009592326 -1 0 0
110.9204636290967 169.88169464428455 -1 0 0
126.77977617905673 177.81135091926456 -1 0 0
98.62949640287766 188.51638689048758 -1 0 0
176.34012789768187 238.8697042366107 -1 0 0
168.0139888089528 256.7114308553157 -1 0 0
188.23461231015185 261.4692246203037 -1 0 0
191.00999200639487 220.63149480415666 -1 0 0
176.34012789768187 202.39328537170263 -1 0 0
189.42406075139886 188.91286970423658 -1 0 0
177.52957633892888 194.46362909672257 -1 0 0
194.1818545163869 177.41486810551555 -1 0 0
206.47282174260593 175.03597122302153 -1 0 0
181.09792166266985 152.03996802557953 -1 0 0
55.80935251798558 50.93685051958431 -1 0 0
198.54316546762587 51.333333333333314 -1 0 0
384.89008792965626 103.2725819344524 -1 0 0
72.06514788169463 160.76258992805754 -1 0 0
80.39128697042364 173.05355715427658 -1 0 0
60.56714628297359 169.08872901678654 -1 0 0
41.535971223021555 166.31334932054352 -1 0 0
27.65907274180653 156.4012789768185 -1 0 0
51.84452438049558 152.43645083932853 -1 0 0
46.69024780175857 101.29016786570739 -1 0 0
12.989208633093499 177.81135091926456 -1 0 0
263.36513486513496 -68.16583416583421 -1 0 0
443.72877122877134 171.65834165834167 -1 0 0
454.6298701298702 215.2627372627373 -1 0 0
481.387112887113 234.5874125874126 -1 0 0
465.03546453546466 218.2357642357642 -1 0 0
482.87362637362645 220.71328671328672 -1 0 0
474.4500499500501 206.83916083916085 -1 0 0
491.29720279720283 195.44255744255742 -1 0 0
480.8916083916085 172.15384615384613 -1 0 0
459.58491508491517 187.5144855144855 -1 0 0
486.34215784215786 98.32367632367632 -1 0 0
474.9455544455545 69.58441558441557 -1 0 0
469.4950049950051 80.98101898101899 -1 0 0
445.7107892107893 76.52147852147851 -1 0 0
446.2062937062938 26.97102897102897 -1 0 0
455.62087912087924 26.97102897102897 -1 0 0
465.03546453546466 7.150849150849126 -1 0 0
455.62087912087924 15.574425574425561 -1 0 0
437.78271728271733 15.574425574425561 -1 0 0
413.5029970029971 23.998001998001996 -1 0 0
424.8996003996005 22.511488511488494 -1 0 0
418.458041958042 11.610389610389603 -1 0 0
439.2692307692309 5.168831168831105 -1 0 0
477.9185814185815 18.051948051948045 -1 0 0
40.388111888111915 12.105894105894095 -1 0 0
67.14535464535467 3.6823176823176595 -1 0 0
151.3811188811189 22.015984015984003 -1 0 0
163.2732267732268 8.141858141858108 -1 0 0
186.06643356643363 5.168831168831105 -1 0 0
197.95854145854153 5.168831168831105 -1 0 0
218.76973026973033 5.168831168831105 -1 0 0
227.68881118881123 4.177822177822122 -1 0 0
218.2742257742258 23.5024975024975 -1 0 0
232.6438561438562 18.051948051948045 -1 0 0
257.419080919081 15.07892107892107 -1 0 0
314.8976023976025 9.13286713286709 -1 0 0
345.6188811188812 11.114885114885055 -1 0 0
359.98851148851156 11.610389610389603 -1 0 0
389.2232767232768 13.592407592407568 -1 0 0
321.3391608391609 32.4215784215784 -1 0 0
350.57392607392615 25.48451548451547 -1 0 0
461.56693306693313 53.72827172827172 -1 0 0
496.2522477522478 51.25074925074924 -1 0 0
480.8916083916085 50.755244755244746 -1 0 0
268.8156843156844 151.34265734265733 -1 0 0
135.52497502497508 15.574425574425561 -1 0 0
66.64985014985018 248.95704295704297 -1 0 0
255.93256743256745 139.94605394605395 -1 0 0
248.50000000000006 110.71128871128869 -1 0 0
467.0174825174826 131.02697302697302 -1 0 0
481.8826173826174 132.017982017982 -1 0 0
486.34215784215786 113.18881118881117 -1 0 0
413.9985014985015 152.3336663336663 -1 0 0
291.1133866133867 19.53846153846152 -1 0 0
119.66883116883119 208.82117882117885 -1 0 0
457.6028971028972 239.54245754245753 -1 0 0
170.70579420579426 16.565434565434572 -1 0 0
393.68281718281725 163.23476523476523 -1 0 0
456.61188811188816 90.89110889110887 -1 0 0
61.199300699300714 27.962037962037954 -1 0 0
