41.43181818181836 652.6477272727273 -1 0 0
32.609307359307536 631.6942640692641 -1 0 0
33.71212121212136 616.2548701298701 -1 0 0
23.786796536796714 590.8901515151515 -1 0 0
44.7402597402599 589.7873376623377 -1 0 0
84.44155844155856 583.1704545454546 -1 0 0
124.1428571428573 578.7591991341992 -1 0 0
112.01190476190493 614.0492424242425 -1 0 0
71.20779220779237 617.357683982684 -1 0 0
76.72186147186164 638.3111471861472 -1 0 0
73.41341991342009 652.6477272727273 -1 0 0
117.5259740259742 637.2083333333334 -1 0 0
128.55411255411266 653.7505411255412 -1 0 0
151.71320346320357 614.0492424242425 -1 0 0
160.5357142857144 668.0871212121212 -1 0 0
194.72294372294385 662.573051948052 -1 0 0
204.6482683982685 625.077380952381 -1 0 0
214.57359307359314 614.0492424242425 -1 0 0
181.4891774891776 583.1704545454546 -1 0 0
222.29329004329014 577.6563852813854 -1 0 0
189.2088744588746 560.0113636363637 -1 0 0
169.3582251082252 531.3382034632035 -1 0 0
183.69480519480533 513.6931818181819 -1 0 0
156.12445887445904 492.7397186147187 -1 0 0
151.71320346320357 449.7299783549784 -1 0 0
142.89069264069275 508.17911255411263 -1 0 0
143.99350649350666 539.0579004329005 -1 0 0
112.01190476190493 523.6185064935065 -1 0 0
99.88095238095255 543.4691558441559 -1 0 0
91.05844155844173 508.17911255411263 -1 0 0
82.2359307359309 520.3100649350649 -1 0 0
56.871212121212274 513.6931818181819 -1 0 0
72.31060606060619 466.27218614718623 -1 0 0
66.79653679653691 451.9356060606061 -1 0 0
71.20779220779237 436.49621212121224 -1 0 0
9.450216450216619 326.2148268398269 -1 0 0
27.095238095238262 339.4485930735932 -1 0 0
10.553030303030482 339.4485930735932 -1 0 0
21.581168831168988 357.09361471861484 -1 0 0
34.814935064935256 367.0189393939395 -1 0 0
46.94588744588763 359.29924242424255 -1 0 0
72.31060606060619 369.2245670995672 -1 0 0
60.179653679653825 369.2245670995672 -1 0 0
48.04870129870145 376.9442640692642 -1 0 0
45.843073593073726 370.327380952381 -1 0 0
113.11471861471875 438.70183982683994 -1 0 0
134.06818181818193 442.0102813852815 -1 0 0
139.58225108225122 426.5708874458875 -1 0 0
130.7597402597404 416.64556277056283 -1 0 0
119.73160173160184 403.41179653679666 -1 0 0
104.29220779220793 400.103354978355 -1 0 0
118.62878787878802 387.97240259740266 -1 0 0
108.70346320346337 390.17803030303037 -1 0 0
102.0865800865802 374.7386363636365 -1 0 0
92.16125541125555 382.45833333333337 -1 0 0
91.05844155844173 363.7104978354979 -1 0 0
91.05844155844173 390.17803030303037 -1 0 0
86.64718614718629 401.20616883116895 -1 0 0
63.48809523809537 382.45833333333337 -1 0 0
64.59090909090926 390.17803030303037 -1 0 0
71.20779220779237 407.823051948052 -1 0 0
38.12337662337681 384.66396103896113 -1 0 0
53.56277056277072 423.26244588744595 -1 0 0
24.88961038961054 413.3371212121213 -1 0 0
12.758658008658168 418.8511904761906 -1 0 0
23.786796536796714 397.89772727272737 -1 0 0
19.375541125541304 333.9345238095239 -1 0 0
30.40367965367981 354.8879870129871 -1 0 0
21.581168831168988 370.327380952381 -1 0 0
28.198051948052086 382.45833333333337 -1 0 0
40.329004329004455 421.0568181818183 -1 0 0
10.553030303030482 407.823051948052 -1 0 0
76.72186147186164 384.66396103896113 -1 0 0
125.24567099567112 371.4301948051949 -1 0 0
134.06818181818193 374.7386363636365 -1 0 0
159.43290043290057 382.45833333333337 -1 0 0
164.94696969696986 390.17803030303037 -1 0 0
142.89069264069275 390.17803030303037 -1 0 0
156.12445887445904 397.89772727272737 -1 0 0
131.86255411255422 402.3089826839828 -1 0 0
143.99350649350666 407.823051948052 -1 0 0
156.12445887445904 413.3371212121213 -1 0 0
163.84415584415595 405.6174242424243 -1 0 0
175.97510822510833 407.823051948052 -1 0 0
196.9285714285715 397.89772727272737 -1 0 0
206.85389610389623 425.46807359307365 -1 0 0
203.54545454545467 415.542748917749 -1 0 0
190.3116883116884 436.49621212121224 -1 0 0
185.90043290043303 425.46807359307365 -1 0 0
170.46103896103904 425.46807359307365 -1 0 0
161.63852813852822 442.0102813852815 -1 0 0
151.71320346320357 418.8511904761906 -1 0 0
99.88095238095255 421.0568181818183 -1 0 0
75.61904761904773 428.77651515151524 -1 0 0
85.54437229437247 418.8511904761906 -1 0 0
86.64718614718629 438.70183982683994 -1 0 0
46.94588744588763 430.98214285714295 -1 0 0
37.020562770562904 428.77651515151524 -1 0 0
23.786796536796714 434.2905844155845 -1 0 0
11.655844155844306 454.1412337662339 -1 0 0
45.843073593073726 444.2159090909091 -1 0 0
50.25432900432918 469.58062770562776 -1 0 0
29.300865800865985 486.1228354978356 -1 0 0
48.04870129870145 492.7397186147187 -1 0 0
40.329004329004455 525.8241341991343 -1 0 0
12.758658008658168 539.0579004329005 -1 0 0
17.169913419913577 548.9832251082252 -1 0 0
14.964285714285893 562.2169913419914 -1 0 0
57.9740259740261 560.0113636363637 -1 0 0
84.44155844155856 554.4972943722944 -1 0 0
120.83441558441575 560.0113636363637 -1 0 0
123.0400432900434 470.6834415584416 -1 0 0
121.93722943722958 458.55248917748924 -1 0 0
201.33982683982697 458.55248917748924 -1 0 0
180.38636363636377 455.2440476190477 -1 0 0
187.00324675324686 446.4215367965369 -1 0 0
169.3582251082252 454.1412337662339 -1 0 0
235.52705627705635 428.77651515151524 -1 0 0
228.91017316017326 446.4215367965369 -1 0 0
249.86363636363643 438.70183982683994 -1 0 0
264.20021645021654 455.2440476190477 -1 0 0
241.0411255411256 471.7862554112555 -1 0 0
212.3679653679655 473.99188311688323 -1 0 0
205.75108225108232 493.8425324675325 -1 0 0
232.2186147186148 505.9734848484849 -1 0 0
253.172077922078 487.2256493506494 -1 0 0
268.61147186147195 500.4594155844157 -1 0 0
287.3593073593074 458.55248917748924 -1 0 0
279.6396103896104 475.09469696969705 -1 0 0
303.90151515151524 464.0665584415585 -1 0 0
312.72402597402606 473.99188311688323 -1 0 0
325.9577922077923 510.38474025974034 -1 0 0
333.6774891774893 500.4594155844157 -1 0 0
354.6309523809524 454.1412337662339 -1 0 0
364.55627705627705 508.17911255411263 -1 0 0
384.40692640692635 500.4594155844157 -1 0 0
341.39718614718623 515.8988095238096 -1 0 0
330.3690476190477 485.0200216450217 -1 0 0
297.28463203463207 504.87067099567105 -1 0 0
296.18181818181824 539.0579004329005 -1 0 0
284.0508658008659 563.3198051948052 -1 0 0
258.68614718614725 571.0395021645022 -1 0 0
267.5086580086581 601.9182900432901 -1 0 0
289.5649350649352 621.7689393939395 -1 0 0
312.72402597402606 647.133658008658 -1 0 0
314.9296536796537 614.0492424242425 -1 0 0
354.6309523809524 621.7689393939395 -1 0 0
354.6309523809524 589.7873376623377 -1 0 0
305.00432900432907 582.0676406926407 -1 0 0
316.03246753246765 552.2916666666667 -1 0 0
357.939393939394 548.9832251082252 -1 0 0
361.2478354978355 525.8241341991343 -1 0 0
388.8181818181818 523.6185064935065 -1 0 0
389.9209956709957 515.8988095238096 -1 0 0
395.43506493506493 541.2635281385282 -1 0 0
376.6872294372295 566.6282467532468 -1 0 0
374.4816017316017 586.4788961038962 -1 0 0
388.8181818181818 603.0211038961039 -1 0 0
418.5941558441559 614.0492424242425 -1 0 0
420.79978354978357 654.853354978355 -1 0 0
420.79978354978357 635.0027056277056 -1 0 0
405.3603896103896 569.9366883116884 -1 0 0
427.41666666666663 555.6001082251082 -1 0 0
416.3885281385281 531.3382034632035 -1 0 0
413.0800865800866 498.253787878788 -1 0 0
424.1082251082251 461.86093073593076 -1 0 0
432.930735930736 487.2256493506494 -1 0 0
439.5476190476191 448.6271645021646 -1 0 0
451.6785714285714 477.30032467532476 -1 0 0
446.1645021645022 528.0297619047619 -1 0 0
473.7348484848485 569.9366883116884 -1 0 0
466.0151515151515 561.1141774891776 -1 0 0
472.63203463203456 541.2635281385282 -1 0 0
442.8560606060606 584.2732683982684 -1 0 0
468.22077922077926 603.0211038961039 -1 0 0
461.60389610389603 623.9745670995671 -1 0 0
488.07142857142856 654.853354978355 -1 0 0
493.5854978354978 617.357683982684 -1 0 0
493.5854978354978 582.0676406926407 -1 0 0
506.81926406926414 560.0113636363637 -1 0 0
491.37987012987014 525.8241341991343 -1 0 0
471.52922077922085 500.4594155844157 -1 0 0
510.12770562770567 480.60876623376635 -1 0 0
537.6980519480519 496.0481601731602 -1 0 0
517.8474025974025 523.6185064935065 -1 0 0
555.3430735930735 493.8425324675325 -1 0 0
578.5021645021644 504.87067099567105 -1 0 0
592.8387445887445 539.0579004329005 -1 0 0
574.090909090909 572.142316017316 -1 0 0
544.3149350649351 556.7029220779222 -1 0 0
536.5952380952381 577.6563852813854 -1 0 0
527.7727272727273 589.7873376623377 -1 0 0
517.8474025974025 612.9464285714287 -1 0 0
535.4924242424241 622.8717532467533 -1 0 0
566.3712121212121 610.7408008658009 -1 0 0
592.8387445887445 595.301406926407 -1 0 0
596.1471861471861 658.1617965367966 -1 0 0
625.9231601731601 556.7029220779222 -1 0 0
663.418831168831 536.8522727272727 -1 0 0
646.8766233766233 492.7397186147187 -1 0 0
662.3160173160172 492.7397186147187 -1 0 0
639.1569264069263 454.1412337662339 -1 0 0
600.5584415584415 464.0665584415585 -1 0 0
649.082251082251 621.7689393939395 -1 0 0
682.1666666666666 621.7689393939395 -1 0 0
629.2316017316017 665.8814935064935 -1 0 0
696.5032467532467 670.2927489177489 -1 0 0
602.7640692640691 626.1801948051948 -1 0 0
367.86471861471864 610.7408008658009 -1 0 0
243.24675324675334 605.2267316017317 -1 0 0
727.3820346320346 664.7786796536797 -1 0 0
724.073593073593 644.9280303030304 -1 0 0
738.4101731601731 621.7689393939395 -1 0 0
728.4848484848485 597.5070346320347 -1 0 0
775.9058441558441 560.0113636363637 -1 0 0
795.7564935064934 622.8717532467533 -1 0 0
778.1114718614718 661.4702380952381 -1 0 0
836.560606060606 629.4886363636364 -1 0 0
920.3744588744587 621.7689393939395 -1 0 0
985.4404761904761 629.4886363636364 -1 0 0
979.9264069264068 599.7126623376623 -1 0 0
1001.9826839826839 614.0492424242425 -1 0 0
1015.2164502164501 631.6942640692641 -1 0 0
951.2532467532466 579.862012987013 -1 0 0
920.3744588744587 578.7591991341992 -1 0 0
918.168831168831 600.8154761904763 -1 0 0
876.2619047619047 590.8901515151515 -1 0 0
851.9999999999998 566.6282467532468 -1 0 0
822.2240259740258 578.7591991341992 -1 0 0
796.8593073593072 562.2169913419914 -1 0 0
717.4567099567099 515.8988095238096 -1 0 0
743.9242424242423 528.0297619047619 -1 0 0
740.6158008658008 508.17911255411263 -1 0 0
749.4383116883116 493.8425324675325 -1 0 0
718.5595238095236 492.7397186147187 -1 0 0
697.6060606060605 490.534090909091 -1 0 0
690.9891774891773 477.30032467532476 -1 0 0
709.7370129870129 471.7862554112555 -1 0 0
697.6060606060605 465.1693722943724 -1 0 0
686.577922077922 461.86093073593076 -1 0 0
662.3160173160172 442.0102813852815 -1 0 0
665.6244588744587 469.58062770562776 -1 0 0
678.858225108225 436.49621212121224 -1 0 0
706.4285714285713 428.77651515151524 -1 0 0
743.9242424242423 421.0568181818183 -1 0 0
725.1764069264069 438.70183982683994 -1 0 0
722.9707792207791 451.9356060606061 -1 0 0
722.9707792207791 475.09469696969705 -1 0 0
739.5129870129869 479.5059523809524 -1 0 0
740.6158008658008 465.1693722943724 -1 0 0
750.5411255411254 462.9637445887447 -1 0 0
740.6158008658008 450.8327922077923 -1 0 0
754.9523809523808 456.3468614718616 -1 0 0
805.6818181818181 536.8522727272727 -1 0 0
790.2424242424241 515.8988095238096 -1 0 0
782.5227272727271 500.4594155844157 -1 0 0
760.4664502164502 494.9453463203464 -1 0 0
797.9621212121211 492.7397186147187 -1 0 0
811.1958874458874 503.7678571428572 -1 0 0
827.7380952380951 503.7678571428572 -1 0 0
837.6634199134198 535.7494588744589 -1 0 0
869.6450216450214 546.7775974025974 -1 0 0
861.9253246753246 525.8241341991343 -1 0 0
850.8971861471861 505.9734848484849 -1 0 0
892.8041125541124 523.6185064935065 -1 0 0
888.392857142857 504.87067099567105 -1 0 0
867.4393939393938 487.2256493506494 -1 0 0
907.1406926406926 498.253787878788 -1 0 0
956.7673160173159 541.2635281385282 -1 0 0
993.1601731601729 554.4972943722944 -1 0 0
997.5714285714284 535.7494588744589 -1 0 0
981.0292207792206 529.1325757575758 -1 0 0
954.5616883116882 528.0297619047619 -1 0 0
954.5616883116882 518.1044372294373 -1 0 0
975.5151515151513 508.17911255411263 -1 0 0
960.0757575757575 489.43127705627717 -1 0 0
945.7391774891773 481.71158008658017 -1 0 0
1009.7023809523808 488.32846320346323 -1 0 0
1001.9826839826839 503.7678571428572 -1 0 0
972.2067099567098 467.37500000000006 -1 0 0
949.0476190476189 461.86093073593076 -1 0 0
943.5335497835496 449.7299783549784 -1 0 0
913.7575757575756 464.0665584415585 -1 0 0
903.832251082251 470.6834415584416 -1 0 0
909.3463203463202 444.2159090909091 -1 0 0
924.7857142857142 439.80465367965377 -1 0 0
929.1969696969696 428.77651515151524 -1 0 0
971.103896103896 424.36525974025983 -1 0 0
964.4870129870129 434.2905844155845 -1 0 0
985.4404761904761 434.2905844155845 -1 0 0
986.5432900432899 446.4215367965369 -1 0 0
874.0562770562769 454.1412337662339 -1 0 0
886.1872294372293 436.49621212121224 -1 0 0
901.6266233766232 423.26244588744595 -1 0 0
879.5703463203463 413.3371212121213 -1 0 0
793.5508658008657 454.1412337662339 -1 0 0
811.1958874458874 473.99188311688323 -1 0 0
771.4945887445886 450.8327922077923 -1 0 0
772.5974025974025 461.86093073593076 -1 0 0
788.0367965367965 475.09469696969705 -1 0 0
775.9058441558441 439.80465367965377 -1 0 0
770.3917748917748 428.77651515151524 -1 0 0
785.8311688311687 426.5708874458875 -1 0 0
777.0086580086579 415.542748917749 -1 0 0
807.8874458874458 407.823051948052 -1 0 0
808.9902597402597 428.77651515151524 -1 0 0
804.5790043290042 440.9074675324676 -1 0 0
867.4393939393938 470.6834415584416 -1 0 0
836.560606060606 481.71158008658017 -1 0 0
837.6634199134198 467.37500000000006 -1 0 0
833.2521645021644 450.8327922077923 -1 0 0
833.2521645021644 433.18777056277065 -1 0 0
850.8971861471861 421.0568181818183 -1 0 0
866.3365800865799 418.8511904761906 -1 0 0
895.00974025974 405.6174242424243 -1 0 0
797.9621212121211 387.97240259740266 -1 0 0
835.4577922077921 401.20616883116895 -1 0 0
820.0183982683982 385.766774891775 -1 0 0
854.2056277056276 413.3371212121213 -1 0 0
851.9999999999998 405.6174242424243 -1 0 0
861.9253246753246 392.38365800865813 -1 0 0
872.9534632034631 390.17803030303037 -1 0 0
941.3279220779219 405.6174242424243 -1 0 0
954.5616883116882 418.8511904761906 -1 0 0
998.6742424242423 415.542748917749 -1 0 0
999.7770562770561 405.6174242424243 -1 0 0
987.6461038961038 408.92586580086584 -1 0 0
974.4123376623376 400.103354978355 -1 0 0
958.9729437229436 401.20616883116895 -1 0 0
1011.9080086580085 390.17803030303037 -1 0 0
997.5714285714284 387.97240259740266 -1 0 0
978.8235930735929 374.7386363636365 -1 0 0
967.7954545454545 385.766774891775 -1 0 0
961.1785714285712 382.45833333333337 -1 0 0
945.7391774891773 382.45833333333337 -1 0 0
924.7857142857142 407.823051948052 -1 0 0
928.0941558441557 392.38365800865813 -1 0 0
929.1969696969696 374.7386363636365 -1 0 0
915.9632034632033 369.2245670995672 -1 0 0
903.832251082251 362.6076839826841 -1 0 0
906.0378787878786 378.047077922078 -1 0 0
893.9069264069263 371.4301948051949 -1 0 0
861.9253246753246 376.9442640692642 -1 0 0
838.7662337662337 379.14989177489184 -1 0 0
863.0281385281384 367.0189393939395 -1 0 0
875.1590909090908 376.9442640692642 -1 0 0
996.4686147186145 359.29924242424255 -1 0 0
1013.0108225108224 382.45833333333337 -1 0 0
1016.3192640692639 340.55140692640697 -1 0 0
1007.4967532467531 336.1401515151516 -1 0 0
990.9545454545453 336.1401515151516 -1 0 0
997.5714285714284 322.9063852813854 -1 0 0
1010.8051948051946 265.56006493506504 -1 0 0
1013.0108225108224 235.784090909091 -1 0 0
1006.3939393939393 231.3728354978356 -1 0 0
1014.1136363636361 189.46590909090924 -1 0 0
997.5714285714284 277.69101731601745 -1 0 0
1003.0854978354978 293.13041125541133 -1 0 0
1013.0108225108224 300.85010822510833 -1 0 0
988.7489177489176 296.4388528138529 -1 0 0
982.1320346320346 310.775432900433 -1 0 0
995.3658008658008 312.98106060606074 -1 0 0
1010.8051948051946 320.7007575757576 -1 0 0
972.2067099567098 320.7007575757576 -1 0 0
981.0292207792206 322.9063852813854 -1 0 0
962.2813852813852 289.8219696969698 -1 0 0
964.4870129870129 251.223484848485 -1 0 0
968.8982683982682 305.26136363636374 -1 0 0
967.7954545454545 346.06547619047626 -1 0 0
938.0194805194803 308.5698051948053 -1 0 0
946.8419913419913 301.95292207792215 -1 0 0
947.944805194805 282.1022727272728 -1 0 0
944.6363636363635 243.503787878788 -1 0 0
922.5800865800863 254.53192640692652 -1 0 0
938.0194805194803 257.84036796536805 -1 0 0
944.6363636363635 274.3825757575758 -1 0 0
929.1969696969696 266.66287878787887 -1 0 0
923.6829004329003 267.7656926406927 -1 0 0
917.0660173160172 278.7938311688313 -1 0 0
922.5800865800863 285.41071428571433 -1 0 0
949.0476190476189 336.1401515151516 -1 0 0
953.4588744588743 325.1120129870131 -1 0 0
945.7391774891773 346.06547619047626 -1 0 0
971.103896103896 357.09361471861484 -1 0 0
954.5616883116882 369.2245670995672 -1 0 0
934.7110389610389 357.09361471861484 -1 0 0
939.1222943722943 332.8317099567101 -1 0 0
925.8885281385279 318.49512987013 -1 0 0
909.3463203463202 300.85010822510833 -1 0 0
929.1969696969696 293.13041125541133 -1 0 0
901.6266233766232 271.0741341991343 -1 0 0
897.2153679653679 280.999458874459 -1 0 0
895.00974025974 286.5135281385283 -1 0 0
893.9069264069263 297.5416666666668 -1 0 0
891.7012987012986 307.46699134199145 -1 0 0
913.7575757575756 317.3923160173161 -1 0 0
891.7012987012986 322.9063852813854 -1 0 0
918.168831168831 336.1401515151516 -1 0 0
915.9632034632033 347.1682900432901 -1 0 0
901.6266233766232 341.6542207792209 -1 0 0
896.112554112554 343.85984848484856 -1 0 0
896.112554112554 353.78517316017326 -1 0 0
885.0844155844154 351.57954545454555 -1 0 0
887.2900432900431 359.29924242424255 -1 0 0
867.4393939393938 354.8879870129871 -1 0 0
925.8885281385279 182.84902597402606 -1 0 0
934.7110389610389 180.6433982683984 -1 0 0
943.5335497835496 197.18560606060615 -1 0 0
960.0757575757575 188.3630952380954 -1 0 0
907.1406926406926 188.3630952380954 -1 0 0
901.6266233766232 186.1574675324676 -1 0 0
892.8041125541124 186.1574675324676 -1 0 0
900.5238095238094 229.16720779220788 -1 0 0
888.392857142857 243.503787878788 -1 0 0
887.2900432900431 262.2516233766235 -1 0 0
875.1590909090908 269.97132034632045 -1 0 0
867.4393939393938 280.999458874459 -1 0 0
865.2337662337661 293.13041125541133 -1 0 0
871.8506493506493 307.46699134199145 -1 0 0
877.3647186147184 301.95292207792215 -1 0 0
363.4534632034632 201.32115800865793 -1 0 0
408.11742424242425 200.76975108225102 -1 0 0
424.1082251082251 200.21834415584408 -1 0 0
444.51028138528136 206.28382034632028 -1 0 0
458.8468614718614 206.28382034632028 -1 0 0
393.78084415584414 204.07819264069258 -1 0 0
379.995670995671 202.9753787878787 -1 0 0
324.8549783549783 198.5641233766233 -1 0 0
349.66829004329 218.96617965367957 -1 0 0
400.94913419913416 234.40557359307354 -1 0 0
436.23917748917745 218.41477272727266 -1 0 0
446.7159090909091 226.68587662337657 -1 0 0
467.1179653679654 221.72321428571422 -1 0 0
492.482683982684 198.5641233766233 -1 0 0
517.2959956709957 192.4986471861471 -1 0 0
527.7727272727273 189.74161255411246 -1 0 0
555.3430735930735 184.77895021645014 -1 0 0
564.7169913419914 183.6761363636363 -1 0 0
572.9880952380952 183.6761363636363 -1 0 0
601.6612554112554 192.4986471861471 -1 0 0
654.5963203463203 216.7605519480519 -1 0 0
720.7651515151516 214.00351731601725 -1 0 0
727.3820346320347 204.07819264069258 -1 0 0
743.9242424242425 217.86336580086572 -1 0 0
748.8869047619048 233.30275974025966 -1 0 0
728.4848484848486 221.72321428571422 -1 0 0
763.7748917748919 217.86336580086572 -1 0 0
765.4291125541126 233.30275974025966 -1 0 0
756.0551948051949 252.60200216450212 -1 0 0
764.3262987012988 260.3216991341991 -1 0 0
709.1856060606061 242.67667748917745 -1 0 0
721.3165584415585 254.8076298701298 -1 0 0
713.5968614718615 258.1160714285714 -1 0 0
743.3728354978355 268.592803030303 -1 0 0
736.7559523809524 261.4245129870129 -1 0 0
748.8869047619048 260.3216991341991 -1 0 0
742.2700216450218 253.70481601731595 -1 0 0
763.223484848485 278.51812770562765 -1 0 0
756.0551948051949 285.13501082251076 -1 0 0
755.503787878788 271.90124458874453 -1 0 0
748.3354978354979 275.76109307359303 -1 0 0
726.2792207792209 273.00405844155836 -1 0 0
726.8306277056278 268.04139610389603 -1 0 0
731.7932900432902 264.18154761904754 -1 0 0
708.6341991341992 265.2843614718614 -1 0 0
705.3257575757576 251.49918831168827 -1 0 0
694.8490259740261 261.4245129870129 -1 0 0
692.0919913419914 255.3590367965367 -1 0 0
684.9237012987014 251.49918831168827 -1 0 0
670.5871212121212 216.7605519480519 -1 0 0
643.5681818181818 227.23728354978348 -1 0 0
632.5400432900433 224.48024891774884 -1 0 0
618.2034632034633 227.78869047619042 -1 0 0
618.2034632034633 202.9753787878787 -1 0 0
668.3814935064935 194.7042748917748 -1 0 0
644.6709956709957 199.11553030303025 -1 0 0
606.0725108225108 205.18100649350643 -1 0 0
625.9231601731601 200.76975108225102 -1 0 0
590.6331168831168 208.489448051948 -1 0 0
583.4648268398269 208.489448051948 -1 0 0
559.7543290043291 202.9753787878787 -1 0 0
567.4740259740261 219.51758658008652 -1 0 0
572.4366883116883 210.14366883116875 -1 0 0
555.8944805194806 210.14366883116875 -1 0 0
537.146645021645 215.65773809523802 -1 0 0
535.4924242424242 207.93804112554108 -1 0 0
526.6699134199134 212.9007034632034 -1 0 0
520.0530303030303 220.06899350649343 -1 0 0
520.0530303030303 223.92884199134193 -1 0 0
511.23051948051955 214.00351731601725 -1 0 0
506.81926406926414 214.00351731601725 -1 0 0
497.4453463203463 216.20914502164493 -1 0 0
488.6228354978355 216.20914502164493 -1 0 0
510.12770562770567 227.78869047619042 -1 0 0
512.3333333333333 221.72321428571422 -1 0 0
518.9502164502164 236.0597943722943 -1 0 0
528.3241341991343 237.16260822510816 -1 0 0
539.3522727272727 229.44291125541122 -1 0 0
538.8008658008658 225.58306277056272 -1 0 0
554.7916666666666 225.58306277056272 -1 0 0
548.1747835497836 229.44291125541122 -1 0 0
547.0719696969696 238.81682900432895 -1 0 0
569.6796536796537 229.99431818181813 -1 0 0
576.2965367965368 237.71401515151507 -1 0 0
586.2218614718614 238.81682900432895 -1 0 0
596.6985930735932 224.48024891774884 -1 0 0
609.9323593073593 217.86336580086572 -1 0 0
638.0541125541126 249.29356060606054 -1 0 0
623.1661255411256 249.29356060606054 -1 0 0
617.1006493506494 256.4618506493506 -1 0 0
608.8295454545455 248.74215367965363 -1 0 0
630.8858225108225 256.4618506493506 -1 0 0
645.2224025974026 255.3590367965367 -1 0 0
676.6525974025974 238.26542207792204 -1 0 0
662.3160173160173 262.52732683982674 -1 0 0
670.0357142857143 264.7329545454545 -1 0 0
689.8863636363636 270.79843073593065 -1 0 0
679.961038961039 256.4618506493506 -1 0 0
675.5497835497836 249.84496753246745 -1 0 0
640.2597402597403 241.02245670995663 -1 0 0
595.5957792207793 245.98511904761898 -1 0 0
568.5768398268398 248.74215367965363 -1 0 0
568.5768398268398 243.7794913419913 -1 0 0
566.3712121212121 235.5083874458874 -1 0 0
553.1374458874459 252.60200216450212 -1 0 0
558.1001082251082 244.88230519480513 -1 0 0
547.0719696969696 247.08793290043286 -1 0 0
540.4550865800866 239.9196428571428 -1 0 0
534.3896103896104 244.88230519480513 -1 0 0
529.426948051948 243.22808441558436 -1 0 0
520.6044372294373 243.7794913419913 -1 0 0
512.3333333333333 241.57386363636357 -1 0 0
508.4734848484848 249.29356060606054 -1 0 0
505.1650432900433 243.22808441558436 -1 0 0
507.37067099567105 233.30275974025966 -1 0 0
488.07142857142856 225.58306277056272 -1 0 0
495.23971861471864 236.0597943722943 -1 0 0
496.3425324675325 226.68587662337657 -1 0 0
484.21158008658006 238.26542207792204 -1 0 0
484.21158008658006 230.54572510822504 -1 0 0
475.38906926406935 235.5083874458874 -1 0 0
465.46374458874453 237.71401515151507 -1 0 0
463.80952380952385 231.6485389610389 -1 0 0
453.33279220779224 237.71401515151507 -1 0 0
453.8841991341992 222.82602813852807 -1 0 0
416.93993506493507 229.44291125541122 -1 0 0
427.9680735930736 239.9196428571428 -1 0 0
472.63203463203456 245.43371212121207 -1 0 0
487.52002164502164 250.3963744588744 -1 0 0
499.09956709956714 250.94778138528136 -1 0 0
511.23051948051955 257.0132575757575 -1 0 0
526.6699134199134 257.0132575757575 -1 0 0
540.4550865800866 256.4618506493506 -1 0 0
548.7261904761905 253.15340909090904 -1 0 0
537.6980519480519 249.29356060606054 -1 0 0
527.2213203463203 248.74215367965363 -1 0 0
522.2586580086579 250.94778138528136 -1 0 0
546.5205627705628 262.52732683982674 -1 0 0
561.9599567099567 258.1160714285714 -1 0 0
575.7451298701299 258.66747835497824 -1 0 0
590.6331168831168 251.49918831168827 -1 0 0
608.2781385281385 226.13446969696963 -1 0 0
639.7083333333333 264.7329545454545 -1 0 0
665.0730519480519 276.86390692640686 -1 0 0
652.3906926406927 273.5554653679653 -1 0 0
678.858225108225 275.76109307359303 -1 0 0
703.6715367965369 280.72375541125535 -1 0 0
724.6250000000001 281.8265692640692 -1 0 0
715.2510822510823 280.72375541125535 -1 0 0
719.1109307359308 271.90124458874453 -1 0 0
736.7559523809524 279.6209415584415 -1 0 0
663.4188311688313 288.44345238095235 -1 0 0
675.5497835497836 284.58360389610385 -1 0 0
647.9794372294373 287.34063852813847 -1 0 0
643.016774891775 277.4153138528138 -1 0 0
630.8858225108225 284.58360389610385 -1 0 0
614.3436147186148 273.00405844155836 -1 0 0
608.8295454545455 268.04139610389603 -1 0 0
624.8203463203464 272.45265151515144 -1 0 0
621.5119047619048 277.4153138528138 -1 0 0
616.5492424242425 287.34063852813847 -1 0 0
604.41829004329 280.1723484848484 -1 0 0
600.0070346320347 270.24702380952374 -1 0 0
593.3901515151515 273.5554653679653 -1 0 0
586.2218614718614 265.8357683982683 -1 0 0
577.3993506493507 272.45265151515144 -1 0 0
566.922619047619 266.38717532467524 -1 0 0
558.1001082251082 276.86390692640686 -1 0 0
558.1001082251082 265.8357683982683 -1 0 0
536.5952380952381 264.7329545454545 -1 0 0
518.3988095238096 262.52732683982674 -1 0 0
489.1742424242425 260.3216991341991 -1 0 0
502.40800865800867 260.3216991341991 -1 0 0
508.4734848484848 270.24702380952374 -1 0 0
496.8939393939395 266.9385822510822 -1 0 0
517.8474025974026 268.04139610389603 -1 0 0
524.4642857142858 276.31249999999994 -1 0 0
536.0438311688313 280.1723484848484 -1 0 0
543.2121212121212 281.8265692640692 -1 0 0
552.0346320346321 287.34063852813847 -1 0 0
572.9880952380952 295.06033549783547 -1 0 0
596.6985930735932 284.0321969696969 -1 0 0
585.6704545454546 281.8265692640692 -1 0 0
602.2126623376623 291.20048701298697 -1 0 0
586.7732683982683 292.3033008658008 -1 0 0
591.7359307359308 300.0229978354978 -1 0 0
608.2781385281385 297.2659632034632 -1 0 0
625.3717532467533 297.2659632034632 -1 0 0
620.409090909091 289.5462662337662 -1 0 0
635.848484848485 296.1631493506493 -1 0 0
651.2878787878788 297.2659632034632 -1 0 0
671.6899350649352 297.2659632034632 -1 0 0
698.1574675324675 293.4061147186147 -1 0 0
688.7835497835499 289.5462662337662 -1 0 0
713.5968614718615 296.1631493506493 -1 0 0
747.784090909091 287.8920454545454 -1 0 0
752.1953463203464 295.06033549783547 -1 0 0
746.681277056277 309.3969155844155 -1 0 0
758.8122294372295 308.8455086580086 -1 0 0
764.8777056277056 299.4715909090909 -1 0 0
734.5503246753248 312.7053571428571 -1 0 0
730.1390692640693 307.7426948051948 -1 0 0
725.7278138528138 303.3314393939393 -1 0 0
705.8771645021645 304.9856601731601 -1 0 0
705.8771645021645 312.7053571428571 -1 0 0
698.7088744588746 319.32224025974017 -1 0 0
688.7835497835499 312.7053571428571 -1 0 0
679.961038961039 305.537067099567 -1 0 0
680.5124458874459 311.0511363636363 -1 0 0
677.7554112554113 318.77083333333326 -1 0 0
668.9329004329004 312.7053571428571 -1 0 0
660.1103896103897 307.1912878787878 -1 0 0
651.8392857142858 308.8455086580086 -1 0 0
651.2878787878788 315.4623917748917 -1 0 0
644.1195887445888 304.9856601731601 -1 0 0
638.0541125541126 304.9856601731601 -1 0 0
636.3998917748918 311.6025432900433 -1 0 0
626.4745670995671 308.8455086580086 -1 0 0
612.689393939394 307.1912878787878 -1 0 0
588.9788961038962 311.0511363636363 -1 0 0
598.3528138528138 307.7426948051948 -1 0 0
607.7267316017316 314.9109848484848 -1 0 0
624.2689393939395 322.63068181818176 -1 0 0
614.8950216450216 317.1166125541125 -1 0 0
634.1942640692641 328.69615800865796 -1 0 0
649.0822510822511 324.83630952380946 -1 0 0
662.3160173160173 325.38771645021643 -1 0 0
670.0357142857143 329.24756493506493 -1 0 0
678.858225108225 331.4531926406926 -1 0 0
688.7835497835499 335.3130411255411 -1 0 0
704.7743506493507 328.144751082251 -1 0 0
722.9707792207793 330.35037878787875 -1 0 0
715.8024891774892 303.8828463203463 -1 0 0
740.6158008658009 320.4250541125541 -1 0 0
748.8869047619048 323.73349567099564 -1 0 0
761.5692640692641 325.38771645021643 -1 0 0
761.0178571428571 339.1728896103896 -1 0 0
754.400974025974 335.3130411255411 -1 0 0
742.2700216450218 340.2757034632034 -1 0 0
735.6531385281387 329.24756493506493 -1 0 0
746.1298701298703 331.4531926406926 -1 0 0
762.672077922078 350.75243506493507 -1 0 0
753.2981601731603 345.78977272727263 -1 0 0
758.8122294372295 367.2946428571428 -1 0 0
746.1298701298703 361.22916666666663 -1 0 0
716.9053030303031 345.78977272727263 -1 0 0
711.3912337662338 346.8925865800866 -1 0 0
706.9799783549785 355.7150974025974 -1 0 0
703.12012987013 347.4439935064935 -1 0 0
696.5032467532469 339.1728896103896 -1 0 0
688.2321428571429 347.9954004329004 -1 0 0
684.3722943722944 358.47213203463207 -1 0 0
706.9799783549785 362.8833874458874 -1 0 0
722.9707792207793 370.60308441558436 -1 0 0
731.2418831168832 354.61228354978357 -1 0 0
745.0270562770563 389.3509199134199 -1 0 0
741.7186147186148 371.70589826839824 -1 0 0
761.0178571428571 403.13609307359303 -1 0 0
727.3820346320347 389.90232683982686 -1 0 0
670.5871212121212 363.98620129870125 -1 0 0
667.8300865800867 343.584145021645 -1 0 0
655.6991341991343 331.4531926406926 -1 0 0
649.0822510822511 340.8271103896103 -1 0 0
640.2597402597403 357.36931818181813 -1 0 0
632.5400432900433 343.584145021645 -1 0 0
624.8203463203464 339.1728896103896 -1 0 0
611.0351731601733 328.69615800865796 -1 0 0
606.6239177489178 324.83630952380946 -1 0 0
585.1190476190477 328.69615800865796 -1 0 0
581.2591991341992 320.4250541125541 -1 0 0
569.6796536796537 318.21942640692635 -1 0 0
572.9880952380952 311.6025432900433 -1 0 0
555.3430735930735 320.4250541125541 -1 0 0
543.763528138528 389.90232683982686 -1 0 0
525.0156926406927 392.1079545454545 -1 0 0
531.0811688311688 377.7713744588744 -1 0 0
542.1093073593074 359.5749458874458 -1 0 0
522.2586580086579 352.40665584415575 -1 0 0
519.5016233766233 366.74323593073586 -1 0 0
510.67911255411263 373.9115259740259 -1 0 0
509.5762987012987 382.73403679653677 -1 0 0
499.09956709956714 381.6312229437229 -1 0 0
495.79112554112555 388.248106060606 -1 0 0
505.1650432900433 425.19237012987014 -1 0 0
425.211038961039 397.89772727272737 -1 0 0
418.5941558441559 384.66396103896113 -1 0 0
478.1461038961039 395.69209956709966 -1 0 0
316.0324675324675 370.05167748917745 -1 0 0
336.43452380952374 352.40665584415575 -1 0 0
295.6304112554112 348.5468073593073 -1 0 0
319.34090909090907 328.144751082251 -1 0 0
324.8549783549783 312.7053571428571 -1 0 0
329.26623376623377 299.4715909090909 -1 0 0
338.6401515151515 297.8173701298701 -1 0 0
347.4626623376623 295.6117424242424 -1 0 0
351.8739177489177 291.7518939393939 -1 0 0
341.94859307359303 309.3969155844155 -1 0 0
332.5746753246753 322.63068181818176 -1 0 0
339.7429653679653 322.63068181818176 -1 0 0
427.41666666666663 313.256764069264 -1 0 0
404.25757575757575 270.79843073593065 -1 0 0
409.771645021645 289.5462662337662 -1 0 0
407.56601731601734 280.72375541125535 -1 0 0
419.1455627705628 275.76109307359303 -1 0 0
426.8652597402597 281.2751623376623 -1 0 0
454.435606060606 306.6398809523809 -1 0 0
446.1645021645022 299.4715909090909 -1 0 0
436.23917748917745 288.44345238095235 -1 0 0
434.03354978354974 275.76109307359303 -1 0 0
435.1363636363636 265.8357683982683 -1 0 0
444.51028138528136 272.45265151515144 -1 0 0
459.94967532467535 270.24702380952374 -1 0 0
454.435606060606 277.4153138528138 -1 0 0
442.8560606060606 284.58360389610385 -1 0 0
458.8468614718614 291.20048701298697 -1 0 0
465.46374458874453 305.537067099567 -1 0 0
486.4172077922079 306.6398809523809 -1 0 0
477.594696969697 311.0511363636363 -1 0 0
462.155303030303 326.49053030303025 -1 0 0
450.5757575757576 367.2946428571428 -1 0 0
470.4264069264069 366.19182900432895 -1 0 0
475.94047619047615 376.66856060606057 -1 0 0
492.482683982684 375.0143398268398 -1 0 0
495.23971861471864 358.47213203463207 -1 0 0
510.67911255411263 401.48187229437224 -1 0 0
452.78138528138527 386.04247835497836 -1 0 0
426.8652597402597 372.8087121212121 -1 0 0
390.4724025974026 368.9488636363636 -1 0 0
359.0422077922077 366.19182900432895 -1 0 0
371.72456709956714 358.47213203463207 -1 0 0
295.6304112554112 330.35037878787875 -1 0 0
282.396645021645 327.59334415584414 -1 0 0
289.564935064935 315.4623917748917 -1 0 0
272.4713203463203 313.256764069264 -1 0 0
262.54599567099564 326.49053030303025 -1 0 0
276.8825757575757 301.1258116883116 -1 0 0
277.9853896103896 306.6398809523809 -1 0 0
289.0135281385281 301.6772186147185 -1 0 0
297.8360389610389 297.2659632034632 -1 0 0
309.41558441558436 303.3314393939393 -1 0 0
302.79870129870125 319.32224025974017 -1 0 0
314.3782467532467 314.9109848484848 -1 0 0
319.892316017316 297.2659632034632 -1 0 0
332.0232683982683 286.23782467532465 -1 0 0
335.8831168831168 282.37797619047615 -1 0 0
345.80844155844153 280.1723484848484 -1 0 0
354.63095238095235 266.38717532467524 -1 0 0
354.63095238095235 279.6209415584415 -1 0 0
368.41612554112555 291.20048701298697 -1 0 0
362.3506493506493 278.51812770562765 -1 0 0
362.9020562770562 286.23782467532465 -1 0 0
380.54707792207785 284.0321969696969 -1 0 0
366.2104978354978 269.1442099567099 -1 0 0
329.8176406926407 274.65827922077915 -1 0 0
321.54653679653677 279.6209415584415 -1 0 0
309.41558441558436 274.65827922077915 -1 0 0
391.02380952380946 277.4153138528138 -1 0 0
374.4816017316017 268.04139610389603 -1 0 0
383.85551948051943 252.60200216450212 -1 0 0
378.89285714285717 258.1160714285714 -1 0 0
414.18290043290045 260.3216991341991 -1 0 0
428.51948051948057 259.2188852813852 -1 0 0
426.3138528138528 252.60200216450212 -1 0 0
461.05248917748924 260.3216991341991 -1 0 0
451.1271645021644 260.3216991341991 -1 0 0
471.52922077922085 260.3216991341991 -1 0 0
473.7348484848485 272.45265151515144 -1 0 0
484.21158008658006 275.76109307359303 -1 0 0
484.21158008658006 287.8920454545454 -1 0 0
470.4264069264069 297.2659632034632 -1 0 0
475.94047619047615 287.8920454545454 -1 0 0
469.32359307359303 284.58360389610385 -1 0 0
463.80952380952385 279.6209415584415 -1 0 0
495.79112554112555 303.3314393939393 -1 0 0
496.8939393939395 292.3033008658008 -1 0 0
496.8939393939395 284.0321969696969 -1 0 0
493.034090909091 276.31249999999994 -1 0 0
484.762987012987 295.6117424242424 -1 0 0
525.5670995670996 318.77083333333326 -1 0 0
537.6980519480519 320.4250541125541 -1 0 0
521.1558441558442 307.1912878787878 -1 0 0
515.6417748917748 301.6772186147185 -1 0 0
505.7164502164502 297.2659632034632 -1 0 0
518.9502164502164 291.20048701298697 -1 0 0
510.67911255411263 283.48079004328997 -1 0 0
520.6044372294373 281.8265692640692 -1 0 0
529.9783549783549 293.9575216450216 -1 0 0
537.146645021645 291.20048701298697 -1 0 0
549.2775974025974 303.3314393939393 -1 0 0
538.2494588744589 307.7426948051948 -1 0 0
526.1185064935064 301.1258116883116 -1 0 0
559.7543290043291 301.6772186147185 -1 0 0
467.1179653679654 251.49918831168827 -1 0 0
459.3982683982684 247.63933982683977 -1 0 0
444.51028138528136 253.15340909090904 -1 0 0
443.4074675324676 246.5365259740259 -1 0 0
436.23917748917745 243.7794913419913 -1 0 0
436.23917748917745 235.5083874458874 -1 0 0
413.0800865800866 250.3963744588744 -1 0 0
404.25757575757575 258.1160714285714 -1 0 0
403.70616883116884 249.84496753246745 -1 0 0
400.3977272727273 242.67667748917745 -1 0 0
396.5378787878788 250.94778138528136 -1 0 0
391.02380952380946 256.4618506493506 -1 0 0
402.60335497835496 377.7713744588744 -1 0 0
418.5941558441558 358.47213203463207 -1 0 0
402.60335497835496 362.33198051948045 -1 0 0
392.6780303030303 353.50946969696963 -1 0 0
268.6114718614718 301.1258116883116 -1 0 0
281.8452380952381 291.20048701298697 -1 0 0
274.676948051948 280.1723484848484 -1 0 0
264.75162337662334 283.48079004328997 -1 0 0
286.8079004329004 264.18154761904754 -1 0 0
286.8079004329004 278.51812770562765 -1 0 0
300.04166666666663 282.37797619047615 -1 0 0
291.2191558441558 291.20048701298697 -1 0 0
302.79870129870125 264.18154761904754 -1 0 0
307.7613636363636 260.3216991341991 -1 0 0
321.54653679653677 261.4245129870129 -1 0 0
317.13528138528136 252.60200216450212 -1 0 0
333.6774891774892 252.60200216450212 -1 0 0
327.060606060606 253.15340909090904 -1 0 0
343.6028138528138 250.3963744588744 -1 0 0
354.0795454545455 252.60200216450212 -1 0 0
362.3506493506493 251.49918831168827 -1 0 0
358.49080086580085 239.36823593073586 -1 0 0
368.96753246753246 231.09713203463198 -1 0 0
367.31331168831167 224.48024891774884 -1 0 0
355.7337662337662 230.54572510822504 -1 0 0
340.8457792207792 224.48024891774884 -1 0 0
298.9388528138528 193.05005411255402 -1 0 0
282.9480519480519 188.6387987012986 -1 0 0
272.4713203463203 188.6387987012986 -1 0 0
261.44318181818176 184.77895021645014 -1 0 0
305.55573593073586 204.62959956709952 -1 0 0
318.7895021645021 200.76975108225102 -1 0 0
302.79870129870125 212.9007034632034 -1 0 0
318.2380952380952 218.41477272727266 -1 0 0
293.9761904761904 229.99431818181813 -1 0 0
276.3311688311688 223.37743506493499 -1 0 0
257.03192640692635 220.6204004329004 -1 0 0
260.34036796536793 239.36823593073586 -1 0 0
278.5367965367965 241.02245670995663 -1 0 0
287.9107142857142 238.81682900432895 -1 0 0
311.06980519480516 226.68587662337657 -1 0 0
319.892316017316 231.09713203463198 -1 0 0
345.25703463203456 234.95698051948045 -1 0 0
324.3035714285714 241.02245670995663 -1 0 0
332.5746753246753 236.0597943722943 -1 0 0
304.45292207792204 237.16260822510816 -1 0 0
416.93993506493507 265.8357683982683 -1 0 0
293.97619047619054 246.81222943722952 -1 0 0
301.69588744588754 247.91504329004343 -1 0 0
269.7142857142858 242.40097402597416 -1 0 0
261.9945887445888 231.3728354978356 -1 0 0
232.2186147186148 222.5503246753248 -1 0 0
237.73268398268408 219.24188311688323 -1 0 0
225.6017316017317 204.90530303030314 -1 0 0
216.77922077922088 192.77435064935077 -1 0 0
92.16125541125555 72.56764069264082 -1 0 0
85.54437229437247 68.15638528138545 -1 0 0
88.85281385281401 73.67045454545465 -1 0 0
83.33874458874473 69.25919913419928 -1 0 0
78.92748917748929 72.56764069264082 -1 0 0
73.41341991342009 72.56764069264082 -1 0 0
67.89935064935082 72.56764069264082 -1 0 0
62.385281385281544 72.56764069264082 -1 0 0
59.07683982684 73.67045454545465 -1 0 0
54.66558441558455 72.56764069264082 -1 0 0
44.7402597402599 72.56764069264082 -1 0 0
41.43181818181836 68.15638528138545 -1 0 0
38.12337662337681 75.87608225108238 -1 0 0
30.40367965367981 72.56764069264082 -1 0 0
23.786796536796714 72.56764069264082 -1 0 0
30.40367965367981 115.5773809523811 -1 0 0
24.88961038961054 112.26893939393949 -1 0 0
19.375541125541304 113.37175324675339 -1 0 0
11.655844155844306 108.96049783549793 -1 0 0
169.3582251082252 144.25054112554122 -1 0 0
152.8160173160174 147.55898268398278 -1 0 0
141.78787878787892 146.45616883116895 -1 0 0
132.9653679653681 146.45616883116895 -1 0 0
120.83441558441575 147.55898268398278 -1 0 0
113.11471861471875 147.55898268398278 -1 0 0
103.18939393939411 151.97023809523822 -1 0 0
97.67532467532483 149.76461038961048 -1 0 0
88.85281385281401 149.76461038961048 -1 0 0
78.92748917748929 151.97023809523822 -1 0 0
73.41341991342009 161.89556277056286 -1 0 0
62.385281385281544 153.07305194805213 -1 0 0
56.871212121212274 153.07305194805213 -1 0 0
52.4599567099569 160.79274891774904 -1 0 0
48.04870129870145 167.4096320346322 -1 0 0
31.506493506493634 166.3068181818183 -1 0 0
29.300865800865985 162.99837662337677 -1 0 0
22.68398268398285 165.20400432900442 -1 0 0
6.141774891775071 161.89556277056286 -1 0 0
51.357142857143 177.33495670995686 -1 0 0
42.53463203463218 190.56872294372306 -1 0 0
37.020562770562904 177.33495670995686 -1 0 0
84.44155844155856 181.74621212121224 -1 0 0
118.62878787878802 180.6433982683984 -1 0 0
129.65692640692657 181.74621212121224 -1 0 0
37.020562770562904 198.28841991342006 -1 0 0
73.41341991342009 201.5968614718616 -1 0 0
67.89935064935082 186.1574675324676 -1 0 0
53.56277056277072 190.56872294372306 -1 0 0
87.75000000000011 211.52218614718623 -1 0 0
107.60064935064948 204.90530303030314 -1 0 0
120.83441558441575 217.03625541125552 -1 0 0
99.88095238095255 219.24188311688323 -1 0 0
93.26406926406938 200.4940476190477 -1 0 0
110.90909090909102 182.84902597402606 -1 0 0
143.99350649350666 188.3630952380954 -1 0 0
126.34848484848501 192.77435064935077 -1 0 0
129.65692640692657 201.5968614718616 -1 0 0
140.68506493506504 203.80248917748924 -1 0 0
167.1525974025975 196.08279220779232 -1 0 0
177.0779220779222 193.8771645021646 -1 0 0
195.82575757575768 193.8771645021646 -1 0 0
207.95670995671006 189.46590909090924 -1 0 0
244.34956709956717 182.84902597402606 -1 0 0
162.74134199134213 211.52218614718623 -1 0 0
147.30194805194822 221.44751082251088 -1 0 0
128.55411255411266 223.6531385281387 -1 0 0
145.09632034632048 246.81222943722952 -1 0 0
135.17099567099584 242.40097402597416 -1 0 0
127.45129870129884 236.88690476190487 -1 0 0
113.11471861471875 235.784090909091 -1 0 0
175.97510822510833 224.75595238095252 -1 0 0
167.1525974025975 226.96158008658023 -1 0 0
191.08406314273276 213.6318799012052 -1 0 0
216.87126971462635 217.55602003171072 -1 0 0
222.4771841867771 234.37376344816306 -1 0 0
207.90180655918508 232.13139765930273 -1 0 0
198.3717519565288 247.8279581813249 -1 0 0
232.5678302366485 246.14618383967968 -1 0 0
237.05256181436908 238.29790357866864 -1 0 0
82.08414696155666 288.2821369960019 -1 0 0
110.57216910753301 270.4239738597182 -1 0 0
42.96626580588759 280.2034441486355 -1 0 0
62.950400744109835 274.6759174635953 -1 0 0
138.6349968931217 282.329415950574 -1 0 0
173.50093444491364 273.4003343824322 -1 0 0
164.99704723715953 258.94372612925014 -1 0 0
179.8788498507293 251.71542200265912 -1 0 0
178.17807240917847 214.29831828854088 -1 0 0
131.40669276653065 209.6211803242761 -1 0 0
152.666410785916 251.71542200265912 -1 0 0
196.03623554546212 225.35337165862126 -1 0 0
189.2331257792588 224.92817729823355 -1 0 0
189.2331257792588 236.83361938908936 -1 0 0
230.05178437647874 213.02273520737776 -1 0 0
218.9967310063983 226.6289547397844 -1 0 0
250.88630803547636 240.66036863257875 -1 0 0
241.1068377465591 247.46347839878206 -1 0 0
214.31959304213356 245.76270095723117 -1 0 0
208.36687199670564 258.51853176886243 -1 0 0
199.01259606817612 263.6208640935149 -1 0 0
186.6819596169326 268.29800205777974 -1 0 0
190.08351450003425 282.329415950574 -1 0 0
204.965317113604 276.3766949051461 -1 0 0
203.26453967205316 272.54994566165675 -1 0 0
212.193621240195 269.5735851389428 -1 0 0
219.84711972717378 263.6208640935149 -1 0 0
225.3746464122139 250.0146445611083 -1 0 0
238.55567158423287 252.56581072343454 -1 0 0
248.3351418731501 251.71542200265912 -1 0 0
254.287862918578 250.0146445611083 -1 0 0
257.68941780167967 253.84139380459766 -1 0 0
263.21694448671985 247.88867275916974 -1 0 0
315.9410451747956 238.5343968306402 -1 0 0
340.1771237168949 239.80997991180334 -1 0 0
352.932954528526 245.76270095723117 -1 0 0
365.68878534015727 240.66036863257875 -1 0 0
380.9957823141147 238.1092024702525 -1 0 0
387.79889208031807 238.95959119102787 -1 0 0
382.69655975566553 220.6762336943565 -1 0 0
392.47603004458284 230.88089834366147 -1 0 0
370.3659233044221 255.54217124614848 -1 0 0
345.27945604154735 264.4712528142903 -1 0 0
339.3267349961194 266.59722461622886 -1 0 0
349.1062052850367 257.668143048087 -1 0 0
308.2875466878168 249.58945020072056 -1 0 0
297.2324933177364 255.96736560653622 -1 0 0
281.0751076230036 248.73906147994518 -1 0 0
274.69719221718793 256.8177543273116 -1 0 0
267.8940824509846 251.71542200265912 -1 0 0
247.059558791987 262.3452810123518 -1 0 0
256.8390290809042 263.6208640935149 -1 0 0
264.492527567883 264.4712528142903 -1 0 0
275.5475809379634 265.74683589545344 -1 0 0
296.382104596961 271.27436258049363 -1 0 0
381.8461710348902 267.44761333700427 -1 0 0
370.79111766480975 280.2034441486355 -1 0 0
249.61072495431327 326.12443507050784 -1 0 0
237.28008850306975 332.07715611593574 -1 0 0
220.27231408756148 316.7701591419783 -1 0 0
196.46142990584985 311.2426324569381 -1 0 0
204.54012275321634 312.94340989848894 -1 0 0
175.6269062468522 304.4395226907348 -1 0 0
153.94199386707916 312.94340989848894 -1 0 0
165.84743595793495 295.9356354829807 -1 0 0
156.91835438979308 288.2821369960019 -1 0 0
154.79238258785458 279.3530554278601 -1 0 0
153.51679950669143 271.6995569408814 -1 0 0
128.8555266042044 275.5263061843707 -1 0 0
183.28040473383095 270.4239738597182 -1 0 0
236.4296997822943 269.5735851389428 -1 0 0
226.65022949337708 258.51853176886243 -1 0 0
237.7052828634574 288.2821369960019 -1 0 0
221.5478971687246 291.68369187910355 -1 0 0
216.44556484407207 283.6049990317372 -1 0 0
204.1149283928286 295.51044112259297 -1 0 0
218.57153664601066 302.31355088879627 -1 0 0
229.20139565570327 311.2426324569381 -1 0 0
230.05178437647874 315.9197704212029 -1 0 0
227.07542385376473 298.06160728491915 -1 0 0
230.05178437647874 291.68369187910355 -1 0 0
243.2328095484976 300.1875790868577 -1 0 0
247.48475315237468 287.43174827522654 -1 0 0
257.26422344129196 289.9829144375527 -1 0 0
252.5870854770272 303.1639396095717 -1 0 0
257.68941780167967 312.09302117771347 -1 0 0
262.3665557659444 295.51044112259297 -1 0 0
284.05146814571754 284.03019339212483 -1 0 0
264.9177219282707 256.8177543273116 -1 0 0
136.93421945157087 264.4712528142903 -1 0 0
122.47761119838884 243.6367291552927 -1 0 0
333.7992083110792 216.42429009047942 -1 0 0
335.0747913922424 226.20376037939673 -1 0 0
327.8464872656514 227.05414910017208 -1 0 0
286.17743994765607 210.04637468466382 -1 0 0
203.26453967205316 253.41619944420995 -1 0 0
234.42424242424252 192.77435064935077 -1 0 0
773.121771133745 185.75989958127474 -1 0 0
795.0620376684994 186.965408731536 -1 0 0
805.1883145306939 187.929816051745 -1 0 0
876.7955580562113 189.37642703205847 -1 0 0
869.3214013245916 189.13532520200624 -1 0 0
827.610784725553 256.1616339565309 -1 0 0
820.8599334840899 233.25696010156744 -1 0 0
805.4294163607461 271.833252909927 -1 0 0
797.9552596291265 250.13408820522477 -1 0 0
787.8289827669321 262.43028153788936 -1 0 0
791.4455102177159 255.67943029642646 -1 0 0
777.7027059047377 283.1650389223826 -1 0 0
794.0976303482905 280.9951224519124 -1 0 0
801.5717870799101 298.3544542156742 -1 0 0
790.2400010674546 306.0697127773461 -1 0 0
772.6395674736406 304.3819999669804 -1 0 0
787.8289827669321 294.0146212747337 -1 0 0
767.0942253824388 285.8171590529573 -1 0 0
771.6751601534315 272.07435473997924 -1 0 0
802.7772962301715 288.7103810135843 -1 0 0
809.0459438115299 293.291315784577 -1 0 0
814.3501840726792 301.72987983640564 -1 0 0
810.4925547918434 313.06166584886125 -1 0 0
825.1997664250304 307.27522192760733 -1 0 0
833.638330476859 311.85615669860005 -1 0 0
832.1917194965456 301.72987983640564 -1 0 0
847.6222366198895 301.00657434624895 -1 0 0
851.9620695608298 293.291315784577 -1 0 0
864.7404665535989 301.72987983640564 -1 0 0
864.0171610634422 264.1179943482551 -1 0 0
872.455725115271 253.268411995904 -1 0 0
848.1044402799939 267.2523181389343 -1 0 0
851.7209677307776 257.3671431067922 -1 0 0
836.0493487773816 271.3510492498225 -1 0 0
817.2434060333063 273.76206755034497 -1 0 0
825.1997664250304 283.64724258248714 -1 0 0
817.4845078633585 259.5370595772624 -1 0 0
789.7577974073502 221.68407225905958 -1 0 0
844.0276834953268 257.8544501202417 -1 0 0
880.8936973121828 288.7297366918586 -1 0 0
916.8380607836175 294.72046393709763 -1 0 0
949.0958228733664 294.259638764387 -1 0 0
968.9113052999264 273.98333116511617 -1 0 0
1001.6298925623861 277.2091073740911 -1 0 0
972.1370815089014 193.33892594074374 -1 0 0
881.3545224848936 313.61429601823636 -1 0 0
849.0967603951445 286.4256108283051 -1 0 0
836.6544807319557 281.35653392848735 -1 0 0
731.1255161812055 293.33798841896555 -1 0 0
691.4945513280852 298.867890491494 -1 0 0
695.6419778824816 308.5452191184187 -1 0 0
724.213138590545 245.87299562976352 -1 0 0
718.2224113453059 335.27307913563925 -1 0 0
625.1357264577446 237.5781425209709 -1 0 0
654.6285375112293 247.2554711478956 -1 0 0
663.3842157927326 253.7070235658454 -1 0 0
673.0615444196574 258.77610046566303 -1 0 0
818.9155844155844 193.8771645021646 -1 0 0
831.0465367965367 188.3630952380954 -1 0 0
840.9718614718614 188.3630952380954 -1 0 0
855.3084415584415 185.05465367965385 -1 0 0
780.2823767169223 392.14915026825963 -1 0 0
772.5469273616006 382.8269420708208 -1 0 0
769.9684442431601 360.2156285706499 -1 0 0
784.2492738222154 368.1494227812362 -1 0 0
796.3483099933594 376.08321699182244 -1 0 0
797.9350688354767 368.3477676365008 -1 0 0
820.1496926251182 372.90969930758797 -1 0 0
822.5298308882941 365.96762937332494 -1 0 0
831.0586596646745 362.9924565443551 -1 0 0
818.3645889277363 360.01728371538525 -1 0 0
829.6702456778218 353.0752137811222 -1 0 0
828.4801765462339 340.57948789944885 -1 0 0
816.7778300856191 336.2159010836264 -1 0 0
819.157968348795 332.2490039783333 -1 0 0
804.8771387697398 337.60431507047906 -1 0 0
795.3565857170362 331.6539694125393 -1 0 0
785.637687809068 325.10858918880564 -1 0 0
778.8939627300697 320.7450023729832 -1 0 0
769.7700993878955 314.19962214924954 -1 0 0
905.0412906783913 420.11577486057627 -1 0 0
901.4710832836274 396.9094267946114 -1 0 0
912.5783951784483 394.1325988209062 -1 0 0
886.198529428249 397.30611650514066 -1 0 0
871.9176998491937 336.4142459388911 -1 0 0
856.0501114280211 335.22417680730314 -1 0 0
852.083214322728 346.3314887021239 -1 0 0
849.3063863490229 339.38941876786095 -1 0 0
840.3808678621132 344.14969529421273 -1 0 0
846.7279032305823 358.43052487326804 -1 0 0
848.1163172174349 396.71108193934674 -1 0 0
816.5794852303544 395.91770251828814 -1 0 0
801.3069313749759 399.6862547683166 -1 0 0
840.1825230068486 322.7284509256298 -1 0 0
934.3963292575605 333.4390731099212 -1 0 0
817.372864651413 324.11686491248236 -1 0 0
805.4721733355337 350.29838580741705 -1 0 0
787.0261017959206 356.24873146535674 -1 0 0
797.9350688354767 358.0338351627387 -1 0 0
786.4310672301267 345.73645413632994 -1 0 0
774.3320310589826 337.0092805046851 -1 0 0
758.8707958707956 196.78321678321677 -1 0 0
751.7099567099565 199.85214785214777 -1 0 0
758.8707958707956 207.01298701298697 -1 0 0
765.0086580086578 203.9440559440559 -1 0 0
765.0086580086578 197.80619380619373 -1 0 0
774.2154512154511 201.89810189810183 -1 0 0
774.2154512154511 197.80619380619373 -1 0 0
784.4452214452213 193.7142857142856 -1 0 0
780.3533133533133 201.89810189810183 -1 0 0
789.5601065601064 202.92107892107884 -1 0 0
794.6749916749915 197.80619380619373 -1 0 0
798.7668997668995 202.92107892107884 -1 0 0
802.8588078588077 211.10489510489506 -1 0 0
803.8817848817848 217.24275724275714 -1 0 0
815.134532134532 219.2887112887112 -1 0 0
816.1575091575089 209.058941058941 -1 0 0
946.0755910755909 151.77222777222778 -1 0 0
928.6849816849815 151.77222777222778 -1 0 0
966.5351315351314 168.13986013986005 -1 0 0
964.4891774891773 166.09390609390599 -1 0 0
947.098568098568 181.43856143856138 -1 0 0
