199.22179781003305 487.01400560224096 -1 0 0
35.89712248535772 134.18283677107206 -1 0 0
38.3906289788642 111.74127832951362 -1 0 0
9.715304303539526 96.78023936847461 -1 0 0
73.2997198879551 8.26075884899411 -1 0 0
129.40361599185124 16.988031576266888 -1 0 0
214.18283677107206 110.49452508276033 -1 0 0
259.0659536541889 8.26075884899411 -1 0 0
759.014005602241 174.07894066717597 -1 0 0
630.5984211866564 137.9230965113318 -1 0 0
589.4555640437994 166.59842118665648 -1 0 0
624.3646549528902 399.7412783295137 -1 0 0
674.23478482302 539.3776419658774 -1 0 0
423.63738222561744 583.014005602241 -1 0 0
82.35084267820845 611.0464948521214 -1 0 0
