31.985739750445717 532.349376114082 -1 0 0
44.30659536541897 454.3172905525847 -1 0 0
249.65418894830665 500.8627450980393 -1 0 0
342.0606060606061 495.38680926916226 -1 0 0
316.7344028520499 387.2370766488413 -1 0 0
842.4242424242425 414.61675579322633 -1 0 0
973.1622103386808 627.49376114082 -1 0 0
97.69696969696979 151.08734402852053 -1 0 0
228.43493761140823 169.56862745098047 -1 0 0
480.32798573975043 143.55793226381468 -1 0 0
62.959001782531224 85.54723707664883 -1 0 0
428.5632798573975 56.71301247771837 -1 0 0
479.04456327985736 143.1301247771836 -1 0 0
999.6007130124777 385.0980392156864 -1 0 0
1020.7130124777183 253.48306595365426 -1 0 0
511.64349376114086 60.905525846702275 -1 0 0
585.5686274509803 65.69696969696969 -1 0 0
705.0124777183602 64.67023172905526 -1 0 0
946.723707664884 64.41354723707667 -1 0 0
977.5258467023172 43.536541889483075 -1 0 0
953.2263814616755 39.087344028520505 -1 0 0
883.2370766488413 29.846702317290585 -1 0 0
770.8092691622102 39.25846702317292 -1 0 0
688.1089106971459 53.22379581203118 -1 0 0
678.9021174903528 29.69532428355959 -1 0 0
758.6943252825605 11.281737869973215 -1 0 0
796.5444751327104 26.62639321462855 -1 0 0
