-149.69679579148735 434.1080822572932 -1 0 0
6.400765184122386 705.0934481109517 -1 0 0
553.366618842659 566.4788139646101 -1 0 0
485.9324725011956 466.57637494022 -1 0 0
306.1080822572931 330.45930176948826 -1 0 0
262.4007651841224 322.96661884265905 -1 0 0
256.156862745098 264.2739359158298 -1 0 0
238.67393591582967 221.81539933046383 -1 0 0
106.30320420851264 148.13735054997602 -1 0 0
106.30320420851264 124.41052128168339 -1 0 0
132.52759445241514 99.43491152558587 -1 0 0
92.566618842659 83.20076518412237 -1 0 0
82.57637494022 118.16661884265896 -1 0 0
47.610521281683404 113.17149689143943 -1 0 0
28.87881396461022 100.68369201339074 -1 0 0
146.2641798182687 63.22027737924437 -1 0 0
209.95198469631748 136.89832615973216 -1 0 0
378.53735054997605 144.39100908656144 -1 0 0
388.52759445241514 218.06905786704922 -1 0 0
413.50320420851267 125.65930176948827 -1 0 0
499.6690578670492 94.43978957436633 -1 0 0
513.4056432329029 43.239789574366384 -1 0 0
552.1178383548541 70.71296030607368 -1 0 0
540.8788139646102 193.0934481109517 -1 0 0
562.1080822572931 181.85442372070776 -1 0 0
693.2300334768053 199.33735054997612 -1 0 0
741.9324725011957 219.3178383548541 -1 0 0
838.0885700621712 246.79100908656144 -1 0 0
681.9910090865615 110.67393591582967 -1 0 0
701.9714968914395 59.47393591582973 -1 0 0
728.1958871353419 48.23491152558577 -1 0 0
794.3812529890006 49.48369201339066 -1 0 0
808.117838354854 60.72271640363461 -1 0 0
801.8739359158296 99.43491152558587 -1 0 0
861.8153993304637 55.72759445241508 -1 0 0
849.3275944524152 28.254423720707777 -1 0 0
848.0788139646103 9.522716403634666 -1 0 0
866.8105212816832 5.776374940220015 -1 0 0
900.5275944524151 14.517838354854058 -1 0 0
894.2836920133907 32.000765184122436 -1 0 0
891.7861310377809 119.41539933046387 -1 0 0
960.4690578670493 130.6544237207078 -1 0 0
962.966618842659 195.59100908656146 -1 0 0
904.2739359158297 206.83003347680534 -1 0 0
900.5275944524151 181.85442372070776 -1 0 0
949.2300334768053 84.44954567192725 -1 0 0
882.8859597350647 37.293986490917455 -1 0 0
