275.20586455998017 570.9300024910144 -1 0 0
121.8846304401979 715.8882602042632 -1 0 0
286.35649976869155 492.8755560300345 -1 0 0
417.376463471051 427.36557417885484 -1 0 0
453.6160278993631 396.70132735489835 -1 0 0
562.3347211842997 502.63236183765696 -1 0 0
928.911853670688 720.0697484075299 -1 0 0
417.376463471051 271.25668125689475 -1 0 0
502.4000569374756 343.7358101135191 -1 0 0
475.91729831678595 286.588804668873 -1 0 0
526.0951567559874 318.6468808939183 -1 0 0
507.97537454183134 267.07519305362797 -1 0 0
531.6704743603432 247.56158143838297 -1 0 0
586.0298210028113 343.7358101135191 -1 0 0
671.0534144692361 267.07519305362797 -1 0 0
675.2349026725028 205.7466994057151 -1 0 0
811.8301839792181 257.31838724600544 -1 0 0
838.3129425999078 285.194975267784 -1 0 0
874.5525070282198 255.9245578449165 -1 0 0
903.8229244510875 289.37646347105084 -1 0 0
986.0588591153343 264.2875342514501 -1 0 0
994.4218355218676 240.59243443293835 -1 0 0
995.8156649229568 215.50350521333758 -1 0 0
979.0897121098897 219.68499341660439 -1 0 0
948.4254652859331 195.98989359809252 -1 0 0
889.8846304401981 172.29479377958077 -1 0 0
282.1750115654247 248.95541083947194 -1 0 0
262.66139995017977 180.65777018611442 -1 0 0
305.8701113839366 186.2330877904701 -1 0 0
381.1368990427388 211.3220170100708 -1 0 0
365.8047756307606 186.2330877904701 -1 0 0
404.83199886125055 189.02074659264798 -1 0 0
442.4653926906517 191.80840539482583 -1 0 0
459.1913455037188 176.47628198284755 -1 0 0
481.4926159211418 170.90096437849184 -1 0 0
531.6704743603432 218.29116401551545 -1 0 0
560.9408917832106 191.80840539482583 -1 0 0
541.4272801679657 144.41820575780216 -1 0 0
520.5198391516317 144.41820575780216 -1 0 0
567.9100387886554 147.20586455998 -1 0 0
594.3927974093449 197.38372299918154 -1 0 0
587.4236504039004 168.113305576314 -1 0 0
609.7249208213232 127.69225294473503 -1 0 0
647.3583146507243 129.08608234582397 -1 0 0
682.2040496779475 143.0243763567133 -1 0 0
672.447243870325 134.66139995017966 -1 0 0
715.655955304082 151.38735276324684 -1 0 0
753.289349133483 131.8737411480018 -1 0 0
782.5597665563505 120.72310593929035 -1 0 0
814.6178427813958 169.50713497740293 -1 0 0
797.8918899683287 169.50713497740293 -1 0 0
842.4944308031744 147.20586455998 -1 0 0
870.3710188249529 127.69225294473503 -1 0 0
927.5180242695991 78.90822390662252 -1 0 0
965.1514180990002 59.39461229137754 -1 0 0
983.2712003131562 73.3329063022668 -1 0 0
984.6650297142454 108.17864132949006 -1 0 0
207.89551973239392 80.82473933311982 -1 0 0
190.9953382441907 70.02256147468061 -1 0 0
201.79751610262988 66.01530194654995 -1 0 0
195.8737411480019 70.71947617522508 -1 0 0
195.8737411480019 64.27301519518879 -1 0 0
211.9027792605246 63.57610049464432 -1 0 0
214.34198071243023 68.28027472331947 -1 0 0
220.09152699192205 84.13508416070601 -1 0 0
220.78844169246653 96.5053200953703 -1 0 0
238.7339952314865 94.41457599373688 -1 0 0
251.10423116615073 87.79388633856448 -1 0 0
261.3837229991816 85.70314223693109 -1 0 0
227.9318173730473 66.18953062168606 -1 0 0
222.8791857940999 64.27301519518879 -1 0 0
241.17319668339212 66.01530194654995 -1 0 0
246.74851428774784 62.35649976869151 -1 0 0
253.19497526778414 62.00804241841928 -1 0 0
280.0842674637916 67.583360022775 -1 0 0
288.27301519518903 85.87737091206719 -1 0 0
291.234902672503 71.9390769011779 -1 0 0
298.72673570335604 81.34742535852816 -1 0 0
289.8410732714141 65.31838724600549 -1 0 0
303.7793672823034 68.8029607487278 -1 0 0
300.12056510444495 56.43272481406355 -1 0 0
304.47628198284787 56.43272481406355 -1 0 0
320.1568627450983 64.62147254546102 -1 0 0
329.2167538521763 67.583360022775 -1 0 0
341.5869897868406 60.265755667058116 -1 0 0
352.73762499555204 54.86466673783851 -1 0 0
351.169566919327 61.485356393010925 -1 0 0
360.0552293512689 61.485356393010925 -1 0 0
347.68499341660464 78.03708053094196 -1 0 0
330.9590406035375 117.76121846197644 -1 0 0
348.73036546742134 127.51802426959897 -1 0 0
367.19860503184964 120.89733461442653 -1 0 0
363.71403152912734 104.17138180135939 -1 0 0
370.68317853457205 98.9445215472759 -1 0 0
388.4545033984558 100.68680829863708 -1 0 0
391.2421622006337 97.20223479591473 -1 0 0
392.98444895199486 89.53617308992561 -1 0 0
378.0007828902888 76.29479377958079 -1 0 0
371.03163588484426 74.90096437849186 -1 0 0
389.4998754492726 54.69043806270239 -1 0 0
400.650510657984 109.39824205544286 -1 0 0
410.0588591153342 95.80840539482581 -1 0 0
423.6486957759513 111.14052880680403 -1 0 0
418.77029287214015 120.89733461442653 -1 0 0
412.8465179175121 134.13871392477137 -1 0 0
367.8955197323942 50.85740720970784 -1 0 0
399.25668125689504 48.069748407529985 -1 0 0
403.08971210988966 41.79751610262979 -1 0 0
410.7557738158788 67.23490267250274 -1 0 0
417.0280061207789 50.85740720970784 -1 0 0
421.557951674318 63.75032916978043 -1 0 0
421.20949432404575 73.50713497740294 -1 0 0
426.4363545781291 76.64325112985303 -1 0 0
421.20949432404575 84.65777018611438 -1 0 0
414.5888046688733 84.65777018611438 -1 0 0
397.16593715526164 31.95359595743926 -1 0 0
392.20041991388234 31.34379559446285 -1 0 0
388.4545033984558 29.862851855805864 -1 0 0
388.628732073592 25.94270666524325 -1 0 0
391.15504786306565 24.374648589018204 -1 0 0
392.4617629265865 21.499875449272288 -1 0 0
387.6704743603433 22.196790149816756 -1 0 0
398.3855378812145 23.939076901177913 -1 0 0
397.94996619337417 21.32564677413617 -1 0 0
394.81385004092414 25.158677627130725 -1 0 0
402.13145439664095 22.719476175225104 -1 0 0
402.91548343475347 20.280274723319472 -1 0 0
406.66139995018 21.761218461976462 -1 0 0
407.53254332586056 24.11330557631403 -1 0 0
410.4944308031745 25.507134977402956 -1 0 0
408.8392583893815 30.472652218782272 -1 0 0
403.7866268104341 26.72673570335577 -1 0 0
406.31294259990773 32.73762499555178 -1 0 0
409.710401765062 48.76666310807447 -1 0 0
408.8392583893815 39.00985730045196 -1 0 0
413.89188996832877 33.95722572150459 -1 0 0
417.0280061207789 30.99533824419062 -1 0 0
415.9826340699622 26.988078716059945 -1 0 0
421.2094943240457 25.94270666524325 -1 0 0
426.8719262659695 26.465392690651598 -1 0 0
428.17864132949035 29.253051492829456 -1 0 0
425.47809686488057 31.77936728230314 -1 0 0
423.0388954129749 39.09697163802003 -1 0 0
419.3800932351165 51.46720757268427 -1 0 0
429.57247073057925 53.29660866161349 -1 0 0
432.5343582078932 49.986263834027284 -1 0 0
434.53798797195856 42.233087790470115 -1 0 0
430.9663001316682 34.39279740934489 -1 0 0
436.1931603857517 33.34742535852819 -1 0 0
437.0643037614323 28.643251129853052 -1 0 0
431.6632148322127 30.472652218782272 -1 0 0
441.158677627131 48.15686274509805 -1 0 0
446.7339952314867 48.15686274509805 -1 0 0
435.93181737304747 59.56884096651367 -1 0 0
442.1169353403796 58.523468915696974 -1 0 0
446.9082239066228 61.65958506814707 -1 0 0
455.18408597558835 52.77392263620514 -1 0 0
448.0407102950076 45.543432618056315 -1 0 0
444.12056510444495 33.87011138393653 -1 0 0
445.16593715526164 29.7757375182378 -1 0 0
440.02619123874626 29.42728016796557 -1 0 0
442.72673570335604 25.507134977402956 -1 0 0
447.43090993203117 24.810220276858495 -1 0 0
451.26394078502574 26.63962136578771 -1 0 0
461.02074659264827 26.029821002811303 -1 0 0
455.18408597558835 32.38916764527955 -1 0 0
456.7521440518134 36.65777018611439 -1 0 0
449.52165403366456 35.1768264474574 -1 0 0
448.3891676452798 40.22945802640478 -1 0 0
455.79388633856473 42.755773815878456 -1 0 0
460.49806056723986 42.2330877904701 -1 0 0
462.3274616561691 46.937262019145244 -1 0 0
464.4182057578025 41.884630440197874 -1 0 0
466.07337817159566 36.39642717341022 -1 0 0
468.164122273229 37.35468488665885 -1 0 0
472.60695348919995 40.665029714245065 -1 0 0
474.78481192840144 33.69588270880042 -1 0 0
471.64869577595135 33.260311020960124 -1 0 0
478.617842781396 27.16230739119606 -1 0 0
474.34924024056113 29.078822817693336 -1 0 0
468.5996939610693 28.120565104444694 -1 0 0
479.1405288068043 44.323831892103506 -1 0 0
483.06067399736696 37.09334187395468 -1 0 0
486.89370485036153 33.34742535852819 -1 0 0
484.01893171061556 28.64325112985305 -1 0 0
486.0225614746809 26.63962136578771 -1 0 0
489.5071349774032 25.768477990107126 -1 0 0
490.9880787160602 44.149603216967385 -1 0 0
495.9535959574395 37.790256574499146 -1 0 0
494.1241948685103 34.218568734208766 -1 0 0
491.85922209174083 21.06430376143199 -1 0 0
498.04434005907297 17.05704423330132 -1 0 0
502.13871392477165 18.363759296822185 -1 0 0
505.710401765062 17.9281876089819 -1 0 0
509.3692039429205 17.05704423330132 -1 0 0
508.49806056723986 21.06430376143199 -1 0 0
513.202234795915 39.096971638020015 -1 0 0
518.5162093875665 35.87374114800186 -1 0 0
509.63054695562465 34.65414042204905 -1 0 0
517.4708373367499 19.583360022775004 -1 0 0
526.2693854311237 18.276644959254135 -1 0 0
530.1024162841182 15.663214832212388 -1 0 0
530.5379879719586 13.65958506814705 -1 0 0
537.245791964699 14.095156755987345 -1 0 0
535.8519625636102 27.336536066332172 -1 0 0
532.628732073592 35.351055122593515 -1 0 0
522.8719262659695 26.116935340379364 -1 0 0
530.1895306216863 37.2675705490908 -1 0 0
538.5525070282199 42.32020212803817 -1 0 0
539.4236504039005 35.96085548556992 -1 0 0
543.3437955944631 36.48354151097828 -1 0 0
547.1768264474576 43.19134550371876 -1 0 0
537.4200206398352 47.024376356713304 -1 0 0
545.2603110209603 6.690438062702407 -1 0 0
550.66139995018 37.093341873954685 -1 0 0
563.9027792605249 22.240347318600765 -1 0 0
550.0515995872037 28.512579623500947 -1 0 0
572.5270986797625 12.135084160706025 -1 0 0
576.9699298957336 22.327461656168822 -1 0 0
580.1060460481835 31.735810113519097 -1 0 0
571.74306964165 37.049784705170644 -1 0 0
568.9554108394722 32.60695348919968 -1 0 0
563.8156649229568 38.966300131667914 -1 0 0
564.7739226362054 47.242162200633445 -1 0 0
577.7539589338461 45.32564677413616 -1 0 0
583.4163908757698 44.71584641115976 -1 0 0
576.7085868830294 28.338350948364834 -1 0 0
591.1695669193269 39.8374435073485 -1 0 0
589.9499661933742 47.242162200633445 -1 0 0
598.8356286253161 42.36375929682219 -1 0 0
594.7412547596174 32.781182164335796 -1 0 0
594.131454396641 29.993523362157934 -1 0 0
594.131454396641 25.11512045834668 -1 0 0
600.316572363973 9.347425358528167 -1 0 0
606.240347318601 41.36194441478953 -1 0 0
606.240347318601 37.006227536386625 -1 0 0
602.2330877904704 33.69588270880041 -1 0 0
607.1114906942817 30.3855378812142 -1 0 0
612.1641222732289 30.733995231486432 -1 0 0
613.2094943240457 37.006227536386625 -1 0 0
618.6105832532653 39.96811501370059 -1 0 0
616.5198391516319 27.772107754172463 -1 0 0
622.617842781396 27.423650403900233 -1 0 0
621.9209280808516 21.499875449272285 -1 0 0
616.1713818013596 19.06067399736666 -1 0 0
614.4290950499985 11.743069641649775 -1 0 0
629.9354471371129 20.45450339845559 -1 0 0
632.8973346144269 26.55250702821965 -1 0 0
637.9499661933743 15.576100494644326 -1 0 0
637.0788228176937 11.743069641649775 -1 0 0
629.9354471371129 35.612398135297695 -1 0 0
632.7231059392908 32.4762819828476 -1 0 0
631.1550478630658 49.20223479591475 -1 0 0
637.4272801679658 39.96811501370059 -1 0 0
614.7775524002708 49.20223479591475 -1 0 0
624.7085868830294 58.08789722785668 -1 0 0
626.6251023095266 72.72310593929043 -1 0 0
617.9136685527209 74.11693534037934 -1 0 0
612.6868082986374 70.2839044873848 -1 0 0
609.5506921461872 69.064303761432 -1 0 0
599.7938863385648 78.47265221878227 -1 0 0
594.9154834347535 90.6686594783104 -1 0 0
587.5978790790366 78.8211095690545 -1 0 0
575.0534144692363 91.7140315291271 -1 0 0
570.3492402405611 56.868296501903856 -1 0 0
557.2820896053524 50.94452154727591 -1 0 0
547.1768264474576 83.35105512259352 -1 0 0
543.169566919327 76.90459414255723 -1 0 0
532.1931603857516 70.80659051279316 -1 0 0
448.04071029500756 123.51076474146825 -1 0 0
456.0552293512689 110.26938543112344 -1 0 0
452.57065584854655 100.51257962350093 -1 0 0
475.22038361624163 93.8918899683285 -1 0 0
447.343795594463 78.90822390662252 -1 0 0
436.54161773602385 67.40913134763886 -1 0 0
437.58698978684055 75.77210775417244 -1 0 0
471.0388954129748 135.00985730045193 -1 0 0
474.17501156542494 120.7231059392904 -1 0 0
494.73399523148663 113.75395893384574 -1 0 0
499.9608554855701 102.95178107540654 -1 0 0
509.7176612931927 119.32927653820147 -1 0 0
496.82473933312 136.05522935126862 -1 0 0
536.5488772641546 102.60332372513432 -1 0 0
540.7303654674213 93.8918899683285 -1 0 0
583.5906195509059 115.84470303547914 -1 0 0
610.7702928721399 101.90640902458983 -1 0 0
634.1169353403794 84.135084160706 -1 0 0
681.1586776271307 78.90822390662252 -1 0 0
674.5379879719584 78.55976655635027 -1 0 0
671.7503291697806 70.54524750008892 -1 0 0
693.0062275363867 70.1967901498167 -1 0 0
702.7630333440093 61.485356393010896 -1 0 0
721.9281876089821 84.48354151097823 -1 0 0
629.9354471371126 198.4290950499982 -1 0 0
768.2730151951889 83.78662681043376 -1 0 0
747.7140315291272 59.74306964164972 -1 0 0
736.5633963204158 52.773922636205086 -1 0 0
764.0915269919221 52.077007935660625 -1 0 0
796.7303654674212 69.49987544927225 -1 0 0
786.9735596597988 68.80296074872781 -1 0 0
868.5125796235011 68.80296074872781 -1 0 0
837.8483327995446 81.34742535852816 -1 0 0
846.5597665563503 83.43816946016152 -1 0 0
894.9953382441907 65.66684459627768 -1 0 0
649.1586776271307 36.831998861250504 -1 0 0
644.1060460481833 32.30205330771149 -1 0 0
639.5761004946444 25.158677627130725 -1 0 0
642.3637592968222 22.89370485036121 -1 0 0
647.4163908757696 19.757588697911125 -1 0 0
647.7648482260417 13.65958506814706 -1 0 0
652.6432511298531 14.879185794099861 -1 0 0
654.9082239066227 10.175011565424724 -1 0 0
657.1731966833921 17.84107327141384 -1 0 0
653.3401658303976 24.984448951994604 -1 0 0
658.2185687342088 33.69588270880041 -1 0 0
667.1042311661507 26.55250702821965 -1 0 0
665.1877157396534 16.447243870324915 -1 0 0
670.7630333440092 18.015301946549965 -1 0 0
674.0733781715954 28.81747980498917 -1 0 0
684.17864132949 34.39279740934487 -1 0 0
680.1713818013594 41.884630440197874 -1 0 0
670.2403473186008 36.48354151097828 -1 0 0
671.4599480445536 45.02074659264796 -1 0 0
662.2258282623394 48.33109142023418 -1 0 0
664.490801039109 58.95904060353725 -1 0 0
641.1441585708694 50.94452154727591 -1 0 0
700.9045941425574 40.66502971424506 -1 0 0
693.9354471371126 34.915483434753234 -1 0 0
699.6849934166045 31.605138607167017 -1 0 0
704.5633963204158 29.51439450553363 -1 0 0
685.9209280808512 20.977189423863937 -1 0 0
689.7539589338459 20.106046048183355 -1 0 0
688.3601295327569 12.614213017330364 -1 0 0
684.8755560300347 11.917298316785901 -1 0 0
719.3728337069856 35.26394078502546 -1 0 0
717.107860930216 23.939076901177906 -1 0 0
721.9862638340273 19.234902672502766 -1 0 0
719.8955197323941 16.09878652005268 -1 0 0
735.7503291697806 14.356499768691522 -1 0 0
736.6214725454612 29.165937155261403 -1 0 0
741.4998754492724 31.953595957439255 -1 0 0
745.1586776271307 31.25668125689479 -1 0 0
750.3855378812143 31.953595957439255 -1 0 0
724.2512366107969 28.64325112985305 -1 0 0
732.7884416924666 38.74851428774778 -1 0 0
727.0388954129747 40.49080103910894 -1 0 0
739.7575886979113 43.62691719155904 -1 0 0
750.3855378812143 59.48172662894561 -1 0 0
760.1423436888368 38.225828262339434 -1 0 0
766.7630333440092 28.46902245471693 -1 0 0
763.8011458666953 10.69769759083308 -1 0 0
767.982634069962 10.175011565424724 -1 0 0
773.5579516743178 9.652325540016385 -1 0 0
752.4762819828477 16.447243870324915 -1 0 0
782.966300131668 47.11149069428136 -1 0 0
793.7684779901073 52.51257962350096 -1 0 0
804.5706558485465 37.006227536386625 -1 0 0
798.6468808939185 34.39279740934487 -1 0 0
789.4127611117044 33.17319668339206 -1 0 0
809.1006014020855 51.641436247820366 -1 0 0
808.2294580264049 55.64869577595105 -1 0 0
830.1822710935555 47.634176719689705 -1 0 0
835.5833600227751 25.158677627130725 -1 0 0
830.3564997686917 1.4635778086189306 -1 0 0
845.862851855806 5.645066011885712 -1 0 0
873.5652112024485 16.447243870324915 -1 0 0
909.6305469556245 6.864666737838531 -1 0 0
897.9572257215048 23.067933525497335 -1 0 0
881.5797302587099 48.85377744564252 -1 0 0
854.748514287748 52.8610369737732 -1 0 0
964.338350948365 17.75395893384577 -1 0 0
972.7013273548986 3.1187502224120003 -1 0 0
938.5525070282198 19.84470303547916 -1 0 0
590.9260935143288 66.07494466318002 -1 0 0
428.52849111672646 21.86315645139175 -1 0 0
446.4305890188244 14.446573034808335 -1 0 0
534.9181015063368 20.58443517267048 -1 0 0
299.82241458456303 596.4913109056331 -1 0 0
356.7588694340616 87.38094301265657 -1 0 0
358.0431503705164 79.88930421666996 -1 0 0
328.07659518656993 76.57157846416159 -1 0 0
339.2070299691787 81.38763197586727 -1 0 0
321.97626073840945 114.77893632369336 -1 0 0
315.23378582202145 98.2973309725228 -1 0 0
393.4678995343962 77.64181257787399 -1 0 0
416.1568627450986 62.23044134041578 -1 0 0
415.7287690996136 40.34415371499772 -1 0 0
405.0799396681755 37.88261525345924 -1 0 0
393.8959931798812 35.84917043740574 -1 0 0
424.66522394911203 22.979605220014438 -1 0 0
435.7956587317207 23.35418715981377 -1 0 0
412.89264869827593 22.283953046101395 -1 0 0
410.53813364810867 22.0163945176733 -1 0 0
516.1167289658346 47.46121057118503 -1 0 0
510.1234179290452 47.568233982556265 -1 0 0
502.09666207620245 39.648501541084684 -1 0 0
496.3173978621556 53.77559184208804 -1 0 0
511.94281592235626 55.59498983539907 -1 0 0
467.4210767919215 55.38094301265659 -1 0 0
597.88261525346 52.38428749426195 -1 0 0
648.3976654206841 79.7822808052988 -1 0 0
657.3876319758681 63.300675454128196 -1 0 0
686.6050232802158 73.25385271165331 -1 0 0
654.9260935143296 44.464555052790416 -1 0 0
659.7421470260352 42.00301659125195 -1 0 0
628.7053577283764 93.58830087218837 -1 0 0
559.0331169257008 104.29064200931212 -1 0 0
600.0230834808848 306.029772444095 -1 0 0
569.6284346514532 252.94616040396113 -1 0 0
634.6986687651657 270.92609351432907 -1 0 0
645.8291035477744 202.00301659125208 -1 0 0
784.5314446848982 249.52141124008156 -1 0 0
756.2772640828916 152.34415371499787 -1 0 0
424.82575906616836 308.8123811397468 -1 0 0
-183.9234048134304 536.5582005377402 -1 0 0
