50.85816144639666 615.4295900178254 -1 0 0
847.5334861217216 677.7672523554877 -1 0 0
855.014005602241 565.5594601476955 -1 0 0
815.117901706137 391.01400560224096 -1 0 0
221.66335625159155 339.8971224853578 -1 0 0
318.9101094983448 309.97504456327994 -1 0 0
404.9360835243188 199.0140056022409 -1 0 0
439.84517443340974 225.1958237840591 -1 0 0
271.53348612172135 172.83218742042277 -1 0 0
998.3906289788642 160.36465495289022 -1 0 0
933.5594601476954 130.44257703081232 -1 0 0
868.7282913165266 139.1698497580851 -1 0 0
727.8451744334099 125.45556404379934 -1 0 0
721.5936986364794 3.31042995710688 -1 0 0
762.3798345784595 6.253759354981715 -1 0 0
787.187896646262 1.6285274440355457 -1 0 0
784.6650428766549 51.665127207907986 -1 0 0
739.6741506519965 66.8022498255501 -1 0 0
700.9903928513555 69.74557922342493 -1 0 0
803.1659705204397 20.970406344355997 -1 0 0
819.5645200228852 24.7546869987665 -1 0 0
837.2244964101343 34.84610207719457 -1 0 0
865.3963635040793 12.981369407267088 -1 0 0
849.8387652581694 2.4694787005712127 -1 0 0
998.2666620367154 15.924698805141958 -1 0 0
900.7163162785774 54.187980977515025 -1 0 0
744.2993825629426 48.30132218176532 -1 0 0
742.1970044216034 104.64505636965532 -1 0 0
404.9360835243188 68.10491469315001 -1 0 0
89.50751209574732 136.67634326457852 -1 0 0
23.42959001782526 125.45556404379934 -1 0 0
111.94907053730576 135.42959001782535 -1 0 0
15.822236332549402 6.987694251254188 -1 0 0
2.7070398407295393 26.11402246849149 -1 0 0
40.95969627520418 62.72727934148865 -1 0 0
33.85563150880176 30.48575463243145 -1 0 0
74.84062054573887 9.72002685371662 -1 0 0
87.40935051706626 14.638225538149081 -1 0 0
87.40935051706626 32.125154193908934 -1 0 0
99.97808048839364 43.600951124251345 -1 0 0
109.81447785725857 5.348294689776701 -1 0 0
124.02260739006347 3.708895128299214 -1 0 0
141.50953604582327 12.998825976671593 -1 0 0
149.16006733271826 2.0694955668217268 -1 0 0
163.36819686552306 3.708895128299214 -1 0 0
221.2936480377276 28.299888550461485 -1 0 0
205.99258546393767 26.11402246849149 -1 0 0
206.53905198443022 53.43734849311623 -1 0 0
192.3309224516253 81.85360755872598 -1 0 0
269.38270184106716 12.998825976671593 -1 0 0
255.17457230826224 5.348294689776701 -1 0 0
277.0332331279621 3.708895128299214 -1 0 0
314.73942304194424 29.939288111938975 -1 0 0
403.26699936172844 37.5898193988339 -1 0 0
404.9063989232059 5.894761210269173 -1 0 0
427.8579927838907 12.998825976671593 -1 0 0
425.12566018142815 38.136285919326376 -1 0 0
445.34492143965053 9.72002685371662 -1 0 0
495.94907053730583 7.014005602240835 -1 0 0
256.41260700084234 24.580439168674523 -1 0 0
