394.3782783530836 469.1804562115227 -1 0 0
434.79933098466256 449.66684459627766 -1 0 0
505.8846304401979 483.118750222412 -1 0 0
537.9427066652432 471.9681150137006 -1 0 0
163.81566492295642 393.9136685527206 -1 0 0
143.60513860716696 373.70314223693106 -1 0 0
46.73399523148635 352.0987865200527 -1 0 0
45.34016583039742 329.1006014020854 -1 0 0
16.069748407529914 312.37464858901825 -1 0 0
7.009857300451853 294.2548663748621 -1 0 0
55.096971638019944 304.01167218248463 -1 0 0
85.06430376143194 305.40550158357354 -1 0 0
110.15323298103263 299.13326927867337 -1 0 0
119.21312408811069 314.46539269065164 -1 0 0
132.45450339845553 283.10423116615067 -1 0 0
149.18045621152265 314.46539269065164 -1 0 0
155.45268851642285 301.92092808085124 -1 0 0
174.96630013166785 290.7702928721398 -1 0 0
200.7521440518131 283.80114586669515 -1 0 0
227.9318173730472 279.61965766342837 -1 0 0
252.32383189210347 269.1659371552614 -1 0 0
264.8682965019038 287.98263406996193 -1 0 0
279.50350521333763 285.89188996832854 -1 0 0
286.47265221878223 271.2566812568948 -1 0 0
296.22945802640476 267.77210775417245 -1 0 0
308.7739226362051 283.80114586669515 -1 0 0
332.4690224547169 267.77210775417245 -1 0 0
383.34379559446285 343.73581011351916 -1 0 0
287.16956691932677 331.88826020426325 -1 0 0
418.1895306216861 313.0715632895627 -1 0 0
450.2476068467314 297.04252517704 -1 0 0
468.3673890608875 292.8610369737732 -1 0 0
455.12600975054266 341.6450660118858 -1 0 0
319.053414469236 268.46902245471694 -1 0 0
313.47809686488023 255.92455784491662 -1 0 0
321.84107327141385 250.69769759083312 -1 0 0
341.70314223693106 246.86466673783855 -1 0 0
352.5053200953702 253.48535639301096 -1 0 0
353.20223479591476 283.80114586669515 -1 0 0
361.2167538521761 272.99896800825593 -1 0 0
365.0497847051707 251.04615494110533 -1 0 0
358.77755240027045 237.80477563076047 -1 0 0
373.41276111170424 246.86466673783855 -1 0 0
377.94270666524324 239.1986050318494 -1 0 0
393.6232874274937 238.8501476815772 -1 0 0
401.9862638340273 248.6069534891997 -1 0 0
404.0770079356607 234.66865947831042 -1 0 0
403.7285505853884 271.9535959574393 -1 0 0
424.63599160172237 240.24397708266613 -1 0 0
416.621472545461 245.12237998647737 -1 0 0
412.78844169246645 229.79025657449913 -1 0 0
420.8029607487278 225.95722572150456 -1 0 0
433.34742535852814 233.6232874274937 -1 0 0
450.0733781715954 230.48717127504364 -1 0 0
464.7085868830291 228.047969823138 -1 0 0
468.19316038575147 237.80477563076047 -1 0 0
482.47991174691293 228.74488452368246 -1 0 0
491.1913455037188 221.07882281769335 -1 0 0
442.7557738158785 271.2566812568948 -1 0 0
592.8828155581651 459.42365040390007 -1 0 0
532.2512366107967 379.27845984128675 -1 0 0
593.5797302587096 384.85377744564244 -1 0 0
673.724920821323 410.63962136578766 -1 0 0
567.0969716380199 305.4055015835735 -1 0 0
632.6069534891996 309.58698978684026 -1 0 0
684.8755560300344 317.9499661933738 -1 0 0
675.1187502224119 297.73943987758435 -1 0 0
709.9644852496353 261.4998754492722 -1 0 0
732.2657556670581 267.0751930536279 -1 0 0
757.3546848866588 288.6795487705063 -1 0 0
817.2893491334828 257.3183872460054 -1 0 0
879.3147574819401 248.95541083947182 -1 0 0
504.31657236397285 225.95722572150464 -1 0 0
517.5579516743177 229.44179922422697 -1 0 0
527.3147574819403 229.44179922422697 -1 0 0
534.2839044873848 226.30568307177685 -1 0 0
547.1768264474574 222.4726522187823 -1 0 0
524.1786413294901 251.04615494110539 -1 0 0
563.9027792605247 268.46902245471705 -1 0 0
563.9027792605247 252.78844169246653 -1 0 0
584.8102202768586 273.6958827088005 -1 0 0
600.1423436888368 285.1949752677842 -1 0 0
565.2966086616136 228.04796982313803 -1 0 0
577.4926159211417 222.4726522187823 -1 0 0
595.6123981352978 217.24579196469884 -1 0 0
596.3093128358422 230.83562862531588 -1 0 0
602.2330877904702 227.35105512259358 -1 0 0
606.7630333440093 220.73036546742114 -1 0 0
610.944521547276 216.20041991388214 -1 0 0
628.3673890608877 221.42728016796562 -1 0 0
645.0933418739548 227.00259777232137 -1 0 0
645.0933418739548 214.80659051279318 -1 0 0
662.5162093875664 208.534358207893 -1 0 0
650.6686594783106 203.65595530408174 -1 0 0
674.7122166470946 243.03163588484406 -1 0 0
679.474467100815 208.534358207893 -1 0 0
687.1405288068041 208.534358207893 -1 0 0
671.4599480445536 209.92818760898194 -1 0 0
701.0788228176933 202.6105832532651 -1 0 0
688.5343582078931 199.82292445108723 -1 0 0
696.2004199138821 195.2929788975482 -1 0 0
723.7285505853886 239.1986050318495 -1 0 0
779.830183979218 239.1986050318495 -1 0 0
800.3891676452796 245.1223799864774 -1 0 0
735.2276431443722 208.534358207893 -1 0 0
752.3020533077115 208.534358207893 -1 0 0
774.9517810754066 213.4127611117043 -1 0 0
790.9808191879293 207.1405288068041 -1 0 0
708.6577701861146 204.17864132949012 -1 0 0
712.8392583893813 197.5579516743177 -1 0 0
731.1332692786735 200.86829650190396 -1 0 0
733.0497847051709 195.1187502224121 -1 0 0
740.1931603857515 191.11149069428143 -1 0 0
741.5869897868404 198.77755240027054 -1 0 0
747.3365360663323 200.86829650190396 -1 0 0
750.2984235436463 191.982634069962 -1 0 0
761.6232874274938 193.55069214618703 -1 0 0
763.1913455037189 199.12600975054278 -1 0 0
773.6450660118858 194.77029287213986 -1 0 0
779.2203836162415 194.07337817159544 -1 0 0
786.1895306216862 194.77029287213986 -1 0 0
725.3837229991817 200.17138180135944 -1 0 0
719.4599480445537 201.73943987758452 -1 0 0
896.6795487705065 234.6686594783105 -1 0 0
886.9227429628838 219.6849934166045 -1 0 0
869.8483327995446 216.5488772641544 -1 0 0
828.0334507668765 206.7920714565319 -1 0 0
814.0951567559873 209.92818760898203 -1 0 0
852.4254652859328 209.23127290843752 -1 0 0
797.4563182804883 198.42909504999835 -1 0 0
797.9790043058965 186.40731646560633 -1 0 0
807.735810113519 185.0134870645174 -1 0 0
822.8937048503611 188.67228924237583 -1 0 0
827.5978790790363 180.30931283584226 -1 0 0
854.2548663748621 184.83925838938129 -1 0 0
859.3074979538094 179.26394078502554 -1 0 0
865.0570442333013 175.95359595743938 -1 0 0
845.1949752677841 175.95359595743938 -1 0 0
840.3165723639729 182.40005693747565 -1 0 0
834.567026084481 185.1877157396535 -1 0 0
822.0225614746805 179.6123981352978 -1 0 0
816.795701220597 187.2784598412869 -1 0 0
875.3365360663321 180.13508416070616 -1 0 0
877.6015088431016 186.40731646560633 -1 0 0
884.9191131988185 186.0588591153341 -1 0 0
896.7666631080743 179.08971210988943 -1 0 0
877.6015088431016 205.57247073057914 -1 0 0
873.594249314971 197.90640902459 -1 0 0
850.7702928721399 195.11875022241213 -1 0 0
906.610583253265 188.3238318921036 -1 0 0
903.8229244510871 180.65777018611448 -1 0 0
904.1713818013594 175.08245258175876 -1 0 0
918.4581331625209 182.40005693747563 -1 0 0
927.518024269599 179.96085548557002 -1 0 0
922.2911640155155 201.91366855272068 -1 0 0
940.0624888793992 181.7031422369312 -1 0 0
954.0007828902886 191.45994804455367 -1 0 0
962.3637592968222 186.58154514074243 -1 0 0
954.0007828902886 206.09515675598746 -1 0 0
918.1096758122488 197.0352656489094 -1 0 0
933.7902565744992 194.944521547276 -1 0 0
922.9880787160599 192.15686274509815 -1 0 0
966.3710188249529 215.15504786306545 -1 0 0
971.2494217287641 188.32383189210353 -1 0 0
977.5216540336643 185.88463044019792 -1 0 0
981.0062275363866 187.27845984128686 -1 0 0
994.2476068467314 181.0062275363867 -1 0 0
1006.7920714565319 183.09697163802008 -1 0 0
1012.3673890608876 192.50532009537037 -1 0 0
1020.0334507668765 183.09697163802008 -1 0 0
1022.4726522187822 196.68680829863715 -1 0 0
998.0806376997261 230.83562862531593 -1 0 0
997.7321803494538 215.15504786306545 -1 0 0
997.0352656489093 202.6105832532651 -1 0 0
817.2312729084374 179.61239813529775 -1 0 0
901.9499661933739 227.4120351588913 -1 0 0
792.6652239491115 197.82910354777334 -1 0 0
1007.0331169257 216.98629418322503 -1 0 0
