328.88413547237076 591.7412783295136 -1 0 0
641.8192004074357 528.156862745098 -1 0 0
606.9101094983448 506.9620575502928 -1 0 0
544.5724471606825 410.9620575502928 -1 0 0
467.27374586198124 425.9230965113318 -1 0 0
434.8581614463968 452.1049146931499 -1 0 0
399.94907053730583 410.9620575502928 -1 0 0
145.61140819964345 368.5724471606824 -1 0 0
4.728291316526569 388.5204991087343 -1 0 0
0.9880315762668176 447.117901706137 -1 0 0
45.871148459383704 314.9620575502928 -1 0 0
74.54647313470838 293.7672523554875 -1 0 0
69.55946014769535 287.53348612172135 -1 0 0
104.46855105678632 275.0659536541889 -1 0 0
211.68933027756552 328.6763432645785 -1 0 0
199.22179781003305 308.72829131652657 -1 0 0
206.70231729055254 262.5984211866564 -1 0 0
787.6893302775655 578.0269926152278 -1 0 0
800.156862745098 432.156862745098 -1 0 0
791.4295900178253 383.5334861217214 -1 0 0
886.1828367710721 418.4425770308123 -1 0 0
968.4685510567863 384.7802393684746 -1 0 0
1015.8451744334099 311.221797810033 -1 0 0
990.9101094983449 287.53348612172135 -1 0 0
943.5334861217214 250.1308887191239 -1 0 0
906.130888719124 270.0789406671759 -1 0 0
1009.6114081996436 204.0010185892538 -1 0 0
992.156862745098 200.26075884899413 -1 0 0
1023.3256939139292 223.94907053730574 -1 0 0
429.8711484593837 327.42959001782526 -1 0 0
414.9101094983448 319.9490705373058 -1 0 0
439.84517443340974 297.50751209574736 -1 0 0
467.27374586198124 302.49452508276033 -1 0 0
397.45556404379926 280.0529666412019 -1 0 0
381.24777183600713 273.81920040743563 -1 0 0
254.07894066717597 328.6763432645785 -1 0 0
180.7282913165266 261.0399796282149 -1 0 0
228.10491469314996 219.27374586198113 -1 0 0
188.2088107970461 184.3646549528902 -1 0 0
155.16984975808504 190.5984211866564 -1 0 0
153.92309651133178 176.2607588489941 -1 0 0
77.87114845938373 274.13088871912396 -1 0 0
8.676343264578534 175.63738222561747 -1 0 0
37.975044563279845 168.15686274509795 -1 0 0
25.507512095747348 169.40361599185124 -1 0 0
19.27374586198112 166.28673287496812 -1 0 0
244.31270690094217 223.63738222561747 -1 0 0
241.19582378405906 208.0529666412019 -1 0 0
292.3127069009422 234.85816144639668 -1 0 0
268.6243952126306 239.22179781003305 -1 0 0
303.5334861217214 206.182836771072 -1 0 0
326.59842118665654 215.53348612172135 -1 0 0
321.61140819964345 213.0399796282149 -1 0 0
420.7282913165267 163.169849758085 -1 0 0
422.59842118665654 157.55946014769538 -1 0 0
424.4685510567864 160.6763432645785 -1 0 0
412.6243952126305 158.18283677107198 -1 0 0
436.93608352431886 159.42959001782526 -1 0 0
451.8971224853577 158.80621339444863 -1 0 0
474.33868092691625 167.53348612172135 -1 0 0
478.0789406671759 176.88413547237076 -1 0 0
484.93608352431886 175.63738222561747 -1 0 0
496.156862745098 171.89712248535773 -1 0 0
506.7542653425007 184.3646549528902 -1 0 0
423.22179781003314 216.7802393684746 -1 0 0
408.2607588489941 223.63738222561747 -1 0 0
391.4295900178254 218.02699261522784 -1 0 0
369.61140819964345 224.8841354723707 -1 0 0
509.8711484593838 246.70231729055254 -1 0 0
509.8711484593838 226.13088871912396 -1 0 0
416.9880315762669 151.94907053730574 -1 0 0
543.9490705373057 148.20881079704608 -1 0 0
561.4036159918512 153.19582378405906 -1 0 0
567.0140056022408 156.93608352431878 -1 0 0
586.9620575502928 167.5334861217214 -1 0 0
583.2217978100331 163.169849758085 -1 0 0
568.8841354723706 181.2477718360071 -1 0 0
547.6893302775655 178.130888719124 -1 0 0
540.8321874204227 178.130888719124 -1 0 0
532.1049146931499 181.2477718360071 -1 0 0
533.9750445632798 189.97504456327985 -1 0 0
524.0010185892538 220.52049910873438 -1 0 0
568.2607588489941 195.58543417366948 -1 0 0
581.9750445632798 195.58543417366948 -1 0 0
598.8062133944486 182.49452508276033 -1 0 0
597.5594601476954 170.02699261522787 -1 0 0
585.0919276801628 224.88413547237073 -1 0 0
574.4945250827603 223.6373822256175 -1 0 0
578.5464731347083 187.94907053730574 -1 0 0
561.7153043035395 201.6633562515915 -1 0 0
613.4555640437992 180.7802393684746 -1 0 0
617.5075120957472 187.01400560224084 -1 0 0
621.5594601476953 191.68933027756552 -1 0 0
614.7023172905525 166.13088871912396 -1 0 0
611.8971224853576 168.31270690094212 -1 0 0
634.6503692386044 154.5984211866564 -1 0 0
638.0789406671759 151.16984975808498 -1 0 0
633.7153043035395 147.11790170613693 -1 0 0
638.3906289788641 143.68933027756546 -1 0 0
632.7802393684746 138.39062897886419 -1 0 0
649.9230965113317 140.26075884899404 -1 0 0
648.9880315762667 146.8062133944486 -1 0 0
654.9101094983446 148.36465495289016 -1 0 0
656.1568627450979 155.22179781003302 -1 0 0
661.7672523554876 149.2997198879551 -1 0 0
665.5075120957472 142.75426534250056 -1 0 0
672.3646549528902 141.5075120957473 -1 0 0
670.8062133944485 148.36465495289016 -1 0 0
663.0140056022407 139.32569391392911 -1 0 0
688.2607588489941 158.65036923860444 -1 0 0
699.4815380697733 156.46855105678625 -1 0 0
720.3646549528902 153.66335625159147 -1 0 0
723.7932263814616 152.4166030048382 -1 0 0
717.247771836007 172.67634326457846 -1 0 0
713.195823784059 178.2867328749681 -1 0 0
684.8321874204227 169.55946014769535 -1 0 0
672.0529666412018 174.54647313470838 -1 0 0
697.9230965113318 190.7542653425006 -1 0 0
668.312706900942 198.23478482302008 -1 0 0
668.312706900942 204.7802393684746 -1 0 0
668.6243952126305 215.37764196587722 -1 0 0
656.7802393684744 221.92309651133172 -1 0 0
647.1179017061369 209.76725235548759 -1 0 0
643.0659536541889 175.48153806977328 -1 0 0
641.1958237840589 168.31270690094212 -1 0 0
725.3516679399031 182.02699261522784 -1 0 0
727.2217978100331 153.66335625159147 -1 0 0
730.6503692386044 130.9101094983447 -1 0 0
726.2867328749682 128.4166030048382 -1 0 0
728.4685510567863 134.96205755029277 -1 0 0
730.0269926152279 203.84517443340968 -1 0 0
722.8581614463967 225.6633562515915 -1 0 0
713.195823784059 222.54647313470838 -1 0 0
683.5854341736693 234.39062897886424 -1 0 0
665.195823784059 235.32569391392914 -1 0 0
621.8711484593837 238.7542653425006 -1 0 0
435.4815380697732 156.46855105678637 -1 0 0
461.0399796282148 159.27374586198118 -1 0 0
441.7153043035394 163.0140056022409 -1 0 0
446.39062897886413 158.65036923860455 -1 0 0
1022.7023172905526 99.74127832951358 -1 0 0
1022.7023172905526 100.98803157626682 -1 0 0
1022.3906289788642 105.35166793990317 -1 0 0
1021.1438757321112 114.07894066717591 -1 0 0
1016.4685510567864 110.9620575502928 -1 0 0
1016.4685510567864 101.92309651133175 -1 0 0
1016.4685510567864 101.29971988795513 -1 0 0
1017.4036159918513 99.74127832951358 -1 0 0
1011.1698497580851 99.74127832951358 -1 0 0
1004.9360835243189 103.48153806977334 -1 0 0
1001.8192004074357 107.53348612172137 -1 0 0
1001.8192004074357 111.89712248535774 -1 0 0
1005.8711484593838 112.83218742042267 -1 0 0
1008.3646549528903 115.63738222561747 -1 0 0
1009.2997198879552 106.28673287496812 -1 0 0
1010.5464731347085 103.16984975808501 -1 0 0
1004.0010185892539 120.00101858925385 -1 0 0
998.7023172905526 117.50751209574734 -1 0 0
1009.9230965113318 131.53348612172135 -1 0 0
1013.97504456328 122.18283677107202 -1 0 0
1018.3386809269163 136.83218742042268 -1 0 0
1010.2347848230202 139.32569391392917 -1 0 0
1021.7672523554877 146.18283677107203 -1 0 0
1007.117901706137 146.80621339444863 -1 0 0
991.8451744334099 146.80621339444863 -1 0 0
994.0269926152279 137.14387573211098 -1 0 0
989.039979628215 130.2867328749681 -1 0 0
978.1308887191241 134.9620575502928 -1 0 0
986.2347848230202 142.4425770308123 -1 0 0
980.6243952126305 142.4425770308123 -1 0 0
1002.7542653425006 159.27374586198113 -1 0 0
968.4685510567864 142.4425770308123 -1 0 0
963.4815380697735 139.32569391392917 -1 0 0
956.9360835243189 138.70231729055254 -1 0 0
956.3127069009423 135.27374586198113 -1 0 0
957.5594601476954 132.78023936847464 -1 0 0
955.3776419658774 131.53348612172135 -1 0 0
952.5724471606825 125.61140819964348 -1 0 0
959.7412783295136 124.36465495289019 -1 0 0
948.8321874204228 123.42959001782526 -1 0 0
943.5334861217215 123.42959001782526 -1 0 0
937.6114081996436 125.61140819964348 -1 0 0
946.3386809269163 132.78023936847464 -1 0 0
948.5204991087344 128.72829131652657 -1 0 0
939.4815380697735 145.24777183600708 -1 0 0
941.039979628215 155.22179781003305 -1 0 0
941.3516679399032 162.70231729055254 -1 0 0
927.014005602241 164.88413547237076 -1 0 0
931.3776419658774 146.80621339444863 -1 0 0
922.6503692386045 141.81920040743566 -1 0 0
927.3256939139292 134.33868092691617 -1 0 0
917.039979628215 139.63738222561747 -1 0 0
918.9101094983447 126.23478482302008 -1 0 0
913.6114081996436 124.98803157626682 -1 0 0
910.1828367710721 134.65036923860447 -1 0 0
908.9360835243189 135.89712248535773 -1 0 0
904.5724471606825 140.2607588489941 -1 0 0
903.014005602241 132.156862745098 -1 0 0
898.3386809269163 135.27374586198113 -1 0 0
890.5464731347085 129.9750445632798 -1 0 0
874.9620575502928 132.156862745098 -1 0 0
870.9101094983448 131.53348612172135 -1 0 0
867.7932263814616 128.10491469314994 -1 0 0
860.0010185892539 127.79322638146161 -1 0 0
854.0789406671759 127.79322638146161 -1 0 0
844.7282913165266 129.9750445632798 -1 0 0
844.7282913165266 123.42959001782526 -1 0 0
842.2347848230202 124.05296664120189 -1 0 0
836.3127069009421 129.3516679399032 -1 0 0
830.7023172905526 129.3516679399032 -1 0 0
813.8711484593838 132.156862745098 -1 0 0
810.4425770308123 130.2867328749681 -1 0 0
800.7802393684746 125.61140819964348 -1 0 0
796.10491469315 130.59842118665642 -1 0 0
793.9230965113318 127.16984975808501 -1 0 0
787.6893302775655 126.23478482302008 -1 0 0
840.0529666412019 136.52049910873436 -1 0 0
839.117901706137 158.33868092691617 -1 0 0
802.6503692386045 159.89712248535773 -1 0 0
788.0010185892538 151.169849758085 -1 0 0
851.8971224853577 137.14387573211098 -1 0 0
858.7542653425006 156.4685510567863 -1 0 0
870.5984211866564 143.06595365418892 -1 0 0
886.4945250827603 143.37764196587722 -1 0 0
893.3516679399032 163.01400560224084 -1 0 0
884.3127069009423 157.71530430353957 -1 0 0
901.7672523554877 159.89712248535773 -1 0 0
908.6243952126305 152.10491469314994 -1 0 0
914.8581614463967 146.80621339444863 -1 0 0
970.0269926152279 140.88413547237073 -1 0 0
906.7542653425006 195.42959001782526 -1 0 0
936.9880315762668 196.98803157626682 -1 0 0
901.4555640437993 191.37764196587722 -1 0 0
892.7282913165266 181.40361599185124 -1 0 0
877.4555640437993 182.9620575502928 -1 0 0
867.7932263814616 195.11790170613696 -1 0 0
879.6373822256176 199.79322638146164 -1 0 0
852.5204991087344 167.06595365418892 -1 0 0
874.9620575502928 161.76725235548764 -1 0 0
877.7672523554877 158.33868092691617 -1 0 0
864.3646549528902 157.71530430353957 -1 0 0
856.2607588489941 160.52049910873436 -1 0 0
874.6503692386045 143.06595365418892 -1 0 0
825.7153043035397 188.2607588489941 -1 0 0
859.0659536541889 203.22179781003305 -1 0 0
816.0529666412019 194.49452508276033 -1 0 0
797.039979628215 187.32569391392914 -1 0 0
789.247771836007 204.4685510567863 -1 0 0
769.6114081996434 198.85816144639668 -1 0 0
778.9620575502928 178.59842118665645 -1 0 0
783.0140056022408 162.0789406671759 -1 0 0
774.2867328749682 161.76725235548764 -1 0 0
775.2217978100331 154.91010949834475 -1 0 0
779.8971224853577 157.71530430353957 -1 0 0
780.2088107970461 143.68933027756552 -1 0 0
773.3516679399032 144.62439521263045 -1 0 0
771.7932263814616 138.70231729055254 -1 0 0
743.1179017061372 138.39062897886424 -1 0 0
747.793226381462 141.50751209574736 -1 0 0
744.6763432645787 132.78023936847464 -1 0 0
743.7412783295138 128.72829131652657 -1 0 0
739.3776419658775 127.48153806977334 -1 0 0
767.1179017061372 145.2477718360071 -1 0 0
762.1308887191242 157.09192768016294 -1 0 0
766.1828367710723 157.40361599185124 -1 0 0
765.5594601476957 152.41660300483824 -1 0 0
754.0269926152282 156.4685510567863 -1 0 0
750.2867328749684 153.3516679399032 -1 0 0
742.1828367710723 158.02699261522787 -1 0 0
748.1049146931501 198.23478482302008 -1 0 0
763.6893302775659 193.8711484593837 -1 0 0
715.0659536541891 211.01400560224084 -1 0 0
771.793226381462 245.61140819964345 -1 0 0
790.1828367710723 234.70231729055254 -1 0 0
754.0269926152282 226.28673287496812 -1 0 0
650.2347848230203 140.2607588489941 -1 0 0
645.2477718360074 137.14387573211098 -1 0 0
658.6503692386048 172.52049910873438 -1 0 0
709.7672523554878 265.4036159918513 -1 0 0
685.4555640437994 272.88413547237076 -1 0 0
1020.6243952126305 168.156862745098 -1 0 0
324.0097055544627 159.19365204275684 -1 0 0
343.2739196012854 163.6886353203488 -1 0 0
