132.66566900732906 617.1118529603623 -1 0 0
96.59521890948172 480.34472967269096 -1 0 0
83.06880012278891 327.0453167568397 -1 0 0
113.12750853766171 296.98660834196687 -1 0 0
19.945512451556045 221.8398373047849 -1 0 0
4.916158244119644 160.21948505429563 -1 0 0
90.58347722650711 122.6460995357047 -1 0 0
123.64805648286725 157.21361421280835 -1 0 0
203.30363378228017 333.0570584398142 -1 0 0
343.0766279114387 245.8868040366831 -1 0 0
404.6969801619279 242.8809331951959 -1 0 0
383.655884271517 209.81635393883576 -1 0 0
497.87897624803367 220.33690188404128 -1 0 0
548.9787805533174 318.02770423237786 -1 0 0
610.5991328038066 221.8398373047849 -1 0 0
679.734162158014 354.0981543302252 -1 0 0
697.7693872069377 433.7537316296382 -1 0 0
801.4719312382489 451.7889566785618 -1 0 0
808.9866083419671 214.3251602010667 -1 0 0
849.5658647020454 202.30167683511758 -1 0 0
932.2273128429456 211.31928935957947 -1 0 0
975.8124400445113 185.7693872069375 -1 0 0
1016.3916964045894 151.20187252983374 -1 0 0
989.338858831204 85.07271401711364 -1 0 0
962.2860212578184 85.07271401711364 -1 0 0
920.2038294769966 82.0668431756263 -1 0 0
927.7185065807147 39.98465139480444 -1 0 0
953.2684087333565 47.49932849852271 -1 0 0
972.8065692030237 36.97878055331724 -1 0 0
1028.4151797705385 44.49345765703537 -1 0 0
834.5365104946089 9.925942979931635 -1 0 0
789.4484478722998 71.54629523042082 -1 0 0
735.3427727255287 9.925942979931635 -1 0 0
670.7165496335522 53.511070181497246 -1 0 0
685.7459038409886 39.98465139480444 -1 0 0
675.2253558957831 15.937684662906166 -1 0 0
673.7224204750395 5.417136717700701 -1 0 0
615.1079390660375 15.937684662906166 -1 0 0
398.68523847895335 121.14316411496097 -1 0 0
275.44453397797486 97.09619738306286 -1 0 0
282.9592110816931 79.0609723341391 -1 0 0
207.81244004451105 160.21948505429563 -1 0 0
132.66566900732906 89.58152027934457 -1 0 0
116.13337937914905 85.07271401711364 -1 0 0
152.2038294769964 53.511070181497246 -1 0 0
135.6715398488163 15.937684662906166 -1 0 0
307.00617781359136 29.46410344959897 -1 0 0
331.0531445454895 -2.0975403860174278 -1 0 0
33.47193123824885 107.61674532826831 -1 0 0
18.442577030812448 86.57564943785724 -1 0 0
30.46606039676151 85.07271401711364 -1 0 0
10.927899927094247 49.002263919266305 -1 0 0
748.4645550527903 21.511508099743484 -1 0 0
140.81620340443874 155.52149810973344 -1 0 0
321.8831364713718 257.81920040743574 -1 0 0
552.3087108969462 247.65336624160153 -1 0 0
613.1758437640791 55.845174433409824 -1 0 0
588.6243952126305 41.523496111731504 -1 0 0
641.8192004074357 22.086932675168047 -1 0 0
678.6463732346085 21.57544416367954 -1 0 0
661.7672523554877 28.736283324518702 -1 0 0
786.0589606471958 26.690329278564608 -1 0 0
869.9430765313117 45.61540420363956 -1 0 0
914.4425770308121 23.10990969814506 -1 0 0
984.0050145932498 9.811208399443748 -1 0 0
119.07794166617698 77.32769191592723 -1 0 0
129.30771189594722 75.28173786997321 -1 0 0
176.36465495289025 12.368650956886356 -1 0 0
195.8012183894537 37.43158801982338 -1 0 0
242.85816144639674 86.02299661123196 -1 0 0
229.0479716362069 150.47054905878437 -1 0 0
374.31070889894414 99.32169790993323 -1 0 0
462.28673287496804 181.15985974809504 -1 0 0
140.57157846416163 568.2371303036264 -1 0 0
312.879270771854 10.32408682536562 -1 0 0
328.9327824775397 2.4043543838940296 -1 0 0
364.8926486982754 24.023083480883987 -1 0 0
413.9093711063022 7.969571775198382 -1 0 0
432.74549150764 4.972916256803728 -1 0 0
316.7321135812186 23.80903665814153 -1 0 0
123.0197389992787 44.46455505279022 -1 0 0
582.7923142501149 29.374254049445884 -1 0 0
715.0732507049644 2.8324480293789853 -1 0 0
770.5113777952654 8.825759066168295 -1 0 0
882.4578660895796 5.186963079546223 -1 0 0
1019.0197389992787 8.825759066168295 -1 0 0
1022.0163945176735 56.45117712636883 -1 0 0
