36.21320077326706 268.7765810549572 -1 0 0
65.05827119580222 194.26014913007464 -1 0 0
115.53714443523889 118.5418392709197 -1 0 0
129.95967964650646 77.67798950566151 -1 0 0
158.8047500690417 25.99723833195258 -1 0 0
172.025407346037 52.43855288594319 -1 0 0
198.4667219000276 24.795360397680305 -1 0 0
210.4855012427506 51.2366749516709 -1 0 0
202.0723557028445 88.49489091411213 -1 0 0
218.8986467826567 108.92681579674122 -1 0 0
180.43855288594307 191.8563932615301 -1 0 0
313.84700359016836 176.23198011599015 -1 0 0
329.47141673570843 147.38690969345492 -1 0 0
352.30709748688207 110.1286937310135 -1 0 0
336.6826843413422 81.28362330847834 -1 0 0
300.62634631317303 101.71554819110742 -1 0 0
251.34935100800882 50.034797017398496 -1 0 0
266.9737641535487 42.8235294117647 -1 0 0
394.3728251864125 52.43855288594319 -1 0 0
399.1803369235017 101.71554819110742 -1 0 0
399.1803369235017 118.5418392709197 -1 0 0
507.34935100800885 105.3211819939244 -1 0 0
560.23198011599 113.73432753383047 -1 0 0
561.4338580502623 166.61695664181175 -1 0 0
539.8000552333608 194.26014913007464 -1 0 0
381.1521679094172 345.69676884838447 -1 0 0
309.03949185307926 516.3634355150512 -1 0 0
478.50428058547357 411.800055233361 -1 0 0
509.75310687655343 429.82822424744546 -1 0 0
565.0394918530792 479.10521955260987 -1 0 0
617.9221209610604 378.1474730737366 -1 0 0
690.0347970173984 481.5089754211544 -1 0 0
658.7859707263186 718.2789284727976 -1 0 0
823.4432477216238 589.6779895056615 -1 0 0
848.6826843413421 378.1474730737366 -1 0 0
837.8657829328914 285.6028721347695 -1 0 0
720.0817453742061 345.69676884838447 -1 0 0
879.9315106324219 236.32587682960516 -1 0 0
978.4855012427505 185.84700359016855 -1 0 0
947.2366749516708 25.99723833195258 -1 0 0
852.2883181441591 84.88925711129531 -1 0 0
817.4338580502623 66.86108809721077 -1 0 0
730.8986467826567 101.71554819110742 -1 0 0
690.0347970173984 100.51367025683514 -1 0 0
650.3728251864126 41.62165147749243 -1 0 0
626.3352665009666 46.42916321458167 -1 0 0
625.1333885666942 92.1005247169291 -1 0 0
592.682684341342 52.43855288594319 -1 0 0
533.7906655619995 33.20850593758637 -1 0 0
616.7202430267881 10.67329466998069 -1 0 0
534.6623572505925 4.120898709133982 -1 0 0
872.2447748330101 4.120898709133982 -1 0 0
1000.6117122434259 113.38763197586715 -1 0 0
