5.340214826088021 116.35033856062121 -1 0 0
13.403206952072223 101.37621032665044 -1 0 0
24.921767132049744 103.67992236264598 -1 0 0
39.89589536602048 133.6281788305874 -1 0 0
60.629303689979984 105.9836343986414 -1 0 0
89.42570413992372 78.3390899666954 -1 0 0
135.49994485983373 36.8722733187764 -1 0 0
167.75191336377077 84.09837005668412 -1 0 0
21.466199078056494 176.24685149650415 -1 0 0
163.14448929177973 338.658550034187 -1 0 0
282.9375151635457 296.0398773682702 -1 0 0
295.607931361521 140.53931493857388 -1 0 0
279.48194710955244 117.50219457861898 -1 0 0
403.8823970533095 149.75416308255595 -1 0 0
475.2974701691699 91.00950616467077 -1 0 0
499.48644654712274 142.84302697456943 -1 0 0
509.8531507091026 205.04325194644792 -1 0 0
500.6383025651205 264.93976488233096 -1 0 0
447.65292573722394 350.17711021416443 -1 0 0
540.9532631950417 311.01400560224096 -1 0 0
509.8531507091026 408.9217671320497 -1 0 0
701.061249696729 411.22547916804524 -1 0 0
638.8610247248505 249.96563664836017 -1 0 0
675.7204173007784 196.98025982046366 -1 0 0
787.4504510465603 196.98025982046366 -1 0 0
808.1838593705198 534.4740730938045 -1 0 0
1005.1512384481349 510.2850967158517 -1 0 0
827.7654116764814 756.7822845673703 -1 0 0
487.9678863671453 9.2277288868304 -1 0 0
139.28729752770678 104.39766542068323 -1 0 0
193.22709685881048 108.67860187553269 -1 0 0
854.2036854875734 19.635123614663147 -1 0 0
