227.80243236535128 661.8277488210474 -1 0 0
664.0555969223134 520.8657235045918 -1 0 0
788.004964010921 402.9923057830728 -1 0 0
801.3720526185158 359.2454703400349 -1 0 0
944.7644576818069 602.2834450235791 -1 0 0
945.9796475552247 210.9923057830729 -1 0 0
961.7771159096552 163.5999007197818 -1 0 0
945.9796475552247 88.25812856788309 -1 0 0
964.2074956564904 70.03028046661733 -1 0 0
942.3340779349717 49.37205261851599 -1 0 0
920.4606602134525 12.916356415984447 -1 0 0
802.5872424919336 87.04293869446543 -1 0 0
768.5619260362374 54.232812112186856 -1 0 0
749.1188880615538 36.0049640109211 -1 0 0
593.5745842640854 70.03028046661733 -1 0 0
589.9290146438323 45.72648299826288 -1 0 0
637.3214197071234 40.86572350459199 -1 0 0
627.5999007197817 21.42268552990843 -1 0 0
569.2707867957309 49.37205261851599 -1 0 0
512.1568627450981 118.63787540332609 -1 0 0
531.5999007197817 117.42268552990843 -1 0 0
553.4733184413006 207.34673616281978 -1 0 0
572.9163564159842 297.2707867957311 -1 0 0
534.0302804666171 272.96698932737667 -1 0 0
508.511293124845 268.1062298337058 -1 0 0
233.8783817324399 104.05559692231341 -1 0 0
237.52395135269305 83.39736907421221 -1 0 0
231.44800198560444 33.57458426408566 -1 0 0
270.3340779349716 37.22015388433876 -1 0 0
300.71382477041453 44.51129312484508 -1 0 0
355.397369074212 44.51129312484508 -1 0 0
346.891039960288 71.24547034003498 -1 0 0
380.91635641598424 97.97964755522487 -1 0 0
407.65053363117414 83.39736907421221 -1 0 0
131.80243236535134 127.1442045172502 -1 0 0
89.27078679573107 134.43534375775647 -1 0 0
69.8277488210475 135.6505336311742 -1 0 0
83.19483742864246 89.47331844130075 -1 0 0
107.4986348969969 87.04293869446543 -1 0 0
55.245470340034835 53.01762223876921 -1 0 0
77.11888806155385 49.37205261851599 -1 0 0
67.39736907421207 36.0049640109211 -1 0 0
38.23281211218679 44.51129312484508 -1 0 0
12.713824770414623 28.713824770414764 -1 0 0
29.726482998262735 74.89103996028821 -1 0 0
557.1188880615539 29.929014643832417 -1 0 0
493.9290146438323 29.929014643832417 -1 0 0
489.06825515016146 53.01762223876921 -1 0 0
459.9036981881361 21.42268552990843 -1 0 0
445.3214197071234 32.35939439066786 -1 0 0
401.57458426408544 18.992305783072986 -1 0 0
385.7771159096551 20.20749565649078 -1 0 0
378.4859766691488 25.06825515016167 -1 0 0
376.0555969223133 36.0049640109211 -1 0 0
177.97964755522472 40.86572350459199 -1 0 0
131.80243236535134 32.35939439066786 -1 0 0
842.6885083147182 10.485976669149 -1 0 0
868.2074956564904 6.840407048895762 -1 0 0
885.2201538843387 10.485976669149 -1 0 0
994.5872424919336 3.1948374286426664 -1 0 0
1018.891039960288 4.410027302060318 -1 0 0
965.4226855299082 -0.4507321916105723 -1 0 0
965.4226855299082 -0.4507321916105723 -1 0 0
967.8530652767439 1.9796475552248722 -1 0 0
1022.5366095805412 234.08091337800963 -1 0 0
572.9163564159842 32.35939439066786 -1 0 0
581.4226855299082 1.9796475552248722 -1 0 0
444.10622983370564 4.410027302060318 -1 0 0
473.270786795731 4.410027302060318 -1 0 0
515.8024323653514 10.485976669149 -1 0 0
208.35939439066777 1.9796475552248722 -1 0 0
242.02977244409482 39.86254836382715 -1 0 0
262.5782674273724 30.44448816315825 -1 0 0
283.7689028788774 20.812381139746876 -1 0 0
368.95953833038243 19.956193848776998 -1 0 0
388.4377991999477 13.96288281198769 -1 0 0
236.25050823004798 118.41773231031544 -1 0 0
116.59833431700443 25.62843465145245 -1 0 0
185.94950488556634 14.926093514328672 -1 0 0
162.832448029379 29.48127746081695 -1 0 0
11.287297527706746 101.82910354777353 -1 0 0
605.0531838153322 15.78228080529858 -1 0 0
622.8190701029577 37.293986490917455 -1 0 0
589.8558594006165 6.043150370516099 -1 0 0
564.1702406715195 6.899337661486011 -1 0 0
508.0899731129911 13.96288281198769 -1 0 0
319.9428159223557 160.37090956784053 -1 0 0
448.37090956784067 21.454521607974325 -1 0 0
832.5849563905832 10.32408682536562 -1 0 0
855.2739196012856 10.966227293593036 -1 0 0
