720.3646549528902 661.5594601476955 -1 0 0
726.5984211866564 615.4295900178254 -1 0 0
422.3906289788642 631.6373822256176 -1 0 0
388.7282913165266 626.6503692386045 -1 0 0
229.14387573211093 664.0529666412019 -1 0 0
118.18283677107199 551.8451744334099 -1 0 0
65.81920040743567 505.71530430353965 -1 0 0
64.78023936847464 427.4815380697734 -1 0 0
97.81920040743566 411.27374586198124 -1 0 0
163.27374586198113 414.3906289788644 -1 0 0
208.156862745098 458.02699261522804 -1 0 0
253.66335625159152 427.4815380697734 -1 0 0
244.9360835243188 408.7802393684747 -1 0 0
286.70231729055257 495.4295900178254 -1 0 0
393.29971988795523 467.3776419658774 -1 0 0
438.1828367710721 434.9620575502929 -1 0 0
378.9620575502928 427.4815380697734 -1 0 0
480.57244716068243 373.2477718360072 -1 0 0
490.5464731347084 466.7542653425007 -1 0 0
408.8841354723708 376.3646549528903 -1 0 0
407.01400560224096 358.9101094983448 -1 0 0
367.7412783295136 352.052966641202 -1 0 0
347.1698497580851 337.09192768016305 -1 0 0
362.1308887191241 319.0140056022409 -1 0 0
346.5464731347085 318.39062897886424 -1 0 0
11.793226381461649 364.52049910873444 -1 0 0
34.85816144639669 354.54647313470844 -1 0 0
61.03997962821489 357.0399796282149 -1 0 0
72.88413547237074 347.6893302775656 -1 0 0
72.88413547237074 347.6893302775656 -1 0 0
124.62439521263046 345.81920040743574 -1 0 0
141.4555640437993 354.54647313470844 -1 0 0
155.16984975808504 358.2867328749682 -1 0 0
155.7932263814617 343.9490705373059 -1 0 0
173.2477718360071 333.97504456327994 -1 0 0
174.49452508276036 352.052966641202 -1 0 0
172.62439521263047 378.23478482302016 -1 0 0
193.19582378405906 367.63738222561756 -1 0 0
198.1828367710721 348.3127069009422 -1 0 0
215.6373822256175 338.33868092691625 -1 0 0
219.37764196587725 353.9230965113318 -1 0 0
238.70231729055257 331.4815380697734 -1 0 0
250.5464731347084 336.4685510567864 -1 0 0
250.5464731347084 348.3127069009422 -1 0 0
263.63738222561756 347.065953654189 -1 0 0
268.6243952126306 332.7282913165266 -1 0 0
289.1958237840591 335.22179781003314 -1 0 0
306.6503692386045 330.23478482302016 -1 0 0
306.6503692386045 330.23478482302016 -1 0 0
319.117901706137 329.6114081996435 -1 0 0
380.20881079704606 322.7542653425007 -1 0 0
394.5464731347085 322.7542653425007 -1 0 0
415.11790170613705 325.2477718360072 -1 0 0
443.79322638146164 316.52049910873444 -1 0 0
477.45556404379937 324.00101858925393 -1 0 0
493.6633562515915 320.8841354723708 -1 0 0
508.41660300483824 459.2737458619811 -1 0 0
532.1049146931499 309.6633562515916 -1 0 0
533.9750445632797 299.6893302775656 -1 0 0
569.5075120957472 304.0529666412019 -1 0 0
581.9750445632797 305.2997198879552 -1 0 0
600.0529666412018 295.3256939139292 -1 0 0
623.1179017061369 297.8192004074357 -1 0 0
633.7153043035395 305.9230965113318 -1 0 0
654.286732874968 299.6893302775656 -1 0 0
654.9101094983448 348.93608352431886 -1 0 0
600.6763432645786 367.01400560224084 -1 0 0
613.7672523554876 410.02699261522787 -1 0 0
564.5204991087343 458.6503692386046 -1 0 0
590.0789406671759 461.14387573211104 -1 0 0
648.0529666412018 488.57244716068243 -1 0 0
737.8192004074356 356.41660300483835 -1 0 0
762.130888719124 334.5984211866565 -1 0 0
797.6633562515915 325.8711484593838 -1 0 0
785.8192004074356 410.02699261522787 -1 0 0
679.221797810033 282.2347848230201 -1 0 0
699.169849758085 299.6893302775656 -1 0 0
720.9880315762667 297.8192004074357 -1 0 0
721.6114081996434 286.5984211866565 -1 0 0
734.0789406671759 299.6893302775656 -1 0 0
753.4036159918512 289.09192768016294 -1 0 0
765.247771836007 300.9360835243188 -1 0 0
772.7282913165266 279.7412783295136 -1 0 0
796.4166030048382 302.80621339444866 -1 0 0
813.247771836007 287.84517443340974 -1 0 0
837.5594601476954 286.5984211866565 -1 0 0
860.6243952126304 285.3516679399032 -1 0 0
882.4425770308123 297.1958237840591 -1 0 0
896.7802393684746 271.6373822256175 -1 0 0
906.130888719124 284.10491469314996 -1 0 0
807.6373822256177 712.6763432645787 -1 0 0
803.8971224853577 479.53348612172147 -1 0 0
936.0529666412019 515.6893302775657 -1 0 0
978.4425770308125 367.32569391392923 -1 0 0
978.4425770308125 367.32569391392923 -1 0 0
914.8581614463967 323.6893302775656 -1 0 0
914.8581614463967 323.6893302775656 -1 0 0
951.014005602241 319.9490705373059 -1 0 0
974.7023172905525 318.7023172905526 -1 0 0
929.8192004074357 280.0529666412019 -1 0 0
928.5724471606823 270.07894066717597 -1 0 0
967.2217978100331 270.07894066717597 -1 0 0
980.9360835243187 267.5854341736695 -1 0 0
992.156862745098 283.7932263814617 -1 0 0
1019.5854341736695 262.59842118665654 -1 0 0
1015.8451744334099 282.54647313470844 -1 0 0
291.48153806977336 814.9101094983449 -1 0 0
