728.114081996435 731.536541889483 -1 0 0
938.9376114081997 380.3921568627451 -1 0 0
912.9269162210338 413.93226381461676 -1 0 0
884.8627450980392 381.0766488413548 -1 0 0
553.5686274509803 516.6060606060606 -1 0 0
587.1087344028521 475.53654188948303 -1 0 0
546.7237076648842 322.21033868092695 -1 0 0
511.8146167557932 343.4295900178254 -1 0 0
491.96434937611417 311.25846702317295 -1 0 0
448.84135472370775 325.63279857397504 -1 0 0
387.2370766488414 387.921568627451 -1 0 0
329.7397504456328 438.57397504456327 -1 0 0
197.63279857397512 452.26381461675584 -1 0 0
89.48306595365426 394.08199643493765 -1 0 0
14.188948306595442 442.6809269162211 -1 0 0
160.6702317290553 340.00713012477723 -1 0 0
168.19964349376116 288.67023172905533 -1 0 0
120.96969696969701 285.93226381461676 -1 0 0
36.092691622103445 312.62745098039215 -1 0 0
36.77718360071309 288.67023172905533 -1 0 0
16.242424242424306 261.97504456327994 -1 0 0
8.713012477718426 245.54723707664894 -1 0 0
3.2370766488414064 277.0338680926917 -1 0 0
29.247771836007207 248.28520499108737 -1 0 0
55.94295900178258 254.44563279857402 -1 0 0
33.35472370766494 225.01247771836015 -1 0 0
57.311942959001875 190.10338680926924 -1 0 0
66.89483065953662 227.065953654189 -1 0 0
81.95365418894838 233.2263814616756 -1 0 0
89.48306595365426 248.28520499108737 -1 0 0
112.07130124777191 238.70231729055263 -1 0 0
138.76648841354728 235.96434937611411 -1 0 0
144.2424242424243 223.64349376114086 -1 0 0
152.45632798573985 222.9590017825313 -1 0 0
178.46702317290556 235.27985739750446 -1 0 0
194.8948306595366 232.54188948306603 -1 0 0
149.03386809269168 257.18360071301254 -1 0 0
136.02852049910877 185.99643493761144 -1 0 0
62.78787878787889 171.62210338680933 -1 0 0
80.58467023172909 180.5204991087344 -1 0 0
279.08734402852053 183.94295900178258 -1 0 0
311.9429590017825 153.14081996434942 -1 0 0
320.8413547237078 178.46702317290556 -1 0 0
333.16221033868095 174.36007130124784 -1 0 0
350.9590017825313 184.6274509803922 -1 0 0
335.9001782531195 186.6809269162211 -1 0 0
335.9001782531195 192.84135472370775 -1 0 0
322.89483065953664 192.84135472370775 -1 0 0
311.25846702317295 188.0499108734403 -1 0 0
287.9857397504457 192.1568627450981 -1 0 0
287.301247771836 203.10873440285206 -1 0 0
298.9376114081997 210.63814616755795 -1 0 0
319.47237076648844 205.84670231729058 -1 0 0
318.1033868092691 233.2263814616756 -1 0 0
263.3440285204991 226.38146167557937 -1 0 0
241.44028520499114 242.1247771836008 -1 0 0
224.3279857397505 226.38146167557937 -1 0 0
283.19429590017836 226.38146167557937 -1 0 0
358.48841354723714 229.80392156862752 -1 0 0
374.2317290552585 233.91087344028526 -1 0 0
387.921568627451 214.7450980392158 -1 0 0
394.0819964349377 192.1568627450981 -1 0 0
408.45632798573973 190.10338680926924 -1 0 0
415.3012477718361 230.48841354723717 -1 0 0
441.31194295900184 244.86274509803928 -1 0 0
468.6916221033868 225.01247771836015 -1 0 0
464.5846702317291 205.84670231729058 -1 0 0
448.84135472370775 201.73975044563286 -1 0 0
471.4295900178254 195.57932263814618 -1 0 0
507.7076648841355 187.36541889483073 -1 0 0
550.8306595365419 181.88948306595373 -1 0 0
574.1033868092692 178.46702317290556 -1 0 0
588.4777183600713 175.72905525846704 -1 0 0
635.0231729055259 168.19964349376116 -1 0 0
671.9857397504456 149.03386809269168 -1 0 0
677.4616755793227 137.39750445632808 -1 0 0
691.1515151515151 144.92691622103396 -1 0 0
701.4188948306596 149.03386809269168 -1 0 0
689.782531194296 188.0499108734403 -1 0 0
682.2531194295901 190.10338680926924 -1 0 0
680.1996434937611 206.53119429590024 -1 0 0
662.4028520499108 275.66488413547245 -1 0 0
305.78253119429604 283.19429590017836 -1 0 0
246.2317290552585 275.66488413547245 -1 0 0
229.1194295900179 264.02852049910877 -1 0 0
257.86809269162217 258.55258467023174 -1 0 0
296.8841354723709 332.4777183600714 -1 0 0
902.6595365418896 292.0926916221034 -1 0 0
908.1354723707665 266.08199643493765 -1 0 0
862.9590017825311 259.92156862745105 -1 0 0
856.7985739750445 177.78253119429598 -1 0 0
821.8894830659538 170.93761140819967 -1 0 0
823.2584670231729 155.8787878787879 -1 0 0
859.5365418894831 113.4402852049912 -1 0 0
869.1194295900178 120.96969696969708 -1 0 0
872.541889483066 128.4991087344029 -1 0 0
887.6007130124777 118.91622103386823 -1 0 0
901.2905525846703 117.54723707664893 -1 0 0
890.3386809269163 131.92156862745105 -1 0 0
921.1408199643494 118.2317290552585 -1 0 0
930.0392156862745 126.44563279857404 -1 0 0
936.8841354723708 132.60606060606068 -1 0 0
958.1033868092692 127.81461675579332 -1 0 0
959.4723707664884 173.67557932263819 -1 0 0
956.0499108734404 138.76648841354728 -1 0 0
887.0873440285204 87.2584670231729 -1 0 0
926.1033868092691 82.80926916221031 -1 0 0
928.4991087344029 79.72905525846701 -1 0 0
811.1087344028521 88.96969696969694 -1 0 0
753.2691622103387 95.4723707664884 -1 0 0
769.6969696969697 93.76114081996435 -1 0 0
853.204991087344 75.27985739750443 -1 0 0
862.7878787878789 80.75579322638146 -1 0 0
924.3921568627451 59.1942959001782 -1 0 0
916.8627450980392 58.16755793226377 -1 0 0
912.4135472370767 67.06595365418895 -1 0 0
997.6327985739749 156.73440285204987 -1 0 0
986.8092691622103 192.3707664884135 -1 0 0
1016.8413547237076 182.70231729055251 -1 0 0
97.85116843940376 274.18683277506807 -1 0 0
1009.3236959119312 445.0239956122309 -1 0 0
895.0060135942488 110.06295665119202 -1 0 0
902.166852755088 111.08593367416901 -1 0 0
897.5634561516914 102.90211749035285 -1 0 0
935.9250945133297 53.79922038745573 -1 0 0
1013.4156040038393 143.24577383400916 -1 0 0
235.18027411633548 233.03980588891068 -1 0 0
21.989638664830427 293.40100990228865 -1 0 0
915.8491704374056 52.277264082890596 -1 0 0
916.7053577283756 51.421076791920704 -1 0 0
933.5080333136599 53.24047478523173 -1 0 0
911.7822808052987 59.982949701619695 -1 0 0
889.5214112400813 60.73211358121836 -1 0 0
903.0063610728572 61.37425404944578 -1 0 0
933.8291035477736 80.21037445078365 -1 0 0
936.1836185979408 78.71204669158634 -1 0 0
