109.87114845938385 437.24442034878473 -1 0 0
92.17529592482164 373.53935122436064 -1 0 0
28.47022680039763 381.79741574048967 -1 0 0
108.69142495707966 293.3181530676786 -1 0 0
142.90340652389997 283.8803650492454 -1 0 0
183.01400560224099 462.01861389717175 -1 0 0
194.81124062528247 452.58082587873855 -1 0 0
179.47483509532856 405.39188578657263 -1 0 0
245.53935122436087 392.41492726122704 -1 0 0
220.76515767597368 423.0877383211349 -1 0 0
244.35962772205662 359.3826691967109 -1 0 0
242.0001807174484 342.86654016445283 -1 0 0
254.97713924279407 320.451793620674 -1 0 0
234.92183970362348 296.857323574591 -1 0 0
252.6176922381857 263.8250655100749 -1 0 0
278.57160928887697 285.0600885515496 -1 0 0
339.9172314086927 229.6130839432546 -1 0 0
379.43796873588155 194.8112406252822 -1 0 0
423.0877383211351 190.68220836721773 -1 0 0
439.6038673533931 273.26285352850806 -1 0 0
482.0739134363425 292.7282913165265 -1 0 0
490.33197795247145 283.88036504924537 -1 0 0
463.7881991506282 372.94948947320853 -1 0 0
549.3181530676788 310.42414385108873 -1 0 0
511.5670009939462 309.24442034878456 -1 0 0
568.7835908556973 286.82967380500577 -1 0 0
590.018613897172 375.8987982289689 -1 0 0
596.5070931598448 408.3411945423329 -1 0 0
552.2674618234391 266.18451251468315 -1 0 0
578.2213788741306 211.3273696575403 -1 0 0
544.5992590584623 203.65916689256332 -1 0 0
539.8803650492456 190.68220836721773 -1 0 0
573.502484864914 200.11999638565086 -1 0 0
592.3780609017804 210.14764615523612 -1 0 0
276.21216228426863 273.26285352850806 -1 0 0
293.3181530676788 293.9080148188306 -1 0 0
328.70985813680323 313.37345260684907 -1 0 0
575.5670009939462 273.85271527966023 -1 0 0
632.1937291045452 223.12460468058185 -1 0 0
666.9955724225176 226.07391343634225 -1 0 0
676.1384295653748 230.20294569440674 -1 0 0
689.4103189662964 227.2536369386464 -1 0 0
722.4425770308126 225.48405168519014 -1 0 0
717.133821270444 282.9955724225174 -1 0 0
707.4011023764347 280.63612541790906 -1 0 0
408.34119454233314 482.07391343634225 -1 0 0
434.2951115930244 480.8941899340381 -1 0 0
607.7144664317341 480.8941899340381 -1 0 0
657.2628535285083 404.2121622842685 -1 0 0
755.1799042197526 347.58543417366946 -1 0 0
915.6223005331167 473.81584892021317 -1 0 0
987.5854341736698 539.8803650492455 -1 0 0
946.2951115930246 347.58543417366946 -1 0 0
895.5670009939461 332.2490286437155 -1 0 0
836.5808258787388 321.63151712297815 -1 0 0
810.6269088280476 283.8803650492454 -1 0 0
955.7328996114576 305.70524984187216 -1 0 0
932.1384295653746 294.4978765699828 -1 0 0
874.9218397036234 290.3688443119183 -1 0 0
858.4057106713653 285.0600885515496 -1 0 0
856.6361254179092 260.2858950031625 -1 0 0
878.4610102105358 252.02783048703347 -1 0 0
899.1061715008584 252.02783048703347 -1 0 0
901.4656185054668 275.0324387819643 -1 0 0
955.7328996114576 247.89879822896896 -1 0 0
1024.1568627450981 305.70524984187216 -1 0 0
981.6868166621488 210.1476461552362 -1 0 0
905.0047890123792 216.636125417909 -1 0 0
916.8020240354207 223.7144664317339 -1 0 0
917.9817475377248 214.27667841330071 -1 0 0
929.1891208096142 196.5808258787385 -1 0 0
879.64073371284 198.9402728833468 -1 0 0
754.0001807174482 224.30432818288597 -1 0 0
706.2213788741302 175.64073371283988 -1 0 0
722.4425770308123 176.23059546399196 -1 0 0
714.4794433902593 163.5485678142224 -1 0 0
718.6084756483239 165.61308394325462 -1 0 0
738.0739134363422 167.0877383211348 -1 0 0
791.751332791181 175.64073371283988 -1 0 0
797.9448811782777 169.74211620131916 -1 0 0
812.6914249570797 172.39649408150345 -1 0 0
815.935664588416 176.525526339568 -1 0 0
827.7328996114575 168.85732357459105 -1 0 0
829.5024848649136 197.17068762989055 -1 0 0
800.3043281828861 173.87114845938368 -1 0 0
917.9817475377248 193.6315171229781 -1 0 0
896.4517936206742 193.6315171229781 -1 0 0
895.5670009939461 205.13382127044355 -1 0 0
886.4241438510888 180.65455859763247 -1 0 0
871.9725309478631 189.79741574048964 -1 0 0
854.8665401644529 187.1430378603053 -1 0 0
853.3918857865726 177.11538809072005 -1 0 0
841.5946507635313 172.9863558326555 -1 0 0
833.3365862474021 167.97253094786288 -1 0 0
937.7421162013193 158.82967380500574 -1 0 0
948.0646968464806 156.76515767597348 -1 0 0
958.9771392427939 160.89418993403802 -1 0 0
944.2305954639921 189.5024848649136 -1 0 0
970.1845125146833 192.74672449624998 -1 0 0
990.5347429294299 200.41492726122698 -1 0 0
1001.7421162013193 207.78819915062786 -1 0 0
1010.0001807174484 192.1568627450979 -1 0 0
994.0739134363423 177.41031896629607 -1 0 0
974.9034065239 169.74211620131913 -1 0 0
1021.5024848649136 218.1107797957892 -1 0 0
1023.5670009939461 193.041655371826 -1 0 0
