743.5325433258605 710.3129425999075 -1 0 0
937.2748300772217 626.6831785345718 -1 0 0
292.3964271734103 603.6849934166044 -1 0 0
267.3074979538095 566.0515995872032 -1 0 0
265.2167538521762 258.0153019465499 -1 0 0
263.82292445108726 223.86648161987114 -1 0 0
249.18771573965347 196.68680829863703 -1 0 0
332.1205651044447 165.32564677413615 -1 0 0
350.9372620191453 221.0788228176933 -1 0 0
359.9971531262234 212.71584641115976 -1 0 0
380.2076794420128 250.34924024056082 -1 0 0
388.5706558485464 225.2603110209601 -1 0 0
444.3238318921036 271.25668125689475 -1 0 0
457.56521120244844 235.0171168285826 -1 0 0
346.0588591153341 347.22038361624135 -1 0 0
369.0570442333014 184.83925838938114 -1 0 0
391.35831465072425 175.08245258175862 -1 0 0
394.8428881534465 165.32564677413615 -1 0 0
401.8120351588912 182.74851428774775 -1 0 0
435.26394078502545 185.53617308992563 -1 0 0
435.96085548557005 162.53798797195827 -1 0 0
461.04978470517074 148.599693961069 -1 0 0
507.7430696416498 197.3837229991815 -1 0 0
547.699512472866 153.4780968648802 -1 0 0
531.6704743603433 141.6305469556243 -1 0 0
563.0316358848441 138.14597345290196 -1 0 0
599.9681150137008 153.4780968648802 -1 0 0
632.0261912387462 229.44179922422686 -1 0 0
610.4218355218678 315.8592220917405 -1 0 0
669.6595850681473 294.95178107540653 -1 0 0
674.5379879719586 158.35649976869144 -1 0 0
712.8682965019041 143.72129105725767 -1 0 0
776.2875342514504 177.8701113839365 -1 0 0
758.8646667378388 169.50713497740293 -1 0 0
807.6486957759513 243.38009323511616 -1 0 0
884.5416177360238 223.51802426959893 -1 0 0
924.9626703676025 206.09515675598732 -1 0 0
823.2131240881108 162.18953062168603 -1 0 0
835.7575886979113 148.25123661079675 -1 0 0
911.7212910572579 181.70314223693106 -1 0 0
886.6323618376571 99.46720757268422 -1 0 0
895.6922529447352 98.07337817159528 -1 0 0
901.9644852496353 83.43816946016155 -1 0 0
915.2058645599803 84.83199886125048 -1 0 0
927.0534144692361 74.37827835308353 -1 0 0
917.993523362158 73.68136365253902 -1 0 0
929.1441585708694 59.04615494110525 -1 0 0
922.1750115654248 134.31294259990744 -1 0 0
910.327461656169 107.83018397921781 -1 0 0
938.900964378492 169.15867762713071 -1 0 0
977.928187608982 147.5543219102523 -1 0 0
984.2004199138821 114.10241628411798 -1 0 0
982.1096758122488 99.46720757268422 -1 0 0
1013.4708373367497 81.34742535852816 -1 0 0
1023.2276431443723 121.07156328956262 -1 0 0
1003.7140315291272 152.43272481406353 -1 0 0
1014.8646667378387 171.94633642930856 -1 0 0
998.835628625316 280.66502971424507 -1 0 0
961.8991494964592 267.42365040390024 -1 0 0
193.78299704636854 112.88281555816519 -1 0 0
210.50894985943566 108.7013273548984 -1 0 0
213.64506601188577 105.56521120244831 -1 0 0
200.0552293512687 104.86829650190386 -1 0 0
186.8138500409239 90.93000249101455 -1 0 0
189.94996619337397 82.21856873420874 -1 0 0
206.32746165616888 86.0515995872033 -1 0 0
212.25123661079684 89.88463044019785 -1 0 0
216.78118216433586 80.82473933311981 -1 0 0
211.55432191025238 80.12782463257534 -1 0 0
230.3710188249529 111.14052880680403 -1 0 0
259.2929788975482 106.26212590299278 -1 0 0
264.8682965019039 103.12600975054268 -1 0 0
274.6251023095264 96.50532009537027 -1 0 0
280.2004199138821 82.56702608448099 -1 0 0
289.6087683712324 108.7013273548984 -1 0 0
295.8810006761326 128.9118536706879 -1 0 0
312.955410839472 77.16593715526135 -1 0 0
327.2421622006335 78.55976655635027 -1 0 0
304.2439770826662 103.648695775951 -1 0 0
310.5162093875664 110.26938543112341 -1 0 0
319.57610049464444 118.98081918792921 -1 0 0
331.0751930536281 124.90459414255717 -1 0 0
358.9517810754067 131.17682644745736 -1 0 0
368.3601295327569 123.51076474146822 -1 0 0
407.387352763247 140.58517490480762 -1 0 0
419.23490267250287 135.35831465072417 -1 0 0
406.3419807124302 118.63236183765697 -1 0 0
377.07156328956285 104.6940678267677 -1 0 0
379.1623073911961 95.98263406996188 -1 0 0
369.4055015835737 91.10423116615063 -1 0 0
365.572470730579 85.87737091206714 -1 0 0
338.74125475961716 99.11875022241198 -1 0 0
340.8319988612506 90.40731646560617 -1 0 0
342.922742962884 70.89370485036116 -1 0 0
361.04252517704015 83.08971210988929 -1 0 0
365.572470730579 70.89370485036116 -1 0 0
358.6033237251345 68.45450339845553 -1 0 0
386.47991174691305 73.33290630226679 -1 0 0
380.5561367922851 59.39461229137749 -1 0 0
361.56521120244844 50.77029287213979 -1 0 0
362.78481192840127 40.83925838938118 -1 0 0
366.61784278139584 39.44542898829224 -1 0 0
367.1405288068042 35.7866268104338 -1 0 0
375.6777338884738 35.612398135297695 -1 0 0
374.1096758122488 42.93000249101457 -1 0 0
376.0261912387461 54.080637699726005 -1 0 0
370.62510230952654 50.77029287213979 -1 0 0
365.7466994057152 48.33109142023418 -1 0 0
388.2221984982742 57.390982527312204 -1 0 0
391.8810006761327 49.89914949645922 -1 0 0
387.52528379772974 48.6795487705064 -1 0 0
385.0860823458242 46.066118643464655 -1 0 0
381.4272801679657 50.77029287213979 -1 0 0
389.9644852496354 38.05159958720332 -1 0 0
382.47265221878234 41.18771573965341 -1 0 0
378.9880787160601 35.26394078502546 -1 0 0
400.06974840753014 66.62510230952637 -1 0 0
400.76666310807457 59.65595530408172 -1 0 0
399.7212910572579 52.8610369737732 -1 0 0
396.93363225508 46.066118643464655 -1 0 0
398.15323298103283 40.66502971424506 -1 0 0
399.89551973239406 38.74851428774778 -1 0 0
403.9027792605247 37.52891356179497 -1 0 0
407.2131240881109 35.96085548556993 -1 0 0
397.4563182804884 36.30931283584216 -1 0 0
394.1459734529022 38.40005693747555 -1 0 0
407.91003878865536 47.98263406996194 -1 0 0
411.74306964164987 42.40731646560622 -1 0 0
419.409131347639 48.33109142023418 -1 0 0
422.1967901498169 42.58154514074234 -1 0 0
419.93181737304735 40.49080103910894 -1 0 0
413.13689904273883 54.60332372513435 -1 0 0
415.2276431443722 62.617842781395694 -1 0 0
401.8120351588913 85.96448524963526 -1 0 0
404.77392263620527 81.95722572150459 -1 0 0
424.4617629265864 67.49624568520694 -1 0 0
425.85559232767537 61.92092808085124 -1 0 0
431.2566812568949 64.36012953275686 -1 0 0
435.4381694601617 69.41276111170421 -1 0 0
434.9154834347534 79.16956691932674 -1 0 0
435.61239813529784 85.2675705490908 -1 0 0
427.77210775417257 50.77029287213979 -1 0 0
429.16593715526153 44.84651791751185 -1 0 0
432.3020533077117 42.40731646560622 -1 0 0
429.16593715526153 34.567026084481 -1 0 0
443.97537454183146 54.951781075406586 -1 0 0
438.9227429628842 51.118750222412025 -1 0 0
440.6650297142453 44.149603216967385 -1 0 0
436.6577701861146 34.915483434753234 -1 0 0
444.14960321696765 33.87011138393654 -1 0 0
454.95178107540687 44.84651791751185 -1 0 0
450.42183552186776 49.20223479591475 -1 0 0
448.1568627450983 43.10423116615069 -1 0 0
446.0661186434649 47.28571936941748 -1 0 0
449.02800612077885 46.066118643464655 -1 0 0
450.07337817159555 87.18408597558806 -1 0 0
453.55795167431785 74.4653926906516 -1 0 0
454.42909504999847 69.064303761432 -1 0 0
455.47446710081516 61.74669940571511 -1 0 0
460.52709867976256 65.05704423330133 -1 0 0
467.6704743603433 70.2839044873848 -1 0 0
476.73036546742134 91.8882602042632 -1 0 0
492.2367175545357 90.6686594783104 -1 0 0
476.55613679228526 66.27664495925413 -1 0 0
488.7521440518134 63.83744350734851 -1 0 0
467.8447030354794 60.52709867976229 -1 0 0
480.21493897014363 47.634176719689705 -1 0 0
475.3365360663324 33.87011138393654 -1 0 0
463.66321483221265 47.634176719689705 -1 0 0
468.19316038575164 31.953595957439255 -1 0 0
479.16956691932694 33.87011138393654 -1 0 0
483.3510551225938 35.96085548556993 -1 0 0
485.9644852496355 37.18045621152274 -1 0 0
487.00985730045215 39.61965766342836 -1 0 0
489.9717447777661 41.71040176506176 -1 0 0
493.2820896053524 38.05159958720332 -1 0 0
486.48717127504386 32.82473933311983 -1 0 0
485.61602789936325 29.51439450553363 -1 0 0
493.45631828048846 28.29479377958081 -1 0 0
500.25123661079704 29.51439450553363 -1 0 0
432.30205330771173 10.523468915696974 -1 0 0
436.1350841607063 16.09878652005268 -1 0 0
430.2113092060783 17.666844596277734 -1 0 0
447.28571936941773 8.432724814063567 -1 0 0
455.8229244510874 8.781182164335798 -1 0 0
456.694067826768 5.122379986477373 -1 0 0
420.97718942386416 16.621472545461028 -1 0 0
407.7358101135194 17.318387246005503 -1 0 0
404.59969396106925 16.969929895733262 -1 0 0
398.8501476815774 17.666844596277734 -1 0 0
505.8265542151527 30.3855378812142 -1 0 0
508.09152699192225 27.075193053628006 -1 0 0
500.7739226362054 38.40005693747555 -1 0 0
502.69043806270264 38.74851428774778 -1 0 0
506.69769759083334 37.703142236931086 -1 0 0
509.8338137432834 37.18045621152274 -1 0 0
518.0225614746809 38.40005693747555 -1 0 0
513.8410732714141 51.641436247820366 -1 0 0
508.2657556670584 44.149603216967385 -1 0 0
509.13689904273895 56.51983915163163 -1 0 0
501.29660866161373 56.868296501903856 -1 0 0
492.75940357994403 50.77029287213979 -1 0 0
490.32020212803843 48.6795487705064 -1 0 0
498.683178534572 63.31475748194017 -1 0 0
499.9027792605248 75.68499341660441 -1 0 0
513.3183872460057 75.33653606633219 -1 0 0
517.4998754492725 66.27664495925413 -1 0 0
513.666844596278 58.26212590299279 -1 0 0
520.1133055763142 53.55795167431766 -1 0 0
525.5143945055338 41.27483007722146 -1 0 0
517.3256467741364 19.32201701007082 -1 0 0
523.9463364293088 24.200419913882083 -1 0 0
529.1731966833922 27.33653606633217 -1 0 0
534.5742856126119 35.525283797729635 -1 0 0
527.7793672823034 30.821109569054492 -1 0 0
541.5434326180565 25.768477990107126 -1 0 0
540.8465179175121 41.6232874274937 -1 0 0
534.748514287748 47.0243763567133 -1 0 0
529.8701113839368 48.24397708266611 -1 0 0
529.8701113839368 55.38735276324687 -1 0 0
528.6505106579839 59.22038361624143 -1 0 0
537.1877157396536 66.18953062168607 -1 0 0
532.6577701861146 81.3474253585282 -1 0 0
538.9300024910149 65.14415857086938 -1 0 0
533.354684886659 65.84107327141383 -1 0 0
536.316572363973 93.89188996832854 -1 0 0
548.338350948365 74.90096437849188 -1 0 0
550.6033237251346 60.962670367602584 -1 0 0
554.7848119284014 53.12237998647736 -1 0 0
554.087897227857 40.75214405181312 -1 0 0
547.6414362478206 39.00985730045196 -1 0 0
546.2476068467316 45.630546955624375 -1 0 0
557.7466994057154 41.6232874274937 -1 0 0
560.8828155581655 47.547062382121645 -1 0 0
562.2766449592543 58.00078289028862 -1 0 0
566.8065905127934 81.17319668339205 -1 0 0
575.1695669193269 78.73399523148645 -1 0 0
581.267570549091 89.01348706451729 -1 0 0
591.721291057258 90.2330877904701 -1 0 0
588.2367175545356 74.0298210028113 -1 0 0
583.1840859755882 62.18227109355541 -1 0 0
575.3437955944631 63.75032916978045 -1 0 0
580.3964271734104 52.4254652859329 -1 0 0
579.8737411480021 46.850147681577184 -1 0 0
573.775737518238 47.721291057257766 -1 0 0
575.1695669193269 35.69951247286575 -1 0 0
576.5633963204159 30.472652218782265 -1 0 0
583.7067720009967 31.692252944735074 -1 0 0
583.7067720009967 22.980819187929264 -1 0 0
587.365574178855 38.835628625315834 -1 0 0
581.4417992242271 38.13871392477137 -1 0 0
591.8955197323941 46.850147681577184 -1 0 0
591.721291057258 39.35831465072419 -1 0 0
596.0770079356608 41.27483007722146 -1 0 0
599.9100387886555 53.64506601188571 -1 0 0
596.0770079356608 62.53072844382764 -1 0 0
611.7575886979114 53.296608661613476 -1 0 0
608.7957012205974 46.327461656168836 -1 0 0
613.8483327995448 40.229458026404764 -1 0 0
618.2040496779476 36.74488452368245 -1 0 0
615.7648482260421 33.086082345824 -1 0 0
601.8265542151527 36.57065584854633 -1 0 0
601.8265542151527 30.64688089391838 -1 0 0
600.9554108394722 77.51439450553362 -1 0 0
614.0225614746809 70.02256147468063 -1 0 0
624.1278246325757 70.2839044873848 -1 0 0
622.3855378812145 61.04978470517065 -1 0 0
626.3927974093451 50.421835521867564 -1 0 0
625.6958827088007 43.278459841286804 -1 0 0
625.1731966833923 35.08971210988934 -1 0 0
627.7866268104341 20.628732073591703 -1 0 0
631.6196576634286 81.60876837123236 -1 0 0
641.202234795915 70.45813316252092 -1 0 0
649.2167538521765 71.15504786306539 -1 0 0
654.9663001316682 64.36012953275686 -1 0 0
659.8447030354795 53.20949432404542 -1 0 0
648.3456104764958 51.641436247820366 -1 0 0
638.9372620191456 40.66502971424506 -1 0 0
636.1496032169676 27.772107754172463 -1 0 0
652.0044126543543 24.810220276858487 -1 0 0
652.1786413294903 28.81747980498917 -1 0 0
657.0570442333017 23.590619550905675 -1 0 0
664.3746485890185 23.590619550905675 -1 0 0
647.6486957759514 34.567026084481 -1 0 0
651.6559553040821 38.225828262339434 -1 0 0
661.4127611117045 39.27120031315613 -1 0 0
655.1405288068044 43.10423116615069 -1 0 0
671.169566919327 41.884630440197874 -1 0 0
669.9499661933743 32.82473933311983 -1 0 0
674.8283690971855 29.688623180669737 -1 0 0
675.8737411480022 23.416390875769565 -1 0 0
680.4036867015412 24.984448951994604 -1 0 0
681.1006014020857 18.537987971958305 -1 0 0
683.7140315291275 34.567026084481 -1 0 0
690.683178534572 28.64325112985305 -1 0 0
695.3873527632471 27.423650403900233 -1 0 0
693.9935233621583 42.93000249101457 -1 0 0
690.3347211842998 39.27120031315613 -1 0 0
678.8356286253162 47.45994804455359 -1 0 0
686.8501476815776 43.10423116615069 -1 0 0
676.7448845236828 59.48172662894561 -1 0 0
672.9118536706882 69.93544713711258 -1 0 0
684.2367175545357 57.739439877584445 -1 0 0
698.175011565425 48.33109142023418 -1 0 0
701.1368990427391 43.10423116615069 -1 0 0
708.628732073592 25.85559232767519 -1 0 0
707.9318173730476 16.795701220597145 -1 0 0
711.590619550906 17.318387246005503 -1 0 0
724.1350841607062 46.76303334400913 -1 0 0
718.7339952314868 56.868296501903856 -1 0 0
712.6359916017227 45.71766129319243 -1 0 0
702.3564997686918 84.04796982313798 -1 0 0
732.1496032169676 82.82836909718517 -1 0 0
733.0207465926483 38.40005693747555 -1 0 0
729.0134870645176 22.196790149816746 -1 0 0
733.1949752677845 19.757588697911125 -1 0 0
739.1187502224124 20.977189423863937 -1 0 0
737.5506921461873 48.50532009537028 -1 0 0
752.0116721824851 76.29479377958079 -1 0 0
753.7539589338463 59.91729831678587 -1 0 0
762.1169353403799 47.02437635671327 -1 0 0
754.4508736343907 48.4182057578022 -1 0 0
789.9935233621586 67.93181737304721 -1 0 0
808.1133055763146 83.61239813529768 -1 0 0
812.6432511298536 70.0225614746806 -1 0 0
802.5379879719588 98.9445215472759 -1 0 0
811.5978790790369 113.57973025870965 -1 0 0
819.263940785026 111.14052880680403 -1 0 0
773.9644852496359 102.42909504999821 -1 0 0
830.0661186434652 78.38553788121418 -1 0 0
849.231272908438 76.29479377958079 -1 0 0
893.8338137432837 57.12963951460801 -1 0 0
899.4091313476395 30.995338244190613 -1 0 0
863.5180242695996 15.314757481940129 -1 0 0
871.8810006761331 14.966300131667916 -1 0 0
553.5874321756677 122.85016943840473 -1 0 0
533.1278917161271 122.85016943840473 -1 0 0
513.1798397680752 131.54547413370946 -1 0 0
444.1288907171262 140.24077882901418 -1 0 0
419.0659536541892 102.9021174903528 -1 0 0
351.5494701377056 115.68933027756557 -1 0 0
515.2257938140293 93.18383577207108 -1 0 0
531.5934261816617 108.0170026052379 -1 0 0
545.91510450334 102.3906289788643 -1 0 0
572.001018589254 110.06295665119197 -1 0 0
605.2477718360074 103.92509451332985 -1 0 0
618.5464731347087 88.58043916867449 -1 0 0
226.23478482302016 87.55746214569751 -1 0 0
225.72329631153164 102.39062897886436 -1 0 0
895.7287690996131 440.6652239491114 -1 0 0
195.68863532034885 84.49131090563317 -1 0 0
176.8525149190111 89.41438782871009 -1 0 0
181.24047478523184 92.19699652436226 -1 0 0
192.69197980195423 97.01305003606795 -1 0 0
199.64850154108467 95.7287690996131 -1 0 0
269.85585940061645 486.899337661486 -1 0 0
346.59164535379387 71.54147812971333 -1 0 0
346.91271558790766 78.39097645747252 -1 0 0
365.7488359892454 78.28395304610127 -1 0 0
372.81238113974706 74.11004000262302 -1 0 0
376.0230834808842 77.96288281198757 -1 0 0
358.68529083874375 97.86923732703774 -1 0 0
364.7856252869043 103.32743130697085 -1 0 0
344.9862941832253 101.1869630795461 -1 0 0
403.8491704374059 44.51806675847593 -1 0 0
405.98963866483075 43.55485605613481 -1 0 0
425.46789953439594 37.02642796248932 -1 0 0
455.0063610728575 34.6719129123221 -1 0 0
431.1401403370715 74.91271558790737 -1 0 0
416.04983933372705 87.64850154108464 -1 0 0
415.83579251098456 76.73211358121841 -1 0 0
424.9327824775397 84.00970555446257 -1 0 0
429.9628828119879 93.85585940061641 -1 0 0
428.5715784641618 103.2204078955997 -1 0 0
399.24716374844274 113.28060856449602 -1 0 0
382.33746475178714 126.337464751787 -1 0 0
514.1903075611518 82.99298314643569 -1 0 0
482.72542461800793 74.43111023673671 -1 0 0
488.183618597941 78.28395304610126 -1 0 0
406.52475572168686 56.879270771853754 -1 0 0
438.31070889894437 117.34749819660306 -1 0 0
470.8458259558006 109.42776575513149 -1 0 0
493.9628828119878 126.5515115745295 -1 0 0
517.9361269591451 103.86254836382714 -1 0 0
411.7689028788773 165.18696307954616 -1 0 0
489.0398058889109 272.63846809626847 -1 0 0
334.9260935143289 227.68863532034874 -1 0 0
310.9528493671717 173.7488359892451 -1 0 0
300.6786018755329 149.56154501934543 -1 0 0
292.7588694340613 150.41773231031533 -1 0 0
141.42776575513156 691.528100203292 -1 0 0
940.4645550527903 125.26723063807461 -1 0 0
789.5615450193455 511.72876909961303 -1 0 0
690.2438192668371 357.6150567250311 -1 0 0
614.8993376614861 211.63512361466303 -1 0 0
574.0163945176733 216.98629418322497 -1 0 0
604.8391369925897 211.6351236146631 -1 0 0
544.4779329792118 167.75552495245574 -1 0 0
899.3675650862351 219.76890287887704 -1 0 0
785.9227490327233 181.0264279624891 -1 0 0
759.2739196012855 74.75218047085056 -1 0 0
780.9996721096467 55.48796642402781 -1 0 0
766.5515115745295 55.809036658141515 -1 0 0
879.0331169257001 68.54482261131878 -1 0 0
703.9428159223556 60.036461407305424 -1 0 0
928.2638861564694 25.57492294576694 -1 0 0
645.5080333136599 43.4478326447636 -1 0 0
597.1334513738606 50.511377795265275 -1 0 0
569.6284346514525 38.68529083874355 -1 0 0
610.8324480293788 35.04649485212147 -1 0 0
628.063217260148 32.21037445078366 -1 0 0
590.8190701029575 34.511377795265226 -1 0 0
