288.44724387032505 522.1459734529021 -1 0 0
257.78299704636845 750.7339952314865 -1 0 0
334.44361410625964 459.42365040390024 -1 0 0
567.2131240881108 332.5851749048077 -1 0 0
643.8737411480021 446.87918579409984 -1 0 0
691.2639407850255 342.34198071243014 -1 0 0
779.0751930536281 471.9681150137006 -1 0 0
719.1405288068042 530.5089498594356 -1 0 0
878.037080530942 731.2203836162414 -1 0 0
883.6123981352978 274.0443400590726 -1 0 0
910.0951567559874 226.65414042204907 -1 0 0
986.7557738158785 207.14052880680404 -1 0 0
1010.4508736343905 215.50350521333766 -1 0 0
872.4617629265863 223.86648161987125 -1 0 0
787.4381694601617 201.56521120244832 -1 0 0
784.6505106579839 159.75032916978043 -1 0 0
486.3710188249529 303.31475748194015 -1 0 0
571.3946122913777 229.4417992242269 -1 0 0
430.6178427813957 244.77392263620513 -1 0 0
117.00622753638662 297.7394398775844 -1 0 0
9.681363652539028 262.8937048503612 -1 0 0
47.31475748194013 198.77755240027045 -1 0 0
28.614213017330364 212.71584641115984 -1 0 0
121.30386818974422 220.38190811714892 -1 0 0
85.06430376143204 199.474467100815 -1 0 0
170.08789722785673 230.83562862531593 -1 0 0
111.54706238212167 189.7176612931925 -1 0 0
122.69769759083314 129.08608234582408 -1 0 0
100.39642717341025 135.35831465072425 -1 0 0
37.67410412440842 140.93363225507994 -1 0 0
59.97537454183129 120.72310593929048 -1 0 0
49.52165403366434 92.84651791751193 -1 0 0
20.948151311341267 96.33109142023422 -1 0 0
35.58336002277503 52.42546528593298 -1 0 0
57.8846304401979 60.78844169246654 -1 0 0
72.51983915163167 55.910038788655264 -1 0 0
80.18590085762077 53.81929468702191 -1 0 0
84.36738906088755 96.33109142023422 -1 0 0
97.60876837123239 91.45268851642301 -1 0 0
8.810220276858457 101.20949432404548 -1 0 0
41.21675385217608 49.98626383402732 -1 0 0
116.8319988612505 49.98626383402732 -1 0 0
134.25486637486213 55.21312408811081 -1 0 0
158.6468808939184 43.01711682858267 -1 0 0
181.99352336215793 43.01711682858267 -1 0 0
203.94633642930864 34.305683071776855 -1 0 0
219.62691719155904 29.775737518237865 -1 0 0
222.4145759937369 25.24579196469883 -1 0 0
239.83744350734852 11.655955304081775 -1 0 0
244.7158464111598 37.44179922422696 -1 0 0
241.92818760898194 31.16956691932679 -1 0 0
250.2911640155155 31.16956691932679 -1 0 0
214.05159958720333 26.988078716059974 -1 0 0
123.45268851642292 53.122379986477405 -1 0 0
75.36557417885483 108.52709867976235 -1 0 0
122.75577381587846 96.67954877050644 -1 0 0
142.6178427813957 103.64869577595113 -1 0 0
153.76847799010713 103.64869577595113 -1 0 0
163.1768264474574 101.90640902458995 -1 0 0
175.0243763567133 111.3147574819402 -1 0 0
180.94815131134123 99.81566492295653 -1 0 0
188.26575566705816 85.87737091206725 -1 0 0
196.2802747233195 97.37646347105091 -1 0 0
208.12782463257543 83.43816946016162 -1 0 0
216.490801039109 93.19497526778413 -1 0 0
209.87011138393655 129.7829970463685 -1 0 0
241.23127290843743 125.94996619337397 -1 0 0
232.51983915163166 117.58698978684039 -1 0 0
239.83744350734852 83.43816946016162 -1 0 0
248.20041991388214 75.07519305362804 -1 0 0
281.82655421515267 173.34016583039755 -1 0 0
328.5198391516318 157.3111277178749 -1 0 0
511.11149069428154 163.58336002277508 -1 0 0
566.1677520372943 151.03889541297468 -1 0 0
573.136899042739 107.13326927867342 -1 0 0
544.5633963204159 102.25486637486217 -1 0 0
518.0806376997263 112.0116721824847 -1 0 0
489.50713497740315 124.55613679228505 -1 0 0
456.75214405181333 115.49624568520699 -1 0 0
419.8156649229566 92.49806056723965 -1 0 0
380.09152699192225 98.0733781715954 -1 0 0
259.69951247286593 94.93726201914531 -1 0 0
269.1078609302162 90.05885911533404 -1 0 0
283.39461229137777 102.25486637486219 -1 0 0
304.3020533077117 107.8301839792179 -1 0 0
322.0733781715955 114.79933098466255 -1 0 0
330.08789722785684 91.80114586669522 -1 0 0
300.4690224547171 87.61965766342844 -1 0 0
292.10604604818354 91.10423116615075 -1 0 0
282.69769759083323 80.99896800825601 -1 0 0
259.3510551225937 68.45450339845566 -1 0 0
272.94089178321076 70.89370485036127 -1 0 0
270.1532329810329 59.046154941105385 -1 0 0
255.51802426959915 41.62328742749378 -1 0 0
257.95722572150476 29.427280167965648 -1 0 0
257.95722572150476 22.109675812248764 -1 0 0
265.2748300772216 35.00259777232136 -1 0 0
278.51620938756645 53.12237998647744 -1 0 0
285.4853563930111 47.89551973239395 -1 0 0
290.36375929682237 43.36557417885492 -1 0 0
303.60513860716725 41.62328742749378 -1 0 0
270.5016903313051 35.69951247286582 -1 0 0
265.2748300772216 43.01711682858271 -1 0 0
278.16775203729424 60.43998434219431 -1 0 0
315.45268851642305 50.33472118429959 -1 0 0
342.283904487385 31.866481619871255 -1 0 0
355.1768264474576 41.62328742749378 -1 0 0
353.7829970463687 25.942706665243332 -1 0 0
370.5089498594358 35.69951247286582 -1 0 0
362.8428881534467 42.32020212803824 -1 0 0
372.94815131134146 26.98807871606001 -1 0 0
382.70495711896393 28.381908117148935 -1 0 0
381.311127717875 38.13871392477146 -1 0 0
389.3256467741364 35.00259777232136 -1 0 0
324.86103697377337 79.60513860716708 -1 0 0
338.1024162841182 85.1804562115228 -1 0 0
357.267570549091 87.61965766342844 -1 0 0
364.2367175545357 89.3619444147896 -1 0 0
375.03889541297485 85.52891356179505 -1 0 0
383.0534144692362 72.98444895199466 -1 0 0
372.59969396106925 78.5597665563504 -1 0 0
410.23308779047034 80.65051065798379 -1 0 0
416.8537774456427 75.77210775417252 -1 0 0
414.4145759937371 62.87918579409993 -1 0 0
445.07882281769355 72.28753425145021 -1 0 0
429.04978470517085 51.03163588484405 -1 0 0
409.8846304401981 43.36557417885492 -1 0 0
400.4762819828478 41.62328742749378 -1 0 0
397.3401658303977 34.654140422049146 -1 0 0
415.808405394826 28.730365467421187 -1 0 0
401.52165403366456 21.412761111704302 -1 0 0
429.7466994057154 39.18408597558814 -1 0 0
437.0643037614322 43.01711682858271 -1 0 0
440.2004199138823 31.866481619871255 -1 0 0
449.95722572150487 39.53254332586039 -1 0 0
453.7902565744993 33.60876837123243 -1 0 0
210.1314543966409 17.49261592114161 -1 0 0
216.7521440518133 18.71221664709443 -1 0 0
243.75758869791133 19.583360022775008 -1 0 0
254.55976655635052 12.265755667058132 -1 0 0
256.3020533077117 7.910038788655227 -1 0 0
260.13508416070624 12.265755667058132 -1 0 0
247.764848226042 14.704957118963755 -1 0 0
475.04615494110544 93.02074659264795 -1 0 0
476.0915269919221 72.46176292658625 -1 0 0
493.51439450553374 59.56884096651365 -1 0 0
506.05885911533414 85.70314223693107 -1 0 0
539.8592220917407 52.94815131134123 -1 0 0
561.4635778086191 79.77936728230313 -1 0 0
608.1568627450982 89.88463044019787 -1 0 0
621.3982420554431 78.73399523148642 -1 0 0
641.9572257215048 95.45994804455357 -1 0 0
641.6087683712326 39.358314650724175 -1 0 0
619.3074979538096 40.7521440518131 -1 0 0
607.8084053948261 41.449058752357566 -1 0 0
583.7648482260419 36.570655848546316 -1 0 0
557.9790043058968 30.646880893918357 -1 0 0
540.5561367922851 33.086082345824 -1 0 0
526.2693854311236 33.086082345824 -1 0 0
498.7412547596172 34.13145439664068 -1 0 0
483.409131347639 39.7067720009964 -1 0 0
457.27483007722157 43.19134550371874 -1 0 0
462.15323298103283 36.91911319881855 -1 0 0
473.30386818974426 39.7067720009964 -1 0 0
483.409131347639 32.389167645279535 -1 0 0
488.98444895199475 34.13145439664068 -1 0 0
495.95359595743935 25.76847799010712 -1 0 0
567.387352763247 31.69225294473507 -1 0 0
413.45631828048835 14.182271093555398 -1 0 0
402.8283690971853 10.34924024056085 -1 0 0
413.10786093021613 9.47809686488028 -1 0 0
416.2439770826663 6.167752037294068 -1 0 0
420.94815131134135 5.470837336749605 -1 0 0
429.65958506814724 4.251236610796784 -1 0 0
442.02982100281145 1.8120351588911623 -1 0 0
455.6196576634285 3.728550585388446 -1 0 0
462.58880466887314 2.683178534571733 -1 0 0
465.5506921461871 10.000782890288617 -1 0 0
474.262125902993 1.4635778086189306 -1 0 0
481.7539589338459 18.015301946549965 -1 0 0
487.5035052133378 18.3637592968222 -1 0 0
485.5869897868405 9.82655421515251 -1 0 0
503.3583146507245 20.977189423863926 -1 0 0
498.82836909718543 14.704957118963737 -1 0 0
496.5633963204159 6.8646667378385136 -1 0 0
504.22945802640504 4.425465285932892 -1 0 0
510.3274616561691 1.9862638340272694 -1 0 0
518.1677520372943 4.251236610796767 -1 0 0
528.9699298957336 4.599693961068999 -1 0 0
508.0624888793996 33.87011138393652 -1 0 0
504.05522935126896 36.8319988612505 -1 0 0
507.88826020426353 26.900964378491874 -1 0 0
555.6269171915593 6.690438062702407 -1 0 0
567.3002384256791 2.508949859435608 -1 0 0
559.8084053948261 17.4926159211416 -1 0 0
549.7031422369314 26.552507028219644 -1 0 0
545.5216540336646 22.19679014981674 -1 0 0
572.8755560300349 15.05341446923597 -1 0 0
573.7466994057154 23.939076901177906 -1 0 0
582.109675812249 9.826554215152493 -1 0 0
576.185900857621 1.289349133482788 -1 0 0
597.093341873955 5.470837336749587 -1 0 0
592.9118536706882 1.4635778086189126 -1 0 0
604.5851749048079 1.8120351588911445 -1 0 0
596.3964271734105 20.80296074872781 -1 0 0
593.0860823458244 23.242162200633434 -1 0 0
603.8882602042635 24.461762926586243 -1 0 0
614.1677520372943 18.015301946549947 -1 0 0
615.9100387886556 10.349240240560832 -1 0 0
695.6196576634287 108.35287000462627 -1 0 0
666.6976975908334 49.46357780861895 -1 0 0
662.5162093875665 44.5851749048077 -1 0 0
645.7902565744994 11.481726628945598 -1 0 0
632.5488772641546 26.813850040923835 -1 0 0
636.3819081171492 32.73762499555179 -1 0 0
623.1405288068044 12.17864132949006 -1 0 0
656.9408917832109 9.739439877584458 -1 0 0
671.2276431443725 7.300238425678817 -1 0 0
746.4944308031746 12.527098679762311 -1 0 0
740.919113198819 35.17682644745743 -1 0 0
751.7212910572581 64.79570122059718 -1 0 0
-68.47762001352257 603.3016903313049 -1 0 0
