328.86829650190396 554.2040496779474 -1 0 0
422.25486637486216 541.6595850681471 -1 0 0
399.9535959574393 524.9336322550798 -1 0 0
497.52165403366433 660.135084160706 -1 0 0
666.1750115654248 689.4055015835736 -1 0 0
997.9064090245902 674.0733781715953 -1 0 0
981.1804562115228 471.9681150137006 -1 0 0
953.8265542151524 477.54343261805633 -1 0 0
959.4018718195082 453.1514180990001 -1 0 0
978.9154834347534 452.8029607487279 -1 0 0
999.1260097505427 413.42728016796565 -1 0 0
1010.6251023095264 364.29479377958086 -1 0 0
984.490801039109 339.20586455998017 -1 0 0
957.659585068147 365.6886231806698 -1 0 0
955.5688409665137 355.23490267250287 -1 0 0
970.2040496779474 376.83925838938126 -1 0 0
926.9953382441906 402.6251023095264 -1 0 0
905.7394398775845 400.53435820789304 -1 0 0
888.3165723639729 398.79207145653186 -1 0 0
871.9390769011779 401.2312729084375 -1 0 0
883.4381694601616 466.04434005907274 -1 0 0
839.184085975588 443.3946122913776 -1 0 0
817.5797302587096 407.1550478630654 -1 0 0
805.7321803494538 400.53435820789304 -1 0 0
776.8102202768584 374.4000569374756 -1 0 0
748.9917084801252 373.00622753638675 -1 0 0
755.9608554855699 396.7013273548986 -1 0 0
744.1133055763141 451.7575886979112 -1 0 0
712.0552293512687 461.5143945055338 -1 0 0
693.9354471371126 464.3020533077117 -1 0 0
652.8174798049893 488.69406782676793 -1 0 0
595.6704743603432 504.0261912387461 -1 0 0
674.4218355218676 425.97174477776605 -1 0 0
682.0878972278567 401.5797302587098 -1 0 0
659.0897121098893 382.06611864346473 -1 0 0
640.2730151951888 375.7938863385646 -1 0 0
616.577915376677 389.73218034945387 -1 0 0
560.8247393331199 416.911853670688 -1 0 0
560.8247393331199 465.6958827088005 -1 0 0
509.7176612931925 464.3020533077115 -1 0 0
496.4762819828477 439.91003878865524 -1 0 0
459.53980285399103 449.66684459627766 -1 0 0
428.1786413294902 452.45450339845564 -1 0 0
431.6632148322125 490.0878972278567 -1 0 0
486.7194761752251 397.3982420554429 -1 0 0
512.5053200953704 386.24760684673146 -1 0 0
513.2022347959148 371.6123981352978 -1 0 0
529.2312729084375 347.2203836162415 -1 0 0
506.2330877904703 314.46539269065164 -1 0 0
492.9917084801254 321.43453969609624 -1 0 0
470.6904380627024 313.76847799010716 -1 0 0
475.56884096651373 301.9209280808513 -1 0 0
441.9427066652433 258.71221664709446 -1 0 0
452.7448845236825 257.66684459627777 -1 0 0
458.3202021280382 264.28753425145015 -1 0 0
464.59243443293843 283.45268851642294 -1 0 0
469.8192946870219 290.7702928721398 -1 0 0
448.2149389701435 289.0280061207786 -1 0 0
447.518024269599 364.9917084801253 -1 0 0
454.48717127504364 381.3692039429202 -1 0 0
479.5761004946444 310.9808191879293 -1 0 0
358.1387139247715 430.85014768157725 -1 0 0
404.83199886125055 413.42728016796565 -1 0 0
441.7684779901073 393.91366855272076 -1 0 0
379.74306964164987 386.2476068467315 -1 0 0
366.50169033130504 379.97537454183134 -1 0 0
362.3202021280383 360.46176292658635 -1 0 0
330.9590406035374 363.2494217287642 -1 0 0
320.5053200953704 404.36738906088766 -1 0 0
298.2040496779475 382.76303334400916 -1 0 0
277.29660866161356 394.6105832532652 -1 0 0
154.63962136578772 501.2385324365681 -1 0 0
167.18408597558815 476.14960321696736 -1 0 0
200.6359916017224 462.211309206078 -1 0 0
215.96811501370064 417.6087683712324 -1 0 0
252.20767944201276 413.42728016796565 -1 0 0
253.60150884310175 381.3692039429202 -1 0 0
12.469022454716882 462.211309206078 -1 0 0
61.25305149282947 432.94089178321053 -1 0 0
9.15867762713069 419.00259777232134 -1 0 0
25.88463044019785 376.1423436888368 -1 0 0
37.73218034945373 348.26575566705816 -1 0 0
22.400056937475515 356.6287320735917 -1 0 0
69.44179922422691 364.99170848012534 -1 0 0
84.07700793566065 374.4000569374756 -1 0 0
72.57791537667697 417.95722572150464 -1 0 0
126.24034731860077 403.6704743603432 -1 0 0
173.63054695562437 409.24579196469887 -1 0 0
208.47628198284764 396.35287000462625 -1 0 0
164.57065584854632 383.4599480445536 -1 0 0
139.4817266289456 352.7957012205972 -1 0 0
156.556136792285 336.0697484075301 -1 0 0
179.5543219102523 339.5543219102524 -1 0 0
186.1750115654247 333.2820896053522 -1 0 0
248.54887726415436 361.507134977403 -1 0 0
64.91185367068788 337.46357780861894 -1 0 0
34.24760684673141 333.2820896053522 -1 0 0
50.91548343475327 307.4962456852071 -1 0 0
81.5797302587097 324.2221984982742 -1 0 0
3.5252837977296427 336.0697484075301 -1 0 0
233.507134977403 326.3129425999076 -1 0 0
