73.19503068402942 277.89732076036523 -1 0 0
45.34770243975464 294.0194581649454 -1 0 0
5.775183355785118 462.5690764855561 -1 0 0
99.57671007334241 497.74464900464005 -1 0 0
149.40877114204469 175.30190091303695 -1 0 0
205.1034276305943 122.5385421344111 -1 0 0
222.69121389013634 132.79808411914385 -1 0 0
319.4240383176172 150.38587037868587 -1 0 0
357.53090854662486 159.17976350845686 -1 0 0
315.0270917527317 270.56907648555614 -1 0 0
385.3782367908996 207.5461757221973 -1 0 0
413.22556503517455 220.7370154168538 -1 0 0
356.065259691663 295.4851070199072 -1 0 0
380.9812902260142 345.3171680886095 -1 0 0
419.0881604550218 291.08816045502175 -1 0 0
457.1950306840294 311.6072444244874 -1 0 0
496.76754976799884 436.1873970962431 -1 0 0
439.6072444244875 547.5767100733423 -1 0 0
527.5461757221973 635.5156413710523 -1 0 0
565.6530459512051 519.7293818290675 -1 0 0
820.6759467145637 537.3171680886095 -1 0 0
828.0041909893731 486.0194581649454 -1 0 0
851.4545726687621 447.9125879359378 -1 0 0
871.9736566382278 606.2026642718157 -1 0 0
911.5461757221974 647.2408322107469 -1 0 0
495.301900913037 166.50800778326598 -1 0 0
461.591977248915 166.50800778326598 -1 0 0
479.1797635084569 102.01945816494543 -1 0 0
514.355336027541 129.86678640922023 -1 0 0
546.5996108367011 135.72938182906748 -1 0 0
442.53854213441116 58.049992516090434 -1 0 0
558.3248016763959 280.8286184702889 -1 0 0
587.6377787756325 359.9736566382278 -1 0 0
640.4011375542584 272.0347253405179 -1 0 0
687.3019009130372 301.3477024397546 -1 0 0
713.68358030235 226.5996108367011 -1 0 0
677.0423589283045 280.8286184702889 -1 0 0
583.6072444244875 74.53854213441103 -1 0 0
623.9125879359378 92.85915282143391 -1 0 0
564.5538093099836 27.637778775632384 -1 0 0
640.767549767999 56.21793144738816 -1 0 0
645.1644963328844 42.2942673252507 -1 0 0
667.149229157312 42.2942673252507 -1 0 0
662.7522825924262 61.34770243975457 -1 0 0
663.4851070199073 36.43167190540336 -1 0 0
697.9278551115104 73.07289327944918 -1 0 0
697.9278551115104 54.752282592426305 -1 0 0
694.2637329741058 16.645412363418632 -1 0 0
685.4698398443348 21.042358928304118 -1 0 0
680.3400688519683 37.16449633288428 -1 0 0
716.9812902260142 72.34006885196825 -1 0 0
760.2179314473883 86.9965574015866 -1 0 0
788.7980841191439 108.24846579853315 -1 0 0
788.0652596916631 97.25609938631943 -1 0 0
734.7522825924262 57.86678640922017 -1 0 0
701.0423589283041 27.088160455021708 -1 0 0
703.6072444244874 22.324801676395758 -1 0 0
713.5003741954798 27.45457266876217 -1 0 0
718.2637329741057 36.24846579853315 -1 0 0
728.8896871725789 30.75228259242627 -1 0 0
737.3171680886096 27.088160455021708 -1 0 0
739.8820535847927 20.49274060769344 -1 0 0
733.2866337374644 7.668313126777445 -1 0 0
753.8057177069301 1.4393054931896425 -1 0 0
753.8057177069301 12.798084119143859 -1 0 0
750.1415955695255 19.393503966472093 -1 0 0
767.7293818290675 36.24846579853315 -1 0 0
754.538542134411 55.30190091303697 -1 0 0
777.9889238138003 52.00419098937285 -1 0 0
791.1797635084569 45.04235892830414 -1 0 0
791.1797635084569 66.2942673252507 -1 0 0
808.4011375542584 43.943122287082765 -1 0 0
820.8591528214339 46.508007783265974 -1 0 0
830.0194581649455 55.668313126777406 -1 0 0
850.1721299206705 43.943122287082765 -1 0 0
839.9125879359377 43.576710073342305 -1 0 0
852.7370154168538 58.23319862296061 -1 0 0
866.6606795389912 65.92785511151024 -1 0 0
884.2484657985332 42.84388564586139 -1 0 0
891.9431222870828 45.4087711420446 -1 0 0
764.7980841191439 8.7675497679988 -1 0 0
763.3324352641821 0.7064810657087162 -1 0 0
757.8362520580753 3.2713665618919228 -1 0 0
772.8591528214339 16.828618470288884 -1 0 0
777.9889238138003 24.523274958838503 -1 0 0
772.126328393953 35.14922915731178 -1 0 0
784.950755874869 35.88205358479268 -1 0 0
797.4087711420445 29.286633737464452 -1 0 0
785.68358030235 22.324801676395758 -1 0 0
777.9889238138003 10.59961083670108 -1 0 0
792.2790001496783 17.927855111510272 -1 0 0
803.2713665618919 17.927855111510272 -1 0 0
802.1721299206705 12.798084119143859 -1 0 0
790.4469390809759 13.53090854662475 -1 0 0
783.1186948061667 5.103427630594239 -1 0 0
786.7828169435713 3.637778775632386 -1 0 0
768.8286184702889 2.538542134411032 -1 0 0
808.7675497679988 6.935488699296518 -1 0 0
822.6912138901362 12.065259691662932 -1 0 0
821.2255650351743 4.370603203113312 -1 0 0
827.0881604550217 6.202664271815593 -1 0 0
830.3858703786859 18.66067953899116 -1 0 0
836.2484657985332 4.370603203113312 -1 0 0
843.9431222870828 9.133961981739262 -1 0 0
845.0423589283041 2.9049543481514597 -1 0 0
857.1339619817394 5.103427630594239 -1 0 0
852.0041909893728 1.4393054931896425 -1 0 0
862.6301451878461 11.332435264182006 -1 0 0
865.9278551115102 4.370603203113312 -1 0 0
876.920221523724 7.668313126777445 -1 0 0
887.5461757221973 31.485107019907197 -1 0 0
898.538542134411 25.622511600059855 -1 0 0
899.2713665618919 33.31716808860948 -1 0 0
872.2484657985332 4.828618470288882 -1 0 0
888.3706032031132 8.675946714563691 -1 0 0
888.7370154168536 33.59197724891483 -1 0 0
779.0732507049643 5.186963079546223 -1 0 0
903.4344547183422 21.882615253459246 -1 0 0
