50.85816144639666 394.75426534250056 -1 0 0
38.3906289788642 238.91010949834475 -1 0 0
131.89712248535773 266.33868092691614 -1 0 0
222.9101094983447 232.67634326457852 -1 0 0
180.52049910873436 184.05296664120183 -1 0 0
532.1049146931499 382.2867328749681 -1 0 0
537.091927680163 353.61140819964345 -1 0 0
628.10491469315 351.117901706137 -1 0 0
709.1438757321112 357.3516679399032 -1 0 0
740.3127069009423 348.6243952126304 -1 0 0
942.2867328749682 304.9880315762668 -1 0 0
919.8451744334099 292.5204991087343 -1 0 0
977.195823784059 253.8711484593837 -1 0 0
979.6893302775655 217.7153043035395 -1 0 0
928.5724471606823 213.97504456327985 -1 0 0
864.9880315762668 270.0789406671759 -1 0 0
752.7802393684748 248.88413547237067 -1 0 0
747.7932263814616 201.5075120957473 -1 0 0
711.6373822256177 195.27374586198107 -1 0 0
611.8971224853577 256.3646549528902 -1 0 0
1012.1049146931501 184.05296664120183 -1 0 0
990.9101094983449 186.54647313470838 -1 0 0
992.156862745098 147.89712248535773 -1 0 0
957.2477718360072 121.71530430353953 -1 0 0
918.5984211866564 127.94907053730576 -1 0 0
813.8711484593839 135.42959001782526 -1 0 0
868.7282913165266 81.81920040743559 -1 0 0
777.7153043035397 164.10491469314985 -1 0 0
663.014005602241 160.3646549528902 -1 0 0
685.4555640437993 108.00101858925379 -1 0 0
649.2997198879551 120.46855105678625 -1 0 0
599.4295900178253 157.87114845938365 -1 0 0
562.0269926152279 191.53348612172132 -1 0 0
509.66335625159155 205.24777183600708 -1 0 0
795.1698497580852 108.00101858925379 -1 0 0
761.5075120957475 99.27374586198101 -1 0 0
740.3127069009423 105.50751209574724 -1 0 0
640.5724471606825 94.28673287496805 -1 0 0
594.4425770308123 96.78023936847461 -1 0 0
589.4555640437994 76.83218742042264 -1 0 0
598.1828367710721 61.87114845938363 -1 0 0
616.8841354723708 73.09192768016295 -1 0 0
554.5464731347084 76.83218742042264 -1 0 0
514.6503692386045 90.54647313470838 -1 0 0
488.46855105678634 81.81920040743559 -1 0 0
451.06595365418895 94.28673287496805 -1 0 0
432.36465495289025 94.28673287496805 -1 0 0
416.15686274509795 85.55946014769542 -1 0 0
276.5204991087343 103.01400560224083 -1 0 0
242.85816144639665 108.00101858925379 -1 0 0
104.46855105678632 59.377641965877224 -1 0 0
149.3516679399032 78.07894066717591 -1 0 0
189.24777183600708 60.62439521263037 -1 0 0
199.22179781003305 55.6373822256174 -1 0 0
206.70231729055254 60.62439521263037 -1 0 0
225.40361599185124 70.59842118665641 -1 0 0
251.58543417366943 69.35166793990314 -1 0 0
245.3516679399032 56.88413547237067 -1 0 0
227.89712248535778 46.91010949834477 -1 0 0
325.14387573211104 68.10491469314987 -1 0 0
342.5984211866565 64.36465495289018 -1 0 0
363.7932263814617 33.19582378405903 -1 0 0
298.96205755029285 56.88413547237067 -1 0 0
15.014005602240871 29.923096511331774 -1 0 0
11.273745861981137 88.52049910873437 -1 0 0
42.4425770308123 30.234784823020092 -1 0 0
36.83218742042269 14.962057550292835 -1 0 0
41.195823784059066 8.416603004838286 -1 0 0
12.832187420422693 3.117901706136977 -1 0 0
58.3386809269162 10.910109498344765 -1 0 0
73.9230965113318 16.208810797046073 -1 0 0
69.87114845938373 11.221797810033083 -1 0 0
120.98803157626689 24.00101858925386 -1 0 0
163.06595365418897 7.48153806977333 -1 0 0
163.3776419658773 1.8711484593837382 -1 0 0
136.57244716068246 23.06595365418894 -1 0 0
134.078940667176 29.611408199643453 -1 0 0
113.50751209574739 34.91010949834477 -1 0 0
178.96205755029288 72.00101858925386 -1 0 0
228.20881079704614 26.49452508276034 -1 0 0
249.4036159918513 27.4295900178253 -1 0 0
243.1698497580851 23.06595365418894 -1 0 0
227.89712248535778 5.299719887955172 -1 0 0
164.3127069009422 86.96205755029281 -1 0 0
120.36465495289025 56.41660300483829 -1 0 0
285.5594601476956 65.76725235548763 -1 0 0
289.29971988795535 62.650369238604505 -1 0 0
355.0659536541892 105.97504456327984 -1 0 0
371.897122485358 98.80621339444868 -1 0 0
411.4815380697736 64.20881079704607 -1 0 0
414.5984211866567 39.27374586198113 -1 0 0
399.63738222561767 33.66335625159152 -1 0 0
389.03997962821506 40.52049910873438 -1 0 0
359.74127832951376 38.026992615227876 -1 0 0
330.4425770308125 31.79322638146165 -1 0 0
308.62439521263065 17.143875732110995 -1 0 0
278.70231729055274 44.57244716068243 -1 0 0
269.03997962821506 50.494525082760354 -1 0 0
276.52049910873455 34.91010949834477 -1 0 0
264.988031576267 34.91010949834477 -1 0 0
269.97504456328 17.76725235548763 -1 0 0
271.5334861217216 9.975044563279845 -1 0 0
261.2477718360073 7.79322638146165 -1 0 0
320.78023936847484 4.052966641201897 -1 0 0
325.1438757321112 8.728291316526569 -1 0 0
334.49452508276056 4.364654952890216 -1 0 0
348.2088107970463 6.234784823020092 -1 0 0
345.0919276801631 4.052966641201897 -1 0 0
360.0529666412021 18.702317290552553 -1 0 0
354.13088871912424 11.845174433409685 -1 0 0
371.2737458619813 16.208810797046073 -1 0 0
377.1958237840593 8.416603004838286 -1 0 0
362.2347848230203 10.910109498344765 -1 0 0
387.4815380697736 4.676343264578534 -1 0 0
399.0140056022411 6.234784823020092 -1 0 0
407.11790170613716 19.32569391392919 -1 0 0
399.0140056022411 24.00101858925386 -1 0 0
369.09192768016317 10.598421186656445 -1 0 0
358.39062897886447 3.42959001782526 -1 0 0
360.2607588489943 4.676343264578499 -1 0 0
436.93608352431914 34.286732874968145 -1 0 0
449.7153043035399 36.46855105678634 -1 0 0
454.07894066717625 17.455564043799278 -1 0 0
452.20881079704634 51.7412783295136 -1 0 0
451.89712248535807 44.572447160682444 -1 0 0
478.0789406671763 47.68933027756556 -1 0 0
479.01400560224124 41.14387573211101 -1 0 0
489.92309651133206 57.663356251591544 -1 0 0
503.01400560224124 58.598421186656466 -1 0 0
522.3386809269167 45.81920040743569 -1 0 0
532.3127069009425 40.83218742042269 -1 0 0
515.7932263814621 10.59842118665641 -1 0 0
499.8971224853581 5.299719887955136 -1 0 0
487.11790170613733 23.065953654188906 -1 0 0
544.4685510567866 78.85816144639675 -1 0 0
542.9101094983452 90.70231729055259 -1 0 0
465.92309651133206 156.7802393684747 -1 0 0
674.2347848230203 150.70231729055254 -1 0 0
712.2607588489942 93.97504456327984 -1 0 0
691.0659536541891 93.35166793990321 -1 0 0
699.7932263814617 72.156862745098 -1 0 0
707.897122485358 49.715304303539526 -1 0 0
713.5075120957475 40.98803157626682 -1 0 0
729.091927680163 41.611408199643456 -1 0 0
577.6114081996436 32.26075884899411 -1 0 0
573.8711484593839 32.26075884899411 -1 0 0
590.7023172905527 25.403615991851243 -1 0 0
605.0399796282151 23.533486121721403 -1 0 0
624.3646549528904 25.403615991851243 -1 0 0
629.3516679399035 21.66335625159149 -1 0 0
634.3386809269164 13.55946014769542 -1 0 0
625.6114081996436 12.936083524318782 -1 0 0
613.7672523554878 14.806213394448621 -1 0 0
613.1438757321112 6.078940667175915 -1 0 0
603.1698497580852 12.936083524318782 -1 0 0
594.4425770308125 10.442577030812304 -1 0 0
581.3516679399035 10.442577030812304 -1 0 0
575.1179017061372 8.572447160682392 -1 0 0
568.2607588489942 7.949070537305755 -1 0 0
562.6503692386048 12.936083524318782 -1 0 0
543.9490705373059 3.5854341736694373 -1 0 0
536.4685510567865 1.715304303539525 -1 0 0
715.3776419658774 25.403615991851243 -1 0 0
706.6503692386048 25.403615991851243 -1 0 0
727.84517443341 28.520499108734356 -1 0 0
756.5204991087346 30.390628978864203 -1 0 0
745.9230965113319 34.13088871912395 -1 0 0
728.4685510567865 52.83218742042264 -1 0 0
806.3906289788644 62.80621339444862 -1 0 0
803.897122485358 52.83218742042264 -1 0 0
772.7282913165268 79.01400560224084 -1 0 0
768.9880315762671 87.74127832951362 -1 0 0
785.8192004074359 88.98803157626682 -1 0 0
778.3386809269164 102.70231729055256 -1 0 0
805.1438757321113 98.9620575502928 -1 0 0
797.6633562515917 100.83218742042267 -1 0 0
750.9101094983449 82.13088871912394 -1 0 0
843.1698497580852 65.92309651133178 -1 0 0
820.1049146931501 58.44257703081231 -1 0 0
812.6243952126306 54.078940667175914 -1 0 0
859.3776419658775 34.13088871912395 -1 0 0
878.0789406671762 67.16984975808501 -1 0 0
902.3906289788644 58.44257703081231 -1 0 0
900.5204991087346 51.585434173669434 -1 0 0
911.7412783295138 26.650369238604515 -1 0 0
919.2217978100332 49.715304303539526 -1 0 0
942.9101094983449 57.19582378405903 -1 0 0
952.884135472371 45.975044563279845 -1 0 0
942.2867328749684 31.014005602240836 -1 0 0
943.5334861217216 23.533486121721403 -1 0 0
886.4945250827603 67.6373822256175 -1 0 0
887.7412783295136 59.8451744334097 -1 0 0
898.3386809269163 124.05296664120189 -1 0 0
876.5204991087344 138.70231729055257 -1 0 0
1020.5204991087344 73.2477718360071 -1 0 0
977.5075120957474 28.0529666412019 -1 0 0
962.8581614463967 25.871148459383736 -1 0 0
689.9230965113318 78.5464731347084 -1 0 0
799.9490705373059 167.06595365418895 -1 0 0
129.01305003606794 1.9227490327234502 -1 0 0
132.00970555446258 3.1000065578070517 -1 0 0
293.6150567250309 31.996327628041186 -1 0 0
333.2137189323889 1.9227490327234502 -1 0 0
967.2204078955997 26.217063413994353 -1 0 0
989.2672306380746 25.46789953439569 -1 0 0
