32.67954877050643 753.5216540336643 -1 0 0
184.6069534891997 690.7993309846624 -1 0 0
344.89733461442665 577.8991494964591 -1 0 0
328.17138180135953 536.0842674637913 -1 0 0
329.5652112024484 473.36194441478955 -1 0 0
643.1768264474576 533.2966086616134 -1 0 0
661.2966086616136 681.04252517704 -1 0 0
803.4672075726844 580.6868082986371 -1 0 0
814.6178427813958 502.63236183765696 -1 0 0
757.4708373367496 392.5198391516316 -1 0 0
770.0153019465502 364.64325112985296 -1 0 0
799.2857193694176 315.8592220917405 -1 0 0
728.2004199138822 328.4036867015409 -1 0 0
899.6414362478206 405.0643037614319 -1 0 0
919.1550478630658 529.1151204583466 -1 0 0
924.7303654674214 278.22582826233946 -1 0 0
965.1514180990002 250.34924024056082 -1 0 0
1018.1169353403797 236.41094622967148 -1 0 0
938.6686594783106 186.2330877904701 -1 0 0
896.8537774456425 168.113305576314 -1 0 0
878.7339952314866 183.44542898829226 -1 0 0
958.1822710935556 130.4799117469129 -1 0 0
951.2131240881108 83.08971210988923 -1 0 0
914.9735596597989 63.57610049464425 -1 0 0
1022.2984235436464 59.39461229137754 -1 0 0
487.0679335254975 333.9790043058966 -1 0 0
464.7666631080745 278.22582826233946 -1 0 0
544.2149389701435 289.37646347105084 -1 0 0
836.9191131988186 267.07519305362797 -1 0 0
772.8029607487279 147.20586455998 -1 0 0
747.7140315291273 222.47265221878223 -1 0 0
736.5633963204159 208.53435820789295 -1 0 0
690.5670260844811 195.98989359809252 -1 0 0
687.7793672823033 170.90096437849184 -1 0 0
708.6868082986373 130.4799117469129 -1 0 0
676.6287320735919 235.01711682858263 -1 0 0
609.7249208213232 195.98989359809252 -1 0 0
565.1223799864775 198.7775524002704 -1 0 0
512.1568627450981 226.65414042204907 -1 0 0
473.1296395146081 208.53435820789295 -1 0 0
331.65595530408183 215.85196256360985 -1 0 0
320.5053200953704 194.94452154727594 -1 0 0
300.99170848012534 169.15867762713071 -1 0 0
365.80477563076056 154.52346891569692 -1 0 0
417.376463471051 154.52346891569692 -1 0 0
453.6160278993631 169.85559232767517 -1 0 0
455.7067720009965 145.46357780861894 -1 0 0
483.58336002277514 162.18953062168603 -1 0 0
530.9735596597986 148.25123661079675 -1 0 0
560.9408917832108 150.34198071243014 -1 0 0
562.3347211842996 132.22219849827408 -1 0 0
615.300238425679 130.82836909718515 -1 0 0
609.0280061207787 105.04252517703996 -1 0 0
597.1804562115228 84.13508416070601 -1 0 0
566.5162093875665 61.136899042738676 -1 0 0
547.0025977723213 114.79933098466248 -1 0 0
535.85196256361 75.77210775417244 -1 0 0
548.3964271734103 63.92455784491654 -1 0 0
540.0334507668767 59.04615494110525 -1 0 0
496.82473933311996 90.40731646560623 -1 0 0
503.79388633856456 128.73762499555176 -1 0 0
472.43272481406365 93.19497526778407 -1 0 0
471.7358101135192 78.55976655635031 -1 0 0
462.6759190064412 101.55795167431764 -1 0 0
454.3129425999075 119.6777338884737 -1 0 0
412.4980605672397 73.68136365253902 -1 0 0
394.3782783530836 86.2258282623394 -1 0 0
378.34924024056096 96.67954877050636 -1 0 0
368.59243443293843 83.43816946016155 -1 0 0
669.1949752677841 112.70858688302906 -1 0 0
653.8628518558058 96.67954877050636 -1 0 0
646.8937048503614 86.92274296288387 -1 0 0
683.1332692786734 86.92274296288387 -1 0 0
715.8882602042632 72.2875342514501 -1 0 0
754.2185687342089 63.92455784491654 -1 0 0
763.9753745418313 49.98626383402727 -1 0 0
748.6432511298531 44.41094622967156 -1 0 0
782.0951567559874 49.98626383402727 -1 0 0
754.9154834347534 91.10423116615065 -1 0 0
738.8864453222307 73.68136365253902 -1 0 0
844.8174798049893 66.01530194654993 -1 0 0
855.9681150137006 55.56158143838298 -1 0 0
874.0878972278567 38.13871392477135 -1 0 0
838.545247500089 20.018931710615302 -1 0 0
253.54343261805639 36.30931283584216 -1 0 0
265.5652112024484 29.514394505533623 -1 0 0
253.7176612931925 54.77755240027048 -1 0 0
286.29842354364627 29.16593715526139 -1 0 0
301.2820896053522 35.96085548556993 -1 0 0
296.7521440518132 51.64143624782037 -1 0 0
303.54706238212174 61.04978470517066 -1 0 0
334.2113092060781 30.646880893918325 -1 0 0
342.5742856126118 43.191345503718686 -1 0 0
348.8465179175119 44.93363225507984 -1 0 0
364.8755560300346 33.08608234582395 -1 0 0
369.4055015835737 49.81203515889109 -1 0 0
361.04252517704 59.22038361624137 -1 0 0
375.32927653820184 23.939076901177906 -1 0 0
383.16956691932705 20.45450339845559 -1 0 0
389.2675705490911 17.318387246005503 -1 0 0
393.10060140208566 16.273015195188798 -1 0 0
395.7140315291274 17.84107327141384 -1 0 0
403.55432191025267 18.18953062168607 -1 0 0
388.3964271734106 29.165937155261403 -1 0 0
388.2221984982744 34.567026084481 -1 0 0
394.3202021280385 45.54343261805631 -1 0 0
418.5379879719586 51.989893598092614 -1 0 0
414.53072844382797 39.61965766342836 -1 0 0
418.71221664709475 31.082452581758673 -1 0 0
419.23490267250304 20.977189423863937 -1 0 0
422.3710188249532 17.666844596277734 -1 0 0
421.6741041244087 14.182271093555398 -1 0 0
428.29479377958114 16.273015195188798 -1 0 0
430.55976655635067 32.650510657983716 -1 0 0
426.7267357033561 37.006227536386625 -1 0 0
439.61965766342865 35.612398135297695 -1 0 0
449.5506921461873 36.48354151097828 -1 0 0
443.8011458666955 34.39279740934487 -1 0 0
443.104231166151 32.12782463257537 -1 0 0
450.596064197004 49.55069214618698 -1 0 0
440.8392583893815 60.70132735489842 -1 0 0
429.34016583039784 69.58698978684035 -1 0 0
436.6577701861147 12.43998434219424 -1 0 0
438.574285612612 8.084267463791333 -1 0 0
440.8392583893815 4.07700793566066 -1 0 0
445.54343261805667 8.084267463791333 -1 0 0
449.89914949645953 9.47809686488026 -1 0 0
449.2022347959151 4.773922636205123 -1 0 0
454.6033237251347 2.683178534571733 -1 0 0
447.8084053948262 17.666844596277734 -1 0 0
465.0570442333016 52.8610369737732 -1 0 0
477.9499661933742 51.118750222412025 -1 0 0
462.9663001316682 22.371018824952863 -1 0 0
462.2693854311238 10.000782890288617 -1 0 0
457.56521120244867 5.819294687021836 -1 0 0
464.7085868830294 1.4635778086189306 -1 0 0
476.0334507668769 5.122379986477373 -1 0 0
470.109675812249 10.69769759083308 -1 0 0
476.73036546742145 12.43998434219424 -1 0 0
485.61602789936336 11.743069641649775 -1 0 0
488.9263727269496 6.864666737838531 -1 0 0
485.79025657449944 1.6378064837550375 -1 0 0
496.2439770826664 5.645066011885712 -1 0 0
492.41094622967194 4.773922636205123 -1 0 0
508.61421301733066 10.523468915696974 -1 0 0
520.6359916017227 11.220383616241437 -1 0 0
519.0679335254977 5.2966086616134795 -1 0 0
523.4236504039005 4.599693961069017 -1 0 0
550.2548663748624 5.819294687021836 -1 0 0
543.2857193694177 4.425465285932909 -1 0 0
555.1332692786737 28.46902245471693 -1 0 0
536.4908010391092 42.93000249101457 -1 0 0
520.8102202768589 49.89914949645922 -1 0 0
517.6741041244087 38.05159958720332 -1 0 0
501.2966086616138 39.44542898829224 -1 0 0
492.58517490480796 36.48354151097828 -1 0 0
481.26031102096044 25.507134977402963 -1 0 0
562.3347211842998 9.652325540016385 -1 0 0
576.4472438703252 5.645066011885712 -1 0 0
593.1731966833923 3.3800932351161963 -1 0 0
599.7938863385648 3.2058645599800895 -1 0 0
607.6341767196901 5.122379986477373 -1 0 0
612.3383509483651 9.303868189744154 -1 0 0
617.2167538521765 26.55250702821965 -1 0 0
601.3619444147898 22.54524750008898 -1 0 0
627.4962456852073 32.30205330771149 -1 0 0
639.6922529447355 27.423650403900233 -1 0 0
638.6468808939187 18.537987971958305 -1 0 0
644.919113198819 2.8574072097078576 -1 0 0
653.1078609302164 9.303868189744154 -1 0 0
654.3274616561691 1.6378064837550375 -1 0 0
664.7811821643362 27.075193053628006 -1 0 0
665.6523255400167 17.49261592114161 -1 0 0
670.1822710935559 3.554321910252321 -1 0 0
663.7358101135195 1.1151204583466987 -1 0 0
681.3329063022672 4.425465285932909 -1 0 0
685.6886231806701 2.8574072097078576 -1 0 0
687.4309099320312 10.523468915696974 -1 0 0
692.4835415109786 19.93181737304724 -1 0 0
701.8918899683289 24.810220276858487 -1 0 0
696.8392583893815 33.87011138393654 -1 0 0
713.5652112024486 48.33109142023418 -1 0 0
717.049784705171 20.628732073591703 -1 0 0
719.8374435073489 5.819294687021836 -1 0 0
730.8138500409242 3.554321910252321 -1 0 0
735.6922529447354 21.848332799544515 -1 0 0
750.6759190064415 10.523468915696974 -1 0 0
762.000782890289 5.645066011885712 -1 0 0
775.2421622006339 2.334721184299501 -1 0 0
789.3546848866592 2.683178534571733 -1 0 0
795.6269171915594 14.182271093555398 -1 0 0
829.0788228176938 -0.10448026760612122 -1 0 0
830.2984235436465 1.6378064837550375 -1 0 0
823.6777338884741 20.45450339845559 -1 0 0
841.6232874274942 4.599693961069017 -1 0 0
857.3038681897445 6.5162093875663 -1 0 0
889.5361730899261 6.6033237251343175 -1 0 0
909.7466994057155 9.042525177039957 -1 0 0
964.8029607487279 24.723105939290406 -1 0 0
564.8401794284147 36.4086109968463 -1 0 0
568.9320875203227 28.73628332451863 -1 0 0
245.02642796248944 28.946160403960906 -1 0 0
299.3943209390781 24.77224736048264 -1 0 0
283.34080923339246 59.23378582202111 -1 0 0
265.25385271165334 62.337464751787 -1 0 0
270.17692963473024 56.45117712636893 -1 0 0
289.1200734474393 60.839136992589644 -1 0 0
378.48462194242256 34.13679585546591 -1 0 0
328.7187356547972 48.3709095678405 -1 0 0
334.39097645747273 50.72542461800773 -1 0 0
375.38094301265664 19.7956587317201 -1 0 0
342.631779133058 30.390976457472618 -1 0 0
562.2438192668375 99.26054167486392 -1 0 0
559.1401403370716 81.4946553872385 -1 0 0
508.0899731129912 68.97291625680373 -1 0 0
528.6384680962688 63.835792510984334 -1 0 0
535.5949898353992 2.9127155879074036 -1 0 0
578.8859597350648 5.5883008721883405 -1 0 0
599.8090366581417 30.819070102957557 -1 0 0
624.3173978621552 22.471244016001044 -1 0 0
664.9862941832253 7.487966424027785 -1 0 0
650.5381336481083 15.835792510984314 -1 0 0
685.3207423437605 26.217063413994346 -1 0 0
686.3374647517871 15.273919601285332 -1 0 0
681.0933175945966 18.805692176536173 -1 0 0
696.8257590661685 1.0933175945963687 -1 0 0
752.5314446848977 5.66856843071675 -1 0 0
707.5816119089778 85.4545216079743 -1 0 0
694.3107088989444 114.99298314643583 -1 0 0
801.5481670929242 126.33746475178702 -1 0 0
826.8056921765366 126.2304413404157 -1 0 0
833.6551905042957 179.31405338054944 -1 0 0
584.7187356547973 124.41104334710474 -1 0 0
477.6953242835598 129.33412027018164 -1 0 0
