268.1756420878209 197.8657829328916 -1 0 0
232.11930405965202 96.90803645401819 -1 0 0
44.62634631317312 21.18972659486334 -1 0 0
19.386909693454857 84.88925711129531 -1 0 0
254.95498481082566 64.45733222866608 -1 0 0
289.80944490472245 345.69676884838447 -1 0 0
358.31648715824355 432.2319801159901 -1 0 0
454.46672190002766 556.0254073460371 -1 0 0
460.476111571389 400.9831538249103 -1 0 0
541.0019331676332 316.8516984258493 -1 0 0
609.5089754211543 131.762496547915 -1 0 0
876.325876829605 290.4103838718587 -1 0 0
968.8704777685723 369.7343275338305 -1 0 0
885.9409003037835 480.3070974868821 -1 0 0
866.7108533554267 108.92681579674122 -1 0 0
643.1615575807788 54.84230875448773 -1 0 0
590.2789284727975 39.217895608947885 -1 0 0
429.8282242474453 13.677989505661447 -1 0 0
469.4901960784312 22.09113504556751 -1 0 0
550.0160176746754 13.07705053852531 -1 0 0
509.4526373929851 5.415078707539364 -1 0 0
877.3596599478952 7.189829778065163 -1 0 0
