64.84135472370775 464.5846702317291 -1 0 0
21.03386809269168 457.0552584670232 -1 0 0
622.017825311943 366.7023172905526 -1 0 0
369.4402852049912 272.9269162210339 -1 0 0
425.5686274509804 179.83600713012484 -1 0 0
350.9590017825313 171.62210338680933 -1 0 0
331.7932263814618 162.0392156862746 -1 0 0
300.30659536541896 137.397504456328 -1 0 0
196.26381461675584 193.52584670231732 -1 0 0
168.88413547237082 162.72370766488416 -1 0 0
149.71836007130133 125.07664884135481 -1 0 0
759.6007130124777 192.8413547237077 -1 0 0
660.349376114082 183.94295900178258 -1 0 0
764.3921568627451 138.08199643493765 -1 0 0
732.2210338680927 136.7130124777184 -1 0 0
835.5793226381462 266.7664884135473 -1 0 0
888.9696969696969 196.9483065953655 -1 0 0
951.2584670231729 207.90017825311944 -1 0 0
153.14081996434948 149.71836007130133 -1 0 0
186.8520499108735 104.37076648841361 -1 0 0
203.62210338680924 90.33868092691627 -1 0 0
389.46167557932256 93.07664884135478 -1 0 0
425.3975044563279 104.02852049910878 -1 0 0
370.2959001782531 247.7718360071301 -1 0 0
744.0285204991087 105.73975044563282 -1 0 0
816.5846702317291 113.2691622103387 -1 0 0
543.3868092691622 52.94830659536543 -1 0 0
976.8413547237076 42.3386809269162 -1 0 0
996.8627450980392 40.114081996434905 -1 0 0
992.4135472370765 34.46702317290549 -1 0 0
820.1354723707666 17.825311942959 -1 0 0
841.2691622103388 24.15686274509803 -1 0 0
866.4242424242425 18.50980392156862 -1 0 0
1017.3547237076649 305.91087344028534 -1 0 0
778.130888719124 5.1438757321111375 -1 0 0
976.5884311766664 10.258760846996202 -1 0 0
998.070948659184 10.258760846996202 -1 0 0
900.8881314763668 4.120898709133982 -1 0 0
169.6819463571383 4.223752377204957 -1 0 0
