208.99896800825596 721.463577808619 -1 0 0
744.2294580264049 685.2240133803067 -1 0 0
653.6305469556245 527.7212910572578 -1 0 0
667.5688409665137 466.3927974093449 -1 0 0
344.20041991388206 533.2966086616134 -1 0 0
274.5089498594356 524.9336322550798 -1 0 0
560.2439770826662 430.1532329810327 -1 0 0
942.1532329810328 430.1532329810327 -1 0 0
1009.0570442333017 416.2149389701434 -1 0 0
284.2657556670581 430.1532329810327 -1 0 0
331.65595530408183 384.156862745098 -1 0 0
303.7793672823031 374.40005693747554 -1 0 0
268.93363225507983 377.1877157396534 -1 0 0
220.14960321696736 368.82473933311985 -1 0 0
52.89007508629584 416.2149389701434 -1 0 0
108.64325112985306 416.2149389701434 -1 0 0
142.09515675598738 393.91366855272054 -1 0 0
77.9790043058966 381.3692039429202 -1 0 0
77.9790043058966 352.09878652005267 -1 0 0
79.37283370698552 332.5851749048077 -1 0 0
7.067933525497299 343.38735276324684 -1 0 0
4.9771894238639085 326.3129425999075 -1 0 0
98.71221664709441 312.37464858901825 -1 0 0
142.6178427813957 304.0116721824847 -1 0 0
137.3909825273122 349.31112771787485 -1 0 0
204.2367175545355 282.4073164656063 -1 0 0
266.9590406035374 293.55795167431774 -1 0 0
300.41094622967165 274.04434005907274 -1 0 0
470.458133162521 323.52528379772974 -1 0 0
469.76121846197657 306.10241628411814 -1 0 0
494.85014768157725 267.77210775417257 -1 0 0
-136.55457101170776 458.7267357033559 -1 0 0
476.90459414255724 237.8047756307606 -1 0 0
491.53980285399103 233.6232874274938 -1 0 0
457.39098252731225 229.44179922422703 -1 0 0
469.9354471371126 222.8211095690546 -1 0 0
484.5706558485464 190.76303334400924 -1 0 0
531.6123981352978 235.01711682858274 -1 0 0
545.8991494964594 236.75940357994392 -1 0 0
559.8374435073486 217.94270666524338 -1 0 0
549.0352656489093 200.86829650190396 -1 0 0
549.0352656489093 323.873741148002 -1 0 0
518.0225614746807 324.91911319881865 -1 0 0
613.1514180990002 210.6251023095265 -1 0 0
628.4835415109784 213.4127611117044 -1 0 0
591.8955197323941 268.4690224547171 -1 0 0
644.5125796235011 244.07700793566084 -1 0 0
676.9191131988188 249.65232554001653 -1 0 0
694.3419807124303 258.7122166470946 -1 0 0
702.0080424184194 223.51802426959915 -1 0 0
696.0842674637915 216.5488772641545 -1 0 0
683.8882602042634 219.68499341660458 -1 0 0
661.5869897868405 193.8991494964594 -1 0 0
725.0062275363869 209.23127290843757 -1 0 0
697.4780968648804 170.90096437849206 -1 0 0
682.1459734529021 143.72129105725796 -1 0 0
751.1405288068042 154.52346891569715 -1 0 0
757.7612184619767 175.7793672823033 -1 0 0
766.1241948685102 179.26394078502562 -1 0 0
755.322017010071 167.41639087576974 -1 0 0
791.9100387886554 175.43090993203106 -1 0 0
794.6976975908334 185.18771573965358 -1 0 0
797.4853563930111 196.33835094836502 -1 0 0
789.4708373367498 201.91366855272074 -1 0 0
797.4853563930111 210.97355965979875 -1 0 0
765.4272801679657 205.0497847051708 -1 0 0
752.185900857621 209.92818760898209 -1 0 0
731.278459841287 236.4109462296717 -1 0 0
761.5942493149712 286.5888046688732 -1 0 0
664.8973346144268 298.4363545781291 -1 0 0
706.01530194655 300.5270986797625 -1 0 0
820.1350841607061 199.4744671008151 -1 0 0
822.2258282623394 188.32383189210367 -1 0 0
837.2094943240455 206.79207145653203 -1 0 0
881.8120351588911 207.48898615707645 -1 0 0
896.7957012205972 198.77755240027068 -1 0 0
887.0388954129747 190.41457599373706 -1 0 0
895.0534144692361 185.88463044019804 -1 0 0
884.9481513113412 170.55250702821985 -1 0 0
912.4762819828477 171.59787907903652 -1 0 0
811.075193053628 169.85559232767534 -1 0 0
810.7267357033558 161.84107327141405 -1 0 0
806.5452475000891 162.5379879719585 -1 0 0
817.3474253585283 163.58336002277522 -1 0 0
828.846517917512 159.4018718195084 -1 0 0
837.2094943240455 160.4472438703251 -1 0 0
839.3002384256789 152.08426746379152 -1 0 0
845.5724707305791 164.6287320735919 -1 0 0
872.0552293512687 163.23490267250295 -1 0 0
860.5561367922851 152.781182164336 -1 0 0
868.9191131988185 151.03889541297482 -1 0 0
890.2621259029929 169.33290630226705 -1 0 0
903.6777338884738 167.06793352549755 -1 0 0
899.6704743603432 159.57610049464455 -1 0 0
900.3673890608877 152.781182164336 -1 0 0
896.8828155581652 149.64506601188592 -1 0 0
919.3583146507243 169.1586776271309 -1 0 0
915.1768264474576 165.67410412440861 -1 0 0
918.1387139247715 162.71221664709464 -1 0 0
932.2512366107969 163.93181737304747 -1 0 0
948.6287320735919 160.79570122059735 -1 0 0
941.6595850681472 148.42546528593311 -1 0 0
946.8864453222307 143.37283370698574 -1 0 0
956.9917084801255 135.00985730045218 -1 0 0
962.2185687342089 134.83562862531608 -1 0 0
959.430909932031 147.55432191025253 -1 0 0
967.2712003131563 149.2966086616137 -1 0 0
972.4980605672397 139.7140315291273 -1 0 0
986.0878972278567 138.14597345290227 -1 0 0
885.9064090245901 148.42546528593311 -1 0 0
894.0951567559874 144.76666310807468 -1 0 0
901.2385324365682 140.93363225508014 -1 0 0
896.1859008576208 130.8283690971854 -1 0 0
911.6922529447352 144.24397708266633 -1 0 0
915.6995124728659 149.64506601188592 -1 0 0
921.2748300772215 149.99352336215816 -1 0 0
921.1006014020855 146.33472118429972 -1 0 0
931.2058645599803 147.0316358848442 -1 0 0
935.2131240881109 128.91185367068812 -1 0 0
944.2730151951889 135.88100067613274 -1 0 0
999.1260097505427 183.0969716380202 -1 0 0
1020.0334507668765 180.6577701861146 -1 0 0
964.6287320735917 119.3292765382017 -1 0 0
959.4018718195082 117.93544713711276 -1 0 0
872.2875342514502 155.22038361624163 -1 0 0
788.0189317106153 318.99533824419063 -1 0 0
1020.0915269919221 288.3310914202342 -1 0 0
675.9318173730475 424.57791537667697 -1 0 0
686.4436141062595 200.51983915163166 -1 0 0
654.0370805309419 168.1133055763141 -1 0 0
879.605138607167 148.94815131134138 -1 0 0
925.6015088431016 124.2076794420129 -1 0 0
930.4799117469129 128.38916764527968 -1 0 0
978.9154834347534 131.17682644745753 -1 0 0
954.2621259029928 156.96267036760273 -1 0 0
979.3510551225935 123.85922209174065 -1 0 0
983.0098573004519 121.76847799010726 -1 0 0
991.7212910572578 121.24579196469892 -1 0 0
984.4036867015408 114.10241628411816 -1 0 0
1002.3492402405608 118.80659051279329 -1 0 0
989.9790043058966 118.28390448738494 -1 0 0
942.2403473186008 143.54706238212177 -1 0 0
937.5361730899256 143.54706238212177 -1 0 0
927.9535959574391 142.6759190064412 -1 0 0
882.3056830717767 146.33472118429964 -1 0 0
955.3074979538094 121.07156328956279 -1 0 0
946.7702928721397 116.71584641115989 -1 0 0
950.7775524002703 119.85196256360997 -1 0 0
968.3746485890182 133.9644852496354 -1 0 0
982.3129425999074 132.22219849827422 -1 0 0
880.1278246325753 167.59061955090584 -1 0 0
881.6958827088004 153.47809686488043 -1 0 0
1014.9517810754065 125.25305149282961 -1 0 0
1023.4889861570763 127.69225294473526 -1 0 0
1018.9590406035372 120.89733461442673 -1 0 0
1023.1405288068041 115.14778833493489 -1 0 0
974.5307284438276 120.37464858901836 -1 0 0
-67.15348208248807 600.653414469236 -1 0 0
