987.7599161802126 565.1644963328844 -1 0 0
309.1644963328845 631.1186948061667 -1 0 0
131.82098488250273 534.3858703786859 -1 0 0
118.63014518784621 298.41640472983084 -1 0 0
71.72938182906756 252.98129022601415 -1 0 0
18.96602305044165 134.2637329741056 -1 0 0
29.225565035174476 116.6759467145637 -1 0 0
65.8667864092203 132.79808411914385 -1 0 0
36.5538093099836 140.12632839395306 -1 0 0
105.43930549318975 144.52327495883847 -1 0 0
102.63014518784614 128.76754976799887 -1 0 0
130.47747343212095 136.82861847028892 -1 0 0
143.66831312677743 123.63777877563246 -1 0 0
182.50800778326598 134.6301451878462 -1 0 0
200.82861847028892 125.8362520580752 -1 0 0
235.27136656189197 131.6988474779225 -1 0 0
260.18739709624305 140.49274060769352 -1 0 0
278.50800778326595 157.34770243975456 -1 0 0
277.04235892830417 204.98129022601415 -1 0 0
277.04235892830417 258.47747343212103 -1 0 0
242.5996108367011 270.20266427181565 -1 0 0
210.35533602754083 308.3095345008233 -1 0 0
337.8667864092202 202.04999251609047 -1 0 0
395.0270917527316 232.095794042808 -1 0 0
336.40113755425836 311.240832210747 -1 0 0
403.82098488250267 288.52327495883856 -1 0 0
545.74464900464 278.9965574015866 -1 0 0
532.5538093099835 301.71411465349496 -1 0 0
516.4316719054034 258.4774734321209 -1 0 0
520.8286184702888 201.31716808860944 -1 0 0
583.1186948061667 177.86678640922014 -1 0 0
641.0118245771591 195.4545726687621 -1 0 0
631.4851070199071 319.30190091303695 -1 0 0
658.5996108367011 308.30953450082325 -1 0 0
479.1797635084569 204.61487801227366 -1 0 0
482.1110612183806 160.6454123634187 -1 0 0
568.5843436611286 124.00419098937282 -1 0 0
577.3782367908996 104.95075587486899 -1 0 0
546.5996108367011 107.88205358479271 -1 0 0
582.1415955695256 63.546175722197276 -1 0 0
607.0576261038767 56.95075587486901 -1 0 0
599.7293818290676 23.2408322107469 -1 0 0
612.1873970962432 22.508007783265974 -1 0 0
670.0805268672356 70.14159556952555 -1 0 0
645.1644963328844 72.34006885196825 -1 0 0
620.9812902260142 57.68358030234994 -1 0 0
629.0423589283042 59.882053584792715 -1 0 0
545.5003741954798 61.34770243975457 -1 0 0
536.7064810657088 90.6606795389912 -1 0 0
568.2179314473882 81.86678640922018 -1 0 0
606.3248016763959 130.23319862296066 -1 0 0
623.9125879359378 123.63777877563238 -1 0 0
634.9049543481516 145.62251160005988 -1 0 0
687.6683131267775 154.41640472983087 -1 0 0
697.9278551115103 139.02709175273162 -1 0 0
774.1415955695256 133.8973207603652 -1 0 0
771.9431222870828 191.7904505313576 -1 0 0
741.1644963328844 332.49274060769346 -1 0 0
813.7141146534951 250.41640472983087 -1 0 0
856.9507558748692 234.29426732525073 -1 0 0
834.2331986229607 196.92022152372402 -1 0 0
834.9660230504417 178.59961083670112 -1 0 0
840.095794042808 161.01182457715913 -1 0 0
897.2560993863196 128.76754976799882 -1 0 0
851.8209848825028 122.17212992067057 -1 0 0
841.5614428977699 108.98129022601407 -1 0 0
841.5614428977699 63.546175722197276 -1 0 0
868.6759467145637 72.34006885196825 -1 0 0
889.1950306840293 79.66831312677745 -1 0 0
876.0041909893731 114.11106121838048 -1 0 0
892.126328393953 107.51564137105225 -1 0 0
899.4545726687621 111.17976350845684 -1 0 0
891.3935039664722 119.97365663822782 -1 0 0
838.2637329741059 329.19503068402935 -1 0 0
899.8209848825029 342.38587037868587 -1 0 0
892.4927406076935 406.87441999700644 -1 0 0
861.714114653495 439.11869480616684 -1 0 0
958.4469390809761 395.14922915731177 -1 0 0
1000.9507558748692 405.4087711420446 -1 0 0
1008.2790001496783 512.4011375542584 -1 0 0
933.4087711420445 90.6606795389912 -1 0 0
971.5156413710523 74.53854213441103 -1 0 0
941.4698398443348 79.66831312677745 -1 0 0
921.68358030235 118.50800778326597 -1 0 0
940.7370154168538 152.95075587486906 -1 0 0
978.1110612183804 139.75991618021254 -1 0 0
1002.2942673252506 138.29426732525073 -1 0 0
1012.5538093099834 133.8973207603652 -1 0 0
1021.3477024397546 152.21793144738817 -1 0 0
909.2255650351743 113.37823679089956 -1 0 0
