54.90915632307969 193.69814714876773 -1 0 0
32.8908076992265 173.00089944234574 -1 0 0
6.028422378125576 232.4504407267494 -1 0 0
31.56970678179529 282.6522755891347 -1 0 0
88.81741320381366 209.110991185465 -1 0 0
136.3770462313366 217.91833063500627 -1 0 0
130.65227558913477 204.2669544882173 -1 0 0
119.64310127720815 161.99172513041913 -1 0 0
154.8724590753733 158.02842237812553 -1 0 0
40.81741320381365 110.90915632307966 -1 0 0
31.129339809318232 101.6614499010613 -1 0 0
-37.56790789710381 224.08346824968524 -1 0 0
57.991725130419155 94.61557834142828 -1 0 0
195.97337650656584 491.16603705702465 -1 0 0
363.3128260478502 499.0926425616118 -1 0 0
438.1752113689511 528.156862745098 -1 0 0
422.32200035977684 383.71649577262093 -1 0 0
455.78989026803373 355.5330095340889 -1 0 0
465.47796366252913 323.82658751574024 -1 0 0
474.2853031120704 302.6889728368412 -1 0 0
365.95502788271267 314.1385141212448 -1 0 0
325.4412664148227 295.6431012772082 -1 0 0
463.7164957726208 219.01924806619897 -1 0 0
572.0467710019786 250.72567008454755 -1 0 0
499.8265875157401 286.8357618276669 -1 0 0
720.0100737542722 367.86328476344664 -1 0 0
757.0008994423456 266.5788810937219 -1 0 0
705.037596690052 182.02842237812558 -1 0 0
720.0100737542722 151.2027343047311 -1 0 0
750.8357618276666 141.51466091023573 -1 0 0
856.523835222162 241.0375966900522 -1 0 0
934.0284223781252 238.3953948551898 -1 0 0
859.1660370570245 320.3036517359237 -1 0 0
914.6522755891345 355.5330095340889 -1 0 0
372.12016549739155 147.67979852491456 -1 0 0
404.7073214606942 151.2027343047311 -1 0 0
412.63392696528143 167.93667925885958 -1 0 0
362.43209210289604 198.762367332254 -1 0 0
502.4687893506025 173.22108292858434 -1 0 0
527.129339809318 163.53300953408888 -1 0 0
511.27612880014374 172.34034898363018 -1 0 0
73.40456916711642 71.27612880014388 -1 0 0
161.0375966900522 94.61557834142828 -1 0 0
190.98255081849257 115.75319302032734 -1 0 0
201.11099118546502 117.07429393775858 -1 0 0
210.7990645799605 110.90915632307966 -1 0 0
216.52383522216226 100.3403489836301 -1 0 0
213.0008994423458 84.92750494693288 -1 0 0
210.3586976074834 90.21190861665765 -1 0 0
236.78071595610726 80.08346824968515 -1 0 0
238.5421838460155 94.1752113689512 -1 0 0
236.78071595610726 102.54218384601542 -1 0 0
234.57888109372195 123.6797985249145 -1 0 0
244.26695448821735 137.33117467170348 -1 0 0
235.45961503867605 171.23943155243745 -1 0 0
249.99172513041918 194.57888109372192 -1 0 0
261.44126641482285 162.87245907537326 -1 0 0
266.28530311207055 140.41374347904295 -1 0 0
278.17521136895124 150.54218384601543 -1 0 0
303.71649577262104 159.78989026803382 -1 0 0
292.2669544882173 93.29447742399708 -1 0 0
270.2486058643641 85.36787191940992 -1 0 0
78.8357618276668 53.99172513041919 -1 0 0
88.3036517359237 49.58805540564853 -1 0 0
57.477963662529206 31.75319302032744 -1 0 0
24.890807699226453 90.32200035977698 -1 0 0
125.29447742399708 79.5330095340889 -1 0 0
225.6981471487677 49.58805540564853 -1 0 0
237.80823889188696 48.707321460694416 -1 0 0
239.56970678179522 42.10181687353846 -1 0 0
234.94585357078603 33.29447742399717 -1 0 0
231.86328476344661 31.312826047850383 -1 0 0
239.3495232955567 32.413743479043035 -1 0 0
241.551358157942 31.75319302032744 -1 0 0
357.44126641482285 71.71649577262093 -1 0 0
375.4963122863825 66.43209210289615 -1 0 0
393.1109911854651 76.12016549739158 -1 0 0
368.0100737542724 81.84493613959343 -1 0 0
347.7531930203275 99.459615038676 -1 0 0
346.43209210289626 124.12016549739158 -1 0 0
357.8816333872999 118.83576182766679 -1 0 0
369.7715416441807 100.78071595610719 -1 0 0
386.5054865983091 100.78071595610719 -1 0 0
394.43209210289626 105.18438568087781 -1 0 0
434.9458535707862 139.53300953408885 -1 0 0
465.33117467170365 136.01007375427236 -1 0 0
457.8449361395936 100.78071595610719 -1 0 0
442.87245907537334 92.85411045152004 -1 0 0
426.578881093722 78.76236733225396 -1 0 0
439.7898902680339 60.707321460694345 -1 0 0
448.5972297175752 64.67062421298793 -1 0 0
457.8449361395936 66.87245907537323 -1 0 0
462.24860586436415 66.43209210289615 -1 0 0
466.2119086166577 47.05594531390535 -1 0 0
471.0559453139055 49.25778017629066 -1 0 0
467.53300953408893 56.30365173592366 -1 0 0
504.52383522216235 43.53300953408881 -1 0 0
499.23943155243757 59.38622054326313 -1 0 0
489.1109911854651 71.27612880014388 -1 0 0
491.3128260478504 83.60640402950166 -1 0 0
484.26695448821744 108.70732146069435 -1 0 0
507.6064040295018 132.92750494693288 -1 0 0
502.7623673322541 73.91833063500627 -1 0 0
542.1018168735384 121.91833063500627 -1 0 0
549.1476884331713 66.87245907537323 -1 0 0
539.899982011153 71.27612880014388 -1 0 0
515.2394315524374 54.542183846015426 -1 0 0
517.8816333872998 43.97337650656589 -1 0 0
547.8265875157402 34.2853031120705 -1 0 0
541.6614499010612 46.615578341428275 -1 0 0
553.110991185465 44.85411045152004 -1 0 0
555.7531930203272 55.42291779096958 -1 0 0
572.4871379744558 75.67979852491449 -1 0 0
581.294477423997 65.11099118546497 -1 0 0
586.1385141212447 51.01924806619889 -1 0 0
576.4504407267494 47.9366792588595 -1 0 0
564.5605324698686 38.68897283684112 -1 0 0
579.0926425616117 37.80823889188697 -1 0 0
589.6614499010612 77.88163338729984 -1 0 0
619.6064040295016 112.67062421298792 -1 0 0
646.4687893506026 105.18438568087781 -1 0 0
666.7256700845476 88.45044072674939 -1 0 0
659.2394315524374 52.340348983630115 -1 0 0
651.3128260478503 53.221082928584266 -1 0 0
674.6522755891347 89.33117467170351 -1 0 0
685.2210829285842 81.84493613959343 -1 0 0
686.5421838460154 71.71649577262093 -1 0 0
690.0651196258319 90.21190861665765 -1 0 0
729.2577801762907 94.61557834142828 -1 0 0
742.0284223781255 105.18438568087781 -1 0 0
745.110991185465 55.42291779096958 -1 0 0
712.0834682496851 55.42291779096958 -1 0 0
722.6522755891347 49.25778017629066 -1 0 0
701.0742939377586 50.13851412124481 -1 0 0
683.4596150386759 54.542183846015426 -1 0 0
688.3036517359236 47.9366792588595 -1 0 0
680.3770462313365 40.01007375427228 -1 0 0
665.8449361395934 43.09264256161173 -1 0 0
630.1752113689512 52.780715956107194 -1 0 0
619.6064040295016 70.83576182766681 -1 0 0
593.6247526533549 61.588055405648426 -1 0 0
596.7073214606943 50.13851412124481 -1 0 0
587.899982011153 43.09264256161173 -1 0 0
604.1935599928045 46.615578341428275 -1 0 0
598.4687893506026 36.92750494693289 -1 0 0
592.7440187084007 35.606404029501654 -1 0 0
611.6797985249145 43.97337650656589 -1 0 0
596.7073214606943 19.422917790969578 -1 0 0
607.9366792588594 29.77154164418058 -1 0 0
613.6614499010612 26.24860586436408 -1 0 0
617.6247526533548 28.670624212987924 -1 0 0
622.0284223781255 24.927504946932885 -1 0 0
620.4871379744558 42.76236733225398 -1 0 0
648.0100737542722 31.973376506565906 -1 0 0
660.3403489836301 27.78989026803381 -1 0 0
670.9091563230796 31.092642561611772 -1 0 0
685.2210829285842 29.33117467170354 -1 0 0
690.2853031120703 24.927504946932885 -1 0 0
699.7531930203272 26.24860586436408 -1 0 0
715.6064040295016 34.17521136895123 -1 0 0
715.6064040295016 25.147688433171428 -1 0 0
722.4320921028961 22.725670084547577 -1 0 0
647.3495232955567 17.055945313905383 -1 0 0
657.4779636625293 15.514660910235655 -1 0 0
672.6706242129878 10.890807699226482 -1 0 0
677.7348443964742 12.432092102896211 -1 0 0
685.4412664148228 14.413743479043 -1 0 0
686.322000359777 8.578881093721904 -1 0 0
698.5421838460154 10.560532469868692 -1 0 0
711.8632847634467 11.771541644180616 -1 0 0
716.5972297175751 11.771541644180616 -1 0 0
711.9733765065658 17.93667925885951 -1 0 0
725.9550278827127 11.661449901061346 -1 0 0
735.7531930203274 22.450440726749424 -1 0 0
726.6155783414283 39.84493613959345 -1 0 0
730.9091563230797 55.367871919409964 -1 0 0
675.808238891887 5.578881093721886 -1 0 0
711.8632847634467 6.899982011153078 -1 0 0
662.6522755891347 20.88163338729987 -1 0 0
689.0742939377585 36.101816873538404 -1 0 0
741.6981471487677 44.5788810937219 -1 0 0
743.459615038676 33.78989026803383 -1 0 0
749.2394315524375 22.918330635006292 -1 0 0
740.4871379744559 17.688972836841156 -1 0 0
732.9458535707862 7.450440726749405 -1 0 0
741.9183306350063 6.899982011153078 -1 0 0
755.2944774239971 14.441266414822804 -1 0 0
761.2394315524375 10.367871919409962 -1 0 0
765.5330095340889 15.432092102896204 -1 0 0
771.6981471487678 6.294477423997116 -1 0 0
773.6797985249146 22.037596690052165 -1 0 0
768.2853031120704 26.7715416441806 -1 0 0
970.1385141212446 89.33117467170351 -1 0 0
957.3678719194097 80.08346824968515 -1 0 0
934.9091563230796 75.67979852491449 -1 0 0
930.5054865983088 91.5330095340888 -1 0 0
999.6431012772078 127.20273430473104 -1 0 0
889.991725130419 85.36787191940992 -1 0 0
889.1109911854649 66.43209210289615 -1 0 0
885.1476884331713 58.94585357078604 -1 0 0
900.1201654973914 47.9366792588595 -1 0 0
868.8541104515199 55.42291779096958 -1 0 0
856.0834682496851 41.77154164418058 -1 0 0
837.5880554056483 47.9366792588595 -1 0 0
838.0284223781255 36.92750494693289 -1 0 0
856.0834682496851 68.19355999280444 -1 0 0
801.9183306350061 60.707321460694345 -1 0 0
807.6431012772078 55.86328476344666 -1 0 0
793.991725130419 49.25778017629066 -1 0 0
785.1843856808778 46.175211368951196 -1 0 0
776.3770462313365 62.028422378125505 -1 0 0
754.3586976074832 60.26695448821727 -1 0 0
761.8449361395933 57.62475265335489 -1 0 0
760.9642021946391 48.37704623133649 -1 0 0
899.019248066199 21.18438568087792 -1 0 0
906.9458535707861 21.18438568087792 -1 0 0
918.3953948551897 20.08346824968523 -1 0 0
927.8632847634466 20.96420219463938 -1 0 0
935.5697067817953 15.89998201115315 -1 0 0
965.7348443964742 28.670624212987995 -1 0 0
983.5697067817953 40.340348983630186 -1 0 0
1006.6889728368411 30.872459075373307 -1 0 0
1018.1385141212448 40.340348983630186 -1 0 0
1022.9825508184925 61.03759669005221 -1 0 0
1022.9825508184925 47.826587515740286 -1 0 0
875.459615038676 33.514660910235705 -1 0 0
866.4320921028961 28.670624212987995 -1 0 0
846.8357618276668 27.3495232955568 -1 0 0
834.0651196258319 25.808238891887076 -1 0 0
821.0742939377585 29.331174671703575 -1 0 0
802.5788810937219 27.129339809318267 -1 0 0
799.716495772621 20.523835222162305 -1 0 0
791.5697067817953 21.844936139593496 -1 0 0
868.413743479043 18.542183846015533 -1 0 0
857.6247526533549 15.679798524914611 -1 0 0
884.2669544882173 21.844936139593496 -1 0 0
985.6981471487677 15.184385680877865 -1 0 0
1001.0008994423457 10.120165497391616 -1 0 0
1020.9275049469329 23.661449901061346 -1 0 0
978.2302572405108 7.175211368951242 -1 0 0
989.8449361395934 5.744018708400789 -1 0 0
950.4687893506026 6.514660910235645 -1 0 0
958.1752113689513 6.789890268033809 -1 0 0
930.2119086166575 6.679798524914549 -1 0 0
876.8174132038135 10.753193020327394 -1 0 0
891.2394315524374 10.80823889188703 -1 0 0
891.3495232955567 4.973376506565924 -1 0 0
899.2210829285842 9.04677100197877 -1 0 0
905.2210829285842 5.578881093721886 -1 0 0
910.7256700845476 4.4779636625292225 -1 0 0
916.6155783414283 6.56970678179528 -1 0 0
922.3403489836302 8.826587515740242 -1 0 0
825.8999820111529 12.569706781795285 -1 0 0
831.734844396474 4.753193020327395 -1 0 0
841.7531930203272 4.753193020327395 -1 0 0
863.4412664148226 7.835761827666838 -1 0 0
856.3403489836301 4.588055405648491 -1 0 0
850.2302572405108 14.771541644180607 -1 0 0
815.7164957726208 31.780715956107212 -1 0 0
852.1018168735384 25.010073754272348 -1 0 0
792.432092102896 9.487137974455836 -1 0 0
789.6797985249145 5.028422378125558 -1 0 0
803.110991185465 5.028422378125558 -1 0 0
806.5238352221622 12.129339809318221 -1 0 0
810.6522755891347 4.753193020327395 -1 0 0
756.2119086166575 3.0330095340888614 -1 0 0
773.0008994423457 13.918330635006344 -1 0 0
817.0375966900522 1.1476884331714958 -1 0 0
1011.100006557807 38.792314250114764 -1 0 0
