95.06417981826877 367.92271640363464 -1 0 0
3.90320420851269 735.0641798182687 -1 0 0
477.19100908656145 595.2007651841225 -1 0 0
548.3714968914395 527.766618842659 -1 0 0
739.4349115255859 692.6056432329028 -1 0 0
1024.1568627450981 651.395887135342 -1 0 0
434.73247250119556 409.13247250119554 -1 0 0
388.52759445241514 381.65930176948825 -1 0 0
317.34710664753703 336.70320420851266 -1 0 0
294.86905786704926 309.2300334768053 -1 0 0
286.12759445241505 331.70808225729314 -1 0 0
344.8202773792443 327.9617407938785 -1 0 0
432.23491152558574 336.70320420851266 -1 0 0
478.43978957436633 359.1812529890004 -1 0 0
475.94222859875657 331.70808225729314 -1 0 0
462.20564323290284 302.986131037781 -1 0 0
383.53247250119557 302.986131037781 -1 0 0
423.4934481109517 296.7422285987566 -1 0 0
473.44466762314676 280.5080822572931 -1 0 0
615.8056432329029 336.70320420851266 -1 0 0
667.0056432329029 332.956862745098 -1 0 0
761.9129603060736 314.2251554280249 -1 0 0
851.8251554280249 372.91783835485415 -1 0 0
926.7519846963174 379.1617407938785 -1 0 0
952.9763749402199 330.45930176948826 -1 0 0
891.7861310377809 336.70320420851266 -1 0 0
825.6007651841223 314.2251554280249 -1 0 0
805.6202773792443 307.98125298900044 -1 0 0
893.0349115255858 258.03003347680533 -1 0 0
992.9373505499759 235.55198469631753 -1 0 0
1010.4202773792443 266.7714968914395 -1 0 0
932.9958871353418 215.57149689143947 -1 0 0
858.0690578670493 233.05442372070783 -1 0 0
818.1080822572931 246.79100908656144 -1 0 0
805.6202773792443 269.26905786704924 -1 0 0
794.3812529890006 263.02515542802496 -1 0 0
746.9275944524152 269.26905786704924 -1 0 0
753.1714968914395 244.29344811095163 -1 0 0
755.6690578670492 229.3080822572932 -1 0 0
657.0153993304638 238.0495456719273 -1 0 0
637.0349115255858 219.3178383548541 -1 0 0
567.1032042085126 244.29344811095163 -1 0 0
529.0153993304638 256.7812529890004 -1 0 0
541.5032042085126 264.89832615973216 -1 0 0
538.3812529890004 242.4202773792443 -1 0 0
550.2446676231467 242.4202773792443 -1 0 0
545.2495456719272 191.84466762314673 -1 0 0
550.8690578670492 190.59588713534188 -1 0 0
585.2105212816833 183.72759445241508 -1 0 0
517.1519846963174 156.87881396461017 -1 0 0
487.8056432329028 155.6300334768053 -1 0 0
480.9373505499759 147.51296030607358 -1 0 0
500.9178383548541 148.7617407938785 -1 0 0
497.1714968914394 139.39588713534192 -1 0 0
483.747106647537 129.40564323290286 -1 0 0
510.90808225729313 123.78613103778089 -1 0 0
517.1519846963175 120.97637494021993 -1 0 0
543.6885700621712 130.6544237207077 -1 0 0
569.6007651841223 117.54222859875651 -1 0 0
548.9958871353418 120.35198469631747 -1 0 0
548.3714968914395 116.91783835485407 -1 0 0
553.6788139646102 111.92271640363455 -1 0 0
584.8983261597322 111.92271640363455 -1 0 0
589.5812529890004 111.92271640363455 -1 0 0
531.8251554280248 113.17149689143943 -1 0 0
578.6544237207078 152.82027737924432 -1 0 0
587.7080822572931 129.40564323290286 -1 0 0
643.2788139646102 131.59100908656137 -1 0 0
642.0300334768053 150.0105212816833 -1 0 0
653.2690578670494 171.86417981826867 -1 0 0
533.386131037781 123.4739359158298 -1 0 0
497.79588713534184 132.8397895743664 -1 0 0
670.1275944524151 137.21052128168347 -1 0 0
691.9812529890004 193.40564323290295 -1 0 0
705.7178383548542 187.78613103778102 -1 0 0
715.0836920133906 184.0397895743664 -1 0 0
735.0641798182687 185.2885700621713 -1 0 0
737.5617407938785 177.17149689143957 -1 0 0
652.3324725011956 126.59588713534201 -1 0 0
644.5275944524151 122.22515542802493 -1 0 0
649.8349115255859 120.97637494022004 -1 0 0
654.8300334768054 122.22515542802493 -1 0 0
672.0007651841224 117.23003347680542 -1 0 0
678.5568627450981 116.60564323290298 -1 0 0
661.6983261597321 118.79100908656152 -1 0 0
697.2885700621712 120.3519846963176 -1 0 0
705.0934481109517 122.84954567192736 -1 0 0
709.1519846963175 117.23003347680542 -1 0 0
713.5227164036346 119.41539933046394 -1 0 0
725.0739359158297 121.6007651841225 -1 0 0
726.0105212816834 115.35686274509808 -1 0 0
737.2495456719273 116.60564323290298 -1 0 0
736.0007651841224 129.09344811095175 -1 0 0
750.6739359158297 127.22027737924442 -1 0 0
756.2934481109517 117.23003347680542 -1 0 0
752.8593017694882 139.0836920133908 -1 0 0
765.9714968914395 139.7080822572932 -1 0 0
772.2153993304639 122.84954567192736 -1 0 0
788.4495456719272 127.22027737924442 -1 0 0
780.3324725011956 143.76661884265906 -1 0 0
819.9812529890004 171.5519846963176 -1 0 0
879.2983261597321 200.2739359158298 -1 0 0
874.927594452415 184.0397895743664 -1 0 0
884.9178383548541 172.17637494022003 -1 0 0
888.0397895743663 155.3178383548542 -1 0 0
868.6836920133908 155.94222859875663 -1 0 0
1007.2983261597321 160.93735054997617 -1 0 0
1022.2836920133907 162.81052128168346 -1 0 0
1022.9080822572931 147.2007651841225 -1 0 0
1001.0544237207079 142.8300334768054 -1 0 0
988.566618842659 143.45442372070787 -1 0 0
964.8397895743664 154.69344811095175 -1 0 0
961.7178383548542 148.44954567192738 -1 0 0
952.3519846963175 151.57149689143958 -1 0 0
939.2397895743663 144.70320420851274 -1 0 0
942.3617407938784 134.7129603060737 -1 0 0
923.6300334768054 132.8397895743664 -1 0 0
925.5032042085127 145.95198469631762 -1 0 0
906.7714968914395 137.21052128168347 -1 0 0
907.3958871353419 130.34222859875666 -1 0 0
886.7910090865614 127.84466762314689 -1 0 0
873.0544237207079 125.97149689143956 -1 0 0
841.8349115255859 127.84466762314689 -1 0 0
827.4739359158298 129.09344811095178 -1 0 0
826.8495456719272 117.85442372070786 -1 0 0
816.8593017694883 107.86417981826882 -1 0 0
811.8641798182688 107.86417981826882 -1 0 0
48.10335103941243 392.718735654797 -1 0 0
560.5314446848975 119.27391960128523 -1 0 0
539.2337858220212 120.98629418322504 -1 0 0
