903.6373822256174 358.5984211866564 -1 0 0
861.2477718360072 238.91010949834475 -1 0 0
845.0399796282151 216.46855105678625 -1 0 0
818.8581614463967 177.8192004074356 -1 0 0
786.4425770308125 154.13088871912396 -1 0 0
775.2217978100331 172.83218742042263 -1 0 0
717.8711484593839 165.35166793990314 -1 0 0
722.8581614463967 217.7153043035395 -1 0 0
695.4295900178253 195.27374586198107 -1 0 0
737.8192004074357 271.3256939139292 -1 0 0
684.2088107970462 314.9620575502928 -1 0 0
568.2607588489941 201.5075120957473 -1 0 0
525.8711484593837 221.45556404379923 -1 0 0
499.68933027756566 241.40361599185124 -1 0 0
452.3127069009422 182.80621339444863 -1 0 0
434.8581614463968 180.31270690094215 -1 0 0
433.6114081996435 160.3646549528902 -1 0 0
421.14387573211104 160.3646549528902 -1 0 0
381.24777183600713 135.42959001782526 -1 0 0
451.06595365418895 127.94907053730576 -1 0 0
345.0919276801629 125.4555640437992 -1 0 0
259.0659536541889 201.5075120957473 -1 0 0
104.46855105678632 130.44257703081223 -1 0 0
977.195823784059 166.5984211866564 -1 0 0
1017.0919276801629 172.83218742042263 -1 0 0
967.2217978100331 99.27374586198101 -1 0 0
989.6633562515915 78.07894066717591 -1 0 0
924.8321874204227 99.27374586198101 -1 0 0
922.338680926916 65.61140819964345 -1 0 0
909.8711484593836 55.6373822256174 -1 0 0
891.169849758085 64.36465495289018 -1 0 0
866.23478482302 69.35166793990314 -1 0 0
659.2737458619813 48.1568627450979 -1 0 0
613.143875732111 60.62439521263037 -1 0 0
590.7023172905525 64.36465495289018 -1 0 0
596.9360835243187 56.88413547237067 -1 0 0
575.7412783295136 61.87114845938363 -1 0 0
549.5594601476955 61.87114845938363 -1 0 0
474.75426534250056 83.06595365418887 -1 0 0
268.6243952126306 211.79322638146164 -1 0 0
167.01400560224087 217.40361599185132 -1 0 0
145.81920040743572 128.2607588489941 -1 0 0
131.48153806977334 125.76725235548763 -1 0 0
198.1828367710721 123.89712248535776 -1 0 0
218.75426534250062 123.89712248535776 -1 0 0
240.57244716068243 113.29971988795516 -1 0 0
254.28673287496815 116.41660300483828 -1 0 0
271.117901706137 79.01400560224084 -1 0 0
2.4425770308123043 98.33868092691615 -1 0 0
25.507512095747348 100.20881079704608 -1 0 0
55.4295900178253 71.53348612172137 -1 0 0
49.195823784059066 58.44257703081231 -1 0 0
51.689330277565546 47.221797810033046 -1 0 0
67.89712248535776 84.62439521263046 -1 0 0
68.5204991087344 102.07894066717591 -1 0 0
106.5464731347084 89.61140819964345 -1 0 0
104.05296664120193 79.01400560224084 -1 0 0
107.16984975808505 59.06595365418887 -1 0 0
99.06595365418895 58.44257703081231 -1 0 0
114.65036923860448 71.53348612172137 -1 0 0
128.36465495289022 60.93608352431878 -1 0 0
135.22179781003308 45.35166793990321 -1 0 0
166.39062897886424 63.42959001782526 -1 0 0
132.10491469314996 90.23478482302009 -1 0 0
154.5464731347084 111.42959001782526 -1 0 0
218.130888719124 58.44257703081231 -1 0 0
183.8451744334097 98.33868092691615 -1 0 0
345.29971988795523 100.83218742042267 -1 0 0
327.8451744334097 103.94907053730579 -1 0 0
317.2477718360072 89.61140819964345 -1 0 0
296.6763432645785 93.35166793990321 -1 0 0
293.5594601476954 55.325693913929186 -1 0 0
282.96205755029285 49.715304303539526 -1 0 0
280.46855105678634 42.85816144639673 -1 0 0
271.117901706137 39.117901706136976 -1 0 0
289.8192004074357 39.117901706136976 -1 0 0
290.4425770308123 16.676343264578534 -1 0 0
281.71530430353965 21.03997962821485 -1 0 0
334.0789406671759 36.624395212630496 -1 0 0
339.065953654189 34.13088871912395 -1 0 0
338.4425770308123 8.572447160682392 -1 0 0
336.5724471606825 115.6373822256175 -1 0 0
300.4166030048383 7.48153806977333 -1 0 0
334.7023172905526 9.039979628214889 -1 0 0
328.7802393684747 7.79322638146165 -1 0 0
351.8451744334098 19.949070537305825 -1 0 0
361.81920040743574 18.390628978864232 -1 0 0
368.6763432645786 26.49452508276034 -1 0 0
378.0269926152279 36.156862745098 -1 0 0
382.7023172905526 36.156862745098 -1 0 0
404.2088107970461 46.754265342500624 -1 0 0
399.22179781003314 72.00101858925386 -1 0 0
387.68933027756555 67.6373822256175 -1 0 0
384.5724471606825 87.27374586198114 -1 0 0
399.22179781003314 92.88413547237074 -1 0 0
378.33868092691625 81.97504456327984 -1 0 0
405.45556404379937 91.63738222561749 -1 0 0
406.7023172905526 79.79322638146165 -1 0 0
412.00101858925393 73.2477718360071 -1 0 0
423.2217978100332 72.00101858925386 -1 0 0
442.8581614463968 72.31270690094219 -1 0 0
388.31270690094226 97.87114845938376 -1 0 0
380.83218742042277 12.780239368474641 -1 0 0
370.8581614463968 6.858161446396729 -1 0 0
373.6633562515916 4.052966641201897 -1 0 0
368.3646549528903 1.8711484593837382 -1 0 0
363.68933027756555 0.9360835243187822 -1 0 0
360.8841354723708 2.182836771072057 -1 0 0
388.6243952126306 14.962057550292835 -1 0 0
382.39062897886436 11.845174433409685 -1 0 0
382.078940667176 3.117901706136977 -1 0 0
378.9620575502929 4.052966641201897 -1 0 0
376.7802393684747 2.49452508276034 -1 0 0
384.5724471606825 1.8711484593837382 -1 0 0
390.4945250827605 7.48153806977333 -1 0 0
386.7542653425007 3.117901706136977 -1 0 0
394.8581614463968 9.663356251591525 -1 0 0
401.71530430353965 6.234784823020092 -1 0 0
407.01400560224096 5.611408199643455 -1 0 0
417.29971988795523 7.48153806977333 -1 0 0
422.9101094983449 4.052966641201897 -1 0 0
418.5464731347085 3.117901706136977 -1 0 0
441.6114081996436 9.039979628214889 -1 0 0
437.55946014769546 2.49452508276034 -1 0 0
427.27374586198124 1.8711484593837382 -1 0 0
439.11790170613705 2.182836771072057 -1 0 0
445.039979628215 3.117901706136977 -1 0 0
443.4815380697734 1.8711484593837382 -1 0 0
460.9360835243189 31.48153806977333 -1 0 0
457.8192004074358 38.026992615227876 -1 0 0
446.9101094983448 40.52049910873438 -1 0 0
459.065953654189 14.02699261522788 -1 0 0
468.52049910873444 82.75426534250059 -1 0 0
469.143875732111 72.156862745098 -1 0 0
490.9620575502929 69.6633562515915 -1 0 0
503.4295900178254 76.52049910873436 -1 0 0
502.80621339444866 64.05296664120189 -1 0 0
512.156862745098 49.715304303539526 -1 0 0
479.7412783295136 42.85816144639673 -1 0 0
482.23478482302016 32.26075884899411 -1 0 0
623.117901706137 49.715304303539526 -1 0 0
624.3646549528903 35.377641965877224 -1 0 0
649.2997198879552 74.02699261522788 -1 0 0
663.6373822256176 75.89712248535771 -1 0 0
682.9620575502929 103.94907053730579 -1 0 0
723.4815380697735 47.221797810033046 -1 0 0
706.026992615228 31.014005602240836 -1 0 0
570.1308887191241 35.377641965877224 -1 0 0
560.7802393684748 32.26075884899411 -1 0 0
532.10491469315 31.014005602240836 -1 0 0
528.9880315762668 30.390628978864203 -1 0 0
524.6243952126305 31.014005602240836 -1 0 0
517.1438757321112 34.13088871912395 -1 0 0
551.4295900178254 6.7023172905525525 -1 0 0
557.039979628215 2.3386809269161626 -1 0 0
560.7802393684748 -0.15482556659031507 -1 0 0
569.5075120957474 2.3386809269161626 -1 0 0
563.2737458619812 9.19582378405903 -1 0 0
573.8711484593838 10.442577030812304 -1 0 0
594.4425770308125 4.83218742042264 -1 0 0
600.6763432645787 10.442577030812304 -1 0 0
610.026992615228 6.078940667175915 -1 0 0
631.2217978100331 6.7023172905525525 -1 0 0
633.7153043035397 4.208810797046074 -1 0 0
639.9490705373059 6.7023172905525525 -1 0 0
641.8192004074357 10.442577030812304 -1 0 0
639.3256939139293 17.143875732110995 -1 0 0
634.6503692386045 46.754265342500624 -1 0 0
717.5594601476954 34.286732874968145 -1 0 0
728.156862745098 30.234784823020092 -1 0 0
749.6633562515916 36.78023936847464 -1 0 0
764.0010185892539 34.91010949834477 -1 0 0
789.5594601476955 43.94907053730581 -1 0 0
802.3386809269164 43.325693913929186 -1 0 0
832.5724471606826 51.4295900178253 -1 0 0
859.3776419658774 41.14387573211099 -1 0 0
821.6633562515916 19.32569391392919 -1 0 0
806.7023172905526 22.754265342500624 -1 0 0
780.8321874204228 27.117901706136976 -1 0 0
767.7412783295138 19.949070537305825 -1 0 0
754.6503692386045 29.299719887955177 -1 0 0
754.026992615228 20.57244716068243 -1 0 0
735.9490705373059 20.57244716068243 -1 0 0
736.8841354723708 14.02699261522788 -1 0 0
728.7802393684748 5.299719887955172 -1 0 0
725.97504456328 1.8711484593837382 -1 0 0
718.1828367710722 3.117901706136977 -1 0 0
710.7023172905526 4.052966641201897 -1 0 0
704.7802393684748 9.663356251591525 -1 0 0
699.7932263814616 4.052966641201897 -1 0 0
693.5594601476954 4.364654952890216 -1 0 0
687.9490705373059 4.364654952890216 -1 0 0
683.2737458619812 8.728291316526569 -1 0 0
688.8841354723708 10.598421186656445 -1 0 0
698.5464731347085 12.780239368474641 -1 0 0
681.0919276801629 34.598421186656445 -1 0 0
771.1698497580851 3.4295900178252956 -1 0 0
779.5854341736695 16.208810797046073 -1 0 0
811.6893302775655 20.884135472370748 -1 0 0
797.0399796282151 19.32569391392919 -1 0 0
826.6503692386045 24.31270690094218 -1 0 0
857.8192004074357 15.585434173669437 -1 0 0
869.6633562515916 9.039979628214889 -1 0 0
858.4425770308125 9.663356251591525 -1 0 0
875.5854341736695 17.455564043799313 -1 0 0
891.7932263814616 17.143875732110995 -1 0 0
898.9620575502928 14.962057550292835 -1 0 0
912.0529666412019 22.754265342500624 -1 0 0
883.3776419658772 16.208810797046073 -1 0 0
839.4295900178253 69.81920040743567 -1 0 0
997.1438757321112 14.962057550292835 -1 0 0
852.9360835243189 17.377641965877242 -1 0 0
121.94950488556627 119.48796642402782 -1 0 0
128.15686274509804 111.78228080529873 -1 0 0
124.83913699258967 118.84582595580041 -1 0 0
818.4578660895797 16.15686274509803 -1 0 0
722.0297724440948 71.27391960128533 -1 0 0
830.7655583972721 14.150173781887343 -1 0 0
539.6618794675062 22.04315037051609 -1 0 0
533.7755918420881 21.293986490917426 -1 0 0
