40.88413547237067 95.53348612172132 -1 0 0
62.078940667175914 99.27374586198101 -1 0 0
52.10491469314993 126.70231729055249 -1 0 0
69.55946014769535 146.65036923860444 -1 0 0
22.182836771071987 247.63738222561747 -1 0 0
54.59842118665641 241.40361599185124 -1 0 0
128.15686274509795 139.16984975808495 -1 0 0
153.09192768016297 149.14387573211098 -1 0 0
153.09192768016297 64.36465495289018 -1 0 0
173.03997962821484 68.10491469314987 -1 0 0
191.74127832951362 90.54647313470838 -1 0 0
219.169849758085 90.54647313470838 -1 0 0
272.7802393684747 43.16984975808494 -1 0 0
296.46855105678634 56.88413547237067 -1 0 0
454.8062133944486 16.988031576266746 -1 0 0
215.86676323421926 169.44864888103996 -1 0 0
271.21471398476746 128.07202550441656 -1 0 0
303.9935974389756 130.75881923017133 -1 0 0
342.14606834469333 170.52336637134184 -1 0 0
359.8789069346747 169.44864888103996 -1 0 0
373.85023430859945 104.96559946292558 -1 0 0
362.56570066042946 132.3708954656242 -1 0 0
405.0170415273547 85.62068463749125 -1 0 0
394.8072253694867 80.24709718598173 -1 0 0
395.88194285978864 63.58897608630219 -1 0 0
452.84196984578966 89.38219585354793 -1 0 0
494.755951967564 106.57767569837843 -1 0 0
517.862378009055 108.18975193383127 -1 0 0
513.5635080478472 81.85917342143458 -1 0 0
515.7129430284511 185.56941123556854 -1 0 0
506.04048561573387 237.69320951521098 -1 0 0
541.5061627956968 303.78833516877825 -1 0 0
542.5808802859988 60.90218236054741 -1 0 0
543.1182390311498 80.78445593113268 -1 0 0
482.2347848230201 25.715304303539526 -1 0 0
174.28673287496812 583.0140056022409 -1 0 0
477.24777183600713 506.9620575502928 -1 0 0
857.5075120957475 556.8321874204227 -1 0 0
942.2867328749682 757.5594601476954 -1 0 0
820.1049146931501 397.2477718360071 -1 0 0
747.7932263814616 347.3776419658772 -1 0 0
687.9490705373059 434.6503692386046 -1 0 0
643.0659536541889 371.06595365418895 -1 0 0
1019.5854341736695 322.4425770308123 -1 0 0
923.5854341736695 283.79322638146164 -1 0 0
765.2477718360072 187.79322638146164 -1 0 0
721.6114081996436 177.8192004074356 -1 0 0
999.7799020434619 143.88438846613016 -1 0 0
942.5785190109101 128.6789575334265 -1 0 0
930.9934287764693 167.7786370746645 -1 0 0
872.3439094646121 192.39695382285137 -1 0 0
861.482887369824 110.57725404211263 -1 0 0
820.2110034096281 90.3033461318411 -1 0 0
840.4849113198999 80.1663921767053 -1 0 0
852.7940696939933 53.375871009560726 -1 0 0
875.964250162875 39.61857635616224 -1 0 0
901.3066350507145 44.6870533337301 -1 0 0
933.1656331954268 2.6911012338818647 -1 0 0
839.7608431802472 30.205690540678987 -1 0 0
777.4909831701276 42.51484891477244 -1 0 0
740.5635080478472 20.792804725195737 -1 0 0
693.4990789704311 25.13721356311112 -1 0 0
688.4306019928632 30.205690540678987 -1 0 0
717.3933275789655 54.8240072888659 -1 0 0
724.6340089754909 81.6145284560104 -1 0 0
731.150622232364 94.6477549697564 -1 0 0
741.2875761874998 104.78470892489221 -1 0 0
810.0740494544925 59.89248426643376 -1 0 0
639.1939684964896 22.965009144153466 -1 0 0
650.0549905912777 27.30941798206878 -1 0 0
638.4699003568369 39.61857635616224 -1 0 0
615.2997198879551 27.30941798206878 -1 0 0
668.1566940825916 64.96096124400162 -1 0 0
639.1939684964896 94.6477549697564 -1 0 0
614.5756517483026 84.51080101462061 -1 0 0
602.2664933742092 72.92571078017978 -1 0 0
553.0298598778353 43.238917054424995 -1 0 0
570.4074952294967 44.6870533337301 -1 0 0
567.5949898353992 1.1200734474391985 -1 0 0
644.2237523772052 2.4043543838940296 -1 0 0
974.2839530461013 4.544822611318772 -1 0 0
