45.65517545600928 577.0927457597213 -1 0 0
128.58880875184724 362.8475264121397 -1 0 0
98.64055228390576 279.9138931163017 -1 0 0
145.8666490218135 275.3064690443107 -1 0 0
250.68554665960875 373.2142305741195 -1 0 0
390.0601248373365 405.46619907805643 -1 0 0
484.512318313152 423.89589536602045 -1 0 0
557.0792474470103 301.79915745825895 -1 0 0
725.2502260746816 381.27722270010366 -1 0 0
831.2209797304748 155.51344317254467 -1 0 0
630.7980325988663 167.0320033525222 -1 0 0
665.3537131387988 146.2985950285627 -1 0 0
578.9645117889676 155.51344317254467 -1 0 0
607.7609122389111 137.0837468845807 -1 0 0
608.912768256909 111.74291448863012 -1 0 0
576.660799752972 130.1726107765942 -1 0 0
583.5719358609585 103.67992236264598 -1 0 0
557.0792474470103 82.94651403868649 -1 0 0
535.193983105053 86.40208209267966 -1 0 0
512.156862745098 100.22435430865266 -1 0 0
489.11974238514307 148.60230706455818 -1 0 0
469.53819007918116 108.28734643463694 -1 0 0
436.13436555724644 120.95776263261216 -1 0 0
385.45270076534547 114.04662652462567 -1 0 0
291.00050728953 117.50219457861898 -1 0 0
248.3818346236132 150.90601910055372 -1 0 0
198.85202584971 160.12086724453567 -1 0 0
211.52244204768525 120.95776263261216 -1 0 0
229.95213833564927 111.74291448863012 -1 0 0
196.54831381371446 104.83177838064377 -1 0 0
197.70016983171223 77.18723394869777 -1 0 0
181.57418557974376 80.64280200269094 -1 0 0
998.2401023401485 115.19848254262344 -1 0 0
1017.8216546461101 161.27272326253345 -1 0 0
879.5989324863801 131.32446679459198 -1 0 0
881.9026445223757 109.43920245263472 -1 0 0
881.9026445223757 86.40208209267966 -1 0 0
885.358212576369 76.0353779307 -1 0 0
934.8880213502721 112.89477050662789 -1 0 0
1007.4549504841304 23.0500011028034 -1 0 0
998.2401023401485 28.809281192792124 -1 0 0
929.1287412602835 21.89814508480577 -1 0 0
910.6990449723195 28.809281192792124 -1 0 0
898.0286287743443 29.9611372107899 -1 0 0
812.7912834425107 25.353713138798945 -1 0 0
745.9836343986412 29.9611372107899 -1 0 0
735.6169302366616 43.783409426762894 -1 0 0
735.6169302366616 65.66867376872017 -1 0 0
777.0837468845806 95.61693023666172 -1 0 0
801.2727232625332 99.07249829065489 -1 0 0
816.2468514965041 77.18723394869777 -1 0 0
705.66867376872 63.364961732724765 -1 0 0
640.0128807428483 71.42795385870889 -1 0 0
613.5201923289001 63.364961732724765 -1 0 0
546.7125432850305 32.264849246785445 -1 0 0
562.838527536999 24.201857120801172 -1 0 0
479.904894241161 77.18723394869777 -1 0 0
521.37171088908 69.12424182271349 -1 0 0
720.6428020026908 28.809281192792124 -1 0 0
690.6945455347493 34.56856128278099 -1 0 0
687.2389774807559 2.3165927788439005 -1 0 0
847.3469639824433 18.442577030812448 -1 0 0
847.3469639824433 4.620304814839448 -1 0 0
826.6135556584837 13.835152958821494 -1 0 0
800.1208672445355 6.924016850834995 -1 0 0
992.4808222501597 10.379584904828175 -1 0 0
409.64167714329824 25.353713138798945 -1 0 0
386.6045567833432 6.924016850834995 -1 0 0
377.38970863936123 6.924016850834995 -1 0 0
329.01175588345575 2.3165927788439005 -1 0 0
305.97463552350075 4.620304814839448 -1 0 0
287.54493923553673 6.924016850834995 -1 0 0
256.4448267495975 2.3165927788439005 -1 0 0
239.16698647963122 46.08712146275845 -1 0 0
182.72604159774147 13.835152958821494 -1 0 0
149.32221707580675 26.50556915679672 -1 0 0
133.19623282383827 39.175985354771946 -1 0 0
8.795782880081235 97.92064227265712 -1 0 0
43.35146342001373 102.52806634464821 -1 0 0
56.02187961798899 17.29072101281467 -1 0 0
89.42570413992372 19.59443304881022 -1 0 0
823.1579876044904 316.7732856922297 -1 0 0
459.1714859172015 51.84640155274717 -1 0 0
535.193983105053 19.59443304881022 -1 0 0
508.7012946911048 4.620304814839448 -1 0 0
499.48644654712274 6.924016850834995 -1 0 0
67.54043979796651 118.65405059661676 -1 0 0
945.2547255122521 58.75753766073367 -1 0 0
752.8947705066277 8.075872868832626 -1 0 0
743.6799223626457 14.987008976819126 -1 0 0
97.48869626590799 32.264849246785445 -1 0 0
634.2536006528595 18.442577030812448 -1 0 0
608.912768256909 5.772160832837222 -1 0 0
623.8868964908797 5.772160832837222 -1 0 0
41.331687919923255 24.38863097686636 -1 0 0
17.80321639145174 19.78523437346973 -1 0 0
11.665354253589594 18.250768839004213 -1 0 0
12.688331276566625 10.578441166676544 -1 0 0
21.383635971871307 14.15886074709609 -1 0 0
57.18783177606709 6.998021586257 -1 0 0
12.176842765078119 3.4176020058373835 -1 0 0
16.268750856986205 90.37064895888433 -1 0 0
71.50951009774542 11.089929678165051 -1 0 0
75.08992967816499 5.975044563279916 -1 0 0
5.527492115727464 4.440579028814397 -1 0 0
108.33668292491824 3.4176020058373835 -1 0 0
110.8941254823608 12.112906701142064 -1 0 0
118.05496464319997 14.15886074709609 -1 0 0
122.14687273510805 23.36565395388935 -1 0 0
151.8132064014417 42.29072887896423 -1 0 0
114.47454506278038 5.975044563279916 -1 0 0
120.6124072006425 2.9061134943488773 -1 0 0
124.19282678106208 16.716303304538695 -1 0 0
139.53748212571742 5.463556051791409 -1 0 0
143.6293902176255 2.3946249828603707 -1 0 0
149.25576384399915 6.998021586257 -1 0 0
159.48553407376937 4.440579028814397 -1 0 0
163.06595365418895 10.066952655188038 -1 0 0
45.423596011831336 2.3946249828603707 -1 0 0
171.76125834949363 8.020998609234013 -1 0 0
170.2267928150281 2.9061134943488773 -1 0 0
178.41060899884428 2.9061134943488773 -1 0 0
192.22079880903408 4.952067540302903 -1 0 0
199.89312648136175 4.440579028814397 -1 0 0
207.05396564220092 3.4176020058373835 -1 0 0
211.65736224559754 3.4176020058373835 -1 0 0
217.2837358719712 11.089929678165051 -1 0 0
231.09392568216094 2.3946249828603707 -1 0 0
228.0249946132299 11.089929678165051 -1 0 0
242.3466729349082 8.020998609234013 -1 0 0
247.46155804979335 5.463556051791409 -1 0 0
242.85816144639674 2.3946249828603707 -1 0 0
281.219799808035 3.4176020058373835 -1 0 0
281.7312883195236 10.578441166676544 -1 0 0
300.65636324459854 3.92909051732589 -1 0 0
334.9260935143287 2.9061134943488773 -1 0 0
340.5524671407024 2.3946249828603707 -1 0 0
384.54047912871437 2.9061134943488773 -1 0 0
399.3736459618812 10.066952655188038 -1 0 0
401.41960000783524 3.92909051732589 -1 0 0
466.37864096687616 22.342676930912337 -1 0 0
536.1968227850579 70.42259701083236 -1 0 0
551.5414781297133 15.181837770073175 -1 0 0
540.288730876966 6.998021586257 -1 0 0
552.0529666412017 2.9061134943488773 -1 0 0
559.7252943135294 10.578441166676544 -1 0 0
586.322696910932 5.975044563279916 -1 0 0
605.2477718360069 3.92909051732589 -1 0 0
633.8911284793636 5.463556051791409 -1 0 0
698.8501694384045 5.463556051791409 -1 0 0
703.9650545532897 3.92909051732589 -1 0 0
709.0799396681748 8.020998609234013 -1 0 0
713.1718477600829 17.739280327515704 -1 0 0
707.5454741337091 13.647372235607584 -1 0 0
717.7752443634795 6.486533074768422 -1 0 0
724.9360835243187 8.53248712072252 -1 0 0
732.0969226851578 7.5095100977455065 -1 0 0
722.8901294783645 3.92909051732589 -1 0 0
744.3726469608821 5.463556051791409 -1 0 0
764.8321874204225 5.463556051791409 -1 0 0
821.0959236841587 8.020998609234013 -1 0 0
831.8371824254175 10.066952655188038 -1 0 0
833.8831364713715 3.92909051732589 -1 0 0
856.3886309768659 6.486533074768422 -1 0 0
863.0379816262167 6.486533074768422 -1 0 0
881.9630565512916 2.9061134943488773 -1 0 0
895.7732463614814 3.4176020058373835 -1 0 0
933.6233962116313 11.601418189653558 -1 0 0
940.7842353724704 14.15886074709609 -1 0 0
944.8761434643785 16.716303304538695 -1 0 0
63.45356604180135 32.34867093690624 -1 0 0
47.085933674168984 33.37164795988325 -1 0 0
651.0259936142288 8.788231376466737 -1 0 0
75.28729752770671 65.7622139156666 -1 0 0
37.18696307954619 33.86923732703786 -1 0 0
11.287297527706727 26.163551708308766 -1 0 0
25.414387828710066 20.812381139746876 -1 0 0
53.454521607974286 12.036461407305408 -1 0 0
79.99632762804119 33.44114368155291 -1 0 0
81.49465538723851 24.451177126368943 -1 0 0
73.14682930028196 24.451177126368943 -1 0 0
112.42442127352608 21.079939668174948 -1 0 0
87.38094301265652 2.7789363236933435 -1 0 0
101.07993966817492 5.775591842087998 -1 0 0
132.65184602268997 6.845825955800369 -1 0 0
45.96288281198763 10.48462194242244 -1 0 0
65.76221391566656 11.768902878877288 -1 0 0
32.15686274509803 13.160207226703367 -1 0 0
194.9394714407502 18.72542461800773 -1 0 0
200.61171224342579 16.477932979211747 -1 0 0
158.65853498590073 23.969571775198364 -1 0 0
174.4979998688439 28.99967210964652 -1 0 0
139.18027411633548 19.58161190897763 -1 0 0
122.16355170830873 12.411043347104721 -1 0 0
315.23378582202116 121.09331759459627 -1 0 0
231.2204078955999 21.293986490917437 -1 0 0
255.94281592235575 16.799003213325463 -1 0 0
270.4979998688441 10.16355170830873 -1 0 0
261.4010099022889 43.87592629024855 -1 0 0
268.78562528690424 48.049839333726815 -1 0 0
397.85585940061657 375.3809430126564 -1 0 0
368.1033510394126 99.90268214309125 -1 0 0
400.85251491901124 78.71204669158625 -1 0 0
498.4578660895798 69.29398649091733 -1 0 0
497.1735851531249 20.49131090563306 -1 0 0
486.4712440160012 10.64515705947922 -1 0 0
479.51472227687077 7.273919601285325 -1 0 0
485.07993966817514 1.1735851531247867 -1 0 0
493.7488359892454 2.02977244409468 -1 0 0
464.74549150764 3.421076791920777 -1 0 0
474.80569217653635 3.742147026034485 -1 0 0
520.5046888320547 9.735458062823776 -1 0 0
535.8090366581417 11.233785822021103 -1 0 0
540.0899731129912 36.0632172601482 -1 0 0
521.0398058889109 40.023083480883976 -1 0 0
527.6752573939276 88.39766542068332 -1 0 0
453.72208013640255 0.42442127352612313 -1 0 0
558.1769296347303 64.26388615646928 -1 0 0
590.7120466915865 65.7622139156666 -1 0 0
598.2036854875731 52.49131090563316 -1 0 0
597.9896386648306 2.8324480293789853 -1 0 0
565.1334513738608 1.4946553872384944 -1 0 0
558.7120466915866 1.066561741753539 -1 0 0
617.4678995343959 28.14348481867663 -1 0 0
669.0531838153323 25.94950488556627 -1 0 0
679.3274313069711 15.889304216669974 -1 0 0
782.2839530461016 16.317397862154895 -1 0 0
788.7053577283759 16.317397862154895 -1 0 0
829.1602072267036 25.94950488556627 -1 0 0
846.0699062233592 30.44448816315825 -1 0 0
868.544822611319 12.73211358121843 -1 0 0
882.8859597350648 14.230441340415757 -1 0 0
868.4377991999478 31.247163748442514 -1 0 0
884.3842874942621 29.427765755131478 -1 0 0
934.792314250115 20.330775788576293 -1 0 0
942.6050232802154 30.17692963473014 -1 0 0
984.7722473604828 27.661879467506093 -1 0 0
984.1301068922554 50.35084267820842 -1 0 0
1000.3976654206836 47.140140337071294 -1 0 0
698.1635517083088 79.46121057118499 -1 0 0
635.6618794675061 65.7622139156666 -1 0 0
535.2739196012853 129.33412027018164 -1 0 0
775.5414781297134 7.166896189914077 -1 0 0
771.3675650862351 6.417732310315413 -1 0 0
798.337464751787 262.7923142501146 -1 0 0
878.3909764574728 225.976260738409 -1 0 0
922.4846219424225 209.70870220998086 -1 0 0
699.0197389992787 246.52475572168657 -1 0 0
625.8157256213523 211.42107679192065 -1 0 0
1020.5180667584759 37.293986490917455 -1 0 0
854.4177323103154 12.678601875532824 -1 0 0
658.136795855466 32.79900321332547 -1 0 0
579.5816119089778 8.183618597940843 -1 0 0
566.9528493671718 7.327431306970931 -1 0 0
538.4846219424227 2.2438192668371757 -1 0 0
526.0699062233591 0.31739786215489313 -1 0 0
620.0364614073055 3.474588497606401 -1 0 0
668.1969965243625 4.170240671519441 -1 0 0
674.6184012066366 7.059872778542847 -1 0 0
684.678601875533 8.237130303626449 -1 0 0
698.5916453537939 11.768902878877288 -1 0 0
701.2672306380747 18.40435438389402 -1 0 0
809.4678995343958 10.48462194242244 -1 0 0
735.5147222768707 8.665223949111404 -1 0 0
357.4010099022889 33.44114368155291 -1 0 0
322.9394714407504 28.518066758475968 -1 0 0
160.69197980195423 82.56488950095077 -1 0 0
