97.056036298817 655.8130610922055 -1 0 0
411.8725652244369 522.5238048938584 -1 0 0
556.5866148112136 753.5585156376601 -1 0 0
679.7204991087343 640.5800032409659 -1 0 0
884.0973586128664 558.0676065467509 -1 0 0
981.8428131583211 754.8279371252632 -1 0 0
382.67587100956086 450.16678010046996 -1 0 0
168.14363960460219 314.33868092691625 -1 0 0
211.30397018311464 292.7585156376601 -1 0 0
128.79157348889973 208.97669745584187 -1 0 0
108.48082968724688 164.5469453897262 -1 0 0
268.4279371252633 189.9353751417923 -1 0 0
307.7800032409658 139.15851563766012 -1 0 0
354.7485982822881 186.12711067898235 -1 0 0
402.9866148112137 286.4114081996435 -1 0 0
419.4890941500567 354.96016853022206 -1 0 0
468.9965321665856 351.15190406741215 -1 0 0
447.4163668773294 283.872565224437 -1 0 0
507.0791767946849 328.3023172905526 -1 0 0
560.3948792740237 238.17339167071793 -1 0 0
595.9386809269163 231.82628423270145 -1 0 0
651.7932263814616 224.20975530708156 -1 0 0
569.2808296872468 170.89405282774277 -1 0 0
689.8758710095609 414.6229784475774 -1 0 0
752.0775239021228 376.54033381947824 -1 0 0
795.2378544806353 365.1155404310485 -1 0 0
934.8742181169989 374.0014908442716 -1 0 0
980.5733916707178 415.8923999351807 -1 0 0
833.3204991087342 286.4114081996435 -1 0 0
819.3568627450979 186.12711067898235 -1 0 0
846.0147139847675 187.39653216658573 -1 0 0
896.7915734888996 222.94033381947827 -1 0 0
913.2940528277426 235.6345486955113 -1 0 0
952.6461189434451 278.7948792740237 -1 0 0
983.1122346459243 261.02297844757743 -1 0 0
1021.1948792740235 245.78992059633782 -1 0 0
991.9981850591475 215.32380489385847 -1 0 0
1009.7700858855937 202.62959001782534 -1 0 0
979.3039701831145 188.66595365418897 -1 0 0
1004.6923999351806 182.3188462161725 -1 0 0
1018.6560362988171 169.62463134013936 -1 0 0
896.7915734888996 160.73868092691626 -1 0 0
866.3254577864202 148.04446605088322 -1 0 0
774.9271106789822 154.39157348889978 -1 0 0
943.7601685302218 153.12215200129646 -1 0 0
986.9204991087342 131.54198671204028 -1 0 0
1003.4229784475773 122.65603629881704 -1 0 0
1000.8841354723705 85.8428131583212 -1 0 0
978.034548695511 84.57339167071797 -1 0 0
21.313887538486387 93.77669745584178 -1 0 0
2.272565224436774 88.06430076162691 -1 0 0
25.12215200129629 77.2742181169988 -1 0 0
44.798185059147556 82.98661481121367 -1 0 0
74.62959001782525 56.96347431534584 -1 0 0
135.5618214227839 109.64446605088311 -1 0 0
133.0229784475773 93.77669745584178 -1 0 0
16.76512720790796 19.99157348889971 -1 0 0
10.418019769891437 7.297358612866661 -1 0 0
4.705623075676568 3.1717387781559143 -1 0 0
23.74694538972614 12.375044563279873 -1 0 0
32.950251174850116 10.153556959974095 -1 0 0
44.05768919137905 10.470912331874905 -1 0 0
47.23124291038732 1.584961918651792 -1 0 0
66.5899205963377 18.087441257494742 -1 0 0
73.57173877815589 14.913887538486497 -1 0 0
76.11058175336251 0.950251174850136 -1 0 0
109.43289580294929 16.81801976989143 -1 0 0
90.07421811699888 5.393226381461693 -1 0 0
30.094052827742683 5.393226381461693 -1 0 0
122.761821422784 14.596532166585652 -1 0 0
123.7138875384865 1.584961918651792 -1 0 0
104.6725652244369 1.267606546750946 -1 0 0
110.7023172905526 1.267606546750946 -1 0 0
117.04942472856912 1.267606546750946 -1 0 0
129.74363960460218 3.1717387781559143 -1 0 0
136.40810241451956 0.950251174850136 -1 0 0
140.21636687732945 22.530416464106334 -1 0 0
153.862647869065 44.74529249716417 -1 0 0
177.664300761627 53.948598282288145 -1 0 0
161.7965321665857 17.770085885593932 -1 0 0
154.81471398476748 2.219672662453448 -1 0 0
170.6824825798088 6.662647869065005 -1 0 0
163.70066439799064 10.78826770377575 -1 0 0
179.56843299303193 19.039507373197242 -1 0 0
209.08248257980884 33.95520985253607 -1 0 0
202.73537514179228 27.608102414519546 -1 0 0
178.9337222492303 4.12380489385838 -1 0 0
186.5502511748501 5.7105817533625025 -1 0 0
192.58000324096585 14.27917679468484 -1 0 0
201.78330902608977 17.770085885593932 -1 0 0
196.7056230756766 18.722152001296397 -1 0 0
197.34033381947822 6.980003240965814 -1 0 0
165.60479662939557 0.950251174850136 -1 0 0
160.20975530708154 0.950251174850136 -1 0 0
208.44777183600715 8.249424728569126 -1 0 0
213.20810241451957 3.8064495219575702 -1 0 0
207.49570572030473 14.27917679468484 -1 0 0
226.53702803435425 20.626284232701366 -1 0 0
237.32711067898236 7.9320693566683165 -1 0 0
231.9320693566683 0.950251174850136 -1 0 0
225.58496191865183 2.537028034354258 -1 0 0
244.62628423270135 20.943639604602176 -1 0 0
251.92545778642042 12.057689191379062 -1 0 0
265.67752390212286 10.470912331874905 -1 0 0
272.6593420839411 23.79983795170961 -1 0 0
267.26430076162706 36.49405282774269 -1 0 0
263.7733916707179 31.41636687732948 -1 0 0
287.8923999351807 50.77504456327986 -1 0 0
300.9039701831146 36.49405282774269 -1 0 0
303.7601685302221 21.895705720304676 -1 0 0
282.4973586128667 24.117193323610454 -1 0 0
278.371738778156 13.961821422783997 -1 0 0
287.2576891913791 13.644466050883185 -1 0 0
286.3056230756766 0.950251174850136 -1 0 0
311.05934208394103 16.81801976989143 -1 0 0
315.5023172905526 52.04446605088318 -1 0 0
335.4957057203047 37.44611894344516 -1 0 0
340.57339167071797 36.8114081996435 -1 0 0
345.0163668773295 76.48082968724681 -1 0 0
355.80644952195763 62.51719332361045 -1 0 0
375.79983795170966 99.01306109220549 -1 0 0
393.571738778156 143.760168530222 -1 0 0
413.2477718360072 163.11884621617241 -1 0 0
422.1337222492303 130.4312429103873 -1 0 0
406.26595365418905 116.15025117485011 -1 0 0
409.4395073731973 85.04942472856914 -1 0 0
427.2114081996436 83.462647869065 -1 0 0
431.3370280343543 86.63620158807325 -1 0 0
437.6841354723708 93.61801976989143 -1 0 0
470.68909415005675 126.30562307567655 -1 0 0
480.8444660508833 83.78000324096581 -1 0 0
499.88578836493286 80.60644952195756 -1 0 0
512.2626478690651 87.90562307567656 -1 0 0
499.568432993032 64.73868092691623 -1 0 0
468.467606546751 40.93702803435425 -1 0 0
470.05438340625517 29.829590017825318 -1 0 0
486.23950737319734 47.6014908442716 -1 0 0
494.4907470426188 44.42793712526334 -1 0 0
429.43289580294936 53.948598282288145 -1 0 0
451.33041646410635 67.91223464592449 -1 0 0
402.4576891913791 56.80479662939558 -1 0 0
396.4279371252634 49.18826770377574 -1 0 0
385.32049910873445 39.350251174850136 -1 0 0
362.15355695997414 40.302317290552594 -1 0 0
353.26760654675104 36.49405282774269 -1 0 0
340.8907470426188 13.644466050883185 -1 0 0
330.7353751417923 21.895705720304676 -1 0 0
351.363474315346 4.758515637660036 -1 0 0
373.89570572030476 7.9320693566683165 -1 0 0
368.8180197698915 4.441160265759226 -1 0 0
364.3750445632799 11.422978447577407 -1 0 0
359.2973586128667 26.97339167071789 -1 0 0
381.82959001782535 11.422978447577407 -1 0 0
380.56016853022203 6.980003240965814 -1 0 0
387.5419867120402 6.027937125263349 -1 0 0
395.47587100956093 4.758515637660036 -1 0 0
404.9965321665857 6.980003240965814 -1 0 0
416.73868092691623 16.183309026089812 -1 0 0
419.2775239021229 8.566780100469973 -1 0 0
427.52876357154435 11.105623075676561 -1 0 0
432.60644952195764 6.345292497164194 -1 0 0
436.0973586128667 13.644466050883185 -1 0 0
446.25273051369317 9.83620158807325 -1 0 0
448.47421811699894 5.075871009560882 -1 0 0
439.27091233187497 0.31554043104847995 -1 0 0
458.31223464592455 7.614713984767472 -1 0 0
461.80314373683365 6.027937125263349 -1 0 0
466.2461189434452 6.980003240965814 -1 0 0
471.32380489385844 9.201490844271628 -1 0 0
478.62297844757745 11.740333819478217 -1 0 0
463.7072759682386 34.90727596823856 -1 0 0
485.92215200129647 12.375044563279873 -1 0 0
484.970085885594 2.219672662453448 -1 0 0
497.66430076162703 7.614713984767472 -1 0 0
490.3651272079081 6.980003240965814 -1 0 0
498.93372224923036 17.452730513693083 -1 0 0
294.55686274509804 0.31554043104847995 -1 0 0
307.88578836493275 3.4890941500567245 -1 0 0
315.5023172905526 0.6328958029492902 -1 0 0
337.39983795170957 0.950251174850136 -1 0 0
358.662647869065 5.7105817533625025 -1 0 0
404.0444660508832 35.54198671204019 -1 0 0
407.53537514179226 33.63785448063524 -1 0 0
420.5469453897262 37.44611894344516 -1 0 0
425.94198671204026 36.17669745584185 -1 0 0
435.46264786906505 44.11058175336251 -1 0 0
436.4147139847675 37.12876357154433 -1 0 0
443.39653216658564 35.85934208394104 -1 0 0
431.65438340625514 36.8114081996435 -1 0 0
524.956862745098 56.48744125749473 -1 0 0
539.8725652244368 75.84611894344512 -1 0 0
531.9386809269162 102.18661481121373 -1 0 0
550.9800032409657 97.42628423270135 -1 0 0
539.555209852536 55.53537514179226 -1 0 0
563.6742181169988 76.16347431534595 -1 0 0
602.3915734888997 79.97173877815588 -1 0 0
611.5948792740236 97.74363960460217 -1 0 0
554.4709123318748 46.01471398476746 -1 0 0
557.0097553070815 11.105623075676561 -1 0 0
562.0874412574947 20.62628423270133 -1 0 0
570.3386809269161 12.057689191379026 -1 0 0
568.1171933236104 6.980003240965814 -1 0 0
576.3684329930319 8.884135472370748 -1 0 0
580.4940528277426 4.441160265759191 -1 0 0
577.0031437368335 1.5849619186517563 -1 0 0
571.2907470426187 55.53537514179226 -1 0 0
583.0328958029492 56.48744125749473 -1 0 0
588.7452924971641 48.8709123318749 -1 0 0
579.5419867120402 44.74529249716415 -1 0 0
595.0923999351807 61.56512720790795 -1 0 0
607.7866148112137 71.40314373683358 -1 0 0
616.0378544806351 64.42132555501539 -1 0 0
612.546945389726 52.04446605088316 -1 0 0
630.0014908442715 35.22463134013935 -1 0 0
631.5882677037756 52.6791767946848 -1 0 0
632.857689191379 68.86430076162695 -1 0 0
651.2643007616268 81.87587100956085 -1 0 0
643.9651272079079 64.42132555501539 -1 0 0
652.2163668773294 56.48744125749473 -1 0 0
658.246118943445 55.21801976989143 -1 0 0
669.353556959974 67.27752390212284 -1 0 0
660.7849619186517 75.5287635715443 -1 0 0
671.2576891913789 88.85768919137902 -1 0 0
679.5089288608004 56.170085885593885 -1 0 0
671.8923999351806 34.90727596823854 -1 0 0
669.353556959974 24.751904067412077 -1 0 0
683.6345486955112 34.58992059633769 -1 0 0
679.1915734888995 31.733722249230258 -1 0 0
698.867606546751 37.12876357154432 -1 0 0
669.9882677037756 1.5849619186517563 -1 0 0
685.856036298817 2.219672662453412 -1 0 0
703.6279371252632 3.4890941500566885 -1 0 0
715.052730513693 13.961821422783997 -1 0 0
719.4957057203046 2.5370280343542224 -1 0 0
702.6758710095608 30.464300761626944 -1 0 0
716.6395073731971 37.12876357154432 -1 0 0
705.2147139847674 68.2295900178253 -1 0 0
720.1304164641061 45.697358612866616 -1 0 0
735.151904067412 97.74363960460218 -1 0 0
722.4576891913789 84.41471398476747 -1 0 0
728.8047966293955 65.69074704261871 -1 0 0
738.0081024145195 62.19983795170962 -1 0 0
745.9419867120401 68.86430076162696 -1 0 0
745.3072759682384 45.38000324096583 -1 0 0
732.2957057203046 29.829590017825318 -1 0 0
739.5948792740236 33.00314373683361 -1 0 0
751.0196726624533 46.01471398476746 -1 0 0
766.5700858855938 45.38000324096583 -1 0 0
761.8097553070814 89.80975530708152 -1 0 0
783.7072759682385 90.761821422784 -1 0 0
780.5337222492302 107.89901150542862 -1 0 0
778.3122346459244 77.75025117485012 -1 0 0
791.0064495219575 80.92380489385839 -1 0 0
801.1618214227839 78.70231729055259 -1 0 0
813.5386809269162 74.25934208394104 -1 0 0
830.6758710095608 73.9419867120402 -1 0 0
778.6295900178252 53.948598282288145 -1 0 0
753.8758710095607 32.0510776211311 -1 0 0
761.4923999351806 32.0510776211311 -1 0 0
775.1386809269161 35.22463134013938 -1 0 0
784.0246313401392 46.649424728569116 -1 0 0
777.9948792740236 40.619672662453425 -1 0 0
792.2758710095608 38.715540431048474 -1 0 0
802.7485982822881 42.20644952195756 -1 0 0
807.1915734888996 39.66760654675094 -1 0 0
801.4791767946848 33.00314373683361 -1 0 0
809.0957057203045 25.069259439312916 -1 0 0
776.7254577864203 19.674218116998862 -1 0 0
764.9833090260896 1.584961918651792 -1 0 0
793.862647869065 9.83620158807325 -1 0 0
804.0180197698913 13.961821422783997 -1 0 0
817.346945389726 11.105623075676561 -1 0 0
825.9155404310484 28.56016853022201 -1 0 0
842.1006643979905 14.596532166585652 -1 0 0
859.2378544806353 18.404796629395587 -1 0 0
848.4477718360072 28.877523902122864 -1 0 0
851.9386809269162 36.17669745584185 -1 0 0
859.5552098525359 39.66760654675094 -1 0 0
867.8064495219576 38.39818505914764 -1 0 0
866.854383406255 29.829590017825318 -1 0 0
879.5485982822881 41.571738778155904 -1 0 0
876.6923999351806 52.04446605088318 -1 0 0
882.7221520012963 57.12215200129639 -1 0 0
900.8114081996436 35.85934208394104 -1 0 0
926.5171933236104 17.452730513693083 -1 0 0
884.3089288608005 124.71884621617241 -1 0 0
873.5188462161724 129.161821422784 -1 0 0
896.6857883649327 109.16843299303193 -1 0 0
919.852730513693 132.01801976989142 -1 0 0
928.1039701831146 120.59322638146169 -1 0 0
783.7072759682385 37.76347431534599 -1 0 0
955.8196726624535 51.72711067898235 -1 0 0
958.0411602657593 33.00314373683361 -1 0 0
976.1304164641064 40.302317290552594 -1 0 0
990.0940528277426 60.93041646410632 -1 0 0
986.9204991087345 72.98992059633771 -1 0 0
996.7585156376601 53.6312429103873 -1 0 0
1004.3750445632799 47.6014908442716 -1 0 0
944.0775239021228 20.626284232701366 -1 0 0
929.7965321665856 22.21306109220549 -1 0 0
