332.95686274509825 730.7050108932461 -1 0 0
271.32723311546846 643.4753812636164 -1 0 0
17.223529411764698 657.6976034858388 -1 0 0
5.845751633986926 550.5568627450981 -1 0 0
15.327233115468463 466.17167755991284 -1 0 0
456.21612200435743 530.645751633987 -1 0 0
421.134640522876 461.43093681917213 -1 0 0
399.3272331154685 397.90501089324613 -1 0 0
377.51982570806115 358.0827886710239 -1 0 0
386.0531590413944 320.156862745098 -1 0 0
385.10501089324623 283.1790849673202 -1 0 0
362.3494553376907 244.30501089324616 -1 0 0
761.5198257080611 214.91241830065357 -1 0 0
885.7272331154685 501.2531590413943 -1 0 0
773.845751633987 581.845751633987 -1 0 0
879.0901960784313 127.91982570806103 -1 0 0
915.5938997821349 128.86797385620915 -1 0 0
943.0901960784313 121.75686274509805 -1 0 0
994.2901960784312 66.29019607843139 -1 0 0
623.5642701525054 75.2976034858388 -1 0 0
541.0753812636165 87.14945533769063 -1 0 0
771.2976034858385 11.09019607843137 -1 0 0
778.6457516339868 13.579084967320261 -1 0 0
469.9642701525054 108.60130718954247 -1 0 0
477.0753812636165 39.62352941176469 -1 0 0
503.3864923747276 33.697603485838776 -1 0 0
566.9716775599128 22.705010893246182 -1 0 0
381.66797385620913 27.356862745098052 -1 0 0
421.01612200435727 41.223529411764716 -1 0 0
458.7050108932462 21.54945533769064 -1 0 0
63.20871459694981 97.10501089324619 -1 0 0
57.993899782135045 49.105010893246174 -1 0 0
112.27538126361654 39.86056644880174 -1 0 0
43.77167755991286 21.934640522875824 -1 0 0
54.26056644880174 17.490196078431367 -1 0 0
63.72876909961308 5.186963079546223 -1 0 0
936.3976654206836 7.220407895599612 -1 0 0
986.4846219424225 12.785625286903926 -1 0 0
1010.4578660895797 12.785625286903926 -1 0 0
383.72876909961326 2.9394714407501263 -1 0 0
356.33077578857643 2.083284149780215 -1 0 0
387.58161190897783 73.1468293002819 -1 0 0
