71.04531675683985 469.82418172748544 -1 0 0
221.33885883120385 322.53651049460876 -1 0 0
213.82418172748564 263.9220290856068 -1 0 0
171.74198994666372 241.37799777445224 -1 0 0
57.518897970147044 262.41909366486317 -1 0 0
125.15099190361084 196.28993515214296 -1 0 0
48.50128544568525 170.7400329995011 -1 0 0
7.92202908560691 224.84570814627216 -1 0 0
606.0903265415756 651.679367637466 -1 0 0
757.8868040366834 575.0296611795403 -1 0 0
778.9278999270944 472.83005256897275 -1 0 0
673.7224204750395 251.8985457196577 -1 0 0
282.9592110816931 280.45431871378685 -1 0 0
350.5913050151568 127.15490579793557 -1 0 0
358.1059821188751 112.1255515904991 -1 0 0
344.5795633321823 97.09619738306286 -1 0 0
326.5443382832586 97.09619738306286 -1 0 0
383.655884271517 103.10793906603737 -1 0 0
397.18230305820975 101.60500364529365 -1 0 0
425.73807605233884 116.63435785273003 -1 0 0
487.3584283028282 143.68719542611564 -1 0 0
473.8320095161354 122.6460995357047 -1 0 0
509.9024596139827 164.72829131652657 -1 0 0
485.85549288208443 209.81635393883576 -1 0 0
571.5228118644719 158.71654963355203 -1 0 0
633.1431641149612 137.6754537431411 -1 0 0
598.5756494378575 107.61674532826831 -1 0 0
630.1372932734739 101.60500364529365 -1 0 0
664.7048079505777 116.63435785273003 -1 0 0
757.8868040366834 143.68719542611564 -1 0 0
757.8868040366834 92.58739112083191 -1 0 0
729.3310310425542 61.02574728521537 -1 0 0
715.8046122558613 64.0316181267027 -1 0 0
730.8339664632978 27.961168028855372 -1 0 0
751.8750623537088 20.446490925137102 -1 0 0
766.9044165611452 20.446490925137102 -1 0 0
825.5188979701471 32.46997429108631 -1 0 0
825.5188979701471 9.925942979931635 -1 0 0
810.4895437627107 6.920072138444299 -1 0 0
825.5188979701471 20.446490925137102 -1 0 0
851.068800122789 20.446490925137102 -1 0 0
867.6010897509691 32.46997429108631 -1 0 0
863.0922834887382 53.511070181497246 -1 0 0
864.5952189094818 80.5639077548827 -1 0 0
843.5541230190709 68.54042438893364 -1 0 0
833.0335750738653 53.511070181497246 -1 0 0
822.5130271286599 74.55216607190818 -1 0 0
796.9631249760181 49.002263919266305 -1 0 0
768.4073519818888 70.04335980967724 -1 0 0
885.6363147998928 49.002263919266305 -1 0 0
923.2097003184838 38.48171597406084 -1 0 0
918.7008940562529 32.46997429108631 -1 0 0
921.7067648977401 17.440620083649907 -1 0 0
932.2273128429456 21.9494263458807 -1 0 0
941.2449253674075 5.417136717700701 -1 0 0
915.6950232147657 5.417136717700701 -1 0 0
900.6656690073291 2.4112658762135064 -1 0 0
960.7830858370747 42.990522236291774 -1 0 0
945.7537316296384 80.5639077548827 -1 0 0
981.8241817274857 53.511070181497246 -1 0 0
981.8241817274857 33.97290971182991 -1 0 0
983.3271171482294 5.417136717700701 -1 0 0
996.8535359349222 5.417136717700701 -1 0 0
1007.3740838801275 5.417136717700701 -1 0 0
966.7948275200494 8.423007559188038 -1 0 0
999.8594067764094 58.01987644372817 -1 0 0
1013.3858255631022 47.49932849852271 -1 0 0
724.8222247803233 9.925942979931635 -1 0 0
715.8046122558613 8.423007559188038 -1 0 0
774.4190936648633 6.920072138444299 -1 0 0
765.4014811404015 -0.5946049652738307 -1 0 0
765.4014811404015 8.423007559188038 -1 0 0
783.4367061893253 8.423007559188038 -1 0 0
664.7048079505777 70.04335980967724 -1 0 0
646.6695829016539 26.45823260811163 -1 0 0
666.2077433713213 26.45823260811163 -1 0 0
667.710678792065 6.920072138444299 -1 0 0
648.1725183223977 9.925942979931635 -1 0 0
631.6402286942175 18.943555504393505 -1 0 0
619.6167453282684 18.943555504393505 -1 0 0
612.1020682245503 0.9083304554697664 -1 0 0
628.6343578527303 2.4112658762135064 -1 0 0
598.5756494378575 26.45823260811163 -1 0 0
618.1138099075248 50.5051993400099 -1 0 0
604.587391120832 53.511070181497246 -1 0 0
603.0844557000884 65.5345535474463 -1 0 0
633.1431641149612 39.98465139480444 -1 0 0
634.6460995357048 53.511070181497246 -1 0 0
548.9787805533174 17.440620083649907 -1 0 0
559.4993284985228 15.937684662906166 -1 0 0
571.5228118644719 21.9494263458807 -1 0 0
582.0433598096774 11.428878400675233 -1 0 0
570.0198764437283 11.428878400675233 -1 0 0
551.9846513948047 5.417136717700701 -1 0 0
533.949426345881 15.937684662906166 -1 0 0
551.9846513948047 49.002263919266305 -1 0 0
554.9905222362919 80.5639077548827 -1 0 0
529.4406200836501 65.5345535474463 -1 0 0
517.4171367177009 86.57564943785724 -1 0 0
479.84375119910993 74.55216607190818 -1 0 0
479.84375119910993 55.01400560224084 -1 0 0
514.4112658762136 12.931813821418972 -1 0 0
467.82026783316087 15.937684662906166 -1 0 0
458.802655308699 2.4112658762135064 -1 0 0
446.77917194274977 5.417136717700701 -1 0 0
442.270365680519 49.002263919266305 -1 0 0
413.7145926863898 58.01987644372817 -1 0 0
400.18817389969695 82.0668431756263 -1 0 0
442.270365680519 89.58152027934457 -1 0 0
356.6030466981314 97.09619738306286 -1 0 0
386.6617551130042 58.01987644372817 -1 0 0
386.6617551130042 5.417136717700701 -1 0 0
328.0472737040023 23.45236176662444 -1 0 0
278.45040481946216 21.9494263458807 -1 0 0
293.47975902689853 6.920072138444299 -1 0 0
272.43866313648766 5.417136717700701 -1 0 0
261.918115191282 5.417136717700701 -1 0 0
206.30950462376745 27.961168028855372 -1 0 0
174.74786078815097 18.943555504393505 -1 0 0
165.7302482636891 30.967038870342567 -1 0 0
134.1686044280727 27.961168028855372 -1 0 0
138.67741069030365 11.428878400675233 -1 0 0
126.65392732435451 20.446490925137102 -1 0 0
99.60108975096898 18.943555504393505 -1 0 0
102.60696059245625 23.45236176662444 -1 0 0
63.530639653121646 39.98465139480444 -1 0 0
89.08054180576352 39.98465139480444 -1 0 0
108.61870227543085 38.48171597406084 -1 0 0
59.02183339089071 79.0609723341391 -1 0 0
43.992479183454314 49.002263919266305 -1 0 0
4.916158244119644 42.990522236291774 -1 0 0
197.29189209930558 139.1783891638847 -1 0 0
113.12750853766171 131.6637120601665 -1 0 0
10.927899927094247 149.69893710909014 -1 0 0
37.751268339503675 30.27074885898422 -1 0 0
68.95206754030285 33.85116843940384 -1 0 0
69.46355605179139 17.995024583259923 -1 0 0
130.33068891892424 15.949070537305898 -1 0 0
125.21580380403908 29.247771836007203 -1 0 0
144.14087872911404 37.43158801982338 -1 0 0
163.57744216567744 22.086932675168047 -1 0 0
179.9450745333098 20.04097862921402 -1 0 0
186.59442518266044 20.04097862921402 -1 0 0
210.12289671113203 34.87414546238085 -1 0 0
234.67434526258054 31.293725881961233 -1 0 0
215.23778182601708 7.253765842001216 -1 0 0
209.09991968815496 18.50651309474843 -1 0 0
234.16285675109205 21.57544416367954 -1 0 0
251.0419776302129 27.713306301541692 -1 0 0
262.29472488296017 41.012007600242924 -1 0 0
254.11090869914395 45.61540420363956 -1 0 0
262.29472488296017 23.621398209633565 -1 0 0
257.179839768075 12.368650956886356 -1 0 0
267.9210985093338 10.834185422420763 -1 0 0
300.14487473311004 9.299719887955243 -1 0 0
288.8921274803627 5.207811796047192 -1 0 0
307.30571389394913 12.368650956886356 -1 0 0
312.4205990088343 12.368650956886356 -1 0 0
327.2537658420011 14.414605002840378 -1 0 0
327.2537658420011 9.299719887955243 -1 0 0
356.9200995083347 10.834185422420763 -1 0 0
356.9200995083347 4.184834773070178 -1 0 0
371.75326634150156 7.253765842001216 -1 0 0
366.1268927151279 14.926093514328887 -1 0 0
390.16685275508803 17.995024583259923 -1 0 0
386.0749446631799 11.34567393390927 -1 0 0
408.0689506571859 7.253765842001216 -1 0 0
401.93108851932374 7.765254353489724 -1 0 0
230.07094865918393 3.6733462615816013 -1 0 0
421.8791404673757 2.138880727116082 -1 0 0
439.78123836947356 9.811208399443748 -1 0 0
444.3846349728702 19.529490117725516 -1 0 0
423.41360600184123 16.460559048794405 -1 0 0
461.77524436347954 8.788231376466737 -1 0 0
476.0969226851579 4.184834773070178 -1 0 0
470.9820375702727 2.650369238604588 -1 0 0
502.182836771072 54.310708898944235 -1 0 0
360.50051908875434 64.54047912871447 -1 0 0
381.98303657127184 68.12089870913405 -1 0 0
445.9191005073357 107.5055140937494 -1 0 0
46.958061546296896 144.84417543241076 -1 0 0
103.73328632152165 120.2927268809622 -1 0 0
185.57144815968343 141.2637558519912 -1 0 0
249.5075120957474 188.3206989089342 -1 0 0
427.50551409374935 168.37264696088226 -1 0 0
215.7492703375056 28.736283324518702 -1 0 0
322.13888072711603 7.765254353489724 -1 0 0
557.1678517560871 32.316702904938246 -1 0 0
801.6593602475955 258.39462498286025 -1 0 0
717.7752443634796 215.42959001782532 -1 0 0
804.2168028050381 47.149869738105075 -1 0 0
791.4295900178253 15.949070537305898 -1 0 0
783.7572623454976 26.690329278564608 -1 0 0
740.7922273804626 4.184834773070178 -1 0 0
737.7232963115316 12.368650956886356 -1 0 0
733.6313882196235 16.97204756028291 -1 0 0
696.8042153924508 7.253765842001216 -1 0 0
709.0799396681749 26.690329278564608 -1 0 0
700.8961234843588 19.529490117725516 -1 0 0
693.2237958120312 21.57544416367954 -1 0 0
681.9710485592839 39.477542065777406 -1 0 0
674.8102093984446 13.391627979863365 -1 0 0
665.0919276801629 53.79922038745573 -1 0 0
646.6783412665766 109.55146813970346 -1 0 0
613.4315880198233 109.55146813970346 -1 0 0
625.7073122955476 34.362656950892344 -1 0 0
600.1328867211221 6.2307888190242045 -1 0 0
593.9950245832599 10.834185422420763 -1 0 0
576.092926681162 17.995024583259923 -1 0 0
529.0359836242189 8.788231376466737 -1 0 0
543.3576619458972 12.880139468374859 -1 0 0
490.16285675109214 21.57544416367954 -1 0 0
484.02499461323 9.299719887955243 -1 0 0
491.1858337740691 5.207811796047192 -1 0 0
857.6673522555876 39.989030577265915 -1 0 0
518.038980627216 170.41860100683633 -1 0 0
634.6583612465965 265.5554641436994 -1 0 0
846.4146050028403 10.834185422420834 -1 0 0
864.8281914164266 9.811208399443748 -1 0 0
891.4255940138291 8.788231376466737 -1 0 0
638.2387808270161 6.2307888190242045 -1 0 0
447.94281592235563 260.0097055544626 -1 0 0
100.75886943406128 192.15686274509792 -1 0 0
77.85585940061641 78.17692963473014 -1 0 0
102.47124401600105 103.00636107285725 -1 0 0
99.68863532034887 82.8859597350646 -1 0 0
-45.86320414453407 116.91940455111812 -1 0 0
110.81907010295757 55.916060069512774 -1 0 0
147.2070299691783 51.4210767919208 -1 0 0
14.819070102957568 57.62843465145255 -1 0 0
21.98963866483048 39.541478129713425 -1 0 0
30.444488163158237 42.53813364810807 -1 0 0
69.07993966817497 26.912715587907403 -1 0 0
83.63512361466327 24.66522394911142 -1 0 0
98.2973309725228 32.906026624696715 -1 0 0
86.6317791330579 71.75552495245591 -1 0 0
114.45786608957965 20.223752377205045 -1 0 0
151.48796642402783 25.146829300281976 -1 0 0
140.78562528690406 26.217063413994346 -1 0 0
186.27057511968002 33.28060856449601 -1 0 0
191.19365204275695 49.33412027018165 -1 0 0
355.68863532034896 21.454521607974325 -1 0 0
373.240474785232 20.812381139746876 -1 0 0
316.51806675847587 121.84248147419503 -1 0 0
293.4010099022886 126.76555839727195 -1 0 0
294.2571971932585 101.29398649091742 -1 0 0
326.3642206046298 62.979605220014385 -1 0 0
309.0264279624893 29.53478916650271 -1 0 0
319.0866286313856 19.7956587317201 -1 0 0
346.27057511967996 6.738802544429138 -1 0 0
339.2070299691783 13.588300872188324 -1 0 0
297.5749229457669 22.15017378188733 -1 0 0
260.223752377205 98.2973309725228 -1 0 0
234.96622729359296 143.67525739392747 -1 0 0
231.96957177519832 109.42776575513149 -1 0 0
170.96622729359316 97.54816709292405 -1 0 0
203.07325070496438 178.02977244409456 -1 0 0
183.8090366581417 170.75218047085042 -1 0 0
176.53144468489748 389.29398649091735 -1 0 0
191.08662863138576 340.919404551118 -1 0 0
340.0632172601482 727.4879664240277 -1 0 0
149.98963866483052 602.4846219424223 -1 0 0
220.19699652436233 581.0799396681749 -1 0 0
8.718735654797081 359.32743130697094 -1 0 0
733.0531838153323 366.17692963473013 -1 0 0
155.98294970161984 193.0130500360678 -1 0 0
289.54816709292425 216.55820053774005 -1 0 0
313.09331759459644 207.9963276280411 -1 0 0
343.48796642402795 230.6852908387434 -1 0 0
196.8658928454325 39.006361072857224 -1 0 0
203.2872975277068 40.932782477539504 -1 0 0
249.30736441733887 8.183618597940878 -1 0 0
230.7923142501149 45.80234769493081 -1 0 0
244.1702406715196 16.906026624696686 -1 0 0
240.53144468489754 4.277264082890653 -1 0 0
254.33746475178714 4.063217260148175 -1 0 0
273.2806085644962 21.29398649091742 -1 0 0
280.7722473604828 10.056528296937483 -1 0 0
274.1367958554661 11.661879467506058 -1 0 0
212.59833431700454 14.230441340415757 -1 0 0
223.08662863138582 18.51137779526525 -1 0 0
222.33746475178714 22.471244016001044 -1 0 0
193.65519050429546 107.82241458456284 -1 0 0
