28.416603004838215 652.8321874204228 -1 0 0
24.676343264578463 561.8192004074357 -1 0 0
30.910109498344692 218.9620575502928 -1 0 0
291.4815380697734 373.5594601476954 -1 0 0
256.5724471606824 195.27374586198107 -1 0 0
269.03997962821484 165.35166793990314 -1 0 0
194.23478482302008 146.65036923860444 -1 0 0
246.59842118665648 110.49452508276033 -1 0 0
247.84517443340977 100.52049910873428 -1 0 0
416.15686274509795 206.49452508276033 -1 0 0
473.5075120957475 243.89712248535773 -1 0 0
604.4166030048383 273.81920040743563 -1 0 0
606.9101094983448 199.01400560224084 -1 0 0
745.2997198879551 362.33868092691614 -1 0 0
773.97504456328 217.7153043035395 -1 0 0
776.4685510567865 142.9101094983447 -1 0 0
755.2737458619813 121.71530430353953 -1 0 0
818.8581614463967 149.14387573211098 -1 0 0
793.9230965113318 121.71530430353953 -1 0 0
878.7023172905525 353.61140819964345 -1 0 0
914.8581614463967 536.8841354723708 -1 0 0
801.4036159918514 574.2867328749683 -1 0 0
4.936083524318783 167.5334861217214 -1 0 0
36.104914693149965 150.70231729055254 -1 0 0
11.793226381461649 45.975044563279845 -1 0 0
57.29971988795517 45.975044563279845 -1 0 0
64.78023936847464 60.312706900942146 -1 0 0
82.85816144639672 55.325693913929186 -1 0 0
72.26075884899412 52.83218742042264 -1 0 0
97.19582378405906 58.44257703081231 -1 0 0
119.01400560224087 42.85816144639673 -1 0 0
129.61140819964348 38.49452508276034 -1 0 0
141.4555640437993 1.715304303539525 -1 0 0
150.18283677107203 93.97504456327984 -1 0 0
137.71530430353957 106.4425770308123 -1 0 0
105.29971988795518 130.13088871912402 -1 0 0
82.85816144639672 137.61140819964345 -1 0 0
182.59842118665645 79.01400560224084 -1 0 0
209.40361599185127 77.76725235548763 -1 0 0
231.22179781003308 71.53348612172137 -1 0 0
218.130888719124 60.312706900942146 -1 0 0
284.83218742042277 44.10491469314993 -1 0 0
224.98803157626685 82.13088871912394 -1 0 0
160.78023936847464 3.5854341736694373 -1 0 0
105.92309651133175 63.5854341736694 -1 0 0
178.85816144639674 23.68933027756547 -1 0 0
187.58543417366943 18.702317290552482 -1 0 0
192.88413547237076 19.32569391392912 -1 0 0
194.130888719124 30.546473134708343 -1 0 0
208.78023936847467 11.221797810033012 -1 0 0
219.37764196587725 12.156862745097932 -1 0 0
228.10491469314996 32.72829131652654 -1 0 0
228.7282913165266 51.11790170613692 -1 0 0
254.28673287496815 71.06595365418887 -1 0 0
262.39062897886424 1.871148459383667 -1 0 0
241.5075120957474 1.871148459383667 -1 0 0
284.8321874204227 4.676343264578462 -1 0 0
312.8841354723708 20.884135472370676 -1 0 0
309.14387573211104 9.975044563279774 -1 0 0
198.49452508276033 14.026992615227808 -1 0 0
353.4036159918512 58.44257703081231 -1 0 0
337.19582378405903 3.5854341736694373 -1 0 0
378.33868092691625 15.42959001782526 -1 0 0
401.4036159918513 60.93608352431878 -1 0 0
416.36465495289025 9.19582378405903 -1 0 0
443.1698497580851 1.715304303539525 -1 0 0
477.45556404379937 17.2997198879551 -1 0 0
467.4815380697734 72.156862745098 -1 0 0
466.8581614463967 47.221797810033046 -1 0 0
506.1308887191241 49.715304303539526 -1 0 0
507.3776419658772 21.66335625159149 -1 0 0
557.6633562515915 39.117901706136976 -1 0 0
533.9750445632799 6.7023172905525525 -1 0 0
623.7412783295136 2.3386809269161626 -1 0 0
644.9360835243187 6.078940667175915 -1 0 0
677.3516679399032 68.41660300483825 -1 0 0
693.5594601476954 12.312706900942144 -1 0 0
674.23478482302 3.5854341736694373 -1 0 0
710.3906289788642 6.078940667175915 -1 0 0
744.6763432645786 25.403615991851243 -1 0 0
763.3776419658774 15.42959001782526 -1 0 0
775.2217978100331 15.42959001782526 -1 0 0
800.156862745098 28.520499108734356 -1 0 0
808.2607588489941 52.83218742042264 -1 0 0
832.5724471606825 44.10491469314993 -1 0 0
881.8192004074357 98.33868092691615 -1 0 0
897.1958237840591 59.06595365418887 -1 0 0
924.6243952126305 22.286732874968127 -1 0 0
948.3127069009421 12.312706900942144 -1 0 0
990.0789406671759 34.75426534250059 -1 0 0
971.3776419658772 24.156862745097968 -1 0 0
1000.0529666412019 4.208810797046074 -1 0 0
975.117901706137 2.3386809269161626 -1 0 0
1020.6243952126305 4.83218742042264 -1 0 0
1021.8711484593838 27.89712248535772 -1 0 0
1020.6243952126305 90.23478482302009 -1 0 0
1018.1308887191241 63.42959001782526 -1 0 0
884.3842874942621 1.1200734474391985 -1 0 0
837.9361269591451 12.036461407305408 -1 0 0
