65.62475265335485 486.76236733225386 -1 0 0
118.46878935060255 588.9275049469329 -1 0 0
350.1018168735383 328.2302572405108 -1 0 0
583.4963122863824 318.54218384601546 -1 0 0
734.1018168735382 248.08346824968513 -1 0 0
793.991725130419 392.5238352221622 -1 0 0
907.6064040295014 497.3311746717034 -1 0 0
1000.083468249685 534.3220003597769 -1 0 0
337.7715416441805 114.21190861665757 -1 0 0
177.47796366252916 104.52383522216219 -1 0 0
133.44126641482276 108.92750494693281 -1 0 0
124.48713797445585 78.76236733225402 -1 0 0
107.75319302032742 79.20273430473108 -1 0 0
162.35869760748338 49.25778017629073 -1 0 0
316.04677100197875 33.84493613959343 -1 0 0
282.578881093722 37.367871919409964 -1 0 0
13.881633387299848 20.964202194639345 -1 0 0
52.85411045152003 28.010073754272383 -1 0 0
79.05594531390534 18.542183846015497 -1 0 0
118.24860586436404 20.523835222162305 -1 0 0
173.51466091023562 17.88163338729992 -1 0 0
201.25778017629065 23.16603705702469 -1 0 0
219.53300953408882 23.386220543263192 -1 0 0
211.8999820111531 9.789890268033828 -1 0 0
246.0284223781255 28.890807699226503 -1 0 0
502.5421838460156 26.248605864364116 -1 0 0
511.12933980931825 33.51466091023569 -1 0 0
597.4412664148228 40.56053246986871 -1 0 0
631.1293398093183 41.00089944234577 -1 0 0
159.83579251098436 0.9060266246967027 -1 0 0
79.9963276280412 3.046494852121481 -1 0 0
43.82241458456295 1.7622139156666141 -1 0 0
