362.54647313470844 521.9230965113318 -1 0 0
485.97504456327994 575.5334861217214 -1 0 0
590.7023172905525 758.8062133944487 -1 0 0
994.6503692386045 397.2477718360071 -1 0 0
866.23478482302 344.88413547237076 -1 0 0
810.130888719124 296.26075884899416 -1 0 0
595.6893302775657 347.3776419658772 -1 0 0
583.2217978100332 287.53348612172135 -1 0 0
519.6373822256174 287.53348612172135 -1 0 0
482.2347848230201 242.6503692386044 -1 0 0
476.0010185892539 204.0010185892538 -1 0 0
523.3776419658773 206.49452508276033 -1 0 0
572.0010185892538 221.45556404379923 -1 0 0
605.6633562515915 207.74127832951353 -1 0 0
638.078940667176 182.80621339444863 -1 0 0
687.9490705373059 200.26075884899413 -1 0 0
687.9490705373059 164.10491469314985 -1 0 0
665.5075120957475 134.18283677107198 -1 0 0
615.6373822256176 161.61140819964345 -1 0 0
33.40361599185124 408.46855105678634 -1 0 0
153.09192768016297 347.3776419658772 -1 0 0
5.975044563279773 301.2477718360071 -1 0 0
92.00101858925379 275.0659536541889 -1 0 0
3.481538069773295 218.9620575502928 -1 0 0
14.70231729055248 179.06595365418886 -1 0 0
32.15686274509797 16.988031576266746 -1 0 0
7.221797810033047 9.507512095747241 -1 0 0
48.36465495289018 20.72829131652657 -1 0 0
60.83218742042264 15.741278329513472 -1 0 0
67.06595365418887 13.247771836007065 -1 0 0
59.585434173669434 46.91010949834477 -1 0 0
55.84517443340968 35.68933027756544 -1 0 0
69.55946014769535 64.36465495289018 -1 0 0
96.98803157626682 38.18283677107198 -1 0 0
92.00101858925379 13.247771836007065 -1 0 0
78.28673287496812 12.00101858925379 -1 0 0
111.94907053730576 9.507512095747241 -1 0 0
68.5204991087344 97.71530430353955 -1 0 0
109.66335625159152 98.33868092691615 -1 0 0
74.13088871912399 133.2477718360071 -1 0 0
109.66335625159152 151.3256939139292 -1 0 0
64.78023936847464 181.2477718360071 -1 0 0
162.02699261522793 247.94907053730583 -1 0 0
170.130888719124 211.79322638146164 -1 0 0
166.39062897886424 159.4295900178253 -1 0 0
172.0010185892539 110.80621339444863 -1 0 0
153.92309651133178 96.46855105678634 -1 0 0
142.7023172905526 73.40361599185124 -1 0 0
136.46855105678637 73.40361599185124 -1 0 0
153.92309651133178 59.06595365418887 -1 0 0
182.59842118665645 29.76725235548763 -1 0 0
198.80621339444866 27.89712248535772 -1 0 0
150.80621339444866 30.390628978864203 -1 0 0
184.46855105678637 58.44257703081231 -1 0 0
188.2088107970461 42.85816144639673 -1 0 0
199.4295900178253 51.585434173669434 -1 0 0
208.156862745098 27.89712248535772 -1 0 0
205.0399796282149 7.949070537305755 -1 0 0
188.2088107970461 8.572447160682392 -1 0 0
178.23478482302014 14.806213394448621 -1 0 0
226.85816144639676 6.7023172905525525 -1 0 0
239.32569391392923 11.06595365418887 -1 0 0
247.4295900178253 28.520499108734356 -1 0 0
231.22179781003308 30.390628978864203 -1 0 0
223.11790170613702 39.74127832951361 -1 0 0
245.55946014769546 54.70231729055256 -1 0 0
269.8711484593838 67.16984975808501 -1 0 0
251.16984975808504 98.9620575502928 -1 0 0
269.2477718360072 110.80621339444863 -1 0 0
299.16984975808504 133.2477718360071 -1 0 0
296.0529666412019 103.32569391392919 -1 0 0
292.9360835243188 69.03997962821488 -1 0 0
327.22179781003314 90.85816144639672 -1 0 0
337.19582378405903 69.03997962821488 -1 0 0
284.20881079704606 165.66335625159152 -1 0 0
296.0529666412019 29.76725235548763 -1 0 0
284.83218742042277 34.13088871912395 -1 0 0
285.45556404379926 23.533486121721403 -1 0 0
271.7412783295137 11.06595365418887 -1 0 0
260.52049910873444 12.312706900942144 -1 0 0
268.0010185892539 6.7023172905525525 -1 0 0
292.3127069009422 1.715304303539525 -1 0 0
317.2477718360072 4.83218742042264 -1 0 0
329.09192768016294 2.3386809269161626 -1 0 0
344.6763432645785 4.208810797046074 -1 0 0
360.8841354723708 38.49452508276034 -1 0 0
334.7023172905526 45.975044563279845 -1 0 0
327.22179781003314 24.156862745097968 -1 0 0
315.3776419658773 29.76725235548763 -1 0 0
466.8581614463967 50.33868092691616 -1 0 0
499.8971224853577 80.88413547237074 -1 0 0
485.5594601476954 128.88413547237073 -1 0 0
509.8711484593838 150.0789406671759 -1 0 0
452.52049910873444 170.65036923860453 -1 0 0
444.41660300483835 142.59842118665645 -1 0 0
410.7542653425007 118.28673287496812 -1 0 0
428.83218742042277 52.20881079704608 -1 0 0
413.8711484593838 58.44257703081231 -1 0 0
412.6243952126305 39.74127832951361 -1 0 0
436.93608352431886 14.806213394448621 -1 0 0
459.3776419658772 11.06595365418887 -1 0 0
476.83218742042277 31.014005602240836 -1 0 0
456.2607588489941 34.75426534250059 -1 0 0
426.33868092691625 12.312706900942144 -1 0 0
322.8581614463967 12.936083524318782 -1 0 0
357.143875732111 1.715304303539525 -1 0 0
378.33868092691625 3.5854341736694373 -1 0 0
390.80621339444866 4.208810797046074 -1 0 0
495.32569391392934 1.715304303539454 -1 0 0
522.7542653425008 19.79322638146158 -1 0 0
532.1049146931501 43.48153806977322 -1 0 0
540.8321874204229 55.94907053730568 -1 0 0
541.4555640437995 72.15686274509792 -1 0 0
550.1828367710723 25.403615991851172 -1 0 0
546.4425770308125 6.70231729055248 -1 0 0
550.8062133944488 6.70231729055248 -1 0 0
578.8581614463968 7.9490705373056825 -1 0 0
585.091927680163 38.49452508276027 -1 0 0
595.6893302775657 4.832187420422569 -1 0 0
617.5075120957475 35.37764196587715 -1 0 0
636.8321874204229 6.70231729055248 -1 0 0
631.84517443341 6.70231729055248 -1 0 0
649.9230965113319 23.53348612172126 -1 0 0
657.4036159918514 9.195823784058959 -1 0 0
674.2347848230203 28.520499108734285 -1 0 0
690.4425770308126 7.9490705373056825 -1 0 0
681.091927680163 1.715304303539454 -1 0 0
694.8062133944488 16.676343264578463 -1 0 0
704.7802393684749 16.676343264578463 -1 0 0
712.884135472371 23.53348612172126 -1 0 0
687.3256939139295 55.325693913929115 -1 0 0
697.2997198879553 47.221797810032974 -1 0 0
727.8451744334099 32.88413547237067 -1 0 0
741.5594601476955 26.650369238604373 -1 0 0
732.2088107970462 8.572447160682321 -1 0 0
727.8451744334099 3.585434173669366 -1 0 0
762.1308887191242 29.76725235548756 -1 0 0
778.9620575502929 30.390628978864125 -1 0 0
783.949070537306 19.16984975808494 -1 0 0
781.4555640437994 2.338680926916091 -1 0 0
796.4166030048385 50.33868092691609 -1 0 0
782.7023172905527 143.84517443340962 -1 0 0
747.7932263814617 123.89712248535768 -1 0 0
729.7153043035398 72.78023936847457 -1 0 0
617.5075120957475 95.84517443340965 -1 0 0
836.7282913165266 34.13088871912395 -1 0 0
825.5075120957474 22.286732874968127 -1 0 0
814.9101094983448 23.533486121721403 -1 0 0
807.4295900178253 11.06595365418887 -1 0 0
835.4815380697735 16.676343264578534 -1 0 0
850.4425770308123 12.312706900942144 -1 0 0
858.5464731347085 12.312706900942144 -1 0 0
867.2737458619812 21.03997962821485 -1 0 0
874.7542653425006 38.49452508276034 -1 0 0
890.9620575502928 24.156862745097968 -1 0 0
901.5594601476954 23.533486121721403 -1 0 0
912.156862745098 31.014005602240836 -1 0 0
905.2997198879552 16.676343264578534 -1 0 0
925.2477718360072 50.33868092691616 -1 0 0
942.7023172905526 67.16984975808501 -1 0 0
935.8451744334099 80.26075884899412 -1 0 0
927.7412783295136 96.46855105678634 -1 0 0
922.1308887191241 109.55946014769542 -1 0 0
912.7802393684748 110.80621339444863 -1 0 0
931.4815380697735 155.68933027756555 -1 0 0
942.0789406671761 160.0529666412019 -1 0 0
919.014005602241 207.42959001782526 -1 0 0
904.0529666412019 226.130888719124 -1 0 0
910.9101094983447 161.92309651133178 -1 0 0
890.3386809269163 165.66335625159152 -1 0 0
861.039979628215 160.0529666412019 -1 0 0
826.7542653425006 216.15686274509804 -1 0 0
1014.3906289788642 175.01400560224087 -1 0 0
1008.7802393684746 64.05296664120189 -1 0 0
992.5724471606825 2.3386809269161626 -1 0 0
986.3386809269163 2.3386809269161626 -1 0 0
280.26075884899416 278.8062133944486 -1 0 0
-217.19378660555142 558.078940667176 -1 0 0
15.56823398255623 580.223752377205 -1 0 0
245.0264279624894 199.22040789559975 -1 0 0
104.61171224342586 34.511377795265275 -1 0 0
125.37425404944591 39.64850154108468 -1 0 0
12.785625286904054 60.19699652436227 -1 0 0
23.059872778542847 55.916060069512774 -1 0 0
133.5080333136599 7.327431306970968 -1 0 0
158.9796052200144 1.7622139156666141 -1 0 0
341.3474981966031 149.13345137386045 -1 0 0
365.3207423437604 1.976260738409074 -1 0 0
301.53478916650283 2.02977244409468 -1 0 0
245.0264279624894 86.20368548757288 -1 0 0
212.27726408289078 25.949504885566235 -1 0 0
795.5548560561347 116.38428749426181 -1 0 0
929.9762607384091 71.96957177519838 -1 0 0
998.6852908387435 79.88930421666996 -1 0 0
942.1769296347301 1.548167092924154 -1 0 0
753.6016787986098 13.96288281198769 -1 0 0
