14.70231729055248 504.4685510567864 -1 0 0
269.03997962821484 490.75426534250073 -1 0 0
322.6503692386045 382.2867328749682 -1 0 0
340.1049146931499 641.6114081996436 -1 0 0
509.66335625159155 432.1568627450981 -1 0 0
598.1828367710721 553.091927680163 -1 0 0
953.5075120957475 186.54647313470844 -1 0 0
1018.3386809269164 79.32569391392919 -1 0 0
699.1698497580852 64.36465495289018 -1 0 0
649.2997198879551 69.35166793990328 -1 0 0
467.27374586198124 7.014005602240835 -1 0 0
377.5075120957473 18.234784823020163 -1 0 0
414.9101094983448 41.923096511331806 -1 0 0
403.6893302775655 65.61140819964345 -1 0 0
386.2347848230201 112.98803157626689 -1 0 0
327.63738222561744 9.507512095747384 -1 0 0
337.6114081996435 73.09192768016295 -1 0 0
274.0269926152279 3.2737458619811544 -1 0 0
206.70231729055254 7.014005602240835 -1 0 0
235.3776419658773 53.14387573211099 -1 0 0
194.23478482302008 60.624395212630496 -1 0 0
136.88413547237076 33.19582378405903 -1 0 0
108.208810797046 18.234784823020163 -1 0 0
53.35166793990314 25.715304303539526 -1 0 0
28.416603004838215 7.014005602240835 -1 0 0
12.208810797046002 4.520499108734429 -1 0 0
44.624395212630425 88.05296664120196 -1 0 0
