146.17167755991295 489.87538126361653 -1 0 0
94.97167755991288 589.4309368191721 -1 0 0
234.34945533769073 477.54945533769063 -1 0 0
424.9272331154685 642.5272331154684 -1 0 0
550.082788671024 696.5716775599128 -1 0 0
597.4901960784315 664.3346405228758 -1 0 0
752.9864923747278 585.6383442265795 -1 0 0
841.1642701525057 492.719825708061 -1 0 0
610.7642701525056 473.756862745098 -1 0 0
514.0531590413945 466.17167755991284 -1 0 0
649.6383442265796 391.2679738562091 -1 0 0
508.3642701525056 433.9346405228758 -1 0 0
424.9272331154685 433.9346405228758 -1 0 0
355.7124183006536 416.8679738562091 -1 0 0
439.1494553376907 408.3346405228758 -1 0 0
182.20130718954252 396.956862745098 -1 0 0
151.86056644880182 345.75686274509803 -1 0 0
45.667973856209166 371.356862745098 -1 0 0
39.030936819172126 360.92723311546837 -1 0 0
176.51241830065365 325.8457516339869 -1 0 0
162.2901960784314 326.7938997821351 -1 0 0
474.23093681917214 330.5864923747277 -1 0 0
390.7938997821352 330.5864923747277 -1 0 0
349.0753812636166 315.41612200435725 -1 0 0
333.9050108932463 290.76427015250545 -1 0 0
259.00130718954256 317.31241830065363 -1 0 0
243.8309368191722 309.7272331154684 -1 0 0
282.70501089324625 297.4013071895425 -1 0 0
405.0161220043573 294.55686274509804 -1 0 0
427.7716775599129 309.7272331154684 -1 0 0
436.30501089324633 293.6087145969499 -1 0 0
460.00871459695 300.2457516339869 -1 0 0
491.29760348583886 293.6087145969499 -1 0 0
525.4309368191723 310.67538126361654 -1 0 0
508.3642701525056 321.1050108932462 -1 0 0
558.6161220043574 345.75686274509803 -1 0 0
575.6827886710241 312.5716775599128 -1 0 0
601.2827886710242 313.519825708061 -1 0 0
577.5790849673203 282.2309368191721 -1 0 0
936.9272331154687 366.6161220043573 -1 0 0
853.4901960784315 359.0309368191721 -1 0 0
792.80871459695 360.92723311546837 -1 0 0
792.80871459695 347.6531590413943 -1 0 0
871.5050108932464 357.1346405228758 -1 0 0
852.5420479302833 334.37908496732024 -1 0 0
899.9494553376908 350.4976034858388 -1 0 0
871.5050108932464 283.1790849673202 -1 0 0
931.2383442265798 281.2827886710239 -1 0 0
992.5716775599128 186.55686274509802 -1 0 0
992.2753812636165 191.77167755991286 -1 0 0
1002.7050108932461 191.00130718954247 -1 0 0
1011.6531590413944 189.34204793028323 -1 0 0
1007.2679738562091 200.83834422657952 -1 0 0
987.4161220043572 205.46056644880176 -1 0 0
973.4901960784314 194.37908496732027 -1 0 0
958.9716775599128 188.48278867102397 -1 0 0
948.4235294117647 190.26056644880174 -1 0 0
944.630936819172 208.5124183006536 -1 0 0
939.4161220043572 196.77908496732027 -1 0 0
917.8457516339869 193.57908496732026 -1 0 0
930.40871459695 205.07538126361652 -1 0 0
960.7494553376905 214.91241830065357 -1 0 0
967.7420479302832 215.97908496732023 -1 0 0
977.2235294117647 213.25315904139433 -1 0 0
990.7346405228758 217.40130718954248 -1 0 0
999.3864923747277 212.06797385620916 -1 0 0
944.2753812636165 214.91241830065357 -1 0 0
963.5938997821352 217.6383442265795 -1 0 0
934.9124183006536 218.23093681917211 -1 0 0
931.5938997821349 225.57908496732026 -1 0 0
1014.0827886710239 194.9420479302832 -1 0 0
1003.4161220043572 244.95686274509802 -1 0 0
1008.156862745098 221.72723311546838 -1 0 0
932.0679738562092 246.1420479302832 -1 0 0
991.445751633987 268.0087145969499 -1 0 0
982.2013071895424 270.6161220043573 -1 0 0
937.6383442265795 273.93464052287584 -1 0 0
830.9716775599128 262.319825708061 -1 0 0
1019.6531590413944 289.4901960784313 -1 0 0
1016.3346405228758 282.4976034858387 -1 0 0
898.882788671024 328.95686274509796 -1 0 0
801.3420479302832 322.61612200435724 -1 0 0
806.0827886710239 280.1864923747276 -1 0 0
527.5642701525054 225.90501089324613 -1 0 0
538.9420479302831 218.79389978213501 -1 0 0
559.3272331154684 223.29760348583872 -1 0 0
567.8605664488016 239.17908496732022 -1 0 0
559.3272331154684 246.52723311546836 -1 0 0
550.5568627450979 242.02352941176466 -1 0 0
515.2383442265794 251.50501089324612 -1 0 0
478.02352941176457 256.4827886710239 -1 0 0
464.0383442265794 278.7642701525054 -1 0 0
638.7346405228758 228.51241830065356 -1 0 0
649.8753812636165 225.90501089324613 -1 0 0
634.467973856209 210.9716775599128 -1 0 0
648.2161220043573 218.556862745098 -1 0 0
650.1124183006535 212.86797385620906 -1 0 0
663.3864923747276 211.44575163398684 -1 0 0
673.3420479302831 219.74204793028315 -1 0 0
670.7346405228757 250.31982570806093 -1 0 0
661.2531590413942 259.0901960784313 -1 0 0
653.9050108932462 216.8976034858387 -1 0 0
667.8901960784312 216.18649237472758 -1 0 0
448.6309368191719 234.55686274509802 -1 0 0
451.4753812636164 226.02352941176468 -1 0 0
427.77167755991275 249.25315904139433 -1 0 0
440.57167755991264 245.9346405228758 -1 0 0
425.40130718954236 269.1642701525054 -1 0 0
409.75686274509786 241.66797385620913 -1 0 0
420.66056644880155 212.74945533769065 -1 0 0
431.0901960784312 214.17167755991284 -1 0 0
406.43834422657943 204.2161220043573 -1 0 0
393.1642701525053 208.95686274509802 -1 0 0
376.09760348583865 202.319825708061 -1 0 0
362.8235294117646 208.95686274509802 -1 0 0
369.9346405228756 227.44575163398693 -1 0 0
391.267973856209 244.98649237472765 -1 0 0
392.21612200435715 236.9272331154684 -1 0 0
382.26056644880157 259.68278867102396 -1 0 0
344.80871459694976 253.0457516339869 -1 0 0
337.22352941176456 242.6161220043573 -1 0 0
346.705010893246 214.17167755991284 -1 0 0
341.4901960784312 202.319825708061 -1 0 0
328.21612200435715 211.3272331154684 -1 0 0
307.356862745098 250.7050108932462 -1 0 0
301.6679738562091 272.51241830065356 -1 0 0
293.6087145969498 224.15686274509804 -1 0 0
276.54204793028316 203.77167755991286 -1 0 0
292.6605664488017 210.4087145969499 -1 0 0
259.9494553376906 212.30501089324616 -1 0 0
266.58649237472764 208.51241830065362 -1 0 0
267.53464052287575 195.23834422657956 -1 0 0
255.6827886710239 199.03093681917213 -1 0 0
250.94204793028317 200.45315904139434 -1 0 0
247.62352941176465 243.119825708061 -1 0 0
263.26797385620915 259.2383442265795 -1 0 0
246.20130718954243 271.0901960784314 -1 0 0
229.60871459694985 266.8235294117647 -1 0 0
219.65315904139428 265.4013071895425 -1 0 0
208.7494553376906 273.9346405228758 -1 0 0
188.8383442265795 264.92723311546837 -1 0 0
217.75686274509798 228.42352941176472 -1 0 0
209.22352941176462 208.51241830065362 -1 0 0
200.21612200435726 199.50501089324618 -1 0 0
202.58649237472758 192.3938997821351 -1 0 0
190.7346405228758 196.18649237472766 -1 0 0
190.7346405228758 204.2457516339869 -1 0 0
185.51982570806095 212.77908496732027 -1 0 0
175.5642701525054 231.74204793028323 -1 0 0
172.71982570806097 211.8309368191721 -1 0 0
171.77167755991277 205.1938997821351 -1 0 0
173.193899782135 199.50501089324618 -1 0 0
181.72723311546835 192.86797385620915 -1 0 0
182.20130718954243 200.45315904139434 -1 0 0
112.98649237472762 218.9420479302832 -1 0 0
112.51241830065352 208.98649237472765 -1 0 0
30.971677559912766 218.9420479302832 -1 0 0
10.586492374727587 223.68278867102399 -1 0 0
4.897603485838701 224.15686274509804 -1 0 0
7.742047930283162 282.46797385620914 -1 0 0
129.57908496732023 276.3050108932461 -1 0 0
67.47538126361648 286.7346405228758 -1 0 0
316.76825135648653 195.92909051732587 -1 0 0
1021.3436759319111 269.07194766018296 -1 0 0
436.06321726014835 241.17358515312458 -1 0 0
792.7722473604825 279.4879664240278 -1 0 0
