604.8246313401393 734.5171933236104 -1 0 0
339.5155404310485 643.1188462161724 -1 0 0
136.4081024145196 711.667606546751 -1 0 0
223.99818505914763 535.2180197698915 -1 0 0
142.7552098525361 403.19818505914765 -1 0 0
80.55355695997416 497.1353751417922 -1 0 0
79.28413547237085 263.561821422784 -1 0 0
258.27256522443696 271.17835034840385 -1 0 0
297.6246313401395 255.94529249716425 -1 0 0
475.3436396046021 264.83124291038735 -1 0 0
571.8196726624534 304.18330902608983 -1 0 0
562.9337222492303 249.59818505914768 -1 0 0
573.0890941500567 216.5932263814617 -1 0 0
873.9419867120401 165.8163668773295 -1 0 0
909.4857883649327 192.47421811699894 -1 0 0
933.6047966293953 132.81140819964355 -1 0 0
57.70397018311461 193.74363960460227 -1 0 0
4.388267703775793 127.7337222492303 -1 0 0
88.17008588559396 89.65107762113122 -1 0 0
118.6362015880733 89.65107762113122 -1 0 0
142.7552098525361 43.95190406741212 -1 0 0
202.41801976989154 45.22132555501551 -1 0 0
243.03950737319724 108.69239993518083 -1 0 0
326.8213255550154 92.18992059633784 -1 0 0
354.7485982822881 89.65107762113122 -1 0 0
411.8725652244369 102.3452924971642 -1 0 0
461.3800032409658 134.08082968724685 -1 0 0
428.3750445632799 167.08578836493282 -1 0 0
27.660994976502913 27.132069356668186 -1 0 0
80.34198671204011 52.520499108734356 -1 0 0
109.53868092691613 9.360168530221891 -1 0 0
79.70727596823846 6.8213255550152665 -1 0 0
140.63950737319715 10.629590017825203 -1 0 0
122.86760654675086 3.6477718360070224 -1 0 0
181.26099497650296 4.282482579808714 -1 0 0
250.44446605088314 23.958515637659943 -1 0 0
265.67752390212286 22.689094150056633 -1 0 0
280.2758710095608 1.74363960460209 -1 0 0
308.83785448063526 51.885788364932665 -1 0 0
336.13041646410636 47.44281315832111 -1 0 0
353.2676065467509 29.670912331874813 -1 0 0
358.9800032409658 16.34198671204007 -1 0 0
358.9800032409658 62.67587100956078 -1 0 0
407.8527305136931 44.26925943931286 -1 0 0
407.8527305136931 31.575044563279743 -1 0 0
488.460994976503 21.41967266245332 -1 0 0
526.3320693566682 51.251077621130975 -1 0 0
525.6973586128665 69.65768919137899 -1 0 0
576.4742181169987 36.652730513692994 -1 0 0
542.8345486955112 21.41967266245332 -1 0 0
555.5287635715442 22.05438340625501 -1 0 0
596.7849619186517 44.26925943931286 -1 0 0
605.6709123318748 37.28744125749461 -1 0 0
623.4428131583211 43.63454869551117 -1 0 0
643.1188462161724 46.1733916707178 -1 0 0
622.1733916707178 25.227937125263256 -1 0 0
648.1965321665856 31.575044563279743 -1 0 0
659.6213255550153 36.018019769891374 -1 0 0
688.1833090260898 37.28744125749461 -1 0 0
678.662647869065 31.575044563279743 -1 0 0
700.8775239021229 47.44281315832111 -1 0 0
719.2841354723707 20.78496191865163 -1 0 0
737.6907470426187 62.67587100956078 -1 0 0
728.1700858855938 35.38330902608968 -1 0 0
750.3849619186517 3.013061092205402 -1 0 0
756.0973586128665 2.37835034840371 -1 0 0
757.3667801004699 43.63454869551117 -1 0 0
768.156862745098 76.00479662939549 -1 0 0
780.851077621131 69.65768919137899 -1 0 0
794.1800032409658 76.00479662939549 -1 0 0
795.4494247285692 110.27917679468477 -1 0 0
907.15851563766 91.23785448063516 -1 0 0
895.7337222492303 89.96843299303185 -1 0 0
824.0114081996435 60.13702803435417 -1 0 0
793.5452924971642 37.922152001296304 -1 0 0
815.1254577864204 36.018019769891374 -1 0 0
806.2395073731971 29.670912331874813 -1 0 0
835.4362015880732 43.63454869551117 -1 0 0
881.1353751417921 36.018019769891374 -1 0 0
938.2593420839411 49.981656133527736 -1 0 0
973.8031437368336 55.6940528277426 -1 0 0
963.6477718360071 56.96347431534584 -1 0 0
943.971738778156 180.73206935666823 -1 0 0
1018.867606546751 91.87256522443685 -1 0 0
1020.1370280343541 42.36512720790786 -1 0 0
1017.5981850591477 23.958515637659943 -1 0 0
975.7072759682385 40.46099497650293 -1 0 0
992.2097553070814 3.6477718360070224 -1 0 0
909.062647869065 1.1089288608003984 -1 0 0
1020.8775239021228 5.7105817533625025 -1 0 0
705.4262842327013 6.345292497164194 -1 0 0
695.5882677037756 25.862647869064876 -1 0 0
770.9394714407503 20.17024067151946 -1 0 0
799.6217456882418 15.889304216669974 -1 0 0
810.1100400026232 17.81572562135222 -1 0 0
113.17358515312493 64.15686274509792 -1 0 0
