262.8062133944486 661.5594601476954 -1 0 0
409.9230965113317 650.3386809269163 -1 0 0
1019.5854341736695 473.2997198879552 -1 0 0
906.130888719124 386.0269926152278 -1 0 0
960.9880315762668 292.5204991087343 -1 0 0
761.5075120957475 309.9750445632797 -1 0 0
714.130888719124 301.2477718360071 -1 0 0
559.5334861217214 297.50751209574736 -1 0 0
520.8841354723708 319.9490705373058 -1 0 0
411.169849758085 342.3906289788642 -1 0 0
338.85816144639665 341.143875732111 -1 0 0
323.8971224853578 364.83218742042266 -1 0 0
45.871148459383704 417.19582378405903 -1 0 0
19.689330277565507 373.5594601476954 -1 0 0
436.1049146931499 247.63738222561747 -1 0 0
553.2997198879551 221.45556404379923 -1 0 0
593.195823784059 266.33868092691614 -1 0 0
606.9101094983448 243.89712248535773 -1 0 0
615.6373822256176 212.72829131652657 -1 0 0
624.3646549528902 192.78023936847464 -1 0 0
691.6893302775655 226.4425770308123 -1 0 0
697.9230965113318 189.03997962821484 -1 0 0
714.130888719124 212.72829131652657 -1 0 0
740.3127069009423 238.91010949834475 -1 0 0
795.1698497580852 240.15686274509795 -1 0 0
908.6243952126305 226.4425770308123 -1 0 0
793.9230965113318 195.27374586198107 -1 0 0
916.1049146931498 171.58543417366937 -1 0 0
947.2737458619813 160.3646549528902 -1 0 0
1008.3646549528902 175.3256939139292 -1 0 0
937.2997198879551 125.4555640437992 -1 0 0
911.117901706137 144.15686274509795 -1 0 0
287.7412783295136 204.0010185892538 -1 0 0
307.6893302775655 190.28673287496807 -1 0 0
205.45556404379928 174.0789406671759 -1 0 0
128.15686274509795 177.8192004074356 -1 0 0
99.4815380697733 186.54647313470838 -1 0 0
3.481538069773295 162.85816144639665 -1 0 0
981.9750445632799 130.13088871912402 -1 0 0
968.8841354723708 116.41660300483828 -1 0 0
907.1698497580851 80.26075884899412 -1 0 0
867.8971224853578 69.03997962821488 -1 0 0
863.5334861217215 71.53348612172137 -1 0 0
774.3906289788642 60.312706900942146 -1 0 0
760.0529666412019 65.29971988795513 -1 0 0
692.10491469315 124.52049910873436 -1 0 0
721.4036159918513 50.33868092691616 -1 0 0
705.8192004074357 57.19582378405903 -1 0 0
616.0529666412019 93.35166793990321 -1 0 0
549.3516679399032 103.32569391392919 -1 0 0
516.9360835243187 115.79322638146165 -1 0 0
605.0399796282147 68.41660300483825 -1 0 0
666.130888719124 51.585434173669434 -1 0 0
679.8451744334096 47.221797810033046 -1 0 0
695.4295900178253 30.390628978864203 -1 0 0
690.4425770308123 25.403615991851243 -1 0 0
755.8971224853577 34.13088871912395 -1 0 0
747.7932263814616 6.7023172905525525 -1 0 0
732.8321874204227 17.2997198879551 -1 0 0
724.1049146931498 14.806213394448621 -1 0 0
663.6373822256174 26.02699261522788 -1 0 0
656.1568627450979 32.884135472370744 -1 0 0
628.1049146931499 29.76725235548763 -1 0 0
623.7412783295134 21.03997962821485 -1 0 0
624.3646549528902 12.312706900942144 -1 0 0
631.8451744334096 48.468551056786325 -1 0 0
593.8192004074356 45.975044563279845 -1 0 0
579.4815380697733 47.221797810033046 -1 0 0
572.0010185892538 17.92309651133174 -1 0 0
559.5334861217214 7.949070537305755 -1 0 0
567.0140056022408 84.62439521263046 -1 0 0
571.3776419658772 71.53348612172137 -1 0 0
554.5464731347083 67.16984975808501 -1 0 0
552.0529666412018 80.88413547237074 -1 0 0
543.9490705373057 62.80621339444862 -1 0 0
540.208810797046 54.078940667175914 -1 0 0
520.260758848994 59.68933027756551 -1 0 0
525.8711484593837 32.26075884899411 -1 0 0
491.58543417366934 113.29971988795516 -1 0 0
477.24777183600713 69.03997962821488 -1 0 0
469.143875732111 71.53348612172137 -1 0 0
460.4166030048383 71.53348612172137 -1 0 0
461.66335625159155 52.83218742042264 -1 0 0
476.6243952126305 49.715304303539526 -1 0 0
470.39062897886424 62.80621339444862 -1 0 0
483.48153806977336 23.533486121721403 -1 0 0
495.94907053730583 12.312706900942144 -1 0 0
495.94907053730583 23.533486121721403 -1 0 0
504.052966641202 14.806213394448621 -1 0 0
509.6633562515916 27.89712248535772 -1 0 0
485.9750445632798 62.80621339444862 -1 0 0
528.3646549528902 10.442577030812304 -1 0 0
538.9620575502929 13.55946014769542 -1 0 0
547.6893302775655 12.312706900942144 -1 0 0
426.7542653425007 55.325693913929186 -1 0 0
409.2997198879552 106.4425770308123 -1 0 0
394.33868092691625 107.06595365418895 -1 0 0
325.143875732111 124.52049910873436 -1 0 0
328.2607588489941 93.35166793990321 -1 0 0
237.8711484593837 136.98803157626682 -1 0 0
247.84517443340968 108.93608352431878 -1 0 0
252.20881079704603 65.29971988795513 -1 0 0
278.39062897886424 64.05296664120189 -1 0 0
300.20881079704606 69.03997962821488 -1 0 0
325.76725235548764 57.19582378405903 -1 0 0
355.6893302775656 61.55946014769542 -1 0 0
371.8971224853578 47.221797810033046 -1 0 0
375.63738222561744 44.10491469314993 -1 0 0
390.5984211866565 58.44257703081231 -1 0 0
404.3127069009422 54.078940667175914 -1 0 0
332.0010185892539 38.49452508276034 -1 0 0
302.0789406671759 40.98803157626682 -1 0 0
287.117901706137 56.572447160682394 -1 0 0
291.4815380697733 34.13088871912395 -1 0 0
261.5594601476954 32.26075884899411 -1 0 0
250.9620575502928 38.49452508276034 -1 0 0
236.00101858925382 38.49452508276034 -1 0 0
235.37764196587722 30.390628978864203 -1 0 0
250.9620575502928 6.7023172905525525 -1 0 0
346.3386809269161 6.546473134708339 -1 0 0
343.8451744334095 1.871148459383667 -1 0 0
349.4555640437992 3.1179017061369056 -1 0 0
364.41660300483824 3.1179017061369056 -1 0 0
373.14387573211087 3.1179017061369056 -1 0 0
380.3127069009421 1.2477718360070296 -1 0 0
212.52049910873438 98.33868092691615 -1 0 0
231.8451744334097 81.50751209574734 -1 0 0
201.2997198879552 67.16984975808501 -1 0 0
217.50751209574742 47.221797810033046 -1 0 0
206.9101094983448 47.221797810033046 -1 0 0
211.89712248535776 32.884135472370744 -1 0 0
228.10491469314996 36.624395212630496 -1 0 0
223.74127832951365 32.26075884899411 -1 0 0
211.89712248535776 21.66335625159149 -1 0 0
203.16984975808504 21.66335625159149 -1 0 0
195.68933027756555 17.92309651133174 -1 0 0
176.36465495289022 10.442577030812304 -1 0 0
177.61140819964348 25.403615991851243 -1 0 0
189.4555640437993 39.74127832951361 -1 0 0
174.49452508276036 39.74127832951361 -1 0 0
160.78023936847464 49.715304303539526 -1 0 0
160.156862745098 108.93608352431878 -1 0 0
133.9750445632798 113.92309651133178 -1 0 0
103.42959001782529 120.156862745098 -1 0 0
69.143875732111 93.35166793990321 -1 0 0
79.11790170613698 88.98803157626682 -1 0 0
95.94907053730583 83.37764196587722 -1 0 0
134.59842118665645 59.68933027756551 -1 0 0
107.79322638146165 39.117901706136976 -1 0 0
89.09192768016295 39.74127832951361 -1 0 0
67.89712248535776 67.16984975808501 -1 0 0
54.806213394448655 75.89712248535771 -1 0 0
10.54647313470841 96.46855105678634 -1 0 0
3.6893302775655434 119.5334861217214 -1 0 0
7.42959001782526 49.715304303539526 -1 0 0
1.1958237840590298 44.10491469314993 -1 0 0
37.35166793990321 47.84517443340968 -1 0 0
52.31270690094218 44.10491469314993 -1 0 0
71.01400560224087 44.10491469314993 -1 0 0
25.29971988795517 0.9360835243187822 -1 0 0
45.55946014769544 6.858161446396729 -1 0 0
48.052966641201934 1.2477718360071008 -1 0 0
69.24777183600713 3.117901706136977 -1 0 0
90.75426534250062 0.3127069009421807 -1 0 0
418.6503692386045 493.24777183600713 -1 0 0
100.11672896583381 30.87258180864321 -1 0 0
196.8658928454326 74.96622729359304 -1 0 0
191.08662863138576 4.972916256803728 -1 0 0
699.661879467506 0.6919798019542427 -1 0 0
