43.60640402950166 201.40456916711634 -1 0 0
149.29447742399708 151.20273430473105 -1 0 0
248.81741320381354 264.8174132038136 -1 0 0
299.899982011153 337.9183306350062 -1 0 0
623.129339809318 354.65227558913466 -1 0 0
525.3678719194097 203.16603705702457 -1 0 0
414.3953948551896 106.2853031120705 -1 0 0
481.3311746717034 102.76236733225403 -1 0 0
350.1018168735383 124.78071595610712 -1 0 0
7.019248066198953 15.95502788271273 -1 0 0
297.7715416441807 52.01007375427238 -1 0 0
329.47796366252925 38.799064579960465 -1 0 0
351.0559453139054 38.13851412124486 -1 0 0
386.5054865983091 38.13851412124486 -1 0 0
396.19355999280447 21.62475265335496 -1 0 0
430.2119086166577 9.98255081849254 -1 0 0
471.63392696528166 3.6660370570246403 -1 0 0
710.7256700845478 61.698147148767795 -1 0 0
733.8449361395938 68.08346824968523 -1 0 0
780.7440187084011 63.23943155243751 -1 0 0
813.3311746717038 80.19355999280448 -1 0 0
693.5880554056483 5.8816333872997415 -1 0 0
441.09331759459644 266.85920388222183 -1 0 0
