282.28530311207044 381.0742939377585 -1 0 0
239.12933980931817 478.8357618276667 -1 0 0
56.81741320381358 512.3036517359236 -1 0 0
385.3311746717034 383.71649577262093 -1 0 0
381.80823889188696 426.8724590753732 -1 0 0
508.63392696528143 340.56053246986863 -1 0 0
563.2394315524373 312.3770462313365 -1 0 0
559.7164957726208 269.2210829285842 -1 0 0
734.9825508184923 697.2577801762907 -1 0 0
931.386220543263 734.248605864364 -1 0 0
852.1201654973914 565.1476884331713 -1 0 0
859.1660370570245 433.91833063500627 -1 0 0
785.1843856808778 419.8265875157402 -1 0 0
673.3311746717035 342.3220003597769 -1 0 0
731.4596150386759 313.2577801762907 -1 0 0
859.1660370570245 305.3311746717035 -1 0 0
934.9091563230794 293.0008994423457 -1 0 0
971.8999820111528 369.6247526533548 -1 0 0
664.523835222162 238.39539485518972 -1 0 0
739.386220543263 237.51466091023553 -1 0 0
822.1752113689511 207.5697067817953 -1 0 0
906.7256700845475 182.90915632307966 -1 0 0
825.6981471487676 167.9366792588595 -1 0 0
806.3220003597768 157.36787191940996 -1 0 0
714.7256700845475 170.5788810937219 -1 0 0
574.688972836841 188.1935599928044 -1 0 0
630.1752113689511 137.11099118546497 -1 0 0
77.80823889188704 182.24860586436412 -1 0 0
15.6431012772081 60.156862745098074 -1 0 0
24.23025724051086 115.86328476344667 -1 0 0
161.40456916711634 51.129339809318246 -1 0 0
190.90915632307966 48.7073214606944 -1 0 0
231.31282604785045 10.230257240510904 -1 0 0
254.43209210289632 23.00089944234576 -1 0 0
384.56053246986875 111.01924806619898 -1 0 0
328.19355999280447 100.01007375427237 -1 0 0
318.06511962583204 176.85411045152009 -1 0 0
381.6981471487678 54.87245907537329 -1 0 0
355.4963122863825 18.542183846015497 -1 0 0
334.578881093722 19.422917790969613 -1 0 0
363.4229177909696 18.982550818492573 -1 0 0
680.9642021946393 134.24860586436412 -1 0 0
656.3036517359237 95.49631228638242 -1 0 0
621.9550278827127 95.49631228638242 -1 0 0
589.36787191941 80.96420219463934 -1 0 0
555.459615038676 103.86328476344667 -1 0 0
519.7898902680338 94.6155783414283 -1 0 0
518.9091563230797 57.18438568087788 -1 0 0
544.8908076992265 49.25778017629073 -1 0 0
557.2210829285843 44.85411045152004 -1 0 0
549.2944774239971 81.84493613959346 -1 0 0
581.8816333872999 65.110991185465 -1 0 0
622.3953948551898 54.101816873538425 -1 0 0
651.8999820111532 50.13851412124481 -1 0 0
669.0742939377586 37.80823889188704 -1 0 0
640.4504407267494 34.72567008454758 -1 0 0
697.2577801762907 58.50548659830905 -1 0 0
716.6339269652816 64.67062421298796 -1 0 0
735.5697067817953 70.83576182766684 -1 0 0
730.7256700845476 94.17521136895127 -1 0 0
778.2853031120707 93.29447742399711 -1 0 0
792.3770462313366 114.87245907537329 -1 0 0
831.5697067817953 52.780715956107194 -1 0 0
797.2210829285843 37.367871919409964 -1 0 0
782.6889728368411 43.092642561611804 -1 0 0
765.5146609102358 36.04677100197873 -1 0 0
864.5972297175753 56.30365173592372 -1 0 0
880.8908076992267 73.03759669005215 -1 0 0
899.3862205432632 130.2853031120705 -1 0 0
932.413743479043 131.16603705702465 -1 0 0
965.441266414823 97.69814714876775 -1 0 0
990.9825508184927 95.9366792588595 -1 0 0
1020.4871379744559 129.84493613959347 -1 0 0
1013.441266414823 202.50548659830906 -1 0 0
909.9550278827128 73.91833063500631 -1 0 0
950.4687893506026 35.60640402950173 -1 0 0
897.6247526533549 52.340348983630115 -1 0 0
974.3220003597768 20.964202194639345 -1 0 0
994.3586976074832 30.21190861665769 -1 0 0
1012.85411045152 38.13851412124486 -1 0 0
1016.5972297175749 87.2394315524375 -1 0 0
933.808238891887 20.08346824968523 -1 0 0
791.3495232955567 5.248605864364096 -1 0 0
801.9733765065658 6.514660910235654 -1 0 0
816.0651196258319 12.129339809318227 -1 0 0
850.3586976074832 4.808238891887029 -1 0 0
830.7073214606943 15.762367332254005 -1 0 0
708.5605324698685 29.166037057024653 -1 0 0
729.4779636625291 25.312826047850347 -1 0 0
731.4596150386759 13.202734304731077 -1 0 0
749.5146609102355 17.496312286382462 -1 0 0
668.5972297175749 12.101816873538422 -1 0 0
551.5697067817952 16.285303112070537 -1 0 0
571.0559453139053 13.973376506565941 -1 0 0
604.0834682496851 9.789890268033828 -1 0 0
507.42291779096945 61.03759669005225 -1 0 0
505.0008994423456 34.1752113689513 -1 0 0
533.4045691671163 30.432092102896267 -1 0 0
522.8357618276667 21.62475265335496 -1 0 0
428.81741320381343 89.27612880014398 -1 0 0
458.43209210289604 65.93667925885956 -1 0 0
476.3770462313364 38.303651735923765 -1 0 0
465.6981471487676 19.03759669005219 -1 0 0
492.34034898363007 19.808238891887058 -1 0 0
437.51466091023553 17.0559453139054 -1 0 0
421.1109911854648 28.285303112070547 -1 0 0
385.93667925885933 10.533009534088865 -1 0 0
399.7531930203273 6.019248066198953 -1 0 0
409.88163338729976 7.340348983630156 -1 0 0
391.1660370570245 4.973376506565924 -1 0 0
407.0192480661988 51.84493613959348 -1 0 0
310.7990645799602 5.799064579960424 -1 0 0
325.0559453139051 11.744018708400795 -1 0 0
342.6706242129877 6.129339809318222 -1 0 0
259.7164957726207 2.95044072674941 -1 0 0
650.5788810937219 69.95502788271273 -1 0 0
111.42291779096954 5.000899442345733 -1 0 0
145.77154164418053 5.8816333872997415 -1 0 0
