445.7864923747278 461.43093681917225 -1 0 0
494.1420479302833 214.9124183006535 -1 0 0
455.26797385620927 210.17167755991278 -1 0 0
555.7716775599131 235.77167755991275 -1 0 0
630.6753812636167 248.0976034858387 -1 0 0
934.0827886710242 300.2457516339869 -1 0 0
945.4605664488018 581.8457516339869 -1 0 0
855.8605664488018 95.20871459694989 -1 0 0
959.6827886710239 123.65315904139432 -1 0 0
124.1272331154684 41.28278867102397 -1 0 0
68.66056644880173 39.386492374727645 -1 0 0
95.20871459694989 32.275381263616545 -1 0 0
2.0531590413943466 223.44575163398684 -1 0 0
95.8052143934497 6.6783412665768696 -1 0 0
216.51650310473835 10.770249358484921 -1 0 0
