16.98315382491024 38.01601767467547 -1 0 0
107.12399889533276 54.84230875448773 -1 0 0
90.29770781552055 126.95498481082583 -1 0 0
3.762496547914934 183.44324772162395 -1 0 0
152.79536039768018 291.61226180613096 -1 0 0
110.72963269814964 546.4103838718586 -1 0 0
238.12869373101353 308.4385528859431 -1 0 0
360.7202430267881 384.1568627450981 -1 0 0
476.10052471692904 641.3587406793704 -1 0 0
548.213200773267 421.4150787075394 -1 0 0
412.40099420049705 438.2413697873516 -1 0 0
348.70146368406523 267.57470312068494 -1 0 0
349.9033416183375 152.19442143054417 -1 0 0
295.81883457608393 122.14747307373652 -1 0 0
262.16625241645943 96.90803645401819 -1 0 0
260.9643744821872 39.217895608947885 -1 0 0
317.45263739298537 50.034797017398496 -1 0 0
358.31648715824355 80.08174537420606 -1 0 0
412.40099420049705 88.49489091411213 -1 0 0
426.82352941176464 150.99254349627182 -1 0 0
456.8704777685722 173.82822424744552 -1 0 0
513.3587406793702 46.42916321458167 -1 0 0
549.4150787075394 42.8235294117647 -1 0 0
531.3869096934548 22.391604529135613 -1 0 0
614.3164871582435 125.75310687655356 -1 0 0
657.5840927920464 157.00193316763333 -1 0 0
597.4901960784313 312.0441866887601 -1 0 0
810.2225904446285 372.13808340237506 -1 0 0
841.4714167357083 138.97376415354887 -1 0 0
885.9409003037835 102.9174261253797 -1 0 0
992.9080364540181 130.56061861364273 -1 0 0
114.9362054681027 13.07705053852531 -1 0 0
-139.47950089126553 139.15386574210112 -1 0 0
