14.70231729055248 473.2997198879552 -1 0 0
92.00101858925379 318.7023172905526 -1 0 0
7.221797810033047 296.26075884899416 -1 0 0
44.624395212630425 226.4425770308123 -1 0 0
84.52049910873436 196.5204991087344 -1 0 0
110.70231729055256 210.23478482302016 -1 0 0
131.89712248535773 199.0140056022409 -1 0 0
44.624395212630425 181.5594601476954 -1 0 0
27.16984975808501 169.09192768016297 -1 0 0
744.0529666412019 685.2477718360072 -1 0 0
933.5594601476954 588.0010185892539 -1 0 0
691.6893302775655 539.3776419658774 -1 0 0
790.1828367710721 231.42959001782532 -1 0 0
173.87114845938373 122.6503692386045 -1 0 0
43.585434173669434 81.50751209574732 -1 0 0
41.09192768016296 64.05296664120186 -1 0 0
17.403615991851243 59.68933027756551 -1 0 0
191.32569391392923 45.35166793990314 -1 0 0
247.4295900178253 59.06595365418887 -1 0 0
231.8451744334097 36.624395212630425 -1 0 0
74.75426534250062 1.715304303539525 -1 0 0
107.16984975808505 4.208810797046003 -1 0 0
183.22179781003308 23.53348612172133 -1 0 0
215.6373822256175 26.65036923860445 -1 0 0
266.7542653425007 64.67634326457849 -1 0 0
266.7542653425007 64.67634326457849 -1 0 0
296.6763432645785 70.2867328749681 -1 0 0
310.39062897886436 74.02699261522784 -1 0 0
314.7542653425007 97.71530430353953 -1 0 0
377.71530430353965 163.7932263814616 -1 0 0
395.1698497580851 171.27374586198113 -1 0 0
431.3256939139292 181.24777183600708 -1 0 0
405.7672523554877 62.80621339444862 -1 0 0
363.3776419658772 50.33868092691616 -1 0 0
345.9230965113318 51.58543417366936 -1 0 0
317.8711484593838 55.325693913929115 -1 0 0
324.10491469315 47.221797810033046 -1 0 0
343.4295900178254 36.624395212630425 -1 0 0
302.2867328749682 30.390628978864203 -1 0 0
360.2607588489941 34.75426534250059 -1 0 0
359.63738222561756 22.286732874968127 -1 0 0
385.19582378405914 3.585434173669366 -1 0 0
391.4295900178254 32.26075884899411 -1 0 0
443.1698497580851 21.03997962821485 -1 0 0
463.7412783295136 54.078940667175914 -1 0 0
487.42959001782526 67.16984975808498 -1 0 0
484.31270690094226 32.72829131652661 -1 0 0
498.9620575502929 49.871148459383754 -1 0 0
531.065953654189 38.96205755029283 -1 0 0
565.97504456328 48.93608352431882 -1 0 0
594.6503692386046 105.97504456327987 -1 0 0
608.988031576267 58.59842118665648 -1 0 0
594.3386809269163 19.32569391392919 -1 0 0
583.7412783295138 19.949070537305825 -1 0 0
543.2217978100332 4.052966641201934 -1 0 0
521.4036159918513 6.234784823020126 -1 0 0
469.97504456327994 33.663356251591544 -1 0 0
457.5075120957475 14.962057550292835 -1 0 0
454.078940667176 12.780239368474676 -1 0 0
442.5464731347085 8.416603004838286 -1 0 0
484.93608352431886 6.54647313470841 -1 0 0
564.4166030048383 20.884135472370748 -1 0 0
568.1568627450981 20.884135472370748 -1 0 0
572.2088107970462 29.299719887955177 -1 0 0
567.5334861217215 33.663356251591544 -1 0 0
599.6373822256176 38.33868092691621 -1 0 0
611.1698497580851 16.208810797046073 -1 0 0
585.9230965113319 11.221797810033118 -1 0 0
581.5594601476955 9.039979628214924 -1 0 0
569.7153043035397 4.364654952890252 -1 0 0
565.3516679399032 4.67634326457857 -1 0 0
556.6243952126306 3.4295900178252956 -1 0 0
552.5724471606825 4.052966641201934 -1 0 0
559.4295900178254 9.975044563279845 -1 0 0
641.8192004074359 59.84517443340972 -1 0 0
620.001018589254 48.93608352431882 -1 0 0
620.3127069009423 48.93608352431882 -1 0 0
627.4815380697735 33.975044563279845 -1 0 0
621.5594601476955 25.247771836007136 -1 0 0
633.091927680163 25.871148459383736 -1 0 0
627.4815380697735 26.494525082760376 -1 0 0
620.6243952126306 6.234784823020126 -1 0 0
634.6503692386046 9.663356251591525 -1 0 0
632.4685510567865 9.975044563279845 -1 0 0
632.4685510567865 9.975044563279845 -1 0 0
609.7153043035397 1.8711484593837382 -1 0 0
673.9230965113319 7.481538069773366 -1 0 0
669.5594601476955 0.9360835243188179 -1 0 0
677.97504456328 2.4945250827603753 -1 0 0
695.1179017061372 71.06595365418895 -1 0 0
674.8581614463968 89.45556404379933 -1 0 0
664.884135472371 76.67634326457855 -1 0 0
689.1958237840593 62.96205755029283 -1 0 0
680.7802393684748 57.03997962821492 -1 0 0
666.4425770308125 18.390628978864267 -1 0 0
649.6114081996436 20.572447160682465 -1 0 0
650.5464731347085 9.663356251591525 -1 0 0
637.4555640437994 42.702317290552585 -1 0 0
646.8062133944488 33.975044563279845 -1 0 0
622.4945250827604 15.273745861981155 -1 0 0
771.4815380697736 163.0140056022409 -1 0 0
721.2997198879553 62.02699261522791 -1 0 0
720.0529666412021 24.936083524318818 -1 0 0
729.4036159918514 24.31270690094218 -1 0 0
745.2997198879553 25.871148459383736 -1 0 0
693.2477718360072 1.8711484593837382 -1 0 0
754.6503692386048 19.32569391392919 -1 0 0
754.962057550293 30.234784823020128 -1 0 0
761.5075120957475 31.79322638146167 -1 0 0
773.0399796282151 27.4295900178253 -1 0 0
773.0399796282151 37.09192768016296 -1 0 0
783.949070537306 38.65036923860453 -1 0 0
792.0529666412021 36.46855105678636 -1 0 0
783.6373822256177 48.00101858925388 -1 0 0
764.6243952126306 65.45556404379934 -1 0 0
821.6633562515917 76.67634326457855 -1 0 0
813.5594601476957 51.117901706137 -1 0 0
810.7542653425008 43.01400560224091 -1 0 0
806.7023172905527 30.546473134708446 -1 0 0
814.1828367710723 33.975044563279845 -1 0 0
822.9101094983449 31.481538069773368 -1 0 0
829.7672523554878 44.572447160682465 -1 0 0
830.0789406671761 29.299719887955177 -1 0 0
799.2217978100332 1.8711484593837382 -1 0 0
899.5854341736695 38.02699261522792 -1 0 0
855.3256939139292 35.84517443340972 -1 0 0
857.8192004074357 47.68933027756558 -1 0 0
854.7023172905526 59.84517443340972 -1 0 0
838.8062133944487 31.79322638146167 -1 0 0
833.5075120957474 29.61140819964349 -1 0 0
853.1438757321109 25.247771836007136 -1 0 0
859.3776419658772 23.689330277565578 -1 0 0
861.5594601476954 19.949070537305825 -1 0 0
869.9750445632799 20.572447160682465 -1 0 0
884.0010185892539 22.754265342500624 -1 0 0
891.4815380697735 13.091927680162959 -1 0 0
896.4685510567864 13.403615991851279 -1 0 0
905.8192004074357 10.598421186656482 -1 0 0
901.7672523554877 28.052966641201934 -1 0 0
924.5204991087344 67.94907053730583 -1 0 0
909.5594601476954 57.663356251591544 -1 0 0
920.7802393684748 27.4295900178253 -1 0 0
915.1698497580851 14.338680926916235 -1 0 0
920.4685510567864 11.84517443340972 -1 0 0
926.0789406671761 10.9101094983448 -1 0 0
930.4425770308123 9.663356251591525 -1 0 0
944.7802393684748 3.4295900178252956 -1 0 0
950.0789406671761 5.299719887955172 -1 0 0
969.0919276801629 4.052966641201934 -1 0 0
981.2477718360072 5.61140819964349 -1 0 0
974.0789406671761 4.052966641201934 -1 0 0
987.1698497580851 5.61140819964349 -1 0 0
995.5854341736695 18.390628978864267 -1 0 0
996.2088107970462 9.663356251591525 -1 0 0
999.6373822256176 1.2477718360071366 -1 0 0
1007.7412783295138 11.84517443340972 -1 0 0
834.4425770308123 103.16984975808505 -1 0 0
847.5334861217214 100.67634326457855 -1 0 0
848.156862745098 87.89712248535777 -1 0 0
877.7672523554877 71.06595365418895 -1 0 0
862.4945250827603 141.8192004074357 -1 0 0
885.8711484593838 170.18283677107206 -1 0 0
921.4036159918513 116.26075884899414 -1 0 0
960.6763432645786 130.59842118665648 -1 0 0
960.9880315762668 116.26075884899414 -1 0 0
945.7153043035397 114.70231729055257 -1 0 0
978.4425770308125 108.15686274509804 -1 0 0
986.5464731347085 118.44257703081232 -1 0 0
981.8711484593838 171.42959001782532 -1 0 0
1003.6893302775655 165.8192004074357 -1 0 0
1020.5204991087344 117.50751209574739 -1 0 0
1014.9101094983449 82.9101094983448 -1 0 0
984.6763432645787 49.871148459383754 -1 0 0
967.2217978100331 67.0140056022409 -1 0 0
951.6373822256176 81.97504456327987 -1 0 0
930.7542653425006 58.28673287496816 -1 0 0
948.8321874204228 43.32569391392921 -1 0 0
957.8711484593838 42.39062897886427 -1 0 0
949.7672523554877 17.455564043799352 -1 0 0
965.039979628215 14.962057550292835 -1 0 0
969.7153043035397 14.026992615227915 -1 0 0
976.2607588489941 14.338680926916235 -1 0 0
971.8971224853578 19.949070537305825 -1 0 0
982.4945250827603 24.00101858925386 -1 0 0
988.4166030048383 27.4295900178253 -1 0 0
993.4036159918513 25.871148459383736 -1 0 0
1018.9620575502928 2.4945250827603753 -1 0 0
1011.4815380697735 43.32569391392921 -1 0 0
1019.5854341736695 16.208810797046073 -1 0 0
961.9230965113318 57.663356251591544 -1 0 0
900.5204991087344 13.091927680162959 -1 0 0
879.9490705373059 17.76725235548763 -1 0 0
974.7120466915864 37.293986490917455 -1 0 0
979.4210767919208 36.43779919994756 -1 0 0
977.280608564496 53.77559184208801 -1 0 0
872.8257590661683 33.38763197586725 -1 0 0
934.4712440160012 1.066561741753539 -1 0 0
874.2170634139944 22.578267427372275 -1 0 0
