279.01400560224096 585.5075120957474 -1 0 0
361.2997198879552 565.5594601476955 -1 0 0
351.32569391392923 706.4425770308125 -1 0 0
721.6114081996436 428.41660300483835 -1 0 0
767.7412783295138 487.01400560224096 -1 0 0
951.014005602241 449.61140819964356 -1 0 0
28.00101858925386 378.2347848230201 -1 0 0
32.36465495289021 345.19582378405903 -1 0 0
28.00101858925386 308.4166030048383 -1 0 0
23.01400560224087 288.46855105678634 -1 0 0
4.936083524318783 283.4815380697733 -1 0 0
19.897122485357755 268.5204991087343 -1 0 0
42.3386809269162 259.16984975808504 -1 0 0
39.22179781003308 282.8581614463967 -1 0 0
52.93608352431878 299.68933027756555 -1 0 0
64.156862745098 274.13088871912396 -1 0 0
87.84517443340972 286.5984211866564 -1 0 0
93.45556404379931 265.4036159918512 -1 0 0
126.49452508276038 346.4425770308123 -1 0 0
98.4425770308123 400.6763432645785 -1 0 0
267.3776419658773 393.19582378405903 -1 0 0
267.3776419658773 358.2867328749682 -1 0 0
293.5594601476954 322.7542653425007 -1 0 0
137.091927680163 274.13088871912396 -1 0 0
113.40361599185128 259.79322638146164 -1 0 0
147.06595365418892 263.5334861217214 -1 0 0
170.130888719124 261.0399796282149 -1 0 0
166.39062897886424 267.8971224853577 -1 0 0
187.58543417366948 258.5464731347084 -1 0 0
187.58543417366948 258.5464731347084 -1 0 0
203.16984975808504 258.5464731347084 -1 0 0
227.48153806977334 243.58543417366943 -1 0 0
227.48153806977334 263.5334861217214 -1 0 0
254.9101094983448 284.10491469314996 -1 0 0
254.28673287496815 248.5724471606824 -1 0 0
277.9750445632798 254.80621339444866 -1 0 0
313.5075120957475 255.42959001782526 -1 0 0
298.5464731347084 289.71530430353954 -1 0 0
304.1568627450981 307.16984975808504 -1 0 0
378.9620575502928 302.80621339444866 -1 0 0
354.02699261522787 363.8971224853577 -1 0 0
372.10491469315 254.80621339444866 -1 0 0
372.10491469315 254.80621339444866 -1 0 0
331.5854341736695 247.9490705373058 -1 0 0
287.3256939139292 252.31270690094215 -1 0 0
391.4295900178254 252.31270690094215 -1 0 0
421.9750445632798 327.7412783295136 -1 0 0
413.2477718360072 393.81920040743574 -1 0 0
395.1698497580851 400.6763432645785 -1 0 0
478.0789406671759 391.3256939139292 -1 0 0
506.1308887191241 391.94907053730583 -1 0 0
431.3256939139292 305.2997198879552 -1 0 0
432.5724471606825 242.33868092691617 -1 0 0
430.7023172905526 230.49452508276033 -1 0 0
467.4815380697734 237.97504456327985 -1 0 0
485.5594601476954 238.59842118665645 -1 0 0
500.52049910873444 229.24777183600708 -1 0 0
610.0269926152279 274.7542653425007 -1 0 0
519.0140056022408 340.20881079704606 -1 0 0
542.7023172905525 407.53348612172147 -1 0 0
525.247771836007 229.87114845938376 -1 0 0
533.3516679399031 238.59842118665648 -1 0 0
555.169849758085 231.74127832951365 -1 0 0
586.338680926916 218.65036923860455 -1 0 0
599.4295900178253 234.23478482302014 -1 0 0
615.6373822256174 231.11790170613702 -1 0 0
624.9880315762667 218.65036923860455 -1 0 0
633.0919276801629 231.11790170613702 -1 0 0
651.7932263814616 221.143875732111 -1 0 0
666.7542653425006 235.48153806977336 -1 0 0
670.4945250827603 215.53348612172144 -1 0 0
694.182836771072 242.96205755029285 -1 0 0
702.2867328749682 257.9230965113318 -1 0 0
707.2737458619812 221.143875732111 -1 0 0
728.4685510567863 224.26075884899413 -1 0 0
743.4295900178253 247.32569391392923 -1 0 0
743.4295900178253 247.32569391392923 -1 0 0
770.8581614463967 229.87114845938376 -1 0 0
749.039979628215 226.75426534250064 -1 0 0
749.039979628215 226.75426534250064 -1 0 0
757.1438757321109 221.143875732111 -1 0 0
784.5724471606825 209.9230965113318 -1 0 0
800.156862745098 218.02699261522793 -1 0 0
816.3646549528902 213.03997962821492 -1 0 0
833.8192004074357 216.78023936847467 -1 0 0
812.0010185892538 235.48153806977336 -1 0 0
803.2737458619812 257.2997198879552 -1 0 0
838.182836771072 253.55946014769546 -1 0 0
733.4555640437993 334.59842118665654 -1 0 0
878.0789406671759 309.66335625159155 -1 0 0
855.0140056022408 290.96205755029285 -1 0 0
864.3646549528902 256.052966641202 -1 0 0
864.3646549528902 256.052966641202 -1 0 0
871.8451744334096 221.143875732111 -1 0 0
864.9880315762668 208.05296664120192 -1 0 0
853.1438757321109 206.18283677107206 -1 0 0
896.7802393684746 207.42959001782532 -1 0 0
916.7282913165266 218.02699261522793 -1 0 0
899.8971224853577 235.48153806977336 -1 0 0
899.8971224853577 235.48153806977336 -1 0 0
914.23478482302 238.59842118665648 -1 0 0
914.23478482302 238.59842118665648 -1 0 0
904.2607588489941 327.7412783295136 -1 0 0
904.2607588489941 327.7412783295136 -1 0 0
942.0789406671761 270.39062897886424 -1 0 0
967.0140056022408 238.59842118665645 -1 0 0
942.0789406671761 212.41660300483824 -1 0 0
946.4425770308123 197.45556404379928 -1 0 0
974.4945250827603 196.83218742042268 -1 0 0
992.5724471606825 238.59842118665645 -1 0 0
1015.014005602241 202.44257703081226 -1 0 0
1001.2997198879552 189.35166793990317 -1 0 0
996.3127069009421 201.81920040743566 -1 0 0
422.13488472312 757.0319876202228 -1 0 0
467.14587373410905 633.2517678400031 -1 0 0
975.3541871598137 224.90602662469658 -1 0 0
