1010.645751633987 317.6679738562091 -1 0 0
958.2605664488017 272.15686274509795 -1 0 0
984.8087145969498 268.3642701525054 -1 0 0
988.8383442265796 251.53464052287575 -1 0 0
949.9642701525054 243.94945533769058 -1 0 0
868.4235294117647 285.430936819172 -1 0 0
875.7716775599127 247.50501089324612 -1 0 0
867.4753812636164 245.13464052287574 -1 0 0
849.2235294117647 254.85315904139426 -1 0 0
896.156862745098 241.10501089324612 -1 0 0
803.7124183006534 244.6605664488017 -1 0 0
802.7642701525054 257.2235294117647 -1 0 0
944.2753812636165 337.8161220043573 -1 0 0
936.9272331154683 328.3346405228758 -1 0 0
947.8309368191722 366.1420479302831 -1 0 0
844.0087145969499 367.56427015250534 -1 0 0
802.7642701525054 403.593899782135 -1 0 0
782.8531590413943 389.37167755991277 -1 0 0
767.6827886710239 403.593899782135 -1 0 0
689.9346405228757 383.20871459694985 -1 0 0
704.630936819172 385.1050108932462 -1 0 0
695.6235294117646 330.11241830065353 -1 0 0
684.719825708061 296.92723311546837 -1 0 0
695.6235294117646 292.66056644880166 -1 0 0
705.1050108932461 275.59389978213505 -1 0 0
749.193899782135 264.6901960784313 -1 0 0
743.0309368191721 253.78649237472763 -1 0 0
660.305010893246 252.48278867102394 -1 0 0
679.5050108932461 251.29760348583872 -1 0 0
679.5050108932461 260.3050108932461 -1 0 0
700.8383442265795 257.9346405228758 -1 0 0
674.5272331154683 262.6753812636165 -1 0 0
663.8605664488016 268.3642701525054 -1 0 0
648.2161220043571 262.20130718954243 -1 0 0
638.4976034858387 264.80871459694987 -1 0 0
624.2753812636164 268.3642701525054 -1 0 0
629.9642701525053 280.92723311546837 -1 0 0
582.5568627450979 283.53464052287575 -1 0 0
583.505010893246 268.6013071895424 -1 0 0
558.1420479302831 271.68278867102396 -1 0 0
544.630936819172 281.4013071895424 -1 0 0
580.8976034858387 269.5494553376906 -1 0 0
563.830936819172 292.30501089324616 -1 0 0
577.8161220043572 288.9864923747277 -1 0 0
613.3716775599128 296.3346405228758 -1 0 0
610.2901960784312 305.8161220043573 -1 0 0
541.5494553376905 304.39389978213507 -1 0 0
531.3568627450979 300.3642701525054 -1 0 0
530.4087145969497 306.29019607843134 -1 0 0
529.6976034858386 315.7716775599128 -1 0 0
541.0753812636164 320.9864923747277 -1 0 0
490.8235294117646 310.9124183006536 -1 0 0
516.4235294117645 315.6531590413943 -1 0 0
518.793899782135 306.17167755991284 -1 0 0
467.5938997821348 282.9420479302832 -1 0 0
505.99389978213486 267.7716775599128 -1 0 0
451.00130718954216 270.97167755991285 -1 0 0
438.2013071895422 244.42352941176466 -1 0 0
443.17908496732 243.94945533769058 -1 0 0
417.57908496731994 249.40130718954245 -1 0 0
410.9420479302829 251.53464052287578 -1 0 0
410.2309368191718 266.70501089324614 -1 0 0
419.47538126361627 262.20130718954243 -1 0 0
436.0679738562089 271.68278867102396 -1 0 0
438.43834422657926 268.3642701525054 -1 0 0
436.3050108932459 276.6605664488017 -1 0 0
439.14945533769037 275.94945533769055 -1 0 0
429.66797385620885 277.6087145969499 -1 0 0
433.46056644880144 275.71241830065355 -1 0 0
425.8753812636163 296.3346405228758 -1 0 0
421.6087145969496 308.18649237472766 -1 0 0
406.43834422657926 313.6383442265795 -1 0 0
406.2013071895422 301.54945533769063 -1 0 0
434.88278867102366 341.13464052287577 -1 0 0
682.8235294117649 424.4531590413943 -1 0 0
462.85315904139446 543.919825708061 -1 0 0
396.4827886710241 574.2605664488017 -1 0 0
300.719825708061 696.5716775599128 -1 0 0
192.63093681917218 757.2531590413944 -1 0 0
26.705010893246236 609.3420479302832 -1 0 0
389.84575163398705 321.1050108932462 -1 0 0
288.15686274509807 329.99389978213503 -1 0 0
316.36427015250547 328.3346405228757 -1 0 0
291.0013071895425 298.7050108932461 -1 0 0
304.5124183006536 299.4161220043572 -1 0 0
318.02352941176474 293.49019607843127 -1 0 0
339.11982570806106 303.44575163398684 -1 0 0
345.282788671024 285.9050108932461 -1 0 0
334.1420479302833 287.8013071895424 -1 0 0
329.4013071895425 288.98649237472756 -1 0 0
328.9272331154685 280.2161220043572 -1 0 0
311.86056644880176 293.7272331154683 -1 0 0
383.682788671024 282.82352941176464 -1 0 0
397.9050108932462 275.0013071895424 -1 0 0
383.2087145969499 265.28278867102387 -1 0 0
390.31982570806105 259.593899782135 -1 0 0
306.40871459694995 277.8457516339868 -1 0 0
300.482788671024 290.1716775599128 -1 0 0
296.4531590413944 277.37167755991277 -1 0 0
291.94945533769067 276.1864923747276 -1 0 0
279.86056644880176 281.1642701525053 -1 0 0
287.919825708061 269.7864923747276 -1 0 0
272.9864923747277 285.6679738562091 -1 0 0
263.5050108932462 299.4161220043572 -1 0 0
261.84575163398694 278.55686274509793 -1 0 0
268.9568627450981 279.97908496732015 -1 0 0
265.1642701525054 264.0976034858387 -1 0 0
269.1938997821351 261.7272331154683 -1 0 0
279.6235294117647 260.3050108932461 -1 0 0
299.2976034858388 258.6457516339868 -1 0 0
302.3790849673203 257.2235294117646 -1 0 0
314.94204793028325 259.593899782135 -1 0 0
318.73464052287585 256.27538126361645 -1 0 0
337.22352941176473 255.80130718954237 -1 0 0
343.86056644880176 254.61612200435718 -1 0 0
327.26797385620915 255.56427015250537 -1 0 0
356.0679738562092 250.76427015250533 -1 0 0
361.5198257080611 251.9494553376905 -1 0 0
391.1494553376907 248.51241830065348 -1 0 0
398.9716775599129 241.63834422657942 -1 0 0
401.4605664488018 241.16427015250534 -1 0 0
351.2087145969499 243.53464052287575 -1 0 0
336.98649237472773 246.7346405228757 -1 0 0
339.4753812636166 247.20871459694976 -1 0 0
331.41612200435736 247.09019607843126 -1 0 0
326.91241830065366 247.44575163398682 -1 0 0
343.86056644880176 246.7346405228757 -1 0 0
346.3494553376907 246.37908496732015 -1 0 0
241.4605664488017 375.3864923747276 -1 0 0
218.23093681917206 372.54204793028316 -1 0 0
236.71982570806097 323.7124183006535 -1 0 0
212.54204793028313 333.193899782135 -1 0 0
224.86797385620912 318.49760348583874 -1 0 0
243.83093681917202 321.3420479302832 -1 0 0
249.51982570806095 300.95686274509796 -1 0 0
252.36427015250538 298.11241830065353 -1 0 0
253.7864923747276 291.94945533769055 -1 0 0
247.62352941176465 287.20871459694985 -1 0 0
239.09019607843132 283.8901960784313 -1 0 0
238.14204793028318 291.4753812636165 -1 0 0
236.24575163398688 299.53464052287575 -1 0 0
215.86056644880168 312.8087145969498 -1 0 0
249.0457516339869 266.2309368191721 -1 0 0
255.20871459694987 261.9642701525054 -1 0 0
259.2383442265795 263.3864923747276 -1 0 0
256.156862745098 268.12723311546836 -1 0 0
247.14945533769063 266.46797385620914 -1 0 0
240.7494553376906 267.1790849673202 -1 0 0
239.80130718954248 268.3642701525054 -1 0 0
238.37908496732024 268.6013071895424 -1 0 0
237.43093681917208 267.41612200435725 -1 0 0
235.5346405228758 268.83834422657947 -1 0 0
232.2161220043573 270.49760348583874 -1 0 0
219.89019607843136 265.2827886710239 -1 0 0
223.4457516339869 269.5494553376906 -1 0 0
214.67538126361654 278.0827886710239 -1 0 0
207.56427015250543 271.91982570806096 -1 0 0
195.9494553376906 267.41612200435725 -1 0 0
194.76427015250542 265.2827886710239 -1 0 0
201.6383442265795 271.6827886710239 -1 0 0
203.06056644880172 269.5494553376906 -1 0 0
193.10501089324615 274.0531590413943 -1 0 0
186.4679738562091 275.71241830065355 -1 0 0
180.30501089324616 275.94945533769055 -1 0 0
176.27538126361654 274.5272331154684 -1 0 0
177.69760348583875 278.0827886710239 -1 0 0
163.9494553376906 277.8457516339869 -1 0 0
166.55686274509802 275.94945533769055 -1 0 0
167.7420479302832 278.31982570806093 -1 0 0
169.1642701525054 281.87538126361653 -1 0 0
156.8383442265795 278.556862745098 -1 0 0
155.41612200435728 279.2679738562091 -1 0 0
150.4383442265795 272.393899782135 -1 0 0
152.3346405228758 268.6013071895424 -1 0 0
146.1716775599128 268.12723311546836 -1 0 0
142.37908496732024 277.37167755991277 -1 0 0
138.11241830065356 275.94945533769055 -1 0 0
136.92723311546837 280.4531590413943 -1 0 0
129.57908496732023 279.2679738562091 -1 0 0
131.71241830065358 288.2753812636165 -1 0 0
156.8383442265795 289.9346405228758 -1 0 0
155.89019607843133 283.7716775599128 -1 0 0
162.52723311546836 287.5642701525054 -1 0 0
173.66797385620913 285.193899782135 -1 0 0
160.156862745098 295.1494553376906 -1 0 0
183.1494553376906 295.62352941176465 -1 0 0
200.69019607843134 297.5198257080609 -1 0 0
212.0679738562091 292.54204793028316 -1 0 0
223.20871459694987 288.03834422657945 -1 0 0
194.76427015250542 311.9790849673202 -1 0 0
192.86797385620915 314.58649237472764 -1 0 0
180.54204793028322 309.8457516339869 -1 0 0
184.09760348583876 307.71241830065355 -1 0 0
168.9272331154684 315.7716775599128 -1 0 0
167.0309368191721 308.1864923747276 -1 0 0
153.99389978213506 304.63093681917206 -1 0 0
148.77908496732022 297.5198257080609 -1 0 0
134.79389978213504 296.5716775599128 -1 0 0
125.78649237472763 289.9346405228758 -1 0 0
121.756862745098 282.11241830065353 -1 0 0
122.46797385620911 293.0161220043572 -1 0 0
132.66056644880172 320.2753812636165 -1 0 0
126.2605664488017 309.37167755991277 -1 0 0
121.99389978213506 331.1790849673202 -1 0 0
151.1494553376906 364.83834422657947 -1 0 0
81.69760348583887 371.356862745098 -1 0 0
120.57167755991291 374.2013071895425 -1 0 0
117.7272331154685 355.71241830065355 -1 0 0
170.34945533769073 372.30501089324616 -1 0 0
185.045751633987 375.6235294117647 -1 0 0
91.17908496732034 333.43093681917213 -1 0 0
97.34204793028331 307.8309368191721 -1 0 0
99.71241830065368 292.6605664488017 -1 0 0
104.45315904139441 285.54945533769063 -1 0 0
109.66797385620924 293.13464052287577 -1 0 0
113.93464052287591 291.71241830065355 -1 0 0
117.25315904139443 284.1272331154684 -1 0 0
110.6161220043574 278.9124183006536 -1 0 0
49.934640522875874 370.40871459694995 -1 0 0
63.20871459694995 368.9864923747276 -1 0 0
65.10501089324626 344.3346405228758 -1 0 0
42.34945533769072 348.1272331154684 -1 0 0
46.1420479302833 332.956862745098 -1 0 0
57.51982570806107 329.1642701525055 -1 0 0
77.43093681917219 322.0531590413943 -1 0 0
74.11241830065367 312.5716775599128 -1 0 0
81.22352941176477 306.88278867102395 -1 0 0
70.31982570806109 312.09760348583876 -1 0 0
66.05315904139442 315.89019607843136 -1 0 0
55.623529411764764 316.3642701525054 -1 0 0
40.92723311546847 319.2087145969499 -1 0 0
34.29019607843143 316.3642701525054 -1 0 0
46.61612200435736 312.09760348583876 -1 0 0
59.89019607843144 308.7790849673202 -1 0 0
31.682788671024007 309.3716775599129 -1 0 0
22.43834422657957 306.76427015250545 -1 0 0
22.6753812636166 302.4976034858388 -1 0 0
45.90501089324624 304.39389978213507 -1 0 0
56.57167755991291 302.26056644880174 -1 0 0
94.73464052287586 284.719825708061 -1 0 0
101.3716775599129 283.5346405228758 -1 0 0
104.92723311546847 280.69019607843137 -1 0 0
96.15686274509807 278.082788671024 -1 0 0
90.94204793028328 280.69019607843137 -1 0 0
88.80871459694993 283.06056644880175 -1 0 0
76.71982570806105 279.0309368191721 -1 0 0
81.46056644880181 276.8976034858388 -1 0 0
79.09019607843142 276.18649237472766 -1 0 0
73.87538126361662 278.319825708061 -1 0 0
64.63093681917216 279.26797385620915 -1 0 0
68.6605664488018 276.4235294117647 -1 0 0
65.34204793028329 277.6087145969499 -1 0 0
61.07538126361661 279.97908496732026 -1 0 0
60.364270152505505 276.6605664488018 -1 0 0
57.04575163398698 274.76427015250545 -1 0 0
52.54204793028328 276.8976034858388 -1 0 0
58.4679738562092 279.7420479302832 -1 0 0
47.32723311546845 276.18649237472766 -1 0 0
115.11982570806107 287.80130718954246 -1 0 0
131.00130718954253 284.48278867102397 -1 0 0
151.86056644880182 286.14204793028324 -1 0 0
20.779084967320312 291.119825708061 -1 0 0
21.01612200435734 284.48278867102397 -1 0 0
14.853159041394377 284.0087145969499 -1 0 0
15.564270152505483 280.92723311546837 -1 0 0
19.59389978213511 281.1642701525054 -1 0 0
16.749455337690666 277.84575163398694 -1 0 0
22.6753812636166 277.6087145969499 -1 0 0
27.416122004357334 282.1124183006536 -1 0 0
27.416122004357334 279.7420479302832 -1 0 0
26.4679738562092 277.3716775599129 -1 0 0
29.31241830065364 278.082788671024 -1 0 0
30.497603485838823 279.26797385620915 -1 0 0
30.9716775599129 281.6383442265795 -1 0 0
44.71982570806106 275.2383442265795 -1 0 0
47.32723311546845 280.92723311546837 -1 0 0
50.171677559912894 275.47538126361655 -1 0 0
49.22352941176476 278.082788671024 -1 0 0
34.29019607843142 279.7420479302832 -1 0 0
32.86797385620919 278.319825708061 -1 0 0
31.445751633986976 275.7124183006536 -1 0 0
38.319825708061046 276.6605664488018 -1 0 0
37.13464052287586 278.55686274509804 -1 0 0
42.82352941176475 280.69019607843137 -1 0 0
42.112418300653644 277.84575163398694 -1 0 0
36.897603485838815 281.1642701525054 -1 0 0
40.69019607843141 279.7420479302832 -1 0 0
39.979084967320304 280.69019607843137 -1 0 0
42.82352941176475 277.1346405228758 -1 0 0
64.63093681917216 275.00130718954244 -1 0 0
56.09760348583883 279.7420479302832 -1 0 0
58.230936819172165 278.082788671024 -1 0 0
49.69760348583882 281.87538126361653 -1 0 0
118.43834422657956 320.7494553376906 -1 0 0
113.69760348583883 316.48278867102397 -1 0 0
394.6423772306124 248.48453507277043 -1 0 0
54.3107088989442 278.5344851227204 -1 0 0
94.59042917866448 276.23278682102216 -1 0 0
54.84582595580038 281.5214112400812 -1 0 0
