608.8941899340382 548.1384295653745 -1 0 0
566.424143851089 521.0047890123791 -1 0 0
697.3734526068494 411.29050329809337 -1 0 0
660.8020240354208 446.6822083672178 -1 0 0
778.7743742658355 427.80663233035153 -1 0 0
844.8388903948678 548.1384295653745 -1 0 0
949.834282099937 433.70524984187216 -1 0 0
972.2490286437159 394.7743742658353 -1 0 0
994.6637751874945 190.68220836721778 -1 0 0
927.4195355561582 201.2997198879551 -1 0 0
879.0508719616881 227.2536369386463 -1 0 0
856.6361254179093 215.45640191560489 -1 0 0
805.9080148188309 230.7928074455588 -1 0 0
807.087738321135 288.599259058462 -1 0 0
729.2259871690615 234.33197795247128 -1 0 0
638.387277491642 289.7789825607662 -1 0 0
625.4103189662964 260.2858950031625 -1 0 0
567.6038673533931 299.2167705791993 -1 0 0
608.8941899340382 223.71446643173394 -1 0 0
650.1845125146835 226.0739134363422 -1 0 0
552.2674618234391 221.35501942712565 -1 0 0
513.3365862474022 217.8158489202131 -1 0 0
488.56239269901516 242.59004246860022 -1 0 0
443.7328996114576 230.7928074455588 -1 0 0
421.31815306767885 268.5439595192915 -1 0 0
334.01861389717186 263.8250655100749 -1 0 0
299.8066323303517 267.3642360169873 -1 0 0
236.10156320592768 285.0600885515496 -1 0 0
205.42875214601978 298.03704707689525 -1 0 0
115.76976597090456 433.70524984187216 -1 0 0
109.87114845938385 370.00018071744825 -1 0 0
56.78359085569722 227.2536369386463 -1 0 0
72.11999638565113 217.8158489202131 -1 0 0
23.751332791180996 206.3135447727478 -1 0 0
63.27207011836995 160.30432818288602 -1 0 0
84.50709315984462 159.12460468058185 -1 0 0
97.48405168519022 161.4840516851902 -1 0 0
108.69142495707962 164.43336044095054 -1 0 0
164.13842956537454 177.4103189662962 -1 0 0
151.751332791181 152.04626366675697 -1 0 0
189.5024848649137 186.2582452335773 -1 0 0
234.33197795247133 181.5393512243607 -1 0 0
269.13382127044366 181.5393512243607 -1 0 0
223.71446643173402 227.54856781422242 -1 0 0
284.47022680039754 199.2352037589229 -1 0 0
297.44718532574325 189.20755398933764 -1 0 0
345.8158489202133 202.77437426583535 -1 0 0
401.2628535285082 193.92644799855424 -1 0 0
355.2536369386465 164.43336044095054 -1 0 0
311.603867353393 159.12460468058185 -1 0 0
254.97713924279395 149.68681666214866 -1 0 0
277.39188578657274 125.50248486491367 -1 0 0
190.09234661606584 140.24902864371552 -1 0 0
197.76054938104278 127.86193186952197 -1 0 0
134.64534200777084 138.4794433902593 -1 0 0
118.12921297551281 136.70985813680306 -1 0 0
100.43336044095058 123.73289961145743 -1 0 0
67.99096412758652 143.1983373994759 -1 0 0
74.47944339025936 121.96331435800123 -1 0 0
60.32276136260956 121.37345260684913 -1 0 0
43.806632330351505 110.75594108611185 -1 0 0
65.63151712297822 97.18912080961417 -1 0 0
87.45640191560497 104.8573235745911 -1 0 0
96.89418993403817 96.59925905846207 -1 0 0
108.10156320592753 104.8573235745911 -1 0 0
122.25824523357728 108.98635583265558 -1 0 0
151.16147104002894 113.70524984187217 -1 0 0
138.18451251468332 97.18912080961417 -1 0 0
35.54856781422246 61.20755398933761 -1 0 0
28.470226800397594 101.31815306767864 -1 0 0
19.032438781964398 90.11077979578926 -1 0 0
2.5163097497063385 92.47022680039755 -1 0 0
16.083130026204042 117.83428209993671 -1 0 0
9.594650763531236 124.32276136260953 -1 0 0
26.110779795789295 144.37806090178003 -1 0 0
13.133821270443649 143.1983373994759 -1 0 0
3.1061715008583954 152.63612541790908 -1 0 0
29.649950302701743 164.43336044095054 -1 0 0
194.81124062528235 106.03704707689525 -1 0 0
204.8388903948677 104.8573235745911 -1 0 0
207.78819915062803 93.06008855154961 -1 0 0
201.2997198879552 80.08313002620399 -1 0 0
218.40571067136537 89.52091804463717 -1 0 0
225.48405168519025 96.59925905846207 -1 0 0
229.02322219210268 84.8020240354206 -1 0 0
237.28128670823176 100.72829131652657 -1 0 0
243.76976597090453 93.64995030270167 -1 0 0
253.20755398933773 99.54856781422242 -1 0 0
244.9494894732087 144.96792265293212 -1 0 0
276.8020240354207 90.11077979578926 -1 0 0
261.46561850546675 83.03243878196436 -1 0 0
288.59925905846217 97.7789825607662 -1 0 0
298.9218397036234 99.84349868979847 -1 0 0
311.603867353393 99.84349868979847 -1 0 0
316.61769223818567 98.36884431191827 -1 0 0
329.8895816391073 111.64073371283995 -1 0 0
323.40110237643455 134.6453420077708 -1 0 0
368.5255263395682 121.96331435800123 -1 0 0
376.1937291045452 110.75594108611182 -1 0 0
386.8112406252825 124.61769223818554 -1 0 0
427.51170145477556 114.88497334417634 -1 0 0
349.94488117827785 80.08313002620397 -1 0 0
293.3181530676788 67.99096412758648 -1 0 0
297.7421162013193 82.44257703081229 -1 0 0
285.9448811782778 83.32736965754039 -1 0 0
461.7236830215957 135.53013463449895 -1 0 0
505.0785217312732 113.70524984187222 -1 0 0
493.5762175838077 104.8573235745911 -1 0 0
482.36884431191834 76.83889039486762 -1 0 0
519.2352037589229 126.68220836721785 -1 0 0
549.3181530676787 132.58082587873858 -1 0 0
579.9909641275865 114.88497334417636 -1 0 0
427.5117014547754 191.861931869522 -1 0 0
505.96331435800124 76.54395951929156 -1 0 0
651.3642360169874 113.11538809072012 -1 0 0
682.6269088280474 130.81124062528232 -1 0 0
712.7098581368033 147.03243878196437 -1 0 0
727.456401915605 118.42414385108877 -1 0 0
718.9034065239 109.57621758380768 -1 0 0
708.2858950031626 85.39188578657266 -1 0 0
702.977139242794 76.83889039486759 -1 0 0
755.4748350953284 69.17068762989064 -1 0 0
777.5946507635314 69.17068762989064 -1 0 0
808.5623926990152 120.193729104545 -1 0 0
793.8158489202134 116.9494894732086 -1 0 0
749.8711484593839 93.35501942712564 -1 0 0
752.5255263395683 129.33658624740215 -1 0 0
830.6822083672179 137.15225445016716 -1 0 0
876.1015632059275 103.23520375892292 -1 0 0
893.2075539893377 98.81124062528237 -1 0 0
872.5623926990152 76.69142495707958 -1 0 0
924.4702268003977 79.64073371283995 -1 0 0
931.2536369386464 67.54856781422245 -1 0 0
947.7697659709046 62.829673805005854 -1 0 0
960.156862745098 74.33197795247128 -1 0 0
939.8066323303515 122.99557242251736 -1 0 0
1015.8987982289691 123.8803650492455 -1 0 0
1013.2444203487847 76.39649408150356 -1 0 0
1002.9218397036234 57.225987169061156 -1 0 0
977.5577844040843 68.13842956537451 -1 0 0
992.599259058462 15.640733712839944 -1 0 0
920.6361254179092 67.54856781422245 -1 0 0
147.62230053311657 277.9817475377247 -1 0 0
