489.7153043035396 732.6243952126306 -1 0 0
323.8971224853578 692.7282913165267 -1 0 0
599.4295900178253 602.9620575502929 -1 0 0
557.039979628215 505.71530430353965 -1 0 0
527.117901706137 444.6243952126305 -1 0 0
677.97504456328 376.052966641202 -1 0 0
696.6763432645787 322.44257703081234 -1 0 0
261.5594601476954 462.078940667176 -1 0 0
123.16984975808501 425.92309651133195 -1 0 0
53.35166793990314 428.41660300483835 -1 0 0
22.182836771071987 419.68933027756566 -1 0 0
14.70231729055248 339.8971224853578 -1 0 0
72.05296664120189 391.01400560224096 -1 0 0
72.05296664120189 362.33868092691625 -1 0 0
123.16984975808501 364.83218742042277 -1 0 0
145.61140819964345 382.2867328749682 -1 0 0
51.342560164561725 122.34475277714391 -1 0 0
62.8183570949041 126.17001842059139 -1 0 0
83.03761835312639 125.07708537960639 -1 0 0
45.33142843914429 140.37814795339625 -1 0 0
30.576832385846934 153.4933444452161 -1 0 0
39.86676323421935 167.15500745752846 -1 0 0
55.714292328501685 193.3854004411682 -1 0 0
16.368702853042052 213.05819517889802 -1 0 0
18.55456893501205 249.12498553140264 -1 0 0
21.286901537474517 289.5635080478473 -1 0 0
44.23849539815931 292.8423071708022 -1 0 0
88.50228355805136 257.8684498592825 -1 0 0
81.94468531214142 283.5523763224298 -1 0 0
110.90741089824364 241.47445424450768 -1 0 0
146.97420125074825 314.15450147000945 -1 0 0
114.73267654169109 367.708220478274 -1 0 0
197.79558765655023 331.6414301257693 -1 0 0
201.62085329999775 308.6898362650846 -1 0 0
179.76219248029795 273.1695124330723 -1 0 0
171.5651946729105 256.77551681829755 -1 0 0
158.44999818109065 227.81279123219537 -1 0 0
101.61748004987122 143.11048055585871 -1 0 0
121.8367413080935 140.37814795339625 -1 0 0
133.31253823843588 126.71648494108386 -1 0 0
154.07826601715067 108.68308976483155 -1 0 0
150.7994668941957 129.99528406403886 -1 0 0
183.5874581237454 123.9841523386214 -1 0 0
198.34205417704277 170.4338065804834 -1 0 0
176.48339335734298 172.6196726624534 -1 0 0
190.6915228901478 195.57126652313818 -1 0 0
200.52792025901275 215.24406126086797 -1 0 0
199.43498721802771 202.67533128954062 -1 0 0
205.99258546393767 251.8573181338651 -1 0 0
211.4572506688626 273.1695124330723 -1 0 0
241.5129092959498 272.0765793920874 -1 0 0
254.62810578776967 284.6453093634148 -1 0 0
250.80284014432223 310.32923582656207 -1 0 0
245.88464145988976 358.41828962990155 -1 0 0
280.3120322509169 359.5112226708865 -1 0 0
236.0482440910249 109.22955628532402 -1 0 0
215.28251631231012 122.34475277714391 -1 0 0
231.13004540659244 131.63468362551632 -1 0 0
249.1634405828447 137.64581535093376 -1 0 0
261.7321705541721 153.4933444452161 -1 0 0
244.24524189841227 195.0248000026457 -1 0 0
261.1857040336796 203.22179781003308 -1 0 0
268.8362353205745 246.93911944943267 -1 0 0
289.6019630992893 224.5339921092404 -1 0 0
360.09614424282114 377.54461784713885 -1 0 0
392.33766895187836 368.80115351925895 -1 0 0
400.5346667592657 304.8645706216371 -1 0 0
383.59420462399845 285.7382424043998 -1 0 0
403.81346588222067 257.8684498592825 -1 0 0
356.2708785993737 220.16225994530043 -1 0 0
362.82847684528366 207.59352997397306 -1 0 0
421.84686105847305 198.85006564609316 -1 0 0
316.37882260342155 189.56013479772074 -1 0 0
305.44949219357176 180.27020394934834 -1 0 0
344.2486151485388 173.1661391829459 -1 0 0
358.45674468134365 162.23680877309602 -1 0 0
411.46399716911566 160.59740921161853 -1 0 0
422.93979409945797 115.2406880107415 -1 0 0
416.9286623740406 117.42655409271148 -1 0 0
434.4155910298004 104.8578241213841 -1 0 0
389.60533634941584 133.8205497074863 -1 0 0
372.6648742141485 115.2406880107415 -1 0 0
348.07388079198626 112.50835540827899 -1 0 0
330.040485615734 141.47108099438123 -1 0 0
319.65762172637653 129.99528406403886 -1 0 0
312.0070904394816 132.1811501460088 -1 0 0
304.9030256730791 102.12549151892159 -1 0 0
201.93186696166063 42.2621081490447 -1 0 0
213.72947195407085 32.90538694816767 -1 0 0
184.0320524904176 65.45050416860956 -1 0 0
220.64530936341473 41.448480218533675 -1 0 0
239.76556573042433 36.566712635467375 -1 0 0
261.73351985422266 29.65087522612346 -1 0 0
288.1764275958317 20.29415402524643 -1 0 0
339.8418011832832 2.394339554003369 -1 0 0
295.0922650051756 25.582735573568225 -1 0 0
284.9219158737875 42.2621081490447 -1 0 0
265.80165950677787 36.566712635467375 -1 0 0
244.64733331349063 44.296177975322315 -1 0 0
275.15838070765494 61.78917848130985 -1 0 0
286.5491717348096 66.67094606437614 -1 0 0
318.68747498999596 93.92748173649623 -1 0 0
336.587289461239 75.62085329999763 -1 0 0
336.1804754959835 59.3482946897767 -1 0 0
352.85984807145996 55.28015503722146 -1 0 0
374.42098823000276 58.127852794010145 -1 0 0
373.60736029949175 67.07776002963168 -1 0 0
391.10036080547917 69.51864382116479 -1 0 0
424.05229199117673 97.99562138905148 -1 0 0
435.8498969835869 81.7230627788305 -1 0 0
424.05229199117673 54.4665271067104 -1 0 0
411.847873033511 52.432457280432786 -1 0 0
402.8979657978894 8.496549032836223 -1 0 0
405.7456635546781 5.242037310792048 -1 0 0
423.2386640606656 4.021595415025492 -1 0 0
422.83185009541006 16.63282833794673 -1 0 0
442.76573439293077 8.089735067580726 -1 0 0
454.1565254200855 34.12582884393423 -1 0 0
461.8859907599403 28.837247295612435 -1 0 0
475.71766557862816 26.803177469334816 -1 0 0
487.1084566057829 30.05768919137899 -1 0 0
481.819875057461 47.14387573211099 -1 0 0
472.8699678218395 59.3482946897767 -1 0 0
445.61343214971936 51.21201538466623 -1 0 0
475.71766557862816 137.04976205358176 -1 0 0
489.54934039731603 133.38843636628206 -1 0 0
468.8018281692843 189.1219496062888 -1 0 0
451.3088276632967 197.6650428766548 -1 0 0
487.92208453629394 189.52876357154432 -1 0 0
457.00422317687406 244.44864888104001 -1 0 0
525.9602022627232 195.91938593619275 -1 0 0
511.5334861217214 188.305285750664 -1 0 0
514.3386809269161 167.06595365418906 -1 0 0
507.92680708647094 17.989886863836492 -1 0 0
500.31270690094215 30.412892429699223 -1 0 0
507.12532285641527 40.431445305394966 -1 0 0
531.169849758085 15.184692058641696 -1 0 0
547.600276474226 19.592855323947813 -1 0 0
561.6262505002001 13.581723598530374 -1 0 0
542.3906289788642 29.210666084615713 -1 0 0
525.1587180326676 48.84702972097936 -1 0 0
548.8025028193094 42.435155880534104 -1 0 0
588.8767143220924 20.795081669031287 -1 0 0
590.078940667176 29.210666084615713 -1 0 0
598.8952671977883 42.03441376550626 -1 0 0
600.4982356578995 74.0937829677326 -1 0 0
542.791371093892 95.33311506420759 -1 0 0
561.6262505002001 113.76725235548774 -1 0 0
587.674487977009 140.21623194732447 -1 0 0
586.8730037469534 217.1587180326677 -1 0 0
667.0214267525192 148.23107424788108 -1 0 0
663.014005602241 188.305285750664 -1 0 0
697.878569609662 145.42587944268624 -1 0 0
622.939794099458 3.162428607806813 -1 0 0
630.9546364000145 11.578013023391238 -1 0 0
539.5854341736695 12.3794972534469 -1 0 0
640.9731892757103 44.83960857070105 -1 0 0
633.7598312052094 40.431445305394966 -1 0 0
660.2088107970461 52.45370875622985 -1 0 0
661.8117792571575 9.574302448252068 -1 0 0
679.4444323183819 8.772818218196406 -1 0 0
682.2496271235767 13.581723598530374 -1 0 0
698.2793117246899 18.390628978864342 -1 0 0
699.0807959547456 2.360944377751152 -1 0 0
716.3127069009423 24.802502819309595 -1 0 0
726.3312597766379 37.626250500200136 -1 0 0
766.8062133944488 32.41660300483836 -1 0 0
734.7468441922224 8.772818218196406 -1 0 0
805.5525449849362 3.659561345199144 -1 0 0
844.8905446476111 3.120684637491293 -1 0 0
869.1399964944655 14.43709549935667 -1 0 0
999.5481597597717 38.14767063850327 -1 0 0
999.0092830520639 66.70813614702074 -1 0 0
960.7490368048045 41.919807592458405 -1 0 0
959.132406681681 84.49106750138066 -1 0 0
954.8213930200179 109.279396055943 -1 0 0
965.5989271741755 136.22323144133685 -1 0 0
988.7706256056142 108.74051934823511 -1 0 0
846.5071747707347 100.65736873261694 -1 0 0
792.0806272922391 58.086108823694694 -1 0 0
510.9101094983448 247.63738222561753 -1 0 0
488.46855105678634 270.07894066717597 -1 0 0
473.5075120957475 278.8062133944487 -1 0 0
459.7932263814617 332.41660300483835 -1 0 0
457.2997198879552 318.7023172905526 -1 0 0
452.3127069009422 362.33868092691625 -1 0 0
988.8641554523907 7.189829778065163 -1 0 0
547.2605416748642 251.661879467506 -1 0 0
579.7956587317202 88.55820053774008 -1 0 0
831.9428159223559 3.367565086235046 -1 0 0
