20.4316719054035 612.065259691663 -1 0 0
197.77518335578517 685.3477024397546 -1 0 0
10.172129920670676 401.01182457715913 -1 0 0
5.775183355785118 270.56907648555614 -1 0 0
74.66067953899127 357.04235892830417 -1 0 0
111.30190091303709 332.12632839395303 -1 0 0
108.37060320311338 305.74464900464005 -1 0 0
171.3935039664722 263.240832210747 -1 0 0
171.3935039664722 220.7370154168538 -1 0 0
222.69121389013634 154.7828169435713 -1 0 0
228.55380930998368 283.75991618021254 -1 0 0
219.75991618021263 230.99655740158664 -1 0 0
194.8438856458615 251.51564137105228 -1 0 0
218.29426732525084 354.1110612183805 -1 0 0
246.1415955695256 342.38587037868587 -1 0 0
313.5614428977699 274.96602305044155 -1 0 0
339.94312228708293 352.6454123634187 -1 0 0
363.3935039664721 339.4545726687622 -1 0 0
419.0881604550218 362.90495434815153 -1 0 0
543.6683131267775 595.9431222870828 -1 0 0
517.2866337374645 373.16449633288437 -1 0 0
487.9736566382279 342.38587037868587 -1 0 0
468.9202215237241 280.8286184702889 -1 0 0
454.26373297410584 220.7370154168538 -1 0 0
389.7751833557852 210.47747343212097 -1 0 0
209.86678640922034 103.11869480616673 -1 0 0
195.210297859602 105.3171680886095 -1 0 0
160.03472534051804 113.37823679089956 -1 0 0
146.11106121838063 108.98129022601407 -1 0 0
178.35533602754091 151.48510701990722 -1 0 0
205.46983984433484 123.63777877563238 -1 0 0
214.2637329741058 145.62251160005988 -1 0 0
241.3782367908997 128.76754976799882 -1 0 0
249.4393054931898 105.3171680886095 -1 0 0
242.11106121838063 95.7904505313576 -1 0 0
273.62251160006 100.18739709624307 -1 0 0
272.8896871725791 59.14922915731178 -1 0 0
278.0194581649455 67.94312228708276 -1 0 0
294.1415955695257 67.21029785960182 -1 0 0
290.47747343212114 100.18739709624307 -1 0 0
298.53854213441116 97.98892381380031 -1 0 0
318.3248016763959 113.37823679089956 -1 0 0
341.04235892830434 108.98129022601407 -1 0 0
317.591977248915 158.08052686723545 -1 0 0
286.08052686723556 154.41640472983087 -1 0 0
291.21029785960195 145.62251160005988 -1 0 0
302.2026642718157 195.45457266876218 -1 0 0
359.3629696153272 173.4698398443347 -1 0 0
449.5003741954799 162.47747343212095 -1 0 0
498.5996108367013 209.3782367908996 -1 0 0
509.591977248915 188.126328393953 -1 0 0
507.3935039664723 250.41640472983087 -1 0 0
554.2942673252509 154.41640472983087 -1 0 0
526.4469390809761 150.7522825924263 -1 0 0
507.3935039664723 145.62251160005988 -1 0 0
499.33243526418215 98.72174824128126 -1 0 0
511.79045053135775 110.44693908097592 -1 0 0
524.9812902260142 105.3171680886095 -1 0 0
539.6377787756326 141.9583894626553 -1 0 0
557.9583894626554 137.5614428977698 -1 0 0
571.8820535847929 147.0881604550217 -1 0 0
583.6072444244875 141.9583894626553 -1 0 0
577.0118245771592 113.37823679089956 -1 0 0
583.6072444244875 103.85151923364766 -1 0 0
566.0194581649456 131.6988474779225 -1 0 0
571.8820535847929 231.36296961532707 -1 0 0
595.3324352641821 372.7980841191439 -1 0 0
645.8973207603653 344.21793144738814 -1 0 0
667.8820535847929 356.6759467145637 -1 0 0
648.095794042808 429.9583894626553 -1 0 0
709.6530459512051 495.9125879359378 -1 0 0
755.8209848825028 391.8515192336477 -1 0 0
755.8209848825028 469.5309085466248 -1 0 0
799.0576261038767 518.6301451878462 -1 0 0
790.9965574015868 563.3324352641821 -1 0 0
902.385870378686 608.7675497679988 -1 0 0
803.6988474779225 320.0347253405179 -1 0 0
793.4393054931896 298.78281694357133 -1 0 0
784.6454123634187 280.4622062565484 -1 0 0
756.7980841191439 238.69121389013623 -1 0 0
630.7522825924262 121.43930549318964 -1 0 0
610.9660230504415 101.65304595120487 -1 0 0
671.7904505313576 136.8286184702889 -1 0 0
662.2637329741057 142.6912138901362 -1 0 0
642.477473432121 158.81335129471634 -1 0 0
625.6225116000599 161.74464900464002 -1 0 0
652.0041909893728 155.1492291573118 -1 0 0
668.8591528214339 164.67594671456368 -1 0 0
701.1034276305942 138.2942673252507 -1 0 0
688.6454123634187 168.34006885196825 -1 0 0
783.1797635084569 129.50037419547974 -1 0 0
778.7828169435713 144.88968717257896 -1 0 0
757.5309085466248 150.75228259242633 -1 0 0
756.065259691663 164.67594671456368 -1 0 0
762.6606795389912 181.53090854662477 -1 0 0
755.3324352641819 191.0576261038767 -1 0 0
822.7522825924262 153.68358030234992 -1 0 0
818.3553360275408 143.42403831761712 -1 0 0
802.2331986229607 188.8591528214339 -1 0 0
824.9507558748692 180.06525969166293 -1 0 0
806.6301451878461 175.66831312677743 -1 0 0
804.4316719054035 232.09579404280797 -1 0 0
799.3019009130369 218.17212992067056 -1 0 0
819.8209848825026 205.714114653495 -1 0 0
833.74464900464 202.78281694357133 -1 0 0
852.065259691663 173.46983984433467 -1 0 0
874.7828169435713 158.08052686723542 -1 0 0
896.034725340518 148.55380930998354 -1 0 0
913.6225116000599 161.74464900464002 -1 0 0
883.5767100733424 183.72938182906748 -1 0 0
883.5767100733424 166.14159556952555 -1 0 0
899.6988474779225 197.65304595120492 -1 0 0
904.8286184702889 226.23319862296066 -1 0 0
903.3629696153271 259.94312228708276 -1 0 0
864.5232749588384 283.3935039664721 -1 0 0
922.4164047298309 326.63014518784615 -1 0 0
852.065259691663 412.3706032031133 -1 0 0
939.2713665618919 195.45457266876218 -1 0 0
945.8667864092203 222.56907648555605 -1 0 0
953.9278551115102 252.61487801227358 -1 0 0
931.9431222870828 267.2713665618919 -1 0 0
995.6988474779223 334.69121389013617 -1 0 0
972.2484657985333 388.920221523724 -1 0 0
979.5767100733424 232.8286184702889 -1 0 0
971.5156413710523 213.04235892830414 -1 0 0
969.3171680886096 182.26373297410566 -1 0 0
952.4622062565485 158.08052686723542 -1 0 0
988.3706032031132 119.2408322107469 -1 0 0
1014.7522825924262 100.92022152372402 -1 0 0
1008.156862745098 155.88205358479271 -1 0 0
1015.4851070199071 186.66067953899116 -1 0 0
1011.0881604550217 207.1797635084568 -1 0 0
1005.9583894626552 245.28663373746446 -1 0 0
1021.3477024397546 251.88205358479271 -1 0 0
996.5538093099838 617.9278551115103 -1 0 0
830.9354886992965 222.20266427181565 -1 0 0
