57.07156328956262 391.1260097505426 -1 0 0
91.91729831678586 361.8555923276752 -1 0 0
136.5198391516316 269.8628518558059 -1 0 0
167.18408597558815 161.14415857086937 -1 0 0
268.93363225507983 311.6777338884737 -1 0 0
229.90640902458992 449.66684459627766 -1 0 0
342.8065905127932 463.605138607167 -1 0 0
405.52891356179504 583.474467100815 -1 0 0
437.5869897868404 405.06430376143203 -1 0 0
411.1042311661507 235.01711682858263 -1 0 0
324.6868082986371 239.1986050318494 -1 0 0
426.436354578129 133.26757054909075 -1 0 0
472.43272481406365 140.23671755453546 -1 0 0
570.0007828902886 147.20586455998009 -1 0 0
484.97718942386405 194.5960641970037 -1 0 0
581.1514180990001 297.7394398775844 -1 0 0
656.4182057578023 446.87918579409984 -1 0 0
723.3220170100709 304.70858688302906 -1 0 0
726.1096758122488 218.29116401551548 -1 0 0
680.1133055763141 184.83925838938111 -1 0 0
797.1949752677841 327.009857300452 -1 0 0
844.5851749048078 442.69769759083306 -1 0 0
967.2421622006336 297.7394398775844 -1 0 0
967.2421622006336 253.1368990427387 -1 0 0
976.9989680082563 9.216753852176028 -1 0 0
720.5343582078931 13.398242055442882 -1 0 0
698.2330877904702 3.641436247820321 -1 0 0
651.0807959547454 235.97133398814074 -1 0 0
