957.2477718360072 195.1179017061369 -1 0 0
952.2607588489941 201.6633562515915 -1 0 0
947.2737458619812 201.35166793990314 -1 0 0
942.5984211866565 197.61140819964342 -1 0 0
927.6373822256176 194.4945250827603 -1 0 0
922.0269926152279 195.1179017061369 -1 0 0
916.7282913165266 199.48153806977328 -1 0 0
907.3776419658772 194.18283677107198 -1 0 0
899.8971224853577 195.42959001782526 -1 0 0
897.0919276801629 192.0010185892538 -1 0 0
886.1828367710721 197.61140819964342 -1 0 0
882.7542653425006 198.54647313470838 -1 0 0
879.6373822256176 201.35166793990314 -1 0 0
884.9360835243189 208.208810797046 -1 0 0
895.5334861217215 206.0269926152278 -1 0 0
909.8711484593838 205.09192768016288 -1 0 0
922.3386809269163 206.33868092691617 -1 0 0
927.3256939139292 209.45556404379928 -1 0 0
931.3776419658774 205.09192768016288 -1 0 0
940.4166030048383 207.27374586198107 -1 0 0
958.8062133944487 203.84517443340965 -1 0 0
970.6503692386045 207.89712248535773 -1 0 0
962.8581614463967 207.27374586198107 -1 0 0
981.2477718360072 204.15686274509795 -1 0 0
967.8451744334099 198.85816144639665 -1 0 0
971.5854341736695 226.9101094983447 -1 0 0
867.1698497580851 207.89712248535773 -1 0 0
862.1828367710721 203.53348612172132 -1 0 0
844.4166030048383 214.44257703081223 -1 0 0
846.2867328749682 223.16984975808498 -1 0 0
875.8971224853577 233.45556404379928 -1 0 0
884.6243952126305 237.81920040743563 -1 0 0
1005.5594601476954 279.27374586198107 -1 0 0
988.7282913165266 295.4815380697733 -1 0 0
910.8062133944487 271.169849758085 -1 0 0
900.8321874204227 279.27374586198107 -1 0 0
999.014005602241 296.7282913165265 -1 0 0
857.5075120957474 272.7282913165265 -1 0 0
838.4945250827603 271.169849758085 -1 0 0
830.7023172905526 260.2607588489941 -1 0 0
822.9101094983448 211.63738222561744 -1 0 0
812.0010185892539 203.84517443340965 -1 0 0
796.4166030048383 199.48153806977328 -1 0 0
795.7932263814616 206.65036923860444 -1 0 0
783.9490705373057 209.45556404379928 -1 0 0
815.117901706137 244.05296664120186 -1 0 0
792.0529666412019 278.02699261522787 -1 0 0
771.1698497580851 243.42959001782526 -1 0 0
1003.1698497580851 318.7023172905525 -1 0 0
973.8711484593838 350.49452508276033 -1 0 0
920.8841354723708 361.09192768016294 -1 0 0
761.5075120957475 216.15686274509792 -1 0 0
744.6763432645787 219.27374586198104 -1 0 0
741.5594601476955 214.2867328749681 -1 0 0
732.8321874204228 226.1308887191239 -1 0 0
722.2347848230202 218.65036923860444 -1 0 0
686.7023172905526 223.63738222561744 -1 0 0
671.7412783295138 228.0010185892538 -1 0 0
667.3776419658774 214.2867328749681 -1 0 0
662.3906289788644 241.09192768016285 -1 0 0
650.5464731347085 234.85816144639665 -1 0 0
654.2867328749682 231.74127832951353 -1 0 0
624.3646549528903 239.84517443340965 -1 0 0
645.8711484593839 254.0269926152278 -1 0 0
603.4815380697735 242.49452508276028 -1 0 0
593.8192004074357 246.8581614463966 -1 0 0
607.5334861217215 256.83218742042254 -1 0 0
636.2088107970462 273.0399796282148 -1 0 0
633.7153043035397 267.4295900178252 -1 0 0
686.7023172905527 232.83218742042257 -1 0 0
700.1049146931501 239.0659536541888 -1 0 0
718.4945250827604 232.83218742042257 -1 0 0
757.1438757321112 241.55946014769532 -1 0 0
745.9230965113319 254.6503692386044 -1 0 0
738.4425770308125 269.6114081996434 -1 0 0
748.1049146931501 272.4166030048382 -1 0 0
739.3776419658774 280.208810797046 -1 0 0
689.5075120957475 298.91010949834464 -1 0 0
677.6633562515916 308.5724471606823 -1 0 0
581.6633562515916 297.3516679399031 -1 0 0
586.9620575502929 321.66335625159144 -1 0 0
737.5075120957475 220.67634326457843 -1 0 0
872.4685510567863 414.70231729055246 -1 0 0
841.2997198879553 423.42959001782526 -1 0 0
845.0399796282151 382.2867328749681 -1 0 0
803.8971224853577 371.06595365418895 -1 0 0
684.2088107970462 353.61140819964345 -1 0 0
666.7542653425006 347.3776419658772 -1 0 0
557.039979628215 323.6893302775655 -1 0 0
513.4036159918512 297.50751209574736 -1 0 0
507.169849758085 285.03997962821484 -1 0 0
503.4295900178253 256.3646549528902 -1 0 0
479.7412783295137 257.6114081996434 -1 0 0
594.130888719124 123.74127832951359 -1 0 0
627.7932263814616 120.93608352431876 -1 0 0
637.7672523554877 124.05296664120188 -1 0 0
598.1828367710721 168.62439521263047 -1 0 0
577.6114081996434 164.5724471606824 -1 0 0
572.3127069009421 171.74127832951362 -1 0 0
558.9101094983448 182.02699261522787 -1 0 0
502.18283677107206 188.2607588489941 -1 0 0
469.7672523554875 207.42959001782526 -1 0 0
436.10491469315 223.01400560224087 -1 0 0
423.01400560224084 221.76725235548764 -1 0 0
442.33868092691614 302.8062133944486 -1 0 0
445.45556404379926 288.4685510567862 -1 0 0
434.85816144639665 252.31270690094206 -1 0 0
409.9230965113317 241.71530430353948 -1 0 0
418.0269926152278 259.7932263814615 -1 0 0
409.2997198879551 282.8581614463966 -1 0 0
407.4295900178252 292.83218742042266 -1 0 0
398.70231729055246 277.247771836007 -1 0 0
371.27374586198107 290.3386809269161 -1 0 0
363.7932263814616 284.10491469314985 -1 0 0
353.8192004074356 271.0140056022408 -1 0 0
310.80621339444855 276.00101858925376 -1 0 0
291.48153806977325 254.18283677107195 -1 0 0
221.03997962821478 265.40361599185115 -1 0 0
316.41660300483824 319.0140056022408 -1 0 0
323.89712248535767 332.10491469314985 -1 0 0
410.5464731347083 302.8062133944486 -1 0 0
495.94907053730583 487.0140056022409 -1 0 0
524.6243952126306 506.9620575502928 -1 0 0
411.169849758085 533.143875732111 -1 0 0
382.4945250827604 488.2607588489941 -1 0 0
346.33868092691614 504.46855105678634 -1 0 0
367.5334861217214 561.8192004074357 -1 0 0
298.96205755029285 535.6373822256174 -1 0 0
209.19582378405903 479.5334861217214 -1 0 0
156.83218742042263 440.88413547237076 -1 0 0
80.78023936847461 462.0789406671759 -1 0 0
183.01400560224084 624.156862745098 -1 0 0
126.91010949834477 594.23478482302 -1 0 0
77.03997962821485 620.4166030048383 -1 0 0
52.10491469314993 614.1828367710721 -1 0 0
4.728291316526569 575.5334861217214 -1 0 0
33.40361599185124 414.70231729055246 -1 0 0
10.9620575502928 399.7412783295136 -1 0 0
164.31270690094215 388.5204991087343 -1 0 0
143.117901706137 379.79322638146164 -1 0 0
111.94907053730576 326.182836771072 -1 0 0
93.24777183600706 328.6763432645785 -1 0 0
74.54647313470838 296.26075884899416 -1 0 0
69.55946014769535 283.79322638146164 -1 0 0
89.50751209574732 278.8062133944486 -1 0 0
123.16984975808501 266.33868092691614 -1 0 0
156.83218742042263 265.09192768016294 -1 0 0
151.84517443340968 256.3646549528902 -1 0 0
99.48153806977336 281.4555640437993 -1 0 0
71.42959001782529 277.71530430353954 -1 0 0
8.156862745098021 321.9750445632798 -1 0 0
