45.34770243975464 595.9431222870828 -1 0 0
7.24083221074697 462.5690764855561 -1 0 0
172.85915282143404 326.2637329741057 -1 0 0
222.69121389013634 364.3706032031133 -1 0 0
237.34770243975464 475.7599161802125 -1 0 0
259.3324352641821 332.12632839395303 -1 0 0
350.2026642718157 329.19503068402935 -1 0 0
376.5843436611286 540.2484657985332 -1 0 0
408.828618470289 462.5690764855561 -1 0 0
558.3248016763959 609.1339619817394 -1 0 0
495.301900913037 415.6683131267774 -1 0 0
550.9965574015866 332.12632839395303 -1 0 0
556.8591528214339 282.29426732525076 -1 0 0
514.355336027541 280.8286184702889 -1 0 0
663.8515192336479 415.6683131267774 -1 0 0
593.5003741954798 355.5767100733423 -1 0 0
659.4545726687621 267.6377787756324 -1 0 0
690.2331986229607 277.89732076036523 -1 0 0
798.6912138901363 406.87441999700644 -1 0 0
766.4469390809761 280.8286184702889 -1 0 0
838.2637329741059 304.2790001496782 -1 0 0
828.0041909893731 200.2179314473881 -1 0 0
874.9049543481515 187.02709175273162 -1 0 0
958.4469390809761 109.34770243975457 -1 0 0
992.1568627450984 103.48510701990716 -1 0 0
990.6912138901363 137.19503068402935 -1 0 0
973.1034276305944 329.19503068402935 -1 0 0
893.9583894626554 496.2790001496782 -1 0 0
1011.210297859602 553.4393054931896 -1 0 0
612.1873970962431 154.41640472983087 -1 0 0
586.538542134411 141.2255650351744 -1 0 0
520.5843436611286 136.095794042808 -1 0 0
544.7675497679988 183.72938182906753 -1 0 0
1016.4511771263691 199.22040789559975 -1 0 0
