557.6551754560093 271.34696398244336 -1 0 0
571.4774476719824 224.12086724453562 -1 0 0
645.1962328238383 356.00838130527796 -1 0 0
802.4245792805312 372.7102935662454 -1 0 0
838.1321158384615 258.6765477844681 -1 0 0
873.2637243873928 254.64505172147602 -1 0 0
915.8823970533095 198.78003484858513 -1 0 0
976.3548379981916 248.30984362248836 -1 0 0
922.2176051522972 110.08712146275838 -1 0 0
911.2749729813187 89.92964114779772 -1 0 0
951.5899336112399 85.32221707580673 -1 0 0
955.0455016652331 58.82952866185851 -1 0 0
981.5381900791814 35.21648029290458 -1 0 0
979.8104060521847 26.001632148922607 -1 0 0
934.3120933412737 3.540439797966446 -1 0 0
922.7935331612961 0.660799752972083 -1 0 0
913.5786850173142 8.723791878956357 -1 0 0
906.0916209003287 1.8126557709698567 -1 0 0
913.5786850173142 34.64055228390569 -1 0 0
884.7822845673704 26.577560157921493 -1 0 0
887.6619246123647 10.451575905952945 -1 0 0
869.2322283244007 11.603431923950719 -1 0 0
869.8081563333997 24.273848121925944 -1 0 0
850.2266040274379 24.84977613092483 -1 0 0
849.6506760184391 9.87564789695413 -1 0 0
786.8745230375616 1.8126557709698567 -1 0 0
751.1669864796314 6.996007851959695 -1 0 0
756.9262665696201 13.907143959946195 -1 0 0
770.1726107765942 34.64055228390569 -1 0 0
785.7226670195639 72.65180087783148 -1 0 0
788.0263790555595 94.53706521978872 -1 0 0
794.361587154547 123.90939367873138 -1 0 0
860.5933081894176 76.10736893182472 -1 0 0
882.4785725313749 66.89252078784271 -1 0 0
847.3469639824435 57.67767264386074 -1 0 0
716.6113059396989 69.19623282383823 -1 0 0
734.465074218664 81.86664902181349 -1 0 0
750.0151304616336 65.16473676084613 -1 0 0
747.1354904166393 35.21648029290458 -1 0 0
694.1501135887427 11.603431923950719 -1 0 0
705.0927457597214 40.39983237389449 -1 0 0
720.0668739936921 50.19060852687535 -1 0 0
720.0668739936921 95.1129932287876 -1 0 0
726.4020820926796 114.11861752575051 -1 0 0
672.8407772557844 29.457200202915853 -1 0 0
647.4999448598338 7.5719358609585825 -1 0 0
653.2592249498226 4.692295815964219 -1 0 0
638.2850967158519 1.2367277619709698 -1 0 0
629.6461765808687 0.660799752972083 -1 0 0
634.8295286618586 11.603431923950719 -1 0 0
615.8239043648956 7.5719358609585825 -1 0 0
606.6090562209138 6.996007851959695 -1 0 0
592.7867840049407 6.420079842960809 -1 0 0
586.4515759059531 12.179359932949605 -1 0 0
592.2108559959419 16.78678400494063 -1 0 0
593.3627120139396 44.43132843688663 -1 0 0
540.3773351860431 9.87564789695413 -1 0 0
515.0365027900926 9.87564789695413 -1 0 0
508.701294691105 1.8126557709698567 -1 0 0
491.4234544211387 26.577560157921493 -1 0 0
496.60680650212856 39.823904364895604 -1 0 0
483.9363903041533 59.98138467985621 -1 0 0
573.7811597079777 78.98700897681913 -1 0 0
631.9498886168642 96.84077725578422 -1 0 0
602.5775601579215 116.42232956174598 -1 0 0
504.093870619114 106.05562539976624 -1 0 0
934.8880213502725 370.40658153024987 -1 0 0
965.4122058272128 353.1287412602836 -1 0 0
456.2918458722071 6.996007851959695 -1 0 0
396.971260945323 120.45382562473812 -1 0 0
376.8137806303623 96.84077725578422 -1 0 0
369.32671651337694 81.86664902181349 -1 0 0
269.6911709565716 23.121992103928243 -1 0 0
276.60230706455815 19.666424049934992 -1 0 0
213.8261540836807 24.84977613092483 -1 0 0
292.1523633075277 196.47632281258961 -1 0 0
202.88352191270207 329.51569289132976 -1 0 0
183.30196960674036 361.76766139526677 -1 0 0
427.4954454222633 269.0432519464479 -1 0 0
429.22322944926 239.67092348750523 -1 0 0
467.81040605218465 320.8767727563466 -1 0 0
465.5066940161891 160.1928582456605 -1 0 0
362.41558040539053 487.24797635589664 -1 0 0
528.2828469970665 654.2670989655704 -1 0 0
923.3694611702947 595.5224420476851 -1 0 0
785.1467390105647 511.4369527338494 -1 0 0
1004.2873464346368 102.0241293367741 -1 0 0
997.3762103266503 59.98138467985621 -1 0 0
1015.8059066146144 47.88689649087988 -1 0 0
1007.1669864796312 3.540439797966446 -1 0 0
992.1928582456604 127.36496173272462 -1 0 0
65.11590370413907 426.61040919864456 -1 0 0
730.0509686392039 30.78223737047273 -1 0 0
681.9710485592839 14.414605002840307 -1 0 0
673.2757438639792 2.650369238604588 -1 0 0
706.0110085992438 7.253765842001216 -1 0 0
709.5914281796635 14.414605002840307 -1 0 0
739.7692503574856 3.6733462615816013 -1 0 0
459.47354606178135 81.45156803980333 -1 0 0
461.00801159624683 61.503516091751386 -1 0 0
460.2407788290141 2.68233727057258 -1 0 0
479.9330865213218 22.374644962880293 -1 0 0
510.6223972106324 6.262756850992161 -1 0 0
222.33746475178722 296.82575906616825 -1 0 0
300.25050823004807 244.1702406715194 -1 0 0
120.45117712636896 24.290642009312077 -1 0 0
263.11338448422845 28.785625286904054 -1 0 0
259.04649485212144 24.82575906616828 -1 0 0
264.82575906616825 15.300675454128127 -1 0 0
273.280608564496 17.976260738409074 -1 0 0
271.9963276280412 13.267230638074613 -1 0 0
281.20034100596763 13.8023476949308 -1 0 0
291.1535182634927 19.153518263492685 -1 0 0
292.8658928454325 40.237130303626465 -1 0 0
287.9428159223555 59.07325070496426 -1 0 0
307.528100203292 59.28729752770674 -1 0 0
194.72542461800774 32.210374450783654 -1 0 0
209.17358515312478 12.972916256803728 -1 0 0
212.06321726014818 17.52141124008132 -1 0 0
219.98294970161976 22.23044134041577 -1 0 0
205.42776575513147 30.712046691586327 -1 0 0
261.34749819660294 22.23044134041577 -1 0 0
288.5849563905829 4.170240671519441 -1 0 0
284.7321135812183 7.80903665814151 -1 0 0
343.4879664240277 65.7622139156666 -1 0 0
385.013050036068 317.3742540494458 -1 0 0
430.3909764574727 358.47124401600104 -1 0 0
382.8725818086432 299.39432093907794 -1 0 0
335.78228080529874 96.90602662469664 -1 0 0
376.6652239491114 113.60167879860967 -1 0 0
408.1301068922552 110.39097645747256 -1 0 0
401.70870220998097 85.98963866483042 -1 0 0
425.2538527116532 75.9294379959341 -1 0 0
442.1635517083087 117.02642796248928 -1 0 0
465.92274903272346 112.74549150763977 -1 0 0
648.9327824775398 81.28060856449595 -1 0 0
664.9862941832254 89.20034100596752 -1 0 0
675.4745884976068 82.77893632369327 -1 0 0
686.3909764574729 90.48462194242236 -1 0 0
700.3040199357338 71.22040789559964 -1 0 0
655.1401403370716 46.8190701029575 -1 0 0
661.7755918420883 47.46121057118491 -1 0 0
654.7120466915866 24.558200537740085 -1 0 0
561.9227490327238 26.538133648108065 -1 0 0
522.0030165912522 16.584956390582985 -1 0 0
504.66522394911175 59.50134435044921 -1 0 0
490.2170634139947 41.628434651452544 -1 0 0
502.52475572168703 32.959538330382316 -1 0 0
556.7856252869044 18.40435438389402 -1 0 0
522.7521804708509 10.805692176536146 -1 0 0
529.066561741754 6.310708898944183 -1 0 0
545.8692373270381 6.096662076201706 -1 0 0
540.83913699259 1.1735851531247867 -1 0 0
533.4545216079746 0.8525149190110788 -1 0 0
519.0063610728575 3.314053380549529 -1 0 0
498.67191291232245 2.5648895009508657 -1 0 0
561.9227490327238 5.66856843071675 -1 0 0
576.6919798019545 11.982949701619766 -1 0 0
577.334120270182 28.03646140730539 -1 0 0
550.0431503705164 84.97291625680371 -1 0 0
558.6050232802154 71.91606006951274 -1 0 0
566.7388025444295 52.86589284543246 -1 0 0
575.9428159223559 45.05318381533215 -1 0 0
597.4545216079746 26.645157059479303 -1 0 0
490.9662272935933 4.063217260148193 -1 0 0
477.8023476949311 0.7187356547970368 -1 0 0
511.9428159223558 31.140140337071273 -1 0 0
518.5782674273726 25.039805888910738 -1 0 0
523.8224145845631 29.96288281198766 -1 0 0
528.4244212735264 85.82910354777363 -1 0 0
485.6150567250314 87.96957177519836 -1 0 0
469.668568430717 42.05652829693749 -1 0 0
487.2204078956002 115.10000655780706 -1 0 0
619.9294379959347 263.6485015410847 -1 0 0
674.2973309725232 256.37090956784056 -1 0 0
705.9762607384097 265.7889697685095 -1 0 0
435.1000065578069 227.04649485212153 -1 0 0
1020.7321135812186 471.4879664240277 -1 0 0
610.6184012066366 71.11338448422849 -1 0 0
620.250508230048 77.96288281198768 -1 0 0
614.2571971932587 21.454521607974325 -1 0 0
695.1668961899142 30.65853498590071 -1 0 0
717.4277657551316 21.454521607974325 -1 0 0
691.1000065578072 38.792314250114764 -1 0 0
732.4110433471049 10.966227293593036 -1 0 0
736.6919798019542 19.52810020329204 -1 0 0
757.8826152534593 23.380943012656573 -1 0 0
730.4846219424225 1.548167092924154 -1 0 0
778.8592038822218 13.96288281198769 -1 0 0
768.3709095678406 2.8324480293789853 -1 0 0
763.8759262902487 46.497999868843856 -1 0 0
739.9026821430914 29.802347694930837 -1 0 0
818.4578660895797 34.511377795265275 -1 0 0
796.7321135812184 13.481277460817093 -1 0 0
831.5147222768707 1.4946553872384944 -1 0 0
826.4846219424225 14.230441340415757 -1 0 0
809.8959931798806 14.016394517673278 -1 0 0
799.1936520427569 28.03646140730539 -1 0 0
785.4946553872385 39.70201324677027 -1 0 0
894.765558397272 66.56488950095087 -1 0 0
923.3408092333923 27.447832644763597 -1 0 0
909.4277657551314 19.31405338054955 -1 0 0
943.0331169257 5.82910354777364 -1 0 0
966.6852908387435 15.08662863138565 -1 0 0
981.2404747852319 6.738802544429138 -1 0 0
960.3709095678405 10.16355170830873 -1 0 0
986.9127155879073 77.74883598924521 -1 0 0
938.538133648108 61.6953242835596 -1 0 0
801.7622139156666 77.10669552101778 -1 0 0
903.8625483638273 182.738802544429 -1 0 0
961.2270968588106 175.03311692569991 -1 0 0
842.6451570594794 118.09666207620164 -1 0 0
854.631779133058 143.78228080529863 -1 0 0
638.0163945176733 134.3642206046297 -1 0 0
687.6752573939275 140.357531641419 -1 0 0
722.7789363236934 302.60502328021494 -1 0 0
539.12676241065 199.2204078955996 -1 0 0
557.534789166503 161.97626073840894 -1 0 0
498.45786608957974 431.2471637484425 -1 0 0
725.3474981966032 623.0331169256999 -1 0 0
856.3441537149978 673.548167092924 -1 0 0
812.0364614073054 89.94950488556627 -1 0 0
549.6150567250312 115.52810020329196 -1 0 0
568.023083480884 126.44448816315816 -1 0 0
626.8859597350646 72.07659518656953 -1 0 0
613.4010099022887 131.15351826349263 -1 0 0
590.4979998688439 74.00301659125181 -1 0 0
