68.26695448821724 392.5238352221622 -1 0 0
37.44126641482277 380.19355999280435 -1 0 0
257.6247526533549 147.6797985249145 -1 0 0
434.65227558913466 151.20273430473105 -1 0 0
761.4045691671162 190.8357618276668 -1 0 0
838.0284223781255 280.6706242129879 -1 0 0
904.9642021946391 249.84493613959341 -1 0 0
877.6614499010611 233.99172513041913 -1 0 0
926.9825508184923 89.55135815794205 -1 0 0
206.8357618276669 58.50548659830905 -1 0 0
-72.79726569526895 221.00089944234577 -1 0 0
502.68897283684095 72.70732146069439 -1 0 0
912.5605324698687 5.413743479042991 -1 0 0
