481.48405168519037 635.4379687358814 -1 0 0
380.0278304870337 417.18912080961417 -1 0 0
371.76976597090464 209.55778440408417 -1 0 0
460.24902864371575 130.51630974970627 -1 0 0
512.1568627450981 132.8757567543145 -1 0 0
751.6407337128402 91.58543417366937 -1 0 0
783.4932682750521 93.94488117827774 -1 0 0
854.276678413301 371.17990421975236 -1 0 0
850.7375079063886 31.419535556157847 -1 0 0
887.3089364778172 23.16147104002876 -1 0 0
963.9909641275866 70.35041113219474 -1 0 0
1006.4610102105362 77.42875214601958 -1 0 0
439.01400560224096 14.90340652389982 -1 0 0
330.4794433902595 47.93566458841587 -1 0 0
264.4149272612271 96.30432818288594 -1 0 0
263.235203758923 39.67760007228692 -1 0 0
213.68681666214886 49.115388090720124 -1 0 0
192.45179362067418 44.396494081503526 -1 0 0
147.62230053311657 86.86654016445277 -1 0 0
144.08313002620415 44.396494081503526 -1 0 0
95.71446643173405 47.93566458841587 -1 0 0
41.44718532574331 73.88958163910708 -1 0 0
23.75133279118103 160.00939730730994 -1 0 0
59.14303786030552 60.91262311376155 -1 0 0
22.571609288876918 32.59925905846195 -1 0 0
323.40110237643455 12.54395951929145 -1 0 0
52.06469684648062 3.106171500858253 -1 0 0
179.47483509532856 44.396494081503526 -1 0 0
187.1430378603054 30.534742929429793 -1 0 0
700.3227613626099 1.631517122978146 -1 0 0
-279.1944886062533 108.48118706942235 -1 0 0
