222.84179425194745 684.743946893826 -1 0 0
365.62065922259325 522.4269214535129 -1 0 0
304.000306972104 436.7596024711255 -1 0 0
311.51498407582216 336.0629292813016 -1 0 0
201.80069836153652 325.542381336096 -1 0 0
51.50715628717251 351.09228348873796 -1 0 0
50.004220866428845 293.9807375004796 -1 0 0
90.58347722650711 293.9807375004796 -1 0 0
18.442577030812448 256.4073519818886 -1 0 0
83.06880012278891 220.33690188404128 -1 0 0
225.84766509343478 206.8104830973485 -1 0 0
294.98269444764213 230.8574498292467 -1 0 0
332.55607996623326 269.9337707685814 -1 0 0
382.1529488507734 232.36038524999037 -1 0 0
365.62065922259325 80.5639077548827 -1 0 0
455.79678446721164 116.63435785273003 -1 0 0
524.931813821419 106.11380990752457 -1 0 0
475.33494493687897 68.54042438893364 -1 0 0
658.6930662676031 367.624573116918 -1 0 0
669.2136142128086 472.83005256897275 -1 0 0
714.3016768351177 238.37212693296496 -1 0 0
667.710678792065 185.7693872069375 -1 0 0
586.5521660719082 143.68719542611564 -1 0 0
622.6226161697557 118.13729327347377 -1 0 0
711.2958059936304 15.937684662906166 -1 0 0
709.7928705728868 122.6460995357047 -1 0 0
807.4836729212235 112.1255515904991 -1 0 0
858.5834772265073 179.75764552396296 -1 0 0
808.9866083419671 315.02183339089055 -1 0 0
891.6480564828672 343.57760638501975 -1 0 0
929.2214420014584 167.7341621580139 -1 0 0
939.7419899466638 206.8104830973485 -1 0 0
1016.3916964045894 113.62848701124284 -1 0 0
876.618702275431 80.5639077548827 -1 0 0
470.82613867464806 12.931813821418972 -1 0 0
427.2410114730826 20.446490925137102 -1 0 0
391.1705613752351 5.417136717700701 -1 0 0
147.69502321476546 2.4112658762135064 -1 0 0
162.72437742220185 47.49932849852271 -1 0 0
34.97486665899245 27.961168028855372 -1 0 0
3.413222823376047 86.57564943785724 -1 0 0
143.88513447336985 82.89012947836483 -1 0 0
75.08992967816499 64.54047912871452 -1 0 0
503.7173023055375 277.3196999079352 -1 0 0
510.36665295488814 150.98203757027292 -1 0 0
529.5474721357074 64.54047912871452 -1 0 0
773.0160036042387 34.362656950892344 -1 0 0
990.6543652426004 31.293725881961304 -1 0 0
101.18696307954622 415.83579251098433 -1 0 0
137.146829300282 522.8592038822218 -1 0 0
165.82910354777368 196.86589284543237 -1 0 0
218.48462194242254 254.65853498590056 -1 0 0
114.88595973506465 35.474588497606256 -1 0 0
74.21706341399438 3.7956587317199664 -1 0 0
186.37759853105126 3.7956587317199664 -1 0 0
150.41773231031547 280.3441537149976 -1 0 0
347.7689028788774 149.7755918420879 -1 0 0
377.73545806282397 26.912715587907286 -1 0 0
273.708702209981 14.49799986884375 -1 0 0
470.203685487573 464.63846809626847 -1 0 0
88.34415371499777 754.8859597350645 -1 0 0
868.7588694340615 27.7689028788772 -1 0 0
253.802347694931 25.30736441733882 -1 0 0
