62.65451532725767 655.781275890638 -1 0 0
8.570008285004105 726.6920740127038 -1 0 0
422.01601767467554 696.6451256558962 -1 0 0
512.156862745098 493.5277547638774 -1 0 0
360.7202430267881 495.931510632422 -1 0 0
343.89395194697596 434.6357359845347 -1 0 0
30.203811101905544 411.800055233361 -1 0 0
120.34465617232806 445.45263739298537 -1 0 0
182.8423087544877 429.82822424744546 -1 0 0
220.100524716929 373.3399613366474 -1 0 0
203.2742336371168 328.8704777685723 -1 0 0
115.53714443523889 328.8704777685723 -1 0 0
36.21320077326706 233.92212096106053 -1 0 0
41.02071251035623 147.38690969345492 -1 0 0
156.40099420049708 157.00193316763333 -1 0 0
196.062966031483 126.95498481082583 -1 0 0
190.0535763601215 102.9174261253797 -1 0 0
218.8986467826567 125.75310687655356 -1 0 0
276.5887876277272 155.800055233361 -1 0 0
239.33057166528582 165.41507870753946 -1 0 0
283.800055233361 194.26014913007464 -1 0 0
336.6826843413422 189.45263739298545 -1 0 0
369.1333885666943 195.4620270643469 -1 0 0
309.03949185307926 260.36343551505115 -1 0 0
264.5700082850041 273.5840927920464 -1 0 0
200.87047776857216 259.1615575807789 -1 0 0
281.3962993648163 328.8704777685723 -1 0 0
413.6028721347693 364.92681579674127 -1 0 0
461.67798950566146 355.3117923225629 -1 0 0
563.8376139188068 403.38690969345487 -1 0 0
783.7812758906379 610.1099143882906 -1 0 0
857.0958298812482 580.062966031483 -1 0 0
1007.3305716652859 495.931510632422 -1 0 0
925.6028721347692 325.2648439657554 -1 0 0
1016.9455951394641 243.53714443523893 -1 0 0
492.92681579674115 110.1286937310135 -1 0 0
459.27423363711677 113.73432753383047 -1 0 0
619.1239988953326 88.49489091411213 -1 0 0
637.1521679094171 89.69676884838441 -1 0 0
656.3822148577741 77.67798950566151 -1 0 0
668.4009942004972 108.92681579674122 -1 0 0
704.457332228666 93.30240265120136 -1 0 0
735.7061585197459 75.27423363711682 -1 0 0
717.6779895056613 54.84230875448773 -1 0 0
685.2272852803093 54.84230875448773 -1 0 0
846.2789284727976 93.30240265120136 -1 0 0
1013.3399613366474 89.69676884838441 -1 0 0
995.3117923225628 71.6685998343 -1 0 0
956.8516984258492 41.62165147749243 -1 0 0
979.6873791770229 44.02540734603698 -1 0 0
1003.7249378624689 44.02540734603698 -1 0 0
688.8329190831262 30.80475006904167 -1 0 0
741.7155481911075 25.99723833195258 -1 0 0
673.2085059375863 25.99723833195258 -1 0 0
593.8845622756145 35.61226180613092 -1 0 0
340.288318144159 101.71554819110742 -1 0 0
334.27892847279753 92.1005247169291 -1 0 0
301.8282242474454 89.69676884838441 -1 0 0
276.5887876277272 75.27423363711682 -1 0 0
250.14747307373656 58.4479425573047 -1 0 0
206.8798674399337 58.4479425573047 -1 0 0
215.29301297983983 51.2366749516709 -1 0 0
473.0958298812481 97.80944490472243 -1 0 0
508.551228942281 100.81413974040319 -1 0 0
428.62634631317303 40.72024302678819 -1 0 0
419.61226180613085 33.5089754211544 -1 0 0
376.94559513946416 20.889257111295237 -1 0 0
349.30240265120125 19.086440209886824 -1 0 0
353.50897542115433 12.476111571389099 -1 0 0
333.0770505385252 16.682684341342203 -1 0 0
321.65921016293834 17.28362330847834 -1 0 0
314.44794255730454 11.274233637116826 -1 0 0
286.8047500690417 13.07705053852531 -1 0 0
275.98784866059094 11.274233637116826 -1 0 0
256.7578017122341 14.87986743993372 -1 0 0
265.7718862192763 35.91273128969902 -1 0 0
239.33057166528576 33.5089754211544 -1 0 0
231.51836509251584 11.274233637116826 -1 0 0
214.69207401270364 16.682684341342203 -1 0 0
16.983153824910236 34.71085335542668 -1 0 0
27.800055233360954 28.100524716929023 -1 0 0
14.579397956365652 50.33526650096659 -1 0 0
45.22728528030929 37.71554819110743 -1 0 0
74.67329466998065 36.513670256835155 -1 0 0
79.48080640706986 51.53714443523887 -1 0 0
72.8704777685722 44.325876829605086 -1 0 0
84.28831814415906 35.91273128969902 -1 0 0
86.69207401270364 61.15216790941728 -1 0 0
98.71085335542664 59.950289975145004 -1 0 0
112.53244959955812 57.54653410660039 -1 0 0
137.17094725214025 48.53244959955811 -1 0 0
155.1991162662248 48.53244959955811 -1 0 0
167.21789560894774 48.53244959955811 -1 0 0
175.63104114885388 41.922120961060465 -1 0 0
117.94090030378345 25.095829881248267 -1 0 0
101.11460922397126 27.499585749792885 -1 0 0
77.67798950566142 11.274233637116826 -1 0 0
98.71085335542664 11.274233637116826 -1 0 0
117.33996133664732 13.677989505661447 -1 0 0
167.21789560894774 17.28362330847834 -1 0 0
181.64043082021539 10.67329466998069 -1 0 0
91.49958574979286 49.133388566694336 -1 0 0
673.2085059375862 12.476111571389099 -1 0 0
615.5183650925159 16.682684341342203 -1 0 0
765.7531068765535 13.07705053852531 -1 0 0
957.4526373929853 16.682684341342203 -1 0 0
140.81620340443874 3.097921686156969 -1 0 0
162.2987208869562 5.1438757321111375 -1 0 0
331.60141818965354 5.207811796047192 -1 0 0
385.81920040743574 2.650369238604588 -1 0 0
586.8341854224207 9.299719887955243 -1 0 0
597.063955652191 6.2307888190242045 -1 0 0
668.6723472605826 3.6733462615816013 -1 0 0
686.0629566511919 4.184834773070178 -1 0 0
886.5664531546885 3.097921686156969 -1 0 0
737.1200734474395 15.461210571185017 -1 0 0
703.9428159223559 24.66522394911144 -1 0 0
809.6819463571385 15.675257393927478 -1 0 0
818.45786608958 11.822414584562948 -1 0 0
752.74549150764 11.180274116335497 -1 0 0
748.0364614073058 17.387631975867265 -1 0 0
