357.6130839432548 529.2628535285082 -1 0 0
341.0969549109968 452.58082587873855 -1 0 0
322.22137887413044 353.48405168519014 -1 0 0
411.88036504924565 375.89879822896893 -1 0 0
529.8527152796604 263.8250655100749 -1 0 0
598.2766784133009 293.3181530676786 -1 0 0
680.8573235745913 482.07391343634225 -1 0 0
698.5531761091535 549.3181530676787 -1 0 0
758.719074726665 594.1476461552363 -1 0 0
927.4195355561582 387.69603325201047 -1 0 0
899.1061715008585 347.58543417366946 -1 0 0
985.2259871690612 161.18912080961408 -1 0 0
993.4840516851905 72.70985813680296 -1 0 0
962.8112406252827 79.78819915062793 -1 0 0
948.6545585976328 93.94488117827774 -1 0 0
889.6683834824254 91.58543417366937 -1 0 0
844.8388903948678 97.48405168519008 -1 0 0
666.7006415469415 172.9863558326556 -1 0 0
620.6914249570798 162.3688443119182 -1 0 0
615.9725309478632 141.13382127044358 -1 0 0
588.8388903948677 123.4379687358813 -1 0 0
522.7743742658355 221.35501942712565 -1 0 0
494.461010210536 235.5117014547754 -1 0 0
498.00018071744836 168.267461823439 -1 0 0
464.9679226529323 139.95409776813946 -1 0 0
441.37345260684936 195.40110237643438 -1 0 0
403.6223005331166 231.9725309478629 -1 0 0
330.4794433902595 156.47022680039748 -1 0 0
299.8066323303517 145.85271527966017 -1 0 0
225.48405168519028 162.3688443119182 -1 0 0
167.67760007228708 185.96331435800118 -1 0 0
153.52091804463728 314.5531761091533 -1 0 0
109.87114845938385 288.599259058462 -1 0 0
63.86193186952212 252.0278304870334 -1 0 0
4.8757567543147085 346.4057106713652 -1 0 0
23.75133279118103 210.7375079063883 -1 0 0
102.79280744555895 213.0969549109966 -1 0 0
151.16147104002897 176.525526339568 -1 0 0
90.99557242251745 105.74211620131918 -1 0 0
65.04165537182624 105.74211620131918 -1 0 0
90.99557242251745 73.88958163910708 -1 0 0
175.93566458841607 64.45179362067402 -1 0 0
231.38266919671108 52.654558597632466 -1 0 0
269.1338212704438 83.32736965754029 -1 0 0
326.940272883347 126.97713924279378 -1 0 0
345.8158489202134 138.77437426583526 -1 0 0
352.89418993403825 122.25824523357718 -1 0 0
372.94948947320876 93.94488117827774 -1 0 0
391.82506551007515 99.84349868979845 -1 0 0
336.3780609017802 82.14764615523617 -1 0 0
355.2536369386466 47.93566458841587 -1 0 0
426.0370470768954 98.6637751874942 -1 0 0
436.65455859763273 75.06930514141133 -1 0 0
395.3642360169876 73.88958163910708 -1 0 0
411.88036504924565 85.68681666214866 -1 0 0
496.82045721514424 96.30432818288594 -1 0 0
42.626908828047355 65.92644799855421 -1 0 0
47.34580283726395 41.74211620131916 -1 0 0
27.290503298093444 74.77437426583535 -1 0 0
2.5163097497063385 47.05087196168789 -1 0 0
72.11999638565106 7.530134634498929 -1 0 0
40.85732357459115 15.788199150627943 -1 0 0
228.43336044095062 28.76515767597355 -1 0 0
240.82045721514416 26.99557242251738 -1 0 0
270.90340652389995 32.30432818288604 -1 0 0
280.9310562934852 39.972530947862985 -1 0 0
319.8619318695221 38.79280744555881 -1 0 0
306.8849733441764 24.046263666756953 -1 0 0
358.2029456944068 84.21216228426852 -1 0 0
341.6868166621488 35.253636938646395 -1 0 0
368.82045721514413 25.225987169061135 -1 0 0
356.4333604409506 32.894189934038096 -1 0 0
374.719074726665 39.382669196710935 -1 0 0
384.156862745098 30.534742929429793 -1 0 0
380.61769223818567 20.50709315984454 -1 0 0
393.00478901237926 53.53935122436066 -1 0 0
381.20755398933767 65.92644799855421 -1 0 0
382.38727749164195 47.05087196168789 -1 0 0
390.05548025661886 65.92644799855421 -1 0 0
481.48405168519037 33.48405168519015 -1 0 0
504.4886599801212 26.405710671365252 -1 0 0
743.3826691967112 73.59465076353116 -1 0 0
706.2213788741306 58.258245233577256 -1 0 0
668.4702268003979 75.95409776813946 -1 0 0
674.3688443119186 117.24442034878466 -1 0 0
665.5209180446376 110.75594108611185 -1 0 0
643.6960332520108 91.29050329809337 -1 0 0
868.4333604409509 78.90340652389982 -1 0 0
874.3319779524716 30.534742929429793 -1 0 0
884.9494894732089 31.12460468058185 -1 0 0
900.8757567543149 75.95409776813946 -1 0 0
910.9034065239002 60.617692238185555 -1 0 0
945.1153880907206 52.359627722056544 -1 0 0
971.6591668925639 60.0278304870335 -1 0 0
986.4057106713657 47.640733712839946 -1 0 0
970.4794433902596 10.479443390259286 -1 0 0
954.5531761091537 11.6591668925634 -1 0 0
844.8388903948678 19.91723140869248 -1 0 0
833.6315171229786 21.096954910996597 -1 0 0
809.4471853257435 19.91723140869248 -1 0 0
795.8803650492458 60.0278304870335 -1 0 0
782.3135447727481 74.77437426583535 -1 0 0
774.055480256619 67.69603325201045 -1 0 0
771.6960332520108 53.53935122436066 -1 0 0
746.3319779524716 8.119996385650987 -1 0 0
716.2490286437159 6.350411132194744 -1 0 0
663.1614710400291 57.07852173127314 -1 0 0
669.649950302702 30.534742929429793 -1 0 0
657.2628535285085 30.534742929429793 -1 0 0
599.4564019156052 75.95409776813946 -1 0 0
585.8895816391075 80.08313002620399 -1 0 0
531.6223005331167 61.79741574048967 -1 0 0
539.2905032980937 100.72829131652657 -1 0 0
513.9264479985545 52.359627722056544 -1 0 0
535.7513327911812 52.359627722056544 -1 0 0
649.0047890123794 1.631517122978146 -1 0 0
1016.8055113937468 135.72443031266562 -1 0 0
270.7120466915864 256.58495639058305 -1 0 0
