335.117901706137 690.2347848230202 -1 0 0
467.27374586198124 634.1308887191241 -1 0 0
761.5075120957475 637.8711484593838 -1 0 0
764.001018589254 526.9101094983448 -1 0 0
788.936083524319 452.1049146931501 -1 0 0
603.169849758085 314.96205755029285 -1 0 0
513.4036159918512 362.33868092691625 -1 0 0
532.1049146931499 425.92309651133195 -1 0 0
462.2867328749681 362.33868092691625 -1 0 0
449.8192004074357 317.45556404379937 -1 0 0
408.6763432645786 270.07894066717597 -1 0 0
500.9360835243188 267.5854341736695 -1 0 0
318.9101094983448 366.07894066717597 -1 0 0
261.5594601476954 353.6114081996435 -1 0 0
281.5075120957473 322.44257703081234 -1 0 0
214.18283677107206 301.2477718360072 -1 0 0
49.611408199643456 280.0529666412019 -1 0 0
69.55946014769535 273.81920040743574 -1 0 0
226.65036923860453 238.91010949834484 -1 0 0
249.40361599185124 222.85816144639668 -1 0 0
259.68933027756555 216.31270690094215 -1 0 0
241.92309651133172 207.27374586198107 -1 0 0
267.79322638146164 150.54647313470835 -1 0 0
343.5334861217214 182.33868092691617 -1 0 0
358.18283677107206 155.53348612172132 -1 0 0
527.7412783295135 227.2217978100332 -1 0 0
483.1698497580849 172.05296664120198 -1 0 0
500.3127069009421 160.20881079704614 -1 0 0
537.4036159918512 126.23478482302012 -1 0 0
571.3776419658772 171.42959001782538 -1 0 0
586.9620575502928 166.44257703081237 -1 0 0
592.5724471606825 214.4425770308124 -1 0 0
653.6633562515915 185.7672523554877 -1 0 0
641.8192004074357 136.2088107970461 -1 0 0
625.9230965113318 127.48153806977338 -1 0 0
419.273745861981 150.7023172905526 -1 0 0
434.85816144639665 150.07894066717597 -1 0 0
449.19582378405903 119.53348612172142 -1 0 0
431.1179017061369 218.65036923860458 -1 0 0
408.0529666412018 239.84517443340977 -1 0 0
396.20881079704594 201.19582378405914 -1 0 0
380.62439521263036 188.10491469315005 -1 0 0
714.7542653425006 111.42959001782533 -1 0 0
745.9230965113318 233.61140819964356 -1 0 0
772.1049146931501 233.61140819964356 -1 0 0
807.6373822256177 179.3776419658773 -1 0 0
790.1828367710721 164.41660300483832 -1 0 0
740.3127069009423 155.06595365418897 -1 0 0
735.3256939139293 127.0140056022409 -1 0 0
745.2997198879553 125.76725235548763 -1 0 0
760.8841354723708 110.80621339444869 -1 0 0
782.0789406671761 133.24777183600716 -1 0 0
819.4815380697735 135.11790170613702 -1 0 0
813.2477718360072 96.46855105678632 -1 0 0
828.8321874204229 80.26075884899412 -1 0 0
820.1049146931501 74.65036923860451 -1 0 0
821.97504456328 60.93608352431878 -1 0 0
811.3776419658774 68.41660300483828 -1 0 0
918.5984211866564 326.1828367710721 -1 0 0
962.23478482302 318.7023172905526 -1 0 0
994.6503692386045 353.6114081996435 -1 0 0
1018.3386809269164 283.7932263814617 -1 0 0
1005.8711484593839 171.5854341736695 -1 0 0
967.2217978100331 161.61140819964345 -1 0 0
884.9360835243187 204.00101858925393 -1 0 0
862.4945250827603 233.9230965113318 -1 0 0
860.001018589254 190.2867328749682 -1 0 0
503.74127832951376 26.494525082760305 -1 0 0
554.5464731347087 22.754265342500588 -1 0 0
567.0140056022411 22.13088871912395 -1 0 0
570.4425770308125 22.754265342500588 -1 0 0
582.2867328749684 18.702317290552518 -1 0 0
585.4036159918514 22.13088871912395 -1 0 0
616.2607588489944 21.81920040743563 -1 0 0
593.5075120957476 7.481538069773295 -1 0 0
620.9360835243191 17.143875732110956 -1 0 0
724.5204991087344 12.780239368474676 -1 0 0
754.4425770308123 16.208810797046073 -1 0 0
761.9230965113318 15.585434173669471 -1 0 0
765.9750445632799 7.481538069773366 -1 0 0
773.1438757321109 12.780239368474676 -1 0 0
785.6114081996434 9.663356251591525 -1 0 0
871.3256939139292 11.84517443340972 -1 0 0
857.6114081996436 71.06595365418895 -1 0 0
858.8581614463967 79.79322638146166 -1 0 0
863.5334861217214 87.89712248535777 -1 0 0
845.7672523554877 104.72829131652661 -1 0 0
846.0789406671761 124.36465495289023 -1 0 0
854.4945250827603 141.5075120957474 -1 0 0
860.4166030048383 156.15686274509804 -1 0 0
867.5854341736695 110.33868092691621 -1 0 0
876.9360835243189 80.72829131652661 -1 0 0
877.5594601476954 62.02699261522791 -1 0 0
892.4166030048383 57.03997962821492 -1 0 0
904.5724471606825 58.59842118665648 -1 0 0
916.4166030048383 74.49452508276038 -1 0 0
925.1438757321109 58.59842118665648 -1 0 0
935.7412783295136 56.41660300483829 -1 0 0
935.117901706137 65.76725235548764 -1 0 0
942.9101094983447 89.45556404379933 -1 0 0
1000.5724471606825 104.41660300483831 -1 0 0
1008.3646549528903 131.84517443340974 -1 0 0
982.1828367710721 43.32569391392921 -1 0 0
972.8321874204228 48.93608352431882 -1 0 0
969.7153043035397 3.1179017061370127 -1 0 0
919.8451744334099 2.182836771072057 -1 0 0
913.2997198879552 1.2477718360071366 -1 0 0
1006.9101094983447 47.84517443340968 -1 0 0
