52.10491469314993 550.5984211866564 -1 0 0
219.169849758085 464.57244716068243 -1 0 0
92.00101858925379 412.20881079704606 -1 0 0
113.19582378405903 408.46855105678634 -1 0 0
69.55946014769535 410.9620575502928 -1 0 0
333.8711484593837 412.20881079704606 -1 0 0
303.9490705373058 388.5204991087343 -1 0 0
288.9880315762668 379.79322638146164 -1 0 0
267.7932263814615 377.2997198879552 -1 0 0
237.8711484593837 371.06595365418895 -1 0 0
242.85816144639665 409.7153043035396 -1 0 0
310.39062897886436 346.44257703081223 -1 0 0
330.33868092691625 354.5464731347084 -1 0 0
258.02699261522787 363.8971224853577 -1 0 0
208.78023936847464 366.3906289788642 -1 0 0
169.50751209574736 357.6633562515915 -1 0 0
159.53348612172144 333.3516679399031 -1 0 0
139.58543417366948 355.7932263814616 -1 0 0
123.37764196587726 344.5724471606823 -1 0 0
149.55946014769546 354.5464731347084 -1 0 0
133.9750445632798 297.195823784059 -1 0 0
85.35166793990321 342.70231729055246 -1 0 0
62.28673287496812 348.9360835243187 -1 0 0
79.11790170613698 327.1179017061369 -1 0 0
57.29971988795517 320.88413547237064 -1 0 0
21.76725235548763 322.7542653425005 -1 0 0
58.3386809269162 337.2477718360071 -1 0 0
23.741278329513612 312.00101858925376 -1 0 0
11.273745861981137 313.247771836007 -1 0 0
179.48153806977334 293.1438757321109 -1 0 0
192.57244716068243 293.7672523554875 -1 0 0
192.57244716068243 271.3256939139291 -1 0 0
222.49452508276036 291.89712248535767 -1 0 0
225.45556404379934 370.8321874204225 -1 0 0
200.05296664120198 249.0399796282148 -1 0 0
187.27374586198115 252.15686274509792 -1 0 0
178.5464731347084 255.89712248535764 -1 0 0
169.5075120957474 253.40361599185115 -1 0 0
204.4166030048383 241.24777183600702 -1 0 0
252.10491469315 259.3256939139291 -1 0 0
275.7932263814617 285.8192004074356 -1 0 0
292.3127069009422 293.6114081996434 -1 0 0
295.117901706137 268.0529666412018 -1 0 0
308.5204991087344 295.1698497580849 -1 0 0
288.26075884899416 249.0399796282148 -1 0 0
296.6763432645786 247.48153806977325 -1 0 0
286.18283677107206 240.00101858925385 -1 0 0
280.26075884899416 242.49452508276033 -1 0 0
265.2997198879552 241.5594601476954 -1 0 0
249.09192768016297 231.27374586198113 -1 0 0
251.27374586198115 243.42959001782526 -1 0 0
330.7542653425007 249.9750445632798 -1 0 0
320.46855105678634 244.67634326457852 -1 0 0
347.5854341736695 283.63738222561744 -1 0 0
359.11790170613705 282.0789406671759 -1 0 0
341.66335625159155 284.88413547237076 -1 0 0
326.7023172905526 317.61140819964345 -1 0 0
381.8711484593838 283.9490705373058 -1 0 0
399.32569391392923 283.3256939139292 -1 0 0
418.9620575502929 279.8971224853577 -1 0 0
413.97504456327994 271.79322638146164 -1 0 0
417.71530430353965 265.2477718360071 -1 0 0
401.50751209574736 270.5464731347084 -1 0 0
394.96205755029285 269.61140819964345 -1 0 0
437.039979628215 289.8711484593837 -1 0 0
441.71530430353965 281.76725235548764 -1 0 0
453.2477718360072 279.2737458619811 -1 0 0
420.52049910873444 337.5594601476954 -1 0 0
404.6243952126305 327.2737458619811 -1 0 0
470.07894066717586 299.53348612172135 -1 0 0
485.97504456327977 298.9101094983447 -1 0 0
481.92309651133166 282.70231729055246 -1 0 0
502.80621339444855 281.1438757321109 -1 0 0
516.5204991087343 277.40361599185115 -1 0 0
525.8711484593837 271.7932263814616 -1 0 0
523.3776419658773 257.1438757321109 -1 0 0
524.6243952126305 248.41660300483818 -1 0 0
506.23478482302 252.78023936847453 -1 0 0
500.00101858925376 250.91010949834467 -1 0 0
497.8192004074356 241.247771836007 -1 0 0
479.7412783295135 245.6114081996434 -1 0 0
482.5464731347084 242.49452508276028 -1 0 0
476.3127069009421 239.37764196587716 -1 0 0
433.6114081996434 231.5854341736693 -1 0 0
440.4685510567862 234.39062897886413 -1 0 0
490.3386809269161 231.273745861981 -1 0 0
549.8711484593837 242.49452508276028 -1 0 0
550.4945250827603 236.57244716068232 -1 0 0
560.7802393684746 253.71530430353945 -1 0 0
554.5464731347083 244.98803157626674 -1 0 0
568.2607588489941 248.7282913165265 -1 0 0
572.0010185892538 261.8192004074356 -1 0 0
579.169849758085 248.41660300483818 -1 0 0
587.5854341736695 246.5464731347083 -1 0 0
604.7282913165266 246.23478482302 -1 0 0
565.143875732111 230.65036923860438 -1 0 0
615.3256939139292 252.78023936847453 -1 0 0
577.2997198879551 276.78023936847455 -1 0 0
564.5204991087344 279.58543417366934 -1 0 0
563.5854341736693 292.67634326457846 -1 0 0
554.5464731347083 305.7672523554875 -1 0 0
531.169849758085 300.78023936847455 -1 0 0
521.195823784059 306.3906289788642 -1 0 0
578.23478482302 330.70231729055246 -1 0 0
577.2997198879551 344.72829131652657 -1 0 0
594.4425770308123 307.9490705373058 -1 0 0
619.6893302775655 307.3256939139291 -1 0 0
608.156862745098 297.03997962821484 -1 0 0
616.8841354723708 296.41660300483824 -1 0 0
615.6373822256176 283.3256939139291 -1 0 0
626.23478482302 285.50751209574724 -1 0 0
633.7153043035395 288.3127069009421 -1 0 0
655.5334861217215 263.06595365418883 -1 0 0
660.8321874204228 254.9620575502927 -1 0 0
667.6893302775655 255.89712248535764 -1 0 0
461.9750445632797 329.45556404379926 -1 0 0
453.5594601476954 356.10491469314985 -1 0 0
480.3646549528902 369.19582378405886 -1 0 0
528.3646549528902 393.50751209574724 -1 0 0
569.5075120957474 384.1568627450979 -1 0 0
646.4945250827603 218.1828367710718 -1 0 0
667.6893302775655 225.03997962821467 -1 0 0
656.7802393684748 228.15686274509778 -1 0 0
554.5464731347083 233.76725235548741 -1 0 0
526.8062133944486 241.24777183600688 -1 0 0
674.2347848230202 229.403615991851 -1 0 0
678.5984211866565 232.83218742042249 -1 0 0
679.8451744334099 225.97504456327962 -1 0 0
691.6893302775655 225.97504456327962 -1 0 0
694.1828367710722 240.31270690094198 -1 0 0
677.6633562515915 240.93608352431858 -1 0 0
672.3646549528903 240.93608352431858 -1 0 0
677.9750445632799 249.97504456327962 -1 0 0
673.2997198879552 249.97504456327962 -1 0 0
684.8321874204228 247.48153806977314 -1 0 0
674.2347848230202 260.57244716068226 -1 0 0
678.9101094983449 275.8451744334095 -1 0 0
694.8062133944487 273.6633562515913 -1 0 0
710.0789406671761 276.15686274509784 -1 0 0
717.5594601476955 280.2088107970459 -1 0 0
720.3646549528903 262.7542653425004 -1 0 0
721.6114081996436 245.61140819964325 -1 0 0
730.9620575502929 265.5594601476952 -1 0 0
744.6763432645787 284.88413547237053 -1 0 0
748.7282913165267 257.7672523554874 -1 0 0
738.7542653425006 256.8321874204225 -1 0 0
736.2607588489942 251.22179781003285 -1 0 0
751.2217978100331 239.37764196587702 -1 0 0
797.039979628215 210.23478482301985 -1 0 0
869.6633562515915 194.33868092691594 -1 0 0
864.6763432645786 207.42959001782503 -1 0 0
1022.3386809269163 187.87114845938348 -1 0 0
1016.4166030048383 192.54647313470815 -1 0 0
1010.6503692386045 190.9880315762666 -1 0 0
1008.3127069009423 196.13088871912373 -1 0 0
1003.7932263814616 199.0919276801627 -1 0 0
999.5854341736695 191.7672523554874 -1 0 0
996.156862745098 188.49452508276008 -1 0 0
995.8451744334096 191.92309651133152 -1 0 0
996.0010185892539 195.03997962821464 -1 0 0
991.6373822256176 194.7282913165263 -1 0 0
991.4815380697735 192.85816144639645 -1 0 0
989.6114081996434 190.6763432645783 -1 0 0
986.6503692386045 191.14387573211073 -1 0 0
986.4945250827603 198.31270690094192 -1 0 0
991.6373822256176 197.53348612172113 -1 0 0
980.4166030048383 195.1958237840588 -1 0 0
977.9230965113318 195.35166793990297 -1 0 0
967.9490705373058 198.31270690094192 -1 0 0
965.1438757321109 194.1049146931497 -1 0 0
957.3516679399032 194.26075884899385 -1 0 0
952.5204991087344 193.63738222561724 -1 0 0
951.117901706137 190.6763432645783 -1 0 0
949.0919276801629 191.45556404379906 -1 0 0
948.4685510567864 196.28673287496792 -1 0 0
951.8971224853577 199.0919276801627 -1 0 0
945.8192004074357 199.55946014769518 -1 0 0
939.7412783295136 192.54647313470815 -1 0 0
936.7802393684746 191.45556404379906 -1 0 0
951.8971224853577 207.8192004074354 -1 0 0
959.065953654189 207.50751209574713 -1 0 0
964.3646549528902 199.0919276801627 -1 0 0
968.5724471606825 203.45556404379906 -1 0 0
969.8192004074357 205.63738222561724 -1 0 0
964.6763432645786 211.55946014769518 -1 0 0
973.2477718360072 210.31270690094192 -1 0 0
979.9490705373058 207.8192004074354 -1 0 0
980.2607588489941 202.6763432645783 -1 0 0
996.6243952126305 222.62439521263025 -1 0 0
1008.4685510567864 203.45556404379906 -1 0 0
1005.039979628215 202.36465495288996 -1 0 0
1017.5075120957474 198.31270690094192 -1 0 0
1021.2477718360072 201.74127832951336 -1 0 0
1022.3386809269163 205.94907053730557 -1 0 0
1017.9750445632799 203.7672523554874 -1 0 0
1015.9490705373058 201.74127832951336 -1 0 0
1004.4166030048383 231.8192004074354 -1 0 0
990.7023172905526 235.55946014769518 -1 0 0
987.117901706137 239.45556404379906 -1 0 0
982.7542653425006 226.36465495288996 -1 0 0
968.2607588489941 224.65036923860427 -1 0 0
971.8451744334096 220.44257703081206 -1 0 0
960.9360835243189 222.93608352431852 -1 0 0
950.6503692386045 226.83218742042243 -1 0 0
949.0919276801629 217.94907053730557 -1 0 0
945.8192004074357 210.93608352431852 -1 0 0
940.8321874204227 210.31270690094192 -1 0 0
936.0010185892539 214.9880315762666 -1 0 0
936.7802393684746 218.72829131652637 -1 0 0
944.2607588489941 225.27374586198087 -1 0 0
936.156862745098 232.44257703081206 -1 0 0
933.195823784059 209.53348612172115 -1 0 0
926.6503692386045 214.05296664120164 -1 0 0
930.3906289788642 191.7672523554874 -1 0 0
924.0010185892539 225.11790170613673 -1 0 0
918.7023172905526 228.0789406671757 -1 0 0
916.5204991087344 220.75426534250036 -1 0 0
911.6893302775655 225.42959001782503 -1 0 0
910.9101094983447 234.00101858925362 -1 0 0
904.8321874204227 230.72829131652637 -1 0 0
903.117901706137 225.11790170613673 -1 0 0
900.156862745098 229.48153806977308 -1 0 0
909.8192004074357 193.94907053730554 -1 0 0
890.5464731347085 226.91010949834447 -1 0 0
887.4295900178254 222.2347848230198 -1 0 0
896.4685510567864 207.58543417366914 -1 0 0
895.5334861217215 193.24777183600682 -1 0 0
898.6503692386045 191.68933027756523 -1 0 0
893.039979628215 193.87114845938342 -1 0 0
891.4815380697735 194.80621339444838 -1 0 0
888.3646549528903 204.78023936847433 -1 0 0
885.2477718360072 248.7282913165263 -1 0 0
897.7153043035397 256.20881079704577 -1 0 0
908.0010185892539 241.55946014769512 -1 0 0
916.10491469315 253.09192768016268 -1 0 0
920.7802393684748 243.42959001782503 -1 0 0
930.1308887191241 246.54647313470815 -1 0 0
936.0529666412019 255.8971224853575 -1 0 0
985.6114081996436 273.35166793990294 -1 0 0
988.7282913165267 286.44257703081206 -1 0 0
1011.1698497580852 252.46855105678603 -1 0 0
1013.6633562515917 249.3516679399029 -1 0 0
1017.091927680163 273.9750445632796 -1 0 0
964.7282913165267 301.71530430353937 -1 0 0
911.117901706137 306.0789406671757 -1 0 0
912.6763432645787 326.33868092691597 -1 0 0
817.9230965113318 272.72829131652634 -1 0 0
830.3906289788642 251.53348612172113 -1 0 0
837.5594601476954 253.7153043035393 -1 0 0
839.117901706137 260.2607588489939 -1 0 0
856.2607588489941 248.7282913165263 -1 0 0
863.7412783295136 235.94907053730554 -1 0 0
862.4945250827603 226.91010949834447 -1 0 0
844.7282913165266 220.36465495288996 -1 0 0
830.3906289788642 225.66335625159124 -1 0 0
826.0269926152279 234.70231729055226 -1 0 0
845.9750445632799 234.70231729055226 -1 0 0
817.2997198879551 247.16984975808475 -1 0 0
811.3776419658772 249.97504456327957 -1 0 0
804.8321874204227 245.6114081996432 -1 0 0
805.1438757321109 231.27374586198087 -1 0 0
797.9750445632799 250.28673287496787 -1 0 0
804.8321874204227 259.0140056022406 -1 0 0
791.4295900178253 273.35166793990294 -1 0 0
776.7802393684746 272.10491469314974 -1 0 0
781.4555640437993 251.53348612172113 -1 0 0
790.182836771072 242.8062133944484 -1 0 0
791.7412783295136 233.45556404379906 -1 0 0
782.4945250827603 342.70231729055234 -1 0 0
806.8062133944487 342.70231729055234 -1 0 0
806.1828367710721 361.40361599185104 -1 0 0
761.9230965113318 255.42959001782503 -1 0 0
765.6633562515915 242.33868092691594 -1 0 0
1017.5075120957474 342.70231729055234 -1 0 0
942.7023172905526 416.2607588489939 -1 0 0
783.7412783295136 423.11790170613676 -1 0 0
716.4166030048383 384.4685510567861 -1 0 0
684.0010185892539 393.81920040743546 -1 0 0
685.8711484593838 421.24777183600685 -1 0 0
637.8711484593838 368.2607588489939 -1 0 0
620.4166030048383 433.0919276801627 -1 0 0
1023.3256939139292 453.3516679399031 -1 0 0
958.4945250827603 482.0269926152278 -1 0 0
877.4555640437993 499.48153806977336 -1 0 0
730.3386809269164 614.1828367710721 -1 0 0
685.4555640437993 566.8062133944487 -1 0 0
580.7282913165266 458.33868092691614 -1 0 0
503.4295900178253 440.88413547237076 -1 0 0
414.9101094983448 418.4425770308123 -1 0 0
433.6114081996435 427.169849758085 -1 0 0
706.338680926916 247.48153806977328 -1 0 0
586.3240868253657 281.0933175945962 -1 0 0
905.5749229457673 191.08662863138534 -1 0 0
889.0933175945966 192.95953833038197 -1 0 0
895.621745688242 213.77559184208766 -1 0 0
979.4210767919208 229.29398649091712 -1 0 0
952.0230834808839 300.6786018755327 -1 0 0
945.6016787986098 290.83244802937884 -1 0 0
1020.9996721096464 198.79231425011469 -1 0 0
877.6418125778739 230.79231425011463 -1 0 0
890.1635517083089 320.15686274509784 -1 0 0
