64.57244716068239 625.4036159918513 -1 0 0
3.481538069773295 488.2607588489941 -1 0 0
8.46855105678625 391.0140056022409 -1 0 0
136.88413547237076 405.97504456327994 -1 0 0
241.61140819964353 452.1049146931499 -1 0 0
121.92309651133174 261.3516679399031 -1 0 0
62.078940667175914 258.8581614463967 -1 0 0
2.2347848230200205 270.0789406671759 -1 0 0
28.416603004838215 187.79322638146164 -1 0 0
212.93608352431878 241.40361599185124 -1 0 0
210.4425770308123 169.09192768016288 -1 0 0
226.65036923860453 199.01400560224084 -1 0 0
252.8321874204227 169.09192768016288 -1 0 0
307.6893302775655 182.80621339444863 -1 0 0
308.9360835243188 230.18283677107198 -1 0 0
347.58543417366946 258.8581614463967 -1 0 0
389.97504456327994 336.15686274509795 -1 0 0
477.24777183600713 434.6503692386046 -1 0 0
545.8192004074357 467.06595365418895 -1 0 0
539.5854341736695 379.79322638146164 -1 0 0
653.0399796282151 489.50751209574736 -1 0 0
648.0529666412019 391.0140056022409 -1 0 0
715.3776419658774 410.9620575502928 -1 0 0
726.5984211866564 349.8711484593837 -1 0 0
881.195823784059 501.97504456327994 -1 0 0
993.4036159918512 487.0140056022409 -1 0 0
970.9620575502928 443.3776419658772 -1 0 0
1009.6114081996436 323.6893302775655 -1 0 0
977.195823784059 301.2477718360071 -1 0 0
987.169849758085 339.8971224853577 -1 0 0
952.2607588489941 327.42959001782526 -1 0 0
982.1828367710721 267.58543417366934 -1 0 0
967.2217978100331 261.3516679399031 -1 0 0
941.0399796282151 253.8711484593837 -1 0 0
933.5594601476954 247.63738222561747 -1 0 0
980.9360835243187 222.7023172905525 -1 0 0
973.4555640437993 207.74127832951353 -1 0 0
965.97504456328 192.78023936847464 -1 0 0
979.6893302775655 177.8192004074356 -1 0 0
962.23478482302 169.09192768016288 -1 0 0
953.5075120957475 155.37764196587722 -1 0 0
953.5075120957475 131.68933027756552 -1 0 0
953.5075120957475 122.9620575502928 -1 0 0
970.9620575502928 69.35166793990314 -1 0 0
929.8192004074357 69.35166793990314 -1 0 0
884.9360835243187 134.18283677107198 -1 0 0
856.2607588489941 186.54647313470838 -1 0 0
864.9880315762668 221.45556404379923 -1 0 0
790.1828367710721 309.9750445632797 -1 0 0
771.4815380697735 240.15686274509795 -1 0 0
705.4036159918514 197.76725235548756 -1 0 0
672.9880315762668 196.52049910873427 -1 0 0
712.8841354723708 177.8192004074356 -1 0 0
655.5334861217214 165.35166793990314 -1 0 0
601.9230965113319 300.00101858925376 -1 0 0
535.8451744334097 275.0659536541889 -1 0 0
499.68933027756566 248.88413547237067 -1 0 0
454.8062133944486 247.63738222561747 -1 0 0
428.6243952126306 225.19582378405903 -1 0 0
394.96205755029285 195.27374586198107 -1 0 0
368.78023936847467 166.5984211866564 -1 0 0
558.2867328749682 206.49452508276033 -1 0 0
520.8841354723708 189.03997962821484 -1 0 0
515.8971224853577 169.09192768016288 -1 0 0
471.0140056022409 175.3256939139292 -1 0 0
472.26075884899416 149.14387573211098 -1 0 0
484.7282913165266 142.9101094983447 -1 0 0
421.14387573211104 116.72829131652658 -1 0 0
413.66335625159155 127.94907053730576 -1 0 0
580.7282913165266 145.40361599185118 -1 0 0
562.0269926152279 127.94907053730576 -1 0 0
598.1828367710721 103.01400560224083 -1 0 0
14.910109498344765 143.84517443340968 -1 0 0
3.6893302775655434 171.27374586198113 -1 0 0
1.1958237840590298 143.84517443340968 -1 0 0
0.5724471606824284 93.35166793990321 -1 0 0
11.793226381461649 85.8711484593837 -1 0 0
23.01400560224087 99.58543417366944 -1 0 0
16.78023936847464 94.59842118665644 -1 0 0
43.585434173669434 117.03997962821488 -1 0 0
41.09192768016296 94.59842118665644 -1 0 0
34.23478482302009 88.98803157626682 -1 0 0
38.598421186656445 77.143875732111 -1 0 0
34.23478482302009 71.53348612172137 -1 0 0
53.55946014769542 77.76725235548763 -1 0 0
57.92309651133177 98.9620575502928 -1 0 0
72.26075884899412 130.13088871912402 -1 0 0
82.23478482302009 119.5334861217214 -1 0 0
93.45556404379931 99.58543417366944 -1 0 0
82.85816144639672 87.11790170613698 -1 0 0
77.87114845938373 68.41660300483825 -1 0 0
89.09192768016295 81.50751209574734 -1 0 0
97.81920040743566 67.16984975808501 -1 0 0
108.41660300483828 64.05296664120189 -1 0 0
115.27374586198111 69.6633562515915 -1 0 0
124.0010185892539 80.26075884899412 -1 0 0
138.96205755029283 108.31270690094215 -1 0 0
150.80621339444866 88.98803157626682 -1 0 0
148.9360835243188 59.68933027756551 -1 0 0
124.0010185892539 58.44257703081231 -1 0 0
138.96205755029283 58.44257703081231 -1 0 0
155.16984975808504 62.80621339444862 -1 0 0
181.35166793990325 75.89712248535771 -1 0 0
172.62439521263047 100.20881079704608 -1 0 0
175.74127832951365 90.23478482302009 -1 0 0
196.9360835243188 106.4425770308123 -1 0 0
216.26075884899413 102.07894066717591 -1 0 0
243.06595365418897 124.52049910873436 -1 0 0
175.74127832951365 59.06595365418887 -1 0 0
185.71530430353957 62.80621339444862 -1 0 0
179.48153806977334 54.078940667175914 -1 0 0
168.26075884899413 47.84517443340968 -1 0 0
195.68933027756555 45.975044563279845 -1 0 0
199.4295900178253 50.33868092691616 -1 0 0
219.37764196587725 55.325693913929186 -1 0 0
221.2477718360071 62.80621339444862 -1 0 0
211.89712248535776 40.98803157626682 -1 0 0
223.74127832951365 40.98803157626682 -1 0 0
230.5984211866565 47.221797810033046 -1 0 0
237.4555640437993 42.85816144639673 -1 0 0
249.92309651133183 65.29971988795513 -1 0 0
266.13088871912396 68.41660300483825 -1 0 0
254.9101094983448 52.20881079704608 -1 0 0
233.091927680163 61.55946014769542 -1 0 0
275.4815380697734 100.20881079704608 -1 0 0
262.39062897886436 113.92309651133178 -1 0 0
298.5464731347084 93.97504456327984 -1 0 0
297.9230965113319 126.39062897886427 -1 0 0
309.76725235548764 112.67634326457853 -1 0 0
319.7412783295137 115.79322638146165 -1 0 0
322.23478482302016 100.20881079704608 -1 0 0
329.09192768016294 80.88413547237074 -1 0 0
286.07894066717597 64.67634326457853 -1 0 0
276.10491469315 64.67634326457853 -1 0 0
276.7282913165266 49.715304303539526 -1 0 0
372.72829131652657 103.94907053730579 -1 0 0
315.3776419658773 160.0529666412019 -1 0 0
304.1568627450981 161.92309651133178 -1 0 0
503.63738222561756 128.2607588489941 -1 0 0
466.8581614463967 103.94907053730579 -1 0 0
483.68933027756555 64.05296664120189 -1 0 0
473.71530430353965 71.53348612172137 -1 0 0
462.49452508276033 51.585434173669434 -1 0 0
433.19582378405903 59.68933027756551 -1 0 0
429.45556404379937 62.80621339444862 -1 0 0
398.91010949834475 45.975044563279845 -1 0 0
374.59842118665654 51.585434173669434 -1 0 0
269.03997962821495 38.49452508276027 -1 0 0
253.45556404379934 32.26075884899404 -1 0 0
256.5724471606825 43.48153806977322 -1 0 0
284.6243952126306 44.10491469314986 -1 0 0
285.8711484593838 34.13088871912388 -1 0 0
279.0140056022409 38.49452508276027 -1 0 0
291.4815380697734 34.75426534250052 -1 0 0
298.96205755029285 26.026992615227808 -1 0 0
302.078940667176 29.76725235548756 -1 0 0
315.7932263814617 32.88413547237067 -1 0 0
312.052966641202 27.89712248535765 -1 0 0
319.53348612172147 28.520499108734285 -1 0 0
315.1698497580851 23.53348612172126 -1 0 0
328.26075884899416 25.403615991851172 -1 0 0
328.26075884899416 19.16984975808494 -1 0 0
341.3516679399033 27.89712248535765 -1 0 0
351.9490705373059 19.79322638146158 -1 0 0
359.4295900178254 19.16984975808494 -1 0 0
362.5464731347085 26.026992615227808 -1 0 0
384.98803157626696 25.403615991851172 -1 0 0
378.1308887191241 16.676343264578463 -1 0 0
373.7672523554877 14.806213394448552 -1 0 0
385.6114081996436 12.936083524318711 -1 0 0
391.8451744334098 19.16984975808494 -1 0 0
409.29971988795523 25.403615991851172 -1 0 0
415.53348612172147 32.26075884899404 -1 0 0
399.9490705373059 39.117901706136905 -1 0 0
428.00101858925393 38.49452508276027 -1 0 0
401.19582378405914 16.676343264578463 -1 0 0
399.32569391392923 10.442577030812233 -1 0 0
397.4555640437994 2.338680926916091 -1 0 0
407.4295900178254 6.078940667175844 -1 0 0
413.6633562515916 3.585434173669366 -1 0 0
421.14387573211104 10.442577030812233 -1 0 0
431.11790170613705 6.70231729055248 -1 0 0
421.7672523554877 1.715304303539454 -1 0 0
445.4555640437994 12.312706900942073 -1 0 0
449.19582378405914 34.13088871912388 -1 0 0
457.29971988795523 34.13088871912388 -1 0 0
472.8841354723708 49.715304303539455 -1 0 0
482.23478482302016 49.715304303539455 -1 0 0
494.7023172905526 62.80621339444855 -1 0 0
502.80621339444883 61.55946014769535 -1 0 0
498.4425770308123 52.83218742042256 -1 0 0
517.1438757321112 116.41660300483821 -1 0 0
540.8321874204228 104.57244716068236 -1 0 0
566.3906289788644 73.40361599185121 -1 0 0
594.4425770308125 87.74127832951355 -1 0 0
633.7153043035397 102.07894066717587 -1 0 0
636.2088107970462 119.53348612172132 -1 0 0
642.4425770308125 131.3776419658772 -1 0 0
647.4295900178254 45.35166793990314 -1 0 0
643.6893302775657 27.89712248535765 -1 0 0
624.3646549528903 27.89712248535765 -1 0 0
620.6243952126306 21.66335625159142 -1 0 0
593.1958237840591 23.53348612172126 -1 0 0
593.8192004074359 55.94907053730568 -1 0 0
607.5334861217215 48.468551056786254 -1 0 0
599.4295900178254 36.624395212630354 -1 0 0
571.3776419658774 42.85816144639666 -1 0 0
560.1568627450981 25.403615991851172 -1 0 0
568.8841354723708 19.16984975808494 -1 0 0
554.5464731347085 19.16984975808494 -1 0 0
547.065953654189 34.13088871912388 -1 0 0
555.1698497580852 42.85816144639666 -1 0 0
535.8451744334099 40.98803157626674 -1 0 0
524.0010185892539 43.48153806977322 -1 0 0
530.2347848230202 25.403615991851172 -1 0 0
506.5464731347085 25.403615991851172 -1 0 0
479.11790170613705 23.53348612172126 -1 0 0
489.0919276801631 17.923096511331668 -1 0 0
469.143875732111 7.9490705373056825 -1 0 0
463.53348612172147 4.832187420422569 -1 0 0
488.4685510567864 1.715304303539454 -1 0 0
497.8192004074358 10.442577030812233 -1 0 0
502.1828367710721 9.195823784058959 -1 0 0
510.28673287496827 10.442577030812233 -1 0 0
528.3646549528903 4.208810797046003 -1 0 0
451.68933027756555 1.715304303539525 -1 0 0
447.9490705373059 3.5854341736694373 -1 0 0
474.7542653425007 1.715304303539525 -1 0 0
512.156862745098 1.715304303539525 -1 0 0
519.6373822256176 4.83218742042264 -1 0 0
658.6503692386045 13.55946014769542 -1 0 0
673.6114081996436 6.078940667175915 -1 0 0
669.8711484593838 1.715304303539525 -1 0 0
678.5984211866565 8.572447160682392 -1 0 0
682.3386809269163 17.2997198879551 -1 0 0
707.8971224853578 40.98803157626682 -1 0 0
708.5204991087344 23.533486121721403 -1 0 0
712.2607588489942 14.806213394448621 -1 0 0
704.7802393684748 7.949070537305755 -1 0 0
695.4295900178254 3.5854341736694373 -1 0 0
717.2477718360072 3.5854341736694373 -1 0 0
688.5724471606826 1.715304303539525 -1 0 0
733.4555640437993 14.806213394448621 -1 0 0
735.3256939139293 7.949070537305755 -1 0 0
742.1828367710721 6.078940667175915 -1 0 0
752.156862745098 9.19582378405903 -1 0 0
768.9880315762668 6.078940667175915 -1 0 0
772.10491469315 8.572447160682392 -1 0 0
765.8711484593838 69.03997962821488 -1 0 0
700.4166030048383 73.40361599185124 -1 0 0
773.97504456328 113.29971988795516 -1 0 0
770.2347848230202 87.74127832951362 -1 0 0
772.7282913165267 173.76725235548764 -1 0 0
762.7542653425006 173.76725235548764 -1 0 0
763.3776419658774 199.94907053730583 -1 0 0
737.1958237840591 214.28673287496815 -1 0 0
775.2217978100331 211.79322638146164 -1 0 0
775.2217978100331 23.533486121721403 -1 0 0
493.45556404379937 133.2477718360071 -1 0 0
482.8581614463967 7.949070537305755 -1 0 0
416.7802393684747 12.312706900942144 -1 0 0
409.29971988795523 11.06595365418887 -1 0 0
392.4685510567864 7.949070537305755 -1 0 0
300.83218742042277 35.377641965877224 -1 0 0
803.6893302775655 170.02699261522787 -1 0 0
790.5984211866565 97.71530430353955 -1 0 0
780.6243952126305 86.49452508276033 -1 0 0
844.2088107970461 93.35166793990321 -1 0 0
836.7282913165266 89.61140819964345 -1 0 0
916.5204991087344 65.29971988795513 -1 0 0
907.7932263814616 62.80621339444862 -1 0 0
915.8971224853578 54.078940667175914 -1 0 0
917.1438757321109 44.10491469314993 -1 0 0
864.156862745098 47.84517443340968 -1 0 0
856.6763432645786 62.80621339444862 -1 0 0
825.8192004074357 20.57244716068243 -1 0 0
818.9620575502928 20.57244716068243 -1 0 0
783.7412783295136 14.962057550292835 -1 0 0
799.6373822256176 28.0529666412019 -1 0 0
828.3127069009423 14.02699261522788 -1 0 0
848.8841354723708 13.403615991851245 -1 0 0
852.0010185892539 15.273745861981121 -1 0 0
861.6633562515915 27.117901706136976 -1 0 0
864.7802393684748 32.104914693149965 -1 0 0
870.0789406671761 32.104914693149965 -1 0 0
884.10491469315 36.468551056786325 -1 0 0
900.6243952126305 24.31270690094218 -1 0 0
896.8841354723708 19.32569391392919 -1 0 0
899.3776419658774 19.637382225617507 -1 0 0
885.9750445632799 19.32569391392919 -1 0 0
911.8451744334099 51.117901706136976 -1 0 0
941.1438757321112 117.50751209574736 -1 0 0
940.8321874204228 98.49452508276036 -1 0 0
959.5334861217215 142.130888719124 -1 0 0
964.3127069009421 230.1988207870561 -1 0 0
249.307364417339 37.936126959144865 -1 0 0
763.8759262902487 113.38763197586715 -1 0 0
757.4545216079746 131.79565873172 -1 0 0
775.0063610728574 124.51806675847585 -1 0 0
697.9495048855664 110.49799986884388 -1 0 0
777.3608761230246 99.36756508623515 -1 0 0
892.6250901698473 33.38763197586725 -1 0 0
946.8859597350646 144.42442127352604 -1 0 0
307.95619384877716 63.835792510984334 -1 0 0
