18.04434005907259 386.94452154727594 -1 0 0
82.16049250916338 233.62328742749378 -1 0 0
225.72492082132308 257.3183872460056 -1 0 0
275.90277926052454 307.496245685207 -1 0 0
384.621472545461 278.2258282623395 -1 0 0
497.52165403366433 353.49261592114163 -1 0 0
503.09697163802 294.95178107540664 -1 0 0
639.6922529447352 342.3419807124302 -1 0 0
766.5307284438278 437.1223799864773 -1 0 0
926.8211095690546 622.5016903313051 -1 0 0
950.5162093875665 582.0806376997261 -1 0 0
919.85196256361 367.430909932031 -1 0 0
751.1986050318495 268.46902245471705 -1 0 0
755.3800932351163 182.0515995872034 -1 0 0
799.9826340699622 184.83925838938126 -1 0 0
737.2603110209602 159.7503291697805 -1 0 0
610.4218355218676 140.23671755453546 -1 0 0
472.43272481406365 165.3256467741363 -1 0 0
178.33472118429955 159.7503291697805 -1 0 0
199.24216220063352 120.72310593929048 -1 0 0
260.57065584854627 110.96630013166806 -1 0 0
413.8918899683286 91.45268851642294 -1 0 0
522.6105832532652 91.45268851642294 -1 0 0
16.06974840753002 152.4327248140636 -1 0 0
61.36920394292022 141.97900430589664 -1 0 0
108.06248887939938 129.43453969609624 -1 0 0
171.48172662894567 139.19134550371876 -1 0 0
177.7539589338458 114.79933098466248 -1 0 0
191.69225294473515 92.49806056723965 -1 0 0
214.69043806270247 91.10423116615073 -1 0 0
262.7775524002706 58.3492402405609 -1 0 0
289.9572257215047 44.41094622967156 -1 0 0
324.1060460481835 31.16956691932679 -1 0 0
19.554321910252337 46.501690331304985 -1 0 0
59.27845984128683 89.71040176506179 -1 0 0
58.581545140742364 78.55976655635034 -1 0 0
80.88281555816526 73.6813636525391 -1 0 0
105.97174477776595 63.2276431443721 -1 0 0
119.9100387886553 56.9554108394719 -1 0 0
131.0606739973667 55.56158143838305 -1 0 0
154.05885911533406 43.71403152912713 -1 0 0
164.51257962350104 40.92637272694928 -1 0 0
177.05704423330138 4.686808298637105 -1 0 0
188.9045941425573 4.686808298637105 -1 0 0
207.02437635671333 24.200419913882083 -1 0 0
227.2349026725028 20.018931710615302 -1 0 0
229.84833279954447 31.69225294473504 -1 0 0
305.28934913348263 4.686808298637034 -1 0 0
336.6505106579835 7.474467100814888 -1 0 0
405.8192946870217 20.541617736023625 -1 0 0
880.0116721824847 78.55976655635034 -1 0 0
922.5234689156971 72.98444895199464 -1 0 0
985.2457919646988 132.2221984982741 -1 0 0
1002.6686594783104 60.43998434219426 -1 0 0
1012.425465285933 38.835628625315856 -1 0 0
978.9735596597988 19.322017010070876 -1 0 0
969.2167538521761 8.171381801359386 -1 0 0
986.6396213657877 3.2929788975481786 -1 0 0
904.4036867015409 49.98626383402727 -1 0 0
879.3147574819402 45.80477563076049 -1 0 0
870.9517810754066 29.77573751823779 -1 0 0
921.129639514608 4.686808298637105 -1 0 0
841.6813636525392 21.412761111704228 -1 0 0
788.7158464111598 17.928187608981947 -1 0 0
809.6232874274938 6.77755240027046 -1 0 0
800.5633963204158 6.77755240027046 -1 0 0
759.4454289882923 29.77573751823779 -1 0 0
723.2058645599801 76.46902245471695 -1 0 0
714.1459734529021 68.80296074872781 -1 0 0
620.0624888793994 13.049784705170667 -1 0 0
653.5143945055337 37.441799224226926 -1 0 0
649.3329063022668 19.322017010070876 -1 0 0
675.118750222412 6.77755240027046 -1 0 0
702.2984235436462 29.078822817693364 -1 0 0
712.7521440518132 21.412761111704228 -1 0 0
758.7485142877479 12.35287000462624 -1 0 0
741.8483327995447 18.102416284117986 -1 0 0
729.3038681897442 7.64869577595103 -1 0 0
700.7303654674212 9.042525177039957 -1 0 0
538.4653926906517 34.47991174691289 -1 0 0
565.2966086616136 18.450873634390234 -1 0 0
576.447243870325 4.164122273228678 -1 0 0
556.5851749048078 13.224013380306738 -1 0 0
518.6033237251344 16.011672182484592 -1 0 0
504.31657236397285 34.13145439664068 -1 0 0
479.22764314437217 11.133269278673348 -1 0 0
486.1967901498168 15.663214832212343 -1 0 0
443.3365360663322 9.739439877584422 -1 0 0
322.0733781715954 168.63599160172234 -1 0 0
492.9568627450981 -42.87762001352259 -1 0 0
404.23962136578785 -52.146585530763936 -1 0 0
344.7722473604828 1.976260738409074 -1 0 0
