4.728291316526569 108.00101858925379 -1 0 0
42.13088871912395 95.53348612172132 -1 0 0
87.01400560224083 318.70231729055257 -1 0 0
145.61140819964345 339.8971224853577 -1 0 0
392.46855105678634 558.078940667176 -1 0 0
462.2867328749681 535.6373822256174 -1 0 0
537.091927680163 565.5594601476954 -1 0 0
554.5464731347084 640.3646549528903 -1 0 0
694.1828367710722 756.3127069009423 -1 0 0
104.35166793990317 90.59783086788435 -1 0 0
131.93608352431875 102.50928305206381 -1 0 0
136.32451327638483 114.42073523624326 -1 0 0
145.10137278051707 105.64387573211107 -1 0 0
183.97032201310267 86.20940111581827 -1 0 0
200.89712248535773 106.27079426812048 -1 0 0
233.4968863578489 105.64387573211107 -1 0 0
303.71176239090676 116.9284093802811 -1 0 0
340.0730374794545 125.70526888441333 -1 0 0
355.7460008796907 167.70881079704614 -1 0 0
340.699956015464 181.50101858925396 -1 0 0
355.7460008796907 272.4042063106235 -1 0 0
293.6810658147555 278.0464731347085 -1 0 0
390.22652036021015 207.20467856564125 -1 0 0
414.67634326457846 202.81624881357507 -1 0 0
426.5877954487579 291.2117623909068 -1 0 0
436.6184920249091 313.1539111512374 -1 0 0
530.6562724263258 286.1964141028313 -1 0 0
569.5252216589114 307.51164432715245 -1 0 0
583.9443479871287 213.47386392573563 -1 0 0
551.971502650647 215.98153806977342 -1 0 0
560.7483621547792 165.82805518901785 -1 0 0
543.8215616825242 168.3357293330556 -1 0 0
500.5641826978724 150.1550917887817 -1 0 0
393.9880315762668 121.94375766835665 -1 0 0
353.2383267356529 66.77492649952546 -1 0 0
404.64564668842735 58.624985531402686 -1 0 0
432.230062272843 64.2672523554877 -1 0 0
464.20290760932465 69.28260064356323 -1 0 0
457.30680371322075 105.64387573211107 -1 0 0
426.5877954487579 108.77846841215832 -1 0 0
417.8109359446257 121.31683913234723 -1 0 0
443.51459592101304 130.09369863647944 -1 0 0
492.4142417297497 115.04765377225276 -1 0 0
539.4331319304582 117.55532791629051 -1 0 0
560.7483621547792 99.37469037201663 -1 0 0
576.4213255550154 91.22474940389378 -1 0 0
575.1674884829965 79.31329721971433 -1 0 0
706.9630695253308 251.58560283617578 -1 0 0
759.1870533337301 251.58560283617578 -1 0 0
817.522354396304 170.47175564440656 -1 0 0
797.5216797462787 170.47175564440656 -1 0 0
728.6304670628581 161.58256691106195 -1 0 0
701.9629008628244 169.9161813485725 -1 0 0
685.2956719878033 129.9148320485219 -1 0 0
673.6286117752886 102.1361172568201 -1 0 0
649.1833427585909 98.24709718598184 -1 0 0
630.2938167002337 96.58037429847975 -1 0 0
715.8522582586752 90.46905704430533 -1 0 0
737.5196557962028 99.91382007348398 -1 0 0
793.0770853796064 89.35790845263728 -1 0 0
812.5221857337975 98.24709718598184 -1 0 0
818.633502987972 78.80199683179058 -1 0 0
810.2998885504613 55.467876406761064 -1 0 0
849.190089258844 85.46888838179902 -1 0 0
847.5233663713419 110.46973169433063 -1 0 0
863.0794466546948 56.02345070259509 -1 0 0
499.7338571792352 57.134599294263154 -1 0 0
392.5980838616438 21.335476339296044 -1 0 0
390.6550917887816 9.288925487550397 -1 0 0
388.32350130134694 1.5169571961015724 -1 0 0
395.7068711782233 5.014342927253535 -1 0 0
435.73250787918465 4.237146098108675 -1 0 0
452.0536412912272 8.511728658405497 -1 0 0
471.87216043442163 13.174909633274806 -1 0 0
458.6598143389587 29.884641459889725 -1 0 0
457.1054206806689 37.65660975133855 -1 0 0
471.87216043442163 32.21623194732438 -1 0 0
425.6289491003012 23.278468412158247 -1 0 0
435.73250787918465 29.496043045317315 -1 0 0
375.49975362045643 20.169681095578735 -1 0 0
361.8988091104209 24.832862070448005 -1 0 0
369.28217898729736 21.335476339296044 -1 0 0
396.4840680073682 33.770625605614136 -1 0 0
411.25080776112094 34.93642084933148 -1 0 0
465.2659873866902 47.37157011564954 -1 0 0
486.25030177360196 55.53213682167081 -1 0 0
516.1723796956799 52.811947919663744 -1 0 0
501.0170415273547 31.050436703607073 -1 0 0
505.29162408765154 14.729303291564564 -1 0 0
535.9908988388744 13.952106462419668 -1 0 0
543.3742687157508 15.895098535281873 -1 0 0
537.9338909117366 21.72407475386849 -1 0 0
539.0996861554539 25.998657314165314 -1 0 0
543.3742687157508 28.718846216172416 -1 0 0
537.5452924971642 39.599601824200754 -1 0 0
560.8611973715106 46.205774871932235 -1 0 0
562.0269926152279 39.988200238773196 -1 0 0
563.5813862735176 29.496043045317315 -1 0 0
552.3120322509169 26.775854143310212 -1 0 0
567.8559688338145 13.174909633274806 -1 0 0
572.5191498086838 6.957335000115742 -1 0 0
580.679716514705 13.174909633274806 -1 0 0
577.5709291981256 16.672295364426766 -1 0 0
570.5761577358215 20.169681095578735 -1 0 0
587.2858895624365 24.055665241303146 -1 0 0
585.3428974895743 29.884641459889725 -1 0 0
588.4516848061538 20.169681095578735 -1 0 0
596.2236530976027 33.770625605614136 -1 0 0
644.7984549191577 39.211003409628304 -1 0 0
628.4773215071152 33.770625605614136 -1 0 0
614.099180167935 37.65660975133855 -1 0 0
610.9903928513554 28.33024780159997 -1 0 0
621.8711484593838 25.998657314165314 -1 0 0
595.4464562684578 7.7345318292606375 -1 0 0
599.7210388287547 17.44949219357163 -1 0 0
607.8816055347759 10.843319145840153 -1 0 0
604.7728182181964 3.8485476835362267 -1 0 0
629.6431167508326 16.672295364426766 -1 0 0
624.9799357759633 15.117901706137012 -1 0 0
644.7984549191577 27.164452557882658 -1 0 0
637.4150850422814 24.832862070448005 -1 0 0
639.7466755297161 18.615287437288977 -1 0 0
653.736218454324 19.392484266433836 -1 0 0
657.6222026000482 61.36111304025743 -1 0 0
652.1818247960341 75.73925437943772 -1 0 0
853.3189474136765 40.734278835501165 -1 0 0
855.2589035614247 35.561062441505534 -1 0 0
843.29584065031 38.14767063850334 -1 0 0
838.1226242563142 39.44097473700228 -1 0 0
836.8293201578155 49.78740752499351 -1 0 0
820.6630189265791 47.2007993279957 -1 0 0
814.1964984340846 40.087626786251725 -1 0 0
818.3997367542061 36.531040515379715 -1 0 0
826.4828873698242 35.884388466130275 -1 0 0
825.5129092959501 28.12456387513685 -1 0 0
852.672295364427 7.755024323779092 -1 0 0
853.965599462926 3.551786003657659 -1 0 0
849.4390351181797 3.551786003657659 -1 0 0
858.4921638076721 4.5217640775318415 -1 0 0
854.9355775368001 20.041413259518688 -1 0 0
836.8293201578155 15.514848914772514 -1 0 0
845.2357967980582 19.071435185644503 -1 0 0
846.2057748719325 11.311610594651082 -1 0 0
846.2057748719325 3.551786003657659 -1 0 0
836.5059941331907 1.935155880534034 -1 0 0
833.5960599115682 8.725002397653274 -1 0 0
833.2727338869435 6.461720225280207 -1 0 0
831.9794297884445 12.604914693149968 -1 0 0
826.806213394449 14.868196865523071 -1 0 0
828.7461695421972 11.634936619275821 -1 0 0
828.7461695421972 8.078350348403832 -1 0 0
829.3928215914467 2.258481905158738 -1 0 0
822.6029750743274 2.258481905158738 -1 0 0
818.0764107295813 5.491742151406024 -1 0 0
817.1064326557071 2.258481905158738 -1 0 0
824.8662572467006 8.725002397653274 -1 0 0
818.0764107295813 14.868196865523071 -1 0 0
812.2565422863363 15.514848914772514 -1 0 0
816.4597806064577 25.861281702763744 -1 0 0
805.1433697445923 39.44097473700228 -1 0 0
780.2472658484884 53.02066777124077 -1 0 0
765.6975947403756 55.28394994361385 -1 0 0
786.7137863409829 37.82434461387864 -1 0 0
790.5936986364796 34.91441039225609 -1 0 0
795.7669150304752 25.861281702763744 -1 0 0
805.1433697445923 24.567977604264858 -1 0 0
801.5867834737203 16.808153013271436 -1 0 0
804.8200437199675 13.574892767024151 -1 0 0
811.286564212462 10.018306496152196 -1 0 0
814.1964984340846 7.755024323779092 -1 0 0
812.579868310961 5.815068176030728 -1 0 0
809.023282040089 3.22845997903292 -1 0 0
807.72997794159 6.78504624990491 -1 0 0
804.173391670718 2.5818079297834773 -1 0 0
803.5267396214686 5.491742151406024 -1 0 0
801.5867834737203 9.371654446902717 -1 0 0
799.9701533505965 12.281588668525265 -1 0 0
792.5336547842279 17.131479037896142 -1 0 0
789.9470465872301 13.251566742399447 -1 0 0
798.6768492520978 3.22845997903292 -1 0 0
793.1803068334774 1.2885038312845911 -1 0 0
787.3604383902324 1.2885038312845911 -1 0 0
785.4204822424839 3.551786003657659 -1 0 0
780.5705918731131 10.018306496152196 -1 0 0
779.6006137992389 15.514848914772514 -1 0 0
777.3373316268659 28.12456387513685 -1 0 0
766.0209207650004 25.2146296535143 -1 0 0
766.0209207650004 17.77813108714562 -1 0 0
764.7276166665015 14.868196865523071 -1 0 0
773.1340933067444 11.634936619275821 -1 0 0
776.3673535529916 10.018306496152196 -1 0 0
779.2772877746141 7.108372274529649 -1 0 0
771.8407892082454 1.2885038312845911 -1 0 0
766.6675728142499 1.935155880534034 -1 0 0
762.4643344941284 7.755024323779092 -1 0 0
759.2310742478811 1.935155880534034 -1 0 0
755.3511619523845 1.935155880534034 -1 0 0
750.8245976076382 1.935155880534034 -1 0 0
755.6744879770092 15.838174939397254 -1 0 0
751.147923632263 7.755024323779092 -1 0 0
755.0278359277597 6.461720225280207 -1 0 0
750.1779455583888 18.10145711177032 -1 0 0
747.2680113367662 8.725002397653274 -1 0 0
742.4181209673955 10.988284570026343 -1 0 0
743.7114250658942 20.041413259518688 -1 0 0
709.1155404310485 54.31397186973968 -1 0 0
699.4157596923068 43.967539081748434 -1 0 0
665.4665271067106 39.764300761626984 -1 0 0
667.0831572298341 65.9537087562298 -1 0 0
653.180138170971 11.311610594651082 -1 0 0
663.5265709589622 7.755024323779092 -1 0 0
662.8799189097127 16.161500964021958 -1 0 0
668.3764613283331 21.334717358017574 -1 0 0
679.3695461655739 16.808153013271436 -1 0 0
672.9030256730792 30.387846047509917 -1 0 0
680.9861762886974 26.83125977663793 -1 0 0
695.53584739681 30.387846047509917 -1 0 0
689.715978953565 22.628021456516496 -1 0 0
706.205606209426 33.29778026913247 -1 0 0
723.6652115391613 42.35090895862481 -1 0 0
726.8984717854086 32.004476170633545 -1 0 0
719.4619732190398 22.304695431891755 -1 0 0
708.7922144064238 20.041413259518688 -1 0 0
736.921578548775 3.22845997903292 -1 0 0
730.1317320316558 6.461720225280207 -1 0 0
727.2217978100332 1.935155880534034 -1 0 0
724.6351896130354 5.491742151406024 -1 0 0
741.1248168688965 5.491742151406024 -1 0 0
720.7552773175388 3.22845997903292 -1 0 0
716.2287129727926 4.198438052907102 -1 0 0
705.5589541601765 11.634936619275821 -1 0 0
712.025474652671 4.198438052907102 -1 0 0
692.6259131751875 6.461720225280207 -1 0 0
688.4226748550661 3.22845997903292 -1 0 0
681.6328283379469 5.491742151406024 -1 0 0
678.0762420670749 6.78504624990491 -1 0 0
622.464165831622 7.108372274529649 -1 0 0
615.0276672652533 8.078350348403832 -1 0 0
596.9214098862686 24.567977604264858 -1 0 0
543.7820946560443 39.646658663465345 -1 0 0
669.0474007784932 15.03441376550615 -1 0 0
732.9171933236104 5.4166030048382865 -1 0 0
705.8215616825242 3.185198046160604 -1 0 0
867.1202629812253 37.293816700233805 -1 0 0
874.1332499942124 36.656272426325884 -1 0 0
870.3079843507651 35.06241174155612 -1 0 0
870.9455286246729 45.900664397990575 -1 0 0
875.0895664050744 29.962057550292837 -1 0 0
875.4083385420282 21.036437715582103 -1 0 0
876.0458828159362 8.60432437437785 -1 0 0
871.5830728985808 4.460286593976443 -1 0 0
879.8711484593837 4.460286593976443 -1 0 0
878.2772877746139 1.2725652244368808 -1 0 0
865.8451744334096 10.198185059147612 -1 0 0
866.4827187073175 21.036437715582103 -1 0 0
820.579530985948 9.241868648285768 -1 0 0
840.9328789366988 16.79651530033484 -1 0 0
651.0732507049648 1.8157256213522024 -1 0 0
641.4411436815534 1.066561741753539 -1 0 0
576.3709095678411 56.6117122434258 -1 0 0
590.6050232802155 14.230441340415757 -1 0 0
830.6585349859016 20.223752377205056 -1 0 0
862.8725818086441 6.738802544429138 -1 0 0
860.5180667584768 18.832448029378966 -1 0 0
858.3775985310522 17.22709685881041 -1 0 0
840.5046888320554 9.307364417338837 -1 0 0
