648.0529666412019 571.7932263814617 -1 0 0
780.2088107970462 516.9360835243189 -1 0 0
836.3127069009423 440.8841354723708 -1 0 0
953.5075120957475 384.7802393684747 -1 0 0
995.8971224853577 339.8971224853578 -1 0 0
95.74127832951355 322.44257703081234 -1 0 0
135.63738222561747 282.54647313470844 -1 0 0
163.06595365418886 245.14387573211107 -1 0 0
197.97504456327985 217.71530430353965 -1 0 0
214.18283677107206 227.68933027756557 -1 0 0
220.4166030048383 260.10491469315 -1 0 0
244.10491469314994 247.63738222561753 -1 0 0
267.7932263814615 256.3646549528903 -1 0 0
348.8321874204227 283.7932263814617 -1 0 0
502.18283677107206 285.0399796282149 -1 0 0
517.143875732111 273.81920040743574 -1 0 0
509.66335625159155 201.5075120957474 -1 0 0
469.76725235548764 177.81920040743574 -1 0 0
538.3386809269163 192.78023936847467 -1 0 0
503.4295900178253 119.22179781003312 -1 0 0
724.1049146931501 251.37764196587733 -1 0 0
702.9101094983449 247.63738222561753 -1 0 0
750.2867328749682 181.5594601476954 -1 0 0
701.6633562515915 179.065953654189 -1 0 0
700.4166030048383 154.13088871912402 -1 0 0
680.4685510567863 162.85816144639674 -1 0 0
666.7542653425006 105.50751209574739 -1 0 0
699.1698497580852 95.53348612172147 -1 0 0
288.9880315762668 129.1958237840591 -1 0 0
303.9490705373058 125.45556404379934 -1 0 0
318.9101094983448 117.97504456327984 -1 0 0
310.182836771072 103.01400560224097 -1 0 0
591.9490705373058 85.55946014769542 -1 0 0
500.9360835243188 59.377641965877224 -1 0 0
398.70231729055257 61.87114845938376 -1 0 0
341.3516679399031 24.936083524318818 -1 0 0
419.27374586198107 29.92309651133181 -1 0 0
500.00101858925376 13.403615991851279 -1 0 0
405.8711484593836 18.70231729055259 -1 0 0
381.55946014769535 14.026992615227915 -1 0 0
368.4685510567862 16.208810797046073 -1 0 0
313.92309651133166 34.9101094983448 -1 0 0
309.24777183600696 5.299719887955172 -1 0 0
322.96205755029274 5.61140819964349 -1 0 0
336.98803157626674 5.299719887955172 -1 0 0
343.53348612172135 2.182836771072057 -1 0 0
356.9360835243187 1.8711484593837382 -1 0 0
364.10491469314985 7.481538069773366 -1 0 0
696.3646549528903 89.76725235548764 -1 0 0
673.2997198879552 16.52049910873439 -1 0 0
659.2737458619813 43.94907053730583 -1 0 0
682.3386809269164 17.14387573211103 -1 0 0
702.9101094983449 6.858161446396729 -1 0 0
728.156862745098 6.54647313470841 -1 0 0
707.8971224853578 27.741278329513612 -1 0 0
717.2477718360072 24.936083524318818 -1 0 0
717.5594601476955 40.20881079704609 -1 0 0
739.3776419658774 31.481538069773368 -1 0 0
756.5204991087344 21.8192004074357 -1 0 0
765.8711484593839 15.585434173669471 -1 0 0
773.0399796282151 9.663356251591525 -1 0 0
787.6893302775657 12.780239368474676 -1 0 0
851.8971224853577 16.52049910873439 -1 0 0
862.4945250827603 15.273745861981155 -1 0 0
869.3516679399032 9.039979628214924 -1 0 0
885.5594601476954 12.780239368474676 -1 0 0
906.130888719124 49.871148459383754 -1 0 0
1008.0529666412019 55.481538069773364 -1 0 0
1020.8321874204228 29.61140819964349 -1 0 0
28.00101858925386 88.98803157626682 -1 0 0
24.260758848994108 109.55946014769538 -1 0 0
46.70231729055255 146.9620575502928 -1 0 0
77.2477718360071 155.68933027756552 -1 0 0
110.28673287496817 129.5075120957473 -1 0 0
128.98803157626685 165.6633562515915 -1 0 0
305.4036159918513 107.6893302775655 -1 0 0
629.0264279624895 77.42776575513138 -1 0 0
