215.48322469483654 36.03390777798724 -1 0 0
235.77231223067733 32.5699172230876 -1 0 0
267.93793881188833 22.177945558388647 -1 0 0
296.1447190446426 6.837415958118785 -1 0 0
320.3926529289401 50.3847257911429 -1 0 0
336.2280383227671 67.20982277208404 -1 0 0
387.6930408527047 55.333283726713844 -1 0 0
258.5356787343036 54.838427933156744 -1 0 0
394.6210219625039 17.72424341637484 -1 0 0
400.55929148518896 13.7653970679181 -1 0 0
422.82780219525824 9.80655071946136 -1 0 0
435.19919703418543 12.280829687246795 -1 0 0
471.8185257574103 13.270541274360998 -1 0 0
475.28251631230995 3.8682811967762474 -1 0 0
491.1179017061369 6.342560164561684 -1 0 0
489.1384785319085 36.528763571544346 -1 0 0
475.777372105867 26.13679190684539 -1 0 0
415.4049652919018 23.662512939059916 -1 0 0
367.40395331686386 92.94232403705286 -1 0 0
368.393664903978 83.04520816591096 -1 0 0
307.5264022964557 121.64396006336416 -1 0 0
294.1652958704142 141.43819180564788 -1 0 0
269.9173619861167 160.2427119608174 -1 0 0
240.72087016624826 165.6861256899454 -1 0 0
313.9595276126979 155.29415402524646 -1 0 0
362.45539538129293 133.52049910873438 -1 0 0
393.6313103753898 143.9124707734333 -1 0 0
413.9203979112305 130.0565085538347 -1 0 0
449.5500150473412 119.1696810955787 -1 0 0
484.1899205963376 136.98448966363404 -1 0 0
497.55102702237906 139.45876863141947 -1 0 0
449.5500150473412 141.43819180564788 -1 0 0
562.8719917719153 141.93304759920494 -1 0 0
570.7896844688288 223.08939774256805 -1 0 0
568.8102612946004 190.4289153678 -1 0 0
529.221797810033 187.95463640001452 -1 0 0
615.8215616825241 161.23242354793155 -1 0 0
487.6539111512373 222.594541949011 -1 0 0
513.8812682097632 260.20358225935 -1 0 0
549.5108853458738 284.9463719372046 -1 0 0
411.9409747370022 297.3177667761319 -1 0 0
258.5356787343036 259.2138706722358 -1 0 0
213.00894572705107 87.0040545143677 -1 0 0
182.58762678625175 106.75426534250066 -1 0 0
69.06831492927752 176.89627917282624 -1 0 0
40.45775665638151 184.2796490497026 -1 0 0
141.05617122882217 173.2045942343881 -1 0 0
120.75190406741207 257.19042658385683 -1 0 0
29.382701841066982 318.1032280680869 -1 0 0
181.6647055516422 354.09715621785926 -1 0 0
213.9669487629764 387.3223206638029 -1 0 0
271.1880653087682 391.01400560224107 -1 0 0
388.39906210418064 328.2553616487919 -1 0 0
520.3767986533459 348.5596288102019 -1 0 0
615.4376858181292 522.9917421514062 -1 0 0
697.5776756983788 307.0281732527723 -1 0 0
631.1273468064915 165.82122435751165 -1 0 0
637.5877954487582 151.0544846037589 -1 0 0
664.3525112524351 109.52302904632933 -1 0 0
741.877894959637 87.3729194157002 -1 0 0
711.421494217522 131.67313867695844 -1 0 0
702.1922818714266 197.20054633423626 -1 0 0
684.6567784138451 206.42975868033176 -1 0 0
715.1131791559602 213.81312855720813 -1 0 0
751.1071073057325 151.97740583836847 -1 0 0
431.77636013082935 462.0789406671762 -1 0 0
196.4314453053949 501.76455375538666 -1 0 0
148.43954110569854 560.8315127703977 -1 0 0
58.91618134857247 435.3142248634993 -1 0 0
98.23478482302009 640.3646549528903 -1 0 0
230.39062897886419 690.2347848230202 -1 0 0
295.221797810033 605.4555640437993 -1 0 0
760.1356112693011 124.46559946292562 -1 0 0
875.4992476329375 63.53761835312634 -1 0 0
892.4791767946847 65.53525707803776 -1 0 0
955.9042063106233 105.48803157626682 -1 0 0
970.8864967474593 103.49039285135537 -1 0 0
995.3575711276245 159.42427714887606 -1 0 0
919.9467092622172 227.84340347709326 -1 0 0
867.5086927332916 159.42427714887606 -1 0 0
855.522860383823 133.954383406255 -1 0 0
810.5759890733152 192.38531610991498 -1 0 0
793.0966502303401 200.87528069078868 -1 0 0
247.3809430126567 32.15686274509806 -1 0 0
264.93278247753966 48.8525149190111 -1 0 0
243.95619384877713 58.9127155879074 -1 0 0
