-37.42111890627815 708.7073214606943 -1 0 0
550.9091563230795 433.91833063500627 -1 0 0
441.6981471487676 404.85411045152006 -1 0 0
48.01007375427231 272.74401870840074 -1 0 0
58.57888109372185 246.32200035977695 -1 0 0
68.26695448821724 263.0559453139054 -1 0 0
69.14768843317138 281.5513581579421 -1 0 0
112.3036517359237 285.0742939377586 -1 0 0
40.083468249685154 469.1476884331714 -1 0 0
30.395394855189735 423.3495232955567 -1 0 0
8.377046231336541 401.3311746717035 -1 0 0
19.826587515740197 365.2210829285843 -1 0 0
25.991725130419116 352.01007375427236 -1 0 0
12.780715956107159 327.3495232955568 -1 0 0
10.138514121244775 274.5054865983091 -1 0 0
28.633926965281503 275.38622054326316 -1 0 0
89.4045691671163 223.42291779096965 -1 0 0
107.899982011153 219.8999820111531 -1 0 0
133.44126641482276 263.0559453139054 -1 0 0
145.77154164418053 258.6522755891348 -1 0 0
145.77154164418053 274.5054865983091 -1 0 0
145.77154164418053 286.8357618276669 -1 0 0
109.6614499010613 345.8449361395934 -1 0 0
158.98255081849246 379.31282604785036 -1 0 0
156.3403489836301 397.808238891887 -1 0 0
218.87245907537323 344.0834682496852 -1 0 0
214.46878935060255 283.31282604785036 -1 0 0
181.00089944234568 278.90915632307974 -1 0 0
181.00089944234568 271.86328476344664 -1 0 0
188.92750494693286 249.8449361395935 -1 0 0
113.18438568087778 246.32200035977695 -1 0 0
94.68897283684109 269.22108292858434 -1 0 0
236.48713797445578 229.58805540564853 -1 0 0
209.18438568087777 240.15686274509804 -1 0 0
184.52383522216215 240.15686274509804 -1 0 0
184.52383522216215 228.70732146069443 -1 0 0
197.73484439647416 233.99172513041918 -1 0 0
194.2119086166576 231.3495232955568 -1 0 0
196.85411045152 216.37704623133658 -1 0 0
184.52383522216215 210.21190861665772 -1 0 0
216.23025724051084 210.21190861665772 -1 0 0
234.72567008454755 212.8541104515201 -1 0 0
251.45961503867593 209.33117467170356 -1 0 0
266.4320921028962 231.3495232955568 -1 0 0
255.86328476344661 227.82658751574027 -1 0 0
251.45961503867593 233.99172513041918 -1 0 0
276.1201654973915 256.01007375427236 -1 0 0
245.29447742399708 280.67062421298795 -1 0 0
244.41374347904292 271.86328476344664 -1 0 0
229.44126641482276 268.3403489836302 -1 0 0
343.0559453139053 283.31282604785036 -1 0 0
332.4871379744557 262.17521136895124 -1 0 0
343.0559453139053 243.67979852491456 -1 0 0
353.6247526533548 240.15686274509804 -1 0 0
378.2853031120704 238.3953948551898 -1 0 0
381.80823889188696 227.82658751574027 -1 0 0
382.6889728368411 252.4871379744559 -1 0 0
392.3770462313365 258.6522755891348 -1 0 0
413.5146609102356 317.66144990106136 -1 0 0
409.99172513041896 326.46878935060266 -1 0 0
466.3586976074833 241.91833063500633 -1 0 0
453.14768843317125 233.99172513041918 -1 0 0
480.45044072674926 227.82658751574027 -1 0 0
440.81741320381343 235.7531930203274 -1 0 0
336.0100737542722 215.4963122863825 -1 0 0
350.1018168735383 195.23943155243745 -1 0 0
334.24860586436404 200.52383522216226 -1 0 0
319.2761288001438 198.762367332254 -1 0 0
306.945853570786 198.762367332254 -1 0 0
515.6797985249143 232.23025724051084 -1 0 0
518.3220003597768 217.25778017629068 -1 0 0
525.3678719194097 225.18438568087788 -1 0 0
543.8632847634465 233.99172513041918 -1 0 0
559.7164957726208 240.15686274509804 -1 0 0
564.1201654973914 219.8999820111531 -1 0 0
578.2119086166575 225.18438568087788 -1 0 0
592.3036517359236 233.99172513041918 -1 0 0
616.9642021946391 333.51466091023565 -1 0 0
605.5146609102354 315.01924806619894 -1 0 0
697.991725130419 322.06511962583204 -1 0 0
691.82658751574 319.42291779096956 -1 0 0
716.4871379744555 254.24860586436407 -1 0 0
677.734844396474 250.72567008454755 -1 0 0
665.4045691671162 248.08346824968527 -1 0 0
677.734844396474 237.51466091023573 -1 0 0
660.1201654973914 235.7531930203274 -1 0 0
642.5054865983088 217.25778017629068 -1 0 0
638.1018168735382 212.8541104515201 -1 0 0
607.2761288001437 221.66144990106133 -1 0 0
674.2119086166574 222.5421838460155 -1 0 0
682.1385141212446 222.5421838460155 -1 0 0
806.3220003597768 337.03759669005217 -1 0 0
822.1752113689511 336.156862745098 -1 0 0
816.0100737542722 317.66144990106136 -1 0 0
772.8541104515199 249.8449361395935 -1 0 0
697.991725130419 184.67062421298795 -1 0 0
683.8999820111529 182.02842237812558 -1 0 0
677.734844396474 188.1935599928045 -1 0 0
668.9275049469327 184.67062421298795 -1 0 0
668.9275049469327 174.1018168735384 -1 0 0
720.0100737542722 184.67062421298795 -1 0 0
705.9183306350061 174.1018168735384 -1 0 0
699.7531930203272 170.57888109372195 -1 0 0
783.4229177909694 210.21190861665772 -1 0 0
791.3495232955565 197.0008994423458 -1 0 0
782.5421838460153 189.07429393775865 -1 0 0
771.9733765065657 190.8357618276669 -1 0 0
763.1660370570245 190.8357618276669 -1 0 0
742.9091563230794 180.26695448821735 -1 0 0
815.129339809318 184.67062421298795 -1 0 0
815.129339809318 203.16603705702465 -1 0 0
798.3953948551896 209.33117467170356 -1 0 0
829.221082928584 206.68897283684117 -1 0 0
839.7898902680336 206.68897283684117 -1 0 0
849.477963662529 194.3586976074834 -1 0 0
863.5697067817952 182.02842237812558 -1 0 0
877.6614499010611 190.8357618276669 -1 0 0
906.7256700845475 265.6981471487678 -1 0 0
945.477963662529 248.08346824968527 -1 0 0
962.2119086166574 265.6981471487678 -1 0 0
975.4229177909694 264.81741320381366 -1 0 0
994.7990645799601 280.67062421298795 -1 0 0
1006.2486058643639 283.31282604785036 -1 0 0
934.0284223781252 234.87245907537326 -1 0 0
931.386220543263 197.0008994423458 -1 0 0
941.9550278827126 184.67062421298795 -1 0 0
943.7164957726208 175.86328476344664 -1 0 0
920.8174132038134 174.1018168735384 -1 0 0
908.4871379744555 169.69814714876782 -1 0 0
966.6155783414281 163.53300953408888 -1 0 0
974.5421838460153 174.1018168735384 -1 0 0
984.2302572405107 163.53300953408888 -1 0 0
1000.9642021946391 184.67062421298795 -1 0 0
999.2027343047308 170.57888109372195 -1 0 0
996.5605324698685 145.0375966900522 -1 0 0
1014.175211368951 149.44126641482288 -1 0 0
1017.6981471487676 180.26695448821735 -1 0 0
1014.175211368951 163.53300953408888 -1 0 0
267.66535425358956 731.4575620457972 -1 0 0
124.44857103680634 218.81820140643677 -1 0 0
70.74227733051264 248.99602358425895 -1 0 0
266.3866329748683 278.6623572505926 -1 0 0
283.26575385398917 264.5964231846586 -1 0 0
284.8002193884547 252.83218742042277 -1 0 0
288.8921274803628 242.8581614463968 -1 0 0
306.7942253824607 245.67134825958362 -1 0 0
327.76525435348964 227.51350610174146 -1 0 0
347.0739456621809 222.3346849229203 -1 0 0
354.2347848230201 217.60341619165158 -1 0 0
433.13188772012296 208.9720475602829 -1 0 0
451.2897298779651 209.2277918160272 -1 0 0
604.7362833245185 220.86415545239083 -1 0 0
619.5694501576853 264.21280680104206 -1 0 0
646.6783412665765 249.37963996787528 -1 0 0
596.0409786292139 452.18483477307 -1 0 0
982.3426769309121 145.67534426357957 -1 0 0
1003.057961646197 140.81620340443874 -1 0 0
962.9061134943488 152.58043916867447 -1 0 0
925.0559636441989 155.39362598186128 -1 0 0
873.139879728115 196.3127069009422 -1 0 0
1013.0319876202228 180.2008187890541 -1 0 0
1011.7532663415017 170.2267928150281 -1 0 0
