793.9230965113318 296.26075884899416 -1 0 0
817.6114081996436 293.7672523554875 -1 0 0
853.7672523554878 213.97504456327985 -1 0 0
822.5984211866564 212.72829131652657 -1 0 0
828.8321874204227 175.3256939139292 -1 0 0
828.8321874204227 154.13088871912396 -1 0 0
815.117901706137 151.6373822256174 -1 0 0
840.0529666412019 151.6373822256174 -1 0 0
856.2607588489941 151.6373822256174 -1 0 0
734.0789406671761 206.49452508276033 -1 0 0
710.3906289788642 196.52049910873427 -1 0 0
737.8192004074357 182.80621339444863 -1 0 0
669.2477718360072 187.79322638146164 -1 0 0
579.4815380697734 204.0010185892538 -1 0 0
558.2867328749682 200.26075884899413 -1 0 0
431.117901706137 221.45556404379923 -1 0 0
370.0269926152279 231.42959001782526 -1 0 0
298.96205755029285 265.09192768016294 -1 0 0
251.58543417366943 258.8581614463967 -1 0 0
244.10491469314994 282.5464731347084 -1 0 0
148.10491469314994 233.92309651133172 -1 0 0
128.15686274509795 208.98803157626682 -1 0 0
119.42959001782526 197.76725235548756 -1 0 0
272.7802393684747 210.23478482302002 -1 0 0
300.20881079704606 218.9620575502928 -1 0 0
325.14387573211104 206.49452508276033 -1 0 0
376.26075884899416 205.24777183600708 -1 0 0
317.6633562515916 186.85816144639665 -1 0 0
307.06595365418895 186.85816144639665 -1 0 0
356.93608352431886 196.83218742042263 -1 0 0
371.89712248535784 195.5854341736694 -1 0 0
395.5854341736695 156.93608352431872 -1 0 0
392.4685510567864 140.72829131652648 -1 0 0
342.59842118665654 151.94907053730574 -1 0 0
556.4166030048383 193.09192768016288 -1 0 0
543.9490705373058 171.27374586198107 -1 0 0
515.2737458619812 163.16984975808498 -1 0 0
540.8321874204227 146.96205755029277 -1 0 0
567.6373822256176 133.87114845938365 -1 0 0
9.923096511331773 98.9620575502928 -1 0 0
21.76725235548763 97.71530430353955 -1 0 0
24.884135472370748 102.07894066717591 -1 0 0
28.624395212630464 105.19582378405903 -1 0 0
9.299719887955135 108.31270690094215 -1 0 0
46.078940667175914 115.16984975808501 -1 0 0
43.585434173669434 131.37764196587722 -1 0 0
54.18283677107202 128.88413547237073 -1 0 0
31.741278329513577 141.3516679399032 -1 0 0
20.520499108734356 172.52049910873438 -1 0 0
73.50751209574734 128.2607588489941 -1 0 0
79.74127832951362 125.76725235548763 -1 0 0
79.74127832951362 132.62439521263047 -1 0 0
83.48153806977334 135.11790170613696 -1 0 0
109.0399796282149 125.76725235548763 -1 0 0
119.6373822256175 126.39062897886427 -1 0 0
131.48153806977334 130.13088871912402 -1 0 0
153.92309651133178 133.2477718360071 -1 0 0
164.52049910873438 119.5334861217214 -1 0 0
156.41660300483832 127.01400560224087 -1 0 0
150.18283677107203 103.94907053730579 -1 0 0
173.2477718360071 119.5334861217214 -1 0 0
161.40361599185127 113.29971988795516 -1 0 0
137.71530430353957 95.84517443340968 -1 0 0
146.44257703081234 93.97504456327984 -1 0 0
153.92309651133178 95.84517443340968 -1 0 0
159.53348612172144 93.97504456327984 -1 0 0
168.8841354723708 97.71530430353955 -1 0 0
185.71530430353957 98.33868092691615 -1 0 0
179.48153806977334 100.83218742042267 -1 0 0
203.7932263814617 115.16984975808501 -1 0 0
186.3386809269162 123.89712248535776 -1 0 0
205.66335625159152 128.2607588489941 -1 0 0
211.27374586198113 117.66335625159147 -1 0 0
221.2477718360071 129.5075120957474 -1 0 0
212.52049910873438 145.7153043035396 -1 0 0
214.3906289788643 151.3256939139292 -1 0 0
235.58543417366948 115.79322638146165 -1 0 0
242.44257703081234 115.79322638146165 -1 0 0
249.92309651133183 143.84517443340968 -1 0 0
269.8711484593838 152.57244716068243 -1 0 0
277.3516679399032 148.20881079704608 -1 0 0
287.9490705373059 139.48153806977334 -1 0 0
299.79322638146164 133.2477718360071 -1 0 0
304.7802393684746 137.61140819964345 -1 0 0
328.4685510567864 128.2607588489941 -1 0 0
322.23478482302016 128.2607588489941 -1 0 0
321.61140819964345 111.42959001782526 -1 0 0
342.80621339444866 139.48153806977334 -1 0 0
357.143875732111 141.3516679399032 -1 0 0
363.3776419658772 135.11790170613696 -1 0 0
374.59842118665654 136.98803157626682 -1 0 0
393.9230965113318 129.5075120957474 -1 0 0
406.39062897886424 135.74127832951362 -1 0 0
400.156862745098 108.93608352431878 -1 0 0
407.63738222561756 109.55946014769542 -1 0 0
415.7412783295136 102.07894066717591 -1 0 0
390.1828367710721 100.20881079704608 -1 0 0
392.6763432645785 93.35166793990321 -1 0 0
382.7023172905526 97.71530430353955 -1 0 0
368.9880315762669 99.58543417366944 -1 0 0
365.8711484593838 124.52049910873436 -1 0 0
354.6503692386046 107.06595365418895 -1 0 0
355.2737458619811 100.83218742042267 -1 0 0
349.6633562515916 97.71530430353955 -1 0 0
339.065953654189 102.07894066717591 -1 0 0
340.31270690094215 98.33868092691615 -1 0 0
329.09192768016294 99.58543417366944 -1 0 0
399.01400560224084 121.24777183600712 -1 0 0
400.5724471606825 103.16984975808504 -1 0 0
394.02699261522787 75.42959001782529 -1 0 0
386.8581614463967 79.79322638146165 -1 0 0
383.7412783295136 81.97504456327984 -1 0 0
372.20881079704606 78.5464731347084 -1 0 0
366.2867328749682 77.92309651133179 -1 0 0
374.0789406671759 76.36465495289023 -1 0 0
360.0529666412019 86.96205755029281 -1 0 0
362.2347848230201 82.91010949834477 -1 0 0
359.42959001782526 78.85816144639671 -1 0 0
355.3776419658772 85.09192768016295 -1 0 0
344.7802393684746 88.52049910873437 -1 0 0
355.06595365418895 81.66335625159152 -1 0 0
370.33868092691625 77.61140819964346 -1 0 0
378.13088871912396 78.5464731347084 -1 0 0
411.1698497580851 75.11790170613698 -1 0 0
461.3516679399033 87.27374586198114 -1 0 0
468.52049910873444 85.71530430353958 -1 0 0
456.9880315762669 98.18283677107203 -1 0 0
470.39062897886424 92.88413547237074 -1 0 0
457.61140819964345 91.32569391392919 -1 0 0
485.66335625159155 89.14387573211101 -1 0 0
485.66335625159155 97.2477718360071 -1 0 0
482.23478482302016 99.42959001782529 -1 0 0
499.68933027756555 81.97504456327984 -1 0 0
509.3516679399033 87.89712248535776 -1 0 0
514.9620575502929 81.97504456327984 -1 0 0
520.8841354723708 81.66335625159152 -1 0 0
516.5204991087344 73.2477718360071 -1 0 0
523.3776419658773 86.3386809269162 -1 0 0
519.9490705373058 88.52049910873437 -1 0 0
528.0529666412019 90.70231729055257 -1 0 0
523.3776419658773 100.67634326457853 -1 0 0
508.4166030048383 101.61140819964348 -1 0 0
506.54647313470844 109.09192768016295 -1 0 0
523.0659536541889 115.32569391392919 -1 0 0
520.8841354723708 120.31270690094217 -1 0 0
514.6503692386045 90.70231729055257 -1 0 0
543.0140056022408 102.23478482302008 -1 0 0
553.9230965113318 102.8581614463967 -1 0 0
551.117901706137 86.65036923860448 -1 0 0
535.2217978100331 88.20881079704606 -1 0 0
552.9880315762668 83.53348612172138 -1 0 0
561.4036159918512 83.53348612172138 -1 0 0
566.7023172905525 78.54647313470838 -1 0 0
573.247771836007 81.3516679399032 -1 0 0
581.039979628215 82.28673287496812 -1 0 0
598.4945250827603 81.3516679399032 -1 0 0
604.7282913165266 78.23478482302008 -1 0 0
621.5594601476954 72.93608352431878 -1 0 0
627.7932263814616 66.39062897886423 -1 0 0
629.3516679399032 64.83218742042267 -1 0 0
630.2867328749682 75.74127832951359 -1 0 0
636.2088107970461 79.16984975808501 -1 0 0
645.247771836007 72.62439521263046 -1 0 0
648.9880315762668 71.68933027756553 -1 0 0
629.039979628215 91.63738222561747 -1 0 0
620.9360835243187 90.07894066717591 -1 0 0
635.5854341736695 132.7802393684746 -1 0 0
677.039979628215 137.14387573211098 -1 0 0
696.0529666412019 133.71530430353954 -1 0 0
680.7802393684748 87.27374586198111 -1 0 0
674.8581614463967 86.02699261522785 -1 0 0
679.2217978100331 76.98803157626682 -1 0 0
666.4425770308123 73.5594601476954 -1 0 0
671.7412783295136 73.8711484593837 -1 0 0
663.3256939139292 75.11790170613696 -1 0 0
663.9490705373059 64.83218742042267 -1 0 0
666.130888719124 62.026992615227876 -1 0 0
672.6763432645786 66.0789406671759 -1 0 0
680.7802393684748 65.4555640437993 -1 0 0
682.3386809269163 61.091927680162925 -1 0 0
687.6373822256176 69.50751209574734 -1 0 0
690.7542653425006 64.83218742042267 -1 0 0
700.10491469315 71.37764196587722 -1 0 0
703.2217978100331 69.81920040743566 -1 0 0
697.6114081996436 89.143875732111 -1 0 0
706.6503692386045 100.67634326457852 -1 0 0
820.7282913165268 125.14387573211097 -1 0 0
842.5464731347087 121.40361599185123 -1 0 0
775.2217978100332 122.02699261522788 -1 0 0
775.2217978100332 113.29971988795516 -1 0 0
769.6114081996437 106.4425770308123 -1 0 0
765.8711484593839 100.83218742042267 -1 0 0
747.793226381462 122.02699261522788 -1 0 0
711.6373822256177 115.16984975808501 -1 0 0
717.2477718360074 95.22179781003305 -1 0 0
724.7282913165268 80.26075884899412 -1 0 0
713.5075120957475 82.75426534250059 -1 0 0
707.897122485358 74.65036923860451 -1 0 0
716.001018589254 69.6633562515915 -1 0 0
720.9880315762671 65.29971988795513 -1 0 0
733.4555640437994 64.05296664120189 -1 0 0
730.962057550293 70.28673287496812 -1 0 0
739.0659536541891 62.80621339444862 -1 0 0
767.7412783295138 80.88413547237074 -1 0 0
777.0919276801633 82.75426534250059 -1 0 0
777.7153043035398 77.76725235548763 -1 0 0
790.1828367710723 69.6633562515915 -1 0 0
800.1568627450981 83.37764196587722 -1 0 0
779.5854341736697 93.35166793990321 -1 0 0
813.8711484593839 93.97504456327984 -1 0 0
833.8192004074359 95.84517443340968 -1 0 0
837.5594601476957 91.48153806977334 -1 0 0
834.4425770308126 82.75426534250059 -1 0 0
853.1438757321113 87.74127832951362 -1 0 0
868.1049146931501 83.37764196587722 -1 0 0
853.7672523554878 72.78023936847461 -1 0 0
843.793226381462 68.41660300483825 -1 0 0
830.7023172905527 67.16984975808501 -1 0 0
819.4815380697736 65.92309651133178 -1 0 0
879.3256939139295 65.29971988795513 -1 0 0
869.9750445632801 64.67634326457853 -1 0 0
928.5724471606827 80.26075884899412 -1 0 0
892.4166030048385 77.76725235548763 -1 0 0
923.5854341736697 67.16984975808501 -1 0 0
936.0529666412021 69.6633562515915 -1 0 0
934.806213394449 75.89712248535771 -1 0 0
940.4166030048385 59.68933027756551 -1 0 0
941.0399796282151 86.49452508276033 -1 0 0
946.6503692386048 80.88413547237074 -1 0 0
942.910109498345 96.46855105678634 -1 0 0
920.4685510567865 112.67634326457853 -1 0 0
915.4815380697736 58.44257703081231 -1 0 0
684.5204991087344 69.81920040743567 -1 0 0
705.7153043035397 87.58543417366946 -1 0 0
696.0529666412019 43.01400560224087 -1 0 0
702.2867328749682 41.14387573211099 -1 0 0
705.7153043035397 42.39062897886425 -1 0 0
706.026992615228 39.58543417366944 -1 0 0
689.8192004074357 42.39062897886425 -1 0 0
692.0010185892539 41.767252355487635 -1 0 0
686.3906289788644 43.01400560224087 -1 0 0
710.0789406671761 40.83218742042269 -1 0 0
1021.8711484593838 113.29971988795516 -1 0 0
1023.117901706137 92.10491469314994 -1 0 0
1021.8711484593838 58.44257703081231 -1 0 0
1021.8711484593838 51.585434173669434 -1 0 0
1016.2607588489941 54.078940667175914 -1 0 0
1005.6633562515915 75.89712248535771 -1 0 0
1007.5334861217215 70.28673287496812 -1 0 0
1006.2867328749682 54.70231729055256 -1 0 0
985.0919276801629 81.50751209574734 -1 0 0
986.9620575502928 77.143875732111 -1 0 0
976.9880315762668 70.28673287496812 -1 0 0
957.6633562515915 45.35166793990321 -1 0 0
963.8971224853577 38.49452508276034 -1 0 0
976.3646549528902 40.98803157626682 -1 0 0
986.3386809269163 42.85816144639673 -1 0 0
942.7023172905526 45.975044563279845 -1 0 0
938.9620575502929 39.117901706136976 -1 0 0
935.2217978100331 47.221797810033046 -1 0 0
930.2347848230202 44.10491469314993 -1 0 0
920.2607588489941 59.06595365418887 -1 0 0
928.9880315762668 62.80621339444862 -1 0 0
932.3127069009423 63.585434173669434 -1 0 0
926.0789406671761 60.78023936847463 -1 0 0
923.8971224853577 44.884135472370744 -1 0 0
810.130888719124 74.18283677107203 -1 0 0
807.6373822256176 59.8451744334097 -1 0 0
811.0659536541889 56.72829131652659 -1 0 0
818.2347848230202 57.66335625159152 -1 0 0
821.3516679399032 50.18283677107204 -1 0 0
826.6503692386045 54.85816144639673 -1 0 0
852.8321874204227 31.48153806977333 -1 0 0
861.2477718360072 35.8451744334097 -1 0 0
813.8711484593838 32.104914693149965 -1 0 0
817.9230965113318 31.48153806977333 -1 0 0
953.195823784059 33.66335625159152 -1 0 0
956.6243952126305 31.79322638146165 -1 0 0
988.4166030048383 31.48153806977333 -1 0 0
968.4685510567864 54.23478482302009 -1 0 0
972.5204991087344 57.66335625159152 -1 0 0
814.9101094983448 183.74127832951362 -1 0 0
575.7412783295136 106.4425770308123 -1 0 0
572.0010185892539 95.84517443340968 -1 0 0
583.8451744334097 98.9620575502928 -1 0 0
587.5854341736695 74.02699261522788 -1 0 0
317.6633562515916 262.5984211866564 -1 0 0
712.4046149928504 64.54047912871452 -1 0 0
698.0829366711719 65.05196764020302 -1 0 0
811.9294379959341 32.53144468489736 -1 0 0
812.9996721096464 44.83913699258966 -1 0 0
814.2839530461013 58.32408682536558 -1 0 0
887.7020132467703 75.5013443504492 -1 0 0
969.0398058889108 40.932782477539504 -1 0 0
980.2772640828907 38.68529083874351 -1 0 0
982.7388025444292 36.33077578857629 -1 0 0
977.1735851531248 53.72208013640236 -1 0 0
855.2739196012852 60.785625286904065 -1 0 0
978.6719129123221 78.23044134041575 -1 0 0
960.156862745098 57.57492294576692 -1 0 0
956.1969965243621 58.32408682536558 -1 0 0
934.6852908387435 58.85920388222177 -1 0 0
