64.40113755425844 236.8591528214339 -1 0 0
14.569076485556163 185.56144289776978 -1 0 0
61.469839844334736 342.38587037868587 -1 0 0
153.80571770693018 456.7064810657088 -1 0 0
165.53090854662486 250.04999251609044 -1 0 0
216.82861847028897 244.1873970962431 -1 0 0
307.6988474779225 333.5919772489148 -1 0 0
266.66067953899125 242.72174824128132 -1 0 0
294.50800778326607 211.94312228708287 -1 0 0
360.46220625654854 254.4469390809759 -1 0 0
361.9278551115104 288.156862745098 -1 0 0
463.0576261038768 236.8591528214339 -1 0 0
413.22556503517455 657.5003741954798 -1 0 0
559.7904505313577 616.4622062565485 -1 0 0
337.0118245771592 145.9889238138003 -1 0 0
376.5843436611286 144.52327495883847 -1 0 0
401.5003741954799 154.7828169435713 -1 0 0
338.47747343212103 88.82861847028892 -1 0 0
323.82098488250267 71.24083221074697 -1 0 0
262.26373297410584 63.912587935937694 -1 0 0
232.95075587486915 81.5003741954798 -1 0 0
209.5003741954798 71.24083221074697 -1 0 0
172.85915282143404 81.5003741954798 -1 0 0
146.47747343212106 85.89732076036522 -1 0 0
128.88968717257904 81.5003741954798 -1 0 0
98.11106121838056 91.75991618021263 -1 0 0
95.17976350845692 66.8438856458614 -1 0 0
243.21029785960198 55.11869480616673 -1 0 0
210.96602305044163 52.187397096243025 -1 0 0
231.4851070199073 50.72174824128132 -1 0 0
558.3248016763959 52.187397096243025 -1 0 0
823.6072444244874 342.38587037868587 -1 0 0
841.1950306840293 395.14922915731177 -1 0 0
896.8896871725792 506.53854213441105 -1 0 0
1011.210297859602 403.9431222870828 -1 0 0
948.1873970962433 247.11869480616673 -1 0 0
830.9354886992965 244.1873970962431 -1 0 0
857.3171680886096 170.90495434815153 -1 0 0
729.8057177069302 222.20266427181565 -1 0 0
697.56144289777 239.7904505313576 -1 0 0
605.2255650351746 206.08052686723542 -1 0 0
577.3782367908996 228.06525969166293 -1 0 0
558.3248016763959 144.52327495883847 -1 0 0
577.3782367908996 122.5385421344111 -1 0 0
590.5690764855561 77.10342763059424 -1 0 0
625.7446490046402 72.70648106570867 -1 0 0
636.004190989373 47.790450531357614 -1 0 0
677.0423589283045 40.46220625654849 -1 0 0
659.4545726687621 21.408771142044547 -1 0 0
614.0194581649455 30.202664271815664 -1 0 0
709.2866337374646 55.11869480616673 -1 0 0
759.1186948061667 87.36296961532706 -1 0 0
747.3935039664722 115.21029785960184 -1 0 0
801.6225116000601 62.44693908097585 -1 0 0
864.6454123634187 25.805717706930107 -1 0 0
911.5461757221974 78.5690764855561 -1 0 0
864.6454123634187 91.75991618021263 -1 0 0
934.9965574015868 55.11869480616673 -1 0 0
-195.01870977398585 678.0194581649455 -1 0 0
995.088160455022 14.080526867235426 -1 0 0
952.5843436611287 6.7522825924263055 -1 0 0
929.1339619817394 14.080526867235426 -1 0 0
