211.68737917702293 392.5700082850042 -1 0 0
327.06766086716374 453.86578293289153 -1 0 0
449.6592101629384 392.5700082850042 -1 0 0
504.94559513946416 303.631041148854 -1 0 0
542.2038111019056 134.16625241645963 -1 0 0
752.5324495995582 300.02540734603707 -1 0 0
722.4855012427506 564.4385528859432 -1 0 0
986.8986467826568 683.4244683789009 -1 0 0
775.3681303507318 59.649820491576975 -1 0 0
365.52775476387734 39.217895608947885 -1 0 0
232.11930405965202 173.82822424744552 -1 0 0
164.81413974040322 128.1568627450981 -1 0 0
3.762496547914934 241.13338856669432 -1 0 0
72.26953880143608 33.20850593758637 -1 0 0
109.52775476387737 41.62165147749243 -1 0 0
1.9596796465064863 99.01132283899477 -1 0 0
189.4526373929853 19.68737917702296 -1 0 0
398.57939795636554 16.682684341342203 -1 0 0
1.9596796465064863 74.37282518641258 -1 0 0
