95.78661481121375 488.2494247285691 -1 0 0
67.85934208394112 352.42132555501547 -1 0 0
89.43950737319727 363.84611894344516 -1 0 0
168.14363960460219 400.659342083941 -1 0 0
251.92545778642037 498.40479662939555 -1 0 0
405.5254577864203 481.9023172905526 -1 0 0
461.3800032409658 502.21306109220546 -1 0 0
654.3320693566684 507.2907470426187 -1 0 0
738.1138875384866 572.0312429103874 -1 0 0
719.0725652244369 399.3899205963376 -1 0 0
847.2841354723707 424.7783503484039 -1 0 0
899.3304164641062 305.4527305136931 -1 0 0
518.5039701831146 288.9502511748501 -1 0 0
320.47421811699894 382.8874412574948 -1 0 0
364.9039701831146 366.3849619186518 -1 0 0
329.36016853022204 328.3023172905526 -1 0 0
249.38661481121372 321.9552098525361 -1 0 0
255.73372224923037 287.68082968724684 -1 0 0
84.36182142278402 272.4477718360071 -1 0 0
51.35686274509813 268.63950737319726 -1 0 0
9.465953654189041 200.09074704261872 -1 0 0
33.58496191865183 196.28248257980886 -1 0 0
75.4758710095609 179.78000324096587 -1 0 0
152.91058175336258 226.7485982822882 -1 0 0
127.52215200129642 258.48413547237084 -1 0 0
170.6824825798088 268.63950737319726 -1 0 0
187.1849619186518 188.66595365418897 -1 0 0
244.30892886080062 201.3601685302221 -1 0 0
290.00810241451956 193.74363960460227 -1 0 0
350.94033381947827 187.39653216658573 -1 0 0
380.1370280343542 183.58826770377573 -1 0 0
295.0857883649328 172.163474315346 -1 0 0
400.44777183600723 245.78992059633782 -1 0 0
409.33372224923033 196.28248257980886 -1 0 0
424.56678010046994 192.47421811699894 -1 0 0
474.0742181169989 182.3188462161725 -1 0 0
4.811408199643398 154.07421811699882 -1 0 0
30.83454869551119 161.056036298817 -1 0 0
46.067606546750866 168.67256522443682 -1 0 0
43.528763571544246 150.2659536541889 -1 0 0
55.588267703775635 126.78165613352775 -1 0 0
96.84446605088307 154.70892886080048 -1 0 0
18.77504456327976 86.7948792740236 -1 0 0
9.254383406254991 93.14198671204016 -1 0 0
12.639507373197215 34.58992059633772 -1 0 0
45.64446605088317 19.356862745098052 -1 0 0
49.13537514179226 32.0510776211311 -1 0 0
53.57835034840385 28.877523902122864 -1 0 0
58.338680926916254 22.847771836007144 -1 0 0
61.512234645924494 19.039507373197242 -1 0 0
66.90727596823855 17.452730513693083 -1 0 0
71.35025117485011 14.913887538486497 -1 0 0
32.950251174850116 62.51719332361045 -1 0 0
45.64446605088317 81.55851563766004 -1 0 0
36.12380489385838 92.66595365418895 -1 0 0
58.338680926916254 103.77339167071787 -1 0 0
68.49405282774268 115.51554043104845 -1 0 0
80.23620158807326 130.7485982822881 -1 0 0
90.07421811699888 105.04281315832118 -1 0 0
73.88909415005674 95.20479662939557 -1 0 0
96.10397018311458 90.44446605088316 -1 0 0
118.31884621617245 109.16843299303193 -1 0 0
110.38496191865175 98.69570572030466 -1 0 0
134.18661481121376 97.42628423270135 -1 0 0
128.15686274509807 99.64777183600712 -1 0 0
121.80975530708153 144.07752390212283 -1 0 0
96.73868092691625 134.55686274509804 -1 0 0
76.42793712526336 152.963474315346 -1 0 0
135.45603629881708 138.99983795170962 -1 0 0
151.00644952195756 143.12545778642036 -1 0 0
150.68909415005675 131.7006643979906 -1 0 0
154.81471398476748 114.24611894344514 -1 0 0
160.20975530708154 94.25273051369308 -1 0 0
172.90397018311455 143.44281315832117 -1 0 0
180.5204991087344 144.07752390212283 -1 0 0
183.69405282774267 163.11884621617241 -1 0 0
199.56182142278402 167.8791767946848 -1 0 0
190.04116026575923 137.41306109220548 -1 0 0
219.87256522443695 155.50231729055258 -1 0 0
226.85438340625512 145.0295900178253 -1 0 0
217.65107762113115 139.9519040674121 -1 0 0
225.26760654675095 123.76678010046994 -1 0 0
209.39983795170966 94.25273051369308 -1 0 0
201.14859828228816 100.28248257980879 -1 0 0
212.89074704261878 86.0014908442716 -1 0 0
230.02793712526338 89.49239993518069 -1 0 0
221.45934208394107 68.54694538972615 -1 0 0
236.69239993518076 56.80479662939558 -1 0 0
236.37504456327986 72.98992059633771 -1 0 0
240.8180197698915 58.07421811699889 -1 0 0
250.0213255550154 103.13868092691622 -1 0 0
240.50066439799062 96.7915734888997 -1 0 0
250.3386809269163 114.8808296872468 -1 0 0
254.78165613352786 86.31884621617242 -1 0 0
254.78165613352786 134.55686274509804 -1 0 0
233.51884621617245 56.17008588559392 -1 0 0
273.29405282774263 152.17008588559386 -1 0 0
259.33041646410624 119.79983795170958 -1 0 0
263.1386809269162 84.25603629881698 -1 0 0
298.04777183600703 143.2841354723707 -1 0 0
284.08413547237075 260.0709123318749 -1 0 0
299.9519040674121 261.9750445632798 -1 0 0
353.2676065467509 162.32545778642032 -1 0 0
381.82959001782535 152.17008588559386 -1 0 0
402.7750445632799 144.553556959974 -1 0 0
419.91223464592446 133.76347431534595 -1 0 0
443.39653216658564 149.63124291038727 -1 0 0
485.2874412574948 156.61306109220544 -1 0 0
480.2097553070815 131.85934208394096 -1 0 0
488.460994976503 131.2246313401393 -1 0 0
479.5750445632799 121.06925943931289 -1 0 0
497.98165613352785 123.60810241451945 -1 0 0
365.961821422784 139.4758710095608 -1 0 0
327.24446605088315 124.24281315832111 -1 0 0
299.9519040674121 105.2014908442715 -1 0 0
260.5998379517095 53.789920596337595 -1 0 0
274.5634743153459 53.155209852535975 -1 0 0
282.18000324096585 93.14198671204016 -1 0 0
284.71884621617244 97.58496191865171 -1 0 0
292.33537514179227 78.5436396046021 -1 0 0
298.68248257980883 95.0461189434451 -1 0 0
310.74198671204016 91.23785448063516 -1 0 0
318.35851563766005 99.33041646410632 -1 0 0
282.8147139847675 70.13372224923029 -1 0 0
286.3056230756766 59.97835034840383 -1 0 0
280.9105817533625 49.50562307567655 -1 0 0
301.85603629881706 44.42793712526334 -1 0 0
313.2808296872468 44.11058175336251 -1 0 0
318.35851563766005 47.28413547237078 -1 0 0
323.4362015880733 45.062647869064996 -1 0 0
328.5138875384865 47.6014908442716 -1 0 0
329.14859828228816 43.475871009560876 -1 0 0
332.6395073731972 47.6014908442716 -1 0 0
340.5733916707179 50.45768919137905 -1 0 0
343.74694538972614 48.23620158807327 -1 0 0
339.3039701831146 55.21801976989144 -1 0 0
350.0940528277427 55.852730513693096 -1 0 0
349.7766974558419 48.553556959974095 -1 0 0
353.9023172905526 51.092399935180694 -1 0 0
358.9800032409658 55.852730513693096 -1 0 0
369.7700858855939 56.17008588559392 -1 0 0
370.4047966293956 63.78661481121376 -1 0 0
361.51884621617245 68.54694538972615 -1 0 0
345.01636687732946 69.81636687732946 -1 0 0
338.35190406741214 73.9419867120402 -1 0 0
325.657689191379 88.85768919137905 -1 0 0
323.7535569599741 98.06099497650301 -1 0 0
340.8907470426187 104.0907470426187 -1 0 0
338.35190406741214 92.98330902608977 -1 0 0
347.55520985253605 95.83950737319722 -1 0 0
364.37504456327986 98.06099497650301 -1 0 0
367.865953654189 110.12049910873439 -1 0 0
357.3932263814617 132.01801976989142 -1 0 0
349.1419867120402 140.58661481121374 -1 0 0
342.7948792740237 142.8081024145195 -1 0 0
352.31554043104853 146.61636687732945 -1 0 0
411.97835034840386 110.75520985253605 -1 0 0
380.2428131583212 107.58165613352779 -1 0 0
416.42132555501547 101.5519040674121 -1 0 0
421.18165613352784 107.58165613352779 -1 0 0
434.51058175336254 111.07256522443689 -1 0 0
444.66595365418897 78.06760654675094 -1 0 0
458.31223464592455 76.79818505914764 -1 0 0
439.2709123318749 75.52876357154433 -1 0 0
433.87587100956085 72.03785448063523 -1 0 0
424.98992059633775 72.03785448063523 -1 0 0
427.84611894344516 72.98992059633771 -1 0 0
418.00810241451956 71.7204991087344 -1 0 0
411.3436396046022 73.62463134013936 -1 0 0
411.660994976503 83.462647869065 -1 0 0
404.36182142278403 83.14529249716416 -1 0 0
380.87752390212285 82.19322638146167 -1 0 0
365.6444660508832 73.9419867120402 -1 0 0
361.83620158807327 86.63620158807325 -1 0 0
390.39818505914764 75.2114081996435 -1 0 0
399.2841354723708 72.6725652244369 -1 0 0
388.49405282774273 64.42132555501539 -1 0 0
381.82959001782535 61.565127207907985 -1 0 0
379.92545778642034 52.996532166585645 -1 0 0
415.7866148112138 92.34859828228814 -1 0 0
532.2560362988171 98.21967266245333 -1 0 0
532.2560362988171 115.35686274509801 -1 0 0
537.3337222492303 157.2477718360071 -1 0 0
570.3386809269163 152.17008588559386 -1 0 0
579.859342083941 137.57173877815583 -1 0 0
586.2064495219576 149.63124291038727 -1 0 0
610.960168530222 181.3667801004699 -1 0 0
615.4031437368336 135.6676065467509 -1 0 0
263.13868092691615 126.78165613352775 -1 0 0
631.4824825798087 194.06099497650297 -1 0 0
641.6378544806352 198.50397018311457 -1 0 0
640.3684329930318 228.33537514179224 -1 0 0
634.6560362988168 173.1155404310484 -1 0 0
644.1766974558416 161.69074704261865 -1 0 0
639.0990115054285 149.63124291038727 -1 0 0
642.9072759682384 135.6676065467509 -1 0 0
650.5238048938583 148.9965321665856 -1 0 0
675.2775239021228 154.07421811699882 -1 0 0
696.2229784475772 167.40314373683353 -1 0 0
717.8031437368335 180.09735861286657 -1 0 0
710.1866148112135 148.9965321665856 -1 0 0
701.3006643979904 142.64942472856907 -1 0 0
744.4609949765029 147.72711067898229 -1 0 0
741.2874412574947 136.93702803435417 -1 0 0
654.9667801004697 135.03289580294924 -1 0 0
647.35025117485 114.0874412574947 -1 0 0
631.4824825798087 109.00975530708146 -1 0 0
545.1618214227839 96.7915734888997 -1 0 0
535.6411602657591 67.91223464592449 -1 0 0
550.2395073731971 75.84611894344515 -1 0 0
564.2031437368335 73.30727596823854 -1 0 0
555.3171933236104 76.48082968724681 -1 0 0
560.0775239021227 73.62463134013936 -1 0 0
588.6395073731971 74.89405282774267 -1 0 0
558.8081024145195 99.33041646410632 -1 0 0
562.6163668773294 104.0907470426187 -1 0 0
579.7535569599739 105.04281315832118 -1 0 0
586.4180197698913 103.77339167071787 -1 0 0
637.1948792740236 98.69570572030466 -1 0 0
655.6014908442716 88.54033381947822 -1 0 0
665.4395073731972 94.57008588559391 -1 0 0
672.1039701831145 93.61801976989143 -1 0 0
672.7386809269162 101.86925943931294 -1 0 0
667.343639604602 108.53372224923028 -1 0 0
673.6907470426186 111.07256522443689 -1 0 0
670.8345486955111 117.41967266245341 -1 0 0
748.9039701831144 115.19818505914763 -1 0 0
736.2097553070813 110.75520985253605 -1 0 0
742.8742181169986 103.45603629881704 -1 0 0
736.8444660508829 94.57008588559391 -1 0 0
727.3238048938582 81.87587100956087 -1 0 0
735.8923999351805 75.84611894344515 -1 0 0
744.143639604602 77.11554043104846 -1 0 0
740.6527305136929 89.49239993518069 -1 0 0
745.0957057203044 86.63620158807325 -1 0 0
748.9039701831144 92.98330902608977 -1 0 0
756.2031437368333 101.23454869551128 -1 0 0
755.5684329930317 92.66595365418895 -1 0 0
752.7122346459242 89.17504456327985 -1 0 0
753.0295900178251 86.0014908442716 -1 0 0
762.232895802949 88.22297844757739 -1 0 0
855.5353751417921 151.69405282774267 -1 0 0
835.8593420839408 156.77173877815588 -1 0 0
838.7155404310482 176.1304164641063 -1 0 0
919.0064495219572 199.13868092691618 -1 0 0
977.3998379517094 205.48578836493266 -1 0 0
985.0163668773291 220.08413547237072 -1 0 0
981.8428131583211 265.7833090260898 -1 0 0
905.6775239021226 162.96016853022198 -1 0 0
898.0609949765028 170.5766974558418 -1 0 0
985.6510776211311 175.97173877815592 -1 0 0
997.9221520012962 190.25273051369302 -1 0 0
1006.8081024145196 185.80975530708147 -1 0 0
1023.3105817533625 209.29405282774263 -1 0 0
1017.5981850591477 161.056036298817 -1 0 0
989.6709123318749 152.17008588559386 -1 0 0
956.665953654189 156.61306109220544 -1 0 0
940.163474315346 158.51719332361037 -1 0 0
868.864300761627 122.02132555501535 -1 0 0
867.5948792740237 109.96182142278394 -1 0 0
874.259342083941 114.08744125749469 -1 0 0
875.5287635715443 107.42297844757734 -1 0 0
880.6064495219576 112.18330902608973 -1 0 0
886.9535569599741 118.53041646410627 -1 0 0
891.3965321665856 116.94363960460213 -1 0 0
901.8692594393129 118.84777183600708 -1 0 0
897.7436396046022 140.4279371252633 -1 0 0
910.1204991087344 141.69735861286657 -1 0 0
901.5519040674121 144.2362015880732 -1 0 0
918.054383406255 139.15851563765997 -1 0 0
923.4494247285692 146.14033381947814 -1 0 0
931.7006643979906 145.5056230756765 -1 0 0
939.3171933236105 147.72711067898229 -1 0 0
949.7899205963377 142.64942472856907 -1 0 0
963.4362015880732 122.656036298817 -1 0 0
973.9089288608006 130.27256522443682 -1 0 0
1001.2014908442716 137.57173877815583 -1 0 0
1019.2907470426187 139.15851563765997 -1 0 0
1010.4047966293957 122.656036298817 -1 0 0
1003.4229784475774 121.70397018311452 -1 0 0
999.2973586128666 117.26099497650294 -1 0 0
993.9023172905527 113.1353751417922 -1 0 0
981.8428131583212 115.67421811699883 -1 0 0
985.0163668773295 115.99157348889963 -1 0 0
987.2378544806353 107.42297844757734 -1 0 0
995.4890941500568 105.51884621617236 -1 0 0
1002.153556959974 110.27917679468477 -1 0 0
1009.4527305136932 106.47091233187486 -1 0 0
1009.1353751417923 111.23124291038725 -1 0 0
1017.7039701831146 103.93206935666825 -1 0 0
1018.3386809269164 117.57835034840377 -1 0 0
1011.0395073731974 117.26099497650294 -1 0 0
1002.153556959974 99.8064495219575 -1 0 0
978.6692594393129 106.15355695997403 -1 0 0
974.5436396046023 110.59653216658559 -1 0 0
972.6395073731973 118.84777183600708 -1 0 0
952.3287635715444 118.21306109220544 -1 0 0
955.8196726624535 127.41636687732937 -1 0 0
938.0477718360071 120.11719332361038 -1 0 0
926.9403338194782 118.21306109220544 -1 0 0
920.5932263814617 120.75190406741204 -1 0 0
911.3899205963378 116.6262842327013 -1 0 0
946.2990115054286 120.11719332361038 -1 0 0
944.7122346459244 105.51884621617236 -1 0 0
952.963474315346 101.07587100956081 -1 0 0
963.7535569599742 106.47091233187486 -1 0 0
957.4064495219575 104.24942472856907 -1 0 0
967.8791767946848 96.95025117485007 -1 0 0
956.771738778156 97.58496191865171 -1 0 0
943.1254577864204 98.53702803435418 -1 0 0
943.1254577864204 93.45934208394097 -1 0 0
939.6345486955113 96.3155404310484 -1 0 0
931.7006643979906 102.34529249716411 -1 0 0
934.5568627450981 111.86595365418891 -1 0 0
929.7965321665856 111.23124291038725 -1 0 0
924.4014908442715 108.05768919137898 -1 0 0
921.2279371252633 104.5667801004699 -1 0 0
935.8262842327015 105.8362015880732 -1 0 0
913.6114081996434 103.29735861286659 -1 0 0
907.8990115054286 106.47091233187486 -1 0 0
901.5519040674121 108.37504456327981 -1 0 0
887.9056230756765 110.27917679468477 -1 0 0
891.3965321665856 106.78826770377567 -1 0 0
892.665953654189 102.34529249716411 -1 0 0
882.8279371252632 104.5667801004699 -1 0 0
877.4328958029492 97.2676065467509 -1 0 0
870.1337222492303 92.50727596823849 -1 0 0
892.665953654189 84.57339167071783 -1 0 0
895.2047966293956 97.2676065467509 -1 0 0
885.6841354723707 100.44116026575915 -1 0 0
890.761821422784 97.58496191865171 -1 0 0
906.3122346459245 90.60314373683354 -1 0 0
899.6477718360071 95.68082968724676 -1 0 0
902.1866148112138 96.63289580294924 -1 0 0
915.1981850591476 91.55520985253601 -1 0 0
916.15025117485 97.90231729055255 -1 0 0
921.2279371252633 92.18992059633766 -1 0 0
926.3056230756765 88.38165613352776 -1 0 0
922.1800032409659 86.16016853022197 -1 0 0
928.5271106789824 94.41140819964346 -1 0 0
933.6047966293957 94.41140819964346 -1 0 0
822.8861334743688 116.32869091692626 -1 0 0
823.7812383694736 136.40461499285033 -1 0 0
364.8926486982754 158.97960522001435 -1 0 0
