31.982634069961932 630.8646667378385 -1 0 0
691.2639407850255 715.8882602042632 -1 0 0
450.13145439664083 495.6632148322124 -1 0 0
335.8374435073485 491.4817266289456 -1 0 0
130.94452154727588 444.09152699192197 -1 0 0
55.67773388847369 432.94089178321053 -1 0 0
5.499875449272247 364.64325112985307 -1 0 0
44.527098679762275 336.76666310807445 -1 0 0
110.03708053094199 342.34198071243014 -1 0 0
176.94089178321056 332.5851749048077 -1 0 0
222.9372620191452 347.9172983167859 -1 0 0
270.32746165616885 393.91366855272054 -1 0 0
154.63962136578772 410.6396213657877 -1 0 0
444.5561367922851 395.30749795380945 -1 0 0
578.3637592968222 385.550692146187 -1 0 0
681.5071349774031 308.89007508629584 -1 0 0
791.6196576634285 317.25305149282946 -1 0 0
327.47446710081493 346.5234689156969 -1 0 0
307.96085548557 304.70858688302906 -1 0 0
365.1078609302161 313.0715632895626 -1 0 0
401.3474253585283 321.43453969609624 -1 0 0
436.1931603857515 308.89007508629584 -1 0 0
490.5525070282198 287.98263406996193 -1 0 0
514.2476068467316 322.8283690971852 -1 0 0
512.8537774456425 265.681363652539 -1 0 0
554.6686594783106 250.34924024056082 -1 0 0
586.7267357033558 317.25305149282946 -1 0 0
635.5107647414684 239.1986050318494 -1 0 0
673.1441585708695 243.38009323511616 -1 0 0
696.8392583893813 216.8973346144265 -1 0 0
706.5960641970038 269.8628518558059 -1 0 0
802.7702928721399 239.1986050318494 -1 0 0
843.1913455037189 223.86648161987125 -1 0 0
917.0643037614323 240.59243443293835 -1 0 0
961.666844596278 172.29479377958086 -1 0 0
971.4236504039005 145.81203515889115 -1 0 0
1007.6632148322125 204.35287000462617 -1 0 0
1009.0570442333017 279.61965766342837 -1 0 0
1016.0261912387462 356.28027472331945 -1 0 0
806.1387139247715 216.89733461442657 -1 0 0
863.2857193694176 186.23308779047014 -1 0 0
