68.26695448821724 687.5697067817953 -1 0 0
184.52383522216215 515.8265875157402 -1 0 0
91.16603705702461 299.1660370570246 -1 0 0
8.377046231336541 287.71649577262093 -1 0 0
29.51466091023562 116.85411045152006 -1 0 0
15.422917790969544 95.71649577262096 -1 0 0
26.872459075373232 79.86328476344666 -1 0 0
74.43209210289616 83.38622054326312 -1 0 0
82.35869760748331 130.94585357078608 -1 0 0
66.505486598309 123.89998201115311 -1 0 0
94.68897283684109 83.38622054326312 -1 0 0
116.70732146069432 117.73484439647419 -1 0 0
143.12933980931817 77.2210829285842 -1 0 0
144.8908076992264 108.92750494693281 -1 0 0
205.6614499010613 89.55135815794205 -1 0 0
228.5605324698686 73.69814714876775 -1 0 0
225.91833063500624 120.37704623133651 -1 0 0
251.45961503867593 84.26695448821727 -1 0 0
288.45044072674926 105.40456916711635 -1 0 0
288.45044072674926 221.66144990106127 -1 0 0
337.7715416441805 200.52383522216215 -1 0 0
308.7073214606943 345.8449361395934 -1 0 0
381.80823889188696 389.00089944234566 -1 0 0
397.66144990106125 511.4229177909695 -1 0 0
560.5972297175749 586.2853031120704 -1 0 0
647.7898902680336 677.0008994423457 -1 0 0
731.4596150386759 736.8908076992263 -1 0 0
629.2944774239969 404.85411045151994 -1 0 0
624.0100737542722 337.0375966900521 -1 0 0
727.9366792588593 233.99172513041913 -1 0 0
616.9642021946391 160.89080769922643 -1 0 0
570.2853031120703 200.52383522216215 -1 0 0
520.9642021946391 217.25778017629065 -1 0 0
488.37704623133635 186.43209210289618 -1 0 0
420.5605324698685 219.01924806619897 -1 0 0
383.5697067817951 116.85411045152006 -1 0 0
384.45044072674926 89.55135815794205 -1 0 0
344.8174132038136 78.10181687353835 -1 0 0
393.2577801762905 77.2210829285842 -1 0 0
410.8724590753731 77.2210829285842 -1 0 0
415.27612880014374 106.2853031120705 -1 0 0
448.74401870840063 95.71649577262096 -1 0 0
480.45044072674926 92.1935599928045 -1 0 0
474.2853031120704 121.25778017629065 -1 0 0
454.90915632307957 133.5880554056485 -1 0 0
550.9091563230795 98.35869760748328 -1 0 0
594.9458535707859 84.26695448821727 -1 0 0
582.6155783414282 157.36787191940996 -1 0 0
628.4137434790428 130.06511962583195 -1 0 0
637.221082928584 145.0375966900521 -1 0 0
757.0008994423456 101.88163338729989 -1 0 0
779.0192480661988 188.1935599928044 -1 0 0
831.8632847634465 120.37704623133651 -1 0 0
866.2119086166574 93.07429393775851 -1 0 0
882.9458535707859 155.60640402950165 -1 0 0
882.9458535707859 179.3862205432631 -1 0 0
908.4871379744555 84.26695448821727 -1 0 0
945.477963662529 87.78989026803373 -1 0 0
1012.4137434790429 133.5880554056485 -1 0 0
1019.4596150386758 104.52383522216219 -1 0 0
1004.4871379744555 222.54218384601546 -1 0 0
1011.5330095340887 241.03759669005214 -1 0 0
5.147688433171442 64.67062421298796 -1 0 0
10.87245907537327 80.52383522216226 -1 0 0
21.00089944234575 51.01924806619896 -1 0 0
66.35869760748338 59.38622054326319 -1 0 0
87.49631228638246 52.340348983630115 -1 0 0
207.71649577262104 49.25778017629073 -1 0 0
222.68897283684117 48.37704623133658 -1 0 0
-26.118366612700132 231.5697067817953 -1 0 0
344.670624212988 61.5880554056485 -1 0 0
362.72567008454763 56.30365173592372 -1 0 0
423.93667925885956 50.13851412124481 -1 0 0
405.44126641482285 43.53300953408888 -1 0 0
524.7807159561073 56.41374347904302 -1 0 0
566.6155783414283 31.312826047850347 -1 0 0
581.1476884331714 28.010073754272383 -1 0 0
609.1109911854651 33.95502788271275 -1 0 0
600.3036517359237 20.303651735923765 -1 0 0
481.2394315524375 7.065119625831982 -1 0 0
491.31282604785036 9.789890268033828 -1 0 0
659.7531930203274 51.0742939377586 -1 0 0
648.1935599928045 9.789890268033828 -1 0 0
658.4871379744558 6.349523295556752 -1 0 0
690.248605864364 54.156862745098046 -1 0 0
801.3311746717033 20.578881093721904 -1 0 0
800.3403489836301 40.94585357078613 -1 0 0
985.808238891887 33.67979852491457 -1 0 0
