155.00564323290288 415.37637494022 -1 0 0
296.11783835485414 527.766618842659 -1 0 0
477.19100908656145 537.756862745098 -1 0 0
45.11296030607363 316.7227164036346 -1 0 0
31.376374940219986 289.24954567192725 -1 0 0
22.6349115255858 181.85442372070776 -1 0 0
83.82515542802489 136.89832615973216 -1 0 0
126.2836920133907 199.33735054997612 -1 0 0
138.77149689143954 181.85442372070776 -1 0 0
147.51296030607358 158.1275944524151 -1 0 0
218.69344811095166 240.54710664753705 -1 0 0
273.6397895743663 229.3080822572932 -1 0 0
382.2836920133907 266.7714968914395 -1 0 0
465.9519846963175 320.46905786704923 -1 0 0
455.96174079387856 193.0934481109517 -1 0 0
403.5129603060736 190.59588713534194 -1 0 0
548.3714968914395 193.0934481109517 -1 0 0
588.3324725011955 193.0934481109517 -1 0 0
665.756862745098 161.87393591582975 -1 0 0
628.2934481109517 134.40076518412246 -1 0 0
627.0446676231468 115.6690578670492 -1 0 0
589.5812529890004 103.18125298900051 -1 0 0
558.3617407938784 108.1763749402199 -1 0 0
391.0251554280249 166.8690578670493 -1 0 0
387.27881396461026 131.90320420851268 -1 0 0
424.7422285987566 110.67393591582967 -1 0 0
462.20564323290284 93.19100908656144 -1 0 0
-198.3992348158776 449.09344811095167 -1 0 0
110.04954567192733 81.01539933046396 -1 0 0
119.41539933046388 78.5178383548542 -1 0 0
135.02515542802487 97.87393591582982 -1 0 0
174.986131037781 110.98613103778104 -1 0 0
194.96661884265907 145.95198469631762 -1 0 0
235.55198469631756 168.43003347680542 -1 0 0
269.89344811095174 151.57149689143958 -1 0 0
288.0007651841225 174.04954567192738 -1 0 0
239.29832615973223 134.7129603060737 -1 0 0
221.81539933046392 106.61539933046394 -1 0 0
262.4007651841224 102.24466762314688 -1 0 0
309.85442372070787 123.4739359158298 -1 0 0
322.96661884265905 103.49344811095176 -1 0 0
344.8202773792443 89.75686274509808 -1 0 0
372.9178383548542 120.97637494022003 -1 0 0
377.2885700621712 58.53735054997613 -1 0 0
379.78613103778093 42.92759445241516 -1 0 0
411.63003347680535 69.77637494022007 -1 0 0
431.6105212816833 87.25930176948835 -1 0 0
436.6056432329029 72.89832615973226 -1 0 0
444.09832615973215 20.449545671927396 -1 0 0
460.3324725011955 35.43491152558593 -1 0 0
500.29344811095166 45.42515542802493 -1 0 0
500.29344811095166 35.43491152558593 -1 0 0
520.898326159732 64.15686274509811 -1 0 0
542.1275944524151 62.283692013390784 -1 0 0
557.1129603060735 59.16174079387857 -1 0 0
607.0641798182687 47.922716403634695 -1 0 0
626.4202773792443 46.67393591582981 -1 0 0
660.7617407938785 35.43491152558593 -1 0 0
652.0202773792442 10.459301769488329 -1 0 0
675.1227164036345 12.956862745098094 -1 0 0
668.8788139646101 29.815399330463954 -1 0 0
696.9763749402199 32.937350549976166 -1 0 0
696.3519846963175 54.16661884265911 -1 0 0
682.6153993304638 45.42515542802493 -1 0 0
727.5714968914394 27.94222859875663 -1 0 0
735.688570062171 12.956862745098094 -1 0 0
728.8202773792443 8.586131037781003 -1 0 0
746.3032042085125 32.937350549976166 -1 0 0
756.2934481109517 74.1471066475371 -1 0 0
785.0153993304638 88.50808225729324 -1 0 0
766.2836920133907 21.698326159732282 -1 0 0
756.9178383548541 4.839789574366424 -1 0 0
796.8788139646102 16.703204208512748 -1 0 0
909.8934481109518 291.1227164036347 -1 0 0
1012.2934481109517 298.61539933046396 -1 0 0
998.5568627450981 278.6349115255859 -1 0 0
780.6446676231469 165.6202773792444 -1 0 0
819.9812529890006 14.830033476805422 -1 0 0
844.3324725011956 18.576374940220074 -1 0 0
863.0641798182687 17.327594452415187 -1 0 0
876.1763749402201 2.9666188426590985 -1 0 0
912.3910090865613 14.830033476805422 -1 0 0
926.7519846963175 17.327594452415187 -1 0 0
959.8446676231468 69.15198469631761 -1 0 0
936.7422285987566 112.23491152558591 -1 0 0
976.0788139646102 120.35198469631761 -1 0 0
980.4495456719272 92.87881396461029 -1 0 0
1002.9275944524152 107.86417981826882 -1 0 0
1018.537350549976 124.72271640363466 -1 0 0
987.9422285987565 32.937350549976166 -1 0 0
964.2153993304639 25.444667623146866 -1 0 0
958.595887135342 35.43491152558593 -1 0 0
974.8300334768053 17.327594452415187 -1 0 0
982.3227164036346 16.078813964610305 -1 0 0
997.9324725011957 25.444667623146866 -1 0 0
1013.5422285987565 21.698326159732282 -1 0 0
528.2103744507838 3.688635320348897 -1 0 0
