71.85989986545802 258.8925207878429 -1 0 0
52.854275568495154 263.4999448598339 -1 0 0
15.99488299256716 183.44595160899024 -1 0 0
21.754163082555905 141.97913496107125 -1 0 0
409.3537131387988 313.02975363373713 -1 0 0
409.3537131387988 262.924016850835 -1 0 0
420.2963453097775 132.76428681708927 -1 0 0
287.8329032400362 489.263724387393 -1 0 0
308.27834755949624 563.2704735437482 -1 0 0
942.9510134762565 575.9408897417234 -1 0 0
703.3649617327245 199.28397185645915 -1 0 0
789.7541630825558 177.39870751450192 -1 0 0
334.1951079644456 9.875647896954058 -1 0 0
381.42120470235335 35.21648029290458 -1 0 0
416.55281325128476 65.74066476984494 -1 0 0
389.48419682833753 82.44257703081234 -1 0 0
475.8733981781689 4.116367806965261 -1 0 0
489.69567039414187 16.21085599594167 -1 0 0
495.4549504841307 86.47407309380448 -1 0 0
521.9476388980789 85.89814508480559 -1 0 0
527.1309909790688 116.42232956174598 -1 0 0
547.2884712940295 71.4999448598337 -1 0 0
539.2254791680452 53.646176580868534 -1 0 0
532.3143430600587 27.153488166920308 -1 0 0
540.9532631950418 20.242352058933808 -1 0 0
546.1366152760318 0.08487174397319619 -1 0 0
576.0848717439732 9.299719887955172 -1 0 0
606.0331282119147 12.75528794194842 -1 0 0
615.2479763558968 19.66642404993492 -1 0 0
656.7147930038158 24.273848121925944 -1 0 0
672.8407772557841 4.116367806965261 -1 0 0
705.0927457597213 2.3885837799686724 -1 0 0
728.1298661196763 6.996007851959695 -1 0 0
723.5224420476853 31.184984229912445 -1 0 0
712.0038818677077 38.67204834689783 -1 0 0
714.8835219127022 57.67767264386074 -1 0 0
737.9206422726571 46.735040472882034 -1 0 0
676.2963453097775 39.82390436489553 -1 0 0
591.0589999779439 51.91839255387194 -1 0 0
572.0533756809812 69.77216083283707 -1 0 0
853.1062440724319 61.06124969672922 -1 0 0
888.8137806303623 49.54268951675162 -1 0 0
870.3840843423982 9.2277288868304 -1 0 0
957.9251417102273 58.75753766073367 -1 0 0
29.95106853930384 76.72029930853463 -1 0 0
56.548471136706446 90.78623337446868 -1 0 0
44.27274686098217 51.401617989853314 -1 0 0
25.859160447395755 26.082936671172018 -1 0 0
30.462557050792366 12.784235372470706 -1 0 0
24.58043916867447 4.856163444398786 -1 0 0
12.3047148929502 2.8102093984447243 -1 0 0
16.65236724060255 2.554465142700471 -1 0 0
5.911108499343808 14.574445162680515 -1 0 0
5.399619987855301 115.84917043740575 -1 0 0
1008.3007188889541 602.5624571506925 -1 0 0
384.2847348729702 68.56845115668649 -1 0 0
408.8361834244187 528.9081114963468 -1 0 0
888.0230834808842 365.3207423437602 -1 0 0
440.2371303036265 245.45452160797424 -1 0 0
816.1033510394125 115.10000655780698 -1 0 0
840.9327824775397 93.69532428355949 -1 0 0
111.46121057118502 522.8592038822218 -1 0 0
356.1167289658339 25.94950488556627 -1 0 0
369.8157256213523 19.31405338054955 -1 0 0
354.19030756115166 15.889304216669974 -1 0 0
348.8391369925898 2.8324480293789853 -1 0 0
369.708702209981 3.742147026034485 -1 0 0
414.9796052200145 24.451177126368943 -1 0 0
434.02977244409476 24.879270771853903 -1 0 0
395.71539117319173 2.19030756115157 -1 0 0
418.4043543838941 4.972916256803728 -1 0 0
462.49799986884386 12.036461407305408 -1 0 0
479.193652042757 38.36422060462982 -1 0 0
754.6719129123221 22.52475572168666 -1 0 0
836.0097055544627 17.81572562135222 -1 0 0
