923.5854341736695 642.8581614463967 -1 0 0
1002.130888719124 565.5594601476954 -1 0 0
689.195823784059 493.24777183600713 -1 0 0
257.8192004074357 405.97504456327994 -1 0 0
185.5075120957473 420.9360835243188 -1 0 0
50.85816144639666 349.8711484593837 -1 0 0
221.66335625159155 245.14387573211098 -1 0 0
241.61140819964353 247.63738222561747 -1 0 0
423.63738222561744 121.71530430353953 -1 0 0
553.2997198879551 81.81920040743559 -1 0 0
609.4036159918512 94.28673287496805 -1 0 0
837.5594601476954 221.45556404379923 -1 0 0
605.6633562515915 8.26075884899411 -1 0 0
545.8192004074357 7.014005602240835 -1 0 0
461.039979628215 7.014005602240835 -1 0 0
301.45556404379926 26.9620575502928 -1 0 0
252.8321874204227 55.6373822256174 -1 0 0
204.20881079704608 151.6373822256174 -1 0 0
151.84517443340968 35.68933027756544 -1 0 0
143.117901706137 83.06595365418887 -1 0 0
113.19582378405903 61.87114845938363 -1 0 0
87.01400560224083 55.6373822256174 -1 0 0
128.15686274509795 24.46855105678625 -1 0 0
145.61140819964345 8.26075884899411 -1 0 0
5.559460147695419 84.62439521263046 -1 0 0
6.182836771072021 9.19582378405903 -1 0 0
34.85816144639669 1.715304303539525 -1 0 0
18.99298314643584 65.86923732703775 -1 0 0
