9.715304303539526 690.2347848230202 -1 0 0
331.3776419658773 275.0659536541889 -1 0 0
50.85816144639666 182.80621339444863 -1 0 0
4.728291316526569 187.79322638146164 -1 0 0
3.481538069773295 215.22179781003305 -1 0 0
93.24777183600706 120.46855105678625 -1 0 0
528.3646549528902 152.88413547237067 -1 0 0
584.4685510567863 204.0010185892538 -1 0 0
584.4685510567863 125.4555640437992 -1 0 0
726.5984211866564 207.74127832951353 -1 0 0
742.8062133944488 287.53348612172135 -1 0 0
801.4036159918514 280.0529666412019 -1 0 0
770.2347848230203 171.58543417366937 -1 0 0
767.7412783295138 142.9101094983447 -1 0 0
1020.8321874204227 105.50751209574724 -1 0 0
1012.1049146931501 81.81920040743559 -1 0 0
802.6503692386045 73.09192768016295 -1 0 0
765.2477718360072 68.10491469314987 -1 0 0
716.6243952126305 41.923096511331664 -1 0 0
711.6373822256177 33.19582378405903 -1 0 0
519.6373822256174 90.54647313470838 -1 0 0
549.5594601476955 39.42959001782526 -1 0 0
500.9360835243188 65.61140819964345 -1 0 0
471.0140056022409 50.65036923860445 -1 0 0
287.7412783295136 48.1568627450979 -1 0 0
200.4685510567863 41.923096511331664 -1 0 0
163.06595365418886 20.72829131652657 -1 0 0
113.19582378405903 26.9620575502928 -1 0 0
85.76725235548756 34.44257703081216 -1 0 0
186.7542653425006 8.26075884899411 -1 0 0
205.45556404379928 8.26075884899411 -1 0 0
256.5724471606824 9.507512095747241 -1 0 0
315.16984975808504 29.455564043799203 -1 0 0
333.8711484593837 29.455564043799203 -1 0 0
357.55946014769546 15.741278329513472 -1 0 0
391.221797810033 15.741278329513472 -1 0 0
432.36465495289025 34.44257703081216 -1 0 0
837.5594601476954 21.03997962821485 -1 0 0
855.014005602241 22.286732874968127 -1 0 0
792.6763432645787 19.16984975808501 -1 0 0
1016.8841354723708 48.468551056786325 -1 0 0
998.8062133944487 47.221797810033046 -1 0 0
1013.1438757321109 23.533486121721403 -1 0 0
962.0269926152279 43.48153806977329 -1 0 0
949.5594601476954 39.117901706136976 -1 0 0
910.2867328749682 21.03997962821485 -1 0 0
885.9750445632799 12.936083524318782 -1 0 0
328.02099860923386 524.30471489295 -1 0 0
350.7655583972721 58.48462194242247 -1 0 0
421.401009902289 17.81572562135222 -1 0 0
479.19365204275726 58.270575119679975 -1 0 0
433.17358515312515 61.26723063807463 -1 0 0
404.27726408289107 59.34080923339237 -1 0 0
1022.4444881631582 45.42776575513149 -1 0 0
1008.9595383303822 60.41104334710473 -1 0 0
