103.06793352549735 731.2203836162414 -1 0 0
156.03345076687657 667.1042311661507 -1 0 0
381.8338137432832 650.3782783530836 -1 0 0
404.1350841607061 693.5869897868404 -1 0 0
412.4980605672397 747.9463364293086 -1 0 0
381.8338137432832 760.4908010391089 -1 0 0
735.7503291697805 484.512579623501 -1 0 0
749.6886231806697 474.05885911533403 -1 0 0
670.2403473186006 458.02982100281133 -1 0 0
680.6940678267677 354.18953062168606 -1 0 0
631.9100387886551 406.45813316252094 -1 0 0
575.4599480445535 411.33653606633214 -1 0 0
716.2367175545354 413.4272801679656 -1 0 0
811.714031529127 428.0624888793993 -1 0 0
828.4399843421942 407.85196256360985 -1 0 0
917.6450660118857 388.3383509483649 -1 0 0
940.643251129853 389.73218034945376 -1 0 0
967.1260097505426 421.0933418739547 -1 0 0
906.4944308031743 490.7848119284012 -1 0 0
864.6795487705062 460.1205651044447 -1 0 0
1009.637806483755 471.96811501370064 -1 0 0
637.4272801679657 312.37464858901825 -1 0 0
635.3365360663323 298.436354578129 -1 0 0
626.2766449592542 289.0280061207787 -1 0 0
606.7630333440093 298.7848119284012 -1 0 0
585.5071349774031 286.5888046688731 -1 0 0
617.9136685527207 309.9354471371126 -1 0 0
466.50894985943563 488.69406782676776 -1 0 0
375.9100387886552 472.66502971424507 -1 0 0
334.0951567559873 450.36375929682225 -1 0 0
381.4853563930109 423.88100067613254 -1 0 0
461.63054695562437 423.88100067613254 -1 0 0
426.78481192840115 364.64325112985307 -1 0 0
394.02982100281133 362.5525070282196 -1 0 0
344.54887726415427 355.58336002277497 -1 0 0
318.7630333440091 341.6450660118857 -1 0 0
295.76484822604175 330.4944308031743 -1 0 0
329.91366855272054 382.76303334400916 -1 0 0
286.7049571189637 379.2784598412868 -1 0 0
260.22219849827405 373.00622753638663 -1 0 0
230.25486637486208 389.03526564890933 -1 0 0
229.55795167431765 359.76484822604175 -1 0 0
226.77029287213972 416.91185367068795 -1 0 0
200.98444895199455 429.4563182804883 -1 0 0
160.56339632041562 404.3673890608876 -1 0 0
158.47265221878223 389.7321803494538 -1 0 0
191.9245578449165 382.0661186434647 -1 0 0
208.65051065798366 351.4018718195082 -1 0 0
216.3165723639728 322.8283690971852 -1 0 0
180.77392263620507 330.4944308031743 -1 0 0
161.95722572150453 333.28208960535216 -1 0 0
138.9590406035372 325.616027899363 -1 0 0
64.85377744564244 453.1514180990001 -1 0 0
53.006227536386554 430.85014768157725 -1 0 0
39.76484822604171 407.1550478630654 -1 0 0
90.63962136578765 409.24579196469887 -1 0 0
7.009857300451853 372.3093128358422 -1 0 0
11.19134550371867 359.0679335254973 -1 0 0
39.76484822604171 355.5833600227751 -1 0 0
52.309312835842086 338.85740720970784 -1 0 0
73.21675385217603 344.43272481406365 -1 0 0
98.30568307177671 367.4309099320309 -1 0 0
129.66684459627768 367.4309099320309 -1 0 0
57.94270666524321 320.3891676452796 -1 0 0
4.9771894238639085 317.94996619337394 -1 0 0
17.17319668339204 304.3601295327569 -1 0 0
39.822924451087154 304.7085868830291 -1 0 0
39.12600975054266 298.43635457812894 -1 0 0
57.594249314970995 297.04252517704003 -1 0 0
66.3056830717768 298.08789722785673 -1 0 0
79.54706238212165 304.7085868830291 -1 0 0
82.3347211842995 315.51076474146834 -1 0 0
98.01530194654994 309.23853243656816 -1 0 0
106.3782783530835 302.2693854311235 -1 0 0
127.28571936941745 309.23853243656816 -1 0 0
138.08789722785664 306.79933098466256 -1 0 0
152.72310593929043 295.99715312622334 -1 0 0
162.47991174691296 317.2530514928295 -1 0 0
177.11512045834667 310.6323618376571 -1 0 0
172.58517490480767 301.2240133803068 -1 0 0
101.84833279954451 300.87555603003455 -1 0 0
91.04615494110531 286.9372620191453 -1 0 0
71.88100067613252 292.16412227322877 -1 0 0
76.41094622967154 284.8465179175119 -1 0 0
79.89551973239386 297.39098252731225 -1 0 0
91.74306964164977 305.4055015835736 -1 0 0
52.018931710615284 285.8918899683286 -1 0 0
57.94270666524321 284.49806056723963 -1 0 0
57.24579196469874 278.57428561261173 -1 0 0
42.26212590299276 282.05885911533403 -1 0 0
22.748514287747746 287.6341767196898 -1 0 0
6.719476175225068 290.0733781715954 -1 0 0
2.5379879719582688 275.0897121098894 -1 0 0
8.810220276858457 262.89370485036125 -1 0 0
24.839258389381154 261.49987544927234 -1 0 0
27.62691719155901 270.2113092060781 -1 0 0
35.64143624782036 274.3927974093449 -1 0 0
43.307497953809474 270.5597665563504 -1 0 0
27.133269278673374 288.1568627450981 -1 0 0
17.899149496459216 286.9372620191453 -1 0 0
11.45268851642291 254.35649976869158 -1 0 0
7.968115013700593 241.81203515889123 -1 0 0
3.4381694601615713 242.16049250916345 -1 0 0
13.369203942920194 262.0225614746807 -1 0 0
