321.37205261851585 362.891039960288 -1 0 0
542.536609580541 302.13154628940197 -1 0 0
458.6885083147183 310.63787540332595 -1 0 0
456.25812856788286 210.9923057830728 -1 0 0
489.06825515016146 180.61255894762985 -1 0 0
490.2834450235791 162.38471084636402 -1 0 0
620.3087614792753 129.5745842640855 -1 0 0
580.2074956564906 129.5745842640855 -1 0 0
654.3340779349717 142.94167287168045 -1 0 0
710.2328121121867 225.5745842640855 -1 0 0
661.6252171754778 210.9923057830728 -1 0 0
653.1188880615538 296.05559692231327 -1 0 0
636.1062298337056 343.44800198560444 -1 0 0
728.4606602134525 317.92901464383226 -1 0 0
768.5619260362374 248.66319185902216 -1 0 0
795.2961032514271 212.20749565649055 -1 0 0
757.6252171754778 190.33407793497162 -1 0 0
746.6885083147182 155.09357160585768 -1 0 0
729.6758500868702 169.67585008687027 -1 0 0
812.3087614792754 140.511293124845 -1 0 0
864.5619260362374 176.9669893273766 -1 0 0
890.0809133780097 147.80243236535134 -1 0 0
935.0429386944652 170.89103996028808 -1 0 0
972.7138247704147 174.53660958054118 -1 0 0
938.6885083147185 224.35939439066777 -1 0 0
960.5619260362374 280.2581285678829 -1 0 0
1018.891039960288 266.891039960288 -1 0 0
961.7771159096552 121.06825515016152 -1 0 0
941.1188880615538 104.05559692231341 -1 0 0
892.5112931248449 117.42268552990826 -1 0 0
852.41002730206 118.63787540332609 -1 0 0
857.2707867957309 96.76445768180707 -1 0 0
868.2074956564904 80.96698932737675 -1 0 0
836.6125589476299 67.59990071978174 -1 0 0
797.7264829982628 74.89103996028807 -1 0 0
783.14420451725 127.14420451725006 -1 0 0
763.7011665425665 112.56192603623738 -1 0 0
727.2454703400347 95.54926780838929 -1 0 0
746.6885083147182 67.59990071978174 -1 0 0
687.14420451725 117.42268552990826 -1 0 0
693.2201538843387 91.90369818813619 -1 0 0
655.5492678083891 89.47331844130075 -1 0 0
627.5999007197817 95.54926780838929 -1 0 0
606.9416728716805 108.9163564159843 -1 0 0
574.1315462894019 78.53660958054117 -1 0 0
591.1730460490558 58.327348244216694 -1 0 0
603.6210511764392 59.76365652814556 -1 0 0
621.8142894395381 39.65534055314157 -1 0 0
639.5287582746606 41.09164883707044 -1 0 0
649.1041468341864 35.346415701355 -1 0 0
639.5287582746606 27.68610485373442 -1 0 0
619.8992117276329 26.728565997781853 -1 0 0
585.9065823413166 35.346415701355 -1 0 0
589.2579683371506 28.164874281710723 -1 0 0
586.8641211972692 15.238099726351006 -1 0 0
606.4936677442969 8.056558306706732 -1 0 0
570.1071912180992 55.45473167635899 -1 0 0
572.979807785957 30.079951993615857 -1 0 0
540.9022561115457 56.41227053231156 -1 0 0
545.6899503913087 31.037490849568428 -1 0 0
539.4659478276169 22.898410573971585 -1 0 0
533.2419452639251 15.238099726351006 -1 0 0
527.9754815561861 18.58948572218501 -1 0 0
523.6665567043995 10.929174874564435 -1 0 0
511.6973210049923 13.323022014445872 -1 0 0
506.9096267252295 14.759330298374705 -1 0 0
500.6856241615377 20.025794006113845 -1 0 0
500.6856241615377 27.68610485373442 -1 0 0
491.11023560201204 27.68610485373442 -1 0 0
484.40746361034405 15.238099726351006 -1 0 0
474.8320750508183 18.11071629420871 -1 0 0
463.34160877938746 15.238099726351006 -1 0 0
561.0105720865497 10.929174874564435 -1 0 0
541.381025539522 4.226402882896425 -1 0 0
692.1933953520521 56.41227053231156 -1 0 0
710.8654030431273 56.89103996028786 -1 0 0
719.9620221746768 43.48549597695184 -1 0 0
687.4057010722893 43.00672654897558 -1 0 0
695.5447813478861 23.37718000194785 -1 0 0
705.5989393353881 22.898410573971585 -1 0 0
723.7921775984869 20.025794006113845 -1 0 0
741.0278770056332 21.462102290042715 -1 0 0
749.6457267092063 16.195638582303573 -1 0 0
779.3294312437362 15.238099726351006 -1 0 0
778.3718923877835 32.95256856147356 -1 0 0
775.4992758199257 27.68610485373442 -1 0 0
809.0131357782659 21.462102290042715 -1 0 0
821.9399103336256 20.983332862066412 -1 0 0
837.739301456843 23.37718000194785 -1 0 0
837.739301456843 46.83688197278585 -1 0 0
809.9706746342183 7.57778887873043 -1 0 0
769.7540426842104 4.705172310872727 -1 0 0
652.4555328300204 7.57778887873043 -1 0 0
666.3398462413327 1.353786315038722 -1 0 0
865.7634962974133 47.98982220672277 -1 0 0
887.0225893914687 17.675930202236273 -1 0 0
914.580673031911 23.18754693032472 -1 0 0
915.3680468502095 8.22744438265609 -1 0 0
905.1321872123309 5.471636018611867 -1 0 0
939.7766352174582 12.55800038329703 -1 0 0
941.7450697632041 30.27391129500988 -1 0 0
952.3746163102318 43.65926620608183 -1 0 0
963.0041628572596 56.25724729885541 -1 0 0
986.2316904970609 47.20244838842439 -1 0 0
1012.6087134100555 22.006486202877213 -1 0 0
1019.6950777747408 29.880224385860714 -1 0 0
983.0821952238675 18.856990929683818 -1 0 0
1013.7897741375032 2.3221407454184733 -1 0 0
1034.2614934132603 57.83199493545212 -1 0 0
244.98044870888603 30.642361863828995 -1 0 0
249.42204460697928 20.951607177080103 -1 0 0
255.88254773147855 22.162951512923694 -1 0 0
269.61111687103954 29.4310175279854 -1 0 0
281.3207787841945 26.604547411016956 -1 0 0
294.6455664784742 24.181858739329734 -1 0 0
286.1661561275689 11.260852490331173 -1 0 0
291.8190963615058 8.030600928081506 -1 0 0
284.5510303464441 3.992786475269467 -1 0 0
271.22624265216433 2.7814421394258733 -1 0 0
266.7846467540711 3.992786475269467 -1 0 0
270.41867976160194 13.683541162018395 -1 0 0
269.61111687103954 9.241945263925135 -1 0 0
257.0938920673222 14.087322607299582 -1 0 0
253.86364050507254 9.645726709206357 -1 0 0
254.26742195035374 4.396567920550689 -1 0 0
257.49767351260334 3.589005029988281 -1 0 0
240.53885281079278 6.41547514695669 -1 0 0
241.7501971466364 2.377660694144652 -1 0 0
236.0972569126995 2.7814421394258733 -1 0 0
231.6556610146063 6.41547514695669 -1 0 0
215.10062175807687 2.377660694144652 -1 0 0
211.06280730526484 8.030600928081506 -1 0 0
207.02499285245275 8.434382373362727 -1 0 0
202.1796155090783 12.875978271455988 -1 0 0
201.77583406379708 3.992786475269467 -1 0 0
191.68129793176698 26.200765965735734 -1 0 0
182.39432469029927 29.027236082704178 -1 0 0
193.70020515817302 29.027236082704178 -1 0 0
203.3909598449219 30.642361863828995 -1 0 0
295.85691081431787 12.472196826174766 -1 0 0
293.43422214263063 3.589005029988281 -1 0 0
211.87037019582723 21.355388622361286 -1 0 0
217.11952898448288 18.52891850539284 -1 0 0
226.0027207806694 15.702448388424433 -1 0 0
223.98381355426335 22.566732958204916 -1 0 0
230.84809812404384 29.834798973266587 -1 0 0
219.54221765617012 32.25748764495381 -1 0 0
242.5577600371988 17.721355614830436 -1 0 0
234.48213113157465 14.89488549786199 -1 0 0
247.40313738057324 12.472196826174766 -1 0 0
205.11888806155383 20.35939439066772 -1 0 0
217.8783817324399 5.169520972946189 -1 0 0
184.55820053774048 23.755524952455897 -1 0 0
