85.49019607843148 311.6235294117646 -1 0 0
93.07538126361656 230.0827886710239 -1 0 0
98.76427015250549 165.60871459694988 -1 0 0
195.47538126361658 165.60871459694988 -1 0 0
248.5716775599129 245.2531590413943 -1 0 0
276.06797385620916 230.0827886710239 -1 0 0
446.73464052287596 192.15686274509804 -1 0 0
413.54945533769074 162.7642701525054 -1 0 0
635.4161220043574 191.20871459694985 -1 0 0
678.082788671024 160.86797385620915 -1 0 0
591.8013071895426 150.4383442265795 -1 0 0
617.4013071895426 146.64575163398686 -1 0 0
140.00871459694983 112.27538126361658 -1 0 0
119.14945533769055 106.1124183006536 -1 0 0
55.62352941176462 118.43834422657953 -1 0 0
163.71241830065352 108.0087145969499 -1 0 0
183.14945533769057 78.14204793028323 -1 0 0
3.5938997821350607 22.616122004357294 -1 0 0
63.44575163398692 17.04575163398692 -1 0 0
7.445751633986934 6.9272331154684075 -1 0 0
21.28278867102397 4.882788671023963 -1 0 0
316.83834422657947 60.95686274509802 -1 0 0
443.8901960784313 98.17167755991285 -1 0 0
488.6901960784313 114.76427015250545 -1 0 0
535.3864923747276 76.12723311546841 -1 0 0
646.3198257080609 70.55686274509807 -1 0 0
672.8679738562091 71.03093681917213 -1 0 0
821.2531590413944 90.46797385620916 -1 0 0
689.2235294117646 34.88278867102396 -1 0 0
829.0753812636166 55.50501089324619 -1 0 0
766.1420479302832 28.66056644880174 -1 0 0
859.6531590413942 32.69019607843137 -1 0 0
856.9568627450981 5.712418300653596 -1 0 0
929.4605664488016 27.001307189542484 -1 0 0
900.3346405228756 5.1494553376906325 -1 0 0
1004.1272331154684 19.65315904139433 -1 0 0
556.0087145969497 28.067973856209143 -1 0 0
654.0827886710238 12.275381263616554 -1 0 0
523.8901960784311 8.60130718954248 -1 0 0
543.267973856209 9.608714596949891 -1 0 0
549.0753812636164 8.956862745098043 -1 0 0
224.63093681917212 28.423529411764694 -1 0 0
264.2161220043573 23.801307189542477 -1 0 0
298.8235294117648 32.03834422657952 -1 0 0
284.0679738562093 11.742047930283224 -1 0 0
280.80871459695 34.142047930283226 -1 0 0
301.5790849673204 4.349455337690631 -1 0 0
248.69019607843148 9.72723311546841 -1 0 0
112.0383442265795 141.54945533769063 -1 0 0
702.2304413404158 130.51137779526516 -1 0 0
742.4712440160012 124.51806675847585 -1 0 0
238.39097645747285 2.8324480293789853 -1 0 0
274.1367958554662 1.1200734474391985 -1 0 0
799.621745688242 25.307364417338857 -1 0 0
923.3408092333925 67.68863532034891 -1 0 0
