489.06825515016146 390.84040704889554 -1 0 0
401.57458426408544 444.30876147927523 -1 0 0
219.2961032514273 524.5112931248449 -1 0 0
89.27078679573107 531.8024323653513 -1 0 0
84.41002730206017 322.7897741375032 -1 0 0
212.00496401092096 276.6125589476298 -1 0 0
258.1821792007944 258.38471084636393 -1 0 0
309.22015388433863 231.65053363117406 -1 0 0
422.23281211218676 271.7517994539589 -1 0 0
448.96698932737655 237.72648299826272 -1 0 0
496.3593943906678 224.35939439066777 -1 0 0
609.3720526185159 407.8530652767437 -1 0 0
684.7138247704145 255.9543310995285 -1 0 0
760.0555969223134 213.42268552990828 -1 0 0
813.5239513526928 297.2707867957311 -1 0 0
806.2328121121867 365.32141970712337 -1 0 0
919.245470340035 237.72648299826272 -1 0 0
927.7517994539589 197.6252171754779 -1 0 0
942.3340779349717 230.43534375775639 -1 0 0
997.0176222387689 262.0302804666171 -1 0 0
1000.6631918590223 309.4226855299083 -1 0 0
983.6505336311741 132.00496401092096 -1 0 0
1003.0935716058576 112.56192603623738 -1 0 0
995.8024323653514 59.093571605857754 -1 0 0
972.7138247704147 55.44800198560451 -1 0 0
949.6252171754778 62.73914122611085 -1 0 0
956.9163564159843 12.916356415984303 -1 0 0
988.5112931248449 25.068255150161527 -1 0 0
995.8024323653514 16.56192603623754 -1 0 0
864.5619260362374 118.63787540332609 -1 0 0
884.004964010921 101.62521717547797 -1 0 0
904.6631918590223 88.25812856788295 -1 0 0
896.156862745098 42.08091337800964 -1 0 0
909.5239513526932 46.94167287168053 -1 0 0
880.3593943906678 10.485976669148858 -1 0 0
843.903698188136 1.9796475552248722 -1 0 0
832.9669893273765 53.01762223876907 -1 0 0
854.8404070488956 55.44800198560451 -1 0 0
820.8150905931993 44.51129312484508 -1 0 0
774.6378754033261 36.00496401092096 -1 0 0
741.8277488210474 49.37205261851599 -1 0 0
726.0302804666172 45.72648299826274 -1 0 0
693.2201538843387 37.22015388433876 -1 0 0
676.2074956564904 49.37205261851599 -1 0 0
651.903698188136 29.929014643832417 -1 0 0
667.7011665425665 33.574584264085516 -1 0 0
732.1062298337056 71.24547034003498 -1 0 0
769.7771159096552 74.89103996028807 -1 0 0
775.8530652767436 62.73914122611085 -1 0 0
481.7771159096551 122.28344502357918 -1 0 0
512.1568627450981 87.04293869446529 -1 0 0
534.0302804666171 104.05559692231341 -1 0 0
9.068255150161455 208.5619260362374 -1 0 0
12.713824770414623 142.94167287168045 -1 0 0
44.30876147927533 152.66319185902225 -1 0 0
17.574584264085512 87.04293869446529 -1 0 0
60.106229833705726 67.59990071978174 -1 0 0
63.751799453958895 49.37205261851599 -1 0 0
55.245470340034835 32.35939439066786 -1 0 0
71.04293869446522 27.498634896996972 -1 0 0
55.245470340034835 8.055596922313413 -1 0 0
72.25812856788295 8.055596922313413 -1 0 0
90.48597666914878 44.51129312484508 -1 0 0
117.22015388433867 36.00496401092096 -1 0 0
124.51129312484501 23.853065276743877 -1 0 0
98.99230578307284 18.992305783072986 -1 0 0
102.637875403326 36.00496401092096 -1 0 0
156.10622983370573 36.00496401092096 -1 0 0
175.5492678083893 23.853065276743877 -1 0 0
196.20749565649055 23.853065276743877 -1 0 0
180.41002730206017 4.410027302060318 -1 0 0
224.1568627450981 50.58724249193362 -1 0 0
179.19483742864244 67.59990071978174 -1 0 0
158.53660958054118 100.41002730206017 -1 0 0
117.22015388433867 106.48597666914885 -1 0 0
71.04293869446522 108.9163564159843 -1 0 0
88.05559692231334 132.00496401092096 -1 0 0
169.47331844130068 122.28344502357918 -1 0 0
194.99230578307285 151.44800198560452 -1 0 0
231.44800198560444 151.44800198560452 -1 0 0
248.46066021345254 125.92901464383235 -1 0 0
281.27078679573094 114.99230578307284 -1 0 0
310.4353437577563 121.06825515016152 -1 0 0
327.44800198560444 151.44800198560452 -1 0 0
287.3467361628197 149.01762223876906 -1 0 0
383.3467361628197 164.8150905931994 -1 0 0
395.4986348969969 151.44800198560452 -1 0 0
423.44800198560444 123.49863489699695 -1 0 0
352.96698932737667 70.03028046661719 -1 0 0
363.9036981881361 40.86572350459185 -1 0 0
234.9758020176506 37.84481339403247 -1 0 0
239.57891049385637 23.46009940588955 -1 0 0
248.2097388867421 21.73393372731245 -1 0 0
287.33616093449086 25.18626508446673 -1 0 0
258.56673295820497 19.43237948920953 -1 0 0
266.62217279156505 17.130825251106682 -1 0 0
335.6687999346511 46.47564178691826 -1 0 0
292.51465797022234 51.654138822649706 -1 0 0
297.11776644642805 74.09429264415267 -1 0 0
278.7053325416051 89.62978375134702 -1 0 0
320.7086973869824 70.06657272747265 -1 0 0
343.1488512084854 15.404659572529509 -1 0 0
369.61672494666834 21.158545167786702 -1 0 0
365.0136164704627 13.103105334426658 -1 0 0
399.5369300420057 14.253882453478083 -1 0 0
408.1677584348915 17.130825251106682 -1 0 0
432.9094664944972 5.62305406059236 -1 0 0
436.93718641117727 24.0354879654153 -1 0 0
442.69107200643447 33.817093477352515 -1 0 0
455.3496203160002 23.46009940588955 -1 0 0
421.40169530398293 1.0199455843865899 -1 0 0
-13.016667137933409 332.4437558711996 -1 0 0
229.79730498191915 7.780761158813773 -1 0 0
234.9758020176506 4.040735521896624 -1 0 0
271.5129755475336 4.6161240814223365 -1 0 0
296.5423778869023 0.5884041647423146 -1 0 0
319.27022598816814 5.19151264094805 -1 0 0
308.3378433571795 8.64384399810236 -1 0 0
312.3655632738595 6.629984039762348 -1 0 0
327.9010543810538 2.602264123082326 -1 0 0
337.68265989299107 3.7530412421337864 -1 0 0
280.14380394041933 69.34733702806554 -1 0 0
115.13867655698714 1.9549519936159128 -1 0 0
563.6125589476297 32.45433109952836 -1 0 0
589.2454703400348 43.04926780838914 -1 0 0
611.4606602134526 45.09990071978152 -1 0 0
599.8404070488956 18.783445023579 -1 0 0
685.283445023579 34.8467361628195 -1 0 0
586.8530652767437 19.808761479275194 -1 0 0
576.258128567883 20.492305783072666 -1 0 0
552.3340779349716 13.99863489699672 -1 0 0
514.3973690742121 31.087242491933413 -1 0 0
504.48597666914884 4.429014643832168 -1 0 0
524.9923057830729 5.454331099528395 -1 0 0
515.0809133780095 1.0112931248448362 -1 0 0
710.792314250115 25.94950488556627 -1 0 0
689.3876319758675 1.548167092924154 -1 0 0
674.1903075611518 0.9060266246967027 -1 0 0
703.0866286313859 24.879270771853903 -1 0 0
792.9862941832254 30.65853498590071 -1 0 0
804.7588694340615 33.44114368155291 -1 0 0
838.3642206046301 43.92943799593416 -1 0 0
827.8759262902487 45.42776575513149 -1 0 0
740.116728965834 38.792314250114764 -1 0 0
709.0799396681753 43.28729752770674 -1 0 0
751.8893042166702 79.24716374844253 -1 0 0
755.3140533805497 111.99632762804119 -1 0 0
836.6518460226903 92.08997311299103 -1 0 0
849.4946553872387 113.92274903272347 -1 0 0
194.51137779526533 7.327431306970968 -1 0 0
190.8725818086433 16.317397862154895 -1 0 0
195.7956587317202 16.317397862154895 -1 0 0
