264.9239860327694 483.3506005141782 -1 0 0
547.4758451325738 693.7615594182879 -1 0 0
418.2233989486207 262.41909366486317 -1 0 0
273.94159855723126 8.423007559188038 -1 0 0
194.2860212578183 8.423007559188038 -1 0 0
116.13337937914905 38.48171597406084 -1 0 0
167.2331836844328 74.55216607190818 -1 0 0
237.8711484593839 112.1255515904991 -1 0 0
663.2018725298341 122.6460995357047 -1 0 0
783.4367061893253 118.13729327347377 -1 0 0
831.5306396531216 68.54042438893364 -1 0 0
885.6363147998928 29.46410344959897 -1 0 0
962.2860212578184 101.60500364529365 -1 0 0
1010.379954721615 42.990522236291774 -1 0 0
990.8417942519475 575.0296611795403 -1 0 0
776.0849346731699 93.1198997081351 -1 0 0
132.0097055544626 3.7956587317199664 -1 0 0
311.8090366581416 4.6518460226898775 -1 0 0
363.6083677618206 134.3642206046297 -1 0 0
437.6685684307169 99.6886353203488 -1 0 0
514.7254246180079 34.19030756115157 -1 0 0
516.4377991999476 3.795658731720109 -1 0 0
603.3408092333923 2.939471440750269 -1 0 0
424.39766542068344 54.738802544429156 -1 0 0
564.3842874942618 215.48796642402786 -1 0 0
