80.06292928130165 196.28993515214296 -1 0 0
141.68328153179093 209.81635393883576 -1 0 0
78.55999386055805 133.16664748091017 -1 0 0
116.13337937914905 110.6226161697555 -1 0 0
152.2038294769964 121.14316411496097 -1 0 0
59.02183339089071 32.46997429108631 -1 0 0
159.71850658071457 23.45236176662444 -1 0 0
275.44453397797486 5.417136717700701 -1 0 0
314.52085491730946 9.925942979931635 -1 0 0
310.01204865507856 27.961168028855372 -1 0 0
316.02379033805306 50.5051993400099 -1 0 0
200.29776294079284 80.5639077548827 -1 0 0
291.97682360615494 127.15490579793557 -1 0 0
338.56782164920776 161.7224204750393 -1 0 0
6.419093664863313 41.487586815548035 -1 0 0
382.1529488507734 272.9396416100687 -1 0 0
442.270365680519 137.6754537431411 -1 0 0
428.7439468938262 71.54629523042082 -1 0 0
431.7498177353134 47.49932849852271 -1 0 0
418.2233989486207 17.440620083649907 -1 0 0
466.3173324124171 18.943555504393505 -1 0 0
535.4523617666246 79.0609723341391 -1 0 0
545.97290971183 169.2370975787575 -1 0 0
648.1725183223977 91.08445570008817 -1 0 0
652.6813245846286 167.7341621580139 -1 0 0
624.1255515904993 223.34277272552856 -1 0 0
554.9905222362919 333.0570584398142 -1 0 0
352.0942404359006 447.2801504163309 -1 0 0
252.9005026668203 638.1529488507732 -1 0 0
548.9787805533174 609.5971758566441 -1 0 0
909.683281531791 563.0061778135912 -1 0 0
971.3036337822803 507.3975672460765 -1 0 0
792.4543187137871 304.5012854456851 -1 0 0
818.004220866429 74.55216607190818 -1 0 0
717.3075476766052 18.943555504393505 -1 0 0
78.15886074709607 36.40861099684637 -1 0 0
482.4905290787644 182.118900707136 -1 0 0
143.56823398255628 70.5782674273722 -1 0 0
123.87592629024857 6.79231425011462 -1 0 0
71.22040789559972 4.6518460226898775 -1 0 0
236.4645550527904 7.648501541084531 -1 0 0
