24.23025724051085 537.8449361395933 -1 0 0
411.7531930203273 346.7256700845476 -1 0 0
-35.659651016369885 270.1018168735383 -1 0 0
483.9733765065657 326.46878935060255 -1 0 0
402.06511962583187 226.0651196258319 -1 0 0
335.1293398093182 209.3311746717035 -1 0 0
386.2119086166576 123.01924806619895 -1 0 0
399.42291779096945 83.38622054326312 -1 0 0
432.89080769922634 77.2210829285842 -1 0 0
443.4596150386759 95.71649577262096 -1 0 0
550.0284223781254 240.15686274509804 -1 0 0
539.4596150386759 130.94585357078608 -1 0 0
526.2486058643639 92.1935599928045 -1 0 0
600.2302572405107 86.02842237812557 -1 0 0
572.0467710019786 120.37704623133651 -1 0 0
668.9275049469327 135.34952329555674 -1 0 0
699.7531930203272 204.92750494693288 -1 0 0
729.6981471487676 141.51466091023565 -1 0 0
749.0742939377584 192.59722971757503 -1 0 0
742.9091563230794 81.62475265335496 -1 0 0
776.3770462313364 84.26695448821727 -1 0 0
813.3678719194097 116.85411045152006 -1 0 0
872.3770462313364 95.71649577262096 -1 0 0
897.0375966900519 92.1935599928045 -1 0 0
949.0008994423456 130.06511962583195 -1 0 0
985.991725130419 87.78989026803373 -1 0 0
935.7898902680336 153.84493613959341 -1 0 0
839.7898902680336 264.8174132038136 -1 0 0
754.3586976074831 293.0008994423457 -1 0 0
736.7440187084006 620.6339269652814 -1 0 0
801.9183306350061 564.2669544882173 -1 0 0
1097.8449361395933 153.84493613959341 -1 0 0
-52.3935959704983 430.39539485518975 -1 0 0
609.9183306350062 429.5146609102356 -1 0 0
856.523835222162 492.92750494693286 -1 0 0
934.0284223781252 455.9366792588595 -1 0 0
1008.8908076992262 405.7348443964741 -1 0 0
1003.6064040295014 235.75319302032736 -1 0 0
970.1385141212446 234.87245907537326 -1 0 0
1016.8174132038134 311.4963122863823 -1 0 0
290.9458535707862 180.9275049469329 -1 0 0
54.46878935060265 206.9091563230797 -1 0 0
16.15686274509804 60.707321460694345 -1 0 0
86.61557834142835 41.77154164418058 -1 0 0
303.71649577262104 100.34034898363015 -1 0 0
114.06511962583197 35.055945313905404 -1 0 0
163.60640402950165 37.91833063500632 -1 0 0
188.70732146069432 31.753193020327423 -1 0 0
35.89998201115305 180.59722971757512 -1 0 0
291.1660370570246 32.41374347904301 -1 0 0
278.39539485518975 22.725670084547613 -1 0 0
317.808238891887 24.046771001978804 -1 0 0
327.71649577262093 33.51466091023569 -1 0 0
342.46878935060266 27.78989026803384 -1 0 0
360.5238352221622 29.331174671703575 -1 0 0
372.6339269652815 32.63392696528155 -1 0 0
391.5697067817953 25.588055405648536 -1 0 0
249.4687893506026 2.675211368951246 -1 0 0
690.2119086166578 60.26695448821727 -1 0 0
667.3128260478503 57.62475265335489 -1 0 0
646.6155783414283 55.86328476344666 -1 0 0
620.1935599928045 69.95502788271273 -1 0 0
798.1018168735385 37.367871919409964 -1 0 0
738.2119086166578 34.72567008454758 -1 0 0
850.5054865983091 43.092642561611804 -1 0 0
862.3953948551899 70.83576182766684 -1 0 0
874.7256700845476 40.8908076992265 -1 0 0
892.7807159561072 43.092642561611804 -1 0 0
895.4229177909697 71.27612880014392 -1 0 0
923.6064040295017 57.18438568087788 -1 0 0
961.9183306350063 51.01924806619896 -1 0 0
1007.7164957726211 58.50548659830905 -1 0 0
1010.3586976074834 73.91833063500631 -1 0 0
472.23025724051087 152.7440187084008 -1 0 0
773.5146609102355 10.9183306350063 -1 0 0
785.0192480661988 7.560532469868683 -1 0 0
675.4779636625291 4.643101277208126 -1 0 0
643.7164957726208 32.468789350602634 -1 0 0
738.7807159561071 7.725670084547578 -1 0 0
615.3678719194098 21.81741320381364 -1 0 0
639.0375966900519 2.4550278827127348 -1 0 0
571.1109911854647 4.643101277208126 -1 0 0
589.7164957726208 30.074293937758604 -1 0 0
561.2027343047308 20.936679258859513 -1 0 0
587.0742939377584 6.184385680877855 -1 0 0
566.4871379744555 35.35869760748337 -1 0 0
548.3770462313363 71.99172513041914 -1 0 0
509.1293398093179 43.78071595610723 -1 0 0
517.1109911854646 23.0834682496852 -1 0 0
508.68897283684083 24.29447742399713 -1 0 0
529.7715416441803 43.36787191940998 -1 0 0
445.1660370570243 11.028422378125564 -1 0 0
470.59722971757475 10.7531930203274 -1 0 0
453.4229177909693 25.230257240510895 -1 0 0
471.53300953408854 29.854110451520068 -1 0 0
437.5146609102353 44.468789350602655 -1 0 0
469.8816333872996 55.0375966900522 -1 0 0
415.1660370570243 16.28530311207052 -1 0 0
435.9733765065656 21.34952329555676 -1 0 0
390.25778017629034 3.9963122863824476 -1 0 0
346.3036517359234 7.725670084547577 -1 0 0
365.7348443964738 14.386220543263184 -1 0 0
