1.1958237840590298 349.5594601476954 -1 0 0
17.403615991851243 342.0789406671759 -1 0 0
29.871148459383736 350.8062133944486 -1 0 0
67.27374586198111 350.8062133944486 -1 0 0
53.55946014769542 328.9880315762668 -1 0 0
46.078940667175914 322.13088871912396 -1 0 0
42.3386809269162 317.1438757321109 -1 0 0
58.54647313470841 317.1438757321109 -1 0 0
67.89712248535776 317.1438757321109 -1 0 0
81.61140819964345 313.4036159918512 -1 0 0
77.2477718360071 319.01400560224084 -1 0 0
44.20881079704608 319.01400560224084 -1 0 0
152.05296664120192 314.65036923860447 -1 0 0
166.39062897886424 302.8062133944486 -1 0 0
140.2088107970461 328.9880315762668 -1 0 0
111.53348612172137 304.6763432645785 -1 0 0
105.29971988795518 307.79322638146164 -1 0 0
103.42959001782529 315.8971224853577 -1 0 0
190.70231729055257 309.6633562515915 -1 0 0
196.9360835243188 310.2867328749681 -1 0 0
200.05296664120192 315.8971224853577 -1 0 0
178.85816144639676 327.1179017061369 -1 0 0
185.71530430353957 360.7802393684746 -1 0 0
224.36465495289022 352.0529666412019 -1 0 0
185.091927680163 402.5464731347084 -1 0 0
140.2088107970461 385.71530430353954 -1 0 0
143.32569391392923 373.8711484593837 -1 0 0
132.7282913165266 373.8711484593837 -1 0 0
120.88413547237079 390.0789406671759 -1 0 0
167.01400560224087 414.39062897886424 -1 0 0
178.23478482302014 459.8971224853577 -1 0 0
155.7932263814617 473.61140819964345 -1 0 0
127.117901706137 481.09192768016294 -1 0 0
279.22179781003314 459.2737458619811 -1 0 0
291.06595365418895 446.80621339444866 -1 0 0
306.6503692386045 437.45556404379937 -1 0 0
293.5594601476954 370.13088871912396 -1 0 0
307.27374586198124 366.39062897886424 -1 0 0
298.5464731347084 350.8062133944486 -1 0 0
281.09192768016294 347.6893302775655 -1 0 0
282.33868092691625 338.9620575502928 -1 0 0
275.4815380697734 339.58543417366934 -1 0 0
266.13088871912396 359.53348612172135 -1 0 0
309.14387573211104 280.9880315762668 -1 0 0
281.71530430353965 283.4815380697733 -1 0 0
292.3127069009422 302.182836771072 -1 0 0
310.39062897886436 298.4425770308123 -1 0 0
329.71530430353965 298.4425770308123 -1 0 0
349.0399796282149 300.31270690094215 -1 0 0
358.39062897886424 300.31270690094215 -1 0 0
367.11790170613705 302.182836771072 -1 0 0
364.00101858925393 317.1438757321109 -1 0 0
387.68933027756555 315.8971224853577 -1 0 0
396.41660300483835 312.7802393684746 -1 0 0
402.6503692386046 322.75426534250056 -1 0 0
408.2607588489941 298.4425770308123 -1 0 0
442.5464731347084 291.5854341736694 -1 0 0
441.29971988795523 282.85816144639665 -1 0 0
430.078940667176 306.5464731347084 -1 0 0
425.09192768016294 305.2997198879551 -1 0 0
461.8711484593838 303.42959001782526 -1 0 0
416.3646549528903 340.83218742042266 -1 0 0
380.20881079704606 345.19582378405903 -1 0 0
444.41660300483835 336.4685510567862 -1 0 0
458.13088871912396 337.71530430353954 -1 0 0
464.3646549528902 356.41660300483824 -1 0 0
473.09192768016294 339.58543417366934 -1 0 0
480.57244716068243 334.5984211866564 -1 0 0
501.143875732111 305.2997198879551 -1 0 0
504.8841354723708 327.7412783295136 -1 0 0
489.29971988795523 368.2607588489941 -1 0 0
420.7282913165267 413.143875732111 -1 0 0
393.9230965113318 433.71530430353954 -1 0 0
387.065953654189 393.19582378405903 -1 0 0
392.052966641202 378.23478482302 -1 0 0
365.8711484593838 385.71530430353954 -1 0 0
357.7672523554877 376.9880315762668 -1 0 0
489.29971988795523 282.85816144639665 -1 0 0
499.8971224853577 276.6243952126304 -1 0 0
508.00101858925393 274.13088871912396 -1 0 0
508.00101858925393 267.27374586198107 -1 0 0
493.6633562515915 257.2997198879551 -1 0 0
498.02699261522787 255.42959001782526 -1 0 0
488.052966641202 261.03997962821484 -1 0 0
509.2477718360072 302.8062133944486 -1 0 0
483.7932263814618 272.7282913165265 -1 0 0
499.68933027756566 263.3776419658771 -1 0 0
519.9490705373059 253.09192768016283 -1 0 0
525.8711484593838 265.5594601476953 -1 0 0
529.9230965113319 253.40361599185115 -1 0 0
532.4166030048384 267.7412783295135 -1 0 0
536.4685510567864 262.7542653425005 -1 0 0
548.3127069009423 296.7282913165265 -1 0 0
533.6633562515916 296.7282913165265 -1 0 0
534.5984211866565 302.02699261522775 -1 0 0
530.5464731347085 302.6503692386044 -1 0 0
524.0010185892539 302.02699261522775 -1 0 0
529.6114081996436 309.8192004074356 -1 0 0
483.7932263814618 345.3516679399031 -1 0 0
533.039979628215 342.23478482302 -1 0 0
544.2607588489942 332.260758848994 -1 0 0
615.3256939139293 296.7282913165265 -1 0 0
625.9230965113319 288.00101858925376 -1 0 0
626.2347848230203 281.7672523554875 -1 0 0
645.8711484593839 281.7672523554875 -1 0 0
636.5204991087345 301.40361599185115 -1 0 0
617.1958237840591 335.0659536541889 -1 0 0
623.7412783295138 316.98803157626674 -1 0 0
616.2607588489942 322.28673287496804 -1 0 0
656.7802393684748 333.8192004074356 -1 0 0
627.4815380697735 404.10491469314985 -1 0 0
657.4036159918513 386.6503692386044 -1 0 0
695.4295900178254 408.4685510567862 -1 0 0
709.1438757321112 333.66335625159144 -1 0 0
851.8971224853578 392.10491469314985 -1 0 0
830.0789406671761 387.1179017061368 -1 0 0
859.3776419658774 368.7282913165264 -1 0 0
867.1698497580852 351.273745861981 -1 0 0
884.6243952126306 397.0919276801628 -1 0 0
873.4036159918514 283.01400560224073 -1 0 0
875.5854341736695 288.312706900942 -1 0 0
851.8971224853578 275.2217978100329 -1 0 0
802.3386809269164 292.6763432645784 -1 0 0
758.7023172905527 294.8581614463966 -1 0 0
744.3646549528903 337.2477718360069 -1 0 0
735.014005602241 331.63738222561733 -1 0 0
722.2347848230202 299.8451744334095 -1 0 0
710.3906289788642 296.7282913165264 -1 0 0
711.6373822256177 292.05296664120175 -1 0 0
709.4555640437993 288.312706900942 -1 0 0
713.5075120957475 325.4036159918511 -1 0 0
907.065953654189 329.45556404379926 -1 0 0
938.5464731347085 291.74127832951353 -1 0 0
941.039979628215 287.3776419658772 -1 0 0
949.4555640437993 277.71530430353954 -1 0 0
959.117901706137 287.3776419658772 -1 0 0
971.8971224853578 299.53348612172135 -1 0 0
980.9360835243189 282.0789406671759 -1 0 0
1014.5984211866565 272.1049146931499 -1 0 0
1011.1698497580851 358.4425770308123 -1 0 0
1022.7023172905526 289.5594601476954 -1 0 0
1013.3516679399032 287.3776419658772 -1 0 0
815.117901706137 425.9230965113318 -1 0 0
563.2737458619812 516.9360835243187 -1 0 0
547.0659536541889 493.24777183600713 -1 0 0
3.481538069773295 386.0269926152278 -1 0 0
81.92274903272343 306.8859597350645 -1 0 0
500.0632172601484 267.6083677618203 -1 0 0
503.38094301265676 255.0866286313855 -1 0 0
499.74214702603473 249.84248147419487 -1 0 0
528.3173978621552 260.54482261131864 -1 0 0
550.5782674273725 253.69532428355944 -1 0 0
554.9662272935932 253.053183815332 -1 0 0
515.1535182634929 262.04315037051595 -1 0 0
788.2772640828907 285.909371106302 -1 0 0
999.9695717751983 268.89264869827514 -1 0 0
994.7254246180077 265.89599317988046 -1 0 0
636.3040199357338 286.7655583972718 -1 0 0
632.4511771263692 394.0030165912516 -1 0 0
