305.5032423928476 391.6715398488163 -1 0 0
395.67936763746604 179.75764552396296 -1 0 0
460.3055907294426 178.25471010321937 -1 0 0
210.8183108859984 181.26058094470656 -1 0 0
878.1216376961744 346.58347722650706 -1 0 0
938.23905452592 399.18621695253444 -1 0 0
784.9396416100689 534.450404819462 -1 0 0
807.4836729212235 140.6813245846283 -1 0 0
902.1686044280729 49.002263919266305 -1 0 0
875.1157668546872 23.45236176662444 -1 0 0
595.5697785963702 9.925942979931635 -1 0 0
570.0198764437283 36.97878055331724 -1 0 0
551.9846513948047 106.11380990752457 -1 0 0
521.9259429799318 95.5932619623191 -1 0 0
514.4112658762136 23.45236176662444 -1 0 0
557.9963930777792 5.417136717700701 -1 0 0
460.3055907294426 80.5639077548827 -1 0 0
361.1118529603623 20.446490925137102 -1 0 0
326.5443382832586 21.9494263458807 -1 0 0
267.9298568742567 27.961168028855372 -1 0 0
231.85940677640932 47.49932849852271 -1 0 0
3.413222823376047 39.98465139480444 -1 0 0
27.460189555274244 251.8985457196577 -1 0 0
46.99835002494158 563.0061778135912 -1 0 0
805.7512683395036 10.258760846996202 -1 0 0
137.146829300282 28.625090169847105 -1 0 0
517.2939864909175 398.7120466915863 -1 0 0
770.7254246180079 32.2638861564694 -1 0 0
807.5414781297135 43.39432093907803 -1 0 0
983.9160600695128 155.55485605613484 -1 0 0
