405.58805540564833 311.4963122863823 -1 0 0
289.3311746717035 190.8357618276668 -1 0 0
29.51466091023562 110.68897283684112 -1 0 0
7.4963122863823894 182.90915632307966 -1 0 0
94.68897283684109 135.34952329555674 -1 0 0
85.0008994423457 73.69814714876775 -1 0 0
227.67979852491447 78.10181687353835 -1 0 0
322.7990645799604 155.60640402950165 -1 0 0
387.9733765065657 78.10181687353835 -1 0 0
616.9642021946391 74.57888109372189 -1 0 0
666.2853031120703 153.84493613959341 -1 0 0
771.0926425616116 86.02842237812557 -1 0 0
820.4137434790429 86.02842237812557 -1 0 0
855.6431012772078 75.45961503867603 -1 0 0
895.2761288001437 92.1935599928045 -1 0 0
1008.8908076992262 73.69814714876775 -1 0 0
26.432092102896167 36.59722971757513 -1 0 0
3.3128260478503013 19.422917790969613 -1 0 0
162.72567008454755 42.10181687353844 -1 0 0
150.39539485518972 26.248605864364116 -1 0 0
333.6614499010614 60.26695448821727 -1 0 0
462.68897283684123 58.94585357078611 -1 0 0
217.99172513041907 625.9183306350062 -1 0 0
399.8632847634466 32.41374347904301 -1 0 0
463.93667925885944 23.386220543263192 -1 0 0
577.1109911854649 54.87245907537329 -1 0 0
698.2119086166578 52.01007375427238 -1 0 0
821.5146609102355 32.85411045152009 -1 0 0
968.9642021946393 10.120165497391634 -1 0 0
404.7073214606942 10.285303112070501 -1 0 0
858.2853031120703 7.6431012772080456 -1 0 0
