294.08278867102405 546.7642701525056 -1 0 0
324.42352941176483 522.1124183006535 -1 0 0
190.73464052287585 437.7272331154684 -1 0 0
135.74204793028323 308.7790849673202 -1 0 0
59.89019607843144 332.4827886710239 -1 0 0
170.82352941176475 313.5198257080609 -1 0 0
241.93464052287587 326.793899782135 -1 0 0
327.26797385620927 309.7272331154684 -1 0 0
425.87538126361665 287.91982570806096 -1 0 0
472.33464052287593 302.1420479302831 -1 0 0
636.3642701525056 341.9642701525054 -1 0 0
652.4827886710241 384.63093681917206 -1 0 0
739.7124183006538 373.25315904139427 -1 0 0
804.1864923747278 401.6976034858387 -1 0 0
861.0753812636167 515.4753812636164 -1 0 0
915.1198257080611 321.10501089324606 -1 0 0
884.7790849673205 254.73464052287576 -1 0 0
821.2531590413945 264.2161220043572 -1 0 0
786.1716775599131 215.86056644880162 -1 0 0
756.7790849673205 207.32723311546835 -1 0 0
615.5050108932462 247.1494553376906 -1 0 0
566.2013071895425 243.35686274509797 -1 0 0
576.6309368191722 220.60130718954244 -1 0 0
475.17908496732036 203.53464052287575 -1 0 0
435.3568627450981 203.53464052287575 -1 0 0
397.43093681917225 195.0013071895424 -1 0 0
404.0679738562093 177.93464052287575 -1 0 0
488.45315904139443 176.03834422657945 -1 0 0
523.5346405228759 176.9864923747276 -1 0 0
575.6827886710241 160.86797385620906 -1 0 0
586.1124183006536 154.23093681917203 -1 0 0
603.1790849673204 152.33464052287573 -1 0 0
643.9494553376908 162.7642701525054 -1 0 0
657.2235294117648 164.6605664488017 -1 0 0
695.1494553376907 176.03834422657945 -1 0 0
670.4976034858389 145.6976034858387 -1 0 0
709.371677559913 157.07538126361646 -1 0 0
293.1346405228759 231.030936819172 -1 0 0
369.9346405228759 219.65315904139425 -1 0 0
266.58649237472775 248.0976034858387 -1 0 0
93.07538126361656 223.44575163398684 -1 0 0
73.16427015250544 260.42352941176466 -1 0 0
109.19389978213515 208.27538126361648 -1 0 0
266.58649237472775 178.8827886710239 -1 0 0
326.31982570806105 168.45315904139423 -1 0 0
362.3494553376907 167.50501089324612 -1 0 0
41.87538126361655 260.42352941176466 -1 0 0
39.030936819172126 213.01612200435721 -1 0 0
20.067973856209196 168.45315904139423 -1 0 0
39.030936819172126 168.45315904139423 -1 0 0
39.030936819172126 151.3864923747276 -1 0 0
115.83093681917218 163.7124183006535 -1 0 0
147.1198257080611 148.5420479302831 -1 0 0
171.77167755991292 140.95686274509796 -1 0 0
248.5716775599129 170.34945533769053 -1 0 0
222.02352941176474 163.7124183006535 -1 0 0
277.9642701525055 155.17908496732014 -1 0 0
352.86797385620923 149.4901960784313 -1 0 0
382.2605664488018 156.12723311546833 -1 0 0
356.66056644880183 160.86797385620906 -1 0 0
760.5716775599129 149.4901960784313 -1 0 0
778.5864923747279 154.23093681917203 -1 0 0
789.9642701525055 149.4901960784313 -1 0 0
796.6013071895426 150.4383442265794 -1 0 0
822.2013071895427 156.12723311546833 -1 0 0
867.7124183006538 168.45315904139423 -1 0 0
853.4901960784315 170.34945533769053 -1 0 0
851.5938997821353 147.593899782135 -1 0 0
835.4753812636168 136.21612200435723 -1 0 0
872.4531590413944 137.16427015250534 -1 0 0
734.4976034858387 129.8161220043573 -1 0 0
729.2827886710238 147.35686274509806 -1 0 0
740.6605664488017 143.56427015250543 -1 0 0
745.8753812636165 137.87538126361656 -1 0 0
746.8235294117646 151.14945533769063 -1 0 0
816.0383442265795 138.3494553376906 -1 0 0
880.0383442265795 137.40130718954248 -1 0 0
884.3050108932462 149.25315904139433 -1 0 0
895.2087145969498 169.6383442265795 -1 0 0
897.5790849673202 143.09019607843135 -1 0 0
919.8605664488017 136.9272331154684 -1 0 0
910.8531590413943 121.28278867102395 -1 0 0
942.1420479302832 130.29019607843136 -1 0 0
943.0901960784313 118.91241830065358 -1 0 0
944.5124183006535 161.57908496732026 -1 0 0
959.6827886710239 152.0976034858388 -1 0 0
927.4457516339869 175.32723311546843 -1 0 0
933.6087145969499 187.6531590413943 -1 0 0
970.5864923747276 197.13464052287577 -1 0 0
933.6087145969499 122.82352941176468 -1 0 0
984.5716775599128 139.41612200435728 -1 0 0
980.3050108932462 161.2235294117647 -1 0 0
987.1790849673203 170.4679738562091 -1 0 0
997.8457516339869 156.48278867102394 -1 0 0
1004.2457516339869 146.0531590413943 -1 0 0
971.2976034858387 129.4605664488017 -1 0 0
971.5346405228757 121.87538126361653 -1 0 0
977.4605664488017 118.79389978213504 -1 0 0
972.2457516339869 111.20871459694986 -1 0 0
969.1642701525054 115.00130718954246 -1 0 0
978.645751633987 96.98649237472765 -1 0 0
984.0976034858388 97.93464052287581 -1 0 0
979.8309368191722 109.31241830065358 -1 0 0
986.9420479302833 109.07538126361653 -1 0 0
988.1272331154684 115.00130718954246 -1 0 0
991.919825708061 113.3420479302832 -1 0 0
987.4161220043572 129.9346405228758 -1 0 0
957.3124183006536 123.77167755991282 -1 0 0
960.630936819172 128.51241830065356 -1 0 0
964.1864923747277 143.68278867102393 -1 0 0
1012.6605664488017 150.7346405228758 -1 0 0
1010.171677559913 125.96427015250543 -1 0 0
1003.8901960784314 121.46056644880174 -1 0 0
1006.7346405228758 109.96427015250543 -1 0 0
995.119825708061 109.0161220043573 -1 0 0
1015.3272331154683 115.86056644880173 -1 0 0
1017.1050108932462 110.94204793028321 -1 0 0
999.2679738562092 114.58649237472763 -1 0 0
993.5790849673203 211.0013071895425 -1 0 0
1007.682788671024 187.8309368191721 -1 0 0
963.0013071895424 320.27538126361657 -1 0 0
61.31241830065354 170.58649237472767 -1 0 0
262.79389978213504 127.44575163398693 -1 0 0
431.09019607843135 124.60130718954247 -1 0 0
442.4679738562092 122.2309368191721 -1 0 0
123.41612200435723 116.54204793028322 -1 0 0
131.4753812636165 181.96427015250543 -1 0 0
110.61612200435725 126.02352941176471 -1 0 0
11.534640522875785 111.68278867102393 -1 0 0
2.7642701525054085 107.6531590413943 -1 0 0
472.77224736048254 108.0170026052379 -1 0 0
480.4445750328102 104.94807153630684 -1 0 0
463.8211984094336 117.47954006777535 -1 0 0
499.36964995788514 111.85316644140173 -1 0 0
489.9071124953477 115.68933027756557 -1 0 0
1.8192004074357206 173.74327633151162 -1 0 0
197.93612695914484 146.3508426782083 -1 0 0
