199.22179781003305 579.2737458619812 -1 0 0
257.8192004074357 556.8321874204228 -1 0 0
398.70231729055257 455.84517443340974 -1 0 0
747.7932263814616 423.4295900178254 -1 0 0
830.0789406671761 280.0529666412019 -1 0 0
948.5204991087344 300.00101858925393 -1 0 0
977.195823784059 273.81920040743574 -1 0 0
186.7542653425006 256.3646549528903 -1 0 0
246.59842118665648 251.37764196587733 -1 0 0
286.4945250827604 250.1308887191241 -1 0 0
366.2867328749681 267.5854341736695 -1 0 0
409.9230965113317 278.8062133944487 -1 0 0
452.3127069009422 253.87114845938376 -1 0 0
474.75426534250056 266.33868092691625 -1 0 0
366.2867328749681 155.37764196587722 -1 0 0
296.46855105678634 157.87114845938376 -1 0 0
235.3776419658773 151.63738222561753 -1 0 0
220.4166030048383 136.67634326457852 -1 0 0
202.9620575502928 145.40361599185132 -1 0 0
160.5724471606824 147.89712248535778 -1 0 0
120.67634326457853 160.36465495289022 -1 0 0
116.93608352431878 197.7672523554877 -1 0 0
111.94907053730576 221.45556404379934 -1 0 0
87.01400560224083 191.53348612172147 -1 0 0
49.611408199643456 212.7282913165266 -1 0 0
28.416603004838215 191.53348612172147 -1 0 0
75.79322638146165 166.59842118665648 -1 0 0
75.79322638146165 146.6503692386046 -1 0 0
39.63738222561747 145.40361599185132 -1 0 0
15.949070537305754 170.33868092691623 -1 0 0
48.57244716068243 131.37764196587722 -1 0 0
29.2477718360071 139.4815380697733 -1 0 0
18.02699261522788 155.68933027756552 -1 0 0
5.559460147695419 133.24777183600708 -1 0 0
2.4425770308123043 93.97504456327977 -1 0 0
117.76725235548767 112.67634326457849 -1 0 0
127.117901706137 105.19582378405903 -1 0 0
146.44257703081234 93.97504456327977 -1 0 0
176.36465495289022 93.35166793990317 -1 0 0
200.67634326457858 90.23478482302005 -1 0 0
112.156862745098 80.26075884899407 -1 0 0
99.06595365418895 82.75426534250059 -1 0 0
86.59842118665644 83.37764196587719 -1 0 0
70.39062897886423 88.98803157626682 -1 0 0
46.70231729055255 77.14387573211097 -1 0 0
245.55946014769546 81.50751209574732 -1 0 0
233.71530430353963 79.01400560224084 -1 0 0
222.49452508276036 71.53348612172134 -1 0 0
213.14387573211104 69.03997962821485 -1 0 0
202.5464731347084 75.89712248535771 -1 0 0
197.55946014769546 81.50751209574732 -1 0 0
190.07894066717594 62.80621339444862 -1 0 0
22.494525082760358 79.79322638146166 -1 0 0
25.923096511331792 77.92309651133182 -1 0 0
18.130888719123984 75.4295900178253 -1 0 0
20.9360835243188 74.18283677107206 -1 0 0
2.234784823020092 75.4295900178253 -1 0 0
26.234784823020092 74.18283677107206 -1 0 0
24.364654952890234 73.24777183600713 -1 0 0
990.9101094983449 196.5204991087344 -1 0 0
985.9230965113318 140.4166030048383 -1 0 0
932.3127069009423 129.1958237840591 -1 0 0
883.6893302775655 177.81920040743574 -1 0 0
892.4166030048383 225.1958237840591 -1 0 0
761.5075120957475 146.6503692386046 -1 0 0
744.0529666412019 156.62439521263047 -1 0 0
731.5854341736695 125.45556404379934 -1 0 0
775.2217978100331 121.71530430353967 -1 0 0
817.6114081996436 94.2867328749682 -1 0 0
867.4815380697735 116.72829131652658 -1 0 0
860.001018589254 99.27374586198115 -1 0 0
909.8711484593836 116.72829131652658 -1 0 0
907.3776419658774 90.54647313470838 -1 0 0
874.9620575502928 94.2867328749682 -1 0 0
874.9620575502928 85.55946014769542 -1 0 0
858.7542653425006 74.33868092691624 -1 0 0
838.5984211866565 68.41660300483821 -1 0 0
818.6503692386045 80.26075884899407 -1 0 0
830.4945250827603 58.44257703081223 -1 0 0
820.5204991087344 61.55946014769535 -1 0 0
804.9360835243189 52.83218742042264 -1 0 0
809.2997198879552 47.221797810033046 -1 0 0
798.0789406671759 40.98803157626682 -1 0 0
788.7282913165266 56.572447160682394 -1 0 0
768.156862745098 57.19582378405903 -1 0 0
783.7412783295136 39.117901706136905 -1 0 0
777.5075120957474 35.377641965877224 -1 0 0
770.0269926152279 35.377641965877224 -1 0 0
759.4295900178253 29.76725235548756 -1 0 0
774.3906289788642 23.53348612172133 -1 0 0
766.2867328749682 23.53348612172133 -1 0 0
752.5724471606825 37.24777183600707 -1 0 0
740.7282913165266 44.10491469314993 -1 0 0
747.5854341736695 51.58543417366936 -1 0 0
731.3776419658772 89.61140819964345 -1 0 0
721.4036159918513 80.26075884899407 -1 0 0
679.0140056022408 118.28673287496812 -1 0 0
629.7672523554877 133.24777183600708 -1 0 0
590.4945250827603 165.6633562515915 -1 0 0
569.9230965113318 139.4815380697733 -1 0 0
549.3516679399032 133.24777183600708 -1 0 0
523.169849758085 143.84517443340968 -1 0 0
556.8321874204227 103.94907053730576 -1 0 0
609.195823784059 102.70231729055251 -1 0 0
627.2737458619812 105.19582378405903 -1 0 0
642.8581614463967 103.94907053730576 -1 0 0
642.8581614463967 74.65036923860444 -1 0 0
621.6633562515915 71.53348612172134 -1 0 0
604.8321874204227 67.16984975808498 -1 0 0
589.8711484593838 60.312706900942146 -1 0 0
674.0269926152279 84.62439521263043 -1 0 0
692.10491469315 64.67634326457849 -1 0 0
693.3516679399032 54.078940667175914 -1 0 0
695.8451744334096 39.74127832951354 -1 0 0
688.9880315762668 34.13088871912395 -1 0 0
611.6893302775655 31.014005602240836 -1 0 0
637.8711484593838 32.26075884899411 -1 0 0
670.2867328749682 42.85816144639666 -1 0 0
680.2607588489941 67.16984975808498 -1 0 0
676.5204991087344 34.75426534250059 -1 0 0
719.5334861217215 36.624395212630425 -1 0 0
741.9750445632799 29.76725235548756 -1 0 0
751.3256939139292 16.676343264578463 -1 0 0
742.5984211866565 13.559460147695349 -1 0 0
726.3906289788642 7.949070537305755 -1 0 0
722.0269926152279 10.442577030812233 -1 0 0
720.7802393684746 3.585434173669366 -1 0 0
708.9360835243189 12.312706900942144 -1 0 0
703.3256939139292 19.16984975808494 -1 0 0
693.9750445632799 25.403615991851243 -1 0 0
679.0140056022408 14.806213394448621 -1 0 0
687.117901706137 10.442577030812233 -1 0 0
697.0919276801629 6.70231729055248 -1 0 0
692.10491469315 8.572447160682392 -1 0 0
669.6633562515915 12.312706900942144 -1 0 0
670.2867328749682 3.585434173669366 -1 0 0
659.6893302775655 21.03997962821485 -1 0 0
652.8321874204227 16.676343264578463 -1 0 0
648.4685510567864 3.585434173669366 -1 0 0
640.3646549528902 3.585434173669366 -1 0 0
565.5594601476954 48.468551056786254 -1 0 0
553.7153043035395 44.10491469314993 -1 0 0
542.4945250827603 50.33868092691616 -1 0 0
523.7932263814616 88.98803157626682 -1 0 0
516.3127069009421 82.75426534250059 -1 0 0
391.22179781003325 118.44257703081232 -1 0 0
425.81920040743586 90.70231729055259 -1 0 0
430.49452508276056 79.48153806977336 -1 0 0
415.8451744334099 66.39062897886426 -1 0 0
414.5984211866567 56.72829131652661 -1 0 0
405.24777183600736 49.871148459383754 -1 0 0
389.6633562515917 50.494525082760376 -1 0 0
404.00101858925404 42.39062897886427 -1 0 0
408.67634326457875 37.403615991851275 -1 0 0
414.5984211866567 44.572447160682465 -1 0 0
437.6633562515918 57.663356251591544 -1 0 0
445.4555640437995 64.83218742042271 -1 0 0
476.6243952126307 90.70231729055259 -1 0 0
516.5204991087346 113.14387573211103 -1 0 0
510.5984211866567 77.61140819964349 -1 0 0
510.2867328749683 62.02699261522791 -1 0 0
496.88413547237093 46.754265342500624 -1 0 0
505.923096511332 44.572447160682465 -1 0 0
577.2997198879553 38.02699261522792 -1 0 0
570.4425770308126 38.02699261522792 -1 0 0
584.1568627450984 23.689330277565578 -1 0 0
485.0399796282151 43.01400560224091 -1 0 0
475.3776419658775 55.481538069773364 -1 0 0
466.0269926152281 48.93608352431882 -1 0 0
476.936083524319 33.975044563279845 -1 0 0
470.0789406671762 37.403615991851275 -1 0 0
469.7672523554878 32.10491469314999 -1 0 0
440.7802393684749 34.59842118665648 -1 0 0
428.00101858925404 30.85816144639673 -1 0 0
413.97504456328005 36.46855105678636 -1 0 0
440.7802393684749 25.871148459383736 -1 0 0
447.0140056022411 22.754265342500624 -1 0 0
440.7802393684749 19.637382225617507 -1 0 0
435.79322638146186 24.936083524318818 -1 0 0
443.5854341736696 17.76725235548763 -1 0 0
452.31270690094243 18.390628978864267 -1 0 0
448.5724471606826 16.208810797046073 -1 0 0
454.1828367710723 11.84517443340972 -1 0 0
462.2867328749683 7.793226381461685 -1 0 0
465.09192768016317 23.689330277565578 -1 0 0
474.4425770308125 17.14387573211103 -1 0 0
478.8062133944489 20.884135472370748 -1 0 0
490.02699261522815 24.31270690094218 -1 0 0
506.85816144639693 14.026992615227915 -1 0 0
513.0919276801632 16.208810797046073 -1 0 0
524.936083524319 27.117901706137012 -1 0 0
527.7412783295139 11.84517443340972 -1 0 0
555.1698497580852 10.9101094983448 -1 0 0
560.4685510567865 12.780239368474676 -1 0 0
564.8321874204229 22.754265342500624 -1 0 0
571.0659536541891 14.962057550292835 -1 0 0
588.2088107970463 17.14387573211103 -1 0 0
597.2477718360074 17.14387573211103 -1 0 0
600.0529666412021 6.234784823020126 -1 0 0
590.0789406671762 7.793226381461685 -1 0 0
581.0399796282152 5.299719887955172 -1 0 0
593.1958237840593 26.494525082760376 -1 0 0
495.32569391392934 0.9360835243187466 -1 0 0
487.53348612172147 6.546473134708375 -1 0 0
467.27374586198124 2.1828367710719854 -1 0 0
481.29971988795523 1.2477718360070653 -1 0 0
481.29971988795523 1.2477718360070653 -1 0 0
548.936083524319 1.2477718360070653 -1 0 0
604.4166030048385 0.9360835243187466 -1 0 0
312.98803157626696 91.6373822256175 -1 0 0
284.93608352431886 97.24777183600712 -1 0 0
277.14387573211104 79.48153806977335 -1 0 0
265.29971988795523 85.09192768016295 -1 0 0
273.4036159918513 64.52049910873437 -1 0 0
287.11790170613705 55.79322638146166 -1 0 0
321.4036159918514 67.63738222561749 -1 0 0
330.44257703081234 57.039979628214894 -1 0 0
340.41660300483835 54.858161446396714 -1 0 0
359.74127832951376 52.36465495289021 -1 0 0
359.1179017061371 45.195823784059044 -1 0 0
361.2997198879553 62.3386809269162 -1 0 0
362.5464731347085 77.29971988795518 -1 0 0
380.001018589254 53.923096511331785 -1 0 0
375.63738222561767 59.8451744334097 -1 0 0
396.8321874204228 48.001018589253846 -1 0 0
398.07894066717614 7.481538069773295 -1 0 0
431.42959001782555 5.2997198879551 -1 0 0
417.0919276801631 5.2997198879551 -1 0 0
410.8581614463969 9.663356251591491 -1 0 0
408.6763432645787 9.663356251591491 -1 0 0
401.19582378405926 6.546473134708375 -1 0 0
389.03997962821506 10.59842118665641 -1 0 0
379.6893302775657 19.325693913929154 -1 0 0
370.9620575502929 14.026992615227845 -1 0 0
356.31270690094226 17.143875732110956 -1 0 0
262.18283677107206 51.11790170613696 -1 0 0
284.31270690094226 17.455564043799278 -1 0 0
267.7932263814617 43.94907053730581 -1 0 0
265.92309651133183 62.3386809269162 -1 0 0
254.07894066717597 78.5464731347084 -1 0 0
258.7542653425007 70.75426534250062 -1 0 0
261.2477718360072 61.40361599185126 -1 0 0
256.26075884899416 48.936083524318796 -1 0 0
252.20881079704614 50.49452508276037 -1 0 0
263.11790170613705 41.767252355487614 -1 0 0
261.55946014769546 46.7542653425006 -1 0 0
270.9101094983448 41.14387573211099 -1 0 0
273.09192768016305 38.02699261522786 -1 0 0
269.3516679399033 35.84517443340971 -1 0 0
277.45556404379937 39.58543417366942 -1 0 0
276.20881079704617 19.325693913929154 -1 0 0
264.3646549528903 16.208810797046038 -1 0 0
269.97504456327994 12.780239368474605 -1 0 0
322.3386809269163 36.780239368474625 -1 0 0
65.09192768016293 69.8192004074357 -1 0 0
55.11790170613696 68.57244716068246 -1 0 0
45.76725235548759 62.02699261522791 -1 0 0
37.97504456327981 75.4295900178253 -1 0 0
38.59842118665643 72.93608352431882 -1 0 0
70.07894066717591 35.84517443340972 -1 0 0
79.42959001782525 35.2217978100331 -1 0 0
100.62439521263046 31.79322638146167 -1 0 0
116.83218742042267 71.06595365418895 -1 0 0
107.48153806977334 72.00101858925387 -1 0 0
104.67634326457853 75.74127832951363 -1 0 0
120.26075884899412 83.84517443340972 -1 0 0
135.84517443340968 90.70231729055259 -1 0 0
141.4555640437993 75.4295900178253 -1 0 0
163.27374586198115 89.76725235548764 -1 0 0
168.2607588489941 90.07894066717597 -1 0 0
173.5594601476954 94.44257703081232 -1 0 0
186.96205755029283 94.13088871912402 -1 0 0
165.14387573211098 57.663356251591544 -1 0 0
157.0399796282149 57.975044563279845 -1 0 0
152.67634326457852 62.65036923860453 -1 0 0
119.63738222561747 61.403615991851275 -1 0 0
81.29971988795513 75.4295900178253 -1 0 0
97.19582378405903 71.06595365418895 -1 0 0
71.32569391392916 60.78023936847466 -1 0 0
63.22179781003307 62.96205755029283 -1 0 0
85.0399796282149 57.663356251591544 -1 0 0
92.52049910873436 59.22179781003309 -1 0 0
99.68933027756555 60.78023936847466 -1 0 0
108.41660300483825 51.117901706137 -1 0 0
112.46855105678632 57.663356251591544 -1 0 0
116.83218742042267 49.24777183600714 -1 0 0
118.70231729055256 48.93608352431882 -1 0 0
120.88413547237074 46.754265342500624 -1 0 0
125.55946014769542 49.871148459383754 -1 0 0
128.67634326457852 41.45556404379935 -1 0 0
140.5204991087344 45.50751209574739 -1 0 0
153.29971988795518 54.85816144639673 -1 0 0
180.7282913165266 52.05296664120194 -1 0 0
176.05296664120192 51.429590017825305 -1 0 0
250.23478482302014 74.18283677107206 -1 0 0
250.23478482302014 74.18283677107206 -1 0 0
241.8192004074357 72.00101858925387 -1 0 0
246.80621339444866 66.39062897886426 -1 0 0
237.143875732111 53.29971988795517 -1 0 0
229.35166793990325 57.03997962821492 -1 0 0
225.29971988795518 61.09192768016298 -1 0 0
221.55946014769546 62.65036923860453 -1 0 0
215.94907053730583 57.663356251591544 -1 0 0
213.45556404379934 62.65036923860453 -1 0 0
205.03997962821492 59.84517443340972 -1 0 0
200.36465495289025 64.52049910873438 -1 0 0
194.130888719124 51.117901706137 -1 0 0
189.14387573211104 51.117901706137 -1 0 0
190.70231729055257 45.195823784059066 -1 0 0
183.5334861217214 42.39062897886427 -1 0 0
174.18283677107206 47.06595365418894 -1 0 0
172.00101858925385 45.50751209574739 -1 0 0
190.39062897886427 39.58543417366947 -1 0 0
190.07894066717594 29.299719887955177 -1 0 0
183.8451744334097 32.72829131652661 -1 0 0
178.5464731347084 35.84517443340972 -1 0 0
176.36465495289022 35.84517443340972 -1 0 0
169.81920040743566 36.46855105678636 -1 0 0
166.07894066717597 38.96205755029283 -1 0 0
162.3386809269162 38.65036923860453 -1 0 0
156.4166030048383 40.20881079704609 -1 0 0
151.42959001782526 40.20881079704609 -1 0 0
164.5204991087344 20.884135472370748 -1 0 0
164.5204991087344 20.884135472370748 -1 0 0
214.70231729055257 53.61140819964349 -1 0 0
220.31270690094217 53.29971988795517 -1 0 0
220.31270690094217 53.29971988795517 -1 0 0
223.74127832951362 43.63738222561751 -1 0 0
198.49452508276036 30.234784823020128 -1 0 0
193.8192004074357 27.4295900178253 -1 0 0
196.6243952126305 26.182836771072058 -1 0 0
210.3386809269162 38.02699261522792 -1 0 0
230.59842118665645 40.52049910873439 -1 0 0
236.52049910873438 36.46855105678636 -1 0 0
234.02699261522793 35.84517443340972 -1 0 0
239.6373822256175 30.234784823020128 -1 0 0
243.37764196587725 30.234784823020128 -1 0 0
246.1828367710721 28.364654952890252 -1 0 0
248.05296664120192 26.182836771072058 -1 0 0
229.66335625159152 28.052966641201934 -1 0 0
220.9360835243188 29.61140819964349 -1 0 0
220.9360835243188 29.61140819964349 -1 0 0
104.05296664120189 82.9101094983448 -1 0 0
77.55946014769539 73.24777183600713 -1 0 0
500.9360835243188 444.6243952126305 -1 0 0
209.28060856449628 27.715391173191673 -1 0 0
205.85585940061665 28.25050823004786 -1 0 0
276.2772640828909 16.77224736048266 -1 0 0
325.98963866483075 37.240474785231804 -1 0 0
380.5180667584761 9.815725621352225 -1 0 0
378.59164535379387 8.959538330382326 -1 0 0
371.8491704374059 10.243819266837177 -1 0 0
369.1200734474394 13.40100990228868 -1 0 0
367.88930421667015 13.186963079546207 -1 0 0
366.5515115745296 12.812381139746874 -1 0 0
