113.44028520499113 355.7504456327986 -1 0 0
36.092691622103445 290.7237076648842 -1 0 0
201.0552584670232 671.9857397504456 -1 0 0
274.98039215686276 303.72905525846704 -1 0 0
324.31389343746065 290.6008313389595 -1 0 0
276.8049712390309 177.31032455808864 -1 0 0
156.20539950455552 194.85208044673965 -1 0 0
54.60939664945203 128.3395893689381 -1 0 0
20.256791367510594 75.71432170298509 -1 0 0
129.16185917621868 58.172565814334206 -1 0 0
185.44165931897382 116.64508544317063 -1 0 0
251.95415039677536 129.07049586429852 -1 0 0
382.0555065709367 161.23038166015863 -1 0 0
357.9355922240416 115.91417894781027 -1 0 0
383.51731956165764 102.0269555359616 -1 0 0
350.62652727043707 59.63437880505508 -1 0 0
475.6115379770753 96.17970357307786 -1 0 0
507.0405172775748 131.99412184574035 -1 0 0
633.4873409749339 105.68148801276388 -1 0 0
662.7236007893523 90.33245161019423 -1 0 0
736.5451568207584 177.31032455808864 -1 0 0
753.3560062140489 197.77570642818148 -1 0 0
819.1375907964899 187.54301549313507 -1 0 0
873.2246714531638 173.6557920812864 -1 0 0
809.635806356804 75.71432170298509 -1 0 0
776.7450140655834 79.36885417978733 -1 0 0
765.7814166351767 96.91061006843836 -1 0 0
746.7778477558046 94.71789058235699 -1 0 0
703.6543645295378 53.056220346810946 -1 0 0
114.54372926900955 623.1632867279674 -1 0 0
3.445941974220071 102.0269555359616 -1 0 0
563.1375907964899 43.0519376915649 -1 0 0
521.4759205609439 44.51375068228584 -1 0 0
620.5137506822857 42.686484443884716 -1 0 0
630.3809883696518 51.09190914052991 -1 0 0
690.6807742368895 41.95557794852421 -1 0 0
699.0861989335349 30.626527270437137 -1 0 0
595.8456564638703 16.67078137464844 -1 0 0
225.72329631153164 8.212806801042175 -1 0 0
237.99902058725596 8.212806801042175 -1 0 0
913.1638557520911 5.1438757321111375 -1 0 0
417.5481670929243 2.083284149780215 -1 0 0
