82.73750790638844 378.25824523357727 -1 0 0
122.84810698472945 315.7328996114574 -1 0 0
405.9817475377249 425.44718532574313 -1 0 0
381.20755398933784 253.2075539893376 -1 0 0
564.0646968464806 460.8388903948676 -1 0 0
599.4564019156052 381.79741574048967 -1 0 0
572.3227613626096 329.88958163910723 -1 0 0
573.5024848649138 256.74672449625 -1 0 0
605.3550194271259 252.0278304870334 -1 0 0
645.4656185054669 141.13382127044358 -1 0 0
856.6361254179093 362.92183970362333 -1 0 0
912.0831300262042 506.8481069847294 -1 0 0
941.5762175838081 482.07391343634225 -1 0 0
1014.7190747266651 292.1384295653745 -1 0 0
1000.5623926990152 198.9402728833468 -1 0 0
960.4517936206742 197.76054938104264 -1 0 0
643.1061715008585 114.00018071744825 -1 0 0
463.7881991506281 20.802024035420533 -1 0 0
335.1983373994761 73.88958163910708 -1 0 0
160.59925905846217 99.84349868979845 -1 0 0
109.87114845938385 108.10156320592739 -1 0 0
118.12921297551286 209.55778440408417 -1 0 0
27.290503298093515 227.2536369386463 -1 0 0
127.56700099394605 52.654558597632466 -1 0 0
699.7328996114577 170.62690882804728 -1 0 0
476.76515767597374 27.88036504924536 -1 0 0
19.032438781964505 4.285895003162509 -1 0 0
172.39649408150362 1.631517122978146 -1 0 0
969.3608761230246 13.427765755131487 -1 0 0
