197.29189209930558 447.2801504163309 -1 0 0
153.70676489774004 430.7478607881509 -1 0 0
308.50911323433496 421.7302482636891 -1 0 0
347.5854341736696 478.84179425194736 -1 0 0
320.532596600284 648.6734967959787 -1 0 0
270.9357277157439 620.1177238018495 -1 0 0
400.18817389969695 406.7008940562527 -1 0 0
557.9963930777792 468.32124630674184 -1 0 0
573.0257472852156 370.6304439584053 -1 0 0
646.6695829016539 361.6128314339434 -1 0 0
612.1020682245503 293.9807375004796 -1 0 0
521.9259429799318 315.02183339089055 -1 0 0
446.77917194274977 284.96312497601775 -1 0 0
314.52085491730946 315.02183339089055 -1 0 0
391.1705613752351 316.52476881163426 -1 0 0
520.4230075591881 280.45431871378685 -1 0 0
538.4582326081119 242.8809331951959 -1 0 0
508.39952419323913 227.8515789877595 -1 0 0
473.8320095161354 212.8222247803231 -1 0 0
404.6969801619279 241.37799777445224 -1 0 0
361.1118529603623 233.86332067073403 -1 0 0
310.01204865507856 233.86332067073403 -1 0 0
288.97095276466763 266.9278999270941 -1 0 0
249.89463182533297 263.9220290856068 -1 0 0
225.84766509343478 254.90441656114496 -1 0 0
219.83592341046017 309.01009170791605 -1 0 0
120.64218564137991 307.5071562871724 -1 0 0
71.04531675683985 290.97486665899237 -1 0 0
30.46606039676151 199.2958059936303 -1 0 0
83.06880012278891 185.7693872069375 -1 0 0
54.51302712865978 178.25471010321937 -1 0 0
46.99835002494158 161.7224204750393 -1 0 0
31.968995817505178 146.69306626760292 -1 0 0
12.430835347837844 160.21948505429563 -1 0 0
80.06292928130165 143.68719542611564 -1 0 0
87.57760638501985 170.7400329995011 -1 0 0
188.27427957484377 182.7635163654503 -1 0 0
207.81244004451105 175.24883926173203 -1 0 0
224.3447296726911 172.24296842024478 -1 0 0
215.32711714822923 149.69893710909014 -1 0 0
248.39169640458937 161.7224204750393 -1 0 0
338.56782164920776 85.07271401711364 -1 0 0
352.0942404359006 91.08445570008817 -1 0 0
296.48562986838573 143.68719542611564 -1 0 0
276.94746939871857 160.21948505429563 -1 0 0
316.02379033805306 160.21948505429563 -1 0 0
270.9357277157439 179.75764552396296 -1 0 0
237.8711484593839 209.81635393883576 -1 0 0
201.80069836153652 217.33103104255397 -1 0 0
304.000306972104 188.77525804842483 -1 0 0
334.05901538697685 199.2958059936303 -1 0 0
353.5971758566442 178.25471010321937 -1 0 0
377.6441425885424 149.69893710909014 -1 0 0
448.28210736349354 146.69306626760292 -1 0 0
472.3290740953918 146.69306626760292 -1 0 0
603.0844557000884 248.89267487817042 -1 0 0
589.5580369133957 199.2958059936303 -1 0 0
643.6637120601667 202.30167683511758 -1 0 0
682.7400329995014 242.8809331951959 -1 0 0
715.8046122558613 203.80461225586126 -1 0 0
744.3603852499906 188.77525804842483 -1 0 0
721.8163539388361 143.68719542611564 -1 0 0
678.2312267372704 161.7224204750393 -1 0 0
655.6871954261157 137.6754537431411 -1 0 0
637.6519703771921 140.6813245846283 -1 0 0
557.9963930777792 158.71654963355203 -1 0 0
588.055101492652 127.15490579793557 -1 0 0
538.4582326081119 127.15490579793557 -1 0 0
508.39952419323913 131.6637120601665 -1 0 0
500.88484708952086 193.28406431065576 -1 0 0
478.34081577836633 188.77525804842483 -1 0 0
598.5756494378575 112.1255515904991 -1 0 0
606.0903265415756 107.61674532826831 -1 0 0
582.0433598096774 103.10793906603737 -1 0 0
625.6284870112429 121.14316411496097 -1 0 0
660.1960016883467 122.6460995357047 -1 0 0
691.7576455239632 121.14316411496097 -1 0 0
808.9866083419671 169.2370975787575 -1 0 0
821.0100917079162 188.77525804842483 -1 0 0
891.6480564828672 212.8222247803231 -1 0 0
938.23905452592 212.8222247803231 -1 0 0
945.7537316296384 290.97486665899237 -1 0 0
968.2977629407928 128.65784121867924 -1 0 0
908.1803461110472 133.16664748091017 -1 0 0
706.7869997313996 92.58739112083191 -1 0 0
691.7576455239632 89.58152027934457 -1 0 0
675.2253558957831 89.58152027934457 -1 0 0
655.6871954261157 79.0609723341391 -1 0 0
670.7165496335522 59.52281186447177 -1 0 0
703.7811288899123 64.0316181267027 -1 0 0
727.8280956218106 42.990522236291774 -1 0 0
736.8457081462725 71.54629523042082 -1 0 0
610.3626569508922 81.86715245538781 -1 0 0
691.1778417660771 38.90211749035284 -1 0 0
715.7292903175256 55.33368592192124 -1 0 0
724.9360835243187 57.37963996787535 -1 0 0
736.188830777066 57.37963996787535 -1 0 0
716.2407788290142 73.2357838240192 -1 0 0
689.1318877201231 53.79922038745573 -1 0 0
678.9021174903527 58.91410550234087 -1 0 0
649.7472723355077 58.91410550234087 -1 0 0
643.6094101976455 64.54047912871447 -1 0 0
653.3276919159272 73.2357838240192 -1 0 0
674.8102093984446 75.79322638146174 -1 0 0
691.6893302775655 64.54047912871447 -1 0 0
733.1198997081351 99.32169790993323 -1 0 0
740.2807388689741 105.45956004779538 -1 0 0
711.6373822256176 111.08593367416901 -1 0 0
840.5324871207224 194.45856104679635 -1 0 0
877.3596599478952 126.94207753031286 -1 0 0
628.2647548529902 80.90811149634686 -1 0 0
636.4485710368064 116.71230730054262 -1 0 0
552.5644551526905 140.24077882901418 -1 0 0
559.2138058020412 122.85016943840478 -1 0 0
565.3516679399032 118.75826134649668 -1 0 0
468.16885075708615 283.4575620457973 -1 0 0
475.8411784294138 70.67834126657662 -1 0 0
387.35366594190117 154.05096863920394 -1 0 0
309.095923684159 148.42459501283034 -1 0 0
234.41860100683633 166.83818142641675 -1 0 0
223.67734226557755 233.33168791992318 -1 0 0
67.92909051732583 250.40261699085232 -1 0 0
67.41760200583732 265.2357838240191 -1 0 0
86.63177913305789 248.02308348088408 -1 0 0
64.79900321332543 152.5582005377403 -1 0 0
707.3675650862352 57.414387828710105 -1 0 0
734.9796052200146 119.48796642402782 -1 0 0
1022.4444881631583 346.0565282969374 -1 0 0
960.156862745098 124.51806675847585 -1 0 0
931.6886353203489 130.51137779526516 -1 0 0
723.6351236146633 175.67525739392738 -1 0 0
944.9595383303823 133.9361269591448 -1 0 0
