62.68220836721793 513.9264479985542 -1 0 0
46.16607933495984 465.5577844040842 -1 0 0
187.73289961145758 394.7743742658353 -1 0 0
380.0278304870337 450.22137887413027 -1 0 0
610.0739134363424 445.5024848649137 -1 0 0
750.4610102105361 445.5024848649137 -1 0 0
966.3504111321952 235.5117014547754 -1 0 0
1010.0001807174484 201.2997198879551 -1 0 0
170.03704707689536 362.92183970362333 -1 0 0
160.59925905846217 313.37345260684907 -1 0 0
53.244420348784736 336.96792265293203 -1 0 0
63.86193186952212 313.37345260684907 -1 0 0
44.986355832655725 286.2398120538537 -1 0 0
128.74672449625024 260.2858950031625 -1 0 0
145.26285352850826 235.5117014547754 -1 0 0
112.23059546399215 217.8158489202131 -1 0 0
151.16147104002897 190.68220836721778 -1 0 0
175.93566458841607 180.06469684648047 -1 0 0
90.99557242251745 157.6499503027016 -1 0 0
121.66838348242534 135.23520375892286 -1 0 0
142.90340652389997 144.67299177735606 -1 0 0
168.85732357459125 139.95409776813946 -1 0 0
168.85732357459125 115.17990421975236 -1 0 0
188.91262311376175 106.92183970362328 -1 0 0
101.61308394325484 116.35962772205647 -1 0 0
362.33197795247145 176.525526339568 -1 0 0
427.21677057919953 165.90801481883068 -1 0 0
639.5670009939462 223.71446643173394 -1 0 0
679.6776000722872 172.9863558326556 -1 0 0
703.27207011837 93.94488117827774 -1 0 0
509.79741574048995 86.86654016445277 -1 0 0
205.42875214601975 105.44718532574316 -1 0 0
220.76515767597365 88.93105629348507 -1 0 0
226.66377518749437 113.70524984187217 -1 0 0
232.56239269901516 102.49787656998281 -1 0 0
249.07852173127318 100.72829131652657 -1 0 0
270.3135447727479 82.4425770308123 -1 0 0
257.9264479985543 81.26285352850812 -1 0 0
246.12921297551281 81.26285352850812 -1 0 0
249.66838348242524 64.7467244962501 -1 0 0
263.2352037589229 68.28589500316251 -1 0 0
259.69603325201047 57.07852173127314 -1 0 0
284.47022680039754 51.76976597090449 -1 0 0
279.7513327911811 60.617692238185555 -1 0 0
222.5347429294299 52.94948947320861 -1 0 0
210.14764615523634 61.20755398933761 -1 0 0
197.17068762989066 62.3872774916418 -1 0 0
198.9402728833469 72.41492726122705 -1 0 0
181.2444203487847 76.54395951929155 -1 0 0
187.1430378603054 53.53935122436066 -1 0 0
149.3918857865727 55.89879822896896 -1 0 0
134.64534200777084 61.79741574048967 -1 0 0
126.97713924279388 48.82045721514406 -1 0 0
119.30893647781693 52.94948947320861 -1 0 0
116.94948947320867 38.79280744555881 -1 0 0
110.46101021053583 20.50709315984454 -1 0 0
103.97253094786302 15.788199150627943 -1 0 0
437.24442034878473 76.54395951929155 -1 0 0
413.06008855154977 80.67299177735606 -1 0 0
371.7697659709045 72.41492726122705 -1 0 0
382.9771392427939 56.488659980121014 -1 0 0
341.09695491099666 59.43796873588144 -1 0 0
316.3227613626096 51.17990421975236 -1 0 0
349.94488117827785 47.05087196168789 -1 0 0
341.6868166621488 39.382669196710935 -1 0 0
334.01861389717186 30.534742929429793 -1 0 0
319.8619318695221 22.86654016445284 -1 0 0
296.85732357459113 34.66377518749434 -1 0 0
281.52091804463726 26.99557242251738 -1 0 0
274.4425770308123 34.66377518749434 -1 0 0
217.22598716906117 41.152254450167106 -1 0 0
115.76976597090454 44.838890394867605 -1 0 0
100.13842956537457 47.1983373994759 -1 0 0
109.2812867082317 48.6729917773561 -1 0 0
107.51170145477549 6.202945694406783 -1 0 0
119.89879822896904 16.820457215144096 -1 0 0
95.12460468058194 7.087738321134869 -1 0 0
99.84349868979854 5.318153067678662 -1 0 0
109.2812867082317 2.9587060630703634 -1 0 0
106.62690882804738 0.8941899340380925 -1 0 0
120.4886599801211 90.55317610915331 -1 0 0
568.7835908556973 32.894189934038096 -1 0 0
615.3826691967112 41.74211620131916 -1 0 0
637.7974157404899 26.99557242251738 -1 0 0
613.0232221921028 25.225987169061135 -1 0 0
607.1246046805821 18.14764615523624 -1 0 0
593.5577844040845 4.580825878738573 -1 0 0
581.760549381043 19.91723140869248 -1 0 0
567.0140056022411 15.788199150627943 -1 0 0
538.7006415469415 16.967922652932057 -1 0 0
522.1845125146835 48.82045721514406 -1 0 0
499.7697659709047 26.405710671365252 -1 0 0
687.9356645884163 18.7375079063883 -1 0 0
704.4517936206743 28.175295924821494 -1 0 0
723.3273696575407 26.405710671365252 -1 0 0
743.9725309478632 26.99557242251738 -1 0 0
762.2582452335776 22.276678413300782 -1 0 0
817.1153880907204 29.35501942712561 -1 0 0
810.6269088280476 6.350411132194744 -1 0 0
888.4886599801214 15.788199150627943 -1 0 0
907.9540977681397 14.608475648323827 -1 0 0
633.3734526068494 7.087738321134869 -1 0 0
658.7375079063886 5.318153067678662 -1 0 0
723.6223005331167 17.705249841872217 -1 0 0
743.087738321135 16.820457215144096 -1 0 0
697.6683834824255 20.064696846480512 -1 0 0
344.04626366675717 28.912623113761583 -1 0 0
340.8020240354207 19.769765970904448 -1 0 0
352.89418993403825 17.70524984187218 -1 0 0
365.2812867082318 17.410318966296153 -1 0 0
329.5946507635313 14.166079334959731 -1 0 0
283.2905032980935 14.461010210535758 -1 0 0
270.90340652389995 21.539351224360658 -1 0 0
291.8434986897986 6.202945694406748 -1 0 0
313.0785217312732 4.138429565374477 -1 0 0
338.73750790638843 8.562392699015048 -1 0 0
354.6637751874945 3.253636938646356 -1 0 0
410.4057106713654 40.119996385650985 -1 0 0
399.1983373994761 41.299719887955135 -1 0 0
385.63151712297827 40.414927261227014 -1 0 0
359.38266919671105 35.99096412758648 -1 0 0
243.17990421975242 71.08773832113486 -1 0 0
484.13842956537457 34.81124062528235 -1 0 0
450.5163097497064 21.539351224360693 -1 0 0
451.10617150085847 5.023222192102634 -1 0 0
426.9218397036234 1.1891208096141568 -1 0 0
416.3043281828861 2.9587060630703634 -1 0 0
443.4379687358815 0.30432818288603564 -1 0 0
462.90340652389995 0.8941899340380925 -1 0 0
476.7651576759737 2.3688443119183065 -1 0 0
489.4471853257433 2.3688443119183065 -1 0 0
502.7190747266649 12.39649408150356 -1 0 0
518.0554802566189 10.626908828047318 -1 0 0
234.11004000262318 65.33412027018164 -1 0 0
298.7521804708506 27.01973899927864 -1 0 0
305.17358515312475 17.22709685881041 -1 0 0
