354.8105212816834 516.5275944524151 -1 0 0
71.33735054997605 622.6739359158297 -1 0 0
607.0641798182687 460.3324725011956 -1 0 0
838.0885700621712 472.8202773792443 -1 0 0
870.5568627450979 627.6690578670492 -1 0 0
879.2983261597321 283.0056432329029 -1 0 0
878.0495456719273 221.81539933046383 -1 0 0
1016.6641798182687 210.57637494021995 -1 0 0
739.4349115255859 188.09832615973215 -1 0 0
728.1958871353419 285.50320420851267 -1 0 0
759.4153993304639 344.1958871353419 -1 0 0
673.2495456719273 213.0739359158297 -1 0 0
538.3812529890005 291.74710664753707 -1 0 0
440.97637494021996 286.75198469631755 -1 0 0
291.1227164036346 275.5129603060736 -1 0 0
96.31296030607365 240.54710664753705 -1 0 0
21.386131037780917 258.03003347680533 -1 0 0
23.883692013390686 347.94222859875657 -1 0 0
-150.94557627929223 451.59100908656137 -1 0 0
106.30320420851264 161.87393591582975 -1 0 0
26.38125298900045 226.81052128168344 -1 0 0
87.57149689143947 215.57149689143947 -1 0 0
48.85930176948828 158.1275944524151 -1 0 0
10.147106647537036 100.68369201339074 -1 0 0
2.6544237207078063 70.71296030607368 -1 0 0
31.376374940219986 79.45442372070787 -1 0 0
66.34222859875659 109.42515542802478 -1 0 0
83.82515542802489 128.15686274509804 -1 0 0
121.28857006217117 105.67881396461027 -1 0 0
115.04466762314684 141.89344811095168 -1 0 0
162.4983261597322 90.69344811095168 -1 0 0
173.73735054997601 25.75686274509801 -1 0 0
197.4641798182688 144.39100908656144 -1 0 0
239.92271640363455 169.36661884265905 -1 0 0
249.91296030607361 126.90808225729316 -1 0 0
299.86417981826884 130.6544237207078 -1 0 0
-148.44801530368247 434.1080822572932 -1 0 0
307.356862745098 95.68857006217121 -1 0 0
328.586131037781 90.69344811095168 -1 0 0
327.3373505499761 66.96661884265903 -1 0 0
382.2836920133907 34.498326159732194 -1 0 0
386.0300334768054 125.65930176948827 -1 0 0
386.0300334768054 174.3617407938785 -1 0 0
397.2690578670492 196.83978957436636 -1 0 0
407.2593017694882 149.38613103778093 -1 0 0
462.20564323290284 149.38613103778093 -1 0 0
453.4641798182688 131.90320420851268 -1 0 0
474.6934481109517 165.6202773792444 -1 0 0
492.1763749402199 113.17149689143943 -1 0 0
430.98613103778086 45.73735054997601 -1 0 0
419.74710664753707 40.74222859875661 -1 0 0
475.9422285987564 47.922716403634695 -1 0 0
466.5763749402198 29.815399330463954 -1 0 0
486.55686274509776 11.708082257293212 -1 0 0
502.1666188426588 29.815399330463954 -1 0 0
532.7617407938783 24.195887135341977 -1 0 0
557.1129603060734 30.439789574366394 -1 0 0
574.5958871353416 27.317838354854185 -1 0 0
563.9812529890003 56.66417981826881 -1 0 0
565.8544237207076 77.26905786704931 -1 0 0
598.9471066475368 55.41539933046391 -1 0 0
584.5861310377807 7.33735054997612 -1 0 0
595.8251554280247 8.586131037781003 -1 0 0
682.6153993304638 27.94222859875663 -1 0 0
674.4983261597321 31.064179818268837 -1 0 0
704.469057867049 7.33735054997612 -1 0 0
678.8690578670492 89.75686274509808 -1 0 0
635.1617407938783 83.5129603060737 -1 0 0
603.9422285987563 123.4739359158298 -1 0 0
662.0105212816832 112.23491152558591 -1 0 0
662.0105212816832 157.1910090865615 -1 0 0
647.0251554280246 178.42027737924442 -1 0 0
766.2836920133905 2.3422285987566567 -1 0 0
199.64850154108476 246.31070889894426 -1 0 0
1021.5883008721884 515.1535182634926 -1 0 0
801.9762607384092 2.8324480293789853 -1 0 0
