908.7013273548986 717.2820896053522 -1 0 0
944.9408917832109 566.7485142877479 -1 0 0
897.5506921461872 395.3074979538095 -1 0 0
747.0171168285827 331.1913455037188 -1 0 0
893.3692039429203 237.80477563076056 -1 0 0
995.1187502224122 147.20586455998017 -1 0 0
936.5779153766771 116.54161773602377 -1 0 0
851.5543219102524 191.80840539482588 -1 0 0
911.4889861570766 87.27120031315623 -1 0 0
879.4309099320312 24.54887726415444 -1 0 0
904.5198391516317 20.36738906088759 -1 0 0
822.2839044873849 81.69588270880053 -1 0 0
614.6033237251345 237.80477563076056 -1 0 0
742.835628625316 117.93544713711262 -1 0 0
161.60876837123243 208.534358207893 -1 0 0
252.20767944201276 264.28753425145015 -1 0 0
16.650510657983663 209.92818760898194 -1 0 0
82.16049250916338 145.81203515889123 -1 0 0
228.51257962350093 214.1096758122488 -1 0 0
263.3583146507242 175.0824525817587 -1 0 0
359.53254332586033 176.4762819828477 -1 0 0
338.62510230952637 117.93544713711262 -1 0 0
884.890075086296 76.46902245471695 -1 0 0
804.7448845236825 49.98626383402727 -1 0 0
797.775737518238 34.654140422049075 -1 0 0
822.8646667378387 19.322017010070876 -1 0 0
727.3873527632469 8.171381801359386 -1 0 0
745.507134977403 53.470837336749625 -1 0 0
729.4780968648803 58.3492402405609 -1 0 0
709.9644852496353 53.470837336749625 -1 0 0
653.5143945055337 78.55976655635034 -1 0 0
648.6359916017224 11.65595530408174 -1 0 0
575.4599480445536 68.80296074872781 -1 0 0
542.7049571189638 99.4672075726843 -1 0 0
542.7049571189638 123.85922209174052 -1 0 0
499.2639407850257 60.43998434219426 -1 0 0
496.4762819828478 105.04252517703999 -1 0 0
449.0860823458242 56.9554108394719 -1 0 0
470.6904380627026 10.262125902992814 -1 0 0
368.2439770826663 33.95722572150464 -1 0 0
343.85196256361 42.320202128038204 -1 0 0
332.00441265435416 85.52891356179501 -1 0 0
295.764848226042 105.73943987758449 -1 0 0
180.07700793566084 83.43816946016159 -1 0 0
27.9172983167859 61.83381374328319 -1 0 0
69.03526564890936 36.047969823138 -1 0 0
118.51620938756636 16.53435820789302 -1 0 0
92.73036546742111 76.46902245471695 -1 0 0
47.430909932030914 127.34379559446289 -1 0 0
4.222198498274105 117.58698978684035 -1 0 0
6.312942599907497 163.58336002277503 -1 0 0
131.0606739973667 176.82473933311985 -1 0 0
158.24034731860084 184.490801039109 -1 0 0
220.18444895199465 7.439621365787781 -1 0 0
