69.54238133609618 606.5913050151566 -1 0 0
162.72437742220185 544.9709527646676 -1 0 0
264.9239860327694 415.7185065807145 -1 0 0
273.94159855723126 269.9337707685814 -1 0 0
355.1001112773878 200.7987414143739 -1 0 0
461.8085261501863 232.36038524999037 -1 0 0
542.9670388703428 133.16664748091017 -1 0 0
594.0668431756266 82.0668431756263 -1 0 0
579.0374889681901 32.46997429108631 -1 0 0
754.880933195196 85.07271401711364 -1 0 0
813.495414604198 8.423007559188038 -1 0 0
965.2918920993056 9.925942979931635 -1 0 0
981.8241817274857 33.97290971182991 -1 0 0
744.3603852499906 212.8222247803231 -1 0 0
382.1529488507734 6.920072138444299 -1 0 0
317.52672575879683 64.0316181267027 -1 0 0
310.01204865507856 26.45823260811163 -1 0 0
254.4034380875639 80.5639077548827 -1 0 0
117.63631479989265 55.01400560224084 -1 0 0
150.7008940562527 64.0316181267027 -1 0 0
137.17447526956 17.440620083649907 -1 0 0
65.03357507386525 15.937684662906166 -1 0 0
69.54238133609618 49.002263919266305 -1 0 0
6.419093664863313 70.04335980967724 -1 0 0
116.13337937914905 181.26058094470656 -1 0 0
1.9102874026323786 110.6226161697555 -1 0 0
744.1836185979411 49.173585153124705 -1 0 0
365.74883598924526 2.083284149780215 -1 0 0
