264.0529666412019 496.9880315762668 -1 0 0
694.1828367710722 752.5724471606825 -1 0 0
307.6893302775655 488.2607588489941 -1 0 0
78.28673287496812 287.53348612172135 -1 0 0
123.16984975808501 297.50751209574736 -1 0 0
155.58543417366943 301.2477718360071 -1 0 0
136.88413547237076 347.3776419658772 -1 0 0
570.7542653425005 458.33868092691614 -1 0 0
500.9360835243188 467.06595365418895 -1 0 0
756.5204991087344 410.9620575502928 -1 0 0
716.6243952126305 373.5594601476954 -1 0 0
873.7153043035397 356.1049146931499 -1 0 0
669.2477718360072 359.8451744334097 -1 0 0
623.117901706137 373.5594601476954 -1 0 0
615.6373822256176 275.0659536541889 -1 0 0
653.0399796282151 257.6114081996434 -1 0 0
346.843150483334 87.27602280581638 -1 0 0
330.08484385489743 100.89214694142106 -1 0 0
291.85495685877663 106.12911776280748 -1 0 0
275.0966502303401 103.51063235211426 -1 0 0
215.9188799486737 138.5983368554032 -1 0 0
181.35487252752344 154.30924931956244 -1 0 0
141.03019720284806 141.21682226609641 -1 0 0
128.9851643136593 143.83530767678963 -1 0 0
102.27661312458865 150.1196726624533 -1 0 0
202.30275581306904 221.34247583330844 -1 0 0
231.1060953306943 176.30452676938532 -1 0 0
264.0990115054287 173.16234427655348 -1 0 0
232.6771865771102 232.86381164035856 -1 0 0
303.8999897479654 173.16234427655348 -1 0 0
392.9284937115344 148.0248843338987 -1 0 0
367.7910337688796 221.86617291544707 -1 0 0
407.0683149292777 207.20265461556514 -1 0 0
423.3029244755756 203.01307795845602 -1 0 0
476.72002685371694 177.87561801580128 -1 0 0
506.04706345348086 188.87325674071272 -1 0 0
471.48305603233047 281.04394319711355 -1 0 0
497.6679101392625 134.93245728043271 -1 0 0
500.2863955499557 111.88978566633251 -1 0 0
478.8148151822714 102.463238187837 -1 0 0
458.39062897886447 96.17887320217329 -1 0 0
455.77214356817126 79.94426365587542 -1 0 0
507.09445761775805 76.27838408090493 -1 0 0
425.39771280413004 85.18123447726184 -1 0 0
434.300563200487 96.17887320217329 -1 0 0
407.0683149292777 95.131479037896 -1 0 0
408.1157090935549 81.51535490229135 -1 0 0
390.93136097414174 45.008102414519435 -1 0 0
413.2454105609186 20.016366877329343 -1 0 0
423.9561543625715 22.24777183600703 -1 0 0
416.3693775030674 28.495705720304578 -1 0 0
459.2123527096789 21.80149084427149 -1 0 0
477.06359237910044 26.26430076162686 -1 0 0
467.24541056091863 26.710581753362394 -1 0 0
462.7826006435632 41.88413547237067 -1 0 0
460.10086679299815 44.60280641182094 -1 0 0
423.18401740861634 66.46146723152076 -1 0 0
435.3277178640051 66.94721524973629 -1 0 0
438.24220597329844 53.346270739700856 -1 0 0
423.66976542683193 53.83201875791643 -1 0 0
470.7873231937403 63.54697912222743 -1 0 0
516.9333849242176 25.172885683198924 -1 0 0
531.0200774524686 28.573121810707757 -1 0 0
516.9333849242176 88.80587606943607 -1 0 0
518.8763769970799 42.65981433895874 -1 0 0
555.7932263814617 38.773830193234325 -1 0 0
559.1934625089706 27.11587775606113 -1 0 0
553.364486290384 45.574302448252034 -1 0 0
566.4796827822038 40.716822266096536 -1 0 0
567.9369268368505 50.91753064862311 -1 0 0
566.4796827822038 59.66099497650301 -1 0 0
535.3918096164085 75.20493155940066 -1 0 0
524.7053532156665 142.23815807314665 -1 0 0
539.277793762133 124.75122941738685 -1 0 0
554.335982326815 96.57784436088488 -1 0 0
567.451178818635 84.43414390549611 -1 0 0
580.0806272922392 53.83201875791643 -1 0 0
578.137635219377 33.43060199286329 -1 0 0
596.1103118933524 50.91753064862311 -1 0 0
594.6530678387057 18.372413428181222 -1 0 0
590.5075120957474 23.02420968387346 -1 0 0
595.4666957692167 27.432372949179577 -1 0 0
566.8136345447269 28.534413765506113 -1 0 0
575.6299610753392 101.82012805122041 -1 0 0
589.9564916875842 127.71808723489391 -1 0 0
599.3238386263597 115.04461784713881 -1 0 0
619.1605733202372 123.86094437775104 -1 0 0
614.2013896467678 113.39155662264898 -1 0 0
598.7728182181964 87.49359743897551 -1 0 0
632.3850631161556 90.79971988795509 -1 0 0
608.1401651569719 24.677270908363248 -1 0 0
613.0993488304413 41.75890356142447 -1 0 0
617.5075120957474 42.860944377751 -1 0 0
686.3850631161556 92.4527811124449 -1 0 0
764.6299610753392 132.67727090836328 -1 0 0
780.0585325039108 145.35074029611837 -1 0 0
666.548328422278 75.3711484593837 -1 0 0
675.3646549528903 71.51400560224083 -1 0 0
715.0381243406454 72.61604641856734 -1 0 0
821.9360835243189 107.33033213285307 -1 0 0
754.3528485774475 75.03643771558205 -1 0 0
764.2985392504108 66.23832673565289 -1 0 0
779.9821283885456 71.59369863647933 -1 0 0
824.5464731347085 74.27138458689257 -1 0 0
845.2029076093247 77.5228603838229 -1 0 0
723.7507234298678 51.989212213811165 -1 0 0
746.3197907262079 49.31152626339791 -1 0 0
659.3800032409658 38.45025117485001 -1 0 0
666.8392712456883 22.42663842396454 -1 0 0
673.1934625089706 18.835139014283325 -1 0 0
660.0706762043661 21.459696275204216 -1 0 0
650.1249855314028 33.339271245688266 -1 0 0
652.6114081996436 25.327464870245528 -1 0 0
645.7046785656412 30.024041021367132 -1 0 0
644.3233326388407 24.498657314165253 -1 0 0
627.470912331875 30.16217561404718 -1 0 0
621.669259439313 39.14092413825024 -1 0 0
628.2997198879552 46.18578836493265 -1 0 0
619.0447021783921 30.438444799407275 -1 0 0
702.7542653425006 21.045292497164066 -1 0 0
698.3339583767391 33.753675023728405 -1 0 0
687.1450563696553 36.51636687732935 -1 0 0
697.0907470426187 48.81034562585354 -1 0 0
715.4626478690651 39.0027895455702 -1 0 0
722.0931083177072 20.63088871912393 -1 0 0
718.2253397226659 18.14446605088308 -1 0 0
715.0482440910249 18.14446605088308 -1 0 0
708.9703220131028 18.282600643563136 -1 0 0
682.7247494038938 19.111408199643417 -1 0 0
640.2774564371202 3.3878460475099534 -1 0 0
619.7166536035902 17.095047936530044 -1 0 0
614.6254071876684 24.53610039056951 -1 0 0
637.5360160593162 8.870726803117986 -1 0 0
647.1310573816304 9.066543972961131 -1 0 0
665.5378713468858 8.087458123745426 -1 0 0
675.7203641787293 10.24144699202 -1 0 0
680.811610594651 2.0171258586079586 -1 0 0
682.9655994629256 12.395435860294592 -1 0 0
678.8534388962196 11.612167180922013 -1 0 0
689.6233832375925 15.724327747628035 -1 0 0
697.0644356916321 13.766156049196587 -1 0 0
652.0264866277089 9.653995482490567 -1 0 0
640.0057411394309 16.75730126761441 -1 0 0
630.169343770566 17.194474484008406 -1 0 0
632.355209852536 30.09108436763126 -1 0 0
677.3840511411175 16.538714659417405 -1 0 0
739.0254746526709 16.75730126761441 -1 0 0
735.090915705125 27.030871852873293 -1 0 0
746.0202461149748 38.83454869551117 -1 0 0
763.2885881625375 35.99292278895021 -1 0 0
756.5124033084307 24.845005770903317 -1 0 0
746.0202461149748 16.75730126761441 -1 0 0
743.3972068166108 22.877726297130344 -1 0 0
702.3029244755752 17.194474484008406 -1 0 0
672.3565591525867 2.9984886516589646 -1 0 0
655.7439769296147 1.6869690024769963 -1 0 0
660.9900555263428 6.4958743828109275 -1 0 0
663.1759216083127 1.249795786082983 -1 0 0
654.8696304968269 7.807394031992932 -1 0 0
698.5869521362263 3.435661868052978 -1 0 0
711.7021486280462 7.807394031992932 -1 0 0
723.4540176057544 3.573254331248416 -1 0 0
725.7316119965213 3.573254331248416 -1 0 0
729.6656386714824 0.8815518694329655 -1 0 0
735.0490435951133 9.37076732592788 -1 0 0
742.0888808029384 3.1591462601998894 -1 0 0
717.4494505755507 11.648361716694803 -1 0 0
752.0274745081032 7.507281006209483 -1 0 0
759.2743657514524 3.573254331248416 -1 0 0
766.1071489237532 6.679064864112411 -1 0 0
770.0411755987143 5.0226325799182865 -1 0 0
773.1469861315783 5.643794686491085 -1 0 0
778.3233370196849 3.7803083667726884 -1 0 0
792.1959573998108 10.820145574597749 -1 0 0
793.4382816129564 3.7803083667726884 -1 0 0
789.5042549379954 4.401470473345487 -1 0 0
783.9137959788401 1.2956599404814921 -1 0 0
790.9536331866652 0.8815518694329655 -1 0 0
804.2050914602182 3.7803083667726884 -1 0 0
806.0685777799366 1.2956599404814921 -1 0 0
798.614632501063 2.1238760825785636 -1 0 0
814.7648472719559 3.7803083667726884 -1 0 0
812.2801988456647 1.2956599404814921 -1 0 0
820.3553062311111 2.1238760825785636 -1 0 0
828.8445216876061 0.8815518694329655 -1 0 0
836.7125750375282 0.6744978339086932 -1 0 0
844.5806283874502 6.057902757539612 -1 0 0
842.924196103256 8.128443112782282 -1 0 0
849.5499252400326 3.573254331248416 -1 0 0
835.884358895431 8.956659254879353 -1 0 0
841.4748178545863 10.820145574597749 -1 0 0
848.1005469913626 30.07617087835452 -1 0 0
837.5407911796251 29.040900700733193 -1 0 0
831.7432781849458 21.586955421859606 -1 0 0
830.9150620428486 12.26952382326762 -1 0 0
830.0868459007515 8.542551183830808 -1 0 0
826.7739813323633 7.30022697068521 -1 0 0
820.5623602666353 7.921389077258009 -1 0 0
824.4963869415964 11.44130768117055 -1 0 0
831.9503322204699 36.28779194408251 -1 0 0
844.9947364584988 38.77244037037371 -1 0 0
818.4918199113926 42.08530493876197 -1 0 0
802.5486591760241 42.91352108085904 -1 0 0
797.3723082879175 39.393602476946505 -1 0 0
786.6054984406555 42.70646704533477 -1 0 0
774.5963643802482 40.0147645835193 -1 0 0
756.1685552185884 52.852114786023826 -1 0 0
750.1639881883848 15.789442427180141 -1 0 0
777.2880668420637 12.89068592984042 -1 0 0
781.0150394815004 6.472010828588156 -1 0 0
780.1868233394034 24.48571191919933 -1 0 0
767.9706352434716 26.349198238917726 -1 0 0
796.7511461813448 16.82471260480147 -1 0 0
803.9980374246941 14.340064178510271 -1 0 0
814.7648472719559 14.754172249558817 -1 0 0
812.9013609522374 8.74960521935508 -1 0 0
797.786416358966 11.027199610122004 -1 0 0
809.381442348325 25.728036132344926 -1 0 0
817.8706578048199 26.970360345490523 -1 0 0
809.7955504193735 20.965793315286806 -1 0 0
770.0411755987143 1.2956599404814921 -1 0 0
775.2175264868209 1.2956599404814921 -1 0 0
800.4781188207814 7.30022697068521 -1 0 0
799.6499026786844 3.7803083667726884 -1 0 0
849.7569792755569 7.30022697068521 -1 0 0
848.5146550624112 25.9350901678692 -1 0 0
853.7136176784765 4.035257078037812 -1 0 0
858.1460683446933 1.8190317449293705 -1 0 0
868.1190823436813 7.581217611011322 -1 0 0
865.0163668773295 7.80284014432217 -1 0 0
858.1460683446933 8.467707744254714 -1 0 0
855.4865979449633 33.28943147506932 -1 0 0
859.4758035445584 31.95969627520425 -1 0 0
884.0759047420622 4.478502144659508 -1 0 0
878.7569639426018 6.029859877835424 -1 0 0
886.5137526084814 4.700124677970356 -1 0 0
896.4867666074695 3.148766944794439 -1 0 0
899.811104607132 1.375786678307675 -1 0 0
892.0543159412525 2.262276811551066 -1 0 0
884.5191498086838 10.905555610674003 -1 0 0
870.3353076767897 26.41913294243313 -1 0 0
877.6488512760476 27.305623075676504 -1 0 0
880.7515667423995 27.084000542365672 -1 0 0
884.9623948753054 27.527245608987368 -1 0 0
888.7299779415899 24.867775209257232 -1 0 0
893.6056736744284 25.975887875811452 -1 0 0
894.0489187410501 29.74347094209581 -1 0 0
898.9246144738887 5.364992277902881 -1 0 0
869.2271950102355 48.138141206895924 -1 0 0
853.0487500785439 50.354366540004364 -1 0 0
853.7136176784765 44.81380320723324 -1 0 0
884.0759047420622 54.34357213959957 -1 0 0
870.7785527434114 82.48963387007686 -1 0 0
627.8144778572585 3.686125689945459 -1 0 0
596.35824577765 41.860860046497834 -1 0 0
584.417952304889 41.34171685202997 -1 0 0
590.3784852784089 50.436336518078235 -1 0 0
688.5314446848973 10.056528296937483 -1 0 0
703.8357925109842 12.732113581218448 -1 0 0
669.6953242835596 16.584956390582985 -1 0 0
749.5347891665025 0.6117122434257979 -1 0 0
753.6016787986096 0.8792707718538908 -1 0 0
707.100006557807 5.5883008721883405 -1 0 0
669.5883008721883 5.855859400616434 -1 0 0
787.3140533805495 6.337464751787004 -1 0 0
815.0331169256999 9.307364417338837 -1 0 0
851.2070299691782 71.16689618991407 -1 0 0
