173.24492536740738 420.22731284294537 -1 0 0
308.50911323433496 534.450404819462 -1 0 0
388.1646905337479 522.4269214535129 -1 0 0
421.2292697901079 728.3290740953917 -1 0 0
539.9611680288555 758.3877825102644 -1 0 0
818.004220866429 538.959211081693 -1 0 0
956.2742795748437 588.5560799662331 -1 0 0
845.0570584398145 385.6597981658417 -1 0 0
885.6363147998928 333.0570584398142 -1 0 0
932.2273128429456 179.75764552396296 -1 0 0
891.6480564828672 154.2077433713211 -1 0 0
869.1040251717127 179.75764552396296 -1 0 0
846.5599938605582 206.8104830973485 -1 0 0
766.9044165611452 336.0629292813016 -1 0 0
473.8320095161354 253.40148114040136 -1 0 0
424.23514063159524 241.37799777445224 -1 0 0
448.28210736349354 220.33690188404128 -1 0 0
714.3016768351177 157.21361421280835 -1 0 0
732.3369018840415 146.69306626760292 -1 0 0
993.8476650934347 95.5932619623191 -1 0 0
974.3095046237675 70.04335980967724 -1 0 0
938.23905452592 103.10793906603737 -1 0 0
929.2214420014584 86.57564943785724 -1 0 0
942.747860788151 29.46410344959897 -1 0 0
939.7419899466638 18.943555504393505 -1 0 0
905.17447526956 15.937684662906166 -1 0 0
935.2331836844328 2.4112658762135064 -1 0 0
956.2742795748437 2.4112658762135064 -1 0 0
984.8300525689731 38.48171597406084 -1 0 0
962.2860212578184 27.961168028855372 -1 0 0
1004.3682130386403 6.920072138444299 -1 0 0
863.0922834887382 47.49932849852271 -1 0 0
870.6069605924563 53.511070181497246 -1 0 0
848.0629292813018 68.54042438893364 -1 0 0
839.04531675684 15.937684662906166 -1 0 0
866.0981543302254 9.925942979931635 -1 0 0
851.068800122789 9.925942979931635 -1 0 0
888.64218564138 2.4112658762135064 -1 0 0
884.1333793791491 15.937684662906166 -1 0 0
875.1157668546872 2.4112658762135064 -1 0 0
760.8926748781706 6.920072138444299 -1 0 0
684.242968420245 65.5345535474463 -1 0 0
711.2958059936304 70.04335980967724 -1 0 0
721.8163539388361 65.5345535474463 -1 0 0
736.8457081462725 71.54629523042082 -1 0 0
693.2605809447068 85.07271401711364 -1 0 0
643.6637120601667 92.58739112083191 -1 0 0
651.1783891638848 59.52281186447177 -1 0 0
643.6637120601667 42.990522236291774 -1 0 0
642.1607766394231 23.45236176662444 -1 0 0
613.6050036452939 26.45823260811163 -1 0 0
586.5521660719082 12.931813821418972 -1 0 0
592.563907754883 15.937684662906166 -1 0 0
293.47975902689853 235.36625609147762 -1 0 0
278.45040481946216 370.6304439584053 -1 0 0
119.13925022063631 307.5071562871724 -1 0 0
18.442577030812448 346.58347722650706 -1 0 0
-1.095583438854887 178.25471010321937 -1 0 0
40.98660834196705 112.1255515904991 -1 0 0
107.11576685468718 122.6460995357047 -1 0 0
116.13337937914905 167.7341621580139 -1 0 0
159.71850658071457 137.6754537431411 -1 0 0
413.7145926863898 133.16664748091017 -1 0 0
442.270365680519 122.6460995357047 -1 0 0
598.5756494378575 59.52281186447177 -1 0 0
574.5286827059592 53.511070181497246 -1 0 0
573.0257472852156 21.9494263458807 -1 0 0
576.0316181267028 -0.5946049652738307 -1 0 0
574.5286827059592 5.417136717700701 -1 0 0
562.5051993400101 2.4112658762135064 -1 0 0
551.9846513948047 2.4112658762135064 -1 0 0
544.4699742910864 5.417136717700701 -1 0 0
521.9259429799318 5.417136717700701 -1 0 0
431.7498177353134 30.967038870342567 -1 0 0
481.34668661985353 61.02574728521537 -1 0 0
407.7028510034152 100.10206822455005 -1 0 0
383.655884271517 82.0668431756263 -1 0 0
398.68523847895335 20.446490925137102 -1 0 0
209.3153754652547 80.5639077548827 -1 0 0
179.2566670503819 95.5932619623191 -1 0 0
13.933770768581512 39.98465139480444 -1 0 0
62.02770423237798 36.97878055331724 -1 0 0
81.56586470204532 47.49932849852271 -1 0 0
78.55999386055805 26.45823260811163 -1 0 0
180.7596024711256 30.967038870342567 -1 0 0
207.81244004451105 15.937684662906166 -1 0 0
227.35060051417838 17.440620083649907 -1 0 0
240.8770193008711 15.937684662906166 -1 0 0
281.45627566094936 17.440620083649907 -1 0 0
290.4738881854112 15.937684662906166 -1 0 0
350.5913050151568 9.925942979931635 -1 0 0
379.147078009286 15.937684662906166 -1 0 0
395.67936763746604 2.4112658762135064 -1 0 0
419.7263343693643 0.9083304554697664 -1 0 0
427.2410114730826 5.417136717700701 -1 0 0
439.26449483903167 5.417136717700701 -1 0 0
291.97682360615494 26.45823260811163 -1 0 0
261.918115191282 39.98465139480444 -1 0 0
597.0639556521909 253.72729231552765 -1 0 0
76.62439521263052 39.477542065777406 -1 0 0
145.67534426357957 50.21880080703618 -1 0 0
166.13488472311997 26.690329278564608 -1 0 0
186.59442518266044 27.20181779005318 -1 0 0
195.8012183894537 26.690329278564608 -1 0 0
220.86415545239075 19.529490117725516 -1 0 0
252.5764431646784 39.477542065777406 -1 0 0
253.08793167616693 26.690329278564608 -1 0 0
246.43858102681628 21.57544416367954 -1 0 0
234.16285675109205 28.736283324518702 -1 0 0
258.20281679105204 20.55246714070253 -1 0 0
284.28873087696616 28.736283324518702 -1 0 0
299.1218977101329 24.132886721122073 -1 0 0
307.30571389394913 25.155863744099086 -1 0 0
78.15886074709607 188.8321874204227 -1 0 0
86.34267693091225 154.56245715069247 -1 0 0
328.78823137646657 27.20181779005318 -1 0 0
328.2767428649781 7.253765842001216 -1 0 0
336.9720475602828 9.811208399443748 -1 0 0
342.0869326751679 7.253765842001216 -1 0 0
351.2937258819611 3.6733462615816013 -1 0 0
338.50651309474836 3.6733462615816013 -1 0 0
365.6154042036394 14.926093514328887 -1 0 0
366.6383812266165 2.650369238604588 -1 0 0
358.96605355428875 2.650369238604588 -1 0 0
376.3566629448982 5.719300307535698 -1 0 0
351.80521439344966 19.529490117725516 -1 0 0
342.0869326751679 26.690329278564608 -1 0 0
377.3796399678752 25.155863744099086 -1 0 0
391.189829778065 59.937082525317884 -1 0 0
356.9200995083347 62.49452508276041 -1 0 0
410.6263932146284 68.12089870913405 -1 0 0
430.0629566511919 14.926093514328887 -1 0 0
496.04497463320985 13.391627979863365 -1 0 0
486.32669291492806 10.834185422420763 -1 0 0
499.62539421362936 6.2307888190242045 -1 0 0
509.85516444339964 1.6273922156275755 -1 0 0
492.4645550527902 111.59742218565752 -1 0 0
489.9071124953477 202.13088871912402 -1 0 0
459.9850345732698 2.650369238604588 -1 0 0
589.3916279798632 5.207811796047192 -1 0 0
593.9950245832598 2.138880727116082 -1 0 0
619.0579616461968 18.506513094748502 -1 0 0
611.3856339738692 16.97204756028291 -1 0 0
642.0749446631798 11.34567393390934 -1 0 0
666.6263932146284 30.27074885898422 -1 0 0
654.8621574503925 17.995024583259923 -1 0 0
774.5504691387043 9.811208399443748 -1 0 0
834.39462498286 46.638381226616566 -1 0 0
850.7622573504925 51.75326634150171 -1 0 0
832.8601594483945 16.460559048794405 -1 0 0
798.0789406671757 55.33368592192124 -1 0 0
522.8981214863567 15.949070537305898 -1 0 0
532.6164032046383 5.207811796047192 -1 0 0
911.3736459618813 8.788231376466666 -1 0 0
922.1149047031398 14.41460500284031 -1 0 0
890.9141055023407 18.50651309474836 -1 0 0
906.7702493584845 23.10990969814499 -1 0 0
947.177841766077 21.575444163679467 -1 0 0
953.8271924154276 39.477542065777335 -1 0 0
625.9630565512919 12.880139468374788 -1 0 0
621.3596599478952 5.719300307535627 -1 0 0
634.6583612465965 3.6733462615816017 -1 0 0
661.7672523554877 39.98903057726584 -1 0 0
768.6683512565864 37.94307653131182 -1 0 0
904.7242953125304 51.753266341501636 -1 0 0
932.3446749329103 60.96005954829481 -1 0 0
955.3616579498932 87.55746214569744 -1 0 0
984.5165031047383 102.39062897886427 -1 0 0
1008.5564631446983 96.76425535249062 -1 0 0
988.0969226851579 73.74727233550762 -1 0 0
81.48353607177145 102.39062897886436 -1 0 0
64.09292668116207 106.4825370707724 -1 0 0
266.89812148635673 13.391627979863365 -1 0 0
400.14087872911404 12.656363244598527 -1 0 0
434.41060899884434 2.1708487590840733 -1 0 0
495.7892303774657 1.9151045033398202 -1 0 0
482.23478482302016 2.938081526316833 -1 0 0
35.04649485212145 53.13345137386058 -1 0 0
58.16355170830873 55.916060069512774 -1 0 0
41.46789953439569 30.016394517673294 -1 0 0
96.90602662469671 31.300675454128164 -1 0 0
114.24381926683718 36.8658928454325 -1 0 0
109.10669552101774 32.79900321332547 -1 0 0
132.43779919994753 46.497999868843856 -1 0 0
132.65184602269 37.293986490917455 -1 0 0
143.99632762804117 29.374254049445884 -1 0 0
166.68529083874353 32.15686274509806 -1 0 0
71.22040789559972 130.0832841497802 -1 0 0
8.718735654797046 179.7421470260344 -1 0 0
262.5782674273724 140.67860187553285 -1 0 0
329.57492294576707 142.17692963473016 -1 0 0
312.2371303036266 71.32743130697096 -1 0 0
332.5715784641617 86.95284936717164 -1 0 0
343.487966424028 499.7421470260343 -1 0 0
304.10335103941276 41.949504885566256 -1 0 0
314.59164535379404 29.320742343760237 -1 0 0
328.93278247753983 40.6652239491114 -1 0 0
336.6384680962689 37.026427962489336 -1 0 0
346.16355170830906 31.46121057118499 -1 0 0
341.5615450193459 19.260541674863916 -1 0 0
343.59498983539936 12.411043347104721 -1 0 0
331.2872975277071 19.153518263492685 -1 0 0
327.96957177519874 13.90937110630203 -1 0 0
336.4244212735265 16.799003213325456 -1 0 0
309.24047478523215 11.340809233392331 -1 0 0
315.44783264476393 11.982949701619766 -1 0 0
317.0531838153325 6.310708898944183 -1 0 0
316.83913699259 18.40435438389402 -1 0 0
296.71873565479734 26.966227293593008 -1 0 0
274.8859597350649 29.320742343760237 -1 0 0
273.9227490327238 21.722080136402383 -1 0 0
264.61171224342615 28.892648698275277 -1 0 0
264.8257590661686 22.578267427372268 -1 0 0
234.64515705947966 37.98963866483047 -1 0 0
229.07993966817529 77.69532428355959 -1 0 0
219.01973899927896 92.99967210964655 -1 0 0
201.57492294576727 46.23044134041576 -1 0 0
219.4478326447639 35.42107679192076 -1 0 0
229.6150567250315 24.290642009312066 -1 0 0
185.52141124008165 37.77559184208805 -1 0 0
208.8525149190114 30.712046691586377 -1 0 0
225.44114368155323 27.394320939078014 -1 0 0
234.11004000262344 20.758869434061285 -1 0 0
248.13010689225555 14.33746475178704 -1 0 0
256.04983933372716 11.233785822021138 -1 0 0
252.08997311299137 13.481277460817129 -1 0 0
208.63846809626895 23.75552495245594 -1 0 0
248.13010689225558 39.91606006951277 -1 0 0
138.85920388222183 181.02642796248944 -1 0 0
190.65853498590076 170.3240868253657 -1 0 0
475.7689028788775 311.5949898353992 -1 0 0
465.2806085644963 33.441143681552866 -1 0 0
481.3341202701819 26.80569217653614 -1 0 0
491.82241458456315 34.297330972522765 -1 0 0
511.9428159223558 47.78228080529869 -1 0 0
442.163551708309 33.86923732703782 -1 0 0
367.354187159814 38.20368548757297 -1 0 0
375.7020132467705 37.882615253459264 -1 0 0
388.54482261131903 29.748835989245205 -1 0 0
416.79900321332576 19.79565873172011 -1 0 0
421.6150567250314 14.230441340415757 -1 0 0
438.95284936717195 14.97960522001442 -1 0 0
446.658534985901 11.019738999278642 -1 0 0
450.0832841497806 5.347498196603042 -1 0 0
475.34080923339263 5.989638664830475 -1 0 0
401.81572562135244 7.166896189914095 -1 0 0
408.7722473604829 7.91606006951274 -1 0 0
360.3976654206836 19.153518263492693 -1 0 0
370.45786608957985 24.290642009312084 -1 0 0
385.65519050429555 7.059872778542847 -1 0 0
322.4043543838942 31.782280805298715 -1 0 0
682.9662272935932 32.53144468489738 -1 0 0
664.2371303036266 12.304019935733491 -1 0 0
666.5916453537939 4.277264082890671 -1 0 0
690.8859597350647 8.023083480883988 -1 0 0
701.3742540494461 10.0565282969375 -1 0 0
684.4645550527906 2.243819266837158 -1 0 0
695.1668961899144 0.638468096268601 -1 0 0
660.277264082891 1.9227490327234502 -1 0 0
712.3976654206836 17.01305003606794 -1 0 0
721.7087022099812 6.845825955800369 -1 0 0
735.3006754541283 9.521411240081315 -1 0 0
744.8257590661685 1.0665617417535567 -1 0 0
800.9060266246969 7.5949898353990335 -1 0 0
806.6852908387439 3.3140533805495287 -1 0 0
815.0331169257004 14.97960522001442 -1 0 0
820.2772640828911 14.765558397271962 -1 0 0
823.0598727785432 6.845825955800369 -1 0 0
827.5548560561352 21.401009902288685 -1 0 0
771.3675650862353 73.6284346514526 -1 0 0
791.3809430126568 74.59164535379374 -1 0 0
817.7087022099812 72.66522394911145 -1 0 0
744.3976654206836 78.2304413404158 -1 0 0
759.3809430126568 40.45117712636896 -1 0 0
715.715391173192 49.33412027018168 -1 0 0
754.8859597350648 14.230441340415757 -1 0 0
818.1367958554663 2.7789363236933435 -1 0 0
891.8759262902486 105.68194635713824 -1 0 0
988.6250901698471 282.48462194242256 -1 0 0
938.1100400026232 230.6852908387436 -1 0 0
854.6317791330579 375.3809430126567 -1 0 0
676.9729162568036 314.1635517083089 -1 0 0
1018.3775985310513 35.36756508623519 -1 0 0
995.4745884976064 22.524755721686695 -1 0 0
982.3107088989442 11.23378582202112 -1 0 0
855.594989835399 77.69532428355961 -1 0 0
874.538133648108 70.4712440160011 -1 0 0
558.6050232802149 13.96288281198769 -1 0 0
505.5214112400812 9.039805888910754 -1 0 0
557.1066955210177 108.678601875533 -1 0 0
590.4979998688439 109.10669552101795 -1 0 0
616.6117122434258 109.53478916650292 -1 0 0
424.8257590661683 298.538133648108 -1 0 0
