470.69004609717894 484.94426431990115 -1 0 0
744.8317783806434 512.5888087518472 -1 0 0
977.5066940161889 535.6259291118022 -1 0 0
978.6585500341866 443.4774476719822 -1 0 0
925.6731732062902 406.6180550960542 -1 0 0
827.7654116764814 398.5550629700699 -1 0 0
822.0061315864929 331.74741392620047 -1 0 0
849.6506760184388 275.3064690443107 -1 0 0
940.647301440261 281.06574913429944 -1 0 0
1010.9105185381238 354.78453428615546 -1 0 0
1010.9105185381238 239.59893248638042 -1 0 0
986.7215421601711 234.99150841438947 -1 0 0
953.3177176382362 207.34696398244347 -1 0 0
964.8362778182137 165.88014733452448 -1 0 0
991.3289662321619 131.32446679459198 -1 0 0
1001.6956703941419 94.46507421866394 -1 0 0
1008.6068065021283 76.0353779307 -1 0 0
1007.4549504841304 56.45382562473812 -1 0 0
1016.6697986281124 6.924016850834995 -1 0 0
991.3289662321619 14.987008976819126 -1 0 0
983.2659741061777 31.112993228787673 -1 0 0
991.3289662321619 61.06124969672922 -1 0 0
971.7474139262004 95.61693023666172 -1 0 0
951.0140056022407 137.0837468845807 -1 0 0
860.0173801804185 171.6394274245132 -1 0 0
885.358212576369 201.5876838924547 -1 0 0
836.9802598204634 231.53594036039615 -1 0 0
760.957762632612 251.11749266635795 -1 0 0
830.069123712477 93.31321820066617 -1 0 0
850.8025320364363 96.76878625465949 -1 0 0
898.0286287743443 89.857650146673 -1 0 0
913.002757008315 74.88352191270222 -1 0 0
901.4841968283375 61.06124969672922 -1 0 0
447.65292573722394 381.27722270010366 -1 0 0
426.91951741326443 350.17711021416443 -1 0 0
343.9858841174265 347.87339817816894 -1 0 0
251.83740267760646 350.17711021416443 -1 0 0
238.01513046163345 325.98813383621166 -1 0 0
220.7372901916672 300.64730144026123 -1 0 0
195.39645779571677 317.9251417102275 -1 0 0
158.5370652197887 277.6101810803062 -1 0 0
99.79240830190346 300.64730144026123 -1 0 0
239.16698647963122 263.7879088643332 -1 0 0
233.4077063896425 221.16923619841648 -1 0 0
293.3042193255255 259.1804847923422 -1 0 0
320.94876375747145 163.57643529852893 -1 0 0
377.38970863936123 94.46507421866394 -1 0 0
370.4785725313747 86.40208209267966 -1 0 0
398.1231169633208 92.1613621826684 -1 0 0
414.2491012152892 97.92064227265712 -1 0 0
434.98250953924867 103.67992236264598 -1 0 0
446.5010697192263 108.28734643463694 -1 0 0
462.6270539711947 108.28734643463694 -1 0 0
482.20860627715655 92.1613621826684 -1 0 0
500.6383025651205 119.80590661461439 -1 0 0
560.5348155010034 76.0353779307 -1 0 0
619.2794724188888 133.6281788305874 -1 0 0
583.5719358609585 135.93189086658293 -1 0 0
544.4088312490351 263.7879088643332 -1 0 0
502.94201460111606 252.26934868435566 -1 0 0
462.6270539711947 228.08037230640298 -1 0 0
463.77890998919247 268.3953329363242 -1 0 0
433.8306535212509 249.96563664836017 -1 0 0
384.3008447473477 277.6101810803062 -1 0 0
394.6675489093275 244.20635655837145 -1 0 0
407.3379651073027 202.73953991045246 -1 0 0
437.2862215752442 158.969011226538 -1 0 0
481.0567502591588 145.14673901056497 -1 0 0
540.9532631950417 170.48757140651543 -1 0 0
544.4088312490351 126.7170427226009 -1 0 0
285.24122719954124 104.83177838064377 -1 0 0
280.6338031275502 122.10961865060995 -1 0 0
273.72266701956374 110.59105847063249 -1 0 0
269.1152429475727 104.83177838064377 -1 0 0
239.16698647963122 104.83177838064377 -1 0 0
239.16698647963122 117.50219457861898 -1 0 0
259.90039480359076 126.7170427226009 -1 0 0
218.43357815567174 155.51344317254467 -1 0 0
198.85202584971 141.69117095657165 -1 0 0
186.1816096517347 158.969011226538 -1 0 0
74.45157590595302 111.74291448863012 -1 0 0
45.655175456009246 203.89139592845015 -1 0 0
81.36271201393951 224.62480425240966 -1 0 0
95.18498422991252 218.86552416242094 -1 0 0
210.37058602968744 215.40995610842768 -1 0 0
195.39645779571677 208.49882000044119 -1 0 0
156.23335318379324 255.72491673834898 -1 0 0
585.8756478969541 267.24347691832645 -1 0 0
686.0871214627582 261.4841968283377 -1 0 0
710.2760978407111 228.08037230640298 -1 0 0
665.3537131387988 214.25810009043 -1 0 0
649.2277288868303 196.98025982046366 -1 0 0
654.9870089768191 158.969011226538 -1 0 0
675.7204173007784 126.7170427226009 -1 0 0
712.5798098767063 120.95776263261216 -1 0 0
729.8576501466727 111.74291448863012 -1 0 0
766.7170427226006 119.80590661461439 -1 0 0
770.172610776594 107.13549041663917 -1 0 0
744.8317783806434 95.61693023666172 -1 0 0
653.8351529588214 59.90939367873144 -1 0 0
635.4054566708572 76.0353779307 -1 0 0
637.7091687068528 97.92064227265712 -1 0 0
630.7980325988663 104.83177838064377 -1 0 0
668.8092811927921 97.92064227265712 -1 0 0
742.5280663446479 150.90601910055372 -1 0 0
804.7282913165266 88.70579412867522 -1 0 0
785.1467390105647 81.79465802068871 -1 0 0
889.9656366483601 112.89477050662789 -1 0 0
931.432453296279 70.27609784071112 -1 0 0
900.3323408103398 120.95776263261216 -1 0 0
937.1917333862676 187.76541167648168 -1 0 0
612.3683363109022 186.613555658484 -1 0 0
592.7867840049405 186.613555658484 -1 0 0
560.5348155010034 173.9431394605087 -1 0 0
547.8643993030282 186.613555658484 -1 0 0
5.340214826087985 230.38408434239847 -1 0 0
206.9150179756942 251.11749266635795 -1 0 0
314.03762764948493 139.3874589205762 -1 0 0
983.2659741061777 77.18723394869777 -1 0 0
851.9543880544342 82.94651403868649 -1 0 0
720.6428020026908 200.43582787445698 -1 0 0
577.8126557709697 224.62480425240966 -1 0 0
415.400957233287 116.35033856062121 -1 0 0
403.8823970533095 125.56518670460312 -1 0 0
870.5824371706724 39.89312648136181 -1 0 0
808.6923272805625 58.30671289494823 -1 0 0
818.6663532545886 61.887132475367785 -1 0 0
830.9420775303129 54.21480480304012 -1 0 0
806.1348847231201 76.20881079704611 -1 0 0
837.0799396681749 79.78923037746569 -1 0 0
833.4995200877553 72.8841354723708 -1 0 0
846.5424771307124 67.00201759025292 -1 0 0
861.3756439638793 62.65436524260056 -1 0 0
902.29472488296 53.703316291551616 -1 0 0
898.4585610467963 39.89312648136181 -1 0 0
964.4405790288143 50.12289671113203 -1 0 0
968.0209986092339 40.91610350433884 -1 0 0
997.6873322755675 47.821198409433734 -1 0 0
1013.2877318759671 35.545474133709455 -1 0 0
1009.7073122955476 18.15486474310006 -1 0 0
1020.7043152925505 25.57144815968351 -1 0 0
962.6503692386045 69.55946014769548 -1 0 0
920.1968227850581 121.98703257526788 -1 0 0
970.8341854224207 128.38063896887428 -1 0 0
790.0229966112319 142.44657303480832 -1 0 0
866.7462733345086 77.9990205872559 -1 0 0
52.71230730054261 109.03997962821501 -1 0 0
30.97404556228087 99.3216979099333 -1 0 0
23.557462145697457 100.60041918865457 -1 0 0
14.350668938904253 99.3216979099333 -1 0 0
222.0150046032399 103.41360600184139 -1 0 0
218.17884076707605 114.41060899884438 -1 0 0
227.12988971812499 205.96705255528792 -1 0 0
1018.6583612465965 61.11989970813503 -1 0 0
525.5834361716712 58.94607353430889 -1 0 0
532.6164032046383 44.880139468374814 -1 0 0
535.6853342735693 42.19482478306013 -1 0 0
513.5634561516912 19.817202405437758 -1 0 0
453.59142817966324 91.80921039744571 -1 0 0
456.9161035043385 84.90411549235081 -1 0 0
481.46755205578705 77.48753207576739 -1 0 0
426.4825370707721 124.03298662122192 -1 0 0
473.53948012771514 91.80921039744571 -1 0 0
519.0619576501927 99.99302658126189 -1 0 0
572.2567628449979 89.50751209574742 -1 0 0
587.0899296781647 128.38063896887428 -1 0 0
567.1418777301127 138.35466494290026 -1 0 0
563.5614581496932 125.05596364419895 -1 0 0
456.66035924859426 104.34067892891424 -1 0 0
341.06395565219066 123.10591369414905 -1 0 0
331.60141818965326 83.20980979804517 -1 0 0
334.41460500284 67.86515445338983 -1 0 0
394.7702493584844 127.45356604180141 -1 0 0
343.8771424653775 165.5594601476955 -1 0 0
353.8511684394035 132.31270690094226 -1 0 0
458.7063132945483 206.9900295782649 -1 0 0
747.441578029813 236.84817143640674 -1 0 0
758.6943252825603 179.049969638205 -1 0 0
717.7752443634795 178.53848112671645 -1 0 0
203.47354606178138 181.15985974809504 -1 0 0
302.39097645747273 495.46121057118495 -1 0 0
70.36422060462985 241.38763197586718 -1 0 0
5.508033313659896 128.47793297921177 -1 0 0
31.835792510984312 130.832448029379 -1 0 0
72.9327824775395 141.32074234376026 -1 0 0
109.7488359892452 107.28729752770674 -1 0 0
77.85585940061644 107.60836776182045 -1 0 0
490.7521804708506 622.1769296347301 -1 0 0
171.82241458456298 300.2505082300478 -1 0 0
217.62843465145264 233.03980588891068 -1 0 0
71.22040789559972 106.4311102367368 -1 0 0
149.34749819660306 165.1869630795462 -1 0 0
228.33077578857635 290.40435438389386 -1 0 0
236.03646140730547 182.738802544429 -1 0 0
174.1769296347302 188.73211358121827 -1 0 0
165.8291035477737 158.97960522001426 -1 0 0
125.16020722670343 229.40100990228854 -1 0 0
154.27057511968002 216.55820053774005 -1 0 0
24.986294183225112 195.79565873172004 -1 0 0
367.67525739392755 113.81572562135214 -1 0 0
407.2739196012854 115.10000655780698 -1 0 0
352.6919798019543 123.87592629024846 -1 0 0
331.5013443504493 119.38094301265649 -1 0 0
335.3541871598139 151.91606006951267 -1 0 0
338.136795855466 143.35418715981368 -1 0 0
546.4043543838942 207.56823398255617 -1 0 0
592.2103744507839 243.95619384877693 -1 0 0
584.5046888320547 88.34415371499762 -1 0 0
406.6317791330581 164.33077578857623 -1 0 0
642.5113777952654 92.41104334710465 -1 0 0
643.3675650862352 82.99298314643573 -1 0 0
644.4377991999477 69.93612695914479 -1 0 0
672.9060266246968 72.93278247753943 -1 0 0
667.9829497016199 86.41773231031534 -1 0 0
696.6652239491116 102.8993376614859 -1 0 0
700.9461604039611 81.28060856449595 -1 0 0
714.2170634139945 74.64515705947922 -1 0 0
711.4344547183423 92.41104334710465 -1 0 0
523.5013443504494 162.83244802937892 -1 0 0
643.153518263493 249.52141124008116 -1 0 0
755.7421470260349 294.4712440160009 -1 0 0
230.8993376614861 228.54482261131866 -1 0 0
742.8993376614862 267.5013443504491 -1 0 0
792.1301068922555 224.47793297921166 -1 0 0
779.5013443504497 184.45117712636883 -1 0 0
776.5046888320549 148.0632172601481 -1 0 0
813.3207423437607 156.41104334710462 -1 0 0
801.9762607384095 152.55820053774008 -1 0 0
836.8658928454328 124.94616040396082 -1 0 0
843.9294379959344 140.14348481867654 -1 0 0
866.4043543838944 147.42107679192068 -1 0 0
722.5648895009513 158.97960522001432 -1 0 0
679.9695717751988 200.07659518656953 -1 0 0
661.5615450193459 33.334120270181444 -1 0 0
665.200341005968 26.270575119679766 -1 0 0
670.1234179290449 31.62174568824162 -1 0 0
724.9194045511184 60.732113581218215 -1 0 0
740.1167289658341 68.00970555446237 -1 0 0
430.6050232802154 149.347498196603 -1 0 0
755.1000065578073 112.74549150763976 -1 0 0
769.8692373270381 91.98294970161969 -1 0 0
679.3274313069712 59.44783264476349 -1 0 0
889.5214112400815 81.06656174175349 -1 0 0
885.8826152534593 161.33412027018156 -1 0 0
906.0030165912522 139.5013443504491 -1 0 0
969.7889697685096 209.70870220998086 -1 0 0
1004.8926486982756 164.3307757885762 -1 0 0
880.317397862155 43.92943799593416 -1 0 0
891.2337858220211 36.43779919994756 -1 0 0
912.4244212735261 40.29064200931209 -1 0 0
947.7421470260344 20.38428749426192 -1 0 0
952.8792707718538 28.30401993573351 -1 0 0
971.9294379959342 16.959538330382344 -1 0 0
969.7889697685094 28.30401993573351 -1 0 0
961.8692373270378 29.802347694930837 -1 0 0
948.3842874942618 67.90268214309135 -1 0 0
975.1401403370713 61.48127746081711 -1 0 0
