310.4353437577563 174.53660958054118 -1 0 0
351.7517994539589 181.8277488210475 -1 0 0
362.6885083147183 159.95433109952856 -1 0 0
368.764457681807 145.37205261851588 -1 0 0
151.24547034003484 196.41002730206017 -1 0 0
158.53660958054118 179.39736907421207 -1 0 0
225.37205261851582 147.80243236535134 -1 0 0
173.11888806155383 114.99230578307284 -1 0 0
157.32141970712345 104.05559692231341 -1 0 0
140.30876147927535 83.39736907421207 -1 0 0
122.08091337800957 105.27078679573107 -1 0 0
116.00496401092096 117.42268552990826 -1 0 0
105.06825515016145 95.54926780838929 -1 0 0
92.91635641598423 128.3593943906678 -1 0 0
79.54926780838929 113.77711590965521 -1 0 0
66.18217920079434 95.54926780838929 -1 0 0
45.523951352693054 119.85306527674373 -1 0 0
18.789774137503233 117.42268552990826 -1 0 0
23.650533631174124 128.3593943906678 -1 0 0
13.929014643832346 130.78977413750326 -1 0 0
15.144204517250067 153.87838173243995 -1 0 0
18.789774137503233 170.89103996028808 -1 0 0
35.80243236535135 91.90369818813619 -1 0 0
44.30876147927533 72.46066021345263 -1 0 0
16.35939439066779 67.59990071978174 -1 0 0
47.9543310995285 36.00496401092096 -1 0 0
39.44800198560451 28.71382477041463 -1 0 0
56.460660213452556 32.35939439066786 -1 0 0
69.8277488210475 21.42268552990829 -1 0 0
81.97964755522473 27.498634896996972 -1 0 0
69.8277488210475 42.08091337800964 -1 0 0
106.28344502357918 46.94167287168053 -1 0 0
147.59990071978166 74.89103996028807 -1 0 0
617.8783817324398 190.33407793497162 -1 0 0
715.0935716058576 236.51129312484494 -1 0 0
783.14420451725 297.2707867957311 -1 0 0
710.2328121121867 418.78977413750323 -1 0 0
772.2074956564904 602.283445023579 -1 0 0
888.8657235045919 582.8404070488955 -1 0 0
962.992305783073 217.06825515016146 -1 0 0
967.8530652767439 91.90369818813619 -1 0 0
1015.245470340035 72.46066021345263 -1 0 0
1005.5239513526932 18.992305783072986 -1 0 0
903.4480019856045 168.46066021345263 -1 0 0
830.5366095805412 100.41002730206017 -1 0 0
640.9669893273765 121.06825515016152 -1 0 0
668.9163564159843 112.56192603623738 -1 0 0
395.4986348969969 96.76445768180707 -1 0 0
368.764457681807 106.48597666914885 -1 0 0
448.96698932737655 95.54926780838929 -1 0 0
492.71382477041453 132.00496401092096 -1 0 0
497.57458426408544 113.77711590965521 -1 0 0
510.94167287168045 130.78977413750326 -1 0 0
529.1695209729462 162.38471084636402 -1 0 0
495.14420451725 207.34673616281967 -1 0 0
485.4226855299082 173.3214197071235 -1 0 0
496.3593943906678 162.38471084636402 -1 0 0
790.4353437577563 108.9163564159843 -1 0 0
768.5619260362374 119.85306527674373 -1 0 0
818.3847108463638 79.75179945395897 -1 0 0
784.3593943906678 78.53660958054117 -1 0 0
817.1695209729463 63.954331099528645 -1 0 0
828.1062298337056 49.37205261851599 -1 0 0
800.156862745098 49.37205261851599 -1 0 0
777.0682551501613 6.840407048895762 -1 0 0
750.3340779349717 23.853065276743877 -1 0 0
728.4606602134525 27.498634896996972 -1 0 0
701.7264829982628 27.498634896996972 -1 0 0
688.3593943906678 11.701166542566652 -1 0 0
665.2707867957309 10.485976669148858 -1 0 0
-225.4633904194588 703.1442045172499 -1 0 0
545.9783657093669 77.97852594009879 -1 0 0
548.8740555026692 49.74555045540075 -1 0 0
530.7759942945295 51.917317800377546 -1 0 0
516.2975453280177 75.08283614679642 -1 0 0
607.5117738170419 80.15029328507552 -1 0 0
603.1682391270884 110.55503611475027 -1 0 0
663.977724786438 70.73930145684284 -1 0 0
658.1863451998332 47.57378311042403 -1 0 0
677.0083288562986 44.678093317121665 -1 0 0
637.9165166467167 6.310203555865455 -1 0 0
614.7509983002977 14.273350487446912 -1 0 0
586.5180228155999 21.512574970702797 -1 0 0
542.3587534677389 14.997272935772486 -1 0 0
519.19323512132 26.580032108981957 -1 0 0
491.6841820849476 29.475721902284327 -1 0 0
475.03396577345904 4.138436210888661 -1 0 0
459.83159435862177 4.138436210888661 -1 0 0
451.8684474270402 14.273350487446912 -1 0 0
766.050790000346 172.08844422242535 -1 0 0
880.4305368357891 24.408264764005164 -1 0 0
884.7740715257427 14.997272935772486 -1 0 0
900.7003653889054 11.377660694144545 -1 0 0
921.6941163903476 11.377660694144545 -1 0 0
944.135712288441 71.46322390516848 -1 0 0
953.5467041166734 209.732411535356 -1 0 0
434.49430866722605 11.377660694144545 -1 0 0
438.11392090885397 24.408264764005164 -1 0 0
448.9727576337378 29.475721902284327 -1 0 0
455.4880596686682 30.199644350609898 -1 0 0
449.69668008206344 41.7824035238193 -1 0 0
429.42685152894694 41.7824035238193 -1 0 0
426.5311617356447 92.45697490661055 -1 0 0
480.10142291173827 156.88607280758796 -1 0 0
376.58051280117894 28.027877005633105 -1 0 0
399.74603114759776 34.543179040563416 -1 0 0
393.2307291126675 20.06473007405165 -1 0 0
406.2613331825281 17.892962729074853 -1 0 0
420.01585970071426 7.0341260041910285 -1 0 0
393.9546515609931 4.138436210888661 -1 0 0
371.51305566289983 12.825505590795764 -1 0 0
107.4986348969969 33.574584264085516 -1 0 0
165.8277488210475 8.055596922313413 -1 0 0
563.1948374286425 -0.4507321916105723 -1 0 0
832.9669893273765 3.194837428642809 -1 0 0
74.85920388222179 62.337464751787 -1 0 0
46.390976457472625 55.916060069512774 -1 0 0
29.90937110630205 40.932782477539526 -1 0 0
63.942815922355564 90.16355170830874 -1 0 0
137.36087612302447 49.28060856449605 -1 0 0
155.34080923339235 70.25719719325859 -1 0 0
181.45452160797424 98.0832841497803 -1 0 0
175.24716374844252 172.35753164141911 -1 0 0
188.94616040396087 160.584956390583 -1 0 0
456.2906420093121 7.969571775198382 -1 0 0
372.5983343170044 21.454521607974254 -1 0 0
408.3441537149978 94.65853498590067 -1 0 0
426.6451570594794 108.46455505279029 -1 0 0
442.0565282969376 85.77559184208796 -1 0 0
554.9662272935932 162.51137779526528 -1 0 0
563.1000065578072 1.976260738409074 -1 0 0
445.80234769493086 4.330775788576313 -1 0 0
485.4010099022887 14.819070102957602 -1 0 0
414.55151157452957 16.531444684897387 -1 0 0
