178.73247250119553 687.6105212816833 -1 0 0
314.84954567192733 435.35686274509806 -1 0 0
324.83978957436636 355.43491152558585 -1 0 0
362.30320420851274 384.156862745098 -1 0 0
66.34222859875659 305.4836920133907 -1 0 0
90.06905786704922 300.48857006217116 -1 0 0
71.33735054997605 244.29344811095163 -1 0 0
5.151984696317502 278.01052128168334 -1 0 0
102.556862745098 174.3617407938785 -1 0 0
695.727594452415 372.91783835485415 -1 0 0
951.727594452415 345.4446676231468 -1 0 0
982.9471066475371 345.4446676231468 -1 0 0
964.2153993304639 266.7714968914395 -1 0 0
861.8153993304637 233.05442372070783 -1 0 0
830.595887135342 188.09832615973215 -1 0 0
861.8153993304637 139.39588713534192 -1 0 0
823.1032042085126 68.21539933046391 -1 0 0
790.634911525586 74.45930176948833 -1 0 0
776.8983261597322 70.71296030607368 -1 0 0
764.4105212816834 93.19100908656144 -1 0 0
949.2300334768053 83.20076518412237 -1 0 0
932.9958871353418 59.47393591582973 -1 0 0
997.9324725011954 134.40076518412246 -1 0 0
916.1373505499761 52.917838354854226 -1 0 0
321.09344811095167 185.6007651841224 -1 0 0
344.8202773792443 190.59588713534194 -1 0 0
419.74710664753707 166.8690578670493 -1 0 0
468.44954567192724 166.8690578670493 -1 0 0
430.98613103778086 95.68857006217121 -1 0 0
389.77637494022 145.63978957436635 -1 0 0
364.8007651841223 145.63978957436635 -1 0 0
382.2836920133907 111.92271640363455 -1 0 0
336.07881396461016 131.90320420851268 -1 0 0
313.60076518412245 124.41052128168339 -1 0 0
227.43491152558585 128.15686274509804 -1 0 0
186.22515542802483 95.68857006217121 -1 0 0
105.0544237207078 54.16661884265911 -1 0 0
90.06905786704927 56.03978957436637 -1 0 0
70.71296030607364 53.54222859875666 -1 0 0
130.65442372070785 21.698326159732282 -1 0 0
200.58613103778097 36.68369201339081 -1 0 0
231.18125298900048 39.18125298900051 -1 0 0
986.0565282969377 71.86254836382703 -1 0 0
