737.3311746717036 301.1476884331714 -1 0 0
748.3403489836302 317.4412664148228 -1 0 0
751.8632847634467 274.7256700845475 -1 0 0
822.762367332254 305.110991185465 -1 0 0
806.0284223781257 309.9550278827127 -1 0 0
836.8541104515202 333.29447742399714 -1 0 0
847.4229177909697 291.459615038676 -1 0 0
909.0742939377586 352.23025724051087 -1 0 0
1004.6339269652817 316.1201654973916 -1 0 0
885.7348443964743 140.85411045152006 -1 0 0
905.9917251304192 162.43209210289618 -1 0 0
897.6247526533549 154.50548659830903 -1 0 0
914.3586976074834 142.17521136895118 -1 0 0
916.1201654973917 132.4871379744558 -1 0 0
928.8908076992267 137.7715416441806 -1 0 0
804.2669544882174 281.7715416441806 -1 0 0
827.1660370570248 227.16603705702462 -1 0 0
876.0467710019788 221.00089944234574 -1 0 0
884.413743479043 211.7531930203274 -1 0 0
930.2119086166578 204.26695448821727 -1 0 0
944.7440187084007 202.50548659830903 -1 0 0
960.156862745098 216.5972297175751 -1 0 0
988.3403489836303 196.34034898363012 -1 0 0
970.2853031120707 174.3220003597769 -1 0 0
930.2119086166578 155.8265875157402 -1 0 0
941.2210829285843 147.0192480661989 -1 0 0
943.8632847634466 136.0100737542723 -1 0 0
966.762367332254 135.1293398093182 -1 0 0
965.0008994423457 128.08346824968513 -1 0 0
984.8174132038137 167.27612880014388 -1 0 0
987.4596150386761 134.68897283684112 -1 0 0
998.4687893506026 132.4871379744558 -1 0 0
991.8632847634466 120.156862745098 -1 0 0
1003.3128260478503 117.9550278827127 -1 0 0
941.6614499010614 114.43209210289616 -1 0 0
902.0284223781257 129.40456916711634 -1 0 0
913.9183306350063 126.76236733225396 -1 0 0
877.36787191941 131.16603705702462 -1 0 0
867.6797985249146 136.45044072674938 -1 0 0
861.9550278827128 129.40456916711634 -1 0 0
610.065119625832 171.23943155243745 -1 0 0
599.0559453139055 177.84493613959341 -1 0 0
595.5330095340888 172.56053246986866 -1 0 0
621.5146609102358 169.91833063500627 -1 0 0
544.4504407267494 228.4871379744558 -1 0 0
564.7073214606943 231.1293398093182 -1 0 0
555.019248066199 211.7531930203274 -1 0 0
562.065119625832 202.50548659830903 -1 0 0
581.8816333872999 211.7531930203274 -1 0 0
588.9275049469329 193.25778017629065 -1 0 0
525.0742939377586 207.34952329555674 -1 0 0
514.9458535707861 239.49631228638242 -1 0 0
536.5238352221622 234.21190861665767 -1 0 0
270.83576182766683 331.53300953408893 -1 0 0
278.3220003597769 311.27612880014397 -1 0 0
250.13851412124478 314.3586976074834 -1 0 0
260.7073214606943 305.1109911854651 -1 0 0
225.91833063500624 276.0467710019788 -1 0 0
232.96420219463928 269.8816333872999 -1 0 0
201.25778017629062 296.3036517359238 -1 0 0
191.5697067817952 268.56053246986875 -1 0 0
202.5788810937218 258.4320921028962 -1 0 0
215.3495232955567 239.05594531390543 -1 0 0
234.72567008454752 235.97337650656596 -1 0 0
247.93667925885947 247.42291779096965 -1 0 0
261.14768843317137 264.59722971757515 -1 0 0
270.83576182766683 239.05594531390543 -1 0 0
285.80823889188696 251.38622054326322 -1 0 0
290.6522755891347 232.89080769922649 -1 0 0
309.58805540564845 250.06511962583204 -1 0 0
299.89998201115304 278.24860586436415 -1 0 0
320.156862745098 276.92750494693297 -1 0 0
346.57888109372186 277.36787191941 -1 0 0
378.2853031120705 261.5146609102357 -1 0 0
360.2302572405108 246.5421838460155 -1 0 0
349.66144990106125 241.25778017629074 -1 0 0
335.5697067817953 232.4504407267494 -1 0 0
350.9825508184925 228.4871379744559 -1 0 0
364.6339269652815 228.0467710019788 -1 0 0
377.8449361395934 226.28530311207052 -1 0 0
397.66144990106136 276.92750494693297 -1 0 0
416.59722971757503 282.2119086166577 -1 0 0
432.8908076992264 266.79906457996043 -1 0 0
459.75319302032733 275.1660370570247 -1 0 0
455.7898902680338 291.459615038676 -1 0 0
484.85411045152006 286.1752113689513 -1 0 0
471.20273430473094 238.1752113689513 -1 0 0
458.4320921028962 251.38622054326322 -1 0 0
482.21190861665764 232.4504407267494 -1 0 0
495.42291779096956 210.8724590753733 -1 0 0
510.83576182766683 215.71649577262104 -1 0 0
509.07429393775857 229.80823889188707 -1 0 0
409.9917251304191 235.09264256161185 -1 0 0
419.6797985249145 236.8541104515201 -1 0 0
397.66144990106136 195.8999820111531 -1 0 0
388.85411045152006 213.95502788271273 -1 0 0
371.2394315524374 195.45961503867605 -1 0 0
375.64310127720813 189.29447742399714 -1 0 0
351.86328476344664 184.01007375427238 -1 0 0
378.2853031120705 217.0375966900522 -1 0 0
365.95502788271267 217.47796366252928 -1 0 0
339.09264256161174 192.37704623133658 -1 0 0
321.91833063500627 184.45044072674943 -1 0 0
323.6797985249145 208.23025724051092 -1 0 0
319.27612880014385 212.6339269652816 -1 0 0
289.3311746717035 225.40456916711642 -1 0 0
270.83576182766683 215.71649577262104 -1 0 0
274.3586976074833 200.30365173592375 -1 0 0
293.73484439647416 192.37704623133658 -1 0 0
307.8265875157402 195.8999820111531 -1 0 0
285.80823889188696 188.41374347904303 -1 0 0
256.30365173592367 201.62475265335496 -1 0 0
256.30365173592367 190.61557834142835 -1 0 0
247.4963122863824 196.78071595610726 -1 0 0
248.81741320381357 211.75319302032742 -1 0 0
223.27612880014385 206.46878935060266 -1 0 0
223.27612880014385 194.13851412124487 -1 0 0
208.74401870840074 206.02842237812558 -1 0 0
203.899982011153 207.78989026803384 -1 0 0
189.36787191940988 213.07429393775865 -1 0 0
187.16603705702457 224.08346824968524 -1 0 0
171.75319302032736 256.2302572405109 -1 0 0
199.9366792588594 192.37704623133658 -1 0 0
503.3495232955567 193.69814714876782 -1 0 0
482.6522755891347 190.61557834142835 -1 0 0
478.6889728368411 199.8632847634467 -1 0 0
21.441266414822827 386.57888109372186 -1 0 0
72.96420219463934 371.16603705702465 -1 0 0
18.358697607483364 335.0559453139054 -1 0 0
14.835761827666847 308.63392696528155 -1 0 0
162.79906457996046 270.32200035977695 -1 0 0
149.14768843317145 272.5238352221623 -1 0 0
398.83576182766694 385.25778017629074 -1 0 0
479.8632847634467 396.2669544882173 -1 0 0
134.61557834142835 216.59722971757512 -1 0 0
121.40456916711642 221.88163338729987 -1 0 0
128.89080769922649 209.55135815794208 -1 0 0
138.13851412124484 198.9825508184925 -1 0 0
52.26695448821731 217.47796366252922 -1 0 0
120.52383522216226 200.30365173592372 -1 0 0
142.98255081849257 194.1385141212448 -1 0 0
161.0375966900522 211.31282604785034 -1 0 0
170.7256700845476 207.34952329555674 -1 0 0
114.35869760748338 213.51466091023565 -1 0 0
109.95502788271273 198.1018168735384 -1 0 0
99.97337650656586 673.4779636625291 -1 0 0
36.560532469868654 628.5605324698687 -1 0 0
82.35869760748331 524.6339269652814 -1 0 0
-0.43029321820476435 487.643101277208 -1 0 0
6.615578341428273 486.762367332254 -1 0 0
203.0192480661989 542.248605864364 -1 0 0
303.42291779096956 536.0834682496852 -1 0 0
291.9733765065659 745.6981471487677 -1 0 0
450.50548659830895 603.899982011153 -1 0 0
881.1843856808775 661.1476884331714 -1 0 0
973.6614499010611 419.82658751574024 -1 0 0
1010.6522755891345 455.9366792588595 -1 0 0
977.7392803275156 140.88013946837478 -1 0 0
895.9011184893538 143.94907053730583 -1 0 0
904.5964231846585 146.76225735049263 -1 0 0
962.6503692386045 119.3976219858573 -1 0 0
996.9200995083348 126.55846114669646 -1 0 0
738.3626569508923 260.5684511566864 -1 0 0
861.119899708135 179.49752208575737 -1 0 0
918.150868739104 215.8132064014417 -1 0 0
964.6963232845586 199.4455740338093 -1 0 0
943.4695500577855 181.79922038745565 -1 0 0
886.4385810268163 149.8311884194237 -1 0 0
921.4755440637792 152.64437523261054 -1 0 0
917.2557638439991 146.05896064719593 -1 0 0
943.085933674169 141.3276919159272 -1 0 0
960.6044151926505 140.4325870208223 -1 0 0
990.2068127950481 161.65936024759552 -1 0 0
