986.8724590753731 579.2394315524374 -1 0 0
787.82658751574 219.01924806619897 -1 0 0
580.8541104515199 265.6981471487677 -1 0 0
582.6155783414282 73.69814714876775 -1 0 0
681.2577801762905 89.55135815794205 -1 0 0
668.9275049469327 71.05594531390543 -1 0 0
175.71649577262093 190.8357618276668 -1 0 0
238.248605864364 166.17521136895118 -1 0 0
57.551358157942076 102.54218384601546 -1 0 0
100.26695448821734 97.2577801762907 -1 0 0
77.36787191940999 76.12016549739161 -1 0 0
99.82658751574027 61.5880554056485 -1 0 0
66.35869760748338 54.101816873538425 -1 0 0
175.5697067817953 46.17521136895127 -1 0 0
852.7073214606943 82.2853031120705 -1 0 0
892.7807159561072 52.780715956107194 -1 0 0
907.3128260478503 66.43209210289619 -1 0 0
877.551358157942 9.459615038676038 -1 0 0
785.7348443964742 79.36787191940996 -1 0 0
834.2853031120704 4.422917790969597 -1 0 0
986.762367332254 3.0880554056484915 -1 0 0
213.58805540564848 5.8816333872997415 -1 0 0
580.8541104515199 46.395394855189735 -1 0 0
1.4411436815529064 170.32408682536547 -1 0 0
266.85920388222183 2.083284149780215 -1 0 0
290.4043543838941 16.85251491901113 -1 0 0
