7.92202908560691 382.65392732435436 -1 0 0
48.50128544568525 304.5012854456851 -1 0 0
89.08054180576352 251.8985457196577 -1 0 0
98.09815433022531 112.1255515904991 -1 0 0
110.12163769617445 95.5932619623191 -1 0 0
168.73611910517644 110.6226161697555 -1 0 0
4.916158244119644 59.52281186447177 -1 0 0
65.03357507386525 12.931813821418972 -1 0 0
104.10989601319991 15.937684662906166 -1 0 0
149.1979586355091 18.943555504393505 -1 0 0
149.1979586355091 39.98465139480444 -1 0 0
182.2625378918692 36.97878055331724 -1 0 0
164.2273128429455 70.04335980967724 -1 0 0
191.28015041633105 61.02574728521537 -1 0 0
270.9357277157439 49.002263919266305 -1 0 0
261.918115191282 26.45823260811163 -1 0 0
239.3740838801275 30.967038870342567 -1 0 0
349.0883695944132 21.9494263458807 -1 0 0
367.12359464333696 5.417136717700701 -1 0 0
427.2410114730826 42.990522236291774 -1 0 0
261.918115191282 188.77525804842483 -1 0 0
322.0355320210278 179.75764552396296 -1 0 0
398.68523847895335 128.65784121867924 -1 0 0
445.2762365220062 265.4249645063504 -1 0 0
461.8085261501863 137.6754537431411 -1 0 0
494.8731054065463 112.1255515904991 -1 0 0
523.4288784006754 122.6460995357047 -1 0 0
574.5286827059592 85.07271401711364 -1 0 0
573.0257472852156 157.21361421280835 -1 0 0
615.1079390660375 65.5345535474463 -1 0 0
652.6813245846286 118.13729327347377 -1 0 0
675.2253558957831 164.72829131652657 -1 0 0
672.2194850542959 36.97878055331724 -1 0 0
711.2958059936304 59.52281186447177 -1 0 0
700.7752580484249 6.920072138444299 -1 0 0
807.4836729212235 36.97878055331724 -1 0 0
824.0159625494035 103.10793906603737 -1 0 0
781.9337707685817 116.63435785273003 -1 0 0
899.1627335865857 50.5051993400099 -1 0 0
948.7596024711256 91.08445570008817 -1 0 0
975.8124400445113 82.0668431756263 -1 0 0
992.3447296726912 38.48171597406084 -1 0 0
1014.8887609838459 118.13729327347377 -1 0 0
935.2331836844328 504.39169640458925 -1 0 0
702.2781934691687 753.8789762480335 -1 0 0
795.9829497016199 8.932782477539362 -1 0 0
835.7956587317202 1.2270968588103035 -1 0 0
843.9294379959342 5.508033313659789 -1 0 0
698.8056921765362 42.7521804708504 -1 0 0
1019.0197389992787 31.193652042756774 -1 0 0
423.9695717751985 276.2772640828906 -1 0 0
