578.23478482302 755.065953654189 -1 0 0
523.3776419658773 624.156862745098 -1 0 0
403.6893302775655 571.7932263814616 -1 0 0
224.15686274509795 475.79322638146164 -1 0 0
3.065953654188906 315.89712248535767 -1 0 0
1.8192004074356674 282.23478482302 -1 0 0
42.9620575502928 277.8711484593836 -1 0 0
63.5334861217214 321.50751209574724 -1 0 0
86.59842118665644 245.4555640437992 -1 0 0
134.59842118665645 250.44257703081215 -1 0 0
153.92309651133178 289.7153043035395 -1 0 0
171.37764196587725 290.96205755029274 -1 0 0
183.8451744334097 246.07894066717583 -1 0 0
216.26075884899413 241.09192768016288 -1 0 0
236.83218742042274 243.58543417366937 -1 0 0
257.4036159918513 237.97504456327974 -1 0 0
264.26075884899416 291.58543417366934 -1 0 0
256.7802393684746 310.28673287496804 -1 0 0
343.4295900178254 311.53348612172135 -1 0 0
350.2867328749682 304.0529666412018 -1 0 0
371.4815380697734 294.07894066717586 -1 0 0
374.59842118665654 262.9101094983447 -1 0 0
434.4425770308123 322.7542653425005 -1 0 0
479.3256939139292 314.0269926152278 -1 0 0
471.8451744334097 235.48153806977325 -1 0 0
435.68933027756555 241.09192768016288 -1 0 0
364.6243952126305 208.67634326457846 -1 0 0
349.0399796282149 210.5464731347083 -1 0 0
324.72829131652657 218.0269926152278 -1 0 0
324.10491469315 206.18283677107192 -1 0 0
312.26075884899416 201.8192004074356 -1 0 0
296.0529666412019 228.0010185892538 -1 0 0
124.00101858925386 127.16984975808494 -1 0 0
150.49452508276036 128.10491469314988 -1 0 0
155.79322638146164 134.3386809269161 -1 0 0
147.37764196587725 138.07894066717583 -1 0 0
165.14387573211104 160.20881079704597 -1 0 0
197.5594601476955 124.36465495289012 -1 0 0
206.91010949834484 133.7153043035395 -1 0 0
210.33868092691623 131.5334861217213 -1 0 0
225.29971988795518 134.3386809269161 -1 0 0
228.10491469315 127.16984975808494 -1 0 0
229.35166793990325 126.54647313470832 -1 0 0
240.26075884899413 129.66335625159144 -1 0 0
244.62439521263053 150.54647313470832 -1 0 0
253.03997962821492 156.46855105678623 -1 0 0
261.76725235548764 152.10491469314988 -1 0 0
275.16984975808504 157.09192768016285 -1 0 0
292.9360835243188 154.28673287496807 -1 0 0
263.32569391392923 129.66335625159144 -1 0 0
266.44257703081234 128.10491469314988 -1 0 0
256.78023936847467 129.3516679399031 -1 0 0
250.23478482302014 127.16984975808494 -1 0 0
284.2088107970461 129.97504456327974 -1 0 0
299.4815380697734 142.4425770308122 -1 0 0
302.91010949834487 177.97504456327985 -1 0 0
303.8451744334098 182.9620575502928 -1 0 0
307.5854341736695 193.2477718360071 -1 0 0
358.078940667176 182.9620575502928 -1 0 0
384.26075884899427 167.06595365418892 -1 0 0
368.05296664120203 194.18283677107206 -1 0 0
383.6373822256176 203.22179781003305 -1 0 0
417.6114081996436 181.71530430353957 -1 0 0
452.5204991087345 166.7542653425006 -1 0 0
464.98803157626696 168.93608352431878 -1 0 0
472.1568627450982 180.156862745098 -1 0 0
480.8841354723709 171.11790170613696 -1 0 0
458.75426534250073 163.63738222561747 -1 0 0
486.80621339444883 182.9620575502928 -1 0 0
492.10491469315014 159.27374586198113 -1 0 0
494.2867328749682 170.18283677107206 -1 0 0
499.2737458619811 159.58543417366943 -1 0 0
499.8971224853578 175.79322638146164 -1 0 0
504.8841354723708 173.92309651133178 -1 0 0
515.1698497580851 167.06595365418895 -1 0 0
518.2867328749682 167.06595365418895 -1 0 0
516.4166030048384 159.58543417366943 -1 0 0
520.4685510567864 183.27374586198115 -1 0 0
524.8321874204228 183.27374586198115 -1 0 0
536.3646549528903 179.5334861217214 -1 0 0
542.9101094983448 188.88413547237076 -1 0 0
547.8971224853578 178.59842118665648 -1 0 0
556.0010185892539 174.85816144639674 -1 0 0
551.014005602241 167.06595365418895 -1 0 0
551.014005602241 159.58543417366943 -1 0 0
569.4036159918513 164.88413547237076 -1 0 0
650.4425770308125 119.0659536541889 -1 0 0
651.6893302775655 104.72829131652657 -1 0 0
648.5724471606826 163.63738222561747 -1 0 0
643.5854341736695 171.11790170613696 -1 0 0
632.3646549528903 167.06595365418895 -1 0 0
613.3516679399032 178.59842118665648 -1 0 0
600.5724471606825 177.97504456327985 -1 0 0
646.7023172905526 183.27374586198115 -1 0 0
654.8062133944488 177.97504456327985 -1 0 0
647.9490705373059 173.61140819964345 -1 0 0
662.2867328749682 185.14387573211098 -1 0 0
656.0529666412019 246.5464731347084 -1 0 0
625.1958237840591 248.10491469314996 -1 0 0
572.2088107970461 230.33868092691617 -1 0 0
579.3776419658773 219.4295900178253 -1 0 0
566.5984211866565 209.14387573211098 -1 0 0
683.1698497580851 119.06595365418889 -1 0 0
699.3776419658772 101.61140819964342 -1 0 0
715.5854341736695 104.72829131652655 -1 0 0
719.3256939139292 104.72829131652655 -1 0 0
733.039979628215 168.00101858925382 -1 0 0
705.2997198879552 170.18283677107198 -1 0 0
683.7932263814616 182.02699261522784 -1 0 0
768.8841354723708 121.24777183600706 -1 0 0
769.195823784059 106.91010949834472 -1 0 0
760.156862745098 108.46855105678628 -1 0 0
781.3516679399032 126.54647313470835 -1 0 0
883.5854341736695 99.42959001782523 -1 0 0
885.4555640437993 94.75426534250057 -1 0 0
889.8192004074357 88.52049910873433 -1 0 0
883.5854341736695 90.3906289788642 -1 0 0
906.0269926152279 95.06595365418887 -1 0 0
912.8841354723708 97.24777183600706 -1 0 0
915.065953654189 97.24777183600706 -1 0 0
925.97504456328 98.4945250827603 -1 0 0
903.5334861217215 128.72829131652654 -1 0 0
835.8971224853578 112.52049910873434 -1 0 0
851.7932263814616 145.24777183600705 -1 0 0
926.5984211866565 132.15686274509795 -1 0 0
877.3516679399032 151.7932263814616 -1 0 0
841.8192004074357 151.7932263814616 -1 0 0
818.4425770308125 157.0919276801629 -1 0 0
791.014005602241 158.96205755029277 -1 0 0
784.4685510567864 157.7153043035395 -1 0 0
776.6763432645786 153.03997962821484 -1 0 0
767.3256939139292 151.7932263814616 -1 0 0
793.195823784059 170.80621339444863 -1 0 0
942.9101094983447 95.37764196587719 -1 0 0
960.3646549528903 103.169849758085 -1 0 0
971.8971224853578 98.80621339444863 -1 0 0
968.4685510567864 106.91010949834475 -1 0 0
973.1438757321112 115.01400560224083 -1 0 0
981.2477718360072 115.01400560224083 -1 0 0
1012.10491469315 103.169849758085 -1 0 0
1017.0919276801629 124.67634326457849 -1 0 0
1022.7023172905526 106.91010949834475 -1 0 0
975.9490705373058 94.44257703081227 -1 0 0
964.7282913165266 139.01400560224084 -1 0 0
952.2607588489941 125.29971988795513 -1 0 0
940.7282913165266 127.4815380697733 -1 0 0
935.4295900178253 159.89712248535773 -1 0 0
979.065953654189 160.83218742042263 -1 0 0
993.4036159918513 164.2607588489941 -1 0 0
1017.5075120957474 239.22179781003308 -1 0 0
760.6763432645786 234.85816144639674 -1 0 0
786.8581614463967 298.44257703081234 -1 0 0
835.4815380697735 312.156862745098 -1 0 0
878.4945250827603 342.7023172905526 -1 0 0
592.3646549528902 324.6243952126305 -1 0 0
557.4555640437993 337.7153043035396 -1 0 0
536.2607588489941 317.143875732111 -1 0 0
138.85920388222183 439.8090366581415 -1 0 0
791.2739196012855 222.97960522001432 -1 0 0
938.2170634139944 95.51472227687049 -1 0 0
949.775591842088 96.79900321332534 -1 0 0
886.4177323103154 121.73545806282367 -1 0 0
819.6886353203489 100.49131090563304 -1 0 0
878.1769296347301 97.65519050429536 -1 0 0
855.166896189914 115.2070299691783 -1 0 0
