385.2147139847674 466.66925943931295 -1 0 0
100.864300761627 437.47256522443683 -1 0 0
175.76016853022205 243.25107762113117 -1 0 0
208.76512720790802 234.365127207908 -1 0 0
298.89405282774266 202.62959001782534 -1 0 0
387.7535569599741 197.5519040674121 -1 0 0
452.4940528277427 384.156862745098 -1 0 0
559.1254577864203 409.5452924971642 -1 0 0
504.54033381947824 239.4428131583212 -1 0 0
437.26099497650307 184.8576891913791 -1 0 0
663.2180197698914 178.51058175336254 -1 0 0
680.9899205963376 307.99157348889975 -1 0 0
726.6890941500566 249.59818505914768 -1 0 0
783.8130610922055 278.7948792740237 -1 0 0
799.046118943445 189.9353751417923 -1 0 0
875.2114081996434 252.1370280343543 -1 0 0
941.2213255550154 382.8874412574948 -1 0 0
925.9882677037756 335.9188462161725 -1 0 0
873.9419867120401 215.32380489385847 -1 0 0
833.849424728569 108.05768919137898 -1 0 0
861.1419867120401 125.82959001782525 -1 0 0
900.4940528277426 95.68082968724676 -1 0 0
914.4576891913789 104.88413547237072 -1 0 0
874.4709123318748 77.27421811699884 -1 0 0
946.8279371252632 84.89074704261866 -1 0 0
965.5519040674121 72.83124291038725 -1 0 0
791.3238048938583 55.69405282774264 -1 0 0
804.6527305136931 61.406449521957505 -1 0 0
1001.2014908442716 41.889094150056735 -1 0 0
1017.3866148112138 3.1717387781559143 -1 0 0
991.6808296872468 5.7105817533625025 -1 0 0
949.7899205963377 25.703970183114578 -1 0 0
964.3882677037758 25.703970183114578 -1 0 0
914.2461189434453 46.01471398476746 -1 0 0
921.5452924971642 28.56016853022201 -1 0 0
915.8328958029492 21.26099497650302 -1 0 0
902.5039701831145 17.770085885593932 -1 0 0
855.5353751417923 34.58992059633772 -1 0 0
819.9915734888997 50.77504456327986 -1 0 0
840.9370280343542 27.608102414519546 -1 0 0
820.3089288608005 44.42793712526334 -1 0 0
822.2130610922055 22.847771836007144 -1 0 0
831.4163668773294 22.530416464106334 -1 0 0
808.8841354723708 10.153556959974095 -1 0 0
786.9866148112137 19.356862745098052 -1 0 0
775.2444660508833 23.79983795170961 -1 0 0
777.7833090260897 12.692399935180683 -1 0 0
746.5766974558418 22.21306109220549 -1 0 0
703.4163668773293 0.950251174850136 -1 0 0
701.8295900178251 19.674218116998862 -1 0 0
692.943639604602 14.913887538486497 -1 0 0
714.5238048938583 0.31554043104847995 -1 0 0
676.75851563766 16.81801976989143 -1 0 0
665.9684329930319 11.422978447577407 -1 0 0
654.5436396046022 8.566780100469973 -1 0 0
642.1667801004699 15.548598282288152 -1 0 0
638.0411602657591 24.751904067412113 -1 0 0
613.9221520012962 25.386614811213768 -1 0 0
602.4973586128666 1.267606546750946 -1 0 0
613.6047966293955 1.584961918651792 -1 0 0
542.8345486955112 2.854383406255068 -1 0 0
546.960168530222 5.7105817533625025 -1 0 0
484.44116026575904 61.40644952195747 -1 0 0
499.039507373197 71.56182142278394 -1 0 0
417.7965321665855 86.7948792740236 -1 0 0
471.74694538972597 1.74363960460209 -1 0 0
349.8824825798086 136.460994976503 -1 0 0
387.3304164641061 96.7915734888997 -1 0 0
346.70892886080037 114.56347431534597 -1 0 0
321.3204991087343 56.17008588559392 -1 0 0
306.0874412574946 49.18826770377574 -1 0 0
354.32545778642026 23.4824825798088 -1 0 0
372.73206935666815 48.87091233187491 -1 0 0
380.98330902608967 17.770085885593932 -1 0 0
370.19322638146156 0.950251174850136 -1 0 0
442.23289580294914 8.566780100469973 -1 0 0
433.9816561335277 1.267606546750946 -1 0 0
294.87421811699886 117.26099497650294 -1 0 0
253.6180197698914 114.0874412574947 -1 0 0
200.30231729055257 115.35686274509801 -1 0 0
200.30231729055257 91.23785448063516 -1 0 0
237.1155404310484 87.42959001782526 -1 0 0
259.9651272079079 84.25603629881698 -1 0 0
185.06925943931287 114.0874412574947 -1 0 0
132.38826770377568 86.7948792740236 -1 0 0
84.78496191865167 117.26099497650294 -1 0 0
96.84446605088307 104.5667801004699 -1 0 0
14.96678010046986 122.3386809269162 -1 0 0
1.0031437368334974 265.1485982822881 -1 0 0
60.66595365418888 95.68082968724676 -1 0 0
5.446118943445055 62.67587100956078 -1 0 0
66.37835034840376 82.98661481121367 -1 0 0
84.78496191865167 76.63950737319719 -1 0 0
94.94033381947814 84.89074704261867 -1 0 0
70.8213255550153 45.53868092691611 -1 0 0
54.318846216172325 24.59322638146157 -1 0 0
55.588267703775635 3.6477718360070224 -1 0 0
34.64281315832109 9.994879274023582 -1 0 0
35.91223464592441 16.34198671204007 -1 0 0
86.68909415005665 24.59322638146157 -1 0 0
125.40644952195748 9.360168530221891 -1 0 0
113.98165613352775 8.09074704261858 -1 0 0
135.5618214227839 6.186614811213646 -1 0 0
167.93206935666828 36.018019769891374 -1 0 0
168.5667801004699 13.803143736833519 -1 0 0
192.68578836493268 2.37835034840371 -1 0 0
266.94694538972607 45.53868092691611 -1 0 0
247.90562307567652 60.77173877815578 -1 0 0
286.6229784475774 18.246118943445076 -1 0 0
246.0014908442716 29.670912331874813 -1 0 0
232.03785448063522 9.360168530221891 -1 0 0
259.9651272079079 1.74363960460209 -1 0 0
267.58165613352776 2.37835034840371 -1 0 0
317.7238048938583 2.37835034840371 -1 0 0
97.69074704261871 0.6328958029492902 -1 0 0
111.01967266245342 1.584961918651792 -1 0 0
841.7833090260898 16.183309026089812 -1 0 0
