284.9275049469328 704.3036517359236 -1 0 0
542.1018168735382 528.156862745098 -1 0 0
689.1843856808778 356.413743479043 -1 0 0
733.221082928584 293.0008994423457 -1 0 0
845.0742939377584 319.42291779096956 -1 0 0
895.2761288001437 252.4871379744558 -1 0 0
786.9458535707859 143.27612880014388 -1 0 0
579.9733765065657 132.70732146069435 -1 0 0
513.9183306350062 104.52383522216219 -1 0 0
475.1660370570245 98.35869760748328 -1 0 0
454.0284223781254 71.05594531390543 -1 0 0
300.78071595610714 79.86328476344666 -1 0 0
274.3586976074833 90.43209210289619 -1 0 0
235.60640402950162 153.84493613959341 -1 0 0
173.9550278827126 130.94585357078608 -1 0 0
183.64310127720807 170.5788810937219 -1 0 0
62.982550818492506 226.0651196258319 -1 0 0
13.66144990106131 227.8265875157402 -1 0 0
10.138514121244775 89.55135815794205 -1 0 0
784.3036517359236 79.86328476344666 -1 0 0
830.1018168735382 86.02842237812557 -1 0 0
897.9183306350061 132.70732146069435 -1 0 0
917.2944774239969 143.27612880014388 -1 0 0
963.9733765065657 129.18438568087782 -1 0 0
978.9458535707859 81.62475265335496 -1 0 0
996.5605324698685 81.62475265335496 -1 0 0
1006.2486058643639 86.90915632307973 -1 0 0
994.7990645799601 149.4412664148228 -1 0 0
827.019248066199 61.91833063500633 -1 0 0
834.7256700845476 70.94585357078614 -1 0 0
799.2761288001439 55.53300953408888 -1 0 0
776.8174132038135 65.8816333872999 -1 0 0
841.551358157942 48.7073214606944 -1 0 0
835.8265875157401 56.41374347904302 -1 0 0
854.5421838460154 73.58805540564852 -1 0 0
897.2577801762907 65.00089944234577 -1 0 0
1020.7807159561071 25.588055405648536 -1 0 0
987.5697067817953 13.643101277208153 -1 0 0
1000.2302572405109 16.065119625832 -1 0 0
963.1293398093181 19.808238891887047 -1 0 0
932.85411045152 17.60640402950172 -1 0 0
909.6247526533549 15.95502788271273 -1 0 0
984.5192480661988 1.8426425616117967 -1 0 0
908.9642021946393 2.977963662529227 -1 0 0
935.110991185465 3.0880554056484915 -1 0 0
905.716495772621 70.56053246986868 -1 0 0
845.2394315524375 10.973376506565932 -1 0 0
857.6797985249146 9.432092102896208 -1 0 0
741.5605324698687 7.560532469868683 -1 0 0
760.4963122863825 6.349523295556752 -1 0 0
776.8449361395934 7.670624212987943 -1 0 0
706.8816333872999 23.744018708400795 -1 0 0
720.5880554056484 19.780715956107215 -1 0 0
643.9642021946393 12.679798524914553 -1 0 0
659.7073214606943 9.211908616657674 -1 0 0
624.2577801762907 15.762367332254005 -1 0 0
616.7853031120704 1.6499820111530805 -1 0 0
543.1476884331713 18.294477423997126 -1 0 0
557.7348443964742 27.87245907537328 -1 0 0
554.7073214606943 5.744018708400789 -1 0 0
574.85411045152 14.110991185465014 -1 0 0
547.4963122863824 48.10181687353843 -1 0 0
35.23943155243745 22.725670084547613 -1 0 0
53.29447742399709 31.092642561611843 -1 0 0
66.50548659830902 32.41374347904301 -1 0 0
93.14768843317138 23.386220543263192 -1 0 0
113.40456916711635 24.046771001978804 -1 0 0
370.2119086166577 57.62475265335489 -1 0 0
413.80823889188713 43.97337650656589 -1 0 0
331.01924806619905 58.94585357078611 -1 0 0
304.1568627450981 60.26695448821727 -1 0 0
52.5788810937219 14.05594531390538 -1 0 0
82.37704623133658 5.799064579960424 -1 0 0
152.23025724051095 15.762367332254001 -1 0 0
137.97337650656598 4.863284763446664 -1 0 0
124.59722971757516 7.340348983630145 -1 0 0
208.81741320381371 12.734844396474188 -1 0 0
258.8816333873 8.785303112070514 -1 0 0
245.7256700845477 3.6660370570246403 -1 0 0
289.8449361395936 7.065119625831982 -1 0 0
288.1935599928046 14.606404029501707 -1 0 0
308.8908076992266 6.734844396474184 -1 0 0
348.5788810937221 19.36787191940998 -1 0 0
433.34952329555693 9.817413203813643 -1 0 0
448.7623673322542 18.0742939377586 -1 0 0
984.0146609102359 2.8403489836301454 -1 0 0
