80.78023936847461 484.5204991087343 -1 0 0
194.23478482302008 467.06595365418895 -1 0 0
446.07894066717597 428.4166030048383 -1 0 0
443.58543417366946 379.79322638146164 -1 0 0
538.3386809269163 409.7153043035396 -1 0 0
857.5075120957475 681.5075120957474 -1 0 0
869.97504456328 652.8321874204228 -1 0 0
806.3906289788642 428.4166030048383 -1 0 0
877.4555640437993 309.9750445632797 -1 0 0
1020.8321874204227 221.45556404379923 -1 0 0
959.7412783295138 262.5984211866564 -1 0 0
938.5464731347085 217.7153043035395 -1 0 0
1002.130888719124 184.05296664120183 -1 0 0
883.6893302775655 145.40361599185118 -1 0 0
831.3256939139292 162.85816144639665 -1 0 0
800.156862745098 142.9101094983447 -1 0 0
767.7412783295138 139.16984975808495 -1 0 0
778.9620575502928 162.85816144639665 -1 0 0
751.5334861217214 247.63738222561747 -1 0 0
707.8971224853577 238.91010949834475 -1 0 0
699.1698497580852 222.7023172905525 -1 0 0
633.091927680163 166.5984211866564 -1 0 0
621.8711484593838 161.61140819964345 -1 0 0
540.8321874204227 157.87114845938365 -1 0 0
522.130888719124 142.9101094983447 -1 0 0
500.9360835243188 131.68933027756552 -1 0 0
483.48153806977336 121.71530430353953 -1 0 0
446.07894066717597 177.8192004074356 -1 0 0
384.9880315762668 217.7153043035395 -1 0 0
255.32569391392911 175.3256939139292 -1 0 0
197.97504456327985 187.79322638146164 -1 0 0
14.70231729055248 232.67634326457852 -1 0 0
85.97504456327984 243.58543417366948 -1 0 0
87.22179781003308 205.5594601476954 -1 0 0
99.06595365418895 199.94907053730583 -1 0 0
127.117901706137 186.85816144639674 -1 0 0
165.76725235548767 182.49452508276033 -1 0 0
168.8841354723708 168.78023936847464 -1 0 0
183.22179781003308 184.36465495289022 -1 0 0
166.39062897886424 158.80621339444863 -1 0 0
-0.05092946269420887 184.36465495289022 -1 0 0
20.520499108734356 172.52049910873438 -1 0 0
31.741278329513577 168.156862745098 -1 0 0
46.078940667175914 168.156862745098 -1 0 0
67.89712248535776 152.57244716068243 -1 0 0
82.85816144639672 146.9620575502928 -1 0 0
103.42959001782529 108.31270690094215 -1 0 0
128.36465495289022 135.74127832951362 -1 0 0
119.6373822256175 137.61140819964345 -1 0 0
137.091927680163 130.7542653425006 -1 0 0
144.57244716068243 131.37764196587722 -1 0 0
153.92309651133178 137.61140819964345 -1 0 0
186.3386809269162 80.26075884899412 -1 0 0
225.61140819964348 107.06595365418895 -1 0 0
228.7282913165266 80.26075884899412 -1 0 0
231.22179781003308 121.40361599185123 -1 0 0
254.9101094983448 113.92309651133178 -1 0 0
259.8971224853577 105.19582378405903 -1 0 0
269.2477718360072 92.10491469314994 -1 0 0
260.52049910873444 74.65036923860451 -1 0 0
250.5464731347084 91.48153806977334 -1 0 0
241.19582378405906 100.20881079704608 -1 0 0
190.70231729055257 39.117901706136976 -1 0 0
176.98803157626685 37.24777183600707 -1 0 0
173.87114845938373 32.26075884899411 -1 0 0
157.66335625159152 51.585434173669434 -1 0 0
158.9101094983448 39.74127832951361 -1 0 0
158.9101094983448 32.26075884899411 -1 0 0
148.9360835243188 34.13088871912395 -1 0 0
153.92309651133178 22.286732874968127 -1 0 0
137.091927680163 29.76725235548763 -1 0 0
124.0010185892539 28.520499108734356 -1 0 0
108.41660300483828 38.49452508276034 -1 0 0
108.41660300483828 31.014005602240836 -1 0 0
100.31270690094217 29.76725235548763 -1 0 0
82.23478482302009 32.884135472370744 -1 0 0
73.50751209574734 36.624395212630496 -1 0 0
71.63738222561751 50.33868092691616 -1 0 0
75.37764196587723 55.325693913929186 -1 0 0
58.54647313470841 49.715304303539526 -1 0 0
59.79322638146165 70.28673287496812 -1 0 0
40.468551056786325 35.377641965877224 -1 0 0
36.104914693149965 52.20881079704608 -1 0 0
31.117901706136976 51.585434173669434 -1 0 0
6.806213394448658 79.01400560224084 -1 0 0
186.3386809269162 25.403615991851243 -1 0 0
193.19582378405906 24.156862745097968 -1 0 0
189.4555640437993 19.16984975808501 -1 0 0
199.4295900178253 36.624395212630496 -1 0 0
207.53348612172144 27.89712248535772 -1 0 0
211.89712248535776 34.13088871912395 -1 0 0
223.74127832951365 31.014005602240836 -1 0 0
224.98803157626685 25.403615991851243 -1 0 0
227.48153806977334 19.16984975808501 -1 0 0
232.46855105678637 19.16984975808501 -1 0 0
251.16984975808504 25.403615991851243 -1 0 0
258.02699261522787 26.650369238604515 -1 0 0
257.4036159918513 21.03997962821485 -1 0 0
286.70231729055257 22.286732874968127 -1 0 0
245.2477718360071 35.845174433409646 -1 0 0
255.84517443340968 12.156862745097932 -1 0 0
277.9750445632798 11.84517443340965 -1 0 0
281.71530430353954 10.910109498344694 -1 0 0
288.2607588489941 9.975044563279774 -1 0 0
298.2347848230201 7.48153806977326 -1 0 0
298.8581614463967 3.4295900178252245 -1 0 0
307.58543417366946 8.416603004838215 -1 0 0
308.8321874204227 15.273745861981082 -1 0 0
300.7282913165266 23.06595365418887 -1 0 0
296.3646549528902 23.06595365418887 -1 0 0
319.7412783295136 48.31270690094211 -1 0 0
320.36465495289025 41.76725235548756 -1 0 0
323.48153806977336 24.31270690094211 -1 0 0
321.9230965113318 17.143875732110924 -1 0 0
324.4166030048383 9.039979628214818 -1 0 0
322.5464731347084 6.8581614463966565 -1 0 0
332.20881079704606 8.728291316526533 -1 0 0
332.8321874204227 14.338680926916124 -1 0 0
343.7412783295136 19.949070537305758 -1 0 0
336.88413547237076 6.2347848230200205 -1 0 0
344.6763432645785 6.2347848230200205 -1 0 0
341.24777183600713 6.8581614463966565 -1 0 0
351.22179781003314 3.1179017061369056 -1 0 0
351.8451744334097 9.663356251591454 -1 0 0
360.2607588489941 20.57244716068236 -1 0 0
358.7023172905526 14.962057550292766 -1 0 0
357.7672523554877 12.156862745097932 -1 0 0
365.5594601476954 9.663356251591454 -1 0 0
369.9230965113318 9.663356251591454 -1 0 0
368.9880315762669 6.2347848230200205 -1 0 0
377.4036159918513 10.910109498344694 -1 0 0
375.8451744334097 4.052966641201826 -1 0 0
379.8971224853578 1.871148459383667 -1 0 0
383.63738222561756 5.6114081996433836 -1 0 0
392.9880315762669 6.2347848230200205 -1 0 0
394.54647313470844 11.221797810033012 -1 0 0
398.2867328749682 4.676343264578462 -1 0 0
400.156862745098 11.221797810033012 -1 0 0
402.96205755029285 15.585434173669366 -1 0 0
389.24777183600713 28.364654952890174 -1 0 0
387.065953654189 19.32569391392912 -1 0 0
370.23478482302016 34.598421186656395 -1 0 0
383.63738222561756 33.03997962821484 -1 0 0
387.065953654189 33.66335625159145 -1 0 0
419.1698497580851 3.4295900178252245 -1 0 0
416.052966641202 -0.3106697224345279 -1 0 0
413.55946014769546 11.221797810033012 -1 0 0
418.54647313470844 15.273745861981082 -1 0 0
423.22179781003314 14.962057550292766 -1 0 0
425.7153043035396 6.2347848230200205 -1 0 0
424.4685510567864 21.507512095747312 -1 0 0
423.84517443340974 30.23478482302002 -1 0 0
408.5724471606825 21.819200407435595 -1 0 0
421.3516679399033 36.46855105678627 -1 0 0
428.8321874204227 29.92309651133174 -1 0 0
410.44257703081234 39.58543417366939 -1 0 0
405.14387573211104 41.76725235548756 -1 0 0
393.9230965113318 48.93608352431875 -1 0 0
394.23478482302016 14.026992615227808 -1 0 0
405.7672523554877 53.61140819964341 -1 0 0
382.07894066717597 42.702317290552514 -1 0 0
354.9620575502928 43.014005602240815 -1 0 0
349.66335625159155 38.026992615227826 -1 0 0
340.31270690094215 34.91010949834471 -1 0 0
328.7802393684746 43.014005602240815 -1 0 0
333.143875732111 53.2997198879551 -1 0 0
333.45556404379937 61.091927680162904 -1 0 0
340.0010185892539 62.96205755029276 -1 0 0
335.0140056022409 48.93608352431875 -1 0 0
348.4166030048383 82.91010949834472 -1 0 0
351.5334861217214 72.31270690094213 -1 0 0
359.0140056022409 66.70231729055251 -1 0 0
360.2607588489941 58.59842118665641 -1 0 0
366.80621339444866 53.2997198879551 -1 0 0
388.3127069009422 72.31270690094213 -1 0 0
377.7153043035396 61.091927680162904 -1 0 0
387.68933027756555 60.15686274509797 -1 0 0
414.80621339444866 69.81920040743563 -1 0 0
419.48153806977336 73.55946014769539 -1 0 0
426.33868092691625 65.45556404379927 -1 0 0
394.54647313470844 112.52049910873436 -1 0 0
371.48153806977336 106.91010949834475 -1 0 0
318.18283677107206 61.40361599185122 -1 0 0
310.39062897886424 57.97504456327977 -1 0 0
299.4815380697733 61.091927680162904 -1 0 0
294.18283677107206 60.46855105678629 -1 0 0
303.5334861217214 79.48153806977328 -1 0 0
294.80621339444866 85.09192768016291 -1 0 0
283.58543417366946 86.33868092691615 -1 0 0
287.9490705373058 82.91010949834472 -1 0 0
299.16984975808504 113.7672523554876 -1 0 0
298.8581614463967 103.169849758085 -1 0 0
312.88413547237076 115.63738222561747 -1 0 0
319.7412783295136 101.61140819964344 -1 0 0
332.52049910873444 114.70231729055253 -1 0 0
322.5464731347084 87.2737458619811 -1 0 0
320.98803157626685 71.37764196587719 -1 0 0
334.0789406671759 73.24777183600706 -1 0 0
613.3516679399032 126.85816144639672 -1 0 0
613.9750445632799 111.89712248535776 -1 0 0
615.8451744334097 106.59842118665647 -1 0 0
602.7542653425006 107.22179781003308 -1 0 0
579.3776419658773 91.32569391392919 -1 0 0
578.4425770308123 78.85816144639671 -1 0 0
580.0010185892539 74.49452508276036 -1 0 0
562.8581614463968 76.36465495289023 -1 0 0
581.2477718360072 63.27374586198115 -1 0 0
570.3386809269163 64.20881079704607 -1 0 0
593.091927680163 47.689330277565546 -1 0 0
586.2347848230202 44.884135472370744 -1 0 0
603.6893302775657 42.39062897886425 -1 0 0
620.2088107970461 47.065953654188924 -1 0 0
615.5334861217215 42.70231729055255 -1 0 0
623.3256939139293 39.27374586198113 -1 0 0
614.5984211866565 34.91010949834477 -1 0 0
621.7672523554877 58.598421186656445 -1 0 0
639.8451744334099 65.45556404379931 -1 0 0
636.4166030048383 93.50751209574736 -1 0 0
623.3256939139293 90.07894066717593 -1 0 0
640.4685510567864 122.49452508276036 -1 0 0
638.5984211866565 75.74127832951362 -1 0 0
632.0529666412019 37.40361599185126 -1 0 0
639.2217978100332 36.78023936847464 -1 0 0
636.10491469315 29.299719887955177 -1 0 0
640.1568627450981 22.754265342500624 -1 0 0
636.4166030048383 20.57244716068243 -1 0 0
640.1568627450981 14.02699261522788 -1 0 0
637.3516679399032 7.48153806977333 -1 0 0
639.8451744334099 5.299719887955172 -1 0 0
631.117901706137 18.390628978864232 -1 0 0
634.2347848230202 14.02699261522788 -1 0 0
631.7412783295136 9.663356251591525 -1 0 0
631.4295900178254 5.299719887955172 -1 0 0
627.6893302775657 11.221797810033083 -1 0 0
633.6114081996435 24.00101858925386 -1 0 0
629.8711484593838 34.286732874968145 -1 0 0
626.7542653425007 25.871148459383736 -1 0 0
621.143875732111 31.48153806977333 -1 0 0
615.2217978100332 25.871148459383736 -1 0 0
626.1308887191241 21.507512095747384 -1 0 0
624.5724471606825 14.02699261522788 -1 0 0
621.143875732111 15.585434173669437 -1 0 0
616.4685510567864 19.32569391392919 -1 0 0
613.039979628215 14.962057550292835 -1 0 0
623.3256939139293 8.416603004838286 -1 0 0
626.4425770308123 4.052966641201897 -1 0 0
624.2607588489942 1.2477718360071008 -1 0 0
620.2088107970461 4.364654952890216 -1 0 0
613.6633562515916 3.117901706136977 -1 0 0
606.4945250827604 9.663356251591525 -1 0 0
606.8062133944487 3.117901706136977 -1 0 0
604.0010185892539 0.9360835243187822 -1 0 0
603.6893302775657 17.143875732110995 -1 0 0
600.2607588489942 12.780239368474641 -1 0 0
604.6243952126306 23.06595365418894 -1 0 0
602.4425770308123 29.923096511331774 -1 0 0
594.6503692386045 24.31270690094218 -1 0 0
596.5204991087344 37.09192768016296 -1 0 0
587.4815380697735 33.975044563279845 -1 0 0
580.9360835243189 34.91010949834477 -1 0 0
575.3256939139293 43.325693913929186 -1 0 0
545.7153043035397 106.59842118665647 -1 0 0
513.6114081996435 105.97504456327984 -1 0 0
512.0529666412019 92.26075884899413 -1 0 0
511.7412783295136 83.8451744334097 -1 0 0
511.11790170613705 74.18283677107203 -1 0 0
487.7412783295136 85.09192768016295 -1 0 0
476.52049910873444 89.45556404379931 -1 0 0
454.39062897886424 136.20881079704608 -1 0 0
440.36465495289025 145.87114845938376 -1 0 0
435.3776419658772 120.31270690094217 -1 0 0
447.84517443340974 79.79322638146165 -1 0 0
440.6763432645785 74.18283677107203 -1 0 0
435.06595365418895 60.156862745098 -1 0 0
448.78023936847467 49.247771836007104 -1 0 0
445.3516679399033 27.117901706136976 -1 0 0
450.6503692386046 34.286732874968145 -1 0 0
456.2607588489941 41.14387573211099 -1 0 0
458.130888719124 61.09192768016296 -1 0 0
470.2867328749682 49.55946014769542 -1 0 0
479.9490705373059 52.676343264578534 -1 0 0
480.8841354723708 67.6373822256175 -1 0 0
498.96205755029285 50.18283677107204 -1 0 0
489.29971988795523 49.87114845938374 -1 0 0
500.83218742042277 43.94907053730581 -1 0 0
500.20881079704606 38.3386809269162 -1 0 0
498.0269926152279 32.104914693149965 -1 0 0
487.4295900178253 35.8451744334097 -1 0 0
488.052966641202 28.0529666412019 -1 0 0
479.63738222561756 28.364654952890216 -1 0 0
474.33868092691625 38.3386809269162 -1 0 0
467.1698497580851 42.39062897886425 -1 0 0
462.1828367710721 36.156862745098 -1 0 0
465.29971988795523 26.49452508276034 -1 0 0
458.4425770308123 26.49452508276034 -1 0 0
453.143875732111 25.2477718360071 -1 0 0
453.45556404379937 29.299719887955177 -1 0 0
451.2737458619811 20.884135472370748 -1 0 0
445.0399796282149 19.32569391392919 -1 0 0
542.2867328749682 70.13088871912399 -1 0 0
527.3256939139292 81.66335625159152 -1 0 0
533.5594601476955 58.91010949834475 -1 0 0
515.4815380697735 50.18283677107204 -1 0 0
513.2997198879552 34.91010949834477 -1 0 0
518.9101094983448 35.22179781003308 -1 0 0
535.7412783295136 43.94907053730581 -1 0 0
542.9101094983448 42.39062897886425 -1 0 0
545.0919276801629 35.8451744334097 -1 0 0
549.4555640437993 37.09192768016296 -1 0 0
552.8841354723708 29.611408199643453 -1 0 0
550.078940667176 27.117901706136976 -1 0 0
541.039979628215 33.03997962821489 -1 0 0
537.2997198879552 25.871148459383736 -1 0 0
532.9360835243189 30.234784823020092 -1 0 0
525.143875732111 26.182836771072058 -1 0 0
513.6114081996435 24.936083524318782 -1 0 0
500.20881079704606 25.871148459383736 -1 0 0
503.3256939139292 17.455564043799313 -1 0 0
497.4036159918513 17.143875732110995 -1 0 0
492.10491469315 17.143875732110995 -1 0 0
485.5594601476954 16.52049910873439 -1 0 0
483.3776419658773 12.780239368474641 -1 0 0
476.20881079704606 19.949070537305825 -1 0 0
475.5854341736695 16.208810797046073 -1 0 0
465.29971988795523 14.338680926916199 -1 0 0
461.8711484593838 10.598421186656445 -1 0 0
452.8321874204227 14.962057550292835 -1 0 0
448.156862745098 11.845174433409685 -1 0 0
441.9230965113318 7.48153806977333 -1 0 0
438.4945250827604 7.48153806977333 -1 0 0
435.06595365418895 7.48153806977333 -1 0 0
432.5724471606825 15.273745861981121 -1 0 0
435.06595365418895 23.689330277565542 -1 0 0
449.09192768016294 4.364654952890216 -1 0 0
443.79322638146164 3.117901706136977 -1 0 0
456.8841354723708 5.299719887955172 -1 0 0
474.02699261522787 10.598421186656445 -1 0 0
472.78023936847467 6.54647313470841 -1 0 0
476.20881079704606 4.676343264578534 -1 0 0
481.1958237840591 4.052966641201897 -1 0 0
482.7542653425007 1.2477718360071008 -1 0 0
487.11790170613705 2.182836771072057 -1 0 0
487.11790170613705 8.416603004838286 -1 0 0
495.53348612172147 5.299719887955172 -1 0 0
490.54647313470844 7.48153806977333 -1 0 0
501.14387573211104 9.663356251591525 -1 0 0
505.81920040743574 9.663356251591525 -1 0 0
504.8841354723708 2.182836771072057 -1 0 0
513.2997198879552 3.117901706136977 -1 0 0
511.7412783295136 6.234784823020092 -1 0 0
518.9101094983448 4.364654952890216 -1 0 0
513.6114081996435 17.143875732110995 -1 0 0
526.7023172905526 14.962057550292835 -1 0 0
522.9620575502929 17.76725235548763 -1 0 0
525.7672523554877 10.598421186656445 -1 0 0
525.143875732111 3.4295900178252956 -1 0 0
535.4295900178254 5.299719887955172 -1 0 0
531.065953654189 4.364654952890216 -1 0 0
532.6243952126305 11.845174433409685 -1 0 0
539.4815380697735 9.039979628214889 -1 0 0
544.4685510567864 13.091927680162959 -1 0 0
545.0919276801629 11.221797810033083 -1 0 0
552.5724471606825 15.585434173669437 -1 0 0
552.8841354723708 10.910109498344765 -1 0 0
559.4295900178254 14.962057550292835 -1 0 0
557.5594601476955 23.06595365418894 -1 0 0
554.7542653425006 17.455564043799313 -1 0 0
566.5984211866565 25.871148459383736 -1 0 0
558.4945250827604 30.85816144639673 -1 0 0
570.3386809269163 28.364654952890216 -1 0 0
576.8841354723708 22.754265342500624 -1 0 0
568.156862745098 17.143875732110995 -1 0 0
574.0789406671761 10.598421186656445 -1 0 0
566.2867328749682 4.052966641201897 -1 0 0
561.9230965113318 9.039979628214889 -1 0 0
560.6763432645786 7.48153806977333 -1 0 0
560.0529666412019 3.117901706136977 -1 0 0
548.2088107970461 1.2477718360071008 -1 0 0
541.6633562515916 1.2477718360071008 -1 0 0
574.7023172905526 0.9360835243187822 -1 0 0
578.4425770308123 0.9360835243187822 -1 0 0
574.3906289788642 5.299719887955172 -1 0 0
590.9101094983448 2.182836771072057 -1 0 0
584.3646549528903 0.9360835243187822 -1 0 0
587.7932263814617 7.48153806977333 -1 0 0
584.6763432645786 14.338680926916199 -1 0 0
594.6503692386045 11.221797810033083 -1 0 0
593.7153043035397 28.676343264578534 -1 0 0
582.8062133944487 21.507512095747384 -1 0 0
583.117901706137 14.02699261522788 -1 0 0
578.4425770308123 15.273745861981121 -1 0 0
592.4685510567864 32.72829131652659 -1 0 0
650.5464731347085 43.01400560224087 -1 0 0
651.7932263814617 31.79322638146165 -1 0 0
646.1828367710722 27.117901706136976 -1 0 0
647.7412783295138 20.884135472370748 -1 0 0
653.6633562515916 21.507512095747384 -1 0 0
657.0919276801629 28.0529666412019 -1 0 0
663.9490705373059 15.273745861981121 -1 0 0
666.1308887191241 12.780239368474641 -1 0 0
658.3386809269163 3.117901706136977 -1 0 0
652.4166030048383 1.8711484593837382 -1 0 0
648.0529666412019 4.052966641201897 -1 0 0
644.0010185892539 9.039979628214889 -1 0 0
641.8192004074357 5.299719887955172 -1 0 0
649.2997198879552 10.910109498344765 -1 0 0
649.2997198879552 7.79322638146165 -1 0 0
652.10491469315 14.02699261522788 -1 0 0
648.6763432645787 16.208810797046073 -1 0 0
677.6633562515916 0.0010185892538620643 -1 0 0
676.10491469315 2.182836771072057 -1 0 0
657.0919276801629 9.975044563279845 -1 0 0
655.5334861217215 5.611408199643455 -1 0 0
668.3127069009423 3.4295900178252956 -1 0 0
663.9490705373059 4.676343264578534 -1 0 0
680.7802393684748 48.93608352431878 -1 0 0
672.3646549528903 45.195823784059066 -1 0 0
663.6373822256176 48.00101858925386 -1 0 0
655.8451744334099 47.065953654188924 -1 0 0
658.026992615228 62.650369238604505 -1 0 0
647.117901706137 55.79322638146165 -1 0 0
640.5724471606825 53.92309651133177 -1 0 0
692.3127069009423 73.2477718360071 -1 0 0
656.4685510567864 99.42959001782529 -1 0 0
658.6503692386045 115.32569391392919 -1 0 0
650.2347848230202 121.24777183600712 -1 0 0
684.2088107970462 120.00101858925386 -1 0 0
696.9880315762668 112.52049910873437 -1 0 0
720.9880315762668 90.70231729055257 -1 0 0
720.6763432645787 126.85816144639672 -1 0 0
736.5724471606826 73.2477718360071 -1 0 0
725.97504456328 67.6373822256175 -1 0 0
718.4945250827604 58.598421186656445 -1 0 0
713.5075120957475 57.66335625159152 -1 0 0
701.6633562515916 54.85816144639673 -1 0 0
699.4815380697735 62.650369238604505 -1 0 0
695.4295900178254 61.09192768016296 -1 0 0
696.0529666412019 47.689330277565546 -1 0 0
715.3776419658774 46.13088871912399 -1 0 0
716.3127069009423 37.09192768016296 -1 0 0
728.7802393684748 38.3386809269162 -1 0 0
727.2217978100331 48.00101858925386 -1 0 0
748.4166030048383 47.689330277565546 -1 0 0
744.3646549528903 44.884135472370744 -1 0 0
765.5594601476955 39.27374586198113 -1 0 0
773.0399796282151 61.09192768016296 -1 0 0
775.2217978100331 51.4295900178253 -1 0 0
778.9620575502929 52.676343264578534 -1 0 0
787.6893302775657 35.8451744334097 -1 0 0
783.014005602241 78.5464731347084 -1 0 0
801.7153043035397 68.88413547237074 -1 0 0
803.2737458619813 42.39062897886425 -1 0 0
812.3127069009423 53.29971988795517 -1 0 0
797.3516679399032 51.117901706136976 -1 0 0
815.7412783295138 61.40361599185127 -1 0 0
830.0789406671761 66.39062897886426 -1 0 0
824.4685510567865 76.67634326457853 -1 0 0
815.7412783295138 74.18283677107203 -1 0 0
823.5334861217216 88.52049910873437 -1 0 0
831.3256939139293 87.58543417366946 -1 0 0
851.8971224853578 108.78023936847464 -1 0 0
853.4555640437994 129.97504456327985 -1 0 0
804.5204991087344 128.7282913165266 -1 0 0
846.5984211866567 55.48153806977333 -1 0 0
836.936083524319 48.00101858925386 -1 0 0
839.7412783295138 42.39062897886425 -1 0 0
841.9230965113319 35.8451744334097 -1 0 0
826.026992615228 38.3386809269162 -1 0 0
824.4685510567865 33.66335625159152 -1 0 0
849.4036159918514 42.39062897886425 -1 0 0
847.5334861217214 47.065953654188924 -1 0 0
852.2088107970461 38.026992615227876 -1 0 0
858.7542653425006 42.70231729055255 -1 0 0
870.2867328749682 40.20881079704608 -1 0 0
879.9490705373059 43.94907053730581 -1 0 0
889.9230965113318 38.026992615227876 -1 0 0
895.8451744334099 47.377641965877224 -1 0 0
889.9230965113318 43.63738222561751 -1 0 0
890.2347848230202 54.85816144639673 -1 0 0
884.6243952126305 53.29971988795517 -1 0 0
870.9101094983448 51.117901706136976 -1 0 0
862.8062133944487 53.61140819964346 -1 0 0
862.4945250827603 60.78023936847463 -1 0 0
898.6503692386045 71.37764196587722 -1 0 0
889.6114081996434 66.70231729055256 -1 0 0
874.3386809269163 76.36465495289023 -1 0 0
879.3256939139292 70.13088871912399 -1 0 0
867.1698497580851 78.5464731347084 -1 0 0
863.4295900178253 70.13088871912399 -1 0 0
836.0010185892538 56.104914693149965 -1 0 0
909.5594601476954 60.78023936847463 -1 0 0
932.3127069009423 57.66335625159152 -1 0 0
925.1438757321109 60.78023936847463 -1 0 0
917.9750445632799 68.57244716068243 -1 0 0
932.0010185892539 76.67634326457853 -1 0 0
922.6503692386045 72.9360835243188 -1 0 0
952.2607588489941 66.70231729055256 -1 0 0
944.4685510567864 66.70231729055256 -1 0 0
961.9230965113318 68.88413547237074 -1 0 0
936.6763432645786 88.52049910873437 -1 0 0
927.3256939139292 119.68933027756556 -1 0 0
939.7932263814616 117.50751209574736 -1 0 0
941.039979628215 137.143875732111 -1 0 0
957.8711484593838 105.97504456327984 -1 0 0
980.9360835243189 77.92309651133179 -1 0 0
989.3516679399032 79.79322638146165 -1 0 0
994.3386809269163 95.68933027756555 -1 0 0
1006.4945250827603 106.59842118665647 -1 0 0
1014.5984211866565 93.50751209574736 -1 0 0
1017.7153043035397 72.00101858925386 -1 0 0
1018.0269926152279 64.20881079704607 -1 0 0
1004.9360835243189 64.52049910873438 -1 0 0
977.5075120957474 63.27374586198115 -1 0 0
1023.014005602241 80.72829131652658 -1 0 0
1023.9490705373058 66.70231729055256 -1 0 0
1019.8971224853577 122.49452508276036 -1 0 0
1021.7672523554877 136.52049910873438 -1 0 0
983.7412783295136 142.44257703081232 -1 0 0
960.3646549528903 150.85816144639674 -1 0 0
882.130888719124 119.68933027756556 -1 0 0
871.5334861217215 96.00101858925386 -1 0 0
903.6373822256176 92.88413547237074 -1 0 0
897.7153043035397 84.15686274509802 -1 0 0
902.0789406671761 55.79322638146165 -1 0 0
725.9590605472958 506.40261699085227 -1 0 0
168.18361859794086 90.2705751196799 -1 0 0
82.56488950095094 94.76555839727187 -1 0 0
72.39766542068331 29.69532428355957 -1 0 0
77.10669552101776 30.551511574529464 -1 0 0
148.81238113974683 55.91606006951274 -1 0 0
241.28060856449605 25.68194635713817 -1 0 0
232.8792707718539 27.982949701619773 -1 0 0
281.4143878287101 109.32074234376026 -1 0 0
288.15686274509807 104.71873565479704 -1 0 0
319.7287690996132 191.30067545412803 -1 0 0
265.57492294576707 13.802347694930818 -1 0 0
267.50134435044936 12.865892845432494 -1 0 0
285.1602072267035 8.986294183225112 -1 0 0
290.40435438389414 4.919404551118087 -1 0 0
288.1568627450981 3.849170437405715 -1 0 0
291.90268214309145 8.023083480883972 -1 0 0
293.936126959145 7.487966424027785 -1 0 0
286.76555839727206 14.97960522001442 -1 0 0
329.14682930028215 4.812381139746856 -1 0 0
345.62843465145266 70.41773231031542 -1 0 0
393.78896976850956 26.645157059479303 -1 0 0
372.81238113974706 27.287297527706727 -1 0 0
376.98629418322525 24.718735654797026 -1 0 0
364.78562528690424 24.0765951865696 -1 0 0
362.3240868253658 15.08662863138565 -1 0 0
355.9026821430915 6.524755721686661 -1 0 0
331.1802741163357 19.47458849760639 -1 0 0
368.85251491901124 2.0030165912518862 -1 0 0
386.08328414978047 7.80903665814151 -1 0 0
403.6351236146634 8.986294183225112 -1 0 0
400.21037445078383 22.792314250114753 -1 0 0
414.5515115745296 2.3508426782083878 -1 0 0
411.01973899927884 5.56154501934552 -1 0 0
430.6050232802152 8.237130303626449 -1 0 0
411.2337858220213 28.785625286904054 -1 0 0
407.1668961899142 27.822414584562924 -1 0 0
443.554856056135 22.471244016001044 -1 0 0
470.8458259558006 18.51137779526525 -1 0 0
462.1769296347303 17.013050036067934 -1 0 0
467.95619384877716 7.594989835399033 -1 0 0
468.17024067151965 3.1000065578070517 -1 0 0
334.81907010295777 69.24047478523181 -1 0 0
509.1602072267035 3.1000065578070517 -1 0 0
512.5849563905832 14.230441340415757 -1 0 0
517.0799396681751 11.233785822021103 -1 0 0
507.01973899927884 13.90937110630203 -1 0 0
469.56154501934566 27.501344350449205 -1 0 0
465.92274903272363 18.40435438389402 -1 0 0
440.0230834808841 26.966227293593008 -1 0 0
451.79565873172027 8.986294183225112 -1 0 0
455.3274313069711 4.063217260148193 -1 0 0
429.21371893238916 22.578267427372275 -1 0 0
467.10000655780715 118.41773231031544 -1 0 0
