13.933770768581512 672.720463527877 -1 0 0
191.28015041633105 579.5384674417712 -1 0 0
281.45627566094936 528.4386631364875 -1 0 0
243.88289014235843 468.32124630674184 -1 0 0
198.79482752004924 430.7478607881509 -1 0 0
287.46801734392403 409.7067648977399 -1 0 0
242.37995472161484 369.12750853766164 -1 0 0
284.4621465024367 357.1040251717125 -1 0 0
428.7439468938262 322.53651049460876 -1 0 0
344.5795633321823 301.49541460419783 -1 0 0
377.6441425885424 262.41909366486317 -1 0 0
362.61478838110605 220.33690188404128 -1 0 0
322.0355320210278 199.2958059936303 -1 0 0
332.55607996623326 175.24883926173203 -1 0 0
287.46801734392403 154.2077433713211 -1 0 0
251.39756724607656 188.77525804842483 -1 0 0
242.37995472161484 221.8398373047849 -1 0 0
201.80069836153652 223.34277272552856 -1 0 0
225.84766509343478 256.4073519818886 -1 0 0
179.2566670503819 277.44844787229954 -1 0 0
149.1979586355091 309.01009170791605 -1 0 0
51.50715628717251 330.051187598327 -1 0 0
31.968995817505178 306.0042208664288 -1 0 0
9.424964506350578 343.57760638501975 -1 0 0
81.56586470204532 372.1333793791489 -1 0 0
37.98073750047971 510.40343808756376 -1 0 0
458.802655308699 573.5267257587967 -1 0 0
557.9963930777792 564.5091132343348 -1 0 0
610.5991328038066 735.8437511991098 -1 0 0
814.9983500249416 738.8496220405971 -1 0 0
974.3095046237675 532.9474693987183 -1 0 0
851.068800122789 370.6304439584053 -1 0 0
703.7811288899123 405.19795863550894 -1 0 0
583.546295230421 354.0981543302252 -1 0 0
536.9552971873683 259.4132228233759 -1 0 0
476.83788035762274 248.89267487817042 -1 0 0
479.84375119910993 230.8574498292467 -1 0 0
428.7439468938262 206.8104830973485 -1 0 0
422.73220521085165 127.15490579793557 -1 0 0
383.655884271517 175.24883926173203 -1 0 0
392.67349679597885 206.8104830973485 -1 0 0
454.29384904646804 133.16664748091017 -1 0 0
478.34081577836633 154.2077433713211 -1 0 0
494.8731054065463 151.20187252983374 -1 0 0
564.0081347607537 200.7987414143739 -1 0 0
576.0316181267028 154.2077433713211 -1 0 0
652.6813245846286 214.3251602010667 -1 0 0
687.2488392617323 224.84570814627216 -1 0 0
646.6695829016539 143.68719542611564 -1 0 0
630.1372932734739 157.21361421280835 -1 0 0
646.6695829016539 118.13729327347377 -1 0 0
627.1314224319867 116.63435785273003 -1 0 0
580.5404243889337 110.6226161697555 -1 0 0
561.0022639192664 85.07271401711364 -1 0 0
585.0492306511646 74.55216607190818 -1 0 0
598.5756494378575 53.511070181497246 -1 0 0
733.8398373047851 85.07271401711364 -1 0 0
702.2781934691687 85.07271401711364 -1 0 0
666.2077433713213 97.09619738306286 -1 0 0
789.4484478722998 55.01400560224084 -1 0 0
760.8926748781706 38.48171597406084 -1 0 0
753.3779977744524 59.52281186447177 -1 0 0
938.23905452592 227.8515789877595 -1 0 0
975.8124400445113 238.37212693296496 -1 0 0
1016.3916964045894 375.13925022063614 -1 0 0
944.2507962088947 140.6813245846283 -1 0 0
926.215571159971 164.72829131652657 -1 0 0
944.2507962088947 106.11380990752457 -1 0 0
936.7361191051766 76.05510149265177 -1 0 0
899.1627335865857 106.11380990752457 -1 0 0
990.8417942519475 76.05510149265177 -1 0 0
1016.3916964045894 118.13729327347377 -1 0 0
1017.8946318253331 76.05510149265177 -1 0 0
1005.871148459384 38.48171597406084 -1 0 0
1019.3975672460768 23.45236176662444 -1 0 0
981.8241817274857 41.487586815548035 -1 0 0
957.7772149955875 50.5051993400099 -1 0 0
953.2684087333565 39.98465139480444 -1 0 0
855.5776063850199 55.01400560224084 -1 0 0
848.0629292813018 42.990522236291774 -1 0 0
816.5012854456852 21.9494263458807 -1 0 0
786.4425770308125 11.428878400675233 -1 0 0
687.2488392617323 11.428878400675233 -1 0 0
706.7869997313996 38.48171597406084 -1 0 0
645.1666474809103 8.423007559188038 -1 0 0
646.6695829016539 64.0316181267027 -1 0 0
893.1509919036109 74.55216607190818 -1 0 0
924.7126357392275 65.5345535474463 -1 0 0
998.3564713556656 158.71654963355203 -1 0 0
933.6233962116314 18.442577030812306 -1 0 0
732.0969226851579 15.373645961881266 -1 0 0
618.5464731347084 14.350668938904253 -1 0 0
622.6383812266165 82.89012947836483 -1 0 0
615.4775420657774 61.40761199584727 -1 0 0
635.9370825253178 114.60241719065252 -1 0 0
601.155863744099 136.08493467316998 -1 0 0
591.9490705373058 96.18883077706613 -1 0 0
713.6833362715715 110.51050909874444 -1 0 0
704.4765430647783 131.99302658126186 -1 0 0
979.6573622455975 67.54547413370949 -1 0 0
774.0389806272159 10.258760846996202 -1 0 0
692.2008187890541 53.22379581203118 -1 0 0
192.1568627450981 195.5816119089776 -1 0 0
238.60502328021502 125.16020722670328 -1 0 0
274.5648895009508 106.32408682536543 -1 0 0
352.9060266246966 155.98294970161965 -1 0 0
403.8491704374057 151.70201324677018 -1 0 0
435.1000065578071 165.40100990228854 -1 0 0
385.441143681553 396.9996721096465 -1 0 0
492.46455505279044 410.69866876516494 -1 0 0
489.46789953439554 303.67525739392744 -1 0 0
552.8257590661682 296.82575906616825 -1 0 0
654.2839530461011 191.0866286313856 -1 0 0
581.5080333136598 182.52475572168657 -1 0 0
617.4678995343955 193.6551905042953 -1 0 0
510.44448816315804 191.51472227687051 -1 0 0
528.424421273526 158.55151157452937 -1 0 0
553.681946357138 176.95953833038223 -1 0 0
554.3240868253654 148.06321726014812 -1 0 0
773.5080333136599 73.89599317988063 -1 0 0
789.3474981966032 75.8224145845629 -1 0 0
810.1100400026232 46.28395304610136 -1 0 0
795.3408092333925 40.50468883205455 -1 0 0
744.6117122434259 120.55820053774015 -1 0 0
572.0899731129911 117.34749819660306 -1 0 0
653.4277657551315 86.09666207620171 -1 0 0
702.0163945176733 63.83579251098431 -1 0 0
714.4311102367369 40.29064200931207 -1 0 0
725.1334513738606 35.79565873172009 -1 0 0
747.394320939078 28.94616040396089 -1 0 0
644.2237523772051 98.0832841497803 -1 0 0
765.1602072267035 219.5548560561347 -1 0 0
786.5648895009509 203.71539117319156 -1 0 0
770.7254246180079 146.35084267820827 -1 0 0
807.9695717751985 164.75886943406113 -1 0 0
853.7755918420881 139.07325070496415 -1 0 0
810.9662272935932 112.53144468489724 -1 0 0
831.0866286313859 108.67860187553269 -1 0 0
867.4745884976066 110.8190701029575 -1 0 0
706.0832841497804 173.7488359892451 -1 0 0
671.4076988654996 164.75886943406113 -1 0 0
718.9260935143291 3.474588497606401 -1 0 0
737.1200734474394 3.688635320348897 -1 0 0
759.5949898353992 8.825759066168295 -1 0 0
841.5749229457671 6.685290838743551 -1 0 0
834.9394714407504 25.307364417338857 -1 0 0
860.1969965243625 18.45786608957967 -1 0 0
879.2471637484426 12.678601875532824 -1 0 0
888.2371303036266 8.825759066168295 -1 0 0
894.230441340416 33.01305003606795 -1 0 0
924.1969965243621 106.96622729359295 -1 0 0
977.708702209981 105.89599317988056 -1 0 0
913.0665617417535 43.82241458456286 -1 0 0
929.7622139156666 41.681946357138095 -1 0 0
646.7923142501149 31.300675454128164 -1 0 0
679.1133844842287 33.01305003606795 -1 0 0
651.5013443504494 49.922749032723466 -1 0 0
639.3006754541283 48.42442127352614 -1 0 0
754.0297724440948 330.85920388222166 -1 0 0
809.6819463571381 270.49799986884375 -1 0 0
861.0531838153323 315.01973899927856 -1 0 0
