13.165937155261382 562.567026084481 -1 0 0
346.2911640155155 308.89007508629584 -1 0 0
410.4073164656063 296.3456104764955 -1 0 0
456.40368670154095 201.56521120244824 -1 0 0
442.4653926906517 183.44542898829226 -1 0 0
506.5815451407425 159.75032916978043 -1 0 0
542.8211095690546 395.30749795380945 -1 0 0
601.3619444147896 338.16049250916336 -1 0 0
574.8791857941 230.8356286253158 -1 0 0
714.2621259029929 363.24942172876405 -1 0 0
803.4672075726844 248.95541083947194 -1 0 0
855.038895412975 289.37646347105084 -1 0 0
921.9427066652435 237.80477563076047 -1 0 0
903.8229244510875 189.02074659264798 -1 0 0
914.9735596597989 137.4490587523576 -1 0 0
956.7884416924668 315.8592220917405 -1 0 0
1005.5724707305793 357.67410412440836 -1 0 0
1012.5416177360239 402.27664495925416 -1 0 0
995.8156649229568 580.6868082986371 -1 0 0
12.933632255079917 150.34198071243014 -1 0 0
26.871926265969186 150.34198071243014 -1 0 0
42.20404967794742 157.3111277178748 -1 0 0
22.690438062702405 61.83381374328319 -1 0 0
62.4145759937369 22.109675812248657 -1 0 0
58.233087790470115 49.98626383402727 -1 0 0
56.839258389381186 91.10423116615065 -1 0 0
87.50350521333766 49.28934913348277 -1 0 0
100.74488452368243 15.14052880680402 -1 0 0
132.1060460481834 10.262125902992743 -1 0 0
116.07700793566069 64.621472545461 -1 0 0
174.6178427813957 76.46902245471688 -1 0 0
209.46357780861894 36.74488452368243 -1 0 0
239.43090993203091 56.9554108394719 -1 0 0
250.5815451407424 88.3165723639728 -1 0 0
226.18953062168615 82.04434005907262 -1 0 0
197.61602789936302 133.616027899363 -1 0 0
212.2512366107968 145.46357780861894 -1 0 0
256.85377744564255 157.3111277178748 -1 0 0
323.06067399736673 59.04615494110525 -1 0 0
421.3256467741362 32.56339632041565 -1 0 0
471.50350521333775 2.5960641970036793 -1 0 0
501.4708373367497 39.53254332586028 -1 0 0
530.9735596597988 37.441799224226926 -1 0 0
553.2748300772216 104.3456104764955 -1 0 0
571.3946122913777 56.258496138927406 -1 0 0
623.6632148322126 66.7122166470944 -1 0 0
710.0806376997263 70.19679014981675 -1 0 0
624.360129532757 7.474467100814888 -1 0 0
707.9898935980929 5.383722999181534 -1 0 0
743.5325433258606 70.19679014981675 -1 0 0
1012.0770079356608 8.171381801359386 -1 0 0
58.37759853105123 485.1869630795462 -1 0 0
294.6852908387435 698.3775985310511 -1 0 0
721.2806085644962 10.32408682536562 -1 0 0
748.678601875533 4.330775788576313 -1 0 0
