169.8753812636167 695.6235294117647 -1 0 0
332.00871459695 731.6531590413942 -1 0 0
364.2457516339871 487.0309368191721 -1 0 0
277.0161220043574 501.25315904139427 -1 0 0
267.53464052287586 442.4679738562091 -1 0 0
121.51982570806103 523.0605664488018 -1 0 0
16.27538126361658 517.3716775599128 -1 0 0
7.742047930283233 468.0679738562091 -1 0 0
809.8753812636166 315.41612200435725 -1 0 0
895.20871459695 299.29760348583875 -1 0 0
711.2679738562092 205.43093681917205 -1 0 0
649.6383442265796 219.65315904139425 -1 0 0
421.134640522876 261.37167755991277 -1 0 0
363.29760348583886 262.31982570806093 -1 0 0
207.80130718954254 223.44575163398684 -1 0 0
125.31241830065365 245.2531590413943 -1 0 0
73.16427015250544 220.60130718954244 -1 0 0
44.71982570806105 228.18649237472758 -1 0 0
45.667973856209166 158.97167755991276 -1 0 0
69.3716775599129 147.593899782135 -1 0 0
90.23093681917214 152.33464052287573 -1 0 0
127.20871459694996 162.7642701525054 -1 0 0
153.75686274509812 167.50501089324612 -1 0 0
185.99389978213512 145.6976034858387 -1 0 0
229.6087145969499 168.45315904139423 -1 0 0
261.845751633987 158.02352941176466 -1 0 0
303.56427015250546 154.23093681917203 -1 0 0
336.74945533769073 146.64575163398686 -1 0 0
458.11241830065364 148.5420479302831 -1 0 0
497.9346405228759 151.3864923747276 -1 0 0
476.1272331154685 138.11241830065353 -1 0 0
624.9864923747278 155.17908496732014 -1 0 0
895.20871459695 133.3716775599128 -1 0 0
764.3642701525055 108.95686274509802 -1 0 0
748.2457516339869 104.69019607843138 -1 0 0
739.2383442265794 95.20871459694989 -1 0 0
716.0087145969499 97.57908496732026 -1 0 0
682.3494553376905 108.48278867102397 -1 0 0
651.5346405228757 89.51982570806099 -1 0 0
635.8901960784312 91.4161220043573 -1 0 0
640.630936819172 84.77908496732026 -1 0 0
596.5420479302832 95.68278867102394 -1 0 0
569.0457516339868 90.46797385620916 -1 0 0
588.0087145969499 81.93464052287581 -1 0 0
627.3568627450979 91.4161220043573 -1 0 0
661.4901960784314 84.77908496732026 -1 0 0
645.8457516339869 79.56427015250544 -1 0 0
714.1124183006535 85.72723311546838 -1 0 0
717.9050108932462 73.87538126361655 -1 0 0
739.2383442265794 74.34945533769061 -1 0 0
759.6235294117646 69.13464052287581 -1 0 0
807.5050108932461 75.29760348583876 -1 0 0
824.5716775599128 76.24575163398691 -1 0 0
835.4753812636164 83.35686274509801 -1 0 0
846.3790849673202 91.4161220043573 -1 0 0
855.3864923747276 72.45315904139434 -1 0 0
865.8161220043572 66.29019607843136 -1 0 0
893.3124183006536 73.40130718954249 -1 0 0
906.1124183006535 66.76427015250545 -1 0 0
870.0827886710239 121.28278867102395 -1 0 0
985.756862745098 123.17908496732026 -1 0 0
648.6901960784313 62.61612200435729 -1 0 0
707.7124183006534 60.95686274509802 -1 0 0
746.5864923747275 49.81612200435728 -1 0 0
764.3642701525052 44.364270152505426 -1 0 0
766.0235294117647 57.638344226579505 -1 0 0
785.5790849673202 61.253159041394326 -1 0 0
785.9346405228757 47.030936819172105 -1 0 0
792.3346405228758 65.16427015250544 -1 0 0
838.5568627450979 64.98649237472765 -1 0 0
895.3272331154685 46.675381263616565 -1 0 0
911.445751633987 51.416122004357305 -1 0 0
919.9790849673203 54.85315904139434 -1 0 0
922.5864923747276 46.319825708061 -1 0 0
933.1346405228759 57.46056644880174 -1 0 0
910.6161220043573 41.34204793028323 -1 0 0
871.3864923747277 46.675381263616565 -1 0 0
828.482788671024 38.379084967320274 -1 0 0
846.0235294117648 38.85315904139434 -1 0 0
860.9568627450981 48.453159041394336 -1 0 0
872.6901960784314 32.80871459694989 -1 0 0
867.8309368191722 24.275381263616563 -1 0 0
853.7272331154684 27.593899782135082 -1 0 0
849.8161220043572 21.54945533769064 -1 0 0
851.4753812636167 31.267973856209156 -1 0 0
881.1050108932462 23.91982570806101 -1 0 0
873.6383442265795 20.482788671023975 -1 0 0
898.882788671024 25.342047930283233 -1 0 0
906.1124183006536 20.36427015250545 -1 0 0
886.0235294117648 11.860566448801748 -1 0 0
902.082788671024 11.327233115468413 -1 0 0
907.0605664488019 10.260566448801745 -1 0 0
892.0087145969499 23.949455337690637 -1 0 0
913.4605664488017 13.579084967320265 -1 0 0
914.0531590413945 9.430936819172116 -1 0 0
917.845751633987 9.786492374727672 -1 0 0
922.0531590413945 14.467973856209152 -1 0 0
924.8976034858389 11.623529411764709 -1 0 0
938.319825708061 6.4531590413943345 -1 0 0
941.7568627450981 13.416122004357298 -1 0 0
927.1494553376907 5.890196078431372 -1 0 0
922.5272331154684 5.356862745098038 -1 0 0
950.319825708061 10.260566448801745 -1 0 0
953.6383442265796 37.69760348583878 -1 0 0
965.7864923747278 32.571677559912864 -1 0 0
961.9938997821351 21.905010893246196 -1 0 0
943.3864923747277 52.36427015250545 -1 0 0
961.7568627450981 45.37167755991287 -1 0 0
967.0901960784315 50.586492374727676 -1 0 0
971.8309368191722 40.86797385620916 -1 0 0
970.5272331154684 62.79389978213508 -1 0 0
980.6013071895426 20.127233115468414 -1 0 0
976.2161220043573 18.586492374727676 -1 0 0
984.7494553376907 48.60130718954249 -1 0 0
981.3124183006537 42.675381263616565 -1 0 0
991.445751633987 34.85315904139434 -1 0 0
1009.3420479302833 55.77167755991286 -1 0 0
988.8383442265796 26.527233115468412 -1 0 0
996.6605664488017 24.15686274509805 -1 0 0
1018.2901960784314 23.890196078431384 -1 0 0
14.85315904139426 180.06797385620905 -1 0 0
26.230936819172033 134.55686274509793 -1 0 0
33.816122004357226 137.87538126361645 -1 0 0
146.64575163398686 104.69019607843128 -1 0 0
181.25315904139424 125.54945533769055 -1 0 0
265.6383442265795 132.66056644880166 -1 0 0
267.53464052287575 126.02352941176461 -1 0 0
296.92723311546837 133.6087145969498 -1 0 0
341.0161220043572 96.63093681917202 -1 0 0
351.44575163398684 91.89019607843126 -1 0 0
361.87538126361653 127.44575163398683 -1 0 0
369.4605664488017 130.29019607843128 -1 0 0
409.75686274509803 126.97167755991276 -1 0 0
410.7050108932462 118.43834422657942 -1 0 0
431.09019607843135 111.80130718954237 -1 0 0
142.85315904139426 165.37167755991277 -1 0 0
149.4901960784313 153.04575163398684 -1 0 0
9.638344226579433 139.77167755991275 -1 0 0
465.22352941176473 125.54945533769062 -1 0 0
475.65315904139436 119.38649237472768 -1 0 0
461.9050108932463 117.49019607843137 -1 0 0
382.7346405228758 73.04575163398691 -1 0 0
397.1938997821351 69.49019607843135 -1 0 0
402.1716775599129 77.54945533769063 -1 0 0
411.65315904139436 71.6235294117647 -1 0 0
374.43834422657955 83.00130718954246 -1 0 0
368.98649237472773 72.3346405228758 -1 0 0
1000.8841354723706 186.01900060723588 -1 0 0
986.4985210867565 13.37564396387928 -1 0 0
959.7732463614817 10.690329278564587 -1 0 0
973.1998197880552 10.56245715069246 -1 0 0
1003.7932263814616 6.318700906936199 -1 0 0
1016.7722473604827 4.400618988854283 -1 0 0
950.7582613464965 2.3946249828603707 -1 0 0
955.8731464613817 2.3946249828603707 -1 0 0
942.0699062233589 4.491310905633148 -1 0 0
932.6518460226899 4.063217260148193 -1 0 0
969.146829300282 5.56154501934552 -1 0 0
990.6585349859008 4.491310905633148 -1 0 0
997.9361269591449 3.5281002032920066 -1 0 0
993.8692373270378 5.240474785231812 -1 0 0
1007.3541871598137 14.337464751786987 -1 0 0
1011.528100203292 4.063217260148193 -1 0 0
899.2605416748639 5.989638664830475 -1 0 0
854.9528493671717 12.518066758475952 -1 0 0
877.641812577874 14.658534985900694 -1 0 0
837.4010099022887 13.053183815332137 -1 0 0
979.528100203292 2.243819266837158 -1 0 0
970.7521804708506 0.638468096268601 -1 0 0
