103.22179781003312 72.9360835243188 -1 0 0
53.35166793990322 73.2477718360071 -1 0 0
31.221797810033085 71.37764196587722 -1 0 0
16.884135472370748 77.29971988795515 -1 0 0
1.9230965113317735 79.79322638146165 -1 0 0
128.15686274509804 24.00101858925386 -1 0 0
120.05296664120193 28.0529666412019 -1 0 0
98.54647313470845 27.117901706136976 -1 0 0
86.70231729055259 26.182836771072058 -1 0 0
80.78023936847468 28.364654952890216 -1 0 0
77.66335625159152 33.66335625159152 -1 0 0
66.4425770308123 34.91010949834477 -1 0 0
55.5334861217214 35.8451744334097 -1 0 0
51.16984975808505 36.468551056786325 -1 0 0
44.31270690094218 35.8451744334097 -1 0 0
34.3386809269162 36.468551056786325 -1 0 0
20.624395212630482 35.22179781003308 -1 0 0
11.585434173669455 39.27374586198113 -1 0 0
47.4295900178253 29.611408199643453 -1 0 0
49.92309651133179 24.31270690094218 -1 0 0
1.2997198879551541 24.00101858925386 -1 0 0
38.07894066717595 30.234784823020092 -1 0 0
347.5854341736695 67.16984975808498 -1 0 0
356.3127069009422 54.07894066717584 -1 0 0
358.1828367710721 42.85816144639666 -1 0 0
362.5464731347085 64.67634326457846 -1 0 0
381.2477718360072 67.16984975808498 -1 0 0
408.6763432645786 65.9230965113317 -1 0 0
445.4555640437994 65.2997198879551 -1 0 0
464.1568627450981 71.53348612172134 -1 0 0
440.4685510567864 52.208810797046006 -1 0 0
451.68933027756566 51.58543417366936 -1 0 0
558.2867328749682 82.75426534250055 -1 0 0
552.0529666412019 45.97504456327977 -1 0 0
567.6373822256177 45.35166793990314 -1 0 0
592.5724471606826 45.97504456327977 -1 0 0
626.8581614463968 42.85816144639666 -1 0 0
605.039979628215 87.11790170613693 -1 0 0
572.0010185892539 79.0140056022408 -1 0 0
609.4036159918513 40.98803157626674 -1 0 0
646.8062133944487 49.715304303539455 -1 0 0
659.2737458619812 41.611408199643385 -1 0 0
654.9101094983449 102.07894066717587 -1 0 0
642.4425770308125 102.70231729055251 -1 0 0
630.5984211866565 97.71530430353948 -1 0 0
668.6243952126306 141.35166793990317 -1 0 0
649.9230965113318 19.16984975808494 -1 0 0
634.9620575502929 30.390628978864125 -1 0 0
636.2088107970462 19.16984975808494 -1 0 0
620.6243952126306 4.208810797046003 -1 0 0
607.5334861217215 4.208810797046003 -1 0 0
602.5464731347085 12.312706900942073 -1 0 0
546.4425770308125 3.585434173669366 -1 0 0
640.5724471606825 0.46855105678625086 -1 0 0
682.3386809269164 86.49452508276033 -1 0 0
695.4295900178254 47.84517443340968 -1 0 0
684.2088107970462 38.49452508276034 -1 0 0
679.2217978100333 36.624395212630496 -1 0 0
674.2347848230202 14.806213394448621 -1 0 0
665.5075120957475 4.208810797046074 -1 0 0
666.7542653425008 12.312706900942144 -1 0 0
681.091927680163 4.83218742042264 -1 0 0
693.5594601476955 17.2997198879551 -1 0 0
716.6243952126306 15.42959001782526 -1 0 0
719.7412783295138 36.624395212630496 -1 0 0
710.3906289788644 38.49452508276034 -1 0 0
697.2997198879552 0.4685510567863222 -1 0 0
747.7932263814617 25.403615991851243 -1 0 0
756.5204991087346 19.16984975808501 -1 0 0
750.2867328749684 38.49452508276034 -1 0 0
762.7542653425008 58.44257703081231 -1 0 0
780.2088107970462 28.520499108734356 -1 0 0
773.3516679399035 26.650369238604515 -1 0 0
768.3646549528903 1.715304303539525 -1 0 0
800.1568627450981 19.79322638146165 -1 0 0
795.7932263814617 6.078940667175915 -1 0 0
813.2477718360072 21.03997962821485 -1 0 0
835.065953654189 12.312706900942144 -1 0 0
833.1958237840591 29.76725235548763 -1 0 0
818.8581614463968 34.13088871912395 -1 0 0
814.4945250827604 49.715304303539526 -1 0 0
786.4425770308125 58.44257703081231 -1 0 0
775.8451744334099 67.79322638146165 -1 0 0
744.0529666412021 84.62439521263046 -1 0 0
850.026992615228 25.403615991851243 -1 0 0
872.4685510567864 21.03997962821485 -1 0 0
892.4166030048383 12.936083524318782 -1 0 0
879.9490705373059 4.83218742042264 -1 0 0
909.8711484593839 12.936083524318782 -1 0 0
926.7023172905526 54.078940667175914 -1 0 0
931.6893302775657 74.02699261522788 -1 0 0
894.9101094983449 60.93608352431878 -1 0 0
901.7672523554877 100.83218742042267 -1 0 0
934.1828367710721 133.2477718360071 -1 0 0
901.1438757321112 126.39062897886427 -1 0 0
871.8451744334099 116.41660300483828 -1 0 0
861.2477718360072 100.20881079704608 -1 0 0
832.5724471606826 93.35166793990321 -1 0 0
815.7412783295138 73.40361599185124 -1 0 0
797.6633562515916 93.35166793990321 -1 0 0
795.7932263814617 130.7542653425006 -1 0 0
782.7023172905527 150.0789406671759 -1 0 0
696.0529666412021 151.3256939139292 -1 0 0
698.5464731347085 124.52049910873436 -1 0 0
687.9490705373059 172.52049910873438 -1 0 0
684.8321874204228 182.49452508276033 -1 0 0
696.6763432645787 209.9230965113318 -1 0 0
695.4295900178254 256.6763432645785 -1 0 0
674.2347848230202 220.52049910873438 -1 0 0
702.2867328749684 289.09192768016294 -1 0 0
790.8062133944488 184.36465495289022 -1 0 0
850.6503692386048 179.37764196587722 -1 0 0
891.1698497580851 194.3386809269162 -1 0 0
934.1828367710721 198.70231729055254 -1 0 0
893.0399796282151 150.70231729055254 -1 0 0
949.5594601476954 12.936083524318782 -1 0 0
975.7412783295136 16.676343264578534 -1 0 0
1008.7802393684746 11.06595365418887 -1 0 0
1019.3776419658772 32.26075884899411 -1 0 0
1011.2737458619812 52.20881079704608 -1 0 0
1022.4945250827603 47.221797810033046 -1 0 0
1015.6373822256176 91.48153806977334 -1 0 0
999.4295900178253 67.16984975808501 -1 0 0
1020.0010185892539 115.16984975808501 -1 0 0
985.0919276801629 107.06595365418895 -1 0 0
967.6373822256176 103.32569391392919 -1 0 0
955.1698497580851 82.13088871912394 -1 0 0
938.3386809269163 72.156862745098 -1 0 0
998.8062133944487 130.7542653425006 -1 0 0
988.2088107970461 186.85816144639674 -1 0 0
980.10491469315 221.76725235548764 -1 0 0
872.4685510567863 472.05296664120186 -1 0 0
741.5594601476954 763.7932263814616 -1 0 0
895.7732463614817 696.6763432645786 -1 0 0
