80.59722971757508 327.3495232955568 -1 0 0
202.13851412124478 492.92750494693286 -1 0 0
208.3036517359237 573.9550278827127 -1 0 0
488.37704623133635 448.0100737542724 -1 0 0
286.68897283684106 320.3036517359237 -1 0 0
319.2761288001438 272.74401870840074 -1 0 0
318.39539485518975 206.68897283684117 -1 0 0
252.3403489836301 195.23943155243745 -1 0 0
322.7990645799604 121.2577801762908 -1 0 0
235.60640402950162 133.5880554056485 -1 0 0
184.52383522216215 135.3495232955568 -1 0 0
747.3128260478502 419.82658751574024 -1 0 0
688.3036517359236 714.8724590753732 -1 0 0
801.037596690052 413.6614499010614 -1 0 0
591.4229177909694 323.82658751574024 -1 0 0
504.23025724051064 305.3311746717036 -1 0 0
588.7807159561071 246.32200035977695 -1 0 0
455.78989026803373 219.01924806619897 -1 0 0
681.2577801762905 235.7531930203274 -1 0 0
722.6522755891345 299.16603705702465 -1 0 0
890.8724590753731 336.156862745098 -1 0 0
882.9458535707859 268.3403489836302 -1 0 0
822.1752113689511 270.10181687353844 -1 0 0
853.8816333872998 225.18438568087788 -1 0 0
727.0559453139051 178.50548659830912 -1 0 0
777.2577801762905 138.87245907537334 -1 0 0
769.3311746717034 112.4504407267494 -1 0 0
857.4045691671162 166.17521136895127 -1 0 0
917.2944774239969 148.56053246986872 -1 0 0
985.991725130419 197.0008994423458 -1 0 0
1026.5054865983086 175.86328476344664 -1 0 0
971.8999820111528 114.21190861665772 -1 0 0
1022.1018168735382 180.26695448821735 -1 0 0
927.8632847634465 101.88163338729989 -1 0 0
429.477963662529 13.643101277208135 -1 0 0
473.07429393775845 16.725670084547588 -1 0 0
595.0559453139051 10.918330635006294 -1 0 0
671.734844396474 34.422917790969656 -1 0 0
724.7440187084006 21.322000359776933 -1 0 0
796.7440187084005 66.54218384601552 -1 0 0
973.4963122863824 9.101816873538404 -1 0 0
878.5238352221622 7.023835222162256 -1 0 0
482.4905290787644 700.7682513564865 -1 0 0
52.84017942841481 454.23078881902404 -1 0 0
997.047971636207 257.8192004074356 -1 0 0
976.5884311766664 360.11690270513793 -1 0 0
