61.452637392985324 688.2319801159902 -1 0 0
297.0207125103563 655.781275890638 -1 0 0
414.80475006904175 485.11460922397134 -1 0 0
536.194421430544 414.2038111019056 -1 0 0
646.7671913835958 400.9831538249103 -1 0 0
741.7155481911075 596.8892571112953 -1 0 0
783.7812758906379 541.6028721347694 -1 0 0
861.9033416183374 455.0676608671638 -1 0 0
962.8610880972108 465.88456227561454 -1 0 0
936.4197735432201 426.22259044462857 -1 0 0
881.1333885666943 351.706158519746 -1 0 0
763.3493510080087 313.24606462303234 -1 0 0
822.2413697873515 152.19442143054417 -1 0 0
877.5277547638773 134.16625241645963 -1 0 0
980.8892571112953 138.97376415354887 -1 0 0
1002.5230599281965 176.23198011599015 -1 0 0
995.3117923225628 224.30709748688218 -1 0 0
10.973764153548725 457.4714167357085 -1 0 0
107.12399889533276 328.8704777685723 -1 0 0
155.1991162662248 328.8704777685723 -1 0 0
162.4103838718586 290.4103838718587 -1 0 0
230.91742612537973 254.35404584368962 -1 0 0
260.9643744821872 292.8141397404033 -1 0 0
327.06766086716374 351.706158519746 -1 0 0
430.4291632145816 342.09113504556757 -1 0 0
407.59348246340784 260.36343551505115 -1 0 0
341.4901960784313 256.7578017122342 -1 0 0
210.4855012427506 189.45263739298545 -1 0 0
259.76249654791485 138.97376415354887 -1 0 0
218.8986467826567 144.98315382491032 -1 0 0
180.43855288594307 150.99254349627182 -1 0 0
120.34465617232806 199.06766086716385 -1 0 0
169.6216514774924 203.87517260425304 -1 0 0
63.856393261529945 256.7578017122342 -1 0 0
134.76719138359564 260.36343551505115 -1 0 0
25.396299364816304 320.45733222866613 -1 0 0
18.18503175918251 206.27892847279765 -1 0 0
15.781275890637964 113.73432753383047 -1 0 0
8.570008285004105 94.50428058547364 -1 0 0
21.79066556199941 71.6685998343 -1 0 0
68.66390499861912 21.18972659486334 -1 0 0
108.32587682960504 25.99723833195258 -1 0 0
47.030102181717744 113.73432753383047 -1 0 0
109.52775476387737 110.1286937310135 -1 0 0
98.71085335542669 101.71554819110742 -1 0 0
151.5934824634079 111.33057166528589 -1 0 0
172.025407346037 22.391604529135613 -1 0 0
317.45263739298537 80.08174537420606 -1 0 0
347.4995857497928 77.67798950566151 -1 0 0
329.47141673570843 60.85169842584925 -1 0 0
454.46672190002766 66.86108809721077 -1 0 0
478.50428058547357 72.87047776857227 -1 0 0
497.73432753383037 52.43855288594319 -1 0 0
526.5793979563655 29.602872134769402 -1 0 0
526.5793979563655 46.42916321458167 -1 0 0
502.54183927091964 80.08174537420606 -1 0 0
538.5981772990885 63.2554542943938 -1 0 0
567.4432477216238 66.86108809721077 -1 0 0
565.0394918530792 27.199116266224852 -1 0 0
608.3070974868821 29.602872134769402 -1 0 0
568.6451256558961 96.90803645401819 -1 0 0
539.8000552333608 113.73432753383047 -1 0 0
757.3399613366473 46.42916321458167 -1 0 0
721.2836233084784 21.18972659486334 -1 0 0
792.1944214305441 33.20850593758637 -1 0 0
828.250759458713 39.217895608947885 -1 0 0
852.2883181441591 25.99723833195258 -1 0 0
847.4808064070698 41.62165147749243 -1 0 0
866.7108533554267 41.62165147749243 -1 0 0
885.9409003037835 33.20850593758637 -1 0 0
909.9784589892296 44.02540734603698 -1 0 0
966.4667219000274 33.20850593758637 -1 0 0
998.9174261253795 42.8235294117647 -1 0 0
984.4948909141119 108.92681579674122 -1 0 0
1009.7343275338304 113.73432753383047 -1 0 0
1020.5512289422811 68.06296603148304 -1 0 0
308.438552885943 65.05827119580235 -1 0 0
272.38221485777404 37.4150787075394 -1 0 0
336.0817453742059 62.654515327257734 -1 0 0
339.0864402098867 53.03949185307932 -1 0 0
191.85639326152994 197.8657829328915 -1 0 0
572.250759458713 16.682684341342203 -1 0 0
592.6826843413421 13.677989505661447 -1 0 0
604.1005247169289 13.677989505661447 -1 0 0
556.025407346037 12.476111571389099 -1 0 0
518.7671913835957 19.68737917702296 -1 0 0
830.0535763601214 20.889257111295237 -1 0 0
838.4667219000276 11.274233637116826 -1 0 0
941.2272852803093 10.67329466998069 -1 0 0
923.1991162662247 52.73902236951122 -1 0 0
1020.5512289422811 335.7812758906379 -1 0 0
124.55122894228107 12.476111571389099 -1 0 0
446.6545153272575 20.889257111295237 -1 0 0
97.85116843940376 5.1438757321111375 -1 0 0
187.87314646138182 4.120898709133982 -1 0 0
