331.0531445454895 547.9768236061549 -1 0 0
397.18230305820975 409.7067648977399 -1 0 0
467.82026783316087 388.665669007329 -1 0 0
556.4934576570355 505.8946318253329 -1 0 0
619.6167453282684 575.0296611795403 -1 0 0
738.3486435670161 420.22731284294537 -1 0 0
676.7282913165268 339.06880012278884 -1 0 0
646.6695829016539 298.4895437627106 -1 0 0
705.2840643106559 251.8985457196577 -1 0 0
735.3427727255287 227.8515789877595 -1 0 0
805.9807375004798 217.33103104255397 -1 0 0
870.6069605924563 262.41909366486317 -1 0 0
992.3447296726912 504.39169640458925 -1 0 0
176.25079620889466 457.8006983615364 -1 0 0
62.02770423237798 537.4562756609492 -1 0 0
77.05705843981438 312.01596254940324 -1 0 0
31.968995817505178 315.02183339089055 -1 0 0
123.64805648286725 217.33103104255397 -1 0 0
77.05705843981438 220.33690188404128 -1 0 0
9.424964506350578 151.20187252983374 -1 0 0
31.968995817505178 101.60500364529365 -1 0 0
258.91224434979483 122.6460995357047 -1 0 0
285.9650819231803 107.61674532826831 -1 0 0
304.000306972104 128.65784121867924 -1 0 0
323.5384674417714 118.13729327347377 -1 0 0
386.6617551130042 148.19600168834654 -1 0 0
398.68523847895335 172.24296842024478 -1 0 0
425.73807605233884 151.20187252983374 -1 0 0
574.5286827059592 146.69306626760292 -1 0 0
554.9905222362919 127.15490579793557 -1 0 0
570.0198764437283 122.6460995357047 -1 0 0
601.5815202793447 137.6754537431411 -1 0 0
609.096197383063 118.13729327347377 -1 0 0
630.1372932734739 112.1255515904991 -1 0 0
618.1138099075248 106.11380990752457 -1 0 0
637.6519703771921 133.16664748091017 -1 0 0
676.7282913165268 122.6460995357047 -1 0 0
808.9866083419671 128.65784121867924 -1 0 0
882.6304439584054 95.5932619623191 -1 0 0
887.1392502206363 140.6813245846283 -1 0 0
918.7008940562529 154.2077433713211 -1 0 0
960.7830858370747 140.6813245846283 -1 0 0
975.8124400445113 164.72829131652657 -1 0 0
995.3506005141784 223.34277272552856 -1 0 0
1019.3975672460768 212.8222247803231 -1 0 0
54.51302712865978 70.04335980967724 -1 0 0
28.963124976017912 70.04335980967724 -1 0 0
107.11576685468718 79.0609723341391 -1 0 0
138.67741069030365 74.55216607190818 -1 0 0
167.2331836844328 59.52281186447177 -1 0 0
143.18621695253452 26.45823260811163 -1 0 0
119.13925022063631 26.45823260811163 -1 0 0
123.64805648286725 8.423007559188038 -1 0 0
198.79482752004924 39.98465139480444 -1 0 0
195.788956678562 64.0316181267027 -1 0 0
197.29189209930558 49.002263919266305 -1 0 0
230.35647135566563 49.002263919266305 -1 0 0
243.88289014235843 38.48171597406084 -1 0 0
281.45627566094936 59.52281186447177 -1 0 0
258.91224434979483 65.5345535474463 -1 0 0
285.9650819231803 47.49932849852271 -1 0 0
331.0531445454895 65.5345535474463 -1 0 0
365.62065922259325 70.04335980967724 -1 0 0
380.6500134300296 41.487586815548035 -1 0 0
356.6030466981314 30.967038870342567 -1 0 0
359.6089175396187 15.937684662906166 -1 0 0
419.7263343693643 9.925942979931635 -1 0 0
413.7145926863898 29.46410344959897 -1 0 0
431.7498177353134 32.46997429108631 -1 0 0
439.26449483903167 55.01400560224084 -1 0 0
433.2527531560571 92.58739112083191 -1 0 0
401.69110932044055 53.511070181497246 -1 0 0
403.1940447411843 85.07271401711364 -1 0 0
457.2997198879554 38.48171597406084 -1 0 0
449.78504278423713 26.45823260811163 -1 0 0
446.77917194274977 6.920072138444299 -1 0 0
464.8143969916735 -0.5946049652738307 -1 0 0
500.88484708952086 44.49345765703537 -1 0 0
512.90833045547 65.5345535474463 -1 0 0
505.39365335175177 11.428878400675233 -1 0 0
529.4406200836501 36.97878055331724 -1 0 0
539.9611680288555 29.46410344959897 -1 0 0
538.4582326081119 5.417136717700701 -1 0 0
565.5110701814973 20.446490925137102 -1 0 0
547.4758451325738 65.5345535474463 -1 0 0
542.9670388703428 82.0668431756263 -1 0 0
557.9963930777792 95.5932619623191 -1 0 0
579.0374889681901 76.05510149265177 -1 0 0
586.5521660719082 59.52281186447177 -1 0 0
610.5991328038066 27.961168028855372 -1 0 0
592.563907754883 21.9494263458807 -1 0 0
598.5756494378575 5.417136717700701 -1 0 0
622.6226161697557 29.46410344959897 -1 0 0
663.2018725298341 20.446490925137102 -1 0 0
627.1314224319867 59.52281186447177 -1 0 0
693.2605809447068 85.07271401711364 -1 0 0
712.7987414143741 85.07271401711364 -1 0 0
538.4582326081119 97.09619738306286 -1 0 0
745.8633206707342 113.62848701124284 -1 0 0
742.857449829247 92.58739112083191 -1 0 0
769.9102874026324 112.1255515904991 -1 0 0
769.9102874026324 101.60500364529365 -1 0 0
768.4073519818888 68.54042438893364 -1 0 0
744.3603852499906 65.5345535474463 -1 0 0
720.3134185180924 58.01987644372817 -1 0 0
703.7811288899123 17.440620083649907 -1 0 0
679.734162158014 11.428878400675233 -1 0 0
678.2312267372704 38.48171597406084 -1 0 0
793.9572541345307 26.45823260811163 -1 0 0
799.9689958175053 32.46997429108631 -1 0 0
805.9807375004798 15.937684662906166 -1 0 0
831.5306396531216 15.937684662906166 -1 0 0
851.068800122789 26.45823260811163 -1 0 0
848.0629292813018 5.417136717700701 -1 0 0
903.6715398488163 33.97290971182991 -1 0 0
872.1098960132 30.967038870342567 -1 0 0
864.5952189094818 61.02574728521537 -1 0 0
843.5541230190709 50.5051993400099 -1 0 0
813.495414604198 79.0609723341391 -1 0 0
787.9455124515562 101.60500364529365 -1 0 0
902.1686044280729 80.5639077548827 -1 0 0
902.1686044280729 55.01400560224084 -1 0 0
884.1333793791491 55.01400560224084 -1 0 0
954.7713441541003 53.511070181497246 -1 0 0
987.8359234104603 39.98465139480444 -1 0 0
944.2507962088947 29.46410344959897 -1 0 0
933.7302482636891 26.45823260811163 -1 0 0
956.2742795748437 20.446490925137102 -1 0 0
965.2918920993056 30.967038870342567 -1 0 0
981.8241817274857 11.428878400675233 -1 0 0
984.8300525689731 26.45823260811163 -1 0 0
1004.3682130386403 64.0316181267027 -1 0 0
965.2918920993056 86.57564943785724 -1 0 0
90.94607353430884 41.012007600242995 -1 0 0
190.68633327456857 82.44257703081242 -1 0 0
178.41060899884428 91.13788172611713 -1 0 0
340.0409786292139 14.414605002840378 -1 0 0
381.47154805978323 31.293725881961304 -1 0 0
375.3336859219212 25.667352255587662 -1 0 0
455.6373822256174 308.0090105972459 -1 0 0
479.42159800983325 189.8551644433998 -1 0 0
459.9850345732699 19.529490117725516 -1 0 0
398.0949246831599 127.45356604180138 -1 0 0
549.4955240837594 23.621398209633636 -1 0 0
716.7522673405026 33.85116843940384 -1 0 0
709.5914281796634 36.40861099684637 -1 0 0
721.8671524553877 27.20181779005318 -1 0 0
732.0969226851579 43.05796164619702 -1 0 0
702.4305890188241 63.51750210573749 -1 0 0
680.9480715363068 25.155863744099157 -1 0 0
774.5504691387043 49.19582378405917 -1 0 0
760.7402793285146 43.05796164619702 -1 0 0
799.101917690153 43.05796164619702 -1 0 0
760.7402793285146 37.43158801982345 -1 0 0
842.0669526551877 34.87414546238085 -1 0 0
838.4865330747683 20.55246714070253 -1 0 0
700.1288907171258 8.788231376466808 -1 0 0
739.002017590253 25.667352255587662 -1 0 0
929.7872323754675 43.05796164619702 -1 0 0
996.280738868974 30.270748858984287 -1 0 0
975.8211984094335 25.155863744099157 -1 0 0
962.5224971107323 22.086932675168118 -1 0 0
880.172846761082 14.926093514328887 -1 0 0
1020.3206989089341 77.3276919159273 -1 0 0
655.117901706137 27.713306301541692 -1 0 0
976.5884311766664 54.24677283500818 -1 0 0
997.047971636207 51.177841766077144 -1 0 0
945.6433762316113 10.834185422420834 -1 0 0
66.9394714407502 22.310708898944203 -1 0 0
82.77893632369334 37.293986490917455 -1 0 0
92.41104334710472 22.310708898944203 -1 0 0
77.21371893238899 3.474588497606401 -1 0 0
85.77559184208799 1.7622139156666141 -1 0 0
32.691979801954226 0.9060266246967027 -1 0 0
16.852514919011078 37.293986490917455 -1 0 0
35.26054167486392 17.387631975867265 -1 0 0
19.421076791920775 14.390976457472647 -1 0 0
6.364220604629807 115.84917043740575 -1 0 0
78.0699062233589 114.77893632369336 -1 0 0
210.35084267820838 113.06656174175357 -1 0 0
203.2872975277067 99.58161190897765 -1 0 0
182.95284936717155 190.4444881631582 -1 0 0
215.48796642402766 186.16355170830872 -1 0 0
212.49131090563301 227.68863532034885 -1 0 0
311.3809430126564 248.66522394911144 -1 0 0
87.91606006951245 276.7053577283758 -1 0 0
148.38428749426197 17.548167092924118 -1 0 0
152.02308348088403 11.233785822021103 -1 0 0
171.28729752770678 4.919404551118087 -1 0 0
178.99298314643588 19.153518263492685 -1 0 0
183.80903665814157 15.728769099613066 -1 0 0
141.96288281198773 13.8023476949308 -1 0 0
122.16355170830879 37.293986490917455 -1 0 0
217.84248147419507 8.825759066168295 -1 0 0
225.12007344743918 31.942815922355578 -1 0 0
277.34749819660306 33.44114368155291 -1 0 0
276.2772640828907 47.996327628041186 -1 0 0
284.1969965243623 22.310708898944203 -1 0 0
292.7588694340613 31.942815922355578 -1 0 0
307.5281002032922 41.360876123024426 -1 0 0
311.8090366581417 44.9996721096465 -1 0 0
327.2204078955999 33.869237327037794 -1 0 0
347.1267624106501 42.4311102367368 -1 0 0
304.1033510394126 15.675257393927406 -1 0 0
330.85920388222195 14.81907010295753 -1 0 0
306.0297724440949 3.4745884976063297 -1 0 0
294.04315037051623 10.32408682536555 -1 0 0
328.2906420093123 0.6919798019541714 -1 0 0
263.0063610728574 21.882615253459175 -1 0 0
268.99967210964667 23.809036658141455 -1 0 0
253.374254049446 12.464555052790294 -1 0 0
249.94950488556637 58.698668765164896 -1 0 0
370.8859597350649 49.28060856449605 -1 0 0
361.8959931798809 50.77893632369338 -1 0 0
393.7889697685097 17.81572562135222 -1 0 0
394.64515705947963 5.401009902288684 -1 0 0
368.3173978621552 17.173585153124804 -1 0 0
421.8291035477739 2.19030756115157 -1 0 0
485.18696307954644 4.330775788576313 -1 0 0
491.82241458456315 29.160207226703385 -1 0 0
460.14348481867694 50.99298314643584 -1 0 0
419.26054167486416 46.497999868843856 -1 0 0
433.60167879861007 42.43111023673685 -1 0 0
526.9260935143291 20.38428749426192 -1 0 0
459.07325070496455 74.75218047085056 -1 0 0
520.2906420093125 167.32743130697082 -1 0 0
809.6819463571381 274.56488950095076 -1 0 0
794.9127155879075 86.3107088989442 -1 0 0
843.2872975277068 85.4545216079743 -1 0 0
823.1668961899142 91.4478326447636 -1 0 0
908.9996721096464 107.82241458456284 -1 0 0
926.1234179290445 80.85251491901099 -1 0 0
936.8257590661683 292.3307757885762 -1 0 0
929.3341202701818 58.37759853105112 -1 0 0
859.12676241065 50.88595973506452 -1 0 0
822.9528493671718 26.91271558790732 -1 0 0
765.4812774608172 12.518066758475952 -1 0 0
771.6886353203489 26.75218047085054 -1 0 0
780.6786018755329 7.273919601285325 -1 0 0
788.1702406715194 16.584956390582985 -1 0 0
725.9896386648304 5.775591842087998 -1 0 0
731.9829497016198 30.712046691586327 -1 0 0
650.6451570594794 9.68194635713817 -1 0 0
659.4210767919208 4.330775788576313 -1 0 0
569.9495048855663 4.330775788576313 -1 0 0
512.3709095678408 28.30401993573344 -1 0 0
917.5615450193459 24.451177126368943 -1 0 0
915.2070299691786 16.531444684897387 -1 0 0
904.7187356547972 22.52475572168666 -1 0 0
1012.3842874942618 42.00301659125189 -1 0 0
987.7689028788774 165.29398649091743 -1 0 0
1012.3842874942618 131.47458849760642 -1 0 0
993.3341202701816 3.688635320348897 -1 0 0
1017.9495048855663 1.7622139156666141 -1 0 0
957.1602072267034 10.32408682536562 -1 0 0
913.9227490327233 7.969571775198382 -1 0 0
868.7588694340611 2.8324480293789853 -1 0 0
1019.2337858220211 29.374254049445884 -1 0 0
1005.3207423437601 20.812381139746876 -1 0 0
643.5816119089777 54.41773231031545 -1 0 0
657.4946553872386 44.999672109646546 -1 0 0
638.6585349859008 27.875926290248557 -1 0 0
659.8491704374057 64.47793297921176 -1 0 0
751.0331169257001 171.39432093907794 -1 0 0
819.5281002032922 112.74549150763984 -1 0 0
807.9695717751983 94.337464751787 -1 0 0
653.8558594006165 161.33412027018156 -1 0 0
689.8157256213523 176.3173978621548 -1 0 0
434.2438192668373 623.0331169256999 -1 0 0
1019.8759262902487 317.3742540494459 -1 0 0
320.3709095678406 305.8157256213521 -1 0 0
401.28060856449616 299.82241458456286 -1 0 0
121.73545806282388 117.88261525345918 -1 0 0
704.7990032133256 128.3709095678404 -1 0 0
