666.7542653425006 336.15686274509795 -1 0 0
608.1568627450981 311.221797810033 -1 0 0
590.7023172905525 273.81920040743563 -1 0 0
19.689330277565507 111.74127832951346 -1 0 0
29.66335625159149 90.54647313470838 -1 0 0
33.40361599185124 70.59842118665641 -1 0 0
10.9620575502928 50.65036923860445 -1 0 0
24.676343264578463 46.91010949834477 -1 0 0
53.35166793990314 33.19582378405903 -1 0 0
75.79322638146165 43.16984975808494 -1 0 0
65.81920040743567 29.455564043799203 -1 0 0
98.23478482302009 76.83218742042264 -1 0 0
62.078940667175914 119.22179781003298 -1 0 0
39.22179781003308 62.80621339444862 -1 0 0
98.4425770308123 122.65036923860451 -1 0 0
124.62439521263046 122.65036923860451 -1 0 0
119.01400560224087 78.39062897886423 -1 0 0
163.27374586198113 118.28673287496812 -1 0 0
206.28673287496815 136.98803157626682 -1 0 0
248.05296664120192 135.11790170613696 -1 0 0
213.14387573211104 93.35166793990321 -1 0 0
221.2477718360071 93.97504456327984 -1 0 0
184.46855105678637 71.53348612172137 -1 0 0
163.27374586198113 63.42959001782526 -1 0 0
153.92309651133178 48.468551056786325 -1 0 0
104.05296664120193 42.85816144639673 -1 0 0
96.57244716068243 26.02699261522788 -1 0 0
122.13088871912399 39.117901706136976 -1 0 0
136.46855105678637 45.35166793990321 -1 0 0
153.92309651133178 36.624395212630496 -1 0 0
171.37764196587725 34.13088871912395 -1 0 0
185.091927680163 39.117901706136976 -1 0 0
183.22179781003308 27.89712248535772 -1 0 0
201.2997198879552 24.156862745097968 -1 0 0
211.27374586198113 19.16984975808501 -1 0 0
246.1828367710721 21.66335625159149 -1 0 0
253.66335625159152 44.10491469314993 -1 0 0
220.62439521263053 42.85816144639673 -1 0 0
218.75426534250062 54.078940667175914 -1 0 0
208.78023936847464 56.572447160682394 -1 0 0
228.7282913165266 60.312706900942146 -1 0 0
279.22179781003314 82.13088871912394 -1 0 0
278.59842118665654 57.19582378405903 -1 0 0
297.2997198879552 60.312706900942146 -1 0 0
296.6763432645785 78.39062897886423 -1 0 0
322.23478482302016 175.6373822256175 -1 0 0
352.156862745098 170.65036923860453 -1 0 0
370.23478482302016 223.01400560224087 -1 0 0
384.5724471606825 170.65036923860453 -1 0 0
433.81920040743574 168.78023936847464 -1 0 0
496.156862745098 173.76725235548764 -1 0 0
498.02699261522787 79.01400560224084 -1 0 0
465.61140819964345 45.975044563279845 -1 0 0
428.83218742042277 59.68933027756551 -1 0 0
389.5594601476954 71.53348612172137 -1 0 0
355.89712248535784 96.46855105678634 -1 0 0
334.0789406671759 63.42959001782526 -1 0 0
529.6114081996435 181.5594601476954 -1 0 0
605.6633562515915 187.79322638146164 -1 0 0
654.2867328749682 208.98803157626682 -1 0 0
717.8711484593839 191.53348612172132 -1 0 0
782.7023172905527 186.54647313470838 -1 0 0
558.2867328749682 74.33868092691608 -1 0 0
573.2477718360071 74.33868092691608 -1 0 0
636.8321874204227 73.09192768016295 -1 0 0
624.3646549528902 52.20881079704608 -1 0 0
653.6633562515915 50.33868092691616 -1 0 0
660.5204991087343 21.66335625159149 -1 0 0
628.7282913165266 13.55946014769542 -1 0 0
694.8062133944485 13.55946014769542 -1 0 0
704.156862745098 1.715304303539525 -1 0 0
666.130888719124 22.286732874968127 -1 0 0
730.9620575502928 80.88413547237074 -1 0 0
664.2607588489941 65.29971988795513 -1 0 0
644.9360835243187 9.19582378405903 -1 0 0
773.9750445632799 129.5075120957474 -1 0 0
826.338680926916 170.02699261522787 -1 0 0
858.7542653425005 173.76725235548764 -1 0 0
897.4036159918512 173.76725235548764 -1 0 0
878.7023172905525 152.57244716068243 -1 0 0
850.6503692386044 116.41660300483828 -1 0 0
834.4425770308123 70.28673287496812 -1 0 0
856.8841354723706 49.715304303539526 -1 0 0
864.9880315762667 51.585434173669434 -1 0 0
871.8451744334096 55.94907053730576 -1 0 0
472.8841354723708 47.221797810033046 -1 0 0
922.7542653425006 155.68933027756555 -1 0 0
912.7802393684748 146.9620575502928 -1 0 0
913.4036159918513 130.7542653425006 -1 0 0
932.7282913165267 117.66335625159147 -1 0 0
975.117901706137 137.61140819964345 -1 0 0
950.1828367710721 112.05296664120189 -1 0 0
970.130888719124 102.70231729055256 -1 0 0
990.0789406671759 107.06595365418895 -1 0 0
1003.7932263814616 123.89712248535776 -1 0 0
990.7023172905526 88.98803157626682 -1 0 0
986.3386809269163 82.13088871912394 -1 0 0
945.8192004074357 80.26075884899412 -1 0 0
915.8971224853578 64.05296664120189 -1 0 0
909.039979628215 54.70231729055256 -1 0 0
908.4166030048383 45.975044563279845 -1 0 0
944.5724471606825 59.68933027756551 -1 0 0
967.6373822256176 16.676343264578534 -1 0 0
944.5724471606825 6.078940667175915 -1 0 0
995.065953654189 51.585434173669434 -1 0 0
987.5854341736695 54.078940667175914 -1 0 0
981.9750445632799 62.80621339444862 -1 0 0
1002.5464731347083 63.42959001782526 -1 0 0
1015.014005602241 42.85816144639673 -1 0 0
92.73628332451867 601.0279916162267 -1 0 0
400.6523672406025 457.8112083994436 -1 0 0
687.0859336741688 444.51250710074237 -1 0 0
216.34415371499787 80.9595383303823 -1 0 0
397.64181257787374 37.50803331365993 -1 0 0
426.7521804708504 32.79900321332547 -1 0 0
414.33746475178685 38.15017378188735 -1 0 0
990.9796052200144 140.25050823004787 -1 0 0
826.8056921765361 46.92609351432881 -1 0 0
838.3642206046297 44.999672109646546 -1 0 0
779.7153911731916 75.60836776182045 -1 0 0
873.8959931798806 74.75218047085056 -1 0 0
957.8023476949307 76.25050823004788 -1 0 0
963.1535182634926 59.768902878877306 -1 0 0
984.9862941832251 1.1200734474391985 -1 0 0
1018.3775985310511 1.7622139156666141 -1 0 0
