38.32200035977689 419.8265875157402 -1 0 0
107.899982011153 505.2577801762906 -1 0 0
204.78071595610714 441.84493613959336 -1 0 0
168.67062421298786 336.15686274509795 -1 0 0
239.12933980931817 275.3862205432631 -1 0 0
35.6797985249145 123.01924806619895 -1 0 0
255.86328476344661 166.17521136895118 -1 0 0
277.0008994423457 175.86328476344664 -1 0 0
278.7623673322539 350.24860586436404 -1 0 0
276.1201654973915 512.3036517359236 -1 0 0
338.65227558913466 534.3220003597769 -1 0 0
214.46878935060255 723.6797985249145 -1 0 0
285.8082388918869 755.3862205432631 -1 0 0
624.8908076992263 713.110991185465 -1 0 0
483.09264256161157 352.8908076992264 -1 0 0
491.0192480661988 306.2119086166576 -1 0 0
513.037596690052 256.8908076992264 -1 0 0
499.8265875157401 250.72567008454755 -1 0 0
621.3678719194097 210.21190861665767 -1 0 0
653.9550278827126 190.8357618276668 -1 0 0
734.1018168735382 180.26695448821727 -1 0 0
781.6614499010611 197.00089944234574 -1 0 0
739.386220543263 749.2210829285842 -1 0 0
572.9275049469328 110.90915632307969 -1 0 0
658.3586976074832 48.37704623133658 -1 0 0
705.0375966900522 98.57888109372189 -1 0 0
781.6614499010612 83.16603705702465 -1 0 0
740.7073214606943 63.78989026803381 -1 0 0
701.0742939377585 78.76236733225402 -1 0 0
600.4504407267493 25.588055405648536 -1 0 0
924.1201654973916 94.94585357078613 -1 0 0
906.505486598309 62.79906457996046 -1 0 0
934.248605864364 80.41374347904302 -1 0 0
854.1018168735384 18.542183846015497 -1 0 0
947.6797985249145 20.523835222162305 -1 0 0
942.3953948551897 57.29447742399715 -1 0 0
958.9091563230796 70.28530311207054 -1 0 0
967.716495772621 52.01007375427238 -1 0 0
990.6155783414282 68.08346824968523 -1 0 0
1003.3862205432631 41.00089944234577 -1 0 0
996.7807159561071 29.77154164418065 -1 0 0
1017.2577801762907 24.707321460694384 -1 0 0
1022.9825508184925 32.63392696528155 -1 0 0
1021.8816333872999 51.349523295556786 -1 0 0
893.4045691671164 10.8908076992265 -1 0 0
124.30401993573355 119.59498983539906 -1 0 0
706.7254246180079 41.78896976850942 -1 0 0
821.240474785232 10.966227293593036 -1 0 0
821.240474785232 21.454521607974325 -1 0 0
