105.71530430353953 660.3127069009421 -1 0 0
220.4166030048383 626.6503692386045 -1 0 0
285.2477718360072 651.5854341736695 -1 0 0
330.130888719124 737.6114081996434 -1 0 0
666.7542653425006 708.9360835243189 -1 0 0
626.8581614463968 589.2477718360071 -1 0 0
244.10491469314994 359.8451744334097 -1 0 0
83.27374586198108 165.35166793990314 -1 0 0
37.14387573211092 172.83218742042263 -1 0 0
92.00101858925379 61.87114845938363 -1 0 0
78.28673287496812 85.55946014769542 -1 0 0
99.4815380697733 3.273745861981011 -1 0 0
224.15686274509795 60.62439521263037 -1 0 0
286.4945250827604 24.46855105678625 -1 0 0
348.8321874204227 26.9620575502928 -1 0 0
401.1958237840591 21.975044563279702 -1 0 0
417.4036159918512 56.88413547237067 -1 0 0
524.6243952126306 7.014005602240835 -1 0 0
569.5075120957474 16.988031576266746 -1 0 0
466.0269926152279 68.10491469314987 -1 0 0
300.20881079704606 25.715304303539526 -1 0 0
