630.5984211866564 473.2997198879552 -1 0 0
497.1958237840591 331.16984975808504 -1 0 0
464.78023936847467 347.3776419658772 -1 0 0
468.5204991087343 318.70231729055257 -1 0 0
391.221797810033 374.8062133944486 -1 0 0
371.27374586198107 339.8971224853577 -1 0 0
357.55946014769546 397.2477718360071 -1 0 0
259.0659536541889 371.06595365418895 -1 0 0
235.3776419658773 364.83218742042266 -1 0 0
266.54647313470844 341.143875732111 -1 0 0
934.8062133944488 594.23478482302 -1 0 0
887.4295900178253 440.88413547237076 -1 0 0
999.6373822256174 373.5594601476954 -1 0 0
1015.8451744334099 302.49452508276033 -1 0 0
1020.8321874204227 200.26075884899413 -1 0 0
1020.8321874204227 174.0789406671759 -1 0 0
1000.8841354723708 177.8192004074356 -1 0 0
1013.3516679399032 165.35166793990314 -1 0 0
938.5464731347085 226.4425770308123 -1 0 0
919.8451744334099 215.22179781003305 -1 0 0
893.6633562515915 221.45556404379923 -1 0 0
881.195823784059 217.7153043035395 -1 0 0
904.8841354723708 200.26075884899413 -1 0 0
884.9360835243187 195.27374586198107 -1 0 0
866.23478482302 195.27374586198107 -1 0 0
882.4425770308125 181.5594601476954 -1 0 0
861.2477718360072 184.05296664120183 -1 0 0
777.7153043035397 296.26075884899416 -1 0 0
788.936083524319 291.2737458619811 -1 0 0
766.4945250827603 278.8062133944486 -1 0 0
664.2607588489941 297.50751209574736 -1 0 0
624.3646549528902 251.37764196587722 -1 0 0
614.3906289788644 238.91010949834475 -1 0 0
606.9101094983448 262.5984211866564 -1 0 0
581.9750445632799 230.18283677107198 -1 0 0
528.3646549528902 247.63738222561747 -1 0 0
482.2347848230201 297.50751209574736 -1 0 0
451.06595365418895 260.10491469314996 -1 0 0
75.37764196587723 244.20881079704608 -1 0 0
99.68933027756555 234.23478482302008 -1 0 0
114.65036923860451 250.4425770308123 -1 0 0
135.84517443340968 238.59842118665645 -1 0 0
137.7153043035396 241.0919276801629 -1 0 0
168.88413547237076 229.8711484593837 -1 0 0
182.59842118665648 239.84517443340968 -1 0 0
187.58543417366943 239.84517443340968 -1 0 0
208.78023936847467 228.62439521263045 -1 0 0
107.79322638146165 219.27374586198113 -1 0 0
117.76725235548763 216.7802393684746 -1 0 0
111.5334861217214 213.6633562515915 -1 0 0
89.09192768016295 199.32569391392914 -1 0 0
101.55946014769542 188.10491469314994 -1 0 0
156.4166030048383 184.98803157626682 -1 0 0
150.18283677107206 194.9620575502928 -1 0 0
165.76725235548764 194.9620575502928 -1 0 0
100.31270690094217 174.39062897886419 -1 0 0
107.16984975808505 178.7542653425006 -1 0 0
175.74127832951362 191.84517443340968 -1 0 0
156.4166030048383 213.6633562515915 -1 0 0
242.44257703081237 202.44257703081226 -1 0 0
233.7153043035396 200.57244716068234 -1 0 0
229.35166793990328 198.0789406671759 -1 0 0
219.3776419658773 198.0789406671759 -1 0 0
218.13088871912402 200.57244716068234 -1 0 0
223.11790170613705 206.182836771072 -1 0 0
228.10491469315 205.55946014769535 -1 0 0
296.6763432645786 199.32569391392914 -1 0 0
302.2867328749682 192.46855105678628 -1 0 0
324.10491469315 188.72829131652657 -1 0 0
276.10491469315 183.11790170613693 -1 0 0
268.6243952126305 181.8711484593837 -1 0 0
266.1308887191241 180.62439521263047 -1 0 0
263.01400560224096 171.27374586198107 -1 0 0
286.70231729055257 178.7542653425006 -1 0 0
292.3127069009422 177.50751209574736 -1 0 0
296.6763432645786 175.63738222561747 -1 0 0
262.8062133944485 266.6503692386045 -1 0 0
255.32569391392903 261.0399796282149 -1 0 0
250.33868092691603 269.76725235548764 -1 0 0
285.2477718360069 257.9230965113318 -1 0 0
331.3776419658771 252.31270690094217 -1 0 0
323.89712248535756 249.19582378405903 -1 0 0
363.7932263814615 244.83218742042268 -1 0 0
389.35166793990305 240.4685510567863 -1 0 0
404.312706900942 243.58543417366943 -1 0 0
416.1568627450979 231.11790170613696 -1 0 0
432.3646549528901 249.19582378405903 -1 0 0
350.70231729055246 246.5464731347084 -1 0 0
495.63738222561767 212.5724471606824 -1 0 0
466.33868092691637 206.33868092691617 -1 0 0
473.81920040743586 207.89712248535773 -1 0 0
458.8581614463969 180.46855105678628 -1 0 0
455.4295900178255 177.03997962821484 -1 0 0
448.26075884899427 171.11790170613693 -1 0 0
451.3776419658774 168.31270690094215 -1 0 0
456.0529666412021 166.7542653425006 -1 0 0
454.4945250827605 154.5984211866564 -1 0 0
450.7542653425008 153.03997962821484 -1 0 0
465.7153043035397 149.92309651133175 -1 0 0
465.0919276801631 157.0919276801629 -1 0 0
476.3127069009424 164.5724471606824 -1 0 0
468.52049910873455 168.31270690094215 -1 0 0
471.32569391392934 152.72829131652657 -1 0 0
475.3776419658774 152.41660300483824 -1 0 0
481.61140819964356 153.6633562515915 -1 0 0
485.6633562515917 150.23478482302005 -1 0 0
493.4555640437995 147.74127832951353 -1 0 0
497.19582378405926 153.6633562515915 -1 0 0
496.26075884899427 163.32569391392914 -1 0 0
491.89712248535795 170.18283677107198 -1 0 0
503.4295900178255 169.8711484593837 -1 0 0
511.8451744334099 166.7542653425006 -1 0 0
517.7672523554878 166.7542653425006 -1 0 0
514.026992615228 161.76725235548756 -1 0 0
557.3516679399035 167.37764196587722 -1 0 0
546.7542653425008 161.45556404379928 -1 0 0
545.5075120957475 168.93608352431878 -1 0 0
545.8192004074359 163.94907053730574 -1 0 0
560.1568627450981 163.01400560224084 -1 0 0
567.3256939139294 155.22179781003305 -1 0 0
577.2997198879553 159.5854341736694 -1 0 0
572.6243952126306 163.32569391392914 -1 0 0
604.1049146931501 160.83218742042263 -1 0 0
605.0399796282152 152.41660300483824 -1 0 0
611.2737458619814 152.10491469314994 -1 0 0
613.1438757321112 163.32569391392914 -1 0 0
624.0529666412021 159.5854341736694 -1 0 0
622.1828367710723 154.91010949834472 -1 0 0
616.5724471606827 158.02699261522784 -1 0 0
543.949070537306 176.88413547237076 -1 0 0
514.026992615228 220.52049910873438 -1 0 0
525.2477718360074 218.65036923860453 -1 0 0
546.4425770308125 214.28673287496815 -1 0 0
557.0399796282151 211.79322638146164 -1 0 0
586.962057550293 216.15686274509804 -1 0 0
620.6243952126306 207.42959001782526 -1 0 0
614.3906289788644 204.31270690094217 -1 0 0
600.6763432645787 210.5464731347084 -1 0 0
639.3256939139293 201.81920040743566 -1 0 0
633.091927680163 152.10491469314994 -1 0 0
631.2217978100333 148.98803157626682 -1 0 0
633.091927680163 161.4555640437993 -1 0 0
637.1438757321112 155.53348612172138 -1 0 0
641.8192004074358 154.91010949834478 -1 0 0
643.6893302775657 148.36465495289022 -1 0 0
641.1958237840591 144.93608352431878 -1 0 0
654.2867328749684 144.00101858925385 -1 0 0
712.2607588489942 143.37764196587722 -1 0 0
807.9490705373059 131.22179781003305 -1 0 0
806.3906289788644 135.58543417366943 -1 0 0
793.6114081996436 136.52049910873436 -1 0 0
797.0399796282151 132.156862745098 -1 0 0
793.2997198879553 129.0399796282149 -1 0 0
778.962057550293 125.92309651133178 -1 0 0
782.3906289788644 132.4685510567863 -1 0 0
778.3386809269164 134.96205755029283 -1 0 0
776.4685510567865 130.28673287496812 -1 0 0
778.6503692386048 130.28673287496812 -1 0 0
772.4166030048383 131.22179781003305 -1 0 0
772.4166030048383 138.70231729055254 -1 0 0
763.0659536541891 132.156862745098 -1 0 0
748.1049146931501 137.7672523554876 -1 0 0
741.2477718360072 138.70231729055254 -1 0 0
738.1308887191242 133.40361599185127 -1 0 0
737.8192004074359 143.37764196587722 -1 0 0
722.5464731347085 143.37764196587722 -1 0 0
726.9101094983449 145.5594601476954 -1 0 0
705.091927680163 147.7412783295136 -1 0 0
707.5854341736697 146.18283677107203 -1 0 0
700.7282913165267 145.5594601476954 -1 0 0
695.4295900178254 149.29971988795515 -1 0 0
684.2088107970462 147.7412783295136 -1 0 0
678.2867328749684 146.49452508276033 -1 0 0
681.091927680163 139.9490705373058 -1 0 0
677.0399796282151 133.40361599185127 -1 0 0
664.2607588489942 150.8581614463967 -1 0 0
806.0789406671761 106.28673287496811 -1 0 0
801.7153043035398 106.28673287496811 -1 0 0
796.7282913165268 106.28673287496811 -1 0 0
781.1438757321112 108.4685510567863 -1 0 0
815.4295900178253 132.7802393684746 -1 0 0
819.4815380697733 132.7802393684746 -1 0 0
823.5334861217214 132.7802393684746 -1 0 0
825.7153043035397 127.4815380697733 -1 0 0
836.6243952126305 122.182836771072 -1 0 0
838.1828367710721 129.6633562515915 -1 0 0
829.4555640437993 132.7802393684746 -1 0 0
828.8321874204227 125.29971988795509 -1 0 0
821.039979628215 142.75426534250056 -1 0 0
845.3516679399032 141.195823784059 -1 0 0
853.7672523554876 144.93608352431875 -1 0 0
860.0010185892539 140.5724471606824 -1 0 0
860.3127069009421 147.74127832951353 -1 0 0
872.4685510567864 136.20881079704603 -1 0 0
890.8581614463967 133.4036159918512 -1 0 0
892.4166030048383 138.3906289788642 -1 0 0
898.3386809269163 153.6633562515915 -1 0 0
906.4425770308123 153.03997962821484 -1 0 0
875.2737458619812 176.10491469314994 -1 0 0
924.2088107970461 149.92309651133175 -1 0 0
928.5724471606825 141.50751209574733 -1 0 0
924.2088107970461 134.02699261522784 -1 0 0
921.4036159918513 129.9750445632798 -1 0 0
912.9880315762668 116.57244716068239 -1 0 0
922.3386809269163 110.65036923860445 -1 0 0
927.3256939139292 116.57244716068239 -1 0 0
922.9620575502928 99.74127832951356 -1 0 0
960.6763432645786 90.3906289788642 -1 0 0
965.3516679399032 93.81920040743563 -1 0 0
936.9880315762668 133.4036159918512 -1 0 0
937.2997198879552 128.41660300483824 -1 0 0
944.156862745098 139.94907053730577 -1 0 0
943.5334861217215 134.65036923860447 -1 0 0
974.3906289788642 131.84517443340965 -1 0 0
986.8581614463967 127.79322638146161 -1 0 0
984.0529666412019 123.11790170613693 -1 0 0
977.8192004074357 123.11790170613693 -1 0 0
1016.156862745098 134.02699261522784 -1 0 0
1013.0399796282151 137.14387573211096 -1 0 0
952.2607588489941 210.0789406671759 -1 0 0
914.5464731347085 133.4036159918512 -1 0 0
968.156862745098 126.23478482302005 -1 0 0
925.1438757321109 94.75426534250057 -1 0 0
922.0269926152279 105.0399796282149 -1 0 0
949.4555640437993 98.18283677107202 -1 0 0
954.1308887191241 98.18283677107202 -1 0 0
962.2347848230202 97.5594601476954 -1 0 0
918.2867328749682 100.67634326457852 -1 0 0
1022.7023172905526 143.06595365418892 -1 0 0
1022.0789406671761 151.79322638146164 -1 0 0
1022.7023172905526 166.44257703081232 -1 0 0
679.6373822256176 222.39062897886413 -1 0 0
658.4425770308123 213.6633562515914 -1 0 0
699.5854341736695 204.31270690094206 -1 0 0
729.5075120957474 207.42959001782518 -1 0 0
749.4555640437993 206.18283677107195 -1 0 0
758.1828367710721 210.5464731347083 -1 0 0
778.7542653425006 193.09192768016285 -1 0 0
770.6503692386045 186.23478482302 -1 0 0
782.4945250827603 207.42959001782518 -1 0 0
796.8321874204227 203.0659536541888 -1 0 0
813.039979628215 211.79322638146155 -1 0 0
816.7802393684748 223.6373822256174 -1 0 0
831.117901706137 210.5464731347083 -1 0 0
779.3776419658774 226.13088871912387 -1 0 0
773.1438757321112 254.18283677107195 -1 0 0
628.5983343170045 506.59164535379364 -1 0 0
250.1635517083088 396.9996721096465 -1 0 0
389.7220801364025 355.4745884976063 -1 0 0
97.33412027018171 338.77893632369324 -1 0 0
155.55485605613484 179.95619384877688 -1 0 0
135.4344547183422 187.44783264476348 -1 0 0
134.5782674273723 176.31739786215482 -1 0 0
91.9829497016198 194.5113777952652 -1 0 0
110.17692963473019 195.15351826349263 -1 0 0
99.26054167486394 180.38428749426186 -1 0 0
899.1535182634929 244.38428749426177 -1 0 0
805.4010099022887 274.3508426782083 -1 0 0
980.9194045511183 294.4712440160009 -1 0 0
767.9428159223556 132.65184602268988 -1 0 0
887.3809430126566 141.2137189323889 -1 0 0
