6.492070844085759 267.2434769183265 -1 0 0
51.41445554599797 263.7879088643332 -1 0 0
123.98138467985622 252.26934868435566 -1 0 0
60.629303689979984 183.15798760449067 -1 0 0
106.70354440988997 163.57643529852893 -1 0 0
186.1816096517347 152.0578751185515 -1 0 0
166.600057345773 152.0578751185515 -1 0 0
151.6259291118022 104.83177838064377 -1 0 0
125.13324069785399 123.26147466860772 -1 0 0
117.07024857186971 97.92064227265712 -1 0 0
97.48869626590799 105.9836343986414 -1 0 0
81.36271201393951 103.67992236264598 -1 0 0
73.29971988795525 63.364961732724765 -1 0 0
65.23672776197097 70.27609784071112 -1 0 0
129.740664769845 39.175985354771946 -1 0 0
149.32221707580675 46.08712146275845 -1 0 0
263.35596285758396 57.605681642735895 -1 0 0
254.141114713602 64.5168177507224 -1 0 0
295.607931361521 65.66867376872017 -1 0 0
291.00050728953 50.694545534749395 -1 0 0
408.48982112530047 67.97238580471571 -1 0 0
285.24122719954124 141.69117095657165 -1 0 0
301.3672114515097 110.59105847063249 -1 0 0
286.39308321753896 104.83177838064377 -1 0 0
254.141114713602 117.50219457861898 -1 0 0
363.56743642338824 210.80253203643667 -1 0 0
463.77890998919247 169.33571538851766 -1 0 0
531.7384150510596 147.4504510465604 -1 0 0
492.5753104391362 99.07249829065489 -1 0 0
511.0050067271002 71.42795385870889 -1 0 0
505.2457266371115 71.42795385870889 -1 0 0
453.4122058272128 146.2985950285627 -1 0 0
424.615805377269 141.69117095657165 -1 0 0
425.76766139526677 59.90939367873144 -1 0 0
439.5899336112398 43.783409426762894 -1 0 0
472.99375813317454 46.08712146275845 -1 0 0
475.2974701691699 27.657425174794493 -1 0 0
490.2715984031407 26.50556915679672 -1 0 0
485.66417433114975 8.075872868832626 -1 0 0
582.4200798429607 51.84640155274717 -1 0 0
578.9645117889676 65.66867376872017 -1 0 0
591.6349279869428 23.0500011028034 -1 0 0
561.6866715190013 11.531440922825947 -1 0 0
543.2569752310372 17.29072101281467 -1 0 0
593.9386400229382 161.27272326253345 -1 0 0
626.1906085268753 101.37621032665044 -1 0 0
584.7237918789563 95.61693023666172 -1 0 0
711.4279538587086 120.95776263261216 -1 0 0
752.8947705066277 67.97238580471571 -1 0 0
724.0983700566841 52.99825757074495 -1 0 0
769.0207547585961 39.175985354771946 -1 0 0
787.4504510465603 20.746289066807993 -1 0 0
777.0837468845806 19.59443304881022 -1 0 0
857.713668144423 43.783409426762894 -1 0 0
906.0916209003284 34.56856128278099 -1 0 0
953.3177176382362 123.26147466860772 -1 0 0
898.0286287743443 125.56518670460312 -1 0 0
858.8655241624208 104.83177838064377 -1 0 0
1013.2142305741194 241.90264452237597 -1 0 0
995.936390304153 185.46169964048622 -1 0 0
792.0578751185514 200.43582787445698 -1 0 0
794.3615871545469 173.9431394605087 -1 0 0
763.2614746686075 237.29522045038496 -1 0 0
809.3357153885173 305.25472551225215 -1 0 0
752.8947705066277 320.22885374622297 -1 0 0
944.1028694942544 358.2401023401487 -1 0 0
622.7350404728819 192.3728357484727 -1 0 0
686.0871214627582 61.06124969672922 -1 0 0
667.6574251747943 49.542689516751764 -1 0 0
628.4943205628707 61.06124969672922 -1 0 0
854.2581000904297 5.772160832837222 -1 0 0
500.6383025651205 35.72041730077877 -1 0 0
456.86777388120595 26.50556915679672 -1 0 0
449.9566377732195 11.531440922825947 -1 0 0
441.8936456472352 20.746289066807993 -1 0 0
426.91951741326443 17.29072101281467 -1 0 0
393.5156928913297 27.657425174794493 -1 0 0
395.81940492732525 12.683296940823721 -1 0 0
373.93414058536797 5.772160832837222 -1 0 0
362.41558040539053 29.9611372107899 -1 0 0
288.6967952535345 1.1647367608461268 -1 0 0
483.7692503574856 18.15486474310006 -1 0 0
402.9540655423007 119.42959001782533 -1 0 0
302.44657303480824 146.02699261522793 -1 0 0
440.03698262521783 9.971048559283885 -1 0 0
902.8062133944487 95.3896299778653 -1 0 0
832.9880315762668 7.669350257585607 -1 0 0
734.9101094983446 16.364654952890287 -1 0 0
1009.0679516561869 17.995024583259923 -1 0 0
74.64515705947929 95.1936520427568 -1 0 0
95.19365204275688 119.59498983539892 -1 0 0
22.203685487572955 84.91940455111799 -1 0 0
132.43779919994756 71.11338448422849 -1 0 0
164.5448226113188 109.42776575513149 -1 0 0
176.53144468489742 116.0632172601482 -1 0 0
190.6585349859008 107.07325070496427 -1 0 0
229.18696307954622 82.67191291232213 -1 0 0
211.4210767919208 47.140140337071294 -1 0 0
228.5448226113188 41.146829300282 -1 0 0
365.10669552101797 61.90937110630205 -1 0 0
361.46789953439594 68.33077578857632 -1 0 0
394.431110236737 58.48462194242247 -1 0 0
384.15686274509824 38.792314250114764 -1 0 0
419.4745884976066 40.932782477539526 -1 0 0
373.24047478523204 34.511377795265275 -1 0 0
384.58495639058316 21.454521607974325 -1 0 0
330.6451570594795 56.772247360482666 -1 0 0
327.86254836382733 69.40100990228868 -1 0 0
279.27391960128557 92.08997311299103 -1 0 0
249.73545806282416 1.1200734474391627 -1 0 0
240.74549150764022 18.457866089579635 -1 0 0
232.3976654206837 69.82910354777363 -1 0 0
295.11338448422885 29.802347694930802 -1 0 0
303.8893042166703 29.802347694930802 -1 0 0
322.5113777952657 18.457866089579635 -1 0 0
324.6518460226904 11.394320939077955 -1 0 0
309.8826152534596 3.4745884976063652 -1 0 0
340.70535772837604 0.9060266246966671 -1 0 0
249.62843465145292 28.14348481867663 -1 0 0
268.571578464162 13.481277460817093 -1 0 0
427.608367761821 107.9294379959342 -1 0 0
501.8826152534598 129.33412027018164 -1 0 0
526.0699062233593 98.2973309725228 -1 0 0
362.11004000262346 188.7321135812184 -1 0 0
324.8658928454328 122.59164535379365 -1 0 0
490.64515705947997 39.80903665814151 -1 0 0
523.3943209390786 33.92274903272345 -1 0 0
537.093317594597 7.166896189914077 -1 0 0
530.1367958554666 9.307364417338837 -1 0 0
499.7421470260351 7.594989835399033 -1 0 0
513.655190504296 7.059872778542847 -1 0 0
620.1434848186773 17.976260738409064 -1 0 0
643.9026821430921 7.487966424027785 -1 0 0
627.1000065578078 46.92609351432881 -1 0 0
769.0130500360685 11.822414584562948 -1 0 0
1010.0297724440949 176.3173978621548 -1 0 0
419.6886353203489 246.52475572168657 -1 0 0
995.0464948521214 231.9695717751982 -1 0 0
888.2371303036265 45.42776575513149 -1 0 0
875.8224145845629 44.999672109646546 -1 0 0
949.8826152534592 39.64850154108468 -1 0 0
961.0130500360679 1.976260738409074 -1 0 0
810.7521804708506 8.558200537740174 -1 0 0
834.9394714407501 42.00301659125189 -1 0 0
444.30401993573355 1.7622139156666141 -1 0 0
416.4779329792118 28.946160403960924 -1 0 0
