8.898326159732152 457.8349115255859 -1 0 0
103.80564323290288 381.65930176948825 -1 0 0
60.09832615973217 325.46417981826875 -1 0 0
115.04466762314684 316.7227164036346 -1 0 0
172.4885700621711 296.7422285987566 -1 0 0
242.4202773792443 409.13247250119554 -1 0 0
425.9910090865615 504.0397895743663 -1 0 0
523.3958871353419 411.63003347680535 -1 0 0
595.8251554280248 401.63978957436643 -1 0 0
-177.16996652319466 746.3032042085127 -1 0 0
709.4641798182688 299.2397895743663 -1 0 0
721.9519846963175 240.54710664753705 -1 0 0
764.4105212816834 240.54710664753705 -1 0 0
660.7617407938785 246.79100908656144 -1 0 0
623.298326159732 244.29344811095163 -1 0 0
620.8007651841223 260.52759445241514 -1 0 0
647.0251554280248 296.7422285987566 -1 0 0
-149.69679579148735 406.6349115255858 -1 0 0
319.8446676231468 299.2397895743663 -1 0 0
364.8007651841223 302.986131037781 -1 0 0
243.6690578670492 271.766618842659 -1 0 0
271.14222859875656 253.65930176948837 -1 0 0
278.01052128168334 253.65930176948837 -1 0 0
251.16174079387844 246.16661884265912 -1 0 0
233.67881396461016 243.66905786704933 -1 0 0
252.41052128168337 194.34222859875666 -1 0 0
264.2739359158297 197.46417981826886 -1 0 0
288.0007651841224 181.8544237207079 -1 0 0
348.566618842659 215.5714968914396 -1 0 0
331.08369201339065 252.4105212816835 -1 0 0
391.64954567192717 218.06905786704934 -1 0 0
402.2641798182687 219.94222859875666 -1 0 0
426.6153993304638 236.80076518412253 -1 0 0
458.4593017694882 236.80076518412253 -1 0 0
505.2885700621712 253.65930176948837 -1 0 0
543.3763749402199 251.78613103778105 -1 0 0
544.0007651841223 229.9324725011957 -1 0 0
613.9324725011954 194.34222859875666 -1 0 0
512.1568627450979 229.9324725011957 -1 0 0
489.67881396461013 204.3324725011957 -1 0 0
520.2739359158296 187.47393591582983 -1 0 0
530.8885700621712 172.4885700621713 -1 0 0
563.9812529890004 156.87881396461032 -1 0 0
568.9763749402199 160.62515542802495 -1 0 0
454.0885700621711 189.34710664753712 -1 0 0
434.73247250119556 198.71296030607374 -1 0 0
435.98125298900044 172.4885700621713 -1 0 0
430.3617407938784 176.23491152558591 -1 0 0
411.63003347680535 177.4836920133908 -1 0 0
402.88857006217114 180.60564323290302 -1 0 0
391.64954567192717 188.7227164036347 -1 0 0
329.21052128168327 181.8544237207079 -1 0 0
347.31783835485413 156.87881396461032 -1 0 0
322.3422285987566 146.88857006217128 -1 0 0
321.09344811095167 138.14710664753713 -1 0 0
269.8934481109516 151.2593017694884 -1 0 0
234.3032042085126 148.76174079387863 -1 0 0
238.04954567192726 142.5178383548542 -1 0 0
332.95686274509796 122.2251554280249 -1 0 0
340.44954567192724 128.7812529890005 -1 0 0
354.4983261597322 122.84954567192736 -1 0 0
360.11783835485414 107.5519846963176 -1 0 0
352.9373505499761 108.17637494022004 -1 0 0
350.75198469631755 108.17637494022004 -1 0 0
257.71783835485405 125.97149689143954 -1 0 0
270.8300334768053 126.28369201339076 -1 0 0
255.22027737924435 113.17149689143955 -1 0 0
249.60076518412237 120.03978957436637 -1 0 0
244.60564323290285 121.60076518412247 -1 0 0
242.1080822572931 123.4739359158298 -1 0 0
243.35686274509797 117.54222859875662 -1 0 0
243.35686274509797 110.986131037781 -1 0 0
237.73735054997604 110.36174079387857 -1 0 0
238.67393591582967 113.79588713534199 -1 0 0
228.37149689143945 113.17149689143955 -1 0 0
224.00076518412234 112.5471066475371 -1 0 0
220.56661884265895 110.36174079387857 -1 0 0
212.76174079387846 112.5471066475371 -1 0 0
217.44466762314676 118.7910090865615 -1 0 0
229.62027737924433 116.60564323290295 -1 0 0
233.99100908656138 119.41539933046394 -1 0 0
214.0105212816833 123.4739359158298 -1 0 0
208.7032042085126 123.16174079387858 -1 0 0
227.12271640363457 122.84954567192736 -1 0 0
223.68857006217112 127.84466762314685 -1 0 0
211.8251554280248 134.71296030607368 -1 0 0
199.0251554280248 127.84466762314685 -1 0 0
193.40564323290286 123.4739359158298 -1 0 0
197.7763749402199 120.6641798182688 -1 0 0
181.54222859875648 122.84954567192736 -1 0 0
178.1080822572931 125.97149689143954 -1 0 0
137.52271640363455 114.42027737924442 -1 0 0
135.64954567192723 114.73247250119564 -1 0 0
148.4495456719272 127.22027737924442 -1 0 0
366.0495456719272 108.4885700621713 -1 0 0
374.166618842659 106.30320420851275 -1 0 0
371.6690578670492 113.17149689143957 -1 0 0
368.23491152558574 124.72271640363469 -1 0 0
367.9227164036345 128.78125298900056 -1 0 0
386.0300334768052 118.16661884265909 -1 0 0
394.4593017694882 121.60076518412251 -1 0 0
397.2690578670492 106.30320420851275 -1 0 0
399.4544237207077 105.05442372070787 -1 0 0
412.8788139646101 111.9227164036347 -1 0 0
410.3812529890005 115.35686274509813 -1 0 0
420.37149689143945 114.73247250119569 -1 0 0
434.73247250119556 115.98125298900057 -1 0 0
444.09832615973215 111.29832615973226 -1 0 0
446.2836920133907 118.79100908656156 -1 0 0
431.2983261597321 126.90808225729324 -1 0 0
439.41539933046386 133.1519846963176 -1 0 0
449.40564323290283 133.77637494022008 -1 0 0
454.0885700621712 132.21539933046398 -1 0 0
469.6983261597321 136.58613103778106 -1 0 0
483.747106647537 128.78125298900056 -1 0 0
472.1958871353419 115.35686274509813 -1 0 0
475.0056432329029 111.9227164036347 -1 0 0
484.68369201339067 116.29344811095179 -1 0 0
493.42515542802477 119.72759445241518 -1 0 0
499.0446676231468 125.97149689143959 -1 0 0
505.2885700621712 162.49832615973227 -1 0 0
512.4690578670493 109.73735054997618 -1 0 0
527.4544237207077 121.60076518412251 -1 0 0
531.5129603060736 120.35198469631761 -1 0 0
533.386131037781 133.77637494022008 -1 0 0
536.1958871353419 119.72759445241518 -1 0 0
544.937350549976 145.63978957436643 -1 0 0
557.737350549976 119.72759445241518 -1 0 0
554.3032042085127 125.34710664753713 -1 0 0
563.9812529890004 122.53735054997617 -1 0 0
553.6788139646103 120.97637494022007 -1 0 0
569.6007651841222 120.97637494022003 -1 0 0
576.4690578670491 123.16174079387855 -1 0 0
582.0885700621711 123.16174079387855 -1 0 0
590.517838354854 123.16174079387855 -1 0 0
605.1910090865613 122.53735054997614 -1 0 0
594.8885700621711 143.45442372070784 -1 0 0
595.2007651841222 139.39588713534198 -1 0 0
604.5666188426588 133.77637494022002 -1 0 0
607.3763749402199 139.39588713534198 -1 0 0
610.1861310377808 146.88857006217123 -1 0 0
614.8690578670492 137.83491152558588 -1 0 0
624.8593017694882 140.64466762314686 -1 0 0
645.1519846963174 130.0300334768054 -1 0 0
650.1471066475369 128.15686274509807 -1 0 0
661.698326159732 116.91783835485415 -1 0 0
664.5080822572929 139.39588713534198 -1 0 0
660.7617407938783 142.8300334768054 -1 0 0
669.8153993304637 162.8105212816834 -1 0 0
662.0105212816832 190.28369201339078 -1 0 0
675.747106647537 142.20564323290296 -1 0 0
680.4300334768052 146.57637494022003 -1 0 0
673.5617407938784 129.40564323290295 -1 0 0
688.2349115255857 133.77637494022002 -1 0 0
686.9861310377809 130.3422285987566 -1 0 0
692.9178383548541 135.33735054997612 -1 0 0
703.2202773792442 147.20076518412245 -1 0 0
702.2836920133906 140.64466762314686 -1 0 0
695.727594452415 127.22027737924441 -1 0 0
701.3471066475369 119.10320420851271 -1 0 0
696.0397895743663 112.5471066475371 -1 0 0
716.0202773792442 139.39588713534198 -1 0 0
747.8641798182687 131.59100908656148 -1 0 0
755.9812529890004 133.15198469631758 -1 0 0
752.547106647537 122.53735054997614 -1 0 0
752.547106647537 110.67393591582977 -1 0 0
766.2836920133906 114.1080822572932 -1 0 0
770.3422285987564 118.16661884265903 -1 0 0
856.8202773792443 164.99588713534197 -1 0 0
855.5714968914394 157.19100908656148 -1 0 0
864.937350549976 148.76174079387857 -1 0 0
875.8641798182687 151.57149689143952 -1 0 0
895.2202773792444 137.52271640363466 -1 0 0
916.1373505499761 146.88857006217125 -1 0 0
899.5910090865615 125.03491152558588 -1 0 0
919.8836920133907 125.65930176948832 -1 0 0
941.4251554280248 139.08369201339076 -1 0 0
944.2349115255857 121.60076518412247 -1 0 0
937.3666188426589 113.17149689143955 -1 0 0
943.6105212816833 111.61052128168343 -1 0 0
958.9080822572931 108.17637494022004 -1 0 0
958.2836920133907 117.54222859875662 -1 0 0
975.4544237207077 120.03978957436637 -1 0 0
987.6300334768054 115.98125298900052 -1 0 0
996.995887135342 109.73735054997613 -1 0 0
1003.5519846963176 123.78613103778102 -1 0 0
996.995887135342 120.35198469631759 -1 0 0
1008.8593017694882 118.16661884265906 -1 0 0
981.0739359158297 141.89344811095174 -1 0 0
923.6300334768054 109.11296030607369 -1 0 0
923.6300334768054 104.11783835485417 -1 0 0
914.5763749402199 108.17637494022004 -1 0 0
910.517838354854 114.73247250119564 -1 0 0
904.8983261597322 105.99100908656149 -1 0 0
899.2788139646102 115.35686274509808 -1 0 0
908.3324725011956 91.94222859875663 -1 0 0
898.966618842659 98.49832615973223 -1 0 0
892.4105212816834 97.24954567192735 -1 0 0
894.595887135342 97.24954567192735 -1 0 0
894.9080822572931 111.61052128168343 -1 0 0
890.537350549976 110.98613103778099 -1 0 0
886.7910090865614 120.97637494022003 -1 0 0
878.0495456719273 119.41539933046393 -1 0 0
883.3568627450979 115.98125298900052 -1 0 0
870.8690578670492 116.60564323290298 -1 0 0
882.1080822572931 113.17149689143955 -1 0 0
883.6690578670492 99.74710664753711 -1 0 0
872.7422285987565 107.5519846963176 -1 0 0
867.4349115255859 106.30320420851271 -1 0 0
862.7519846963175 113.79588713534199 -1 0 0
863.37637494022 118.79100908656149 -1 0 0
860.2544237207078 120.97637494022003 -1 0 0
853.6983261597321 124.41052128168346 -1 0 0
845.5812529890004 120.97637494022003 -1 0 0
838.7129603060737 127.22027737924441 -1 0 0
815.9227164036346 123.78613103778102 -1 0 0
808.117838354854 127.84466762314685 -1 0 0
778.7714968914394 122.2251554280249 -1 0 0
776.898326159732 111.61052128168343 -1 0 0
792.8202773792443 109.73735054997613 -1 0 0
792.1958871353419 118.16661884265906 -1 0 0
796.8788139646102 111.61052128168343 -1 0 0
800.3129603060736 115.98125298900052 -1 0 0
804.0593017694881 113.79588713534199 -1 0 0
806.2446676231467 110.36174079387857 -1 0 0
809.9910090865613 100.05930176948833 -1 0 0
805.6202773792443 118.79100908656149 -1 0 0
814.9861310377809 114.42027737924442 -1 0 0
815.9227164036346 109.11296030607369 -1 0 0
823.4153993304639 109.73735054997613 -1 0 0
832.7812529890004 107.5519846963176 -1 0 0
830.9080822572931 119.41539933046393 -1 0 0
828.7227164036346 115.35686274509808 -1 0 0
834.6544237207078 114.42027737924442 -1 0 0
837.77637494022 117.23003347680537 -1 0 0
843.7080822572931 116.60564323290298 -1 0 0
843.0836920133906 110.36174079387857 -1 0 0
838.7129603060737 108.17637494022004 -1 0 0
850.2641798182686 112.5471066475371 -1 0 0
857.4446676231468 111.61052128168343 -1 0 0
858.3812529890005 106.92759445241516 -1 0 0
828.0983261597322 96.93735054997613 -1 0 0
820.6056432329028 98.81052128168345 -1 0 0
849.9519846963175 93.81539933046393 -1 0 0
847.4544237207077 95.68857006217127 -1 0 0
856.1958871353419 95.06417981826881 -1 0 0
860.2544237207078 95.06417981826881 -1 0 0
864.3129603060736 94.12759445241515 -1 0 0
870.5568627450979 96.62515542802491 -1 0 0
821.8544237207077 89.44466762314686 -1 0 0
824.0397895743663 87.88369201339076 -1 0 0
821.2300334768053 86.01052128168347 -1 0 0
820.2934481109517 81.9519846963176 -1 0 0
818.1080822572931 84.76174079387859 -1 0 0
815.6105212816833 76.33247250119565 -1 0 0
808.117838354854 75.08369201339077 -1 0 0
842.7714968914394 81.32759445241516 -1 0 0
839.0251554280248 89.13247250119564 -1 0 0
849.327594452415 84.76174079387859 -1 0 0
849.327594452415 79.45442372070782 -1 0 0
863.6885700621712 83.82515542802491 -1 0 0
867.7471066475371 84.76174079387859 -1 0 0
869.308082257293 87.88369201339076 -1 0 0
876.4885700621711 91.00564323290297 -1 0 0
874.3032042085125 86.9471066475371 -1 0 0
875.8641798182687 85.69832615973225 -1 0 0
879.6105212816833 83.82515542802491 -1 0 0
879.9227164036346 80.3910090865615 -1 0 0
875.2397895743662 80.70320420851272 -1 0 0
871.4934481109516 80.70320420851272 -1 0 0
869.6202773792443 78.5178383548542 -1 0 0
889.2885700621712 87.57149689143954 -1 0 0
894.595887135342 86.63491152558588 -1 0 0
896.156862745098 85.69832615973225 -1 0 0
898.966618842659 86.9471066475371 -1 0 0
898.6544237207078 84.13735054997613 -1 0 0
896.4690578670493 83.20076518412247 -1 0 0
894.2836920133907 83.20076518412247 -1 0 0
895.8446676231468 81.01539933046394 -1 0 0
892.7227164036346 79.45442372070782 -1 0 0
890.2251554280248 80.3910090865615 -1 0 0
887.1032042085126 77.58125298900053 -1 0 0
886.166618842659 81.9519846963176 -1 0 0
886.7910090865614 85.07393591582981 -1 0 0
901.1519846963175 79.76661884265904 -1 0 0
902.7129603060737 83.82515542802491 -1 0 0
905.8349115255859 85.69832615973225 -1 0 0
908.3324725011956 84.13735054997613 -1 0 0
905.8349115255859 79.76661884265904 -1 0 0
908.9568627450981 78.5178383548542 -1 0 0
909.2690578670494 75.70808225729321 -1 0 0
846.205643232903 257.71783835485417 -1 0 0
