45.871148459383704 751.3256939139292 -1 0 0
599.4295900178253 510.70231729055246 -1 0 0
544.5724471606825 515.6893302775655 -1 0 0
487.221797810033 452.1049146931499 -1 0 0
447.32569391392923 423.42959001782526 -1 0 0
751.5334861217214 440.88413547237076 -1 0 0
768.9880315762668 388.5204991087343 -1 0 0
133.14387573211098 362.33868092691614 -1 0 0
104.46855105678632 306.2347848230201 -1 0 0
90.75426534250059 174.0789406671759 -1 0 0
48.36465495289018 127.94907053730576 -1 0 0
126.91010949834477 130.44257703081223 -1 0 0
211.68933027756552 206.49452508276033 -1 0 0
266.54647313470844 227.68933027756552 -1 0 0
342.5984211866565 172.83218742042263 -1 0 0
335.117901706137 161.61140819964345 -1 0 0
381.24777183600713 189.03997962821484 -1 0 0
398.70231729055257 180.31270690094215 -1 0 0
438.5984211866565 205.24777183600708 -1 0 0
512.1568627450981 144.15686274509795 -1 0 0
518.3906289788644 104.26075884899412 -1 0 0
502.18283677107206 96.78023936847461 -1 0 0
487.221797810033 94.28673287496805 -1 0 0
431.117901706137 99.27374586198101 -1 0 0
403.6893302775655 83.06595365418887 -1 0 0
388.7282913165266 85.55946014769542 -1 0 0
371.27374586198107 85.55946014769542 -1 0 0
352.5724471606824 95.53348612172132 -1 0 0
331.3776419658773 99.27374586198101 -1 0 0
296.46855105678634 88.05296664120182 -1 0 0
262.8062133944486 103.01400560224083 -1 0 0
247.84517443340977 99.27374586198101 -1 0 0
131.89712248535773 181.5594601476954 -1 0 0
477.24777183600713 51.89712248535772 -1 0 0
463.5334861217214 48.1568627450979 -1 0 0
512.1568627450981 56.88413547237067 -1 0 0
525.8711484593837 50.65036923860445 -1 0 0
615.6373822256176 252.6243952126305 -1 0 0
588.2088107970461 243.89712248535773 -1 0 0
629.3516679399032 251.37764196587722 -1 0 0
648.0529666412019 232.67634326457852 -1 0 0
690.4425770308125 225.19582378405903 -1 0 0
701.6633562515915 222.7023172905525 -1 0 0
717.8711484593839 195.27374586198107 -1 0 0
746.5464731347085 213.97504456327985 -1 0 0
739.0659536541889 189.03997962821484 -1 0 0
690.4425770308125 140.4166030048382 -1 0 0
1022.0789406671761 283.79322638146164 -1 0 0
1014.5984211866564 271.3256939139292 -1 0 0
1018.3386809269164 253.8711484593837 -1 0 0
1019.5854341736695 235.1698497580849 -1 0 0
1018.3386809269164 221.45556404379923 -1 0 0
1004.6243952126305 241.40361599185124 -1 0 0
497.1958237840591 103.32569391392919 -1 0 0
533.9750445632799 39.117901706136976 -1 0 0
542.078940667176 50.33868092691616 -1 0 0
533.9750445632799 51.585434173669434 -1 0 0
550.8062133944487 60.312706900942146 -1 0 0
557.6633562515916 68.41660300483825 -1 0 0
561.4036159918513 47.221797810033046 -1 0 0
572.0010185892538 51.585434173669434 -1 0 0
582.5984211866564 56.572447160682394 -1 0 0
592.5724471606825 62.80621339444862 -1 0 0
595.6893302775655 54.078940667175914 -1 0 0
606.9101094983448 58.44257703081231 -1 0 0
616.8841354723708 62.80621339444862 -1 0 0
611.8971224853577 36.624395212630496 -1 0 0
625.6114081996435 55.94907053730576 -1 0 0
633.0919276801629 58.44257703081231 -1 0 0
627.4815380697734 64.67634326457853 -1 0 0
653.6633562515915 52.83218742042264 -1 0 0
649.9230965113318 64.05296664120189 -1 0 0
661.1438757321112 56.572447160682394 -1 0 0
664.8841354723708 60.93608352431878 -1 0 0
669.2477718360072 70.28673287496812 -1 0 0
685.4555640437993 57.19582378405903 -1 0 0
669.8711484593838 47.221797810033046 -1 0 0
677.3516679399032 40.98803157626682 -1 0 0
665.5075120957474 31.014005602240836 -1 0 0
674.8581614463967 29.76725235548763 -1 0 0
680.4685510567863 27.89712248535772 -1 0 0
683.5854341736695 23.533486121721403 -1 0 0
689.195823784059 36.624395212630496 -1 0 0
686.7023172905525 45.975044563279845 -1 0 0
701.0399796282151 49.715304303539526 -1 0 0
707.2737458619813 60.312706900942146 -1 0 0
715.3776419658774 63.42959001782526 -1 0 0
722.8581614463967 67.16984975808501 -1 0 0
748.4166030048383 58.44257703081231 -1 0 0
717.8711484593839 45.35166793990321 -1 0 0
707.2737458619813 34.75426534250059 -1 0 0
711.6373822256174 26.650369238604515 -1 0 0
701.0399796282151 26.650369238604515 -1 0 0
723.4815380697735 38.49452508276034 -1 0 0
728.4685510567863 32.884135472370744 -1 0 0
733.4555640437993 27.89712248535772 -1 0 0
740.3127069009423 50.33868092691616 -1 0 0
751.5334861217214 48.468551056786325 -1 0 0
755.2737458619813 27.89712248535772 -1 0 0
752.156862745098 16.676343264578534 -1 0 0
762.8581614463967 25.871148459383736 -1 0 0
757.8711484593838 16.208810797046073 -1 0 0
759.4295900178254 11.221797810033083 -1 0 0
761.6114081996436 39.27374586198113 -1 0 0
766.5984211866565 32.104914693149965 -1 0 0
780.9360835243189 38.65036923860452 -1 0 0
777.1958237840591 38.96205755029282 -1 0 0
782.1828367710721 47.689330277565546 -1 0 0
773.4555640437993 51.4295900178253 -1 0 0
789.3516679399032 56.104914693149965 -1 0 0
774.3906289788642 67.94907053730581 -1 0 0
786.2347848230202 50.18283677107204 -1 0 0
806.8062133944488 76.67634326457853 -1 0 0
801.8192004074357 85.09192768016295 -1 0 0
821.1438757321112 72.9360835243188 -1 0 0
868.2088107970462 81.97504456327984 -1 0 0
839.2217978100331 98.80621339444868 -1 0 0
884.7282913165267 98.18283677107203 -1 0 0
1011.8971224853578 208.05296664120186 -1 0 0
125.47154805978336 682.8661534543886 -1 0 0
289.14787173610694 696.1648547530898 -1 0 0
389.3996199878552 731.9690505572856 -1 0 0
