519.235203758923 682.6269088280472 -1 0 0
683.2167705791995 439.60386735339296 -1 0 0
621.8711484593839 405.39188578657263 -1 0 0
582.940272883347 354.6637751874943 -1 0 0
541.6499503027019 390.05548025661875 -1 0 0
495.64073371284013 384.15686274509795 -1 0 0
423.6776000722871 420.72829131652657 -1 0 0
405.9817475377249 339.3273696575404 -1 0 0
371.76976597090464 355.8434986897984 -1 0 0
387.1061715008585 268.5439595192915 -1 0 0
744.5623926990153 359.3826691967109 -1 0 0
744.5623926990153 285.0600885515496 -1 0 0
712.7098581368033 301.5762175838076 -1 0 0
879.0508719616881 296.857323574591 -1 0 0
880.2305954639922 359.3826691967109 -1 0 0
939.2167705791995 293.3181530676786 -1 0 0
933.3181530676788 439.60386735339296 -1 0 0
1007.6407337128402 430.16607933495976 -1 0 0
961.6315171229784 253.2075539893376 -1 0 0
913.2628535285085 234.33197795247128 -1 0 0
973.4287521460199 196.5808258787385 -1 0 0
1000.5623926990152 226.0739134363422 -1 0 0
637.2075539893378 267.3642360169873 -1 0 0
262.05548025661886 307.47483509532844 -1 0 0
207.7881991506281 273.2628535285081 -1 0 0
198.3504111321949 275.6223005331164 -1 0 0
180.65455859763267 276.8020240354205 -1 0 0
152.34119454233317 275.6223005331164 -1 0 0
139.36423601698755 288.599259058462 -1 0 0
118.12921297551286 268.5439595192915 -1 0 0
98.07391343634235 269.7236830215957 -1 0 0
69.76054938104284 276.8020240354205 -1 0 0
26.700641546941352 213.9817475377247 -1 0 0
32.89418993403813 219.88036504924543 -1 0 0
35.8434986897985 225.18912080961408 -1 0 0
20.212162284268548 221.3550194271256 -1 0 0
21.391885786572697 229.61308394325462 -1 0 0
14.608475648323845 235.8066323303514 -1 0 0
19.032438781964398 244.94948947320856 -1 0 0
18.147646155236277 265.59465076353115 -1 0 0
31.124604680581903 265.59465076353115 -1 0 0
78.9034065238999 270.60847564832375 -1 0 0
69.17068762989068 235.21677057919933 -1 0 0
67.99096412758654 228.13842956537445 -1 0 0
74.77437426583536 229.3181530676786 -1 0 0
80.96792265293215 231.38266919671085 -1 0 0
87.75133279118101 240.82045721514405 -1 0 0
60.617692238185604 234.33197795247122 -1 0 0
53.53935122436073 228.13842956537445 -1 0 0
151.16147104002894 266.47944339025923 -1 0 0
182.42414385108884 265.2997198879551 -1 0 0
189.7974157404898 256.15686274509795 -1 0 0
162.36884431191834 230.49787656998274 -1 0 0
208.9679226529322 256.451793620674 -1 0 0
185.66838348242527 257.9264479985542 -1 0 0
136.4149272612271 275.91723140869243 -1 0 0
312.19372910454524 273.26285352850806 -1 0 0
280.9310562934853 260.8757567543145 -1 0 0
318.092346616066 193.6315171229781 -1 0 0
359.9725309478632 200.11999638565092 -1 0 0
379.43796873588155 197.7605493810426 -1 0 0
385.9264479985544 214.27667841330071 -1 0 0
361.15225445016733 247.30893647781681 -1 0 0
353.48405168519037 246.12921297551267 -1 0 0
346.4057106713654 251.43796873588133 -1 0 0
328.70985813680323 256.74672449625 -1 0 0
367.050871961688 265.00478901237904 -1 0 0
376.4886599801212 246.12921297551267 -1 0 0
384.7467244962503 242.00018071744816 -1 0 0
407.75133279118114 237.28128670823156 -1 0 0
426.0370470768954 247.30893647781681 -1 0 0
439.6038673533931 249.66838348242513 -1 0 0
467.9172314086927 256.74672449625 -1 0 0
456.1199963856511 222.5347429294297 -1 0 0
480.89418993403837 224.89418993403802 -1 0 0
490.92183970362356 224.89418993403802 -1 0 0
431.34580283726405 205.42875214601958 -1 0 0
438.424143851089 202.4794433902592 -1 0 0
417.77898256076634 210.14764615523617 -1 0 0
419.54856781422257 206.01861389717166 -1 0 0
431.93566458841616 198.3504111321947 -1 0 0
439.6038673533931 191.8619318695219 -1 0 0
453.7605493810429 193.6315171229781 -1 0 0
454.350411132195 206.60847564832375 -1 0 0
470.27667841330094 204.24902864371546 -1 0 0
473.8158489202134 195.9909641275864 -1 0 0
467.32736965754054 195.40110237643432 -1 0 0
487.67760007228725 198.9402728833468 -1 0 0
494.75594108611216 191.8619318695219 -1 0 0
507.7328996114578 194.2213788741302 -1 0 0
503.60386735339324 203.95409776813938 -1 0 0
520.4149272612274 208.08313002620392 -1 0 0
539.2905032980938 231.67760007228685 -1 0 0
553.7421162013196 226.07391343634217 -1 0 0
555.8066323303518 210.14764615523617 -1 0 0
572.0278304870338 208.67299177735597 -1 0 0
581.760549381043 220.47022680039748 -1 0 0
602.4057106713656 204.5439595192915 -1 0 0
581.760549381043 192.45179362067395 -1 0 0
567.6038673533933 186.25824523357718 -1 0 0
561.7052498418725 189.20755398933753 -1 0 0
554.3319779524717 185.07852173127304 -1 0 0
549.613083943255 198.9402728833468 -1 0 0
531.0324387819647 196.28589500316244 -1 0 0
532.5070931598449 187.43796873588133 -1 0 0
525.42875214602 184.19372910454496 -1 0 0
526.9034065239001 193.6315171229781 -1 0 0
515.9909641275868 186.25824523357718 -1 0 0
538.7006415469417 185.66838348242513 -1 0 0
586.7743742658357 183.30893647781681 -1 0 0
622.7559410861122 201.2997198879551 -1 0 0
623.6407337128403 214.86654016445277 -1 0 0
413.35501942712597 192.74672449625 -1 0 0
721.5577844040841 212.80202403542063 -1 0 0
735.714466431734 198.64534200777086 -1 0 0
767.2720701183699 192.15686274509804 -1 0 0
778.4794433902593 193.92644799855427 -1 0 0
783.788199150628 206.31354477274783 -1 0 0
788.5070931598445 186.84810698472938 -1 0 0
805.3181530676787 198.64534200777086 -1 0 0
802.9587060630705 189.20755398933767 -1 0 0
818.5900424686004 207.788199150628 -1 0 0
830.6822083672179 195.99096412758652 -1 0 0
821.5393512243608 184.19372910454504 -1 0 0
825.0785217312732 175.64073371284 -1 0 0
835.6960332520105 176.5255263395681 -1 0 0
849.8527152796602 175.64073371284 -1 0 0
872.267461823439 188.02783048703353 -1 0 0
874.0370470768953 175.05087196168788 -1 0 0
894.3872774916418 182.71907472666487 -1 0 0
854.8665401644529 197.4656185054667 -1 0 0
904.7098581368031 175.64073371284 -1 0 0
896.7467244962502 172.98635583265565 -1 0 0
822.4241438510888 171.21677057919942 -1 0 0
837.1706876298906 160.00939730731002 -1 0 0
829.2075539893377 162.3688443119183 -1 0 0
810.6269088280474 166.20294569440682 -1 0 0
802.0739134363423 166.49787656998285 -1 0 0
799.4195355561579 172.6914249570796 -1 0 0
799.1246046805818 162.66377518749434 -1 0 0
801.1891208096142 159.41953555615794 -1 0 0
794.9955724225174 161.18912080961417 -1 0 0
782.0186138971718 167.677600072287 -1 0 0
771.6960332520105 167.0877383211349 -1 0 0
763.4379687358814 166.79280744555888 -1 0 0
752.8204572151441 190.0923466160658 -1 0 0
752.230595463992 171.21677057919942 -1 0 0
747.8066323303515 171.51170145477548 -1 0 0
742.4978765699829 169.15225445016716 -1 0 0
745.1522544501672 164.43336044095057 -1 0 0
733.0600885515496 194.51630974970632 -1 0 0
726.8665401644529 172.98635583265565 -1 0 0
730.4057106713652 172.39649408150356 -1 0 0
713.5946507635313 171.8066323303515 -1 0 0
710.0554802566187 173.87114845938376 -1 0 0
705.6315171229782 194.8112406252824 -1 0 0
705.0416553718261 203.0693051414114 -1 0 0
706.5163097497062 210.44257703081234 -1 0 0
693.5393512243608 203.65916689256346 -1 0 0
688.5255263395679 204.24902864371555 -1 0 0
932.7282913165266 168.8573235745911 -1 0 0
937.7421162013193 168.56239269901508 -1 0 0
933.0232221921027 155.29050329809345 -1 0 0
987.4379687358814 158.82967380500588 -1 0 0
967.2352037589228 167.0877383211349 -1 0 0
955.2905032980933 165.76054938104275 -1 0 0
956.6176922381856 147.76976597090447 -1 0 0
964.2858950031625 145.70524984187225 -1 0 0
964.2858950031625 141.4287521460197 -1 0 0
934.4978765699829 159.27207011836992 -1 0 0
1024.1568627450981 200.11999638565098 -1 0 0
1017.9633143580013 170.92183970362333 -1 0 0
1011.4748350953284 162.6637751874943 -1 0 0
1020.9126231137617 152.34119454233303 -1 0 0
1008.2305954639921 153.52091804463717 -1 0 0
1002.9218397036234 153.52091804463717 -1 0 0
661.9817475377248 218.11077979578926 -1 0 0
639.5670009939461 223.4195355561579 -1 0 0
631.898798228969 209.8527152796602 -1 0 0
674.9587060630705 212.80202403542052 -1 0 0
677.9080148188308 181.83428209993667 -1 0 0
637.7974157404899 178.59004246860027 -1 0 0
662.866540164453 201.00478901237906 -1 0 0
915.075781664017 168.9676735559089 -1 0 0
908.5892951775304 171.88659247482778 -1 0 0
458.6451570594797 195.36756508623517 -1 0 0
583.4344547183425 213.77559184208803 -1 0 0
488.3976654206832 192.37090956784022 -1 0 0
528.1033510394124 185.94950488556597 -1 0 0
737.9762607384088 192.4779329792117 -1 0 0
759.4879664240276 190.01639451767323 -1 0 0
727.1668961899139 179.63512361466317 -1 0 0
721.1735851531246 172.03646140730532 -1 0 0
774.8993376614858 166.15017378188728 -1 0 0
788.1702406715193 165.72208013640233 -1 0 0
794.1635517083085 165.07993966817492 -1 0 0
795.3408092333922 170.2170634139943 -1 0 0
701.2672306380744 194.5113777952652 -1 0 0
696.7722473604824 183.16689618991404 -1 0 0
681.2538527116529 172.25050823004784 -1 0 0
663.4879664240274 180.38428749426188 -1 0 0
