628.10491469315 596.7282913165267 -1 0 0
651.7932263814616 605.4555640437993 -1 0 0
695.4295900178253 453.3516679399031 -1 0 0
655.5334861217214 392.2607588489941 -1 0 0
549.5594601476955 332.4166030048383 -1 0 0
443.58543417366946 410.9620575502928 -1 0 0
250.33868092691617 425.9230965113318 -1 0 0
194.23478482302008 408.46855105678634 -1 0 0
2.2347848230200205 432.156862745098 -1 0 0
573.2477718360071 261.3516679399031 -1 0 0
542.078940667176 256.3646549528902 -1 0 0
746.5464731347085 336.15686274509795 -1 0 0
993.4036159918512 275.0659536541889 -1 0 0
382.4945250827604 165.35166793990314 -1 0 0
146.85816144639665 139.16984975808495 -1 0 0
130.65036923860444 142.9101094983447 -1 0 0
1008.7802393684746 128.88413547237073 -1 0 0
1015.014005602241 72.156862745098 -1 0 0
1019.3776419658772 54.70231729055256 -1 0 0
1010.0269926152279 36.624395212630496 -1 0 0
1020.0010185892539 29.76725235548763 -1 0 0
1021.2477718360072 67.79322638146165 -1 0 0
1003.1698497580851 57.19582378405903 -1 0 0
968.8841354723708 27.89712248535772 -1 0 0
955.7932263814616 35.377641965877224 -1 0 0
943.9490705373058 38.49452508276034 -1 0 0
936.4685510567864 38.49452508276034 -1 0 0
936.4685510567864 54.078940667175914 -1 0 0
935.8451744334099 45.35166793990321 -1 0 0
967.6373822256176 54.078940667175914 -1 0 0
970.7542653425006 65.92309651133178 -1 0 0
959.5334861217215 54.078940667175914 -1 0 0
963.8971224853577 67.16984975808501 -1 0 0
990.0789406671759 86.49452508276033 -1 0 0
988.8321874204228 61.55946014769542 -1 0 0
1010.6503692386045 67.16984975808501 -1 0 0
980.10491469315 89.61140819964345 -1 0 0
940.8321874204228 84.62439521263046 -1 0 0
919.014005602241 59.06595365418887 -1 0 0
933.3516679399032 119.5334861217214 -1 0 0
917.7672523554877 98.33868092691615 -1 0 0
894.7023172905526 97.71530430353955 -1 0 0
876.6243952126305 107.68933027756555 -1 0 0
873.5075120957474 97.71530430353955 -1 0 0
864.156862745098 75.89712248535771 -1 0 0
864.7802393684748 65.92309651133178 -1 0 0
846.7023172905526 80.88413547237074 -1 0 0
844.2088107970461 67.79322638146165 -1 0 0
815.5334861217215 82.13088871912394 -1 0 0
812.4166030048383 72.156862745098 -1 0 0
779.3776419658772 80.26075884899412 -1 0 0
765.039979628215 52.20881079704608 -1 0 0
754.4425770308123 35.377641965877224 -1 0 0
761.9230965113318 31.014005602240836 -1 0 0
743.2217978100331 25.403615991851243 -1 0 0
740.10491469315 34.13088871912395 -1 0 0
700.8321874204227 25.403615991851243 -1 0 0
797.4555640437993 34.75426534250059 -1 0 0
803.6893302775655 38.49452508276034 -1 0 0
818.6503692386045 34.13088871912395 -1 0 0
847.3256939139292 32.26075884899411 -1 0 0
864.7802393684748 47.84517443340968 -1 0 0
881.6114081996434 30.390628978864203 -1 0 0
677.7672523554877 32.26075884899411 -1 0 0
663.4295900178253 63.42959001782526 -1 0 0
640.9880315762668 64.05296664120189 -1 0 0
634.130888719124 107.68933027756555 -1 0 0
611.0659536541889 96.46855105678634 -1 0 0
609.8192004074357 77.76725235548763 -1 0 0
604.2088107970461 64.67634326457853 -1 0 0
600.4685510567863 76.52049910873436 -1 0 0
588.6243952126305 62.80621339444862 -1 0 0
576.156862745098 62.80621339444862 -1 0 0
568.6763432645786 62.80621339444862 -1 0 0
588.0010185892538 86.49452508276033 -1 0 0
524.4166030048382 78.39062897886423 -1 0 0
516.9360835243187 67.16984975808501 -1 0 0
793.2477718360072 27.819200407435684 -1 0 0
506.3386809269161 32.72829131652657 -1 0 0
511.3256939139291 45.19582378405903 -1 0 0
535.3256939139291 34.59842118665643 -1 0 0
605.143875732111 37.091927680162925 -1 0 0
607.9490705373057 28.6763432645785 -1 0 0
595.7932263814615 21.819200407435666 -1 0 0
626.6503692386044 24.936083524318786 -1 0 0
617.6114081996434 21.507512095747348 -1 0 0
612.6243952126305 6.234784823020058 -1 0 0
601.0919276801628 4.676343264578499 -1 0 0
597.9750445632798 7.481538069773295 -1 0 0
620.4166030048382 10.59842118665641 -1 0 0
617.6114081996434 12.156862745097968 -1 0 0
714.23478482302 49.871148459383704 -1 0 0
712.3646549528903 24.31270690094218 -1 0 0
720.7802393684748 34.91010949834477 -1 0 0
633.5075120957474 20.884135472370748 -1 0 0
475.0659536541889 28.0529666412019 -1 0 0
488.7802393684746 25.2477718360071 -1 0 0
504.6763432645785 27.741278329513612 -1 0 0
460.1049146931499 38.65036923860452 -1 0 0
392.4685510567862 15.585434173669437 -1 0 0
387.1698497580849 86.3386809269162 -1 0 0
357.2477718360071 91.32569391392919 -1 0 0
351.9490705373058 64.20881079704607 -1 0 0
352.5724471606823 38.026992615227876 -1 0 0
336.3646549528902 58.598421186656445 -1 0 0
322.9620575502928 46.754265342500624 -1 0 0
301.45556404379926 20.884135472370748 -1 0 0
297.7153043035395 8.416603004838286 -1 0 0
314.23478482302 80.10491469314996 -1 0 0
268.10491469314985 58.598421186656445 -1 0 0
222.2867328749682 93.35166793990317 -1 0 0
227.27374586198115 75.89712248535768 -1 0 0
234.75426534250064 64.67634326457846 -1 0 0
174.28673287496815 34.75426534250052 -1 0 0
170.5464731347084 67.79322638146161 -1 0 0
161.19582378405906 54.07894066717584 -1 0 0
75.37764196587723 82.75426534250059 -1 0 0
90.96205755029284 99.58543417366944 -1 0 0
68.5204991087344 17.92309651133174 -1 0 0
118.39062897886423 44.10491469314993 -1 0 0
917.6633562515915 31.48153806977333 -1 0 0
1006.8062133944488 57.66335625159152 -1 0 0
776.7802393684746 48.00101858925386 -1 0 0
788.3127069009421 74.18283677107203 -1 0 0
714.130888719124 462.0789406671759 -1 0 0
