24.676343264578463 605.4555640437993 -1 0 0
694.1828367710722 556.8321874204227 -1 0 0
716.6243952126305 464.57244716068243 -1 0 0
807.6373822256177 373.5594601476954 -1 0 0
999.6373822256174 374.8062133944486 -1 0 0
1007.117901706137 247.63738222561747 -1 0 0
677.97504456328 262.5984211866564 -1 0 0
689.195823784059 225.19582378405903 -1 0 0
861.2477718360072 114.23478482302002 -1 0 0
732.8321874204227 68.10491469314987 -1 0 0
649.2997198879551 81.81920040743559 -1 0 0
860.001018589254 8.26075884899411 -1 0 0
540.8321874204227 232.67634326457852 -1 0 0
441.09192768016305 129.19582378405903 -1 0 0
464.78023936847467 142.9101094983447 -1 0 0
322.6503692386045 270.0789406671759 -1 0 0
291.4815380697734 245.14387573211098 -1 0 0
244.10491469314994 135.42959001782526 -1 0 0
211.68933027756552 142.9101094983447 -1 0 0
297.71530430353954 64.36465495289018 -1 0 0
348.8321874204227 74.33868092691608 -1 0 0
331.3776419658773 12.00101858925379 -1 0 0
297.71530430353954 15.741278329513472 -1 0 0
199.22179781003305 29.455564043799203 -1 0 0
77.03997962821485 -1.713267125031944 -1 0 0
82.02699261522788 24.46855105678625 -1 0 0
30.910109498344692 88.05296664120182 -1 0 0
161.81920040743566 104.26075884899412 -1 0 0
201.7153043035395 99.27374586198101 -1 0 0
131.89712248535773 30.70231729055248 -1 0 0
131.89712248535773 91.79322638146165 -1 0 0
20.936083524318782 7.014005602240835 -1 0 0
438.9528493671718 94.1234179290444 -1 0 0
486.89933766148624 103.11338448422836 -1 0 0
