355.065953654189 709.632798573975 -1 0 0
151.7718360071302 545.3547237076649 -1 0 0
127.13012477718368 443.36541889483067 -1 0 0
105.91087344028524 340.6916221033868 -1 0 0
178.46702317290556 389.29055258467025 -1 0 0
453.63279857397504 417.3547237076649 -1 0 0
476.9055258467024 505.6541889483066 -1 0 0
616.541889483066 587.7932263814617 -1 0 0
713.7397504456328 618.5953654188949 -1 0 0
825.3119429590017 630.9162210338682 -1 0 0
768.4991087344029 476.90552584670235 -1 0 0
932.7771836007131 357.1194295900179 -1 0 0
768.4991087344029 301.67557932263816 -1 0 0
718.5311942959003 309.8894830659537 -1 0 0
822.5739750445633 280.45632798573973 -1 0 0
869.1194295900178 202.4242424242425 -1 0 0
518.6595365418896 257.18360071301254 -1 0 0
554.9376114081997 233.91087344028526 -1 0 0
615.1729055258467 251.0231729055259 -1 0 0
654.1889483065954 238.70231729055263 -1 0 0
478.27450980392155 255.81461675579325 -1 0 0
450.89483065953664 226.38146167557937 -1 0 0
470.0606060606061 142.873440285205 -1 0 0
452.2638146167559 149.03386809269168 -1 0 0
587.1087344028521 143.55793226381468 -1 0 0
715.7932263814616 157.24777183600722 -1 0 0
761.6541889483067 149.71836007130133 -1 0 0
850.6381461675579 138.76648841354728 -1 0 0
329.0552584670232 159.30124777183607 -1 0 0
298.9376114081997 159.30124777183607 -1 0 0
251.02317290552588 174.36007130124784 -1 0 0
217.48306595365426 177.78253119429598 -1 0 0
118.91622103386815 117.54723707664893 -1 0 0
126.44563279857404 123.70766488413553 -1 0 0
97.69696969696979 123.70766488413553 -1 0 0
70.31729055258478 128.4991087344029 -1 0 0
57.311942959001875 133.9750445632799 -1 0 0
44.991087344028614 131.2370766488414 -1 0 0
261.80392156862746 74.93761140819964 -1 0 0
350.7878787878788 80.75579322638146 -1 0 0
373.03386809269165 68.4349376114082 -1 0 0
390.4884135472371 80.75579322638146 -1 0 0
409.6541889483067 73.22638146167557 -1 0 0
432.9269162210339 74.93761140819964 -1 0 0
433.9536541889483 64.67023172905526 -1 0 0
449.3547237076649 71.85739750445632 -1 0 0
458.9376114081997 67.40819964349376 -1 0 0
449.01247771836006 84.17825311942957 -1 0 0
471.9429590017824 73.56862745098039 -1 0 0
479.1301247771836 79.72905525846701 -1 0 0
489.0552584670232 78.01782531194294 -1 0 0
488.71301247771834 68.77718360071302 -1 0 0
505.1408199643493 82.80926916221031 -1 0 0
516.0926916221034 72.54188948306594 -1 0 0
506.16755793226383 62.2745098039215 -1 0 0
531.8360071301248 65.69696969696969 -1 0 0
529.7825311942959 85.54723707664883 -1 0 0
545.1836007130124 82.80926916221031 -1 0 0
552.0285204991088 64.32798573975043 -1 0 0
574.2745098039217 60.22103386809263 -1 0 0
583.8573975044563 57.14081996434933 -1 0 0
580.0926916221034 73.56862745098039 -1 0 0
628.0071301247772 71.85739750445632 -1 0 0
644.7771836007131 65.69696969696969 -1 0 0
673.1836007130124 72.19964349376113 -1 0 0
366.27450980392155 47.64349376114084 -1 0 0
378.42424242424244 53.80392156862748 -1 0 0
388.6916221033868 33.611408199643506 -1 0 0
392.1140819964349 41.4830659536542 -1 0 0
402.03921568627453 41.654188948306604 -1 0 0
413.16221033868095 40.45632798573976 -1 0 0
397.0766488413547 55.1729055258467 -1 0 0
434.2103386809269 50.039215686274524 -1 0 0
431.98573975044565 35.32263814616756 -1 0 0
455.9429590017825 40.627450980392176 -1 0 0
480.0713012477718 40.627450980392176 -1 0 0
515.49376114082 42.33868092691623 -1 0 0
526.6167557932264 28.648841354723725 -1 0 0
437.9536541889483 19.857397504456333 -1 0 0
649.4830659536542 29.846702317290585 -1 0 0
646.4028520499108 52.2638146167558 -1 0 0
661.8039215686274 30.531194295900193 -1 0 0
679.4295900178254 51.408199643493774 -1 0 0
696.541889483066 34.46702317290555 -1 0 0
709.3761140819965 46.103386809269175 -1 0 0
703.7290552584672 56.370766488413565 -1 0 0
695.1729055258468 72.45632798573976 -1 0 0
748.9055258467024 55.51515151515153 -1 0 0
747.8787878787879 37.718360071301255 -1 0 0
778.1675579322638 51.579322638146174 -1 0 0
809.4830659536542 77.59001782531196 -1 0 0
819.065953654189 69.88948306595367 -1 0 0
832.7557932263815 75.53654188948306 -1 0 0
838.4028520499108 65.2691622103387 -1 0 0
837.5472370766489 46.103386809269175 -1 0 0
813.4188948306596 52.2638146167558 -1 0 0
850.7237076648842 33.78253119429591 -1 0 0
864.0713012477719 50.21033868092694 -1 0 0
871.4295900178254 32.41354723707666 -1 0 0
663.0445632798574 15.08734402852049 -1 0 0
636.5204991087344 20.39215686274509 -1 0 0
628.9910873440285 14.830659536541884 -1 0 0
692.8199643493762 17.22638146167557 -1 0 0
710.1889483065954 18.081996434937597 -1 0 0
727.6434937611408 26.552584670231717 -1 0 0
623.9001782531194 53.80392156862748 -1 0 0
826.3600713012477 27.60071301247772 -1 0 0
848.9483065953654 15.450980392156866 -1 0 0
862.723707664884 15.365418894830661 -1 0 0
847.0659536541889 8.135472370766495 -1 0 0
882.1675579322637 58.59536541889484 -1 0 0
892.0926916221032 43.70766488413549 -1 0 0
904.9269162210337 50.039215686274524 -1 0 0
910.4028520499107 55.344028520499116 -1 0 0
921.6969696969695 50.039215686274524 -1 0 0
955.5793226381462 44.39215686274512 -1 0 0
974.0178253119429 26.72370766488412 -1 0 0
948.9483065953654 26.89483065953653 -1 0 0
981.6327985739749 21.162210338680914 -1 0 0
989.247771836007 19.279857397504443 -1 0 0
996.9483065953654 42.46702317290551 -1 0 0
1011.4937611408199 67.96434937611407 -1 0 0
1012.6060606060605 21.162210338680914 -1 0 0
804.5098039215686 7.22638146167558 -1 0 0
90.94607353430884 94.71830130653667 -1 0 0
96.57244716068249 59.937082525317884 -1 0 0
107.31370590194122 55.33368592192124 -1 0 0
38.774245362480684 32.316702904938246 -1 0 0
50.02699261522793 32.316702904938246 -1 0 0
56.676343264578584 9.811208399443748 -1 0 0
110.8941254823608 26.690329278564676 -1 0 0
129.81920040743572 20.55246714070253 -1 0 0
138.0030165912519 21.57544416367954 -1 0 0
197.33568392391922 66.07494466318002 -1 0 0
238.2547648430001 3.6733462615816013 -1 0 0
248.99602358425886 5.719300307535698 -1 0 0
424.9480715363067 5.207811796047192 -1 0 0
447.4535660418012 5.207811796047192 -1 0 0
1007.2777418659771 165.75126833950364 -1 0 0
610.106912695148 39.989030577265915 -1 0 0
590.1588607470961 35.89712248535786 -1 0 0
596.2967228849583 30.27074885898422 -1 0 0
578.3946249828603 25.155863744099086 -1 0 0
530.3147049029402 16.97204756028291 -1 0 0
537.4755440637795 5.207811796047192 -1 0 0
552.3087108969462 3.6733462615816013 -1 0 0
559.4695500577855 3.6733462615816013 -1 0 0
573.2797398679752 5.207811796047192 -1 0 0
591.6933262815616 5.719300307535698 -1 0 0
584.5324871207224 7.253765842001216 -1 0 0
604.4805390687744 14.414605002840378 -1 0 0
605.5035160917514 3.6733462615816013 -1 0 0
623.9171025053378 2.650369238604588 -1 0 0
637.7272923155276 3.6733462615816013 -1 0 0
645.9111084993438 3.6733462615816013 -1 0 0
656.1408787291141 4.184834773070178 -1 0 0
669.9510685393038 5.207811796047192 -1 0 0
690.4106089988442 12.880139468374859 -1 0 0
736.9560635442989 5.719300307535698 -1 0 0
742.5824371706724 13.391627979863365 -1 0 0
755.3696499578851 14.414605002840378 -1 0 0
771.7372823255176 7.253765842001216 -1 0 0
782.990029578265 5.719300307535698 -1 0 0
887.3336859219211 7.253765842001216 -1 0 0
911.3736459618813 10.834185422420834 -1 0 0
922.1149047031398 3.6733462615816013 -1 0 0
864.8281914164266 3.6733462615816013 -1 0 0
853.0639556521908 2.138880727116082 -1 0 0
955.8731464613817 5.207811796047192 -1 0 0
1021.3436759319111 38.4545650428004 -1 0 0
1018.27474486298 26.690329278564676 -1 0 0
1018.7862333744686 6.2307888190242045 -1 0 0
997.303715891951 2.650369238604588 -1 0 0
88.77224736048261 31.675257393927467 -1 0 0
80.85251491901106 21.079939668174948 -1 0 0
18.992983146435833 8.558200537740174 -1 0 0
139.92943799593417 13.053183815332137 -1 0 0
191.94281592235563 32.4779329792116 -1 0 0
