840.0529666412019 757.5594601476954 -1 0 0
8.46855105678625 473.2997198879552 -1 0 0
220.4166030048383 400.9880315762668 -1 0 0
196.72829131652657 388.5204991087343 -1 0 0
139.37764196587722 317.45556404379926 -1 0 0
85.76725235548756 270.0789406671759 -1 0 0
306.4425770308123 250.1308887191239 -1 0 0
292.7282913165266 238.91010949834475 -1 0 0
266.54647313470844 230.18283677107198 -1 0 0
255.32569391392911 226.4425770308123 -1 0 0
291.4815380697734 213.97504456327985 -1 0 0
549.5594601476955 297.50751209574736 -1 0 0
159.3256939139292 282.5464731347084 -1 0 0
378.75426534250056 245.14387573211098 -1 0 0
413.66335625159155 204.0010185892538 -1 0 0
471.0140056022409 236.4166030048382 -1 0 0
438.5984211866565 309.9750445632797 -1 0 0
433.6114081996435 179.06595365418886 -1 0 0
356.3127069009422 162.85816144639665 -1 0 0
340.1049146931499 162.85816144639665 -1 0 0
1018.3386809269164 349.8711484593837 -1 0 0
1018.3386809269164 267.58543417366934 -1 0 0
1002.130888719124 151.6373822256174 -1 0 0
967.2217978100331 120.46855105678625 -1 0 0
924.8321874204227 95.53348612172132 -1 0 0
946.0269926152279 103.01400560224083 -1 0 0
968.4685510567863 103.01400560224083 -1 0 0
893.6633562515915 96.78023936847461 -1 0 0
867.4815380697735 120.46855105678625 -1 0 0
831.3256939139292 169.09192768016288 -1 0 0
791.4295900178253 125.4555640437992 -1 0 0
772.7282913165266 130.44257703081223 -1 0 0
710.3906289788642 181.5594601476954 -1 0 0
692.936083524319 154.13088871912396 -1 0 0
700.4166030048383 127.94907053730576 -1 0 0
644.3127069009423 166.5984211866564 -1 0 0
595.6893302775657 174.0789406671759 -1 0 0
614.3906289788644 151.6373822256174 -1 0 0
588.2088107970461 149.14387573211098 -1 0 0
528.3646549528902 177.8192004074356 -1 0 0
154.33868092691617 181.5594601476954 -1 0 0
85.76725235548756 166.5984211866564 -1 0 0
32.36465495289021 189.97504456327985 -1 0 0
112.78023936847464 156.93608352431878 -1 0 0
106.5464731347084 143.84517443340968 -1 0 0
84.72829131652661 148.20881079704608 -1 0 0
71.01400560224087 159.4295900178253 -1 0 0
76.00101858925386 135.11790170613696 -1 0 0
112.78023936847464 129.5075120957474 -1 0 0
45.45556404379931 119.5334861217214 -1 0 0
62.91010949834477 84.62439521263046 -1 0 0
84.72829131652661 84.62439521263046 -1 0 0
23.637382225617472 188.1049146931499 -1 0 0
119.6373822256175 130.75426534250056 -1 0 0
102.18283677107206 75.27374586198104 -1 0 0
146.44257703081234 74.65036923860444 -1 0 0
127.74127832951358 71.53348612172132 -1 0 0
130.23478482302014 43.48153806977329 -1 0 0
177.61140819964348 72.15686274509792 -1 0 0
167.01400560224087 115.16984975808494 -1 0 0
152.05296664120192 108.9360835243187 -1 0 0
138.96205755029283 109.55946014769535 -1 0 0
128.36465495289022 103.32569391392913 -1 0 0
139.58543417366948 126.3906289788642 -1 0 0
148.9360835243188 117.66335625159144 -1 0 0
181.97504456327988 120.15686274509797 -1 0 0
207.53348612172144 133.24777183600708 -1 0 0
233.71530430353963 91.48153806977326 -1 0 0
244.31270690094217 97.09192768016288 -1 0 0
256.1568627450981 115.79322638146158 -1 0 0
289.1958237840591 130.75426534250056 -1 0 0
306.6503692386045 119.53348612172132 -1 0 0
335.3256939139292 113.92309651133174 -1 0 0
342.80621339444866 111.42959001782522 -1 0 0
349.6633562515916 87.1179017061369 -1 0 0
319.7412783295137 54.07894066717584 -1 0 0
337.81920040743574 45.97504456327977 -1 0 0
318.4945250827604 42.23478482302002 -1 0 0
316.6243952126306 36.624395212630425 -1 0 0
357.7672523554877 54.07894066717584 -1 0 0
383.9490705373059 54.07894066717584 -1 0 0
371.4815380697734 84.62439521263043 -1 0 0
396.41660300483835 92.1049146931499 -1 0 0
390.1828367710721 95.84517443340961 -1 0 0
386.4425770308123 76.52049910873428 -1 0 0
407.63738222561756 85.24777183600703 -1 0 0
407.63738222561756 115.79322638146158 -1 0 0
388.31270690094226 122.02699261522781 -1 0 0
422.59842118665654 84.62439521263043 -1 0 0
435.68933027756555 133.87114845938368 -1 0 0
426.33868092691625 116.41660300483821 -1 0 0
436.31270690094215 103.32569391392913 -1 0 0
437.5594601476954 94.59842118665641 -1 0 0
423.22179781003314 54.70231729055248 -1 0 0
427.5854341736695 45.97504456327977 -1 0 0
440.052966641202 45.35166793990314 -1 0 0
430.078940667176 37.87114845938363 -1 0 0
453.143875732111 40.98803157626674 -1 0 0
474.33868092691625 42.23478482302002 -1 0 0
460.6243952126305 54.07894066717584 -1 0 0
470.59842118665654 67.16984975808494 -1 0 0
445.0399796282149 65.2997198879551 -1 0 0
447.53348612172147 82.75426534250052 -1 0 0
460.00101858925393 85.24777183600703 -1 0 0
469.3516679399033 87.1179017061369 -1 0 0
473.09192768016294 93.97504456327977 -1 0 0
484.31270690094215 84.62439521263043 -1 0 0
483.065953654189 72.15686274509792 -1 0 0
501.7672523554877 88.36465495289015 -1 0 0
499.8971224853577 102.70231729055249 -1 0 0
514.6503692386045 72.78023936847461 -1 0 0
527.7412783295136 86.49452508276033 -1 0 0
527.7412783295136 76.52049910873436 -1 0 0
506.23478482302016 77.92309651133179 -1 0 0
508.7282913165266 74.49452508276036 -1 0 0
520.8841354723708 122.80621339444868 -1 0 0
510.9101094983448 128.7282913165266 -1 0 0
543.9490705373059 94.13088871912399 -1 0 0
561.4036159918513 85.09192768016295 -1 0 0
558.9101094983448 73.55946014769542 -1 0 0
554.5464731347085 75.42959001782529 -1 0 0
549.5594601476955 62.026992615227876 -1 0 0
569.8192004074357 83.8451744334097 -1 0 0
581.3516679399032 94.13088871912399 -1 0 0
591.014005602241 89.76725235548763 -1 0 0
594.4425770308123 128.4166030048383 -1 0 0
621.2477718360072 124.36465495289023 -1 0 0
641.1958237840591 103.79322638146165 -1 0 0
638.0789406671761 86.3386809269162 -1 0 0
614.7023172905526 86.96205755029281 -1 0 0
606.2867328749682 86.3386809269162 -1 0 0
608.1568627450981 32.104914693149965 -1 0 0
630.2867328749683 47.377641965877224 -1 0 0
644.936083524319 42.70231729055255 -1 0 0
656.4685510567865 52.36465495289021 -1 0 0
663.014005602241 86.3386809269162 -1 0 0
669.8711484593838 100.20881079704608 -1 0 0
677.3516679399032 88.98803157626682 -1 0 0
686.7023172905526 84.62439521263046 -1 0 0
702.9101094983448 108.31270690094215 -1 0 0
704.156862745098 93.35166793990321 -1 0 0
730.3386809269163 97.71530430353955 -1 0 0
734.0789406671759 108.31270690094215 -1 0 0
672.9880315762668 47.84517443340968 -1 0 0
782.0789406671759 110.80621339444863 -1 0 0
780.8321874204228 96.46855105678634 -1 0 0
760.8841354723708 92.10491469314994 -1 0 0
725.3516679399032 54.078940667175914 -1 0 0
680.4685510567864 44.10491469314993 -1 0 0
737.5075120957475 44.57244716068243 -1 0 0
744.0529666412019 43.325693913929186 -1 0 0
746.5464731347085 35.22179781003308 -1 0 0
761.1958237840591 35.8451744334097 -1 0 0
773.0399796282151 43.01400560224087 -1 0 0
782.0789406671761 39.58543417366944 -1 0 0
799.2217978100331 40.20881079704608 -1 0 0
808.2607588489942 20.57244716068243 -1 0 0
817.6114081996436 20.57244716068243 -1 0 0
829.4555640437993 20.57244716068243 -1 0 0
835.065953654189 24.936083524318782 -1 0 0
839.7412783295138 25.2477718360071 -1 0 0
836.936083524319 40.83218742042269 -1 0 0
822.2867328749682 50.494525082760354 -1 0 0
838.4945250827604 103.79322638146165 -1 0 0
837.2477718360072 86.3386809269162 -1 0 0
848.4685510567865 69.81920040743567 -1 0 0
846.9101094983449 43.63738222561751 -1 0 0
848.156862745098 33.03997962821489 -1 0 0
848.4685510567865 27.4295900178253 -1 0 0
788.0010185892539 81.97504456327984 -1 0 0
810.4425770308125 95.06595365418892 -1 0 0
738.7542653425006 96.31270690094217 -1 0 0
855.6373822256176 27.117901706136976 -1 0 0
856.8841354723708 17.143875732110995 -1 0 0
866.2347848230202 15.585434173669437 -1 0 0
871.2217978100331 13.403615991851245 -1 0 0
862.4945250827603 33.66335625159152 -1 0 0
856.5724471606825 44.884135472370744 -1 0 0
857.8192004074357 38.026992615227876 -1 0 0
861.8711484593838 45.819200407435666 -1 0 0
875.5854341736695 55.48153806977333 -1 0 0
868.4166030048383 59.8451744334097 -1 0 0
868.10491469315 52.36465495289021 -1 0 0
864.6763432645786 65.143875732111 -1 0 0
855.3256939139292 68.57244716068243 -1 0 0
852.5204991087344 81.97504456327984 -1 0 0
865.2997198879551 92.88413547237074 -1 0 0
867.7932263814616 77.61140819964346 -1 0 0
872.4685510567864 101.61140819964348 -1 0 0
911.7412783295136 66.70231729055256 -1 0 0
893.6633562515915 53.61140819964346 -1 0 0
925.1438757321109 45.195823784059066 -1 0 0
915.7932263814616 45.819200407435666 -1 0 0
935.7412783295136 43.94907053730581 -1 0 0
948.2088107970461 38.026992615227876 -1 0 0
960.0529666412019 42.70231729055255 -1 0 0
960.3646549528903 35.22179781003308 -1 0 0
967.2217978100331 54.54647313470841 -1 0 0
980.0010185892539 46.13088871912399 -1 0 0
1001.195823784059 44.57244716068243 -1 0 0
1012.4166030048383 45.507512095747366 -1 0 0
1014.2867328749682 38.026992615227876 -1 0 0
1020.2088107970462 39.27374586198113 -1 0 0
1023.014005602241 45.819200407435666 -1 0 0
1023.6373822256176 30.85816144639673 -1 0 0
996.8321874204228 95.68933027756555 -1 0 0
976.8841354723708 90.70231729055257 -1 0 0
959.117901706137 82.91010949834477 -1 0 0
946.0269926152279 75.42959001782529 -1 0 0
1021.7672523554877 109.71530430353955 -1 0 0
206.28673287496815 732.9920275802627 -1 0 0
306.53848112671636 614.3266929149281 -1 0 0
461.00801159624683 449.6273922156274 -1 0 0
524.4325870208222 392.3406789289142 -1 0 0
969.171847760083 64.79622338445873 -1 0 0
989.1198997081348 45.871148459383846 -1 0 0
997.303715891951 76.56045914869452 -1 0 0
1017.251767840003 84.7442753325107 -1 0 0
30.123417929044578 334.4979998688438 -1 0 0
36.54482261131877 163.90268214309125 -1 0 0
49.8157256213522 175.03311692569994 -1 0 0
91.34080923339235 128.7990032133254 -1 0 0
134.25719719325852 69.72208013640241 -1 0 0
147.42107679192077 65.54816709292416 -1 0 0
463.7822808052989 64.21037445078365 -1 0 0
480.3709095678407 57.36087612302444 -1 0 0
778.4311102367371 187.44783264476354 -1 0 0
824.4511771263693 81.49465538723844 -1 0 0
981.775591842088 34.243819266837164 -1 0 0
982.9528493671717 102.36422060462976 -1 0 0
807.1133844842284 119.80903665814141 -1 0 0
965.2939864909175 24.82575906616827 -1 0 0
723.7421470260347 31.033116925700035 -1 0 0
840.3976654206836 33.17358515312478 -1 0 0
