111.30190091303709 342.38587037868587 -1 0 0
96.64541236341877 364.3706032031133 -1 0 0
17.500374195479797 383.4240383176172 -1 0 0
8.706481065708823 354.1110612183805 -1 0 0
87.85151923364774 427.39350396647205 -1 0 0
11.637778775632457 431.7904505313576 -1 0 0
65.8667864092203 465.5003741954797 -1 0 0
55.60724442448747 339.4545726687622 -1 0 0
33.622511600059966 481.6225116000598 -1 0 0
178.72174824128132 459.63777877563246 -1 0 0
142.08052686723556 472.8286184702889 -1 0 0
111.30190091303709 543.1797635084569 -1 0 0
58.5385421344111 645.7751833557851 -1 0 0
162.59961083670123 560.7675497679988 -1 0 0
2.8438856458614836 635.5156413710523 -1 0 0
191.91258793593784 510.9354886992965 -1 0 0
275.4545726687623 471.3629696153271 -1 0 0
281.3171680886096 565.1644963328844 -1 0 0
319.4240383176172 584.2179314473882 -1 0 0
202.17212992067067 678.0194581649455 -1 0 0
391.24083221074704 557.8362520580752 -1 0 0
502.63014518784627 547.5767100733423 -1 0 0
537.8057177069302 444.98129022601404 -1 0 0
559.7904505313577 486.0194581649454 -1 0 0
577.3782367908996 354.1110612183805 -1 0 0
616.9507558748691 403.9431222870828 -1 0 0
627.2102978596018 486.0194581649454 -1 0 0
675.5767100733424 367.301900913037 -1 0 0
704.8896871725792 414.20266427181565 -1 0 0
757.6530459512051 425.92785511151027 -1 0 0
753.2560993863196 383.4240383176172 -1 0 0
650.6606795389913 230.99655740158664 -1 0 0
690.2331986229607 225.1339619817393 -1 0 0
706.3553360275408 200.2179314473881 -1 0 0
757.6530459512051 332.12632839395303 -1 0 0
841.1950306840293 349.714114653495 -1 0 0
869.0423589283043 329.19503068402935 -1 0 0
915.9431222870828 370.23319862296063 -1 0 0
893.9583894626554 455.2408322107469 -1 0 0
885.1644963328844 513.8667864092203 -1 0 0
948.1873970962433 424.4622062565485 -1 0 0
977.5003741954798 490.41640472983096 -1 0 0
996.5538093099838 364.3706032031133 -1 0 0
939.3935039664722 339.4545726687622 -1 0 0
959.9125879359378 321.8667864092202 -1 0 0
948.1873970962433 298.41640472983084 -1 0 0
990.6912138901363 288.156862745098 -1 0 0
980.4316719054035 250.04999251609044 -1 0 0
967.2408322107469 261.7751833557851 -1 0 0
995.088160455022 225.1339619817393 -1 0 0
1017.0728932794494 216.34006885196825 -1 0 0
1005.2255650351743 248.21793144738817 -1 0 0
919.4851070199071 143.42403831761717 -1 0 0
956.8591528214339 136.095794042808 -1 0 0
