559.6105212816833 372.91783835485415 -1 0 0
361.0544237207078 215.57149689143947 -1 0 0
334.8300334768053 199.33735054997612 -1 0 0
488.43003347680536 135.64954567192726 -1 0 0
562.1080822572931 138.14710664753704 -1 0 0
609.5617407938785 155.63003347680535 -1 0 0
635.7861310377809 196.83978957436636 -1 0 0
660.7617407938785 215.57149689143947 -1 0 0
652.0202773792442 159.37637494022 -1 0 0
719.4544237207077 134.40076518412246 -1 0 0
980.4495456719274 269.26905786704924 -1 0 0
950.4788139646101 210.57637494021995 -1 0 0
905.5227164036346 206.83003347680534 -1 0 0
903.0251554280248 103.18125298900051 -1 0 0
880.547106647537 93.19100908656144 -1 0 0
889.2885700621712 76.95686274509809 -1 0 0
2.0300334768054005 228.37149689143956 -1 0 0
49.483692013390765 211.5129603060737 -1 0 0
62.59588713534197 197.77637494022005 -1 0 0
2.0300334768054005 130.34222859875666 -1 0 0
51.981252989000495 129.09344811095178 -1 0 0
95.68857006217124 120.97637494022003 -1 0 0
130.65442372070785 120.35198469631761 -1 0 0
74.45930176948829 84.76174079387862 -1 0 0
17.639789574366375 51.0446676231469 -1 0 0
43.23978957436635 57.28857006217125 -1 0 0
40.74222859875661 46.67393591582981 -1 0 0
48.85930176948832 35.43491152558593 -1 0 0
57.60076518412247 30.439789574366394 -1 0 0
72.58613103778097 47.298326159732255 -1 0 0
71.96174079387852 38.556862745098066 -1 0 0
80.70320420851272 24.195887135341977 -1 0 0
93.81539933046392 46.67393591582981 -1 0 0
119.41539933046388 45.42515542802493 -1 0 0
110.04954567192733 24.820277379244416 -1 0 0
108.80076518412245 12.956862745098094 -1 0 0
130.65442372070785 27.317838354854185 -1 0 0
151.25930176948827 35.43491152558593 -1 0 0
141.8934481109517 27.317838354854185 -1 0 0
146.88857006217125 47.298326159732255 -1 0 0
341.07393591582985 88.50808225729324 -1 0 0
432.8593017694882 78.5178383548542 -1 0 0
494.67393591582965 62.283692013390784 -1 0 0
577.7178383548542 51.0446676231469 -1 0 0
600.8202773792444 41.67881396461028 -1 0 0
667.6300334768055 32.937350549976166 -1 0 0
687.6105212816834 33.561740793878606 -1 0 0
766.9080822572931 29.815399330463954 -1 0 0
788.1373505499762 24.195887135341977 -1 0 0
822.4788139646104 27.317838354854185 -1 0 0
874.9275944524152 7.33735054997612 -1 0 0
931.7471066475371 18.576374940220074 -1 0 0
948.605643232903 11.708082257293212 -1 0 0
1011.6690578670492 15.766618842658941 -1 0 0
