771.0013071895426 622.6161220043574 -1 0 0
943.5642701525056 464.27538126361657 -1 0 0
853.4901960784315 310.6753812636165 -1 0 0
888.5716775599129 294.55686274509793 -1 0 0
828.8383442265797 195.94945533769058 -1 0 0
832.6309368191722 146.64575163398686 -1 0 0
795.6531590413945 144.74945533769056 -1 0 0
903.7420479302834 171.29760348583872 -1 0 0
650.5864923747279 166.55686274509793 -1 0 0
499.8309368191723 277.4901960784313 -1 0 0
479.9198257080612 229.1346405228757 -1 0 0
435.3568627450981 161.8161220043572 -1 0 0
556.7198257080611 463.32723311546835 -1 0 0
485.60871459695 419.7124183006535 -1 0 0
403.1198257080611 367.56427015250534 -1 0 0
308.3050108932463 347.65315904139425 -1 0 0
295.0309368191722 314.467973856209 -1 0 0
243.8309368191722 304.03834422657945 -1 0 0
218.23093681917214 289.8161220043573 -1 0 0
169.87538126361662 271.8013071895424 -1 0 0
148.0679738562092 249.04575163398684 -1 0 0
120.57167755991291 232.9272331154683 -1 0 0
97.81612200435737 233.8753812636165 -1 0 0
72.21612200435733 223.44575163398684 -1 0 0
58.942047930283245 208.27538126361648 -1 0 0
29.54945533769066 134.3198257080609 -1 0 0
624.0383442265795 91.4161220043573 -1 0 0
677.1346405228759 93.31241830065358 -1 0 0
707.0013071895426 70.08278867102398 -1 0 0
717.4309368191721 66.29019607843136 -1 0 0
722.171677559913 52.660566448801724 -1 0 0
767.682788671024 59.29760348583876 -1 0 0
997.1346405228759 164.30501089324616 -1 0 0
991.445751633987 136.09760348583876 -1 0 0
910.8531590413943 46.49760348583876 -1 0 0
359.0309368191722 122.7050108932462 -1 0 0
350.0235294117648 110.85315904139433 -1 0 0
436.77908496732033 80.98649237472765 -1 0 0
469.96427015250555 66.76427015250545 -1 0 0
301.43093681917213 38.20130718954246 -1 0 0
306.882788671024 36.779084967320244 -1 0 0
388.89760348583883 56.216122004357274 -1 0 0
412.12723311546847 43.41612200435727 -1 0 0
335.5938997821351 7.07538126361656 -1 0 0
342.76427015250545 4.201307189542483 -1 0 0
102.0827886710239 122.7050108932462 -1 0 0
65.57908496732018 100.42352941176472 -1 0 0
39.979084967320176 113.69760348583875 -1 0 0
116.06797385620912 66.40871459694986 -1 0 0
95.91982570806098 60.719825708060974 -1 0 0
7.149455337690615 60.06797385620913 -1 0 0
23.119825708061004 12.297603485838774 -1 0 0
1017.507512095747 342.21480480304024 -1 0 0
382.238780827016 9.043975632211025 -1 0 0
417.5314881197233 4.440579028814397 -1 0 0
673.5481670929244 158.76555839727186 -1 0 0
3.153518263492694 219.5548560561347 -1 0 0
0.7990032133254549 55.916060069512774 -1 0 0
66.0832841497803 1.976260738409074 -1 0 0
127.30067545412813 3.902682143091357 -1 0 0
148.70535772837562 0.47793297921174704 -1 0 0
