120.23025724051085 580.1201654973916 -1 0 0
45.36787191940993 401.3311746717035 -1 0 0
270.83576182766683 385.4779636625292 -1 0 0
330.7256700845474 354.65227558913466 -1 0 0
287.5697067817952 397.80823889188696 -1 0 0
-63.843137254902004 445.3678719194099 -1 0 0
263.7898902680338 483.2394315524374 -1 0 0
265.551358157942 287.71649577262093 -1 0 0
188.92750494693286 256.8908076992264 -1 0 0
147.60640402950176 276.81741320381366 -1 0 0
485.73484439647405 525.5146609102355 -1 0 0
492.78071595610714 602.1385141212447 -1 0 0
579.0926425616116 602.1385141212447 -1 0 0
682.1385141212446 694.6155783414282 -1 0 0
683.0192480661988 546.6522755891347 -1 0 0
651.3128260478502 417.1843856808778 -1 0 0
617.8449361395933 308.85411045152006 -1 0 0
448.74401870840063 373.1476884331714 -1 0 0
404.7073214606942 374.0284223781255 -1 0 0
-87.62295376866346 435.6797985249145 -1 0 0
788.7073214606942 537.8449361395933 -1 0 0
836.2669544882172 676.1201654973916 -1 0 0
967.4963122863822 507.0192480661989 -1 0 0
953.4045691671162 458.57888109372175 -1 0 0
832.7440187084006 417.1843856808778 -1 0 0
811.6064040295016 425.991725130419 -1 0 0
776.5238352221623 208.7807159561072 -1 0 0
851.8265875157401 243.34952329555674 -1 0 0
849.8449361395934 258.762367332254 -1 0 0
880.6706242129878 262.7256700845475 -1 0 0
868.5605324698688 299.71649577262093 -1 0 0
812.6339269652816 274.61557834142826 -1 0 0
761.1109911854651 271.9733765065659 -1 0 0
758.9091563230797 263.6064040295017 -1 0 0
752.5238352221623 294.87245907537323 -1 0 0
918.1752113689513 292.67062421298795 -1 0 0
948.3403489836302 270.4320921028962 -1 0 0
1012.1935599928045 312.48713797445583 -1 0 0
985.9917251304192 235.20273430473102 -1 0 0
961.1109911854651 260.30365173592367 -1 0 0
954.065119625832 244.89080769922643 -1 0 0
933.8082388918871 250.61557834142826 -1 0 0
923.8999820111532 233.44126641482276 -1 0 0
967.7164957726211 220.89080769922643 -1 0 0
973.0008994423457 232.56053246986866 -1 0 0
986.6522755891348 225.73484439647416 -1 0 0
997.0008994423457 227.49631228638242 -1 0 0
1015.9366792588596 240.92750494693288 -1 0 0
990.8357618276668 153.95502788271276 -1 0 0
1009.3311746717036 182.57888109372195 -1 0 0
1001.1843856808778 171.3495232955568 -1 0 0
995.6797985249145 172.4504407267495 -1 0 0
1022.9825508184925 160.78071595610726 -1 0 0
846.6155783414283 186.76236733225403 -1 0 0
352.7440187084007 601.2577801762905 -1 0 0
954.2853031120703 336.1568627450979 -1 0 0
985.1109911854649 302.68897283684106 -1 0 0
340.9194045511182 283.1267624106499 -1 0 0
