357.9183306350061 53.82658751574024 -1 0 0
374.1018168735382 75.62475265335492 -1 0 0
297.5880554056483 16.28530311207052 -1 0 0
332.5972297175749 13.753193020327403 -1 0 0
459.7531930203272 71.00089944234574 -1 0 0
472.74401870840063 45.01924806619896 -1 0 0
438.3953948551896 18.597229717575107 -1 0 0
513.9183306350061 35.00089944234575 -1 0 0
526.0284223781255 12.542183846015481 -1 0 0
589.5513581579419 62.30365173592372 -1 0 0
601.6614499010612 37.973376506565934 -1 0 0
613.1109911854649 31.69814714876777 -1 0 0
579.8632847634465 17.49631228638245 -1 0 0
549.6981471487676 18.26695448821731 -1 0 0
645.9183306350062 38.74401870840079 -1 0 0
718.5987447415548 144.92043483499336 -1 0 0
717.435206318863 53.77659172414167 -1 0 0
761.2618202402513 63.47274524657269 -1 0 0
387.0549352978964 212.89047102723484 -1 0 0
360.6813977168841 189.23185643250312 -1 0 0
363.00847456226745 156.65278059713486 -1 0 0
360.2935515759868 134.9333967068894 -1 0 0
358.7421670123978 108.55985912587693 -1 0 0
389.38201214327984 254.00216196234243 -1 0 0
428.9423185147985 301.31939115180586 -1 0 0
475.1391032972528 369.77423502016893 -1 0 0
855.2283213765495 472.9413084988352 -1 0 0
851.4596150386759 74.90915632307973 -1 0 0
1006.9091563230796 96.92750494693294 -1 0 0
1019.8999820111532 399.0192480661989 -1 0 0
958.688972836841 656.7440187084007 -1 0 0
-252.00697341873803 404.1049146931499 -1 0 0
334.15886074709607 64.47654306477831 -1 0 0
927.4855340737694 131.9930265812618 -1 0 0
