0.1568627450980392 355.3117923225629 -1 0 0
48.23198011599002 217.09582988124833 -1 0 0
152.79536039768018 83.68737917702289 -1 0 0
425.6216514774924 77.67798950566151 -1 0 0
467.68737917702293 98.10991438829063 -1 0 0
467.68737917702293 414.2038111019056 -1 0 0
551.8188345760839 288.006628003314 -1 0 0
736.9080364540182 468.28831814415906 -1 0 0
1016.9455951394641 390.16625241645954 -1 0 0
941.2272852803093 76.4761115713891 -1 0 0
839.0676608671638 47.631041148853946 -1 0 0
1018.1474730737365 50.034797017398496 -1 0 0
