653.0399796282151 443.3776419658772 -1 0 0
674.23478482302 336.15686274509795 -1 0 0
624.3646549528902 283.79322638146164 -1 0 0
892.4166030048383 423.42959001782526 -1 0 0
978.4425770308125 536.8841354723708 -1 0 0
1013.3516679399032 357.3516679399032 -1 0 0
929.8192004074357 266.33868092691614 -1 0 0
812.6243952126305 278.8062133944486 -1 0 0
989.6633562515915 21.975044563279702 -1 0 0
962.23478482302 43.16984975808494 -1 0 0
903.6373822256174 156.62439521263042 -1 0 0
883.6893302775655 109.24777183600708 -1 0 0
886.1828367710721 78.07894066717591 -1 0 0
876.2088107970462 59.377641965877224 -1 0 0
813.8711484593839 125.4555640437992 -1 0 0
806.3906289788642 41.923096511331664 -1 0 0
778.9620575502928 29.455564043799203 -1 0 0
726.5984211866564 165.35166793990314 -1 0 0
643.0659536541889 59.377641965877224 -1 0 0
562.0269926152279 162.85816144639665 -1 0 0
518.3906289788644 112.98803157626675 -1 0 0
523.3776419658773 85.55946014769542 -1 0 0
615.6373822256176 50.65036923860445 -1 0 0
712.8841354723708 39.42959001782526 -1 0 0
658.0269926152279 18.23478482302002 -1 0 0
100.72829131652657 347.3776419658772 -1 0 0
140.62439521263042 317.45556404379926 -1 0 0
73.2997198879551 293.7672523554875 -1 0 0
10.9620575502928 311.221797810033 -1 0 0
15.949070537305754 270.0789406671759 -1 0 0
12.208810797046002 201.5075120957473 -1 0 0
45.871148459383704 170.33868092691617 -1 0 0
183.01400560224084 208.98803157626682 -1 0 0
222.9101094983447 235.1698497580849 -1 0 0
353.8192004074357 241.40361599185124 -1 0 0
327.63738222561744 195.27374586198107 -1 0 0
370.0269926152279 131.68933027756552 -1 0 0
464.78023936847467 177.8192004074356 -1 0 0
376.26075884899416 99.27374586198101 -1 0 0
408.6763432645786 59.377641965877224 -1 0 0
432.36465495289025 56.88413547237067 -1 0 0
479.7412783295137 55.6373822256174 -1 0 0
436.1049146931499 34.44257703081216 -1 0 0
394.96205755029285 24.46855105678625 -1 0 0
347.58543417366946 26.9620575502928 -1 0 0
297.71530430353954 85.55946014769542 -1 0 0
232.88413547237073 38.18283677107198 -1 0 0
229.14387573211093 68.10491469314987 -1 0 0
199.22179781003305 70.59842118665641 -1 0 0
191.74127832951362 50.65036923860445 -1 0 0
195.48153806977328 35.68933027756544 -1 0 0
139.37764196587722 48.1568627450979 -1 0 0
138.13088871912396 69.35166793990314 -1 0 0
189.24777183600708 125.4555640437992 -1 0 0
145.61140819964345 142.9101094983447 -1 0 0
118.18283677107199 135.42959001782526 -1 0 0
68.31270690094215 137.92309651133172 -1 0 0
19.689330277565507 105.50751209574724 -1 0 0
82.02699261522788 99.27374586198101 -1 0 0
110.70231729055256 68.10491469314987 -1 0 0
69.76725235548763 57.19582378405903 -1 0 0
74.75426534250062 77.143875732111 -1 0 0
80.98803157626685 67.16984975808501 -1 0 0
76.6243952126305 47.221797810033046 -1 0 0
99.06595365418895 27.89712248535772 -1 0 0
105.92309651133178 32.26075884899411 -1 0 0
200.05296664120192 2.3386809269161626 -1 0 0
128.36465495289022 80.26075884899412 -1 0 0
157.0399796282149 80.88413547237074 -1 0 0
299.16984975808504 14.806213394448621 -1 0 0
245.55946014769546 1.715304303539525 -1 0 0
522.7542653425008 14.806213394448552 -1 0 0
541.4555640437995 39.74127832951354 -1 0 0
550.8062133944488 12.936083524318711 -1 0 0
540.2088107970462 54.07894066717584 -1 0 0
613.1438757321112 29.76725235548756 -1 0 0
580.7282913165267 22.286732874968056 -1 0 0
106.03498462322001 618.9300895183248 -1 0 0
697.3157039039393 668.0329866212219 -1 0 0
760.7402793285146 140.1768427650781 -1 0 0
961.2437758320111 169.84317643141176 -1 0 0
984.7722473604827 89.0279916162269 -1 0 0
62.04697263520799 21.511508099743484 -1 0 0
126.44448816315827 214.63177913305776 -1 0 0
337.92274903272363 44.25050823004772 -1 0 0
29.695324283559593 20.277264082890564 -1 0 0
685.5347891665028 32.4779329792116 -1 0 0
