34.72370766488422 556.3065953654188 -1 0 0
31.985739750445717 383.13012477718365 -1 0 0
53.20499108734408 283.19429590017836 -1 0 0
26.509803921568697 272.9269162210339 -1 0 0
42.93761140819975 190.10338680926918 -1 0 0
12.819964349376225 193.52584670231732 -1 0 0
100.4349376114083 279.08734402852053 -1 0 0
182.57397504456335 374.2317290552585 -1 0 0
193.52584670231732 354.3814616755794 -1 0 0
185.99643493761144 550.1461675579324 -1 0 0
116.17825311942964 584.3707664884136 -1 0 0
296.8841354723709 543.9857397504456 -1 0 0
280.45632798573985 418.72370766488416 -1 0 0
357.1194295900179 491.9643493761141 -1 0 0
351.64349376114086 364.64884135472374 -1 0 0
340.6916221033868 338.638146167558 -1 0 0
318.78787878787887 343.4295900178253 -1 0 0
341.37611408199655 306.4670231729056 -1 0 0
455.00178253119435 400.2424242424243 -1 0 0
484.4349376114083 437.88948306595364 -1 0 0
465.9536541889484 476.90552584670235 -1 0 0
588.4777183600713 393.39750445632797 -1 0 0
630.2317290552585 395.4509803921568 -1 0 0
667.8787878787879 420.77718360071316 -1 0 0
682.9376114081997 461.162210338681 -1 0 0
816.4135472370767 488.54188948306603 -1 0 0
749.3333333333334 368.75579322638146 -1 0 0
673.3547237076649 372.17825311942966 -1 0 0
778.7664884135472 342.0606060606061 -1 0 0
833.5258467023173 381.7611408199644 -1 0 0
955.3654188948307 371.49376114081997 -1 0 0
828.0499108734404 326.3172905525847 -1 0 0
874.5953654188949 305.09803921568624 -1 0 0
926.6167557932264 287.98573975044565 -1 0 0
893.0766488413547 266.7664884135473 -1 0 0
869.8039215686274 227.75044563279857 -1 0 0
594.6381461675579 249.65418894830665 -1 0 0
526.1889483065954 235.96434937611411 -1 0 0
490.5953654188949 238.70231729055263 -1 0 0
428.30659536541896 237.33333333333334 -1 0 0
359.8573975044563 238.70231729055263 -1 0 0
351.64349376114086 226.38146167557937 -1 0 0
356.4349376114083 210.63814616755795 -1 0 0
362.5953654188949 190.7878787878788 -1 0 0
395.45098039215685 196.9483065953655 -1 0 0
479.64349376114086 209.2691622103387 -1 0 0
499.4937611408201 199.00178253119435 -1 0 0
514.5525846702318 211.3226381461676 -1 0 0
556.306595365419 201.73975044563286 -1 0 0
596.6916221033867 184.6274509803922 -1 0 0
568.6274509803922 181.20499108734407 -1 0 0
561.782531194296 173.67557932263819 -1 0 0
411.19429590017836 187.36541889483073 -1 0 0
474.8520499108734 198.3172905525847 -1 0 0
617.2263814616756 149.71836007130133 -1 0 0
587.1087344028521 152.45632798573976 -1 0 0
574.7878787878789 149.03386809269168 -1 0 0
569.9964349376114 136.7130124777184 -1 0 0
563.1515151515151 127.81461675579325 -1 0 0
598.7450980392157 134.65953654188954 -1 0 0
637.0766488413548 127.81461675579325 -1 0 0
663.0873440285204 120.28520499108737 -1 0 0
655.5579322638146 137.397504456328 -1 0 0
666.5098039215686 156.56327985739756 -1 0 0
701.4188948306596 159.98573975044565 -1 0 0
700.0499108734404 132.60606060606062 -1 0 0
745.2263814616756 162.72370766488416 -1 0 0
734.9590017825312 162.0392156862746 -1 0 0
739.065953654189 205.16221033868095 -1 0 0
770.5525846702317 177.78253119429593 -1 0 0
787.6648841354724 171.62210338680933 -1 0 0
779.4509803921569 153.82531194295905 -1 0 0
803.4081996434938 140.81996434937614 -1 0 0
819.1515151515151 137.397504456328 -1 0 0
794.5098039215686 183.25846702317293 -1 0 0
805.4616755793227 190.10338680926918 -1 0 0
823.2584670231729 194.21033868092698 -1 0 0
914.2959001782532 242.1247771836008 -1 0 0
921.825311942959 221.590017825312 -1 0 0
966.3172905525847 221.590017825312 -1 0 0
980.0071301247771 193.52584670231732 -1 0 0
975.2156862745098 168.19964349376116 -1 0 0
958.7878787878788 118.91622103386806 -1 0 0
906.0819964349375 117.54723707664893 -1 0 0
862.9590017825311 178.46702317290556 -1 0 0
845.8467023172905 116.8627450980392 -1 0 0
816.4135472370767 117.54723707664893 -1 0 0
381.7611408199644 149.71836007130133 -1 0 0
398.873440285205 140.81996434937614 -1 0 0
400.9269162210339 131.2370766488414 -1 0 0
422.14616755793236 134.65953654188954 -1 0 0
448.156862745098 134.65953654188954 -1 0 0
465.26916221033866 138.08199643493765 -1 0 0
492.64884135472374 149.03386809269168 -1 0 0
497.440285204991 140.81996434937614 -1 0 0
532.349376114082 136.7130124777184 -1 0 0
487.1729055258467 121.65418894830665 -1 0 0
463.9001782531195 116.8627450980392 -1 0 0
500.349376114082 78.01782531194301 -1 0 0
511.64349376114086 78.01782531194301 -1 0 0
506.16755793226383 65.35472370766493 -1 0 0
510.95900178253123 64.3279857397505 -1 0 0
487.34402852049914 71.85739750445639 -1 0 0
464.75579322638146 109.16221033868098 -1 0 0
384.6702317290553 107.45098039215692 -1 0 0
461.33333333333337 123.87878787878792 -1 0 0
480.4991087344029 102.65953654188951 -1 0 0
489.0552584670232 115.66488413547242 -1 0 0
533.5472370766488 65.35472370766493 -1 0 0
533.8894830659536 76.99108734402859 -1 0 0
557.5044563279857 67.40819964349383 -1 0 0
571.878787878788 72.1996434937612 -1 0 0
596.1782531194295 70.48841354723713 -1 0 0
611.921568627451 72.541889483066 -1 0 0
633.8253119429589 72.541889483066 -1 0 0
641.6969696969697 65.35472370766493 -1 0 0
660.8627450980392 65.35472370766493 -1 0 0
670.1033868092693 77.67557932263819 -1 0 0
679.6862745098039 75.62210338680933 -1 0 0
680.3707664884134 64.3279857397505 -1 0 0
688.9269162210337 64.67023172905533 -1 0 0
691.6648841354723 70.48841354723713 -1 0 0
703.301247771836 72.1996434937612 -1 0 0
710.8306595365418 67.40819964349383 -1 0 0
709.8039215686274 63.301247771836074 -1 0 0
723.1515151515151 67.40819964349383 -1 0 0
733.7611408199643 75.2798573975045 -1 0 0
727.9429590017826 78.70231729055267 -1 0 0
739.2370766488414 64.67023172905533 -1 0 0
770.3814616755793 66.38146167557936 -1 0 0
779.2798573975044 71.85739750445639 -1 0 0
792.6274509803922 68.77718360071306 -1 0 0
846.3600713012477 92.39215686274514 -1 0 0
866.8948306595366 96.84135472370772 -1 0 0
839.5151515151516 63.301247771836074 -1 0 0
863.4723707664884 58.50980392156862 -1 0 0
902.1461675579322 64.3279857397505 -1 0 0
939.7932263814616 109.16221033868098 -1 0 0
995.9215686274509 139.27985739750451 -1 0 0
973.6755793226381 74.5953654188949 -1 0 0
955.8787878787878 69.11942959001787 -1 0 0
946.9803921568628 70.48841354723713 -1 0 0
943.9001782531194 59.53654188948305 -1 0 0
975.3868092691621 61.24777183600714 -1 0 0
993.1836007130124 58.50980392156862 -1 0 0
846.6167557932264 52.09269162210339 -1 0 0
947.7504456327986 44.73440285204992 -1 0 0
967.4295900178253 37.88948306595366 -1 0 0
982.488413547237 34.63814616755794 -1 0 0
1008.156862745098 36.0071301247772 -1 0 0
1008.156862745098 127.04456327985739 -1 0 0
784.7802393684746 55.33368592192124 -1 0 0
766.3666529548882 50.21880080703618 -1 0 0
718.4979998688439 714.6451570594794 -1 0 0
824.6652239491115 748.8926486982753 -1 0 0
836.65184602269 294.8993376614859 -1 0 0
915.4210767919209 194.72542461800765 -1 0 0
