489.40130718954265 629.2531590413944 -1 0 0
260.89760348583883 547.7124183006536 -1 0 0
165.13464052287588 514.5272331154683 -1 0 0
78.85315904139436 490.82352941176464 -1 0 0
9.638344226579541 362.82352941176464 -1 0 0
266.58649237472775 370.4087145969498 -1 0 0
277.0161220043574 274.6457516339869 -1 0 0
452.42352941176483 348.6013071895424 -1 0 0
431.5642701525055 254.73464052287576 -1 0 0
450.52723311546856 245.2531590413943 -1 0 0
471.38649237472777 187.41612200435722 -1 0 0
472.33464052287593 165.6087145969498 -1 0 0
585.1642701525057 154.23093681917203 -1 0 0
689.4605664488018 226.29019607843128 -1 0 0
727.3864923747277 175.09019607843126 -1 0 0
767.20871459695 379.8901960784313 -1 0 0
795.6531590413945 362.82352941176464 -1 0 0
897.1050108932463 150.4383442265794 -1 0 0
909.4309368191723 140.95686274509796 -1 0 0
282.70501089324625 135.2679738562091 -1 0 0
276.06797385620916 140.95686274509796 -1 0 0
175.5642701525055 176.03834422657945 -1 0 0
147.1198257080611 169.40130718954242 -1 0 0
132.8976034858388 173.19389978213496 -1 0 0
185.04575163398692 153.28278867102392 -1 0 0
310.2013071895425 130.5272331154683 -1 0 0
343.38649237472777 195.0013071895424 -1 0 0
393.63834422657965 199.74204793028312 -1 0 0
304.5124183006537 196.8976034858387 -1 0 0
399.3272331154685 117.49019607843137 -1 0 0
461.43093681917225 89.51982570806099 -1 0 0
457.63834422657965 72.9272331154684 -1 0 0
438.20130718954255 69.60871459694988 -1 0 0
294.08278867102405 67.71241830065357 -1 0 0
266.11241830065364 72.9272331154684 -1 0 0
239.8013071895425 73.99389978213506 -1 0 0
214.6753812636166 84.18649237472766 -1 0 0
277.9642701525055 56.45315904139432 -1 0 0
268.9568627450981 53.84575163398691 -1 0 0
276.5420479302833 45.312418300653576 -1 0 0
280.3346405228759 33.46056644880173 -1 0 0
284.6013071895425 124.48278867102394 -1 0 0
19.593899782134994 99.00130718954246 -1 0 0
36.66056644880165 88.09760348583879 -1 0 0
63.68278867102391 73.87538126361655 -1 0 0
30.497603485838706 71.50501089324618 -1 0 0
4.897603485838701 86.20130718954248 -1 0 0
981.4475720358072 78.09492468316003 -1 0 0
959.4535660418013 39.22179781003319 -1 0 0
934.9021174903527 38.19882078705618 -1 0 0
883.7532663415014 41.77924036747572 -1 0 0
848.4605590487943 36.66435525259059 -1 0 0
858.5624571506925 23.525494113729412 -1 0 0
844.4965230847583 18.922097510332783 -1 0 0
1020.4485710368064 23.014005602240907 -1 0 0
410.88213747037264 66.33068891892428 -1 0 0
346.4345850228202 21.735284323519604 -1 0 0
338.50651309474836 20.71230730054259 -1 0 0
248.22879081702604 29.663356251591527 -1 0 0
326.48653307476826 10.94607353430884 -1 0 0
273.163855752091 8.044974633209925 -1 0 0
16.396622984858297 81.8351844234197 -1 0 0
71.63738222561753 17.13188772012301 -1 0 0
60.89612348435878 23.014005602240907 -1 0 0
84.61640320463849 13.887132475367787 -1 0 0
977.6114081996432 4.632387220622702 -1 0 0
56.237130303626465 68.75886943406127 -1 0 0
