55.245470340034835 439.4480019856044 -1 0 0
123.2961032514273 254.73914122611086 -1 0 0
187.7011665425665 223.14420451725013 -1 0 0
221.72648299826267 198.84040704889566 -1 0 0
276.4100273020601 144.15686274509824 -1 0 0
305.5745842640854 153.87838173244003 -1 0 0
338.384710846364 156.30876147927546 -1 0 0
365.1188880615538 125.92901464383242 -1 0 0
425.8783817324399 88.25812856788309 -1 0 0
478.13154628940185 117.42268552990843 -1 0 0
514.5872424919336 266.891039960288 -1 0 0
461.1188880615538 321.5745842640855 -1 0 0
704.156862745098 543.9543310995285 -1 0 0
649.4733184413008 709.2201538843386 -1 0 0
898.5872424919336 343.4480019856045 -1 0 0
935.0429386944652 310.63787540332606 -1 0 0
870.6378754033261 272.96698932737667 -1 0 0
999.4480019856045 155.09357160585776 -1 0 0
813.5239513526928 151.44800198560458 -1 0 0
770.9923057830727 114.99230578307298 -1 0 0
678.6378754033261 187.9036981881362 -1 0 0
655.5492678083891 163.5999007197818 -1 0 0
818.3847108463638 91.90369818813633 -1 0 0
775.8530652767436 71.24547034003498 -1 0 0
762.4859766691487 57.878381732440104 -1 0 0
159.75179945395888 114.99230578307298 -1 0 0
171.9036981881361 93.11888806155397 -1 0 0
79.54926780838929 87.04293869446543 -1 0 0
60.106229833705726 78.53660958054131 -1 0 0
44.30876147927533 78.53660958054131 -1 0 0
29.726482998262735 71.24547034003498 -1 0 0
88.05559692231334 57.878381732440104 -1 0 0
97.77711590965512 44.51129312484508 -1 0 0
62.53660958054117 10.485976669149 -1 0 0
7.853065276743734 11.701166542566652 -1 0 0
102.637875403326 16.56192603623754 -1 0 0
145.16952097294623 21.42268552990843 -1 0 0
158.53660958054118 23.853065276743877 -1 0 0
180.41002730206017 27.498634896996972 -1 0 0
205.92901464383235 6.840407048895762 -1 0 0
266.6885083147184 46.94167287168053 -1 0 0
179.19483742864244 66.38471084636409 -1 0 0
273.97964755522463 21.42268552990843 -1 0 0
303.14420451725005 37.22015388433876 -1 0 0
294.63787540332606 37.22015388433876 -1 0 0
283.70116654256645 44.51129312484508 -1 0 0
249.67585008687035 50.58724249193377 -1 0 0
255.75179945395888 96.76445768180707 -1 0 0
342.0302804666171 55.448001985604655 -1 0 0
350.5366095805412 15.34673616281989 -1 0 0
378.4859766691488 10.485976669149 -1 0 0
397.9290146438323 28.713824770414764 -1 0 0
413.72648299826267 18.992305783072986 -1 0 0
425.8783817324399 16.56192603623754 -1 0 0
446.5366095805411 4.410027302060318 -1 0 0
482.99230578307277 3.1948374286426664 -1 0 0
462.33407793497156 4.410027302060318 -1 0 0
474.4859766691488 18.992305783072986 -1 0 0
455.04293869446525 33.57458426408566 -1 0 0
554.6885083147183 45.72648299826288 -1 0 0
566.8404070488955 36.0049640109211 -1 0 0
591.1442045172499 18.992305783072986 -1 0 0
574.1315462894019 10.485976669149 -1 0 0
707.8024323653514 44.51129312484508 -1 0 0
847.5492678083891 16.56192603623754 -1 0 0
892.5112931248449 23.853065276743877 -1 0 0
966.6378754033261 3.1948374286426664 -1 0 0
1021.3214197071234 32.35939439066786 -1 0 0
329.8783817324399 32.35939439066801 -1 0 0
339.59990071978166 23.85306527674402 -1 0 0
19.207029969178297 11.822414584562948 -1 0 0
125.37425404944584 7.327431306970968 -1 0 0
106.11004000262312 3.902682143091357 -1 0 0
165.61505672503114 11.394320939077993 -1 0 0
157.4812774608171 13.320742343760275 -1 0 0
164.54482261131878 23.380943012656573 -1 0 0
219.7689028788773 4.972916256803728 -1 0 0
237.74883598924518 12.464555052790363 -1 0 0
122.37759853105119 37.936126959144886 -1 0 0
585.7889697685097 187.01973899927853 -1 0 0
468.70535772837576 25.307364417338857 -1 0 0
477.90937110630216 6.043150370516099 -1 0 0
471.48796642402795 9.467899534395709 -1 0 0
552.183618597941 7.969571775198382 -1 0 0
546.6184012066366 15.675257393927478 -1 0 0
261.50803331365995 6.043150370516064 -1 0 0
367.0331169257001 25.949504885566235 -1 0 0
360.18361859794095 10.324086825365585 -1 0 0
297.0398058889108 24.023083480883987 -1 0 0
273.49465538723854 32.156862745098024 -1 0 0
904.0765951865695 15.033116925700062 -1 0 0
952.2371303036265 7.541478129713426 -1 0 0
978.136795855466 4.972916256803728 -1 0 0
862.5515115745294 6.685290838743551 -1 0 0
999.1133844842284 9.467899534395709 -1 0 0
1008.5314446848973 15.889304216669974 -1 0 0
