699.9093936787315 425.04775138401834 -1 0 0
604.305344184918 261.48419682833764 -1 0 0
434.98250953924867 213.10624407243213 -1 0 0
438.43807759324204 172.79128344251092 -1 0 0
341.682172081431 511.4369527338494 -1 0 0
228.8002823176515 539.0814971657954 -1 0 0
44.503319438011474 374.3660865921172 -1 0 0
299.06349941551423 302.9510134762566 -1 0 0
259.90039480359076 195.82840380246589 -1 0 0
149.32221707580675 217.71366814442317 -1 0 0
5.340214826087985 64.5168177507224 -1 0 0
76.7552879419485 3.4684487968416744 -1 0 0
60.629303689979984 10.379584904828175 -1 0 0
142.41108096782023 12.683296940823578 -1 0 0
158.5370652197887 16.1388649948169 -1 0 0
408.48982112530047 71.42795385870889 -1 0 0
337.07474800944 103.67992236264584 -1 0 0
258.7485387855929 33.41670526478322 -1 0 0
233.4077063896425 87.55393811067744 -1 0 0
223.04100222766274 112.89477050662789 -1 0 0
951.0140056022407 223.4729482344119 -1 0 0
978.6585500341866 165.88014733452442 -1 0 0
937.1917333862676 108.28734643463694 -1 0 0
967.1399898542093 52.99825757074495 -1 0 0
863.4729482344119 29.9611372107899 -1 0 0
827.7654116764814 31.112993228787673 -1 0 0
826.6135556584837 62.21310571472685 -1 0 0
856.5618121264253 101.37621032665044 -1 0 0
747.135490416639 173.9431394605086 -1 0 0
673.4167052647829 44.935265444760674 -1 0 0
312.8857716314873 23.0500011028034 -1 0 0
309.1422395729946 94.53706521978872 -1 0 0
782.2227968110318 83.4016179898534 -1 0 0
829.2797398679749 147.84917043740577 -1 0 0
17.03598362421892 49.09991968815496 -1 0 0
77.3916279798633 74.16285675109204 -1 0 0
74.57844116667648 156.86415545239078 -1 0 0
37.239779828015166 172.2088107970461 -1 0 0
68.44057902881434 126.68633327456861 -1 0 0
52.072946661181994 93.95106853930388 -1 0 0
22.918101506336843 120.03698262521796 -1 0 0
11.665354253589594 121.57144815968351 -1 0 0
105.26775185598716 106.22679281502818 -1 0 0
86.63177913305795 441.5214112400813 -1 0 0
123.87592629024857 166.47124401600095 -1 0 0
42.538133648108065 50.99298314643584 -1 0 0
60.08997311299101 47.140140337071294 -1 0 0
90.05652829693749 17.387631975867265 -1 0 0
12.571578464161576 10.538133648108081 -1 0 0
38.04315037051608 3.902682143091357 -1 0 0
113.17358515312476 36.43779919994756 -1 0 0
121.73545806282377 22.310708898944203 -1 0 0
123.66187946750605 10.966227293593036 -1 0 0
175.46121057118498 28.30401993573351 -1 0 0
172.03646140730538 3.902682143091357 -1 0 0
188.94616040396087 0.9060266246967027 -1 0 0
340.7053577283757 79.46121057118499 -1 0 0
362.966227293593 19.52810020329204 -1 0 0
331.9294379959342 13.96288281198769 -1 0 0
378.80569217653624 12.464555052790363 -1 0 0
290.1903075611516 33.44114368155291 -1 0 0
300.6786018755329 26.805692176536184 -1 0 0
439.8090366581418 146.99298314643576 -1 0 0
523.9294379959343 231.5414781297133 -1 0 0
468.0632172601484 208.42442127352606 -1 0 0
256.5849563905828 174.1769296347301 -1 0 0
257.4411436815527 321.4411436815529 -1 0 0
199.22040789559958 336.4244212735261 -1 0 0
265.14682930028187 247.3809430126565 -1 0 0
514.0832841497804 12.036461407305408 -1 0 0
570.8056921765362 23.166896189914112 -1 0 0
610.4043543838941 32.15686274509806 -1 0 0
630.3107088989442 100.43779919994753 -1 0 0
707.3675650862352 64.15686274509792 -1 0 0
724.0632172601483 52.59833431700427 -1 0 0
680.8257590661683 19.635123614663147 -1 0 0
693.2404747852319 22.20368548757281 -1 0 0
714.6451570594794 15.78228080529858 -1 0 0
747.1802741163356 20.49131090563306 -1 0 0
889.7354580628239 62.44448816315814 -1 0 0
948.812381139747 139.07325070496415 -1 0 0
892.3040199357335 128.79900321332534 -1 0 0
989.0531838153322 49.173585153124705 -1 0 0
737.3341202701818 35.90268214309125 -1 0 0
