73.79751610262981 703.3437955944628 -1 0 0
189.48535639301096 752.1278246325753 -1 0 0
280.0842674637915 731.2203836162414 -1 0 0
288.44724387032505 637.8338137432831 -1 0 0
397.1659371552615 605.7757375182379 -1 0 0
360.92637272694935 501.2385324365681 -1 0 0
149.06430376143203 469.1804562115227 -1 0 0
228.51257962350093 427.36557417885484 -1 0 0
94.70495711896372 216.8973346144265 -1 0 0
73.79751610262981 140.23671755453546 -1 0 0
30.588804668873006 64.96992989573326 -1 0 0
71.00985730045196 97.02800612077863 -1 0 0
82.16049250916338 73.3329063022668 -1 0 0
40.345610476495494 20.367389060887444 -1 0 0
122.58154514074234 39.881000676132565 -1 0 0
83.5543219102523 28.730365467421148 -1 0 0
135.12600975054266 136.0552293512686 -1 0 0
156.03345076687657 155.56884096651365 -1 0 0
139.30749795380953 197.38372299918154 -1 0 0
189.48535639301096 223.86648161987125 -1 0 0
257.78299704636845 207.14052880680404 -1 0 0
394.3782783530836 336.76666310807445 -1 0 0
438.9808191879294 359.0679335254973 -1 0 0
482.18953062168623 396.70132735489835 -1 0 0
738.6541404220492 694.9808191879292 -1 0 0
907.3074979538097 722.8574072097078 -1 0 0
1003.4817266289459 600.2004199138821 -1 0 0
944.9408917832109 531.9027792605245 -1 0 0
839.009857300452 569.5361730899257 -1 0 0
847.3728337069858 476.14960321696736 -1 0 0
738.6541404220492 435.7285505853884 -1 0 0
632.7231059392905 393.91366855272054 -1 0 0
762.349240240561 367.4309099320309 -1 0 0
695.4454289882924 342.34198071243014 -1 0 0
581.1514180990001 294.9517810754066 -1 0 0
514.2476068467316 336.76666310807445 -1 0 0
409.7104017650619 246.16775203729404 -1 0 0
370.68317853457177 200.1713818013594 -1 0 0
365.1078609302161 156.96267036760258 -1 0 0
445.94996619337394 138.84288815344647 -1 0 0
536.5488772641544 190.41457599373683 -1 0 0
629.9354471371126 243.38009323511616 -1 0 0
285.31112771787485 76.46902245471699 -1 0 0
244.8900750862959 92.49806056723965 -1 0 0
208.65051065798374 53.470837336749625 -1 0 0
190.53072844382768 49.289349133482844 -1 0 0
183.56158143838306 9.565211202448385 -1 0 0
235.13326927867342 16.53435820789302 -1 0 0
325.7321803494538 51.38009323511627 -1 0 0
334.79207145653186 82.74125475961716 -1 0 0
424.69406782676776 121.76847799010719 -1 0 0
395.42365040390035 36.7448845236825 -1 0 0
402.39279740934495 19.322017010070876 -1 0 0
444.2076794420129 32.56339632041572 -1 0 0
474.1750115654249 7.47446710081496 -1 0 0
458.8428881534466 63.22764314437218 -1 0 0
493.6886231806698 56.95541083947197 -1 0 0
472.78118216433586 82.74125475961716 -1 0 0
504.83925838938126 107.13326927867342 -1 0 0
949.7031422369312 374.4000569374756 -1 0 0
898.1314543966408 412.03345076687674 -1 0 0
847.2566812568949 359.76484822604186 -1 0 0
860.4980605672397 237.10786093021605 -1 0 0
930.1895306216862 256.62147254546113 -1 0 0
907.8882602042632 206.4436141062596 -1 0 0
953.1877157396534 222.47265221878232 -1 0 0
1003.365574178855 235.01711682858272 -1 0 0
1014.5162093875664 260.1060460481834 -1 0 0
994.3056830717768 308.89007508629595 -1 0 0
1011.0316358848441 345.1296395146081 -1 0 0
728.7811821643359 278.92274296288394 -1 0 0
774.0806376997261 239.1986050318495 -1 0 0
822.8646667378387 198.08063769972603 -1 0 0
797.775737518238 176.47628198284764 -1 0 0
771.2929788975482 156.26575566705822 -1 0 0
695.3292765382016 183.44542898829232 -1 0 0
690.4508736343903 220.38190811714892 -1 0 0
629.1223799864774 156.96267036760264 -1 0 0
650.0298210028113 151.38735276324695 -1 0 0
837.4998754492723 183.44542898829232 -1 0 0
591.256681256895 137.10060140208537 -1 0 0
630.2839044873849 82.74125475961716 -1 0 0
608.6795487705066 68.10604604818339 -1 0 0
598.2258282623396 59.74306964164983 -1 0 0
517.3837229991817 21.412761111704302 -1 0 0
571.0461549411054 20.018931710615373 -1 0 0
613.5579516743178 44.41094622967163 -1 0 0
654.6759190064412 39.53254332586035 -1 0 0
673.4926159211418 115.49624568520699 -1 0 0
702.7630333440093 31.16956691932679 -1 0 0
678.371018824953 8.171381801359459 -1 0 0
653.2820896053523 19.322017010070876 -1 0 0
845.6305469556246 9.565211202448385 -1 0 0
858.175011565425 21.412761111704302 -1 0 0
870.0225614746809 37.441799224227005 -1 0 0
901.3837229991818 32.56339632041572 -1 0 0
887.4454289882925 77.86285185580591 -1 0 0
902.0806376997263 82.74125475961716 -1 0 0
866.5379879719586 132.9191131988186 -1 0 0
797.5434326180565 139.19134550371882 -1 0 0
814.2693854311236 121.76847799010719 -1 0 0
759.2131240881109 79.95359595743932 -1 0 0
807.9971531262235 68.10604604818339 -1 0 0
801.028006120779 53.470837336749625 -1 0 0
791.9681150137008 54.16775203729412 -1 0 0
860.2657556670584 59.04615494110533 -1 0 0
564.425465285933 257.31838724600544 -1 0 0
1014.5162093875664 169.15867762713077 -1 0 0
946.9154834347534 131.52528379772968 -1 0 0
939.2494217287642 100.86103697377325 -1 0 0
955.2784598412869 94.58880466887308 -1 0 0
962.2476068467314 109.22401338030684 -1 0 0
990.8211095690546 107.13326927867342 -1 0 0
958.7630333440092 51.38009323511627 -1 0 0
937.1586776271307 75.07519305362806 -1 0 0
946.9154834347534 21.412761111704302 -1 0 0
981.064303761432 13.049784705170667 -1 0 0
995.6995124728659 33.95722572150464 -1 0 0
991.1114906942814 29.9499661933739 -1 0 0
975.0824525817587 128.9118536706879 -1 0 0
279.7706558485464 4.791345503718784 -1 0 0
312.87410412440835 8.763759296822279 -1 0 0
799.8357925109847 19.207029969178155 -1 0 0
