345.28278867102415 273.6976034858387 -1 0 0
429.66797385620924 234.8235294117647 -1 0 0
641.1050108932463 514.5272331154684 -1 0 0
729.2827886710242 530.645751633987 -1 0 0
682.8235294117649 170.3494553376906 -1 0 0
725.4901960784315 158.02352941176466 -1 0 0
856.3346405228759 167.50501089324612 -1 0 0
941.6679738562093 187.41612200435722 -1 0 0
970.1124183006538 293.6087145969499 -1 0 0
164.1864923747277 195.94945533769058 -1 0 0
129.1050108932462 176.98649237472765 -1 0 0
69.3716775599129 201.6383442265795 -1 0 0
72.21612200435733 154.23093681917211 -1 0 0
39.030936819172055 110.37908496732027 -1 0 0
3.949455337690547 114.17167755991285 -1 0 0
25.28278867102388 93.78649237472767 -1 0 0
92.12723311546834 100.42352941176472 -1 0 0
145.69760348583873 112.74945533769063 -1 0 0
141.90501089324613 94.26056644880177 -1 0 0
204.00871459694986 89.51982570806099 -1 0 0
277.96427015250543 94.73464052287582 -1 0 0
323.94945533769067 126.02352941176471 -1 0 0
308.7790849673202 93.78649237472767 -1 0 0
372.30501089324616 121.28278867102398 -1 0 0
18.408714596949874 31.386492374727663 -1 0 0
37.253159041394326 18.349455337690628 -1 0 0
92.24575163398691 33.40130718954247 -1 0 0
124.60130718954247 32.98649237472765 -1 0 0
144.98649237472765 39.62352941176469 -1 0 0
224.63093681917212 34.408714596949885 -1 0 0
167.38649237472765 30.912418300653584 -1 0 0
190.1420479302832 18.230936819172104 -1 0 0
112.77908496732024 10.971677559912855 -1 0 0
253.57908496732026 47.50501089324619 -1 0 0
254.0531590413943 27.001307189542484 -1 0 0
264.956862745098 22.616122004357294 -1 0 0
276.5716775599128 35.41612200435729 -1 0 0
772.3050108932462 55.44575163398693 -1 0 0
776.4531590413943 40.03834422657952 -1 0 0
806.0827886710239 54.73464052287581 -1 0 0
828.956862745098 50.586492374727655 -1 0 0
823.7420479302831 37.19389978213507 -1 0 0
852.067973856209 44.30501089324618 -1 0 0
863.5642701525054 40.03834422657952 -1 0 0
879.2679738562091 103.6235294117647 -1 0 0
676.6605664488017 83.35686274509806 -1 0 0
700.8383442265795 105.63834422657953 -1 0 0
585.1642701525053 84.3050108932462 -1 0 0
544.393899782135 71.50501089324618 -1 0 0
638.2605664488019 14.586492374727667 -1 0 0
666.6457516339871 20.334640522875816 -1 0 0
632.5716775599129 57.10501089324618 -1 0 0
603.0605664488019 47.74204793028321 -1 0 0
513.3420479302832 57.697603485838776 -1 0 0
533.845751633987 28.542047930283218 -1 0 0
525.3124183006536 29.016122004357296 -1 0 0
550.082788671024 8.290196078431373 -1 0 0
386.94204793028325 46.08278867102396 -1 0 0
399.97908496732026 28.067973856209143 -1 0 0
428.5420479302833 31.267973856209146 -1 0 0
335.62352941176476 58.586492374727655 -1 0 0
352.9272331154685 43.17908496732026 -1 0 0
301.72723311546855 36.83834422657955 -1 0 0
288.33464052287593 26.053159041394373 -1 0 0
318.31982570806116 43.59389978213512 -1 0 0
302.6753812636167 54.3790849673203 -1 0 0
291.534640522876 57.81612200435733 -1 0 0
341.66797385620924 17.40130718954252 -1 0 0
374.6753812636167 15.297603485838783 -1 0 0
315.52149810973333 2.1189007071360026 -1 0 0
271.59742218565736 7.16984975808505 -1 0 0
169.39562398385922 5.379639967875262 -1 0 0
16.08493467316997 1.1698497580850502 -1 0 0
454.48653307476803 9.411607999843303 -1 0 0
483.0020175902526 12.096922685157997 -1 0 0
572.7682513564864 2.5344851227204184 -1 0 0
619.0579616461965 5.283735871971165 -1 0 0
626.3466729349078 7.521498109733403 -1 0 0
633.443576031811 7.201817790053082 -1 0 0
692.1368827251174 23.47754206577737 -1 0 0
691.0180016062363 6.946073534308827 -1 0 0
586.0669526551875 181.41560400383932 -1 0 0
290.170848759084 302.31870090693616 -1 0 0
368.4285910168264 3.6733462615816013 -1 0 0
392.4685510567864 5.207811796047192 -1 0 0
402.6983212865567 7.765254353489724 -1 0 0
601.6673522555875 3.6733462615816013 -1 0 0
558.3909764574728 1.6551905042952235 -1 0 0
519.8625483638273 9.788969768509274 -1 0 0
744.3976654206836 4.972916256803728 -1 0 0
788.9194045511183 16.959538330382344 -1 0 0
781.8558594006166 12.678601875532824 -1 0 0
772.4377991999478 4.330775788576313 -1 0 0
777.1468293002821 9.467899534395709 -1 0 0
1009.60167879861 553.6819463571381 -1 0 0
