109.52775476387737 308.4385528859431 -1 0 0
78.27892847279752 208.6826843413422 -1 0 0
281.3962993648163 367.3305716652859 -1 0 0
157.60287213476934 303.631041148854 -1 0 0
226.1099143882905 248.34465617232811 -1 0 0
303.0301021817177 251.95028997514507 -1 0 0
366.7296326981496 181.0394918530793 -1 0 0
324.66390499861916 157.00193316763333 -1 0 0
275.3869096934547 149.79066556199953 -1 0 0
544.6075669704501 354.10991438829063 -1 0 0
591.4808064070697 328.8704777685723 -1 0 0
745.3211819939244 459.875172604253 -1 0 0
823.4432477216238 411.800055233361 -1 0 0
824.6451256558962 291.61226180613096 -1 0 0
947.2366749516708 283.1991162662248 -1 0 0
744.119304059652 318.0535763601216 -1 0 0
645.5653134493233 239.93151063242206 -1 0 0
682.8235294117648 197.8657829328916 -1 0 0
745.3211819939244 126.95498481082583 -1 0 0
807.818834576084 166.61695664181175 -1 0 0
872.7202430267881 169.0207125103563 -1 0 0
884.7390223695112 29.602872134769402 -1 0 0
836.663904998619 42.8235294117647 -1 0 0
714.0723557028446 58.4479425573047 -1 0 0
634.7484120408726 60.85169842584925 -1 0 0
653.9784589892296 21.18972659486334 -1 0 0
640.7578017122341 125.75310687655356 -1 0 0
616.7202430267881 140.17564208782113 -1 0 0
602.2977078155205 193.05827119580235 -1 0 0
548.213200773267 147.38690969345492 -1 0 0
477.3024026512013 220.70146368406523 -1 0 0
424.41977354322006 237.52775476387745 -1 0 0
452.062966031483 136.57000828500423 -1 0 0
477.3024026512013 117.33996133664728 -1 0 0
492.92681579674115 83.68737917702289 -1 0 0
510.9549848108257 66.86108809721077 -1 0 0
544.6075669704501 75.27423363711682 -1 0 0
596.288318144159 98.10991438829063 -1 0 0
446.05357636012144 76.4761115713891 -1 0 0
436.4385528859431 89.69676884838441 -1 0 0
434.03479701739843 119.74371720519197 -1 0 0
401.5840927920464 113.73432753383047 -1 0 0
401.5840927920464 89.69676884838441 -1 0 0
384.7578017122342 105.3211819939244 -1 0 0
348.70146368406523 125.75310687655356 -1 0 0
328.269538801436 105.3211819939244 -1 0 0
307.8376139188068 71.6685998343 -1 0 0
286.20381110190556 54.84230875448773 -1 0 0
301.8282242474454 34.41038387185864 -1 0 0
324.66390499861916 25.99723833195258 -1 0 0
361.92212096106056 24.795360397680305 -1 0 0
351.10521955260975 50.034797017398496 -1 0 0
388.36343551505115 46.42916321458167 -1 0 0
156.40099420049708 30.80475006904167 -1 0 0
48.23198011599002 24.795360397680305 -1 0 0
989.3024026512013 63.2554542943938 -1 0 0
914.7859707263186 22.391604529135613 -1 0 0
740.5136702568351 22.391604529135613 -1 0 0
405.7906655619994 192.15686274509804 -1 0 0
944.2319801159898 14.87986743993372 -1 0 0
826.4479425573046 11.274233637116826 -1 0 0
429.22728528030933 763.950289975145 -1 0 0
985.7952243834596 7.189829778065163 -1 0 0
842.6451570594796 3.7956587317199664 -1 0 0
