497.1958237840591 654.0789406671759 -1 0 0
424.88413547237076 536.8841354723708 -1 0 0
382.4945250827604 480.78023936847467 -1 0 0
343.84517443340974 565.5594601476954 -1 0 0
335.117901706137 585.5075120957474 -1 0 0
291.4815380697734 635.3776419658772 -1 0 0
284.0010185892539 620.4166030048383 -1 0 0
227.89712248535778 571.7932263814616 -1 0 0
211.68933027756552 559.3256939139293 -1 0 0
204.20881079704608 540.6243952126305 -1 0 0
87.01400560224083 569.2997198879551 -1 0 0
24.676343264578463 536.8841354723708 -1 0 0
19.689330277565507 563.0659536541889 -1 0 0
35.89712248535772 620.4166030048383 -1 0 0
24.676343264578463 641.6114081996434 -1 0 0
73.2997198879551 676.5204991087344 -1 0 0
178.02699261522787 711.4295900178253 -1 0 0
281.5075120957473 454.5984211866565 -1 0 0
257.8192004074357 447.117901706137 -1 0 0
251.58543417366943 447.117901706137 -1 0 0
226.65036923860453 452.1049146931499 -1 0 0
148.10491469314994 453.3516679399031 -1 0 0
308.9360835243188 434.6503692386046 -1 0 0
353.8192004074357 432.156862745098 -1 0 0
370.0269926152279 428.4166030048383 -1 0 0
388.7282913165266 419.68933027756555 -1 0 0
398.70231729055257 418.4425770308123 -1 0 0
402.44257703081234 408.46855105678634 -1 0 0
423.63738222561744 419.68933027756555 -1 0 0
570.7542653425005 386.0269926152278 -1 0 0
669.2477718360072 428.4166030048383 -1 0 0
720.3646549528902 445.8711484593837 -1 0 0
781.4555640437993 521.9230965113318 -1 0 0
828.8321874204227 470.80621339444866 -1 0 0
853.7672523554878 493.24777183600713 -1 0 0
967.2217978100331 454.5984211866565 -1 0 0
998.3906289788642 432.156862745098 -1 0 0
999.6373822256174 414.70231729055246 -1 0 0
985.9230965113318 403.4815380697733 -1 0 0
998.3906289788642 337.4036159918512 -1 0 0
979.6893302775655 328.6763432645785 -1 0 0
953.5075120957475 331.16984975808504 -1 0 0
892.4166030048383 358.5984211866564 -1 0 0
887.4295900178253 322.4425770308123 -1 0 0
850.0269926152279 327.42959001782526 -1 0 0
828.8321874204227 318.70231729055257 -1 0 0
780.2088107970462 342.3906289788642 -1 0 0
712.8841354723708 349.8711484593837 -1 0 0
695.4295900178253 353.61140819964345 -1 0 0
665.5075120957475 364.83218742042266 -1 0 0
684.2088107970462 379.79322638146164 -1 0 0
639.3256939139293 331.16984975808504 -1 0 0
644.3127069009423 313.71530430353954 -1 0 0
591.9490705373058 304.9880315762668 -1 0 0
576.988031576267 313.71530430353954 -1 0 0
590.7023172905525 296.26075884899416 -1 0 0
601.9230965113319 292.5204991087343 -1 0 0
530.8581614463968 322.4425770308123 -1 0 0
518.3906289788644 339.8971224853577 -1 0 0
509.66335625159155 342.3906289788642 -1 0 0
494.70231729055257 347.3776419658772 -1 0 0
495.94907053730583 334.91010949834475 -1 0 0
1023.3256939139292 300.00101858925376 -1 0 0
953.5075120957475 275.0659536541889 -1 0 0
923.5854341736695 270.0789406671759 -1 0 0
913.6114081996436 278.8062133944486 -1 0 0
575.7412783295136 247.63738222561747 -1 0 0
558.2867328749682 253.8711484593837 -1 0 0
525.8711484593837 256.3646549528902 -1 0 0
510.2867328749681 312.15686274509795 -1 0 0
494.70231729055257 311.53348612172135 -1 0 0
482.2347848230201 301.55946014769535 -1 0 0
462.2867328749681 305.2997198879551 -1 0 0
459.169849758085 298.44257703081223 -1 0 0
444.208810797046 292.208810797046 -1 0 0
443.58543417366946 316.5204991087343 -1 0 0
474.130888719124 314.65036923860447 -1 0 0
397.4555640437992 345.19582378405903 -1 0 0
355.68933027756543 347.0659536541889 -1 0 0
356.31270690094215 381.97504456327977 -1 0 0
330.7542653425005 319.63738222561744 -1 0 0
305.195823784059 302.80621339444855 -1 0 0
328.2607588489941 294.70231729055246 -1 0 0
343.22179781003297 299.6893302775655 -1 0 0
350.70231729055246 296.5724471606824 -1 0 0
353.8192004074356 292.208810797046 -1 0 0
353.8192004074356 319.63738222561744 -1 0 0
370.6503692386044 301.55946014769535 -1 0 0
384.98803157626674 299.0659536541888 -1 0 0
389.9750445632798 299.0659536541888 -1 0 0
400.5724471606823 299.0659536541888 -1 0 0
403.68933027756543 294.70231729055246 -1 0 0
409.9230965113318 305.9230965113317 -1 0 0
426.7542653425005 263.53348612172135 -1 0 0
437.3516679399031 247.94907053730572 -1 0 0
439.8451744334097 254.80621339444855 -1 0 0
457.2997198879552 259.1698497580849 -1 0 0
466.6503692386045 257.9230965113317 -1 0 0
459.7932263814616 242.33868092691608 -1 0 0
462.2867328749681 240.46855105678625 -1 0 0
501.55946014769535 242.9620575502927 -1 0 0
515.2737458619811 250.44257703081223 -1 0 0
512.156862745098 246.7023172905525 -1 0 0
516.5204991087344 247.94907053730572 -1 0 0
600.6763432645785 246.7023172905525 -1 0 0
590.0789406671759 246.07894066717583 -1 0 0
195.48153806977325 263.53348612172135 -1 0 0
187.37764196587716 263.53348612172135 -1 0 0
179.27374586198104 261.66335625159144 -1 0 0
174.28673287496807 261.66335625159144 -1 0 0
600.6763432645785 216.78023936847453 -1 0 0
615.0140056022408 216.15686274509792 -1 0 0
620.0010185892538 216.78023936847453 -1 0 0
612.5204991087344 221.76725235548756 -1 0 0
698.9620575502928 346.4425770308123 -1 0 0
175.5334861217214 760.0529666412019 -1 0 0
917.7672523554877 198.07894066717583 -1 0 0
54.09666207620175 456.0765951865694 -1 0 0
201.7889697685096 267.71539117319156 -1 0 0
198.36422060463002 249.73545806282365 -1 0 0
171.60836776182063 261.72208013640227 -1 0 0
179.2070299691785 259.1535182634926 -1 0 0
274.24381926683736 297.57492294576684 -1 0 0
504.34415371499784 261.93612695914464 -1 0 0
520.1836185979411 257.01305003606774 -1 0 0
543.6217456882421 248.45117712636878 -1 0 0
547.5816119089778 248.45117712636878 -1 0 0
525.8558594006166 248.77224736048248 -1 0 0
529.2806085644962 248.45117712636878 -1 0 0
406.5247557216868 257.8692373270376 -1 0 0
415.72876909961326 257.4411436815527 -1 0 0
466.8859597350647 242.24381926683697 -1 0 0
462.0699062233591 261.45452160797413 -1 0 0
446.0699062233591 260.17024067151925 -1 0 0
447.5147222768708 259.0464948521212 -1 0 0
484.6518460226902 251.23378582202088 -1 0 0
372.8123811397471 348.0899731129908 -1 0 0
646.1501737818878 415.94281592235507 -1 0 0
648.2906420093126 311.4879664240273 -1 0 0
672.4779329792123 359.86254836382665 -1 0 0
675.2605416748643 358.36422060462934 -1 0 0
681.2538527116536 343.59498983539856 -1 0 0
682.3240868253661 338.45786608957917 -1 0 0
678.685290838744 335.4612105711845 -1 0 0
984.344153714998 360.1836185979408 -1 0 0
505.94950488556645 247.91606006951244 -1 0 0
