108.37060320311338 626.7217482412813 -1 0 0
29.225565035174476 425.92785511151027 -1 0 0
40.95075587486915 150.38587037868587 -1 0 0
137.68358030235 119.60724442448739 -1 0 0
168.46220625654848 52.187397096243025 -1 0 0
210.96602305044163 68.30953450082326 -1 0 0
225.62251160005997 144.52327495883847 -1 0 0
213.8973207603653 226.5996108367011 -1 0 0
252.00419098937294 345.3171680886095 -1 0 0
294.50800778326607 125.46983984433466 -1 0 0
410.2942673252508 232.46220625654848 -1 0 0
458.66067953899125 308.6759467145637 -1 0 0
380.9812902260142 102.01945816494543 -1 0 0
357.53090854662486 93.22556503517433 -1 0 0
369.25609938631953 58.049992516090434 -1 0 0
348.73701541685386 21.408771142044547 -1 0 0
304.76754976799884 50.72174824128132 -1 0 0
439.6072444244875 58.049992516090434 -1 0 0
452.798084119144 96.15686274509804 -1 0 0
486.508007783266 154.7828169435713 -1 0 0
533.4087711420448 201.68358030235 -1 0 0
521.68358030235 81.5003741954798 -1 0 0
507.0270917527317 63.912587935937694 -1 0 0
501.1644963328844 21.408771142044547 -1 0 0
455.72938182906756 9.68358030235001 -1 0 0
427.8820535847928 9.68358030235001 -1 0 0
527.5461757221973 40.46220625654849 -1 0 0
490.9049543481516 9.68358030235001 -1 0 0
552.4622062565485 21.408771142044547 -1 0 0
578.8438856458614 25.805717706930107 -1 0 0
571.5156413710523 63.912587935937694 -1 0 0
608.1568627450981 60.98129022601413 -1 0 0
615.4851070199073 88.82861847028892 -1 0 0
614.0194581649455 17.01182457715913 -1 0 0
663.8515192336479 96.15686274509804 -1 0 0
637.4698398443347 335.05762610387666 -1 0 0
644.7980841191439 616.4622062565485 -1 0 0
636.004190989373 560.7675497679988 -1 0 0
655.0576261038767 466.96602305044155 -1 0 0
734.2026642718157 342.38587037868587 -1 0 0
781.1034276305944 311.6072444244874 -1 0 0
775.2408322107469 280.8286184702889 -1 0 0
808.9507558748692 175.30190091303695 -1 0 0
864.6454123634187 170.90495434815153 -1 0 0
920.3400688519686 181.16449633288437 -1 0 0
1002.4164047298311 185.56144289776978 -1 0 0
1017.0728932794494 291.08816045502175 -1 0 0
1011.210297859602 339.4545726687622 -1 0 0
970.1721299206706 370.23319862296063 -1 0 0
832.4011375542585 71.24083221074697 -1 0 0
857.3171680886096 72.70648106570867 -1 0 0
811.8820535847929 50.72174824128132 -1 0 0
760.5843436611287 78.5690764855561 -1 0 0
772.3095345008232 55.11869480616673 -1 0 0
737.1339619817394 25.805717706930107 -1 0 0
710.7522825924262 27.271366561891952 -1 0 0
685.8362520580753 19.943122287082836 -1 0 0
663.8515192336479 25.805717706930107 -1 0 0
741.4087711420445 10.049992516090438 -1 0 0
799.3019009130369 26.172129920670532 -1 0 0
901.8973207603652 4.920221523724026 -1 0 0
