82.73750790638844 526.9034065238999 -1 0 0
62.68220836721793 463.19833739947586 -1 0 0
216.04626366675708 392.41492726122704 -1 0 0
175.93566458841607 370.00018071744825 -1 0 0
102.79280744555895 320.451793620674 -1 0 0
72.11999638565113 306.2951115930242 -1 0 0
99.25363693864654 272.08313002620395 -1 0 0
185.37345260684927 292.1384295653745 -1 0 0
159.41953555615805 239.05087196168788 -1 0 0
14.313544772747905 419.54856781422245 -1 0 0
384.7467244962503 243.76976597090442 -1 0 0
387.1061715008585 124.61769223818555 -1 0 0
309.2444203487848 190.68220836721778 -1 0 0
334.01861389717186 143.49326827505186 -1 0 0
477.94488117827785 151.7513327911809 -1 0 0
523.9540977681396 115.17990421975236 -1 0 0
387.1061715008585 77.42875214601958 -1 0 0
129.92644799855435 204.83889039486758 -1 0 0
152.34119454233317 211.91723140869243 -1 0 0
178.2951115930244 169.44718532574316 -1 0 0
201.88958163910738 157.6499503027016 -1 0 0
163.54856781422248 142.60847564832383 -1 0 0
142.90340652389992 130.81124062528232 -1 0 0
188.32276136260958 140.24902864371552 -1 0 0
191.27207011836995 118.42414385108877 -1 0 0
173.57621758380773 111.34580283726388 -1 0 0
159.41953555615794 111.93566458841599 -1 0 0
129.92644799855424 107.80663233035146 -1 0 0
129.92644799855424 89.52091804463717 -1 0 0
140.54395951929163 28.175295924821494 -1 0 0
140.54395951929163 15.788199150627943 -1 0 0
129.33658624740218 6.350411132194744 -1 0 0
161.77898256076625 12.249028643715528 -1 0 0
165.31815306767874 26.99557242251738 -1 0 0
177.11538809072016 18.14764615523624 -1 0 0
198.35041113219484 84.21216228426852 -1 0 0
227.25363693864642 77.72368302159569 -1 0 0
223.71446643173402 42.92183970362335 -1 0 0
252.02783048703353 82.4425770308123 -1 0 0
270.90340652389995 70.64534200777081 -1 0 0
249.66838348242524 57.6683834824252 -1 0 0
262.0554802566188 51.76976597090449 -1 0 0
268.5439595192916 41.74211620131916 -1 0 0
246.12921297551281 24.046263666756953 -1 0 0
259.69603325201047 24.046263666756953 -1 0 0
211.91723140869252 20.50709315984454 -1 0 0
223.12460468058197 30.534742929429793 -1 0 0
234.92183970362345 19.91723140869248 -1 0 0
361.7421162013193 50.000180717448245 -1 0 0
339.91723140869254 7.530134634498929 -1 0 0
300.39649408150365 22.276678413300782 -1 0 0
302.75594108611193 53.39188578657266 -1 0 0
290.0739134363423 50.44257703081229 -1 0 0
280.04626366675706 42.184512514683256 -1 0 0
280.9310562934852 30.092346616065733 -1 0 0
284.7651576759736 20.654558597632537 -1 0 0
289.48405168519025 31.272070118369882 -1 0 0
145.55778440408423 5.318153067678627 -1 0 0
729.2259871690612 14.018613897171699 -1 0 0
909.723683021596 90.11077979578926 -1 0 0
901.4656185054669 39.382669196710935 -1 0 0
931.5485678142226 47.05087196168789 -1 0 0
994.0739134363424 49.41031896629612 -1 0 0
620.6914249570798 75.95409776813946 -1 0 0
569.3734526068494 51.17990421975236 -1 0 0
543.4195355561582 43.511701454775405 -1 0 0
512.1568627450981 47.05087196168789 -1 0 0
556.3964940815036 18.14764615523624 -1 0 0
611.2536369386467 39.972530947862985 -1 0 0
643.6960332520107 26.405710671365252 -1 0 0
598.866540164453 9.889581639107229 -1 0 0
567.014005602241 8.709858136803044 -1 0 0
554.0370470768954 3.401102376434388 -1 0 0
646.0554802566189 7.530134634498929 -1 0 0
608.0093973073103 9.447185325743169 -1 0 0
454.0554802566191 49.26285352850815 -1 0 0
477.355019427126 37.46561850546669 -1 0 0
501.5393512243611 47.1983373994759 -1 0 0
420.13842956537485 44.69142495707959 -1 0 0
382.38727749164224 1.631517122978146 -1 0 0
1267.183889772125 278.4271330153684 -1 0 0
