242.37995472161484 457.8006983615364 -1 0 0
165.7302482636891 384.156862745098 -1 0 0
131.16273358658546 420.22731284294537 -1 0 0
4.916158244119644 441.26840873335635 -1 0 0
3.413222823376047 390.16860442807257 -1 0 0
69.54238133609618 333.0570584398142 -1 0 0
71.04531675683985 316.52476881163426 -1 0 0
48.50128544568525 290.97486665899237 -1 0 0
37.98073750047971 259.4132228233759 -1 0 0
149.1979586355091 244.3838686159395 -1 0 0
125.15099190361084 286.4660603967614 -1 0 0
162.72437742220185 254.90441656114496 -1 0 0
185.26840873335644 293.9807375004796 -1 0 0
170.23905452592004 306.0042208664288 -1 0 0
164.2273128429455 220.33690188404128 -1 0 0
146.19208779402186 196.28993515214296 -1 0 0
198.79482752004924 203.80461225586126 -1 0 0
219.83592341046017 185.7693872069375 -1 0 0
246.88876098384563 140.6813245846283 -1 0 0
287.46801734392403 167.7341621580139 -1 0 0
311.51498407582216 143.68719542611564 -1 0 0
421.2292697901079 154.2077433713211 -1 0 0
440.76743025977527 170.7400329995011 -1 0 0
443.7733011012626 214.3251602010667 -1 0 0
512.90833045547 241.37799777445224 -1 0 0
413.7145926863898 245.8868040366831 -1 0 0
377.6441425885424 290.97486665899237 -1 0 0
349.0883695944132 214.3251602010667 -1 0 0
338.56782164920776 265.4249645063504 -1 0 0
288.97095276466763 238.37212693296496 -1 0 0
340.07075706995136 336.0629292813016 -1 0 0
276.94746939871857 348.08641264725065 -1 0 0
263.4210506120258 322.53651049460876 -1 0 0
388.1646905337479 336.0629292813016 -1 0 0
445.2762365220062 333.0570584398142 -1 0 0
404.6969801619279 351.09228348873796 -1 0 0
273.94159855723126 391.6715398488163 -1 0 0
347.5854341736696 493.8711484593838 -1 0 0
565.5110701814973 411.20970031848356 -1 0 0
759.389739457427 641.1588196922604 -1 0 0
975.8124400445113 444.27427957484366 -1 0 0
884.1333793791491 414.2155711599708 -1 0 0
588.055101492652 179.75764552396296 -1 0 0
703.7811288899123 253.40148114040136 -1 0 0
796.9631249760181 233.86332067073403 -1 0 0
926.215571159971 214.3251602010667 -1 0 0
1007.3740838801275 157.21361421280835 -1 0 0
942.747860788151 116.63435785273003 -1 0 0
917.197958635509 95.5932619623191 -1 0 0
986.3329879897166 76.05510149265177 -1 0 0
1011.8828901423584 74.55216607190818 -1 0 0
995.3506005141784 38.48171597406084 -1 0 0
972.8065692030237 49.002263919266305 -1 0 0
935.2331836844328 65.5345535474463 -1 0 0
920.2038294769966 64.0316181267027 -1 0 0
902.1686044280729 53.511070181497246 -1 0 0
805.9807375004798 33.97290971182991 -1 0 0
792.4543187137871 39.98465139480444 -1 0 0
810.4895437627107 53.511070181497246 -1 0 0
828.5247688116344 64.0316181267027 -1 0 0
873.6128314339436 74.55216607190818 -1 0 0
866.0981543302254 106.11380990752457 -1 0 0
860.0864126472509 137.6754537431411 -1 0 0
814.9983500249416 133.16664748091017 -1 0 0
824.0159625494035 110.6226161697555 -1 0 0
802.9748666589926 112.1255515904991 -1 0 0
778.9278999270944 122.6460995357047 -1 0 0
757.8868040366834 89.58152027934457 -1 0 0
739.8515789877597 95.5932619623191 -1 0 0
765.4014811404015 74.55216607190818 -1 0 0
760.8926748781706 53.511070181497246 -1 0 0
726.3251602010669 26.45823260811163 -1 0 0
753.3779977744524 17.440620083649907 -1 0 0
712.7987414143741 38.48171597406084 -1 0 0
696.266451786194 21.9494263458807 -1 0 0
685.7459038409886 8.423007559188038 -1 0 0
744.3603852499906 5.417136717700701 -1 0 0
609.096197383063 6.920072138444299 -1 0 0
557.9963930777792 47.49932849852271 -1 0 0
520.4230075591881 61.02574728521537 -1 0 0
542.9670388703428 85.07271401711364 -1 0 0
484.35255746134084 154.2077433713211 -1 0 0
467.82026783316087 112.1255515904991 -1 0 0
475.33494493687897 101.60500364529365 -1 0 0
449.78504278423713 110.6226161697555 -1 0 0
511.4053950347263 154.2077433713211 -1 0 0
576.0316181267028 143.68719542611564 -1 0 0
601.5815202793447 42.990522236291774 -1 0 0
610.5991328038066 26.45823260811163 -1 0 0
688.7517746824759 116.63435785273003 -1 0 0
646.6695829016539 157.21361421280835 -1 0 0
703.7811288899123 154.2077433713211 -1 0 0
739.8515789877597 133.16664748091017 -1 0 0
276.87214746038285 308.9680515562869 -1 0 0
476.3526669409023 313.059959648195 -1 0 0
619.0579616461969 69.65536424359965 -1 0 0
587.8571624453976 60.96005954829497 -1 0 0
567.9091104973458 91.13788172611713 -1 0 0
473.2837358719711 123.87314646138182 -1 0 0
467.65736224559754 143.30970989794525 -1 0 0
395.0259936142289 170.41860100683638 -1 0 0
619.5694501576854 114.66635325458864 -1 0 0
582.7422773305126 104.94807153630691 -1 0 0
668.6723472605826 134.10291669115205 -1 0 0
665.6034161916514 146.89012947836483 -1 0 0
710.6144052026403 100.34467493291031 -1 0 0
710.1029166911518 77.83918042741581 -1 0 0
714.7063132945485 14.926093514328887 -1 0 0
708.5684511566864 5.207811796047192 -1 0 0
748.9760435642787 39.98903057726599 -1 0 0
793.4755440637792 2.6503692386046596 -1 0 0
823.6533662416014 4.184834773070178 -1 0 0
850.7622573504925 68.12089870913412 -1 0 0
862.5264931147283 57.89112847936385 -1 0 0
820.5844351726703 21.57544416367954 -1 0 0
858.4345850228202 27.20181779005318 -1 0 0
876.8481714364065 30.270748858984287 -1 0 0
840.5324871207223 45.61540420363963 -1 0 0
673.2757438639791 55.33368592192132 -1 0 0
593.9950245832598 32.31670290493832 -1 0 0
469.7033162915516 235.88913047736577 -1 0 0
447.1978217860571 141.77524436347971 -1 0 0
531.0819376701729 60.96005954829497 -1 0 0
554.6104091986444 75.79322638146179 -1 0 0
583.253765842001 30.270748858984287 -1 0 0
1007.0219976102329 66.07494466318002 -1 0 0
658.1868327750681 61.471548059783466 -1 0 0
707.2897298779651 15.949070537305968 -1 0 0
668.4166030048383 18.506513094748502 -1 0 0
660.2327868210222 11.34567393390934 -1 0 0
917.5115080997433 14.414605002840378 -1 0 0
1015.2058137940489 28.736283324518702 -1 0 0
212.4913109056332 520.290642009312 -1 0 0
198.36422060462993 122.16355170830862 -1 0 0
251.0197389992788 98.19030756115146 -1 0 0
375.5949898353992 135.86254836382705 -1 0 0
386.297330972523 119.59498983539896 -1 0 0
583.4344547183423 46.283953046101395 -1 0 0
542.7655583972721 50.77893632369338 -1 0 0
558.1769296347303 33.86923732703786 -1 0 0
566.9528493671718 25.521411240081314 -1 0 0
563.5281002032922 6.471244016001055 -1 0 0
599.9160600695129 18.029772444094714 -1 0 0
655.9963276280414 30.44448816315825 -1 0 0
690.8859597350647 48.42442127352614 -1 0 0
504.66522394911163 94.23044134041578 -1 0 0
583.8625483638273 121.84248147419504 -1 0 0
644.4377991999478 201.57492294576682 -1 0 0
664.9862941832254 235.8224145845628 -1 0 0
621.3207423437606 321.0130500360678 -1 0 0
710.3642206046301 335.56823398255614 -1 0 0
631.1668961899142 560.5314446848973 -1 0 0
801.5481670929242 365.3207423437602 -1 0 0
960.7990032133256 269.64181257787385 -1 0 0
904.0765951865698 29.802347694930837 -1 0 0
948.3842874942621 29.802347694930837 -1 0 0
977.9227490327236 25.521411240081314 -1 0 0
980.2772640828907 3.688635320348897 -1 0 0
648.9327824775394 94.55151157452939 -1 0 0
635.6618794675061 87.7020132467702 -1 0 0
647.8625483638272 74.21706341399428 -1 0 0
650.2170634139944 128.3709095678404 -1 0 0
603.9829497016198 77.21371893238891 -1 0 0
593.9227490327235 94.97960522001435 -1 0 0
591.1401403370711 72.18361859794075 -1 0 0
