113.12750853766171 555.491500709873 -1 0 0
183.76547331261284 713.2997198879552 -1 0 0
385.1588196922606 642.6617551130041 -1 0 0
490.3642991443154 639.6558842715168 -1 0 0
802.9748666589926 726.8261386746481 -1 0 0
436.2586239975443 283.46018955527416 -1 0 0
310.01204865507856 272.9396416100687 -1 0 0
188.27427957484377 333.0570584398142 -1 0 0
89.08054180576352 232.36038524999037 -1 0 0
194.2860212578183 211.31928935957947 -1 0 0
275.44453397797486 178.25471010321937 -1 0 0
346.0824987529259 199.2958059936303 -1 0 0
430.2468823145698 199.2958059936303 -1 0 0
640.6578412186793 137.6754537431411 -1 0 0
839.04531675684 27.961168028855372 -1 0 0
890.1451210621237 32.46997429108631 -1 0 0
878.1216376961744 154.2077433713211 -1 0 0
1002.8652776178966 58.01987644372817 -1 0 0
1014.8887609838459 101.60500364529365 -1 0 0
972.8065692030237 6.920072138444299 -1 0 0
947.2566670503819 9.925942979931635 -1 0 0
741.3545144085033 15.937684662906166 -1 0 0
588.055101492652 18.943555504393505 -1 0 0
551.9846513948047 5.417136717700701 -1 0 0
530.9435555043937 47.49932849852271 -1 0 0
478.34081577836633 42.990522236291774 -1 0 0
449.78504278423713 110.6226161697555 -1 0 0
308.50911323433496 58.01987644372817 -1 0 0
290.4738881854112 47.49932849852271 -1 0 0
287.46801734392403 26.45823260811163 -1 0 0
361.1118529603623 124.1490349564483 -1 0 0
230.35647135566563 113.62848701124284 -1 0 0
227.35060051417838 95.5932619623191 -1 0 0
198.79482752004924 82.0668431756263 -1 0 0
176.25079620889466 30.967038870342567 -1 0 0
144.68915237327818 32.46997429108631 -1 0 0
123.64805648286725 29.46410344959897 -1 0 0
102.60696059245625 27.961168028855372 -1 0 0
102.60696059245625 74.55216607190818 -1 0 0
74.05118759832712 101.60500364529365 -1 0 0
77.05705843981438 191.7811288899121 -1 0 0
140.18034611104724 107.61674532826831 -1 0 0
158.21557115997092 86.57564943785724 -1 0 0
0.4073519818887101 49.002263919266305 -1 0 0
50.004220866428845 127.15490579793557 -1 0 0
455.1258937141289 59.425594013829446 -1 0 0
140.56045914869446 160.18883077706613 -1 0 0
157.95106853930383 157.63138821962357 -1 0 0
402.9540655423007 153.02799161622698 -1 0 0
172.25050823004798 180.1702406715193 -1 0 0
46.81907010295761 168.18361859794072 -1 0 0
11.715391173191701 122.37759853105112 -1 0 0
72.07659518656963 65.4411436815528 -1 0 0
67.3675650862352 41.46789953439556 -1 0 0
219.76890287887738 5.508033313659789 -1 0 0
411.98294970161993 88.55820053774008 -1 0 0
783.1401403370713 182.738802544429 -1 0 0
695.8090366581416 178.45786608957954 -1 0 0
631.594989835399 173.32074234376012 -1 0 0
579.3675650862352 142.49799986884375 -1 0 0
378.59164535379364 320.5849563905829 -1 0 0
613.1869630795462 5.508033313659789 -1 0 0
786.5648895009509 59.44783264476349 -1 0 0
681.6819463571381 3.7956587317199664 -1 0 0
783.1401403370713 3.7956587317199664 -1 0 0
832.3709095678406 4.223752377204957 -1 0 0
813.9628828119878 112.10335103941233 -1 0 0
426.11004000262307 7.648501541084674 -1 0 0
