970.9620575502928 539.3776419658773 -1 0 0
946.0269926152279 353.61140819964345 -1 0 0
805.1438757321112 296.26075884899416 -1 0 0
847.5334861217216 262.5984211866564 -1 0 0
838.8062133944488 226.4425770308123 -1 0 0
767.7412783295138 260.10491469314996 -1 0 0
777.7153043035397 212.72829131652657 -1 0 0
731.5854341736695 204.0010185892538 -1 0 0
696.6763432645787 223.94907053730574 -1 0 0
669.2477718360072 230.18283677107198 -1 0 0
649.2997198879551 261.3516679399031 -1 0 0
624.3646549528902 192.78023936847464 -1 0 0
666.7542653425006 191.53348612172132 -1 0 0
630.5984211866564 260.10491469314996 -1 0 0
578.23478482302 336.15686274509795 -1 0 0
441.09192768016305 336.15686274509795 -1 0 0
464.78023936847467 301.2477718360071 -1 0 0
499.68933027756566 270.0789406671759 -1 0 0
576.988031576267 199.01400560224084 -1 0 0
559.5334861217214 179.06595365418886 -1 0 0
352.5724471606824 337.4036159918512 -1 0 0
313.9230965113317 366.0789406671759 -1 0 0
237.8711484593837 339.8971224853577 -1 0 0
123.16984975808501 317.45556404379926 -1 0 0
169.29971988795518 235.1698497580849 -1 0 0
227.89712248535778 240.15686274509795 -1 0 0
262.8062133944486 247.63738222561747 -1 0 0
287.7412783295136 197.76725235548756 -1 0 0
327.63738222561744 201.5075120957473 -1 0 0
326.3906289788642 164.10491469314985 -1 0 0
264.0529666412019 137.92309651133172 -1 0 0
175.5334861217214 122.9620575502928 -1 0 0
159.3256939139292 142.9101094983447 -1 0 0
149.3516679399032 125.4555640437992 -1 0 0
135.63738222561747 134.18283677107198 -1 0 0
79.53348612172132 170.33868092691617 -1 0 0
74.54647313470838 137.92309651133172 -1 0 0
30.910109498344692 155.37764196587722 -1 0 0
37.14387573211092 139.16984975808495 -1 0 0
8.46855105678625 137.92309651133172 -1 0 0
4.728291316526569 160.3646549528902 -1 0 0
21.76725235548763 97.71530430353955 -1 0 0
11.793226381461649 82.75426534250059 -1 0 0
1.1958237840590298 82.13088871912394 -1 0 0
9.299719887955135 69.6633562515915 -1 0 0
3.065953654188906 47.84517443340968 -1 0 0
12.416603004838251 48.468551056786325 -1 0 0
9.299719887955135 40.98803157626682 -1 0 0
36.72829131652657 81.50751209574734 -1 0 0
26.754265342500588 72.156862745098 -1 0 0
29.871148459383736 52.20881079704608 -1 0 0
15.533486121721365 42.85816144639673 -1 0 0
35.48153806977333 45.35166793990321 -1 0 0
45.45556404379931 49.715304303539526 -1 0 0
49.819200407435666 48.468551056786325 -1 0 0
42.9620575502928 63.42959001782526 -1 0 0
52.93608352431878 68.41660300483825 -1 0 0
57.92309651133177 67.79322638146165 -1 0 0
67.89712248535776 72.156862745098 -1 0 0
49.195823784059066 88.98803157626682 -1 0 0
78.49452508276033 69.03997962821488 -1 0 0
90.96205755029284 68.41660300483825 -1 0 0
84.72829131652661 85.2477718360071 -1 0 0
100.31270690094217 70.28673287496812 -1 0 0
107.16984975808505 71.53348612172137 -1 0 0
102.80621339444866 90.85816144639672 -1 0 0
100.93608352431878 47.221797810033046 -1 0 0
101.55946014769542 42.85816144639673 -1 0 0
92.83218742042267 49.715304303539526 -1 0 0
94.07894066717594 40.98803157626682 -1 0 0
90.3386809269162 31.014005602240836 -1 0 0
115.27374586198111 60.93608352431878 -1 0 0
115.27374586198111 54.078940667175914 -1 0 0
130.23478482302014 82.13088871912394 -1 0 0
131.48153806977334 67.16984975808501 -1 0 0
128.98803157626685 56.572447160682394 -1 0 0
137.091927680163 52.20881079704608 -1 0 0
145.81920040743572 47.84517443340968 -1 0 0
143.9490705373058 51.585434173669434 -1 0 0
157.0399796282149 59.06595365418887 -1 0 0
154.5464731347084 50.33868092691616 -1 0 0
161.40361599185127 51.585434173669434 -1 0 0
167.6373822256175 56.572447160682394 -1 0 0
173.87114845938373 48.468551056786325 -1 0 0
178.85816144639676 52.83218742042264 -1 0 0
188.83218742042268 58.44257703081231 -1 0 0
186.96205755029283 50.33868092691616 -1 0 0
193.19582378405906 51.585434173669434 -1 0 0
196.9360835243188 54.078940667175914 -1 0 0
196.9360835243188 39.74127832951361 -1 0 0
208.156862745098 36.624395212630496 -1 0 0
201.92309651133178 45.35166793990321 -1 0 0
204.41660300483832 54.078940667175914 -1 0 0
214.3906289788643 47.84517443340968 -1 0 0
210.02699261522793 47.84517443340968 -1 0 0
234.96205755029283 47.221797810033046 -1 0 0
237.4555640437993 42.85816144639673 -1 0 0
226.85816144639676 39.117901706136976 -1 0 0
264.26075884899416 59.68933027756551 -1 0 0
243.06595365418897 47.221797810033046 -1 0 0
265.5075120957475 49.715304303539526 -1 0 0
258.02699261522787 39.74127832951361 -1 0 0
263.01400560224084 37.24777183600707 -1 0 0
247.4295900178253 32.884135472370744 -1 0 0
283.58543417366946 43.48153806977329 -1 0 0
283.58543417366946 31.014005602240836 -1 0 0
297.2997198879552 36.624395212630496 -1 0 0
291.06595365418895 37.24777183600707 -1 0 0
329.71530430353965 41.611408199643456 -1 0 0
337.19582378405903 29.76725235548763 -1 0 0
342.80621339444866 21.66335625159149 -1 0 0
368.3646549528903 54.078940667175914 -1 0 0
372.10491469315 23.533486121721403 -1 0 0
368.9880315762669 25.403615991851243 -1 0 0
387.68933027756555 23.533486121721403 -1 0 0
423.8451744334098 52.20881079704608 -1 0 0
436.93608352431886 54.078940667175914 -1 0 0
418.23478482302016 65.29971988795513 -1 0 0
430.7023172905526 78.39062897886423 -1 0 0
433.81920040743574 90.85816144639672 -1 0 0
412.00101858925393 77.143875732111 -1 0 0
399.53348612172147 82.75426534250059 -1 0 0
317.2477718360072 62.80621339444862 -1 0 0
303.5334861217214 60.312706900942146 -1 0 0
284.83218742042277 49.715304303539526 -1 0 0
233.71530430353963 85.8711484593837 -1 0 0
221.87114845938373 79.01400560224084 -1 0 0
225.61140819964348 55.325693913929186 -1 0 0
229.35166793990325 50.33868092691616 -1 0 0
229.97504456327988 135.74127832951362 -1 0 0
211.27374586198113 113.92309651133178 -1 0 0
205.66335625159152 97.71530430353955 -1 0 0
176.98803157626685 84.62439521263046 -1 0 0
153.29971988795515 87.74127832951362 -1 0 0
274.8581614463968 141.97504456327985 -1 0 0
296.0529666412019 113.92309651133178 -1 0 0
307.27374586198124 102.07894066717591 -1 0 0
334.7023172905526 97.71530430353955 -1 0 0
378.33868092691625 115.16984975808501 -1 0 0
390.1828367710721 112.05296664120189 -1 0 0
443.1698497580851 133.2477718360071 -1 0 0
463.11790170613705 107.68933027756555 -1 0 0
478.0789406671759 76.52049910873436 -1 0 0
470.59842118665654 54.078940667175914 -1 0 0
476.20881079704606 54.078940667175914 -1 0 0
490.5464731347084 68.41660300483825 -1 0 0
491.79322638146164 81.50751209574734 -1 0 0
498.6503692386046 94.59842118665644 -1 0 0
514.6503692386044 96.46855105678634 -1 0 0
512.156862745098 58.44257703081231 -1 0 0
522.7542653425005 45.35166793990321 -1 0 0
541.4555640437993 80.26075884899412 -1 0 0
565.143875732111 58.44257703081231 -1 0 0
578.8581614463967 58.44257703081231 -1 0 0
604.4166030048382 55.325693913929186 -1 0 0
592.5724471606825 54.70231729055256 -1 0 0
628.7282913165266 57.19582378405903 -1 0 0
629.3516679399031 74.65036923860451 -1 0 0
628.10491469315 85.2477718360071 -1 0 0
595.0659536541889 103.94907053730579 -1 0 0
568.2607588489941 107.68933027756555 -1 0 0
607.5334861217214 155.68933027756555 -1 0 0
662.3906289788642 148.8321874204227 -1 0 0
684.8321874204227 144.46855105678634 -1 0 0
721.6114081996434 102.70231729055256 -1 0 0
699.7932263814616 98.9620575502928 -1 0 0
696.6763432645786 63.42959001782526 -1 0 0
734.7023172905526 55.94907053730576 -1 0 0
739.6893302775655 82.13088871912394 -1 0 0
755.8971224853577 51.585434173669434 -1 0 0
789.5594601476954 75.89712248535771 -1 0 0
797.6633562515915 74.02699261522788 -1 0 0
828.8321874204227 91.48153806977334 -1 0 0
797.6633562515915 139.48153806977334 -1 0 0
802.6503692386044 164.4166030048383 -1 0 0
749.039979628215 151.3256939139292 -1 0 0
730.9620575502928 170.02699261522787 -1 0 0
732.8321874204227 146.3386809269162 -1 0 0
734.0789406671759 139.48153806977334 -1 0 0
734.0789406671759 125.76725235548763 -1 0 0
734.0789406671759 112.05296664120189 -1 0 0
856.0529666412019 143.84517443340968 -1 0 0
429.03997962821484 265.4036159918513 -1 0 0
864.156862745098 159.4295900178253 -1 0 0
876.0010185892539 143.84517443340968 -1 0 0
857.9230965113318 93.97504456327984 -1 0 0
860.4166030048383 65.29971988795513 -1 0 0
842.9620575502928 11.06595365418887 -1 0 0
811.1698497580851 21.03997962821485 -1 0 0
868.5204991087344 10.442577030812304 -1 0 0
905.2997198879552 7.949070537305755 -1 0 0
924.6243952126305 14.806213394448621 -1 0 0
897.1958237840591 71.53348612172137 -1 0 0
947.065953654189 71.53348612172137 -1 0 0
972.6243952126305 84.62439521263046 -1 0 0
987.5854341736695 56.572447160682394 -1 0 0
995.6893302775655 122.02699261522788 -1 0 0
999.4295900178253 176.88413547237076 -1 0 0
1011.2737458619812 209.29971988795518 -1 0 0
931.4815380697735 218.65036923860453 -1 0 0
919.014005602241 189.97504456327985 -1 0 0
947.065953654189 171.27374586198113 -1 0 0
923.3776419658772 152.57244716068243 -1 0 0
898.4425770308123 155.68933027756555 -1 0 0
858.5464731347085 196.20881079704608 -1 0 0
952.6763432645786 360.156862745098 -1 0 0
311.65336624160136 37.17584376407909 -1 0 0
20.872147460382664 32.22079880903409 -1 0 0
20.616403204638413 42.45056903880433 -1 0 0
120.66522394911141 71.75552495245591 -1 0 0
235.60836776182055 122.59164535379354 -1 0 0
