143.117901706137 731.3776419658774 -1 0 0
94.49452508276033 622.9101094983448 -1 0 0
139.37764196587722 596.7282913165267 -1 0 0
47.117901706136905 397.24777183600725 -1 0 0
15.949070537305754 386.0269926152279 -1 0 0
55.84517443340968 336.1568627450981 -1 0 0
40.88413547237067 319.9490705373059 -1 0 0
18.44257703081223 271.3256939139292 -1 0 0
50.85816144639666 273.81920040743574 -1 0 0
65.81920040743567 261.3516679399033 -1 0 0
88.26075884899412 260.10491469315 -1 0 0
124.41660300483821 265.09192768016294 -1 0 0
148.10491469314994 266.33868092691625 -1 0 0
197.97504456327985 253.87114845938376 -1 0 0
194.23478482302008 242.65036923860458 -1 0 0
145.61140819964345 322.44257703081234 -1 0 0
153.09192768016297 359.84517443340974 -1 0 0
191.74127832951362 412.2088107970461 -1 0 0
168.0529666412019 423.4295900178254 -1 0 0
259.0659536541889 405.97504456327994 -1 0 0
282.75426534250056 403.4815380697734 -1 0 0
305.1958237840591 347.3776419658773 -1 0 0
212.93608352431878 322.44257703081234 -1 0 0
235.3776419658773 241.4036159918513 -1 0 0
256.5724471606824 247.63738222561753 -1 0 0
272.7802393684747 238.91010949834484 -1 0 0
296.46855105678634 236.41660300483835 -1 0 0
340.1049146931499 391.01400560224096 -1 0 0
574.4945250827603 482.0269926152279 -1 0 0
533.3516679399032 423.4295900178254 -1 0 0
330.75426534250056 239.84517443340982 -1 0 0
375.63738222561744 236.7282913165267 -1 0 0
384.3646549528902 231.7412783295137 -1 0 0
405.5594601476954 237.3516679399033 -1 0 0
398.70231729055257 225.50751209574744 -1 0 0
404.31270690094215 271.63738222561767 -1 0 0
426.75426534250056 227.37764196587733 -1 0 0
444.83218742042277 218.02699261522798 -1 0 0
442.33868092691614 235.48153806977342 -1 0 0
471.0140056022409 244.20881079704617 -1 0 0
489.7153043035396 262.28673287496827 -1 0 0
476.00101858925376 223.6373822256176 -1 0 0
499.68933027756555 225.50751209574744 -1 0 0
510.91010949834475 222.39062897886433 -1 0 0
527.7412783295136 218.02699261522798 -1 0 0
540.2088107970461 231.11790170613708 -1 0 0
533.9750445632799 245.45556404379943 -1 0 0
528.3646549528902 314.02699261522804 -1 0 0
550.1828367710721 337.0919276801631 -1 0 0
550.1828367710721 337.0919276801631 -1 0 0
572.0010185892538 258.5464731347085 -1 0 0
575.117901706137 235.48153806977342 -1 0 0
562.0269926152279 219.2737458619812 -1 0 0
553.2997198879551 209.9230965113319 -1 0 0
578.23478482302 214.28673287496824 -1 0 0
595.0659536541889 218.02699261522798 -1 0 0
601.9230965113318 249.8192004074358 -1 0 0
624.9880315762668 249.8192004074358 -1 0 0
626.23478482302 279.7412783295137 -1 0 0
668.6243952126305 234.2347848230202 -1 0 0
655.5334861217214 229.87114845938385 -1 0 0
666.130888719124 214.28673287496824 -1 0 0
653.0399796282151 208.052966641202 -1 0 0
628.7282913165267 214.91010949834487 -1 0 0
621.2477718360071 208.052966641202 -1 0 0
608.7802393684747 205.55946014769552 -1 0 0
682.9620575502928 192.46855105678642 -1 0 0
683.5854341736695 209.9230965113319 -1 0 0
310.18283677107206 247.3256939139292 -1 0 0
711.6373822256177 376.052966641202 -1 0 0
778.9620575502928 317.45556404379937 -1 0 0
846.2867328749682 475.7932263814617 -1 0 0
987.169849758085 469.55946014769546 -1 0 0
975.9490705373058 578.026992615228 -1 0 0
747.5854341736695 252.31270690094215 -1 0 0
705.8192004074357 230.49452508276033 -1 0 0
717.6633562515915 218.02699261522787 -1 0 0
730.7542653425006 227.37764196587722 -1 0 0
730.7542653425006 227.37764196587722 -1 0 0
715.7932263814616 196.83218742042268 -1 0 0
733.247771836007 188.72829131652657 -1 0 0
736.9880315762668 197.45556404379923 -1 0 0
753.195823784059 194.33868092691617 -1 0 0
761.9230965113318 197.45556404379923 -1 0 0
776.8841354723708 195.58543417366948 -1 0 0
791.8451744334096 183.11790170613693 -1 0 0
805.5594601476954 179.37764196587722 -1 0 0
830.4945250827603 232.36465495289022 -1 0 0
848.5724471606825 189.9750445632798 -1 0 0
841.7153043035397 178.13088871912396 -1 0 0
879.117901706137 180.00101858925382 -1 0 0
898.4425770308123 231.74127832951356 -1 0 0
883.4815380697735 206.182836771072 -1 0 0
899.065953654189 176.8841354723707 -1 0 0
920.8841354723708 174.39062897886424 -1 0 0
927.117901706137 170.02699261522784 -1 0 0
955.1698497580851 179.37764196587722 -1 0 0
963.8971224853577 163.7932263814616 -1 0 0
960.156862745098 129.5075120957473 -1 0 0
980.7282913165266 173.76725235548759 -1 0 0
998.1828367710721 165.6633562515915 -1 0 0
1015.014005602241 161.92309651133175 -1 0 0
1015.014005602241 161.92309651133175 -1 0 0
1000.6763432645786 189.9750445632798 -1 0 0
952.6763432645786 214.91010949834475 -1 0 0
906.5464731347085 272.26075884899416 -1 0 0
972.0010185892539 263.53348612172135 -1 0 0
866.6503692386045 184.36465495289022 -1 0 0
358.7103092985446 219.96905055728584 -1 0 0
916.7053577283756 168.39766542068324 -1 0 0
