415.28571936941756 523.539802853991 -1 0 0
512.8537774456425 471.9681150137006 -1 0 0
852.9481513113415 510.9953382441906 -1 0 0
936.5779153766771 628.0770079356606 -1 0 0
721.9281876089821 478.93726201914524 -1 0 0
820.8900750862961 340.94815131134123 -1 0 0
958.8791857941 462.211309206078 -1 0 0
147.0897121098894 363.2494217287642 -1 0 0
184.72310593929052 313.76847799010716 -1 0 0
282.98807871606 386.24760684673146 -1 0 0
317.8338137432833 413.42728016796565 -1 0 0
368.7085868830291 279.6196576634284 -1 0 0
479.518024269599 384.8537774456426 -1 0 0
341.52891356179504 268.469022454717 -1 0 0
333.8628518558059 217.59424931497108 -1 0 0
291.35105512259355 216.89733461442663 -1 0 0
221.65958506814712 216.89733461442663 -1 0 0
167.9971531262233 213.4127611117043 -1 0 0
163.81566492295653 255.22764314437217 -1 0 0
138.72673570335584 283.1042311661508 -1 0 0
138.02982100281136 216.20041991388214 -1 0 0
108.06248887939938 232.22945802640484 -1 0 0
39.76484822604181 196.68680829863717 -1 0 0
11.191345503718777 294.25486637486216 -1 0 0
21.645066011885728 148.59969396106908 -1 0 0
6.312942599907497 98.0733781715954 -1 0 0
48.824739333119844 109.92092808085127 -1 0 0
64.85377744564254 116.89007508629591 -1 0 0
85.76121846197648 126.64688089391844 -1 0 0
169.39098252731225 84.13508416070609 -1 0 0
192.38916764527957 86.22582826233952 -1 0 0
243.96085548557002 95.2857193694175 -1 0 0
276.7158464111598 126.64688089391844 -1 0 0
302.50169033130504 136.40368670154095 -1 0 0
379.85922209174066 112.70858688302913 -1 0 0
404.94815131134135 92.49806056723965 -1 0 0
411.91729831678595 127.34379559446289 -1 0 0
406.3419807124302 231.8810006761326 -1 0 0
460.70132735489847 231.18408597558815 -1 0 0
493.4563182804883 286.2403473186008 -1 0 0
479.518024269599 144.06974840753006 -1 0 0
677.2094943240455 293.55795167431774 -1 0 0
584.5198391516317 309.58698978684043 -1 0 0
697.4200206398349 261.4998754492724 -1 0 0
747.5978790790364 330.4944308031744 -1 0 0
844.469022454717 294.2548663748622 -1 0 0
739.9318173730472 243.3800932351163 -1 0 0
746.2040496779474 212.71584641115987 -1 0 0
774.7775524002706 216.20041991388214 -1 0 0
801.2603110209602 228.74488452368254 -1 0 0
878.6178427813958 258.7122166470945 -1 0 0
928.0987865200527 252.43998434219432 -1 0 0
1013.819294687022 251.74306964164987 -1 0 0
1016.6069534891998 425.27483007722157 -1 0 0
981.7612184619766 200.86829650190396 -1 0 0
1012.425465285933 200.86829650190396 -1 0 0
919.7358101135192 208.53435820789306 -1 0 0
906.4944308031744 189.71766129319255 -1 0 0
920.4327248140636 154.1750115654248 -1 0 0
886.2839044873848 144.4182057578023 -1 0 0
835.409131347639 172.2947937795809 -1 0 0
814.5016903313051 156.96267036760264 -1 0 0
777.5652112024484 161.1441585708695 -1 0 0
780.3528700046262 137.44905875235767 -1 0 0
762.9300024910146 131.87374114800195 -1 0 0
752.4762819828477 144.4182057578023 -1 0 0
747.5978790790364 161.1441585708695 -1 0 0
736.447243870325 154.1750115654248 -1 0 0
721.1151204583467 146.50894985943572 -1 0 0
739.2349026725028 137.44905875235767 -1 0 0
697.4200206398349 149.2966086616136 -1 0 0
689.7539589338458 184.14234368883675 -1 0 0
687.6632148322125 208.53435820789306 -1 0 0
659.0897121098893 191.11149069428146 -1 0 0
638.8791857941 198.0806376997261 -1 0 0
568.490801039109 205.04978470517074 -1 0 0
522.4944308031743 139.5398028539911 -1 0 0
617.2748300772215 140.23671755453552 -1 0 0
672.3310914202342 152.08426746379143 -1 0 0
667.4526885164229 134.66139995017983 -1 0 0
654.2113092060781 132.57065584854638 -1 0 0
656.3020533077115 172.2947937795809 -1 0 0
558.9082239066227 115.49624568520706 -1 0 0
574.2403473186008 113.75395893384588 -1 0 0
580.5125796235011 105.04252517704006 -1 0 0
590.9663001316679 92.14960321696748 -1 0 0
604.9045941425574 87.27120031315623 -1 0 0
627.9027792605247 86.57428561261176 -1 0 0
636.9626703676028 100.51257962350107 -1 0 0
663.7938863385646 84.83199886125058 -1 0 0
669.0207465926482 91.45268851642301 -1 0 0
677.0352656489094 99.46720757268436 -1 0 0
694.458133162521 96.33109142023426 -1 0 0
711.8810006761327 108.52709867976237 -1 0 0
727.9100387886554 101.55795167431775 -1 0 0
737.666844596278 110.61784278139577 -1 0 0
732.4399843421943 122.46539269065168 -1 0 0
752.3020533077115 115.49624568520706 -1 0 0
740.802960748728 93.19497526778419 -1 0 0
751.256681256895 84.83199886125058 -1 0 0
728.955410839472 89.01348706451736 -1 0 0
717.107860930216 94.24034731860087 -1 0 0
709.0933418739547 91.45268851642301 -1 0 0
789.9354471371126 100.16412227322881 -1 0 0
711.8810006761327 161.49261592114172 -1 0 0
681.5652112024484 155.56884096651376 -1 0 0
507.51076474146845 216.54887726415436 -1 0 0
691.3220170100711 49.463577808618915 -1 0 0
716.4109462296718 50.50894985943561 -1 0 0
750.2113092060782 47.72129105725774 -1 0 0
756.4835415109785 70.02256147468061 -1 0 0
775.9971531262235 68.97718942386392 -1 0 0
809.4490587523577 50.50894985943561 -1 0 0
832.4472438703251 93.02074659264795 -1 0 0
830.7049571189641 129.60876837123234 -1 0 0
869.732180349454 127.16956691932671 -1 0 0
769.7249208213234 21.93544713711255 -1 0 0
757.8773709120674 21.93544713711255 -1 0 0
731.3946122913777 26.813850040923796 -1 0 0
714.6686594783106 19.496245685206947 -1 0 0
724.0770079356608 14.617842781395664 -1 0 0
800.737624995552 44.585174904807666 -1 0 0
834.1895306216863 29.9499661933739 -1 0 0
858.2330877904702 21.93544713711255 -1 0 0
848.8247393331201 9.042525177039957 -1 0 0
864.8537774456428 5.209494324045391 -1 0 0
867.9898935980929 2.4218355218675365 -1 0 0
873.2167538521765 23.329276538201476 -1 0 0
886.8065905127935 27.510764741468257 -1 0 0
900.1641222732287 115.67047436034304 -1 0 0
923.5107647414683 111.83744350734848 -1 0 0
1015.1550478630654 152.25849613892743 -1 0 0
998.4290950499982 160.2730151951888 -1 0 0
1014.1096758122488 110.79207145653179 -1 0 0
1012.0189317106152 72.46176292658625 -1 0 0
1021.4272801679656 55.38735276324687 -1 0 0
998.4290950499982 41.79751610262979 -1 0 0
980.3093128358422 44.23671755453542 -1 0 0
975.4309099320309 38.31294259990748 -1 0 0
947.5543219102524 36.91911319881855 -1 0 0
916.5416177360236 59.22038361624143 -1 0 0
922.8138500409237 18.450873634390234 -1 0 0
927.3437955944628 10.784811928401135 -1 0 0
896.6795487705065 20.890075086295873 -1 0 0
447.34379559446296 91.45268851642294 -1 0 0
503.09697163802 340.94815131134123 -1 0 0
