268.93363225507983 601.594249314971 -1 0 0
25.013487064517296 550.0225614746806 -1 0 0
6.893704850361175 583.474467100815 -1 0 0
90.52346891569694 605.7757375182379 -1 0 0
108.64325112985306 474.75577381587834 -1 0 0
72.40368670154089 466.3927974093449 -1 0 0
38.951781075406565 346.5234689156969 -1 0 0
66.82836909718517 361.8555923276752 -1 0 0
184.026191238746 402.2766449592543 -1 0 0
213.29660866161356 405.0643037614321 -1 0 0
241.87011138393657 354.88644532223066 -1 0 0
263.47446710081505 350.00804241841934 -1 0 0
269.0497847051707 332.5851749048078 -1 0 0
476.03345076687674 375.7938863385646 -1 0 0
255.80840539482585 266.3782783530836 -1 0 0
120.60695348919973 313.07156328956273 -1 0 0
142.90822390662262 315.1623073911961 -1 0 0
83.67047436034312 279.6196576634284 -1 0 0
90.63962136578776 276.1350841607061 -1 0 0
33.49261592114164 267.7721077541725 -1 0 0
13.97900430589663 227.35105512259358 -1 0 0
46.73399523148645 221.07882281769344 -1 0 0
71.12600975054275 253.13689904273878 -1 0 0
92.73036546742111 257.31838724600556 -1 0 0
108.06248887939938 251.74306964164987 -1 0 0
131.75758869791113 244.07700793566076 -1 0 0
121.36194441478953 248.60695348919975 -1 0 0
164.2221984982741 245.4708373367497 -1 0 0
188.26575566705816 243.72855058538855 -1 0 0
190.00804241841928 235.36557417885496 -1 0 0
182.34198071243014 235.36557417885496 -1 0 0
216.14234368883675 241.28934913348292 -1 0 0
219.97537454183131 232.5779153766771 -1 0 0
210.56702608448106 207.14052880680413 -1 0 0
201.15867762713077 214.1096758122488 -1 0 0
199.41639087576957 206.79207145653191 -1 0 0
194.53798797195827 204.35287000462628 -1 0 0
238.4436141062596 231.53254332586042 -1 0 0
243.32201701007088 240.59243443293843 -1 0 0
253.42728016796556 237.80477563076056 -1 0 0
231.82292445108718 181.00622753638672 -1 0 0
224.5053200953703 210.27664495925424 -1 0 0
247.50350521333766 186.93000249101468 -1 0 0
244.0189317106153 180.30931283584226 -1 0 0
253.77573751823786 180.30931283584226 -1 0 0
249.9427066652433 178.56702608448109 -1 0 0
290.1314543966407 231.5325433258605 -1 0 0
284.20767944201276 230.83562862531602 -1 0 0
303.37283370698555 234.32020212803835 -1 0 0
294.6613999501797 200.5198391516318 -1 0 0
286.99533824419063 207.48898615707645 -1 0 0
279.32927653820155 205.39824205544306 -1 0 0
265.04252517704 208.18590085762094 -1 0 0
268.17864132949006 202.6105832532652 -1 0 0
259.4672075726843 186.58154514074255 -1 0 0
260.1641222732287 176.82473933312002 -1 0 0
287.6922529447351 175.77936728230335 -1 0 0
411.45268851642305 239.5470623821217 -1 0 0
457.6232874274939 225.95722572150464 -1 0 0
443.33653606633237 192.5053200953703 -1 0 0
420.338350948365 174.03708053094203 -1 0 0
473.3038681897443 161.14415857086942 -1 0 0
470.16775203729424 166.37101882495293 -1 0 0
479.92455784491676 209.92818760898194 -1 0 0
503.9681150137008 199.12600975054275 -1 0 0
502.57428561261185 212.36738906088758 -1 0 0
545.7829970463687 215.50350521333766 -1 0 0
520.694067826768 190.41457599373692 -1 0 0
522.7848119284014 181.70314223693111 -1 0 0
532.1931603857516 185.8846304401979 -1 0 0
490.7267357033559 172.99170848012534 -1 0 0
569.1296395146082 155.22038361624146 -1 0 0
572.2657556670583 165.67410412440847 -1 0 0
581.6741041244086 161.14415857086942 -1 0 0
597.3546848866591 160.7957012205972 -1 0 0
603.278459841287 162.18953062168615 -1 0 0
584.4617629265865 178.91548343475327 -1 0 0
594.9154834347535 175.43090993203094 -1 0 0
588.6432511298533 175.43090993203094 -1 0 0
588.9917084801256 206.44361410625962 -1 0 0
621.3982420554431 201.21675385217617 -1 0 0
637.4272801679658 177.17319668339212 -1 0 0
629.7612184619767 174.03708053094203 -1 0 0
634.2911640155157 171.94633642930864 -1 0 0
620.3528700046264 180.3093128358422 -1 0 0
625.9281876089822 179.61239813529772 -1 0 0
617.5652112024486 267.4236504039003 -1 0 0
618.9590406035376 206.09515675598738 -1 0 0
775.474467100815 320.73762499555187 -1 0 0
748.2947937795808 325.6160278993631 -1 0 0
756.6577701861144 299.8301839792179 -1 0 0
914.1604925091635 308.1931603857515 -1 0 0
698.8138500409239 262.8937048503613 -1 0 0
797.0788228176933 241.28934913348292 -1 0 0
799.1695669193268 220.38190811714892 -1 0 0
838.1967901498169 237.10786093021613 -1 0 0
932.977189423864 226.65414042204915 -1 0 0
951.7938863385646 209.23127290843752 -1 0 0
992.2149389701435 218.98807871606002 -1 0 0
1020.7884416924666 221.07882281769344 -1 0 0
1009.6378064837551 216.20041991388214 -1 0 0
1020.0915269919221 227.35105512259364 -1 0 0
1003.365574178855 350.7049571189639 -1 0 0
959.4599480445536 340.94815131134135 -1 0 0
942.037080530942 325.6160278993631 -1 0 0
926.0080424184193 315.8592220917406 -1 0 0
912.06974840753 289.376463471051 -1 0 0
976.1859008576208 308.89007508629595 -1 0 0
785.5216540336642 217.94270666524338 -1 0 0
852.4254652859328 213.7612184619766 -1 0 0
844.0624888793992 213.0643037614321 -1 0 0
902.9517810754065 205.74669940571525 -1 0 0
886.2258282623394 208.18590085762088 -1 0 0
927.6922529447351 196.33835094836496 -1 0 0
945.1151204583467 202.2621259029929 -1 0 0
861.8338137432831 209.92818760898203 -1 0 0
808.1713818013594 212.36738906088766 -1 0 0
820.3673890608875 161.49261592114172 -1 0 0
810.2621259029928 158.35649976869163 -1 0 0
832.5633963204157 152.08426746379146 -1 0 0
867.4091313476389 154.8719262659693 -1 0 0
874.3782783530835 151.73581011351922 -1 0 0
883.4381694601616 155.22038361624155 -1 0 0
923.8592220917405 205.74669940571525 -1 0 0
956.6142130173304 149.2966086616136 -1 0 0
971.5978790790364 155.22038361624155 -1 0 0
960.795701220597 144.41820575780233 -1 0 0
974.1822710935554 144.7666631080746 -1 0 0
976.6214725454611 140.4109462296717 -1 0 0
984.8102202768584 145.8120351588913 -1 0 0
993.8701113839365 151.2131240881109 -1 0 0
1006.588804668873 147.90277926052468 -1 0 0
995.2639407850254 160.9699298957334 -1 0 0
1011.9898935980925 143.7212910572579 -1 0 0
1021.746699405715 143.5470623821218 -1 0 0
997.7031422369311 136.22945802640493 -1 0 0
944.0407102950072 131.52528379772977 -1 0 0
937.7684779901072 143.19860503184955 -1 0 0
929.2312729084374 141.80477563076062 -1 0 0
940.3819081171489 148.25123661079692 -1 0 0
934.6323618376571 146.16049250916353 -1 0 0
931.8447030354791 152.78118216433595 -1 0 0
926.0951567559873 156.78844169246662 -1 0 0
914.4218355218675 158.00804241841942 -1 0 0
923.8301839792178 151.0388954129748 -1 0 0
897.5216540336643 160.6214725454612 -1 0 0
983.5906195509058 141.97900430589672 -1 0 0
991.0824525817587 138.14597345290218 -1 0 0
1010.2476068467314 129.6087683712325 -1 0 0
1002.7557738158785 144.24397708266625 -1 0 0
886.6613999501795 150.1677520372942 -1 0 0
893.2820896053521 145.9862638340274 -1 0 0
889.7975161026299 145.28934913348294 -1 0 0
657.1731966833921 216.54887726415436 -1 0 0
653.6886231806699 203.65595530408177 -1 0 0
669.0207465926479 204.35287000462623 -1 0 0
679.8229244510871 206.09515675598738 -1 0 0
689.2312729084375 212.01893171061536 -1 0 0
691.6704743603432 198.77755240027054 -1 0 0
706.3056830717768 197.0352656489094 -1 0 0
731.3946122913777 193.89914949645924 -1 0 0
743.2421622006335 192.1568627450981 -1 0 0
727.5615814383831 186.5815451407424 -1 0 0
749.8628518558058 165.67410412440847 -1 0 0
763.1042311661508 157.65958506814712 -1 0 0
768.3310914202342 150.69043806270247 -1 0 0
777.3909825273123 164.62873207359175 -1 0 0
775.6486957759512 158.00804241841934 -1 0 0
751.9535959574393 152.0842674637914 -1 0 0
759.9681150137006 140.58517490480773 -1 0 0
768.6795487705066 141.63054695562442 -1 0 0
774.6033237251344 145.11512045834675 -1 0 0
777.04252517704 137.44905875235764 -1 0 0
803.5252837977297 152.0842674637914 -1 0 0
794.3782783530836 141.80477563076053 -1 0 0
813.0207465926479 153.47809686488034 -1 0 0
809.0134870645173 150.69043806270247 -1 0 0
803.9608554855699 146.6831785345718 -1 0 0
790.3710188249529 139.36557417885493 -1 0 0
822.2548663748622 145.81203515889126 -1 0 0
806.5742856126118 141.45631828048835 -1 0 0
807.4454289882924 135.53254332586042 -1 0 0
796.9917084801255 138.4944308031744 -1 0 0
213.5615450193457 192.58495639058287 -1 0 0
270.4979998688441 172.4645550527902 -1 0 0
267.9294379959344 172.67860187553265 -1 0 0
292.3307757885766 175.78228080529854 -1 0 0
784.8525149190112 138.00301659125182 -1 0 0
