202.7267357033558 541.659585068147 -1 0 0
209.69588270880053 464.99896800825593 -1 0 0
485.6741041244085 308.89007508629584 -1 0 0
636.2076794420128 299.13326927867337 -1 0 0
708.6868082986373 357.67410412440836 -1 0 0
781.1659371552615 349.3111277178748 -1 0 0
803.4672075726844 275.4381694601616 -1 0 0
862.0080424184194 329.7975161026298 -1 0 0
934.4871712750437 310.28390448738475 -1 0 0
1018.1169353403797 314.4653926906515 -1 0 0
935.8810006761329 438.51620938756633 -1 0 0
1012.5416177360239 193.20223479591468 -1 0 0
955.3946122913777 200.1713818013594 -1 0 0
192.96992989573326 215.50350521333758 -1 0 0
255.69225294473517 177.8701113839365 -1 0 0
226.42183552186765 149.99352336215787 -1 0 0
275.20586455998017 124.90459414255719 -1 0 0
305.8701113839366 163.9318173730472 -1 0 0
322.59606419700384 189.02074659264798 -1 0 0
350.47265221878234 182.05159958720327 -1 0 0
383.9245578449166 147.20586455998 -1 0 0
390.8937048503613 117.93544713711246 -1 0 0
443.85922209174066 148.59969396106902 -1 0 0
452.2221984982742 105.3909825273122 -1 0 0
455.0098573004521 190.41457599373683 -1 0 0
566.5162093875664 211.3220170100708 -1 0 0
558.1532329810328 85.87737091206724 -1 0 0
661.2966086616136 133.26757054909075 -1 0 0
733.775737518238 123.51076474146832 -1 0 0
988.846517917512 105.3909825273122 -1 0 0
1016.7231059392908 102.60332372513435 -1 0 0
991.6341767196899 66.36375929682211 -1 0 0
979.0897121098897 73.3329063022668 -1 0 0
84.94815131134126 34.479911746912926 -1 0 0
81.46357780861895 43.539802853990956 -1 0 0
107.24942172876413 57.82655421515248 -1 0 0
104.11330557631403 25.071563289562654 -1 0 0
114.21856873420877 26.46539269065158 -1 0 0
122.23308779047012 34.479911746912926 -1 0 0
121.8846304401979 54.34198071243016 -1 0 0
137.2167538521761 45.63054695562435 -1 0 0
134.42909504999824 33.78299704636844 -1 0 0
140.00441265435396 29.9499661933739 -1 0 0
163.6995124728658 20.19316038575141 -1 0 0
168.22945802640479 36.91911319881853 -1 0 0
173.10786093021605 45.282089605352134 -1 0 0
179.72855058538843 40.055229351268636 -1 0 0
190.53072844382766 37.267570549090784 -1 0 0
227.11875022241205 19.147788334934695 -1 0 0
236.5270986797623 54.34198071243016 -1 0 0
209.69588270880047 49.81203515889113 -1 0 0
214.5742856126117 73.85559232767517 -1 0 0
277.5869897868404 54.080637699726005 -1 0 0
273.92818760898194 43.62691719155904 -1 0 0
265.2167538521761 40.66502971424506 -1 0 0
267.83018397921785 5.645066011885712 -1 0 0
278.28390448738486 5.122379986477373 -1 0 0
287.518024269599 6.341980712430175 -1 0 0
268.70132735489847 11.220383616241437 -1 0 0
273.0570442333013 12.962670367602596 -1 0 0
277.93544713711265 18.015301946549965 -1 0 0
284.20767944201276 21.15141809900005 -1 0 0
290.47991174691293 19.234902672502766 -1 0 0
283.3365360663322 27.423650403900233 -1 0 0
280.37464858901825 35.7866268104338 -1 0 0
283.3365360663322 45.54343261805631 -1 0 0
296.22945802640476 46.240347318600776 -1 0 0
295.88100067613254 39.44542898829224 -1 0 0
305.63780648375507 18.537987971958305 -1 0 0
310.86466673783855 15.75032916978045 -1 0 0
299.53980285399103 9.652325540016385 -1 0 0
311.38735276324684 41.18771573965341 -1 0 0
308.7739226362052 33.69588270880041 -1 0 0
316.61421301733037 52.8610369737732 -1 0 0
309.47083733674964 60.52709867976229 -1 0 0
311.56158143838303 75.33653606633219 -1 0 0
335.430909932031 39.96811501370059 -1 0 0
346.23308779047017 2.683178534571733 -1 0 0
333.34016583039755 1.9862638340272694 -1 0 0
347.8011458666952 24.11330557631403 -1 0 0
345.7104017650619 66.62510230952637 -1 0 0
355.6414362478205 60.17864132949007 -1 0 0
364.35287000462625 91.19134550371874 -1 0 0
378.6396213657878 60.52709867976229 -1 0 0
376.02619123874604 30.211309206078095 -1 0 0
380.38190811714895 26.029821002811303 -1 0 0
367.8374435073486 24.63599160172237 -1 0 0
364.1786413294901 15.227643144372111 -1 0 0
362.26212590299286 10.000782890288617 -1 0 0
353.37646347105095 11.743069641649775 -1 0 0
373.9354471371126 7.213124088110762 -1 0 0
371.32201701007097 3.554321910252321 -1 0 0
382.47265221878234 2.334721184299501 -1 0 0
387.87374114800195 1.9862638340272694 -1 0 0
390.8356286253159 10.175011565424724 -1 0 0
402.85740720970796 11.743069641649775 -1 0 0
381.42728016796565 16.795701220597145 -1 0 0
397.80477563076056 49.55069214618698 -1 0 0
391.00985730045204 70.2839044873848 -1 0 0
421.1514180990001 61.39824205544288 -1 0 0
422.8937048503613 35.612398135297695 -1 0 0
418.36375929682225 10.000782890288617 -1 0 0
433.5216540336644 13.65958506814706 -1 0 0
428.99170848012534 14.356499768691522 -1 0 0
411.56884096651373 5.2966086616134795 -1 0 0
427.4236504039003 2.683178534571733 -1 0 0
317.48535639301105 147.2058645599801 -1 0 0
328.63599160172254 135.3583146507242 -1 0 0
335.60513860716725 127.69225294473509 -1 0 0
341.87737091206736 102.60332372513435 -1 0 0
455.00985730045215 33.78299704636844 -1 0 0
463.0243763567135 14.966300131667916 -1 0 0
461.6305469556246 4.512579623500927 -1 0 0
478.0080424184195 10.08789722785667 -1 0 0
493.68862318067 5.55795167431764 -1 0 0
498.56702608448126 20.890075086295838 -1 0 0
487.41639087576976 41.79751610262979 -1 0 0
475.56884096651385 33.78299704636844 -1 0 0
469.29660866161373 72.81022027685849 -1 0 0
484.62873207359195 84.65777018611438 -1 0 0
504.49080103910916 71.41639087576954 -1 0 0
504.14234368883695 56.43272481406355 -1 0 0
526.4436141062598 45.282089605352134 -1 0 0
530.6251023095267 72.81022027685849 -1 0 0
552.9263727269495 53.99352336215792 -1 0 0
571.74306964165 25.76847799010712 -1 0 0
565.4708373367499 4.512579623500927 -1 0 0
576.2730151951891 0.33109142023414617 -1 0 0
540.3819081171491 3.8156649229564636 -1 0 0
532.71584641116 9.042525177039957 -1 0 0
527.8374435073488 3.8156649229564636 -1 0 0
515.6414362478206 7.997153126223244 -1 0 0
622.966300131668 11.133269278673348 -1 0 0
632.7231059392906 8.694067826767709 -1 0 0
647.7067720009965 5.209494324045391 -1 0 0
656.06974840753 3.815664922956464 -1 0 0
667.9172983167861 31.343795594462826 -1 0 0
681.1586776271307 3.815664922956464 -1 0 0
686.7339952314865 16.011672182484592 -1 0 0
712.5198391516317 9.042525177039957 -1 0 0
720.8828155581652 5.209494324045391 -1 0 0
731.3365360663321 28.207679442012722 -1 0 0
689.8701113839365 67.23490267250276 -1 0 0
672.447243870325 72.46176292658625 -1 0 0
704.5053200953704 91.97537454183124 -1 0 0
772.3383509483649 94.76303334400912 -1 0 0
773.7321803494539 63.05341446923597 -1 0 0
750.3855378812143 59.2203836162414 -1 0 0
759.0969716380201 48.4182057578022 -1 0 0
752.4762819828477 33.08608234582398 -1 0 0
768.1568627450981 25.76847799010712 -1 0 0
787.3220170100709 13.572470730578988 -1 0 0
787.3220170100709 5.55795167431764 -1 0 0
820.7739226362052 1.3764634710508592 -1 0 0
830.1822710935555 24.723105939290406 -1 0 0
809.6232874274938 39.358314650724175 -1 0 0
823.9100387886554 61.311127717874804 -1 0 0
868.1641222732288 7.64869577595103 -1 0 0
885.9354471371128 11.830183979217813 -1 0 0
849.6958827088005 78.38553788121418 -1 0 0
882.1024162841181 106.26212590299278 -1 0 0
909.0497847051706 29.601508843101644 -1 0 0
939.0171168285826 11.133269278673348 -1 0 0
919.5035052133377 3.8156649229564636 -1 0 0
973.5143945055337 28.904594142557187 -1 0 0
988.1496032169673 34.479911746912926 -1 0 0
1018.8138500409239 22.2839044873848 -1 0 0
231.32743130697102 572.5180667584759 -1 0 0
403.42107679192077 307.9561938487769 -1 0 0
268.99967210964655 301.1066955210178 -1 0 0
65.22709685881044 680.3976654206832 -1 0 0
92.83913699258972 37.293986490917455 -1 0 0
122.59164535379372 22.310708898944203 -1 0 0
128.58495639058302 21.454521607974325 -1 0 0
96.69197980195428 25.307364417338857 -1 0 0
92.19699652436229 25.307364417338857 -1 0 0
76.14348481867667 34.2973309725228 -1 0 0
166.04315037051617 146.24381926683716 -1 0 0
218.91271558790743 93.90937110630196 -1 0 0
108.99967210964655 34.67191291232212 -1 0 0
247.2739196012853 20.75886943406125 -1 0 0
252.08997311299098 35.2070299691783 -1 0 0
252.94616040396085 61.748835989245165 -1 0 0
253.0531838153321 53.508033313659894 -1 0 0
280.4511771263689 83.2605416748639 -1 0 0
276.919404551118 70.47124401600107 -1 0 0
252.30401993573346 140.25050823004787 -1 0 0
377.73545806282374 207.56823398255617 -1 0 0
338.0297724440947 28.999672109646532 -1 0 0
355.3675650862352 25.46789953439569 -1 0 0
409.5214112400813 22.257197193258577 -1 0 0
338.99298314643585 1.4946553872385122 -1 0 0
462.0699062233589 50.77893632369338 -1 0 0
391.00636107285726 98.2973309725228 -1 0 0
513.0130500360679 88.13010689225526 -1 0 0
567.8090366581415 120.02308348088403 -1 0 0
327.0063610728571 121.52141124008135 -1 0 0
571.661879467506 175.2471637484426 -1 0 0
600.3441537149977 105.46789953439571 -1 0 0
403.84917043740563 173.74883598924526 -1 0 0
347.1267624106498 147.20702996917836 -1 0 0
558.8190701029574 160.3709095678405 -1 0 0
549.4010099022885 98.6184012066365 -1 0 0
598.417732310315 11.340809233392369 -1 0 0
522.4311102367366 29.802347694930802 -1 0 0
522.0030165912516 18.02977244409468 -1 0 0
754.4578660895792 167.5414781297131 -1 0 0
850.3508426782078 117.02642796248912 -1 0 0
