377.5075120957473 186.54647313470838 -1 0 0
269.03997962821484 280.0529666412019 -1 0 0
375.0140056022409 126.70231729055249 -1 0 0
387.48153806977336 90.54647313470838 -1 0 0
404.9360835243188 51.89712248535772 -1 0 0
452.3127069009422 12.00101858925379 -1 0 0
492.2088107970461 24.46855105678625 -1 0 0
656.7802393684748 116.72829131652658 -1 0 0
936.0529666412019 4.520499108734286 -1 0 0
178.02699261522787 20.72829131652657 -1 0 0
85.76725235548756 21.975044563279702 -1 0 0
618.5464731347082 348.3526669409022 -1 0 0
806.7742453624803 563.177841766077 -1 0 0
906.0030165912516 253.2158038040391 -1 0 0
700.38463497287 71.1258937141291 -1 0 0
511.30067545412817 3.367565086235046 -1 0 0
