565.0008994423456 644.413743479043 -1 0 0
603.7531930203272 342.3220003597769 -1 0 0
477.80823889188684 297.40456916711634 -1 0 0
460.19355999280435 269.2210829285842 -1 0 0
466.3586976074833 237.51466091023553 -1 0 0
435.53300953408865 232.2302572405108 -1 0 0
461.9550278827125 180.26695448821727 -1 0 0
440.81741320381343 184.6706242129879 -1 0 0
415.27612880014374 160.89080769922643 -1 0 0
801.037596690052 468.26695448821727 -1 0 0
959.5697067817952 354.65227558913466 -1 0 0
978.9458535707859 492.92750494693286 -1 0 0
940.1935599928042 241.91833063500627 -1 0 0
893.5146609102354 213.73484439647416 -1 0 0
862.688972836841 157.36787191940996 -1 0 0
845.0742939377584 118.61557834142835 -1 0 0
779.8999820111529 118.61557834142835 -1 0 0
883.82658751574 95.71649577262096 -1 0 0
876.780715956107 137.11099118546497 -1 0 0
919.9366792588593 126.54218384601542 -1 0 0
981.5880554056482 138.87245907537329 -1 0 0
29.51466091023562 227.8265875157402 -1 0 0
63.86328476344662 215.49631228638242 -1 0 0
72.67062421298793 215.49631228638242 -1 0 0
46.248605864364045 155.60640402950165 -1 0 0
23.349523295556697 149.4412664148228 -1 0 0
-94.66882532829649 281.55135815794205 -1 0 0
418.7990645799604 112.4504407267494 -1 0 0
411.7531930203273 123.01924806619895 -1 0 0
400.3036517359236 108.04677100197881 -1 0 0
386.2119086166576 86.02842237812557 -1 0 0
166.76236733225403 151.42291779096962 -1 0 0
150.02842237812558 145.69814714876776 -1 0 0
178.65227558913477 141.2944774239971 -1 0 0
181.73484439647422 118.83576182766684 -1 0 0
207.27612880014397 125.44126641482279 -1 0 0
212.56053246986872 115.75319302032742 -1 0 0
213.0008994423458 105.18438568087785 -1 0 0
190.10181687353847 75.67979852491455 -1 0 0
179.09264256161185 91.09264256161181 -1 0 0
172.0467710019788 91.09264256161181 -1 0 0
163.67979852491456 83.60640402950173 -1 0 0
157.07429393775863 77.88163338729989 -1 0 0
150.90915632307974 80.0834682496852 -1 0 0
153.99172513041918 68.63392696528153 -1 0 0
170.28530311207052 61.5880554056485 -1 0 0
174.6889728368412 69.51466091023566 -1 0 0
197.14768843317148 64.67062421298796 -1 0 0
207.27612880014397 58.94585357078611 -1 0 0
112.15686274509807 68.63392696528153 -1 0 0
128.89080769922649 73.03759669005215 -1 0 0
125.36787191940999 77.4412664148228 -1 0 0
119.64310127720815 95.49631228638242 -1 0 0
141.2210829285843 94.17521136895127 -1 0 0
152.23025724051092 101.66144990106135 -1 0 0
131.53300953408888 102.10181687353843 -1 0 0
97.62475265335496 120.15686274509804 -1 0 0
93.22108292858431 98.57888109372189 -1 0 0
68.12016549739161 89.77154164418062 -1 0 0
72.08346824968523 108.26695448821731 -1 0 0
36.413743479043 103.42291779096962 -1 0 0
25.84493613959346 95.49631228638242 -1 0 0
2.9458535707861158 98.57888109372189 -1 0 0
8.230257240510884 115.75319302032742 -1 0 0
9.551358157942078 148.78071595610723 -1 0 0
225.77154164418064 181.80823889188704 -1 0 0
261.8816333872999 181.36787191940996 -1 0 0
284.7807159561073 194.57888109372192 -1 0 0
299.75319302032744 182.68897283684117 -1 0 0
302.39539485518975 200.74401870840077 -1 0 0
311.20273430473117 158.02842237812558 -1 0 0
320.8908076992265 143.49631228638245 -1 0 0
280.81741320381377 99.01924806619895 -1 0 0
273.7715416441807 129.40456916711642 -1 0 0
255.71649577262104 105.62475265335492 -1 0 0
235.45961503867605 109.5880554056485 -1 0 0
229.73484439647427 91.09264256161181 -1 0 0
235.01924806619903 80.0834682496852 -1 0 0
234.57888109372195 76.12016549739161 -1 0 0
227.09264256161188 76.12016549739161 -1 0 0
220.0467710019788 77.88163338729989 -1 0 0
217.40456916711642 87.12933980931822 -1 0 0
223.12933980931825 54.101816873538425 -1 0 0
236.78071595610726 56.30365173592372 -1 0 0
237.22108292858434 63.34952329555673 -1 0 0
259.2394315524376 44.85411045152004 -1 0 0
253.51466091023573 47.9366792588595 -1 0 0
258.79906457996054 51.01924806619896 -1 0 0
255.71649577262104 59.38622054326319 -1 0 0
268.04677100197875 51.459615038676034 -1 0 0
263.64310127720813 62.028422378125576 -1 0 0
276.4137434790431 54.101816873538425 -1 0 0
283.4596150386761 49.25778017629073 -1 0 0
283.01924806619905 53.221082928584266 -1 0 0
279.0559453139054 49.25778017629073 -1 0 0
288.74401870840086 44.85411045152004 -1 0 0
305.47796366252925 43.092642561611804 -1 0 0
300.19355999280447 41.77154164418058 -1 0 0
294.90915632307974 52.340348983630115 -1 0 0
304.1568627450981 57.18438568087788 -1 0 0
287.8632847634467 71.27612880014392 -1 0 0
278.17521136895124 82.2853031120705 -1 0 0
257.9183306350063 78.76236733225402 -1 0 0
300.19355999280447 77.00089944234573 -1 0 0
312.9642021946394 72.59722971757512 -1 0 0
319.5697067817954 63.34952329555673 -1 0 0
325.7348443964743 74.79906457996042 -1 0 0
312.9642021946394 83.60640402950173 -1 0 0
320.45044072674955 90.21190861665765 -1 0 0
338.06511962583204 99.45961503867602 -1 0 0
379.4596150386761 175.20273430473108 -1 0 0
367.56970678179533 157.5880554056485 -1 0 0
378.1385141212449 148.34034898363015 -1 0 0
447.71649577262104 111.7898902680338 -1 0 0
496.1568627450981 153.18438568087788 -1 0 0
471.93667925885956 107.82658751574027 -1 0 0
425.6981471487679 94.17521136895127 -1 0 0
411.1660370570247 77.4412664148228 -1 0 0
427.01924806619905 77.00089944234573 -1 0 0
417.7715416441807 80.52383522216226 -1 0 0
360.7440187084008 39.01924806619898 -1 0 0
364.92750494693297 37.25778017629073 -1 0 0
381.0008994423458 24.046771001978804 -1 0 0
353.6981471487678 33.29447742399715 -1 0 0
342.46878935060266 45.84493613959348 -1 0 0
331.459615038676 43.422917790969635 -1 0 0
323.973376506566 44.96420219463934 -1 0 0
325.2944774239972 39.679798524914574 -1 0 0
313.8449361395935 40.12016549739165 -1 0 0
325.5146609102357 52.8908076992265 -1 0 0
317.5880554056485 53.33117467170357 -1 0 0
334.5421838460156 49.80823889188706 -1 0 0
343.56970678179533 67.2027343047311 -1 0 0
357.88163338729987 58.83576182766688 -1 0 0
350.17521136895124 58.61557834142833 -1 0 0
365.5880554056485 49.367871919409986 -1 0 0
369.5513581579421 55.53300953408888 -1 0 0
370.8724590753733 46.28530311207054 -1 0 0
377.03759669005217 44.74401870840082 -1 0 0
373.9550278827128 48.26695448821732 -1 0 0
383.2027343047311 49.367871919409986 -1 0 0
385.62475265335496 72.92750494693293 -1 0 0
417.3311746717036 53.99172513041916 -1 0 0
403.8999820111531 50.248605864364116 -1 0 0
396.63392696528155 48.7073214606944 -1 0 0
390.90915632307974 41.00089944234577 -1 0 0
389.1476884331714 30.872459075373307 -1 0 0
384.7440187084008 33.95502788271275 -1 0 0
398.17521136895124 35.49631228638248 -1 0 0
412.4871379744559 30.432092102896227 -1 0 0
408.52383522216235 44.083468249685225 -1 0 0
414.90915632307974 35.716495772620995 -1 0 0
420.41374347904303 35.716495772620995 -1 0 0
420.63392696528155 30.21190861665769 -1 0 0
418.8724590753733 26.248605864364116 -1 0 0
424.37704623133664 24.707321460694384 -1 0 0
432.7440187084008 23.16603705702469 -1 0 0
437.1476884331714 20.964202194639345 -1 0 0
435.60640402950173 31.312826047850347 -1 0 0
437.36787191941005 28.23025724051092 -1 0 0
437.80823889188713 33.95502788271275 -1 0 0
429.0008994423457 38.57888109372192 -1 0 0
432.08346824968527 54.21190861665769 -1 0 0
416.670624212988 44.74401870840082 -1 0 0
443.97337650656596 45.62475265335494 -1 0 0
438.6889728368412 50.90915632307971 -1 0 0
443.5330095340889 38.13851412124486 -1 0 0
204.63392696528157 117.4045691671164 -1 0 0
445.5146609102357 71.82658751574027 -1 0 0
454.10181687353844 75.12933980931825 -1 0 0
466.2119086166577 61.698147148767795 -1 0 0
473.03759669005217 57.95502788271273 -1 0 0
472.81741320381366 49.58805540564852 -1 0 0
469.5146609102357 37.47796366252927 -1 0 0
466.2119086166577 41.00089944234577 -1 0 0
459.82658751574024 38.799064579960465 -1 0 0
454.32200035977695 42.5421838460155 -1 0 0
452.3403489836302 37.03759669005219 -1 0 0
452.3403489836302 24.707321460694384 -1 0 0
456.7440187084008 29.331174671703575 -1 0 0
458.2853031120705 25.14768843317146 -1 0 0
456.08346824968527 20.523835222162305 -1 0 0
464.67062421298795 24.92750494693292 -1 0 0
461.1476884331714 31.97337650656596 -1 0 0
475.8999820111531 29.55135815794212 -1 0 0
467.7531930203274 23.16603705702469 -1 0 0
450.90915632307974 15.294477423997135 -1 0 0
450.0284223781256 12.432092102896211 -1 0 0
466.76236733225403 11.000899442345768 -1 0 0
465.22108292858434 18.266954488217316 -1 0 0
473.25778017629074 16.835761827666865 -1 0 0
480.08346824968527 13.97337650656594 -1 0 0
481.9550278827127 19.36787191940998 -1 0 0
485.1476884331714 24.87245907537328 -1 0 0
479.6431012772082 30.927504946932917 -1 0 0
495.27612880014397 30.707321460694384 -1 0 0
499.56970678179533 20.248605864364105 -1 0 0
491.6431012772082 19.03759669005218 -1 0 0
492.5238352221623 25.312826047850347 -1 0 0
486.7990645799605 14.744018708400807 -1 0 0
484.7073214606944 11.331174671703558 -1 0 0
480.9642021946393 10.120165497391634 -1 0 0
496.92750494693297 13.643101277208153 -1 0 0
503.4229177909696 12.542183846015481 -1 0 0
501.110991185465 14.413743479043 -1 0 0
505.62475265335496 13.202734304731077 -1 0 0
507.71649577262093 16.725670084547595 -1 0 0
512.1201654973917 12.432092102896211 -1 0 0
516.1935599928045 15.514660910235673 -1 0 0
518.2853031120706 14.193559992804479 -1 0 0
521.9183306350063 12.211908616657691 -1 0 0
522.0284223781256 17.055945313905394 -1 0 0
518.5054865983091 20.248605864364105 -1 0 0
528.413743479043 18.377046231336585 -1 0 0
522.9091563230797 22.230257240510895 -1 0 0
515.7531930203274 26.08346824968521 -1 0 0
522.2486058643641 30.597229717575114 -1 0 0
523.459615038676 25.643101277208142 -1 0 0
529.7348443964742 27.0742939377586 -1 0 0
510.46878935060266 47.661449901061346 -1 0 0
519.4963122863825 50.30365173592374 -1 0 0
493.5146609102357 46.89080769922649 -1 0 0
473.5880554056485 38.413743479043 -1 0 0
483.16603705702465 47.11099118546502 -1 0 0
490.8724590753733 61.97337650656594 -1 0 0
481.9550278827127 66.48713797445585 -1 0 0
481.8449361395935 72.32200035977694 -1 0 0
473.6981471487678 83.77154164418062 -1 0 0
510.0284223781256 74.30365173592372 -1 0 0
519.1660370570246 85.09264256161181 -1 0 0
515.6431012772082 68.9091563230797 -1 0 0
509.25778017629074 56.9091563230797 -1 0 0
526.8724590753733 63.624752653354925 -1 0 0
489.4412664148228 93.34952329555675 -1 0 0
388.0467710019788 61.7531930203274 -1 0 0
571.7898902680338 59.44126641482281 -1 0 0
578.0651196258319 82.56053246986869 -1 0 0
608.0100737542723 83.99172513041916 -1 0 0
600.1935599928045 89.05594531390538 -1 0 0
542.6155783414283 68.46878935060263 -1 0 0
530.1752113689512 46.78071595610723 -1 0 0
547.4596150386759 36.98255081849255 -1 0 0
554.5054865983091 42.92750494693291 -1 0 0
554.3953948551897 62.083468249685204 -1 0 0
563.3128260478503 54.92750494693291 -1 0 0
573.2210829285842 44.468789350602634 -1 0 0
571.019248066199 37.202734304731074 -1 0 0
567.1660370570246 36.762367332254016 -1 0 0
560.2302572405108 32.468789350602634 -1 0 0
554.3953948551897 37.86328476344668 -1 0 0
583.899982011153 38.63392696528153 -1 0 0
584.2302572405109 54.59722971757512 -1 0 0
596.3403489836301 51.18438568087785 -1 0 0
603.0559453139053 39.0742939377586 -1 0 0
611.202734304731 44.799064579960444 -1 0 0
593.037596690052 32.24860586436411 -1 0 0
593.808238891887 24.54218384601548 -1 0 0
585.9917251304191 25.97337650656594 -1 0 0
582.6889728368411 19.808238891887047 -1 0 0
573.4412664148228 20.688972836841174 -1 0 0
564.9642021946393 25.202734304731077 -1 0 0
556.5972297175751 23.221082928584288 -1 0 0
545.2577801762907 21.679798524914567 -1 0 0
539.4229177909696 25.97337650656594 -1 0 0
535.3495232955568 23.221082928584288 -1 0 0
537.9917251304191 19.808238891887047 -1 0 0
531.8265875157402 14.193559992804479 -1 0 0
526.4320921028961 12.101816873538422 -1 0 0
543.2761288001439 13.753193020327403 -1 0 0
540.5238352221622 10.120165497391634 -1 0 0
554.5054865983091 10.560532469868692 -1 0 0
556.8174132038135 13.643101277208153 -1 0 0
552.3036517359237 17.93667925885952 -1 0 0
565.8449361395934 15.95502788271273 -1 0 0
565.5146609102355 9.01924806619898 -1 0 0
573.9917251304191 9.789890268033828 -1 0 0
568.5972297175751 11.661449901061363 -1 0 0
579.6064040295016 12.432092102896211 -1 0 0
584.3403489836301 12.982550818492557 -1 0 0
588.5238352221622 16.835761827666865 -1 0 0
591.2761288001439 13.422917790969615 -1 0 0
591.4963122863824 16.725670084547595 -1 0 0
596.2302572405109 18.707321460694384 -1 0 0
601.1843856808778 18.046771001978787 -1 0 0
605.6981471487677 17.055945313905394 -1 0 0
603.9366792588595 10.560532469868692 -1 0 0
599.4229177909696 11.331174671703558 -1 0 0
608.0100737542723 10.670624212987962 -1 0 0
610.9825508184925 17.826587515740258 -1 0 0
612.8541104515202 34.780715956107215 -1 0 0
618.578881093722 32.138514121244825 -1 0 0
606.4687893506028 21.67979852491454 -1 0 0
616.1568627450981 21.67979852491454 -1 0 0
618.138514121245 16.72567008454757 -1 0 0
625.5146609102358 17.055945313905365 -1 0 0
626.2853031120707 25.643101277208117 -1 0 0
622.7623673322541 23.22108292858427 -1 0 0
632.4504407267495 17.82658751574023 -1 0 0
632.8908076992267 13.42291779096958 -1 0 0
638.3953948551899 24.432092102896192 -1 0 0
634.3220003597771 26.303651735923722 -1 0 0
647.6431012772083 21.45961503867601 -1 0 0
648.0834682496854 27.844936139593443 -1 0 0
647.8632847634468 37.0926425616118 -1 0 0
643.8999820111533 34.45044072674941 -1 0 0
631.349523295557 42.927504946932906 -1 0 0
627.8265875157404 35.991725130419134 -1 0 0
634.5421838460156 56.35869760748337 -1 0 0
622.7623673322541 54.597229717575104 -1 0 0
619.1293398093184 90.04677100197881 -1 0 0
635.8632847634468 64.61557834142833 -1 0 0
656.6706242129882 51.40456916711639 -1 0 0
653.5880554056487 43.037596690052176 -1 0 0
662.5054865983093 32.90915632307969 -1 0 0
656.6706242129882 26.083468249685183 -1 0 0
661.2944774239973 23.22108292858427 -1 0 0
667.0192480661991 24.76236733225399 -1 0 0
663.276128800144 17.606404029501693 -1 0 0
657.441266414823 19.80823889188702 -1 0 0
659.9733765065661 13.31282604785031 -1 0 0
667.8999820111533 18.26695448821729 -1 0 0
678.7990645799606 28.065119625831983 -1 0 0
677.9183306350064 36.98255081849254 -1 0 0
668.7807159561074 52.615578341428325 -1 0 0
664.487137974456 62.30365173592374 -1 0 0
673.2944774239973 60.54218384601548 -1 0 0
678.3586976074836 52.395394855189785 -1 0 0
678.9091563230799 83.44126641482285 -1 0 0
692.0100737542726 57.34952329555679 -1 0 0
697.7348443964745 40.615578341428346 -1 0 0
699.9366792588598 33.459615038676056 -1 0 0
694.4320921028965 26.083468249685218 -1 0 0
691.3495232955571 23.331174671703565 -1 0 0
688.4871379744561 19.47796366252925 -1 0 0
696.6339269652818 17.60640402950173 -1 0 0
704.3403489836305 20.68897283684118 -1 0 0
708.5238352221625 23.331174671703565 -1 0 0
700.8174132038139 21.789890268033844 -1 0 0
733.4045691671166 61.97337650656597 -1 0 0
721.4045691671166 39.95502788271275 -1 0 0
711.1660370570249 42.156862745098074 -1 0 0
717.1109911854652 38.41374347904302 -1 0 0
713.698147148768 28.285303112070537 -1 0 0
717.771541644181 22.8908076992265 -1 0 0
713.0375966900525 18.597229717575125 -1 0 0
723.2761288001442 13.422917790969615 -1 0 0
719.7531930203277 14.523835222162269 -1 0 0
722.9458535707864 25.312826047850354 -1 0 0
736.9275049469333 18.377046231336596 -1 0 0
730.7623673322543 11.661449901061363 -1 0 0
743.4229177909699 16.285303112070537 -1 0 0
746.39539485519 20.248605864364116 -1 0 0
751.3495232955571 18.377046231336596 -1 0 0
751.3495232955571 14.523835222162269 -1 0 0
762.1385141212451 11.771541644180633 -1 0 0
759.4963122863828 21.34952329555678 -1 0 0
740.2302572405113 31.14768843317146 -1 0 0
738.7990645799607 42.266954488217344 -1 0 0
743.8632847634469 46.01007375427238 -1 0 0
748.5972297175754 42.59722971757513 -1 0 0
748.817413203814 48.76236733225404 -1 0 0
770.8357618276673 39.51466091023568 -1 0 0
765.2210829285846 40.83576182766688 -1 0 0
758.5054865983094 28.61557834142835 -1 0 0
770.9458535707864 24.432092102896227 -1 0 0
770.9458535707864 16.725670084547595 -1 0 0
774.90915632308 17.166037057024663 -1 0 0
794.7256700845478 35.55135815794211 -1 0 0
787.2394315524378 26.083468249685218 -1 0 0
766.6522755891351 86.96420219463938 -1 0 0
803.9733765065663 31.918330635006324 -1 0 0
792.6339269652818 14.413743479043017 -1 0 0
798.2486058643644 12.982550818492557 -1 0 0
802.4320921028965 13.422917790969615 -1 0 0
786.5788810937222 10.8908076992265 -1 0 0
775.3495232955571 12.43209210289623 -1 0 0
713.5054865983094 2.8678719194099624 -1 0 0
719.8632847634469 3.7210829285842744 -1 0 0
733.5421838460157 4.29906457996042 -1 0 0
737.7531930203276 7.188972836841155 -1 0 0
769.3220003597771 11.840348983630145 -1 0 0
780.0834682496852 3.0880554056484915 -1 0 0
788.5330095340889 5.565119625831979 -1 0 0
792.7715416441807 5.565119625831979 -1 0 0
779.8908076992267 33.762367332254 -1 0 0
804.9091563230799 6.115578341428309 -1 0 0
809.8082388918872 10.739431552437486 -1 0 0
816.1385141212451 12.610991185465007 -1 0 0
823.8724590753734 13.34034898363015 -1 0 0
820.7348443964743 8.110991185465014 -1 0 0
833.0100737542725 11.578881093721895 -1 0 0
831.1935599928046 24.459615038676024 -1 0 0
818.1476884331717 26.99172513041914 -1 0 0
809.7256700845478 34.53300953408887 -1 0 0
839.1752113689514 8.991725130419145 -1 0 0
851.7256700845478 8.991725130419145 -1 0 0
854.5880554056488 26.00089944234575 -1 0 0
848.3128260478506 28.14768843317144 -1 0 0
858.1660370570249 27.5972297175751 -1 0 0
863.2853031120708 16.698147148767767 -1 0 0
867.3586976074836 25.06511962583199 -1 0 0
862.789890268034 30.56970678179529 -1 0 0
868.6247526533551 33.26695448821731 -1 0 0
876.9917251304194 20.496312286382445 -1 0 0
887.2853031120708 16.533009534088865 -1 0 0
884.2577801762909 23.964202194639324 -1 0 0
878.092642561612 27.9275049469329 -1 0 0
885.6339269652817 29.799064579960422 -1 0 0
905.7256700845478 33.78989026803383 -1 0 0
907.046771001979 12.65227558913475 -1 0 0
900.9917251304194 15.184385680877865 -1 0 0
903.7440187084011 9.349523295556768 -1 0 0
912.000899442346 12.65227558913475 -1 0 0
906.606404029502 22.89080769922649 -1 0 0
896.5880554056488 30.597229717575114 -1 0 0
897.468789350603 44.468789350602634 -1 0 0
880.6247526533552 60.98255081849254 -1 0 0
884.3678719194102 91.47796366252923 -1 0 0
912.000899442346 63.40456916711639 -1 0 0
920.4779636625294 70.67062421298795 -1 0 0
922.6797985249148 45.2394315524375 -1 0 0
940.6706242129878 15.62475265335494 -1 0 0
928.3403489836302 13.202734304731077 -1 0 0
946.1752113689513 16.285303112070526 -1 0 0
943.6431012772082 30.597229717575114 -1 0 0
955.5330095340888 27.184385680877867 -1 0 0
950.7990645799605 46.89080769922649 -1 0 0
955.6431012772082 57.12933980931823 -1 0 0
972.7073214606943 41.05594531390538 -1 0 0
970.6155783414283 25.533009534088876 -1 0 0
965.8816333872999 12.872459075373287 -1 0 0
985.2577801762907 13.97337650656594 -1 0 0
983.9366792588596 26.08346824968521 -1 0 0
991.8632847634466 32.468789350602634 -1 0 0
999.2394315524374 21.349523295556768 -1 0 0
1009.5880554056484 17.166037057024663 -1 0 0
1017.6247526533549 14.413743479043 -1 0 0
1002.9825508184925 51.18438568087785 -1 0 0
1005.1843856808779 61.202734304731074 -1 0 0
979.7715416441806 9.98255081849254 -1 0 0
990.6155783414283 5.193559992804462 -1 0 0
1015.0008994423457 5.248605864364096 -1 0 0
772.4779636625293 8.730257240510879 -1 0 0
555.459615038676 130.2853031120705 -1 0 0
546.6522755891348 184.45044072674943 -1 0 0
579.2394315524375 175.20273430473108 -1 0 0
506.87245907537334 102.10181687353835 -1 0 0
578.6522755891348 101.6614499010613 -1 0 0
595.3862205432632 95.49631228638239 -1 0 0
624.4504407267494 109.58805540564845 -1 0 0
655.7164957726211 95.49631228638239 -1 0 0
571.1660370570247 25.533009534088876 -1 0 0
559.3862205432632 17.93667925885952 -1 0 0
570.2577801762907 9.115578341428312 -1 0 0
584.8724590753733 8.812826047850328 -1 0 0
584.2944774239971 4.766954488217301 -1 0 0
580.3862205432632 2.89539485518978 -1 0 0
574.6614499010614 3.225670084547578 -1 0 0
590.6522755891348 11.427504946932899 -1 0 0
551.019248066199 8.234844396474184 -1 0 0
556.1935599928046 6.528422378125558 -1 0 0
562.5238352221623 3.36328476344666 -1 0 0
469.82658751574036 7.560532469868683 -1 0 0
486.0651196258321 7.560532469868683 -1 0 0
493.3862205432633 6.734844396474184 -1 0 0
500.1568627450982 6.789890268033818 -1 0 0
476.5972297175752 19.285303112070515 -1 0 0
507.20273430473117 4.106404029501703 -1 0 0
501.3128260478504 3.3357618276668424 -1 0 0
511.1935599928046 4.574293937758585 -1 0 0
508.7990645799605 7.959615038676016 -1 0 0
513.6155783414284 8.042183846015465 -1 0 0
521.4596150386761 7.877046231336569 -1 0 0
523.9642021946394 4.877046231336566 -1 0 0
515.2119086166578 2.8403489836301454 -1 0 0
554.8174132038138 16.037596690052165 -1 0 0
612.9183306350064 3.858697607483357 -1 0 0
610.8816333873 6.060532469868677 -1 0 0
605.3220003597771 5.6752113689512464 -1 0 0
596.184385680878 4.711908616657667 -1 0 0
601.8816333873 3.0605324698686744 -1 0 0
616.276128800144 9.500899442345741 -1 0 0
610.6889728368413 15.418330635006294 -1 0 0
531.3128260478502 2.6889728368412262 -1 0 0
522.5054865983088 1.588055405648536 -1 0 0
549.3678719194098 3.3495232955568044 -1 0 0
547.6064040295016 8.854110451520112 -1 0 0
535.4963122863822 3.1293398093182665 -1 0 0
540.1201654973914 2.9091563230797286 -1 0 0
544.9642021946391 2.9091563230797286 -1 0 0
627.7531930203272 2.6889728368412262 -1 0 0
629.0742939377584 6.872459075373305 -1 0 0
621.8082388918868 10.835761827666882 -1 0 0
635.4596150386759 7.312826047850382 -1 0 0
640.9642021946391 5.331174671703611 -1 0 0
750.6155783414282 2.6889728368412262 -1 0 0
758.1018168735382 6.6522755891348035 -1 0 0
759.4229177909694 2.24860586436415 -1 0 0
767.5697067817952 4.670624212987997 -1 0 0
771.0926425616116 4.890807699226535 -1 0 0
938.4320921028961 3.3495232955568044 -1 0 0
945.6981471487677 2.9091563230797286 -1 0 0
960.4504407267494 3.1293398093182665 -1 0 0
949.8816333872999 2.6889728368412262 -1 0 0
549.6150567250314 31.46121057118501 -1 0 0
546.8324480293793 28.99967210964654 -1 0 0
544.1568627450984 31.996327628041193 -1 0 0
577.334120270182 19.260541674863934 -1 0 0
587.8224145845633 1.0665617417535567 -1 0 0
555.6083677618208 0.9595383303823266 -1 0 0
532.8123811397472 7.487966424027802 -1 0 0
529.60167879861 6.417732310315431 -1 0 0
508.08997311299134 28.250508230047878 -1 0 0
504.45117712636926 29.213718932389018 -1 0 0
535.9160600695132 28.464555052790352 -1 0 0
375.5949898353994 18.297330972522783 -1 0 0
423.32743130697133 15.300675454128127 -1 0 0
385.6551905042957 45.16020722670338 -1 0 0
840.5046888320549 28.946160403960924 -1 0 0
926.9796052200147 35.795658731720124 -1 0 0
996.5448226113188 27.287297527706727 -1 0 0
459.9294379959343 20.223752377205056 -1 0 0
